0 18 6 29 6 32 3 0
1 51 31 51 33 43 2 1
1 38 41 35 43 37 1 2
0 43 45 64 50 49 3 3
1 115 31 57 32 51 1 4
0 48 53 41 58 21 3 5
0 32 60 25 58 27 3 6
1 112 35 14 30 18 1 7
1 141 59 29 42 43 1 8
0 133 66 38 64 43 3 9
1 38 70 64 72 62 1 10
1 44 70 70 72 72 2 11
1 135 5 67 3 68 2 12
1 31 67 39 62 54 1 13
1 74 58 50 56 51 2 14
1 135 41 35 38 46 1 15
0 49 68 69 70 72 3 16
1 66 58 20 55 21 6 17
1 105 42 56 40 63 1 18
0 90 52 78 58 75 3 19
0 10 38 24 43 29 5 20
1 80 34 41 27 50 1 21
0 49 53 48 49 50 3 22
1 94 59 31 60 33 1 23
1 31 68 26 68 23 1 24
1 65 67 41 60 52 1 25
1 48 90 38 88 45 5 26
1 74 47 20 49 19 2 27
1 24 55 22 47 30 4 28
1 28 98 23 98 20 1 29
0 52 36 14 41 11 3 30
0 61 92 26 91 42 3 31
0 106 58 49 62 45 3 32
1 79 32 54 30 59 1 33
0 64 25 42 31 43 3 34
0 33 62 34 58 36 3 35
1 26 56 50 49 77 1 36
1 65 30 58 19 54 5 37
0 64 61 32 60 39 3 38
0 73 46 3 33 4 3 39
1 25 70 73 73 67 1 40
1 72 57 38 61 33 3 41
1 72 86 4 88 3 1 42
0 61 49 19 47 20 3 43
0 129 55 58 53 59 3 44
0 73 68 77 68 73 3 45
1 82 55 45 52 52 2 46
1 24 38 39 33 58 6 47
1 135 5 69 6 65 1 48
0 5 67 38 65 40 3 49
0 48 56 2 61 2 3 50
0 78 48 2 45 2 3 51
0 102 49 19 39 17 3 52
0 35 51 27 52 24 5 53
1 41 44 60 50 46 1 54
1 21 45 33 44 37 2 55
0 64 30 50 30 46 3 56
0 121 43 19 40 21 6 57
1 77 64 1 54 1 1 58
1 74 43 18 22 16 1 59
1 66 70 32 68 36 5 60
1 93 44 26 45 28 5 61
1 40 50 65 50 49 1 62
0 97 32 44 31 49 3 63
1 136 69 74 51 75 1 64
0 18 55 50 21 49 3 65
0 26 55 56 55 52 3 66
1 63 55 52 53 45 2 67
0 23 62 48 67 45 3 68
0 49 71 39 69 40 3 69
0 23 69 68 69 71 3 70
1 127 38 12 43 11 4 71
0 46 54 49 41 40 4 72
1 119 47 20 43 24 1 73
0 140 71 71 66 74 3 74
0 93 6 28 6 32 3 75
1 32 31 45 29 51 2 76
0 132 53 39 58 39 3 77
1 28 29 66 27 44 1 78
1 74 50 78 55 76 1 79
0 7 29 55 27 58 4 80
0 51 59 19 52 19 3 81
0 76 40 36 39 27 3 82
1 113 43 4 48 3 1 83
1 54 5 69 6 65 1 84
0 136 54 45 50 43 3 85
1 37 90 37 90 43 1 86
1 102 60 35 57 38 5 87
0 65 33 46 30 47 3 88
1 62 58 37 57 29 1 89
0 36 61 29 60 31 5 90
0 131 62 16 58 16 3 91
0 74 52 77 99 67 3 92
0 106 61 39 62 35 3 93
0 82 53 48 48 54 3 94
0 53 64 16 60 18 3 95
0 116 48 19 45 20 3 96
0 42 55 38 39 49 3 97
1 123 32 57 33 49 3 98
1 103 58 45 50 47 4 99
0 83 47 58 33 57 3 100
0 116 6 52 5 58 3 101
1 100 46 77 49 71 1 102
0 6 54 43 56 41 3 103
1 110 68 36 66 35 1 104
0 65 80 4 70 6 6 105
1 72 62 46 71 29 1 106
1 46 5 28 5 24 3 107
1 109 5 67 6 61 1 108
0 20 81 5 78 6 3 109
0 48 40 12 35 14 3 110
1 34 57 74 61 70 2 111
1 72 49 54 51 51 1 112
0 112 61 18 58 15 4 113
0 83 3 96 2 98 3 114
0 42 36 16 64 17 5 115
1 26 61 32 55 42 1 116
0 121 6 23 5 36 3 117
0 75 28 41 29 54 3 118
1 105 39 12 37 13 3 119
0 111 6 32 6 29 3 120
0 37 87 3 85 4 3 121
0 64 40 12 38 13 6 122
1 113 54 50 53 40 3 123
1 34 55 74 58 75 2 124
1 120 52 47 49 52 4 125
0 104 49 49 52 54 3 126
1 143 66 93 61 92 1 127
0 64 86 95 88 92 3 128
1 122 56 80 49 81 1 129
0 55 92 28 91 32 3 130
1 14 70 33 64 44 1 131
1 7 6 50 6 61 1 132
0 107 6 64 5 70 3 133
0 128 61 31 63 29 3 134
0 101 67 43 36 15 3 135
1 55 57 38 60 41 1 136
0 70 68 34 51 39 3 137
0 124 90 36 92 28 3 138
1 32 30 45 31 40 1 139
1 64 40 13 42 12 1 140
1 141 55 49 48 61 1 141
1 132 69 42 70 44 1 142
0 40 32 44 30 48 3 143
0 21 61 26 53 37 3 144
0 137 29 33 30 53 3 145
0 23 60 27 57 26 4 146
0 112 41 11 37 13 5 147
1 74 31 45 31 42 1 148
0 136 6 49 5 63 5 149
1 39 52 31 47 29 1 150
0 110 54 43 53 39 3 151
1 52 40 38 36 48 1 152
1 39 70 39 69 41 5 153
1 33 46 2 49 2 2 154
1 48 45 11 41 13 1 155
1 30 43 12 40 13 2 156
0 56 51 49 47 56 3 157
1 13 69 38 69 42 1 158
0 66 32 49 32 55 3 159
1 46 58 51 52 60 1 160
0 136 58 38 32 42 3 161
0 115 53 30 54 26 3 162
0 125 49 57 48 60 3 163
0 89 6 68 3 68 3 164
0 78 33 45 27 48 3 165
0 134 5 46 6 42 3 166
1 120 51 47 50 55 1 167
1 14 98 17 98 10 1 168
0 47 62 41 55 30 3 169
0 20 57 29 50 37 3 170
0 72 69 37 69 34 3 171
0 1 49 28 47 31 3 172
1 35 49 38 45 48 1 173
1 32 42 12 37 14 1 174
0 75 70 35 49 45 3 175
0 111 6 19 6 16 3 176
0 0 98 20 98 17 3 177
0 119 67 50 66 45 3 178
0 28 53 49 49 57 5 179
1 41 82 6 80 5 1 180
1 14 28 25 56 40 1 181
1 28 67 33 59 61 1 182
1 124 55 2 63 1 1 183
0 29 88 93 85 92 3 184
1 82 70 71 68 72 5 185
1 95 49 50 53 53 1 186
0 116 6 65 5 71 4 187
0 95 68 73 71 74 3 188
1 104 72 37 67 48 1 189
1 37 6 47 5 67 5 190
0 20 27 50 29 52 3 191
1 9 87 4 84 4 2 192
1 43 83 4 80 5 1 193
1 76 68 40 64 49 3 194
1 90 69 73 66 74 2 195
0 40 65 40 63 20 3 196
0 1 56 19 59 19 3 197
0 142 50 27 48 34 3 198
1 25 58 28 51 29 5 199
0 108 53 34 54 31 3 200
0 110 41 4 44 4 3 201
1 89 53 50 38 52 1 202
0 16 60 44 62 46 3 203
0 32 56 62 55 65 6 204
1 93 49 57 49 51 1 205
1 35 42 29 45 28 1 206
0 135 6 42 5 53 3 207
0 19 67 41 64 56 3 208
1 116 53 16 43 22 1 209
0 70 71 68 72 70 3 210
0 41 51 53 47 58 5 211
1 67 67 93 66 91 2 212
1 104 36 15 64 46 2 213
0 83 51 37 56 34 3 214
0 90 44 50 46 51 3 215
0 87 5 37 5 40 3 216
1 38 60 22 65 6 1 217
1 84 50 20 52 18 1 218
0 114 72 68 68 72 3 219
0 115 6 63 6 67 3 220
0 78 89 31 89 36 3 221
1 98 47 44 43 39 1 222
1 123 52 17 48 21 1 223
1 123 26 63 27 67 1 224
0 66 45 34 43 38 3 225
0 53 52 19 37 24 3 226
1 69 38 58 44 65 3 227
0 96 54 33 42 41 4 228
0 102 53 44 51 50 3 229
0 2 55 80 50 80 3 230
1 109 62 32 50 36 1 231
1 118 59 17 28 16 5 232
1 42 56 42 51 36 2 233
1 97 49 27 43 34 5 234
0 64 36 42 35 44 3 235
0 77 40 45 42 34 3 236
0 75 62 37 61 24 3 237
0 128 56 31 57 29 3 238
0 38 98 16 98 24 3 239
0 8 71 30 69 45 3 240
1 52 41 35 40 37 1 241
0 64 44 12 31 12 3 242
0 132 63 53 62 51 3 243
1 127 69 69 70 72 1 244
1 24 50 51 54 42 1 245
1 25 70 72 70 69 5 246
1 104 69 74 72 66 3 247
1 143 56 49 59 43 2 248
1 71 57 73 56 76 1 249
0 47 61 18 58 18 3 250
1 1 50 19 52 18 2 251
0 33 92 21 92 29 3 252
0 111 55 48 50 51 6 253
1 34 46 4 43 4 1 254
1 124 57 36 52 41 2 255
0 130 43 3 49 2 3 256
1 92 57 18 52 19 1 257
1 126 54 32 57 42 1 258
1 129 6 49 6 52 3 259
1 25 69 73 52 75 3 260
1 60 51 53 38 52 4 261
1 65 98 10 98 15 1 262
0 65 62 58 64 47 3 263
0 77 69 73 72 67 3 264
0 5 42 4 46 4 3 265
0 88 59 41 62 40 3 266
0 32 55 47 54 44 3 267
1 23 91 37 91 40 1 268
0 16 32 44 32 34 3 269
1 64 33 43 30 45 1 270
1 0 72 39 73 30 1 271
1 63 53 30 49 32 3 272
1 67 55 80 58 80 1 273
1 8 57 18 50 20 1 274
1 0 52 21 47 30 2 275
1 88 46 2 51 2 1 276
1 130 56 48 49 60 3 277
1 22 33 49 30 52 5 278
0 52 69 41 70 39 6 279
1 88 58 54 60 50 1 280
1 78 86 94 87 90 1 281
0 98 67 73 67 76 3 282
0 74 30 59 32 47 3 283
1 45 40 12 36 13 2 284
1 97 53 27 42 29 1 285
1 8 35 55 33 58 1 286
0 66 22 38 26 40 3 287
1 4 54 28 52 27 2 288
1 73 70 6 77 6 2 289
0 63 46 4 50 3 3 290
1 93 60 1 56 2 1 291
0 23 43 35 41 32 3 292
0 88 13 10 35 26 3 293
1 30 48 40 45 50 1 294
1 134 39 37 43 37 2 295
1 84 78 4 80 5 1 296
0 56 47 56 46 47 3 297
1 91 29 47 35 40 1 298
0 103 6 64 5 66 3 299
0 73 55 21 59 18 3 300
0 8 57 30 59 29 3 301
1 97 41 4 50 2 1 302
1 42 6 44 5 37 1 303
0 79 55 19 53 11 4 304
1 61 58 80 30 79 1 305
1 104 52 33 39 35 1 306
1 77 87 3 85 4 1 307
0 32 62 51 62 47 3 308
0 137 68 33 61 32 3 309
1 60 51 49 48 56 1 310
1 75 55 49 61 35 1 311
1 75 59 57 53 71 1 312
1 102 50 21 46 19 1 313
0 76 47 58 50 58 4 314
0 0 55 38 44 49 3 315
1 29 53 45 36 34 1 316
1 91 63 45 61 47 1 317
0 112 53 81 39 81 3 318
0 82 58 29 58 40 3 319
1 66 54 19 56 18 1 320
0 72 43 56 46 58 3 321
1 48 53 45 55 43 1 322
1 53 55 32 51 25 1 323
1 96 49 50 48 53 6 324
1 143 38 14 39 12 1 325
0 120 53 40 50 48 3 326
0 102 52 17 48 19 6 327
0 17 55 53 44 62 3 328
1 122 5 61 6 64 1 329
0 143 45 52 70 32 3 330
0 128 6 39 6 28 3 331
0 57 33 46 30 52 3 332
0 80 50 1 44 2 3 333
1 90 60 28 63 21 1 334
1 13 56 26 43 36 1 335
0 108 36 13 40 12 3 336
1 16 68 39 56 30 1 337
0 18 56 55 47 88 5 338
0 91 60 39 49 48 5 339
0 64 43 12 37 13 3 340
1 46 65 94 66 92 1 341
0 140 53 37 60 33 3 342
0 129 63 38 60 39 3 343
0 48 1 21 43 72 3 344
0 19 47 42 45 47 3 345
1 66 37 41 42 33 5 346
0 38 45 29 42 35 3 347
0 64 47 4 44 4 3 348
1 45 51 80 41 80 1 349
0 78 57 36 47 36 3 350
0 131 45 50 31 55 3 351
0 73 55 33 60 28 3 352
0 65 66 38 56 42 5 353
0 16 87 4 81 2 3 354
0 57 37 13 40 12 3 355
0 35 63 1 60 1 3 356
0 143 33 45 35 40 5 357
1 128 53 27 50 31 1 358
0 31 40 58 42 69 3 359
0 4 48 24 48 19 3 360
0 136 68 77 66 75 3 361
1 78 61 42 54 42 1 362
1 135 5 69 5 73 5 363
0 115 46 3 40 3 3 364
0 94 5 41 5 46 3 365
1 96 54 45 52 43 2 366
1 19 40 29 47 29 1 367
1 22 31 57 32 50 2 368
0 121 6 34 6 31 3 369
0 117 62 44 50 78 3 370
1 46 54 75 58 75 1 371
1 124 60 42 55 51 1 372
1 56 61 34 65 39 1 373
0 66 7 41 6 51 3 374
0 20 54 47 44 50 3 375
1 104 53 43 49 49 1 376
1 122 54 81 51 80 3 377
0 49 33 41 28 48 3 378
0 140 43 32 39 38 3 379
0 122 51 32 47 29 3 380
1 66 6 51 5 65 3 381
0 59 46 45 47 50 3 382
0 114 30 46 33 50 3 383
0 51 52 53 47 54 3 384
1 143 51 80 45 80 1 385
1 112 32 46 33 48 1 386
1 59 69 37 64 56 1 387
0 24 54 39 53 43 6 388
0 17 54 49 61 36 3 389
0 128 52 29 54 28 3 390
0 87 53 43 45 51 3 391
0 68 55 39 51 46 3 392
0 128 54 30 48 31 3 393
0 75 60 30 44 22 3 394
0 65 67 41 65 43 3 395
1 27 45 46 55 55 2 396
0 0 98 17 98 20 3 397
1 22 30 63 20 50 5 398
0 50 46 33 53 53 3 399
1 115 62 30 60 23 2 400
1 81 66 94 63 93 1 401
0 16 29 53 31 50 5 402
0 59 31 50 29 56 3 403
1 47 49 4 46 3 1 404
0 75 56 42 59 43 5 405
0 94 61 29 64 21 3 406
0 116 49 20 51 19 6 407
0 122 57 47 54 43 3 408
0 96 7 45 6 56 3 409
0 137 68 41 62 49 3 410
1 4 50 27 51 31 2 411
0 78 53 76 47 81 3 412
0 74 52 62 56 51 3 413
1 12 87 4 84 3 1 414
1 60 47 58 49 47 4 415
0 121 6 34 6 25 3 416
0 78 50 49 34 43 3 417
0 10 76 4 76 7 3 418
1 129 50 56 38 53 1 419
0 8 67 93 65 91 3 420
0 74 6 37 3 31 3 421
0 143 98 19 98 22 3 422
0 12 73 68 71 72 3 423
1 5 79 5 68 5 1 424
1 18 6 42 5 36 5 425
0 102 66 75 97 65 3 426
1 69 47 71 51 59 1 427
1 118 45 4 42 4 1 428
1 55 56 73 58 75 1 429
1 9 56 46 55 41 2 430
0 99 67 77 65 75 3 431
1 48 66 50 55 72 1 432
0 66 52 25 40 45 3 433
1 103 64 32 66 25 1 434
0 39 63 35 55 50 3 435
0 132 60 34 52 44 6 436
0 132 62 40 53 43 5 437
0 54 67 93 65 92 3 438
1 12 48 43 46 11 1 439
0 5 53 47 58 34 3 440
0 17 57 72 59 70 5 441
1 38 60 50 63 43 2 442
0 22 61 31 61 34 3 443
0 44 64 36 61 39 3 444
1 141 61 50 62 46 1 445
1 80 58 37 57 39 1 446
0 121 47 52 44 55 3 447
1 65 52 58 28 22 2 448
1 23 67 39 62 47 1 449
1 13 40 14 38 13 3 450
0 52 59 61 52 62 3 451
1 95 56 47 56 37 2 452
0 79 91 37 89 35 3 453
1 24 55 80 40 80 1 454
1 72 47 67 43 64 1 455
0 70 48 67 47 71 3 456
1 76 55 30 50 24 4 457
1 13 5 48 3 38 4 458
0 100 57 64 52 69 3 459
0 13 54 43 56 44 3 460
0 88 30 49 29 52 3 461
1 66 50 28 42 27 1 462
0 92 58 27 63 21 3 463
1 28 56 73 57 76 1 464
1 37 6 47 5 60 1 465
0 23 56 39 54 40 3 466
1 91 60 71 58 73 1 467
0 82 27 49 30 44 3 468
0 21 64 31 53 25 3 469
0 16 42 12 40 13 3 470
0 92 67 41 73 30 3 471
0 105 50 52 53 50 3 472
0 108 66 94 63 96 5 473
0 57 7 48 5 80 6 474
1 59 56 41 47 40 1 475
1 125 53 46 50 50 1 476
1 121 40 38 46 34 6 477
0 131 62 1 59 1 3 478
1 139 57 25 57 30 4 479
1 136 61 26 59 27 1 480
0 22 35 28 55 25 3 481
1 55 64 16 45 25 1 482
1 114 43 54 47 50 1 483
0 53 27 56 31 44 3 484
0 44 65 16 53 14 3 485
0 36 29 65 30 60 6 486
1 54 57 60 53 59 3 487
0 78 51 80 55 80 3 488
1 1 61 17 56 18 5 489
0 45 55 39 54 43 3 490
0 105 64 54 58 42 5 491
0 6 54 77 56 76 3 492
1 81 48 2 51 2 2 493
0 66 55 41 56 39 3 494
1 108 59 37 69 33 1 495
1 97 56 44 54 47 1 496
1 128 54 25 48 29 1 497
1 86 88 93 86 94 2 498
0 80 47 4 41 4 5 499
0 53 55 31 58 25 3 500
1 15 51 19 48 21 1 501
0 94 82 4 81 6 3 502
0 11 44 64 52 38 3 503
1 119 51 84 57 76 1 504
0 44 52 30 53 33 3 505
1 114 39 37 25 32 2 506
1 38 66 80 52 75 3 507
0 120 47 87 55 79 3 508
1 41 56 48 55 44 1 509
0 19 45 21 43 26 5 510
0 110 29 58 31 51 3 511
0 3 92 27 90 37 5 512
0 123 5 47 5 44 3 513
1 140 42 59 38 53 1 514
0 35 58 37 60 43 3 515
1 128 26 55 33 48 1 516
0 143 53 19 55 18 4 517
0 57 88 93 86 94 3 518
1 38 53 49 49 57 6 519
1 22 45 4 37 4 2 520
0 32 32 48 29 49 3 521
1 105 59 46 60 43 1 522
1 102 57 30 47 38 2 523
1 118 32 42 32 46 1 524
0 113 59 30 57 21 3 525
1 72 54 39 57 40 2 526
0 13 29 53 30 51 3 527
1 41 49 20 51 19 1 528
1 53 62 35 56 38 1 529
0 16 68 36 67 48 3 530
1 96 32 48 31 50 2 531
1 96 49 52 53 55 1 532
0 109 44 4 37 4 3 533
0 47 60 44 59 47 3 534
1 60 63 43 68 39 6 535
1 55 6 61 6 67 2 536
0 102 50 61 56 49 3 537
1 98 70 34 65 22 1 538
0 0 71 32 70 36 3 539
1 83 55 22 51 29 2 540
1 108 67 73 69 72 1 541
0 91 55 48 57 41 3 542
0 83 61 27 49 38 3 543
1 124 58 77 55 74 1 544
1 128 61 28 60 24 1 545
0 31 62 1 50 1 3 546
0 68 54 40 53 42 3 547
0 79 53 16 51 15 3 548
0 77 55 18 50 20 3 549
0 57 52 46 41 44 3 550
0 121 58 52 53 57 3 551
0 22 47 50 49 49 3 552
1 143 63 17 60 16 5 553
0 138 48 21 45 22 3 554
0 67 54 80 46 80 3 555
1 20 58 26 54 31 1 556
1 117 59 44 54 42 1 557
1 96 5 68 6 34 5 558
1 45 57 80 52 80 1 559
1 9 62 16 66 16 1 560
0 8 62 19 58 19 3 561
0 4 53 29 55 22 3 562
0 68 88 92 86 95 3 563
0 53 70 73 68 68 4 564
0 117 53 45 30 78 3 565
0 32 56 40 62 32 5 566
1 135 5 69 3 65 6 567
1 84 54 32 42 32 1 568
1 82 56 42 53 46 1 569
0 0 98 19 98 24 3 570
1 104 30 14 36 28 5 571
0 74 32 46 30 50 3 572
1 32 27 51 9 40 6 573
0 35 50 32 51 26 6 574
1 77 66 75 70 72 1 575
0 109 53 75 57 73 3 576
0 141 83 4 79 7 3 577
0 63 54 47 37 65 3 578
0 34 47 43 32 57 3 579
1 82 80 6 82 5 1 580
0 53 53 43 48 53 3 581
0 47 6 38 5 75 3 582
0 72 42 12 39 12 3 583
1 111 62 43 64 41 1 584
1 61 6 29 5 44 4 585
1 17 58 38 32 42 1 586
0 19 53 30 49 30 3 587
0 87 40 38 32 53 3 588
0 133 51 44 54 47 3 589
1 15 58 39 55 29 2 590
0 52 54 39 59 28 3 591
1 11 49 80 58 71 3 592
0 10 46 2 49 2 3 593
1 113 54 34 21 22 2 594
1 46 67 43 70 35 1 595
0 44 69 37 60 50 3 596
0 130 6 55 6 59 3 597
0 100 52 21 44 18 3 598
0 19 47 19 63 18 3 599
1 68 43 34 59 28 2 600
1 130 47 3 51 2 1 601
0 110 70 36 69 38 3 602
0 57 77 6 80 6 3 603
0 48 56 29 54 30 3 604
0 100 87 3 85 5 3 605
1 65 6 33 6 36 1 606
1 101 54 48 49 49 2 607
0 128 42 12 39 13 3 608
1 93 91 37 90 51 6 609
0 113 58 33 54 32 3 610
0 93 46 28 45 30 5 611
1 94 30 61 32 49 1 612
0 60 55 24 45 33 3 613
0 1 55 80 50 80 3 614
0 18 58 54 51 76 3 615
0 67 55 80 41 80 3 616
0 130 60 45 61 42 3 617
1 19 47 42 49 43 1 618
1 74 59 46 55 51 2 619
1 71 44 56 43 58 1 620
1 100 84 94 82 93 5 621
0 136 83 4 81 7 3 622
1 137 49 67 51 37 2 623
1 44 40 36 43 30 1 624
0 66 52 29 54 39 3 625
1 39 70 39 67 42 1 626
1 92 64 44 66 46 1 627
0 57 50 79 54 80 3 628
1 103 47 41 42 39 2 629
0 128 41 13 36 13 3 630
1 114 70 42 68 43 1 631
0 82 55 46 54 49 3 632
1 27 59 17 58 19 1 633
0 108 57 51 57 47 3 634
1 33 67 93 65 95 1 635
1 91 60 38 60 41 1 636
1 10 64 42 55 28 1 637
1 103 52 76 56 75 1 638
0 30 63 21 57 28 3 639
1 108 60 24 61 22 1 640
1 135 19 58 30 31 1 641
1 74 69 35 64 44 2 642
1 104 48 28 50 29 1 643
1 102 48 20 51 20 1 644
0 29 66 29 58 37 3 645
1 126 52 35 53 32 2 646
1 16 91 33 91 26 1 647
1 86 88 93 97 92 1 648
1 105 6 40 5 58 2 649
0 88 52 41 55 39 3 650
1 74 61 18 63 17 1 651
0 125 6 54 5 58 3 652
0 37 67 42 68 38 3 653
0 40 53 44 55 41 3 654
0 66 6 48 6 57 3 655
1 39 28 58 27 47 1 656
1 17 5 69 6 66 1 657
0 37 50 27 52 24 3 658
1 11 11 22 39 13 1 659
0 83 41 72 41 69 3 660
0 11 52 50 47 59 3 661
1 87 63 49 62 47 1 662
1 74 63 17 52 19 1 663
1 104 67 33 71 30 1 664
0 3 63 1 56 2 3 665
0 26 64 44 62 50 4 666
1 110 46 44 45 52 5 667
0 57 46 4 17 2 3 668
0 126 44 2 47 2 3 669
0 97 92 29 91 35 3 670
0 28 6 47 6 62 3 671
1 107 88 93 86 95 1 672
1 109 80 5 69 6 1 673
0 16 27 49 31 43 3 674
0 89 52 47 57 44 3 675
0 72 98 17 98 27 3 676
1 46 66 93 67 89 1 677
0 107 43 36 44 27 3 678
0 123 65 94 63 96 3 679
1 35 48 53 52 49 1 680
1 108 67 33 70 18 3 681
0 72 50 50 49 54 3 682
0 119 69 39 61 38 3 683
1 92 46 54 38 49 1 684
1 124 98 18 98 26 3 685
1 24 63 69 12 60 1 686
1 35 6 40 5 45 1 687
1 22 43 31 41 34 1 688
0 13 56 80 50 80 5 689
0 100 59 26 56 37 3 690
1 113 57 25 49 20 2 691
1 50 50 31 46 30 2 692
0 48 27 49 26 52 3 693
1 23 37 13 41 13 1 694
1 111 57 80 50 80 3 695
1 41 49 65 50 62 1 696
1 48 38 12 39 14 1 697
1 56 56 35 54 41 6 698
0 9 41 70 43 66 3 699
0 16 48 3 45 4 3 700
1 48 44 57 46 46 1 701
0 105 57 43 50 57 3 702
1 132 56 50 48 53 1 703
1 105 69 42 65 20 1 704
1 20 49 51 51 64 2 705
0 95 60 53 59 57 3 706
0 128 66 41 65 39 3 707
0 72 71 37 64 52 3 708
0 70 43 62 45 64 3 709
1 69 61 92 67 92 1 710
0 5 60 19 22 16 3 711
1 5 90 36 92 27 1 712
0 69 49 2 46 3 3 713
0 130 69 33 63 48 3 714
1 94 6 67 6 61 1 715
0 141 60 22 61 25 3 716
1 52 44 2 39 3 1 717
0 103 92 32 91 27 3 718
0 113 61 51 55 64 3 719
1 80 41 12 38 13 1 720
0 133 50 55 52 50 3 721
0 32 58 49 44 56 3 722
1 86 98 21 98 14 1 723
1 78 56 80 50 80 1 724
1 140 60 37 39 40 5 725
1 40 6 41 5 30 1 726
1 53 58 37 59 35 3 727
0 18 90 37 91 33 3 728
1 6 52 49 51 47 1 729
1 17 51 31 49 34 2 730
1 97 54 22 48 19 1 731
0 0 3 31 23 32 3 732
0 66 52 45 56 40 3 733
0 130 44 24 47 21 3 734
0 38 65 76 69 75 3 735
1 97 47 30 41 31 1 736
0 126 41 37 38 42 3 737
1 68 54 37 51 32 1 738
1 31 46 57 42 61 1 739
0 97 30 47 33 41 4 740
0 107 66 93 63 92 3 741
1 125 51 80 54 80 1 742
0 81 6 46 7 44 3 743
0 74 50 25 61 23 3 744
1 33 52 19 50 20 1 745
0 98 54 26 59 28 5 746
0 136 87 91 85 96 5 747
0 37 69 38 65 44 3 748
0 108 91 33 92 29 3 749
0 59 53 40 55 44 3 750
1 21 98 11 98 5 4 751
1 66 56 34 59 41 1 752
0 29 57 46 55 44 3 753
0 33 6 33 6 37 3 754
0 35 51 46 53 43 3 755
1 99 60 29 57 35 1 756
0 54 62 47 60 46 5 757
0 100 52 80 57 80 3 758
1 64 60 29 63 21 1 759
0 132 46 3 44 4 3 760
0 43 31 45 29 47 3 761
1 52 58 44 62 36 2 762
1 74 61 50 51 36 2 763
0 38 57 35 63 26 3 764
0 25 54 40 49 43 3 765
0 13 70 35 66 32 5 766
0 31 45 2 43 3 3 767
1 64 56 31 55 33 1 768
0 116 56 80 51 81 3 769
1 23 54 38 54 41 1 770
1 121 51 48 48 68 1 771
1 88 29 55 27 54 1 772
0 48 91 35 91 25 3 773
1 51 31 51 32 46 1 774
0 80 60 36 55 42 3 775
1 51 30 55 32 44 2 776
0 127 60 2 56 2 3 777
0 137 46 2 28 2 4 778
0 38 58 27 60 28 3 779
0 100 85 94 87 93 3 780
1 88 63 30 58 37 1 781
0 62 45 48 42 58 5 782
0 97 58 73 57 75 3 783
0 120 66 46 68 39 3 784
0 77 62 1 58 1 3 785
0 140 51 70 59 54 3 786
1 0 43 45 40 47 5 787
0 36 55 48 54 46 3 788
1 66 6 46 7 37 1 789
1 91 48 49 51 53 3 790
1 36 54 25 47 30 1 791
1 92 63 34 61 36 2 792
0 130 80 6 70 6 3 793
0 132 64 93 68 90 3 794
0 21 37 13 40 12 3 795
1 52 49 37 49 54 3 796
1 54 63 31 62 29 2 797
1 59 30 43 29 46 3 798
0 8 51 19 59 18 3 799
1 126 48 61 49 52 2 800
0 0 62 37 72 46 3 801
0 20 58 43 50 48 3 802
0 92 47 41 47 44 3 803
1 65 29 54 32 50 1 804
0 65 63 51 60 60 3 805
0 98 48 20 29 24 3 806
0 40 67 35 66 37 3 807
0 57 33 52 31 47 3 808
0 8 28 47 32 46 3 809
0 123 47 3 44 3 3 810
1 28 54 75 51 81 1 811
1 97 53 45 50 52 1 812
1 14 61 16 55 19 1 813
1 10 37 41 41 37 1 814
1 12 43 18 71 31 1 815
0 13 66 31 65 35 3 816
0 132 47 4 45 3 3 817
1 130 46 4 38 4 2 818
0 95 70 69 72 70 3 819
1 40 5 71 4 76 1 820
0 65 59 26 61 27 3 821
0 112 49 64 44 64 3 822
0 143 50 18 28 16 3 823
1 115 48 2 43 2 1 824
1 40 61 18 53 19 1 825
0 81 49 28 49 34 3 826
1 13 55 58 61 41 1 827
0 22 46 70 51 53 4 828
1 92 56 43 59 20 1 829
1 7 58 43 48 49 1 830
1 1 69 42 57 33 1 831
1 38 63 47 61 46 1 832
0 103 70 72 72 70 3 833
0 24 58 44 68 16 3 834
1 123 41 37 46 29 3 835
0 77 42 11 39 12 3 836
1 44 58 38 60 37 2 837
0 95 62 31 65 28 4 838
1 96 52 80 57 80 2 839
0 51 91 26 92 31 3 840
0 88 55 42 54 39 3 841
1 25 41 24 63 19 1 842
0 119 72 32 70 34 3 843
1 46 57 2 60 2 6 844
0 53 53 49 50 49 3 845
0 27 44 45 44 51 3 846
0 116 66 93 61 92 5 847
1 21 53 38 55 39 1 848
0 133 52 51 54 50 3 849
1 71 51 27 47 30 1 850
0 69 51 84 58 75 3 851
0 104 55 42 51 41 3 852
0 104 66 40 36 15 3 853
0 102 49 2 51 1 3 854
0 52 66 45 68 48 3 855
1 14 62 30 58 37 1 856
1 139 61 1 54 2 1 857
1 84 64 32 72 16 1 858
0 83 52 46 45 42 3 859
0 82 57 35 57 42 3 860
0 21 56 51 50 49 3 861
1 87 49 51 51 50 1 862
1 81 70 73 72 74 3 863
0 80 54 36 49 37 3 864
0 38 59 24 57 31 3 865
0 60 77 6 76 8 3 866
1 66 41 44 35 55 1 867
1 3 68 42 48 44 5 868
1 38 47 2 51 2 1 869
0 135 60 16 64 16 3 870
0 21 58 29 58 32 3 871
0 46 30 14 60 22 3 872
1 9 61 33 63 36 4 873
0 31 81 5 79 6 3 874
1 106 6 52 5 59 2 875
0 18 52 62 56 46 3 876
1 53 36 31 42 35 2 877
1 104 55 43 55 38 1 878
0 40 52 40 54 39 3 879
1 139 63 1 60 1 1 880
1 0 69 38 67 40 1 881
0 35 50 26 54 24 3 882
0 23 57 31 55 29 3 883
1 77 32 47 29 53 2 884
1 18 91 36 92 27 5 885
0 52 41 35 43 36 3 886
0 83 55 41 56 39 3 887
1 4 64 44 58 54 4 888
0 22 65 42 66 0 3 889
0 0 57 37 62 35 3 890
0 54 70 38 65 46 3 891
0 100 88 93 85 94 3 892
0 52 70 36 66 42 3 893
0 82 57 41 55 39 3 894
1 70 67 72 73 67 1 895
0 30 91 37 92 34 3 896
1 133 61 37 53 25 1 897
1 58 54 54 53 46 1 898
1 109 67 38 59 38 1 899
1 137 29 66 31 61 5 900
0 22 66 73 69 74 4 901
1 143 53 75 56 74 2 902
0 111 6 32 4 27 5 903
0 127 52 46 40 46 3 904
1 53 52 44 50 39 6 905
1 53 92 26 91 34 1 906
1 129 54 16 53 14 1 907
0 121 4 39 6 31 3 908
0 96 41 11 36 13 3 909
0 88 59 32 54 41 6 910
1 28 70 37 67 41 1 911
1 143 57 44 58 42 4 912
1 82 57 44 56 47 1 913
1 18 70 40 69 35 1 914
1 34 49 34 46 49 1 915
0 55 70 6 74 6 3 916
1 80 61 70 59 63 4 917
1 46 6 42 5 66 3 918
0 19 47 55 45 51 3 919
1 25 52 2 28 2 1 920
0 104 55 43 49 48 6 921
0 0 29 51 31 45 3 922
1 143 54 75 63 69 2 923
0 63 92 26 92 35 3 924
0 108 30 50 34 22 3 925
0 91 61 46 53 47 3 926
0 33 59 38 38 54 3 927
1 67 67 93 65 94 3 928
1 98 5 67 6 63 1 929
0 109 87 3 86 5 3 930
0 113 44 2 40 4 3 931
1 33 5 38 5 33 3 932
0 118 54 16 59 14 3 933
0 110 46 48 49 44 3 934
1 61 54 29 60 40 1 935
1 126 6 54 6 63 1 936
1 116 54 56 55 54 1 937
0 135 42 34 40 36 3 938
0 133 53 46 46 32 3 939
1 95 46 2 49 2 2 940
1 47 98 22 98 19 1 941
0 9 76 6 80 5 3 942
0 74 41 20 49 16 3 943
1 132 56 29 54 42 2 944
1 48 53 50 52 46 1 945
1 19 65 93 64 96 3 946
1 124 61 50 66 42 1 947
1 62 55 61 49 69 1 948
0 32 61 49 62 47 5 949
1 87 59 55 62 47 1 950
0 18 85 13 91 13 3 951
1 36 91 32 91 28 3 952
1 85 49 67 46 63 3 953
0 85 66 49 65 52 3 954
1 27 49 30 42 18 1 955
0 80 27 42 27 35 3 956
0 74 73 32 67 50 3 957
1 23 60 33 62 34 1 958
0 13 55 80 80 80 3 959
1 27 53 39 61 61 1 960
1 29 53 80 58 74 1 961
0 137 68 39 69 33 4 962
1 96 45 11 37 13 5 963
0 113 57 28 50 35 6 964
0 47 58 37 61 43 3 965
1 112 32 17 34 15 1 966
0 10 33 49 22 57 3 967
0 48 42 13 36 14 5 968
1 116 5 69 5 72 3 969
1 143 57 33 33 42 1 970
1 4 51 18 41 18 6 971
0 38 40 44 38 42 3 972
0 44 54 43 58 45 3 973
0 93 53 34 58 28 3 974
0 138 53 76 56 77 3 975
0 21 49 29 52 25 3 976
0 17 41 33 45 36 3 977
1 79 62 30 61 37 5 978
1 85 58 74 56 77 1 979
0 79 60 33 63 31 3 980
1 130 5 34 5 37 2 981
1 21 53 38 62 40 5 982
1 115 98 31 98 19 1 983
0 112 63 47 64 43 3 984
0 102 81 6 83 4 3 985
1 59 56 24 53 23 2 986
1 33 51 18 47 22 1 987
1 69 44 4 17 2 3 988
0 142 79 6 81 5 3 989
1 6 48 61 51 59 1 990
0 41 58 80 50 80 3 991
1 53 52 56 54 42 1 992
1 49 61 40 57 47 2 993
1 38 58 29 56 30 2 994
0 10 61 45 59 48 3 995
0 85 32 45 27 48 3 996
1 52 72 39 69 38 1 997
1 66 40 36 45 32 1 998
1 113 56 26 59 28 2 999
1 62 52 47 50 57 3 1000
0 74 47 31 49 28 3 1001
1 42 49 80 54 80 1 1002
0 23 6 46 6 54 3 1003
0 135 70 38 73 37 3 1004
0 103 55 35 54 33 3 1005
0 131 53 40 55 42 3 1006
1 102 59 52 59 46 1 1007
0 20 44 19 67 43 3 1008
1 24 54 41 31 42 1 1009
0 32 62 12 59 12 3 1010
1 8 4 67 6 64 1 1011
1 132 36 42 44 46 2 1012
1 83 44 32 42 31 1 1013
0 102 43 79 43 73 3 1014
0 86 26 25 51 44 3 1015
1 132 68 40 60 62 1 1016
1 100 67 50 64 45 1 1017
0 136 6 48 7 43 5 1018
1 64 26 51 29 52 2 1019
0 13 98 20 98 25 3 1020
0 63 53 81 49 80 5 1021
1 19 46 32 54 23 5 1022
1 44 57 48 53 45 1 1023
0 70 65 75 70 72 3 1024
0 116 45 19 50 20 3 1025
0 96 29 50 31 43 3 1026
0 97 55 41 52 45 3 1027
0 12 66 39 69 40 3 1028
1 46 61 50 68 43 1 1029
1 113 68 41 66 38 1 1030
1 116 58 46 55 53 2 1031
0 52 36 42 43 37 5 1032
0 50 54 52 61 40 3 1033
1 47 7 43 7 49 1 1034
1 49 6 39 6 36 2 1035
0 103 56 18 40 21 3 1036
1 58 98 20 98 17 1 1037
1 61 40 2 46 4 1 1038
1 87 62 51 62 47 2 1039
0 143 62 69 56 74 3 1040
0 67 54 41 55 43 3 1041
1 24 28 47 27 52 1 1042
1 7 32 52 31 45 6 1043
0 132 69 38 67 51 5 1044
1 21 63 39 66 37 2 1045
0 108 58 43 45 33 3 1046
0 59 62 47 48 44 3 1047
0 11 69 39 66 41 3 1048
1 65 41 48 43 46 2 1049
0 32 52 60 47 58 3 1050
1 57 48 3 38 3 1 1051
0 105 59 17 62 17 3 1052
1 117 47 4 37 4 1 1053
1 12 67 28 61 59 6 1054
0 99 53 33 54 18 3 1055
1 132 59 36 58 43 3 1056
1 12 69 70 68 72 1 1057
0 10 42 29 43 31 3 1058
0 55 68 35 66 38 3 1059
1 20 27 60 33 49 1 1060
0 6 32 78 48 80 3 1061
0 64 36 13 30 15 5 1062
0 22 54 50 55 44 3 1063
1 107 41 35 37 41 1 1064
0 130 58 50 63 34 4 1065
1 23 56 1 58 2 1 1066
0 11 70 39 61 30 3 1067
0 33 54 47 54 40 3 1068
1 77 98 26 98 13 1 1069
0 51 70 35 66 39 3 1070
0 60 55 77 54 80 3 1071
0 49 62 49 55 54 3 1072
1 134 64 46 67 40 2 1073
1 137 60 36 62 35 5 1074
1 107 47 2 52 2 2 1075
1 40 29 47 30 44 1 1076
0 42 68 74 70 73 3 1077
1 120 54 39 56 40 1 1078
0 126 3 96 1 95 3 1079
0 100 6 37 6 42 3 1080
0 122 5 69 6 66 3 1081
1 80 31 50 32 47 2 1082
1 102 54 56 60 54 5 1083
0 19 64 45 62 46 3 1084
0 19 66 93 63 96 3 1085
1 26 51 59 56 41 1 1086
1 132 45 22 39 25 1 1087
1 48 26 38 29 38 2 1088
1 102 47 21 45 22 2 1089
0 88 79 7 81 5 3 1090
1 127 47 29 50 28 2 1091
0 55 4 39 5 47 6 1092
0 41 7 45 5 57 3 1093
0 109 51 2 47 2 3 1094
0 16 58 31 60 24 4 1095
1 29 54 43 64 34 1 1096
1 98 92 28 91 32 1 1097
0 120 59 37 57 36 3 1098
0 27 6 32 5 38 3 1099
0 99 6 54 3 44 3 1100
1 25 51 62 56 36 4 1101
1 94 58 52 51 62 1 1102
0 41 54 80 57 80 3 1103
0 32 69 34 70 43 3 1104
0 37 69 71 71 67 3 1105
0 28 98 20 98 16 3 1106
0 97 43 48 48 43 3 1107
0 43 13 23 22 45 3 1108
1 68 87 94 89 92 1 1109
1 131 56 75 51 79 1 1110
0 115 88 93 86 94 5 1111
0 111 55 80 45 80 6 1112
1 62 59 1 62 1 3 1113
0 59 45 2 49 2 3 1114
0 137 46 3 49 2 3 1115
1 133 55 16 59 19 1 1116
1 67 6 67 5 69 1 1117
0 85 60 1 63 1 3 1118
0 14 58 27 55 30 3 1119
0 127 47 30 51 27 3 1120
0 117 49 49 25 37 3 1121
1 57 46 49 33 28 1 1122
1 108 57 46 51 62 4 1123
1 18 62 38 60 30 4 1124
1 13 52 82 52 78 1 1125
1 0 69 36 65 49 4 1126
0 45 60 54 58 57 3 1127
0 102 52 55 54 52 3 1128
1 50 55 22 51 24 5 1129
0 137 44 2 28 2 6 1130
1 118 61 15 58 17 1 1131
1 93 91 18 92 27 1 1132
1 68 41 11 28 12 1 1133
0 61 60 36 51 52 3 1134
0 16 7 44 6 56 3 1135
1 52 44 34 29 35 1 1136
1 89 47 2 40 3 1 1137
0 5 57 49 52 31 3 1138
1 26 59 29 64 17 6 1139
1 51 58 25 55 36 1 1140
1 104 50 56 50 46 1 1141
1 138 47 20 45 16 1 1142
1 69 28 72 56 77 6 1143
0 117 51 59 48 67 3 1144
1 117 71 42 68 42 1 1145
1 17 6 41 6 62 1 1146
1 44 69 76 64 77 2 1147
0 90 65 93 61 95 3 1148
0 77 60 13 59 30 3 1149
0 124 92 24 85 32 3 1150
1 18 29 63 27 59 2 1151
0 130 50 76 58 46 3 1152
1 18 45 20 48 19 1 1153
0 77 58 27 56 30 3 1154
1 96 60 33 59 38 1 1155
0 115 47 3 55 2 3 1156
0 0 98 18 98 24 3 1157
0 138 56 29 54 30 4 1158
1 4 42 2 47 3 1 1159
0 88 48 38 37 42 3 1160
0 79 32 45 29 56 3 1161
1 56 41 11 39 12 1 1162
0 60 45 23 54 29 3 1163
1 68 5 37 6 25 1 1164
1 11 53 44 51 54 1 1165
0 128 34 45 26 51 6 1166
1 57 69 42 50 46 1 1167
0 126 54 41 55 44 3 1168
1 130 67 24 73 17 1 1169
1 133 54 80 52 81 6 1170
1 54 56 2 62 2 1 1171
1 133 68 40 65 45 2 1172
0 9 51 19 49 20 3 1173
1 43 27 49 32 45 1 1174
1 0 29 47 33 43 1 1175
1 80 53 77 60 77 4 1176
0 66 42 31 40 45 3 1177
1 53 54 33 49 40 1 1178
1 10 52 49 52 52 2 1179
1 66 81 5 77 7 1 1180
1 16 30 46 28 29 1 1181
1 71 63 17 55 15 3 1182
1 54 58 58 61 43 1 1183
0 27 98 21 98 24 3 1184
1 37 70 35 60 41 1 1185
1 17 36 62 53 46 1 1186
1 3 56 80 52 80 1 1187
0 125 44 63 52 55 3 1188
0 123 91 31 91 36 3 1189
0 13 56 31 50 19 3 1190
1 63 68 38 64 44 1 1191
0 142 55 54 57 57 3 1192
1 35 55 41 53 40 2 1193
0 88 57 37 58 35 3 1194
1 71 52 49 49 51 1 1195
0 84 46 23 48 20 3 1196
1 45 69 34 70 36 1 1197
0 101 4 27 6 35 3 1198
0 90 54 43 61 30 3 1199
1 64 46 51 42 70 5 1200
0 42 67 36 68 39 3 1201
1 68 47 3 45 4 3 1202
0 106 27 41 33 48 3 1203
0 4 51 77 50 79 3 1204
1 0 98 25 98 22 1 1205
0 48 39 14 27 12 3 1206
1 113 6 49 5 43 1 1207
0 42 59 28 49 46 3 1208
1 12 53 50 55 49 2 1209
0 65 80 6 99 3 5 1210
1 110 35 13 40 13 1 1211
0 55 67 39 72 29 3 1212
0 56 44 64 49 65 3 1213
1 50 48 30 54 29 1 1214
0 12 68 38 51 31 3 1215
1 12 61 22 60 14 3 1216
0 47 5 61 5 71 3 1217
1 24 39 9 43 11 1 1218
1 140 55 2 64 1 1 1219
1 82 56 2 49 2 1 1220
0 13 57 34 54 38 3 1221
0 13 55 23 47 30 3 1222
0 79 35 46 36 49 3 1223
1 47 44 4 41 4 1 1224
0 84 63 35 60 32 3 1225
1 0 33 45 32 48 1 1226
1 102 64 36 59 37 1 1227
0 66 40 38 42 39 3 1228
1 70 57 45 57 35 3 1229
1 121 41 42 37 47 1 1230
1 1 53 48 52 42 2 1231
0 8 61 46 62 49 3 1232
1 126 59 36 55 47 2 1233
1 89 69 71 70 69 5 1234
0 117 53 51 47 62 3 1235
0 118 59 19 62 19 5 1236
0 114 41 4 46 4 3 1237
1 140 61 38 56 37 1 1238
0 87 47 39 44 40 3 1239
1 105 45 21 49 19 1 1240
1 107 42 29 37 40 1 1241
1 19 49 2 28 2 1 1242
1 121 5 44 6 34 1 1243
1 15 61 2 58 2 1 1244
0 138 46 55 21 19 3 1245
1 88 41 34 42 30 1 1246
1 129 52 42 43 41 1 1247
0 132 56 73 57 75 3 1248
1 100 87 94 89 92 1 1249
1 80 55 2 61 1 1 1250
0 89 43 64 46 58 3 1251
0 93 61 1 59 2 5 1252
0 115 55 78 49 84 5 1253
0 32 67 33 65 25 3 1254
1 120 60 41 68 21 1 1255
1 37 6 49 6 52 1 1256
1 142 56 40 54 44 2 1257
1 128 43 11 41 12 1 1258
1 118 69 74 73 67 4 1259
0 102 50 52 50 63 3 1260
0 68 13 10 61 24 3 1261
0 42 53 43 52 49 3 1262
0 143 55 28 53 32 6 1263
0 77 56 2 61 1 3 1264
1 107 45 30 44 33 2 1265
0 118 38 52 37 55 3 1266
0 111 66 41 68 28 4 1267
1 57 52 42 48 39 1 1268
1 116 65 94 61 95 6 1269
1 126 52 76 57 74 1 1270
0 114 37 16 63 33 3 1271
0 22 56 35 52 40 3 1272
0 21 60 48 59 42 3 1273
0 140 52 51 57 37 3 1274
0 38 57 34 60 27 3 1275
1 60 46 28 43 35 2 1276
1 73 52 53 54 49 1 1277
0 84 29 54 28 48 3 1278
1 87 44 63 38 60 1 1279
0 11 43 44 40 38 3 1280
0 51 30 55 31 33 3 1281
0 117 53 45 59 37 3 1282
0 122 6 29 6 32 3 1283
0 104 56 18 59 19 3 1284
1 132 67 40 65 42 5 1285
0 37 6 41 6 44 3 1286
0 135 7 40 6 42 3 1287
1 46 62 44 60 53 1 1288
1 34 41 4 16 2 5 1289
0 127 27 61 30 61 3 1290
1 52 45 4 49 3 2 1291
1 33 51 49 40 48 2 1292
1 34 54 45 54 35 2 1293
0 7 29 64 32 57 5 1294
0 143 27 50 29 51 3 1295
1 37 52 45 55 42 4 1296
0 23 50 38 54 34 3 1297
0 108 32 44 33 42 6 1298
1 82 62 1 55 2 1 1299
1 41 56 53 56 50 1 1300
0 112 29 47 25 60 3 1301
1 138 68 41 57 37 2 1302
1 28 98 18 98 23 2 1303
0 19 48 34 50 28 3 1304
1 1 52 28 52 32 6 1305
1 128 59 31 59 25 1 1306
0 76 60 45 65 35 3 1307
0 43 59 34 89 24 3 1308
0 55 69 43 48 42 3 1309
1 74 57 22 52 20 1 1310
0 79 59 27 59 24 3 1311
0 73 5 68 6 66 3 1312
1 89 65 1 55 2 1 1313
0 38 37 39 39 22 6 1314
1 60 68 41 69 36 3 1315
0 92 60 45 63 55 5 1316
1 68 61 35 56 24 1 1317
1 108 58 46 54 51 2 1318
0 132 54 44 56 47 3 1319
0 104 86 94 88 93 3 1320
1 29 64 28 59 4 2 1321
0 97 52 24 50 28 3 1322
1 77 6 36 6 30 2 1323
0 31 62 2 58 1 3 1324
0 32 51 23 62 29 3 1325
0 31 91 41 92 29 3 1326
0 38 50 32 59 25 3 1327
0 76 27 25 54 42 3 1328
1 138 56 76 62 70 2 1329
1 86 45 4 28 4 5 1330
0 108 5 72 5 64 3 1331
1 39 40 68 46 50 1 1332
1 15 71 73 68 74 1 1333
1 37 53 43 53 46 1 1334
1 109 56 18 59 17 3 1335
1 98 56 30 62 27 2 1336
1 30 66 38 33 51 1 1337
1 52 29 47 30 42 1 1338
0 48 38 13 27 12 3 1339
1 42 5 38 6 40 1 1340
0 124 92 30 92 27 3 1341
1 70 57 40 51 26 2 1342
0 143 78 90 80 93 3 1343
0 84 69 33 72 13 3 1344
0 86 57 17 51 19 3 1345
0 73 84 4 86 3 3 1346
0 128 50 38 54 39 3 1347
0 137 60 34 51 49 3 1348
1 39 66 41 69 41 4 1349
1 75 61 37 42 39 1 1350
1 116 6 48 6 51 1 1351
1 136 33 57 41 37 1 1352
1 61 51 46 52 56 2 1353
1 104 56 47 59 36 2 1354
1 62 55 2 60 2 1 1355
1 39 51 37 44 33 6 1356
0 47 7 41 7 48 6 1357
1 25 48 3 45 3 1 1358
1 104 33 47 26 54 1 1359
1 69 59 32 50 25 2 1360
1 123 29 55 31 56 2 1361
1 3 92 29 91 31 3 1362
0 68 63 49 55 52 3 1363
0 80 52 48 50 44 3 1364
0 80 59 77 51 51 6 1365
0 140 68 70 72 67 3 1366
1 0 55 42 53 41 1 1367
0 53 50 51 51 55 3 1368
1 118 65 77 69 68 1 1369
0 3 60 30 52 28 3 1370
0 36 67 33 62 30 3 1371
0 62 63 1 55 2 6 1372
0 81 45 24 56 22 3 1373
0 31 62 50 61 42 3 1374
1 101 69 6 80 7 3 1375
0 48 37 42 35 46 3 1376
0 32 49 19 45 22 3 1377
0 102 64 31 60 36 3 1378
0 76 58 37 57 39 3 1379
1 95 64 94 66 92 1 1380
0 41 49 54 53 58 3 1381
1 39 69 43 62 59 1 1382
0 64 49 18 53 18 3 1383
1 12 62 26 38 33 1 1384
1 67 53 42 45 52 6 1385
1 83 47 3 45 4 1 1386
1 44 46 45 54 50 2 1387
1 3 56 26 53 31 1 1388
0 1 57 18 52 19 4 1389
0 98 59 27 56 30 5 1390
0 141 48 40 56 37 3 1391
1 141 55 49 63 36 2 1392
0 58 56 39 59 37 3 1393
1 107 6 50 5 46 1 1394
1 122 56 80 51 80 1 1395
1 10 56 37 62 34 6 1396
1 41 51 54 39 62 1 1397
1 140 44 64 45 61 1 1398
0 0 5 67 2 84 3 1399
0 90 49 48 46 41 3 1400
1 101 47 41 50 36 1 1401
1 101 88 92 86 94 1 1402
1 118 43 26 34 22 1 1403
1 18 53 42 50 55 3 1404
1 0 45 11 38 14 1 1405
0 56 53 41 53 44 3 1406
0 30 53 45 54 42 3 1407
0 98 77 6 81 5 4 1408
0 116 53 61 54 59 3 1409
1 17 51 42 56 42 1 1410
1 60 61 43 56 53 1 1411
1 66 57 18 50 22 2 1412
1 94 63 1 56 0 1 1413
1 83 52 25 46 30 1 1414
0 38 53 47 52 50 3 1415
0 69 55 53 56 51 3 1416
1 50 48 30 55 22 1 1417
1 118 60 32 32 14 2 1418
0 94 41 41 41 36 3 1419
0 111 50 80 45 80 3 1420
1 30 62 34 64 32 2 1421
1 50 89 93 87 94 2 1422
0 116 61 46 57 61 6 1423
0 6 63 18 59 18 3 1424
0 31 56 34 43 41 3 1425
1 40 32 78 60 75 1 1426
0 143 55 48 49 49 3 1427
0 51 50 82 17 65 3 1428
1 23 50 40 47 49 2 1429
0 19 42 30 50 27 3 1430
0 31 61 30 62 26 3 1431
1 130 6 26 6 30 5 1432
0 38 48 63 49 61 3 1433
1 88 59 35 55 39 2 1434
0 48 49 56 52 47 4 1435
1 64 6 33 6 43 3 1436
0 53 38 42 38 39 3 1437
0 116 42 2 45 1 3 1438
1 53 56 31 49 57 1 1439
0 6 70 69 68 71 3 1440
0 35 62 40 51 51 3 1441
1 53 58 33 60 23 1 1442
0 74 47 21 50 19 6 1443
1 41 50 78 57 73 1 1444
0 72 32 45 28 48 3 1445
0 96 52 54 52 51 3 1446
1 88 67 35 68 38 1 1447
1 114 71 75 76 57 1 1448
0 97 55 38 57 40 3 1449
0 115 45 4 30 3 3 1450
1 61 33 43 27 51 2 1451
0 71 67 39 67 44 3 1452
0 4 69 36 67 35 5 1453
0 105 42 12 39 12 4 1454
1 56 43 66 54 48 2 1455
0 45 42 2 49 2 3 1456
0 99 40 23 60 17 3 1457
0 103 55 72 57 73 3 1458
1 1 55 42 52 47 4 1459
1 69 6 29 6 34 1 1460
0 22 30 50 28 56 3 1461
0 143 56 78 47 65 3 1462
1 23 49 80 46 80 1 1463
1 38 48 2 51 2 1 1464
1 115 6 29 6 20 2 1465
1 28 66 93 62 94 6 1466
1 108 65 95 63 96 6 1467
0 89 7 49 4 89 3 1468
1 96 54 49 35 41 2 1469
1 68 56 63 60 46 2 1470
0 94 43 11 41 12 3 1471
1 53 55 44 51 58 1 1472
0 46 43 17 45 18 3 1473
0 5 31 45 32 56 3 1474
0 72 38 61 48 32 3 1475
0 67 51 80 47 81 3 1476
1 90 42 36 63 35 4 1477
1 47 34 41 31 42 4 1478
1 27 41 4 18 2 4 1479
1 104 55 40 56 42 1 1480
0 24 47 63 53 51 3 1481
1 23 65 50 63 43 5 1482
0 73 6 69 6 66 3 1483
1 81 54 58 52 63 1 1484
1 74 50 18 45 20 1 1485
0 19 82 6 79 7 3 1486
1 56 33 50 32 52 1 1487
0 121 43 57 46 53 3 1488
1 143 50 47 48 53 1 1489
1 40 44 35 47 34 1 1490
0 106 53 43 53 52 3 1491
0 60 69 38 64 46 3 1492
1 42 3 96 1 95 2 1493
0 129 52 19 56 30 3 1494
1 71 88 92 86 93 6 1495
1 68 55 49 55 40 1 1496
0 39 69 38 59 38 5 1497
1 11 48 45 46 53 1 1498
1 31 58 1 64 1 2 1499
1 97 55 45 54 52 1 1500
0 130 6 19 6 29 4 1501
0 80 91 25 91 30 3 1502
1 27 2 33 2 36 1 1503
0 134 29 33 29 36 3 1504
1 49 62 49 69 40 1 1505
1 102 49 2 42 3 1 1506
0 119 65 27 62 35 3 1507
1 14 28 16 22 17 1 1508
1 29 66 42 64 45 1 1509
0 36 82 6 69 5 3 1510
1 111 47 69 55 51 1 1511
0 27 5 67 6 65 3 1512
1 88 48 19 45 20 5 1513
1 131 41 34 37 41 3 1514
0 0 54 49 50 59 5 1515
1 26 54 53 54 42 4 1516
1 8 45 64 42 60 1 1517
1 98 69 37 55 58 1 1518
1 74 57 61 47 59 6 1519
1 115 59 77 13 60 6 1520
0 19 51 29 50 25 6 1521
0 83 52 32 56 25 3 1522
0 68 49 38 53 40 3 1523
1 50 55 39 65 36 1 1524
0 72 54 40 49 57 3 1525
0 98 67 35 66 39 3 1526
1 33 54 42 53 50 1 1527
1 46 65 45 45 64 2 1528
1 36 30 51 29 54 2 1529
0 18 49 2 52 1 3 1530
0 53 32 48 25 59 3 1531
1 102 60 31 58 38 1 1532
0 142 30 46 32 48 3 1533
1 46 47 3 44 4 1 1534
1 3 91 36 92 29 4 1535
0 133 57 41 58 39 3 1536
0 6 92 31 92 27 3 1537
1 126 56 40 55 43 1 1538
1 90 98 20 98 12 1 1539
0 24 40 45 33 59 5 1540
0 38 13 10 52 20 3 1541
0 130 61 42 57 51 3 1542
0 85 32 47 30 50 4 1543
0 121 38 40 42 34 6 1544
0 108 55 38 57 18 3 1545
1 118 52 36 59 30 4 1546
1 137 5 67 4 69 2 1547
1 45 40 37 43 36 1 1548
1 50 50 29 51 26 2 1549
1 73 62 40 58 48 3 1550
0 16 67 38 70 31 5 1551
1 127 55 29 57 28 2 1552
0 1 54 20 58 19 3 1553
0 57 60 71 57 71 3 1554
0 72 44 64 47 56 3 1555
0 120 45 4 35 4 3 1556
1 124 61 46 63 49 1 1557
1 54 65 39 55 54 1 1558
1 129 50 38 40 34 1 1559
1 115 5 69 5 73 2 1560
1 83 43 34 42 30 1 1561
0 111 54 47 52 43 5 1562
1 52 40 34 42 20 3 1563
1 21 60 45 62 48 1 1564
0 119 30 42 33 45 3 1565
0 70 62 72 71 72 3 1566
0 36 53 1 49 2 3 1567
1 19 52 25 54 26 1 1568
1 129 98 22 98 29 1 1569
1 67 56 16 57 18 1 1570
1 86 53 58 53 55 3 1571
0 105 56 18 52 20 3 1572
0 38 59 28 55 27 3 1573
0 52 44 18 43 22 3 1574
1 28 53 24 55 26 3 1575
1 84 37 31 68 16 1 1576
0 111 6 35 6 25 6 1577
0 2 56 80 52 80 3 1578
0 23 46 3 42 4 5 1579
1 32 56 43 53 53 1 1580
0 61 59 43 41 41 3 1581
0 64 84 4 81 3 4 1582
0 50 64 76 70 72 3 1583
1 60 60 41 59 36 1 1584
1 79 35 11 41 11 1 1585
1 116 55 67 56 53 5 1586
0 121 40 46 37 40 3 1587
1 91 49 47 52 45 1 1588
0 121 68 45 68 36 3 1589
0 3 6 29 6 40 3 1590
1 126 14 11 60 29 1 1591
0 91 71 33 71 41 3 1592
1 140 69 74 72 71 1 1593
0 102 51 46 55 44 3 1594
0 143 60 49 59 47 3 1595
1 105 69 38 70 45 6 1596
1 107 43 36 37 40 5 1597
0 46 52 19 46 15 3 1598
0 90 7 45 6 38 3 1599
1 101 67 42 58 38 1 1600
0 113 42 2 46 2 3 1601
1 128 31 43 32 46 6 1602
1 140 64 43 68 42 1 1603
0 78 53 46 52 60 3 1604
0 5 12 60 29 67 5 1605
1 52 40 44 31 39 1 1606
1 21 29 12 32 12 2 1607
1 72 59 14 57 12 1 1608
0 102 6 33 6 17 5 1609
0 13 54 44 49 50 3 1610
1 130 62 47 65 40 6 1611
1 56 68 42 68 39 2 1612
0 95 71 74 71 71 3 1613
1 5 69 44 66 41 1 1614
1 54 62 41 55 54 1 1615
1 55 5 70 6 68 1 1616
1 93 6 34 5 37 3 1617
1 44 6 37 5 39 2 1618
1 57 44 53 47 50 1 1619
1 12 6 22 6 38 2 1620
1 33 41 13 40 11 2 1621
0 44 49 52 46 60 3 1622
0 139 55 41 51 35 3 1623
1 133 55 33 64 21 1 1624
0 56 52 46 37 40 3 1625
0 60 6 39 5 37 3 1626
1 130 59 56 64 37 1 1627
1 65 6 34 6 30 5 1628
1 95 50 69 57 75 1 1629
0 16 35 14 41 12 3 1630
0 67 42 33 41 36 3 1631
1 29 42 38 45 34 2 1632
0 143 48 16 57 18 5 1633
0 56 62 1 57 2 3 1634
1 79 72 32 66 42 2 1635
1 66 6 57 6 42 2 1636
0 33 56 29 60 29 3 1637
0 109 50 16 59 24 3 1638
1 15 59 2 63 1 1 1639
1 126 52 30 52 27 1 1640
0 88 53 43 54 47 3 1641
0 110 45 63 49 59 3 1642
0 97 43 33 46 28 3 1643
0 134 60 14 59 2 3 1644
1 50 88 91 85 90 5 1645
1 43 59 47 62 46 1 1646
1 37 7 46 5 80 1 1647
0 41 57 60 47 56 3 1648
0 51 29 54 30 52 3 1649
1 57 55 26 47 29 3 1650
0 73 52 63 49 58 3 1651
1 111 47 56 45 60 1 1652
0 83 63 29 65 28 3 1653
0 123 41 4 73 3 3 1654
0 96 6 28 6 31 3 1655
1 62 58 19 55 18 1 1656
1 23 54 39 46 52 5 1657
1 121 59 25 61 26 1 1658
0 87 39 4 36 5 3 1659
0 129 60 15 61 18 3 1660
0 16 34 45 31 49 5 1661
0 94 40 37 42 38 3 1662
0 32 68 37 58 37 3 1663
1 18 91 30 92 28 1 1664
0 74 40 77 61 69 5 1665
1 138 58 40 54 42 1 1666
0 127 59 25 57 31 3 1667
1 24 48 70 48 66 1 1668
0 114 53 81 46 80 3 1669
0 74 6 30 5 45 3 1670
1 28 42 60 44 54 1 1671
0 22 33 53 33 50 3 1672
1 55 71 68 71 71 1 1673
1 21 32 53 15 51 4 1674
1 104 63 31 63 34 5 1675
1 58 57 48 40 55 1 1676
0 86 55 75 53 79 3 1677
1 112 42 11 44 12 4 1678
0 86 53 50 52 46 3 1679
0 56 57 41 60 38 3 1680
1 88 55 39 61 37 5 1681
0 21 56 28 57 25 3 1682
0 117 46 63 43 63 3 1683
1 91 6 28 5 37 2 1684
1 85 6 41 5 56 2 1685
0 73 36 4 33 4 3 1686
0 48 39 12 42 12 3 1687
0 65 91 18 92 31 3 1688
1 108 62 1 59 1 2 1689
0 139 59 1 62 1 3 1690
0 125 59 17 63 17 3 1691
1 97 59 48 50 59 1 1692
1 87 5 37 6 34 1 1693
0 75 51 48 45 70 4 1694
1 83 49 38 41 71 1 1695
1 52 61 35 51 28 1 1696
1 105 91 22 92 29 3 1697
0 108 30 55 31 52 3 1698
1 73 64 32 60 38 3 1699
1 116 56 30 57 34 3 1700
1 87 92 27 91 34 1 1701
1 43 62 45 61 49 1 1702
1 16 62 2 55 2 1 1703
0 85 92 27 88 31 3 1704
0 24 59 24 59 27 3 1705
0 57 52 50 51 48 3 1706
1 93 89 36 89 31 1 1707
0 15 62 1 58 2 3 1708
0 0 44 11 42 12 3 1709
1 98 58 72 58 75 2 1710
0 81 70 73 61 73 3 1711
0 128 59 30 54 33 3 1712
1 97 48 59 55 41 5 1713
1 106 55 39 42 45 1 1714
1 142 6 44 6 51 1 1715
1 24 62 36 60 38 1 1716
1 25 69 32 68 48 2 1717
0 24 56 80 53 80 3 1718
1 48 44 67 42 62 1 1719
0 81 5 63 5 58 6 1720
0 132 54 34 42 48 3 1721
1 14 58 38 60 41 3 1722
0 50 50 26 53 26 4 1723
1 4 35 4 30 4 1 1724
0 70 70 73 51 74 3 1725
1 125 81 5 83 4 1 1726
1 55 87 3 85 4 2 1727
1 77 61 39 44 65 1 1728
0 40 6 67 4 66 3 1729
0 52 71 41 74 34 3 1730
0 89 98 15 98 7 3 1731
1 115 45 48 46 46 3 1732
0 98 47 49 46 45 3 1733
0 32 31 45 34 45 3 1734
1 44 57 39 50 49 2 1735
1 97 54 42 54 47 1 1736
0 61 56 30 59 32 4 1737
0 68 67 48 37 16 3 1738
1 96 37 55 38 52 1 1739
0 69 66 39 63 42 3 1740
0 23 51 34 52 38 5 1741
0 105 64 31 57 46 3 1742
0 19 64 76 70 72 3 1743
1 2 51 50 50 52 2 1744
1 107 38 29 43 29 5 1745
0 137 29 55 30 51 3 1746
1 37 6 52 6 57 1 1747
0 6 58 37 60 35 3 1748
1 6 71 38 69 40 1 1749
1 74 49 80 45 80 4 1750
1 120 60 37 55 34 2 1751
0 124 42 35 43 39 3 1752
1 35 60 23 57 29 1 1753
1 35 68 41 66 24 1 1754
0 81 60 51 59 54 3 1755
1 56 49 54 38 92 2 1756
0 13 71 41 71 44 4 1757
0 139 5 43 5 39 3 1758
1 64 61 33 54 63 2 1759
0 50 62 39 60 36 3 1760
1 56 46 3 40 3 2 1761
0 75 56 36 57 38 3 1762
0 142 67 36 66 39 3 1763
1 16 66 44 65 42 6 1764
0 90 49 56 50 64 3 1765
1 74 50 18 47 20 1 1766
0 94 87 3 86 5 4 1767
1 46 64 1 61 1 1 1768
0 48 30 47 29 45 3 1769
1 89 6 29 6 36 1 1770
1 56 64 37 61 41 1 1771
1 40 84 6 86 5 1 1772
0 138 36 14 40 12 3 1773
0 43 89 49 89 57 3 1774
1 76 37 42 44 36 1 1775
0 141 54 49 51 52 3 1776
0 93 55 36 53 55 3 1777
0 4 30 55 28 58 3 1778
1 129 58 38 31 13 1 1779
1 92 54 76 13 61 1 1780
0 31 49 28 47 30 3 1781
0 30 55 41 62 35 3 1782
0 10 65 41 68 35 3 1783
1 5 46 20 48 19 1 1784
0 13 5 69 5 63 3 1785
0 108 54 2 64 1 6 1786
0 74 71 34 68 39 3 1787
1 88 56 39 55 41 1 1788
0 32 68 33 71 36 5 1789
0 24 50 61 43 64 3 1790
0 72 56 40 61 31 6 1791
0 8 59 27 43 30 3 1792
1 47 25 55 20 51 1 1793
1 32 42 58 46 55 1 1794
1 53 51 59 50 38 1 1795
1 68 58 32 57 34 1 1796
1 89 48 54 51 44 1 1797
1 135 37 31 44 29 1 1798
0 127 43 67 47 53 5 1799
0 135 6 66 3 99 3 1800
1 74 37 2 44 2 1 1801
0 15 30 50 31 48 4 1802
1 24 57 51 42 52 1 1803
1 98 52 36 48 37 5 1804
1 120 62 34 58 33 2 1805
0 79 42 32 44 31 3 1806
0 4 79 5 80 7 3 1807
1 13 67 34 66 36 1 1808
0 79 36 42 43 36 5 1809
0 122 46 80 50 81 3 1810
0 79 69 37 71 31 3 1811
1 85 5 67 6 65 1 1812
0 39 54 51 56 45 3 1813
1 135 33 38 32 27 1 1814
0 99 46 20 51 19 3 1815
1 44 59 40 68 43 5 1816
0 86 98 21 98 15 3 1817
1 32 27 60 32 50 1 1818
1 120 52 39 62 32 5 1819
1 22 45 54 32 57 2 1820
0 115 55 73 60 73 3 1821
0 130 61 34 55 45 3 1822
0 88 56 48 52 52 3 1823
0 125 98 22 98 19 3 1824
0 106 55 26 52 26 3 1825
1 71 46 48 39 47 1 1826
1 1 54 49 46 62 2 1827
0 114 44 2 62 0 3 1828
0 109 61 22 49 35 3 1829
1 109 30 61 18 52 1 1830
1 46 5 40 4 53 2 1831
1 122 67 35 70 32 1 1832
0 20 47 51 44 55 3 1833
0 140 51 75 64 80 3 1834
0 107 62 39 58 35 3 1835
0 14 46 44 46 41 3 1836
1 117 42 3 50 2 4 1837
0 53 61 92 63 93 3 1838
1 119 64 31 60 40 1 1839
1 16 43 11 39 12 2 1840
0 143 41 13 39 12 3 1841
0 38 50 44 52 42 3 1842
0 123 86 4 80 2 4 1843
1 101 57 45 47 56 1 1844
0 86 98 25 98 17 3 1845
0 28 98 20 98 34 3 1846
1 127 66 1 63 1 2 1847
0 127 30 14 56 22 3 1848
1 118 6 47 6 35 1 1849
1 92 46 60 52 53 2 1850
0 45 59 73 60 76 3 1851
0 111 61 37 62 35 3 1852
0 46 87 4 79 3 3 1853
0 88 54 58 45 56 3 1854
0 86 82 5 75 6 3 1855
1 105 52 81 48 80 1 1856
1 4 55 26 51 27 2 1857
1 139 5 39 5 62 1 1858
0 129 59 29 58 27 3 1859
0 139 78 6 80 5 3 1860
1 18 92 28 91 32 1 1861
0 49 67 42 58 29 3 1862
1 93 56 50 59 44 1 1863
0 95 68 43 63 45 3 1864
1 34 47 4 45 3 2 1865
1 96 67 34 59 65 1 1866
0 136 6 41 6 25 5 1867
0 64 35 10 44 10 3 1868
0 53 62 50 60 53 3 1869
0 100 63 57 65 51 3 1870
1 126 57 72 55 74 5 1871
1 60 50 20 46 22 5 1872
0 114 91 36 92 26 3 1873
1 125 57 45 54 59 1 1874
1 94 98 15 98 20 1 1875
0 105 68 48 71 38 3 1876
0 32 58 72 50 79 3 1877
1 114 53 47 61 42 2 1878
0 17 56 73 57 75 3 1879
1 27 6 37 6 34 5 1880
0 78 54 80 57 80 3 1881
0 7 6 46 6 54 3 1882
1 37 7 38 5 58 6 1883
0 25 42 36 41 32 3 1884
1 1 56 45 57 42 1 1885
0 74 14 1 42 2 5 1886
1 43 53 40 47 65 2 1887
1 121 42 59 45 54 3 1888
1 118 47 46 47 50 1 1889
1 118 45 31 52 27 1 1890
1 83 55 32 55 28 1 1891
0 54 60 45 50 49 3 1892
1 142 87 4 83 4 1 1893
0 97 64 52 65 47 3 1894
1 111 75 6 80 7 1 1895
0 78 30 45 22 47 3 1896
1 140 72 68 40 57 1 1897
0 118 51 36 49 38 3 1898
0 29 67 36 59 44 3 1899
1 77 60 2 57 2 1 1900
1 94 59 37 61 38 1 1901
1 20 68 41 67 39 5 1902
0 5 48 3 45 4 3 1903
0 14 61 35 61 31 3 1904
0 59 91 33 91 29 4 1905
0 120 60 31 63 36 3 1906
0 73 50 26 45 53 3 1907
1 59 23 63 59 41 1 1908
0 117 62 33 61 35 3 1909
0 11 81 6 68 3 3 1910
0 54 4 69 6 66 6 1911
0 38 53 38 46 52 3 1912
1 97 47 57 46 59 1 1913
1 96 30 44 24 38 3 1914
1 9 56 43 53 47 1 1915
0 14 55 26 51 31 3 1916
0 117 59 36 61 40 3 1917
0 87 62 48 56 37 3 1918
1 65 60 43 57 48 1 1919
1 97 54 44 54 24 5 1920
0 102 51 50 49 56 3 1921
1 93 67 74 69 73 1 1922
0 131 33 42 31 52 3 1923
1 85 53 43 52 45 1 1924
1 12 55 31 56 29 2 1925
0 11 43 4 39 4 3 1926
0 46 6 31 6 21 3 1927
0 68 55 26 55 30 3 1928
1 135 5 69 6 66 5 1929
1 130 57 53 62 43 4 1930
0 135 44 78 50 67 3 1931
0 111 58 49 59 46 3 1932
1 2 33 49 27 57 1 1933
1 19 55 41 52 43 2 1934
1 59 49 2 34 2 6 1935
0 88 43 3 47 2 3 1936
1 36 67 41 60 43 1 1937
0 14 46 27 39 39 3 1938
0 135 68 36 68 33 3 1939
1 102 72 67 39 58 1 1940
0 65 60 30 58 58 3 1941
0 14 98 18 98 22 3 1942
0 111 54 40 49 30 3 1943
1 59 50 2 45 3 1 1944
0 139 6 36 6 33 3 1945
1 41 6 52 5 82 2 1946
0 143 98 21 98 16 3 1947
0 130 6 41 6 32 3 1948
0 14 98 20 98 11 6 1949
1 119 55 42 54 39 1 1950
0 125 49 2 52 2 3 1951
0 108 29 63 27 68 3 1952
1 121 35 48 43 33 1 1953
1 106 49 81 56 80 3 1954
0 3 55 72 58 73 3 1955
1 85 54 18 53 20 1 1956
0 77 59 2 56 2 3 1957
0 44 71 42 75 30 3 1958
0 26 49 56 45 58 3 1959
1 33 45 20 54 17 1 1960
0 26 47 72 46 70 3 1961
0 66 37 41 28 35 5 1962
0 26 35 13 37 14 3 1963
0 9 50 49 57 42 3 1964
1 23 44 4 30 3 5 1965
1 81 53 43 31 39 2 1966
0 35 50 32 47 32 4 1967
0 54 68 43 68 38 3 1968
0 18 6 35 6 25 3 1969
1 71 92 28 90 29 4 1970
0 15 60 34 57 39 3 1971
1 0 70 69 67 72 1 1972
0 106 53 40 41 46 3 1973
1 25 98 12 98 22 1 1974
1 43 60 34 58 39 1 1975
0 72 3 96 1 95 3 1976
1 126 55 42 57 39 5 1977
0 52 66 38 63 51 3 1978
1 26 47 44 41 49 5 1979
1 64 58 21 59 25 1 1980
1 0 66 39 69 41 1 1981
0 77 55 43 51 56 3 1982
1 120 60 28 53 30 4 1983
1 12 69 6 80 6 4 1984
0 138 58 74 47 66 3 1985
0 110 50 47 50 52 3 1986
0 47 56 62 56 59 3 1987
0 0 16 2 44 3 6 1988
1 13 60 28 46 45 1 1989
0 23 53 47 52 42 3 1990
0 35 86 92 88 91 5 1991
0 88 47 32 46 30 3 1992
0 77 50 58 48 57 3 1993
1 3 51 19 58 19 1 1994
1 25 66 74 68 72 5 1995
0 44 53 42 53 45 6 1996
0 79 51 16 57 20 3 1997
1 112 32 45 32 50 2 1998
1 136 56 41 53 44 1 1999
