0 36 73 28 72 27 3 0
1 44 74 31 71 30 1 1
1 104 73 28 75 24 1 2
0 44 70 33 72 33 6 3
1 21 70 34 72 30 1 4
1 76 73 34 72 31 5 5
1 129 72 36 71 28 1 6
1 74 67 35 69 40 1 7
0 1 70 33 70 33 3 8
0 107 73 27 74 24 3 9
0 44 70 40 70 41 3 10
0 122 63 23 68 19 3 11
0 41 71 33 65 49 3 12
1 44 68 44 72 32 1 13
0 6 66 39 75 26 3 14
1 44 69 40 70 38 1 15
1 141 72 35 69 35 1 16
1 11 71 33 71 28 1 17
0 141 73 26 74 31 6 18
0 25 71 29 71 28 3 19
0 11 71 37 66 39 3 20
1 109 66 39 62 34 2 21
1 141 69 40 67 38 2 22
1 44 67 36 70 25 1 23
0 109 55 38 61 36 3 24
0 37 70 40 67 38 3 25
1 11 72 27 75 26 1 26
0 76 68 34 68 26 3 27
1 3 69 40 71 38 1 28
0 11 71 33 71 31 3 29
1 23 72 29 68 36 1 30
1 141 71 29 70 33 1 31
0 138 73 34 73 28 3 32
0 89 69 32 70 27 3 33
0 140 55 37 71 18 3 34
0 109 71 33 71 29 3 35
0 9 66 25 67 28 3 36
1 126 71 36 71 27 1 37
0 135 73 30 70 31 3 38
0 109 72 33 71 37 3 39
0 11 70 33 67 38 3 40
1 109 65 37 70 32 1 41
1 72 48 25 69 33 1 42
1 2 74 31 69 34 1 43
0 141 74 30 68 37 3 44
0 19 73 29 71 26 3 45
1 29 72 34 72 30 3 46
0 44 72 33 70 29 3 47
0 89 55 37 67 46 3 48
1 66 72 30 74 27 1 49
1 38 73 30 69 33 2 50
1 141 67 36 69 43 1 51
0 45 68 34 66 41 3 52
0 141 70 33 72 32 3 53
1 44 68 34 69 36 1 54
0 141 73 27 71 30 3 55
1 126 71 32 73 25 1 56
0 11 75 25 69 31 5 57
1 11 68 34 70 36 1 58
0 133 74 25 68 35 3 59
0 141 65 48 65 48 5 60
0 76 70 31 71 28 3 61
1 141 65 45 64 44 1 62
0 44 72 33 69 34 3 63
1 76 70 34 72 28 2 64
1 57 71 38 67 39 1 65
1 30 71 37 54 80 2 66
1 90 74 31 73 30 4 67
1 109 72 31 70 32 1 68
0 124 68 37 69 34 3 69
1 5 71 21 72 35 1 70
0 7 73 29 73 27 3 71
0 4 66 38 65 41 3 72
0 141 70 35 71 32 3 73
0 11 71 30 70 19 3 74
1 58 73 36 72 33 3 75
1 23 72 35 68 38 3 76
1 109 70 31 74 29 1 77
1 4 62 23 65 24 1 78
1 76 72 27 72 29 1 79
0 76 72 26 79 30 3 80
1 11 68 43 64 46 1 81
0 101 70 32 72 34 3 82
0 112 66 41 72 29 3 83
1 97 69 35 60 47 1 84
1 72 68 44 64 49 1 85
1 109 70 33 71 31 1 86
0 44 65 38 68 35 3 87
1 79 65 52 70 41 1 88
1 121 70 39 60 37 1 89
1 99 72 33 70 31 1 90
1 109 71 31 65 50 2 91
1 102 71 30 76 24 1 92
1 121 67 38 71 28 1 93
1 44 70 38 76 23 1 94
0 67 55 37 71 26 3 95
0 44 74 27 72 37 3 96
0 76 73 31 73 36 5 97
0 11 68 43 70 35 3 98
0 44 69 33 67 25 5 99
1 76 69 35 73 35 5 100
0 122 71 36 66 38 3 101
0 1 73 28 72 32 3 102
1 1 70 30 69 31 1 103
0 44 69 35 66 37 3 104
0 141 72 23 72 23 3 105
1 11 71 36 71 36 2 106
0 44 68 41 69 42 3 107
1 44 58 39 57 36 5 108
0 141 72 29 70 29 3 109
1 127 73 31 69 42 1 110
1 84 69 36 67 40 2 111
0 141 65 38 61 31 3 112
1 2 72 33 63 43 1 113
1 109 67 46 65 52 4 114
1 141 70 32 70 27 2 115
0 76 40 11 66 44 4 116
1 76 77 37 77 37 1 117
1 30 69 17 72 20 1 118
1 142 69 31 73 34 1 119
1 29 74 24 74 27 3 120
1 141 69 35 73 30 6 121
1 57 73 28 68 34 1 122
1 2 72 31 65 36 1 123
0 141 71 28 71 27 6 124
0 141 70 34 74 29 3 125
1 76 71 33 65 38 1 126
1 141 72 28 71 29 1 127
0 49 67 26 71 27 3 128
1 91 74 25 74 29 2 129
1 81 70 30 70 33 1 130
0 109 74 28 69 41 6 131
1 114 67 39 67 35 1 132
1 80 72 29 69 30 2 133
1 109 72 37 71 35 1 134
0 76 71 37 69 41 5 135
1 44 73 27 66 36 1 136
1 109 72 34 72 34 1 137
1 83 71 33 72 28 1 138
0 141 71 31 69 34 3 139
1 90 74 30 73 31 1 140
1 141 71 31 69 42 1 141
1 141 69 32 70 32 1 142
0 53 67 43 68 34 3 143
1 72 73 29 71 28 1 144
0 66 71 28 73 10 3 145
0 76 67 36 71 27 3 146
0 108 72 27 76 9 3 147
0 54 68 37 67 36 3 148
1 11 71 36 72 37 2 149
1 141 72 34 74 23 1 150
1 141 74 31 71 27 1 151
0 76 72 35 71 31 6 152
1 109 72 27 74 24 1 153
0 91 68 34 70 27 3 154
1 45 62 24 70 8 1 155
1 141 66 39 73 33 1 156
0 104 63 42 65 42 3 157
1 44 71 26 71 27 1 158
1 134 71 30 67 37 2 159
0 11 70 35 66 41 5 160
0 52 69 35 70 19 3 161
0 76 73 36 70 33 3 162
1 29 69 41 71 37 1 163
1 118 71 29 72 26 4 164
1 142 70 30 72 30 2 165
1 119 72 26 66 39 1 166
1 1 68 34 69 36 2 167
1 134 66 38 63 42 1 168
0 84 72 36 72 35 3 169
1 11 75 23 71 27 5 170
0 11 71 36 72 35 5 171
1 43 68 34 68 38 1 172
0 16 71 27 70 41 3 173
0 35 71 33 69 30 3 174
1 114 71 29 74 34 1 175
1 76 71 28 71 31 1 176
0 141 72 30 72 37 5 177
0 44 72 32 75 24 6 178
0 68 72 35 69 42 3 179
0 26 70 34 73 31 3 180
1 80 72 33 72 27 4 181
0 141 70 38 68 26 3 182
1 11 69 35 69 36 1 183
0 109 66 38 65 39 3 184
1 141 61 36 61 37 1 185
0 33 64 24 64 22 3 186
1 7 69 41 68 42 1 187
0 11 71 35 75 26 3 188
0 63 67 38 69 35 3 189
0 76 71 29 72 33 3 190
1 105 71 33 69 32 2 191
0 109 71 29 65 43 3 192
0 66 70 31 70 32 4 193
1 109 72 32 69 34 3 194
1 17 70 31 71 30 1 195
1 41 69 33 67 45 1 196
1 44 70 31 72 32 1 197
0 142 72 30 69 33 3 198
1 115 71 33 74 33 1 199
1 76 71 31 60 37 5 200
0 11 66 35 66 36 3 201
0 76 69 33 68 41 5 202
0 72 72 31 71 33 4 203
0 97 69 35 71 32 3 204
0 11 67 37 62 36 3 205
0 85 68 46 66 44 3 206
0 91 70 19 70 32 3 207
1 86 66 39 70 31 1 208
1 69 69 36 66 39 1 209
1 76 75 25 75 25 3 210
1 29 67 40 66 37 2 211
1 61 65 38 67 39 2 212
1 121 74 30 70 33 1 213
1 92 65 46 64 43 2 214
0 76 71 35 42 15 5 215
1 135 68 44 69 42 1 216
1 65 71 39 76 26 2 217
0 76 72 33 67 28 5 218
1 109 72 30 72 38 5 219
0 136 70 32 73 27 3 220
0 131 71 35 71 38 3 221
1 76 64 51 67 46 1 222
0 141 71 26 70 27 3 223
0 11 70 33 54 36 3 224
0 109 72 26 70 32 3 225
0 78 71 32 73 30 3 226
0 109 68 36 53 34 3 227
0 109 66 38 66 39 3 228
0 141 73 35 74 31 6 229
0 141 67 38 67 37 3 230
0 109 69 36 71 36 3 231
0 44 71 36 75 25 3 232
1 76 74 28 71 28 1 233
0 141 69 16 67 35 5 234
0 24 72 33 65 45 3 235
1 109 70 39 66 37 6 236
1 76 70 29 72 32 5 237
0 44 41 11 70 18 3 238
1 131 74 30 72 32 1 239
0 141 65 42 72 32 6 240
1 141 72 31 66 38 4 241
1 43 72 20 67 11 2 242
0 129 69 33 71 29 3 243
1 44 67 36 73 30 1 244
1 141 69 35 67 35 6 245
1 76 72 28 73 32 1 246
1 11 74 24 73 29 1 247
1 11 72 36 72 29 1 248
0 76 72 32 68 33 3 249
1 109 72 34 71 39 5 250
1 102 71 31 74 24 1 251
0 121 66 37 73 28 3 252
1 58 69 42 66 40 1 253
1 109 69 17 70 14 2 254
0 76 69 42 70 34 3 255
1 76 74 29 68 45 2 256
0 105 71 31 75 26 3 257
0 109 71 30 74 29 3 258
1 11 74 26 73 24 5 259
0 92 69 33 71 32 3 260
0 129 67 26 74 30 3 261
1 76 73 28 70 38 1 262
1 141 72 36 73 35 1 263
0 44 70 30 74 31 3 264
0 21 70 34 72 33 3 265
1 109 73 36 70 32 6 266
0 3 74 26 76 25 3 267
0 113 75 23 70 32 3 268
1 70 73 30 62 22 1 269
0 11 67 25 65 26 3 270
0 30 72 18 74 24 3 271
1 44 71 36 71 30 1 272
0 102 73 27 71 39 3 273
1 104 70 40 66 38 1 274
1 109 70 35 72 35 1 275
1 141 75 27 68 36 1 276
0 11 71 36 73 33 3 277
0 117 73 31 73 26 3 278
1 141 67 36 71 37 2 279
1 11 71 17 71 17 4 280
1 120 69 35 68 37 2 281
1 20 74 29 74 27 1 282
1 71 72 26 74 25 2 283
0 76 74 33 67 38 6 284
1 139 71 35 73 14 2 285
0 76 69 35 68 43 3 286
0 109 67 35 58 46 6 287
0 80 66 38 70 27 3 288
0 141 73 31 72 35 3 289
0 44 70 39 70 39 3 290
0 112 72 28 70 33 3 291
0 44 71 33 72 27 3 292
1 11 72 27 66 39 1 293
1 109 72 30 63 31 6 294
0 141 64 43 70 39 5 295
1 108 72 29 65 47 1 296
1 42 72 28 69 33 2 297
0 44 72 28 74 32 3 298
0 44 72 34 74 31 6 299
0 109 71 30 69 32 3 300
0 11 70 32 71 33 5 301
1 76 73 31 73 35 1 302
1 109 70 40 68 34 1 303
1 141 72 32 71 31 1 304
1 11 73 26 69 32 1 305
1 44 71 36 72 34 1 306
0 37 73 27 74 30 3 307
0 141 56 36 20 99 3 308
0 44 72 28 70 31 5 309
1 95 71 15 73 14 1 310
1 120 73 28 69 35 1 311
0 132 73 29 71 30 3 312
1 75 68 36 68 39 1 313
0 11 72 29 72 29 3 314
0 76 69 36 69 35 3 315
1 134 70 28 66 25 2 316
0 44 68 37 68 34 5 317
0 86 73 36 70 32 3 318
1 76 74 30 75 30 2 319
0 15 65 37 65 42 3 320
0 126 72 29 72 31 3 321
0 109 72 38 74 32 3 322
1 11 70 41 70 32 2 323
0 11 74 31 73 34 6 324
1 109 70 37 74 31 2 325
1 56 42 12 62 57 2 326
1 76 72 26 70 31 1 327
0 109 70 32 71 30 3 328
0 44 73 33 74 30 3 329
1 97 67 37 72 31 2 330
0 41 73 26 77 7 3 331
0 11 71 32 61 31 3 332
1 109 68 25 73 31 1 333
0 109 72 26 73 29 5 334
1 80 71 32 71 29 1 335
1 109 68 37 68 36 1 336
1 11 73 29 73 33 1 337
1 11 40 11 71 19 1 338
1 76 70 35 71 32 2 339
0 109 71 30 71 28 6 340
0 15 73 31 73 33 3 341
0 108 74 31 76 24 3 342
1 141 66 38 72 36 2 343
1 24 66 25 73 22 1 344
0 109 69 35 71 26 3 345
0 76 71 29 71 29 3 346
1 11 74 27 73 30 1 347
1 141 70 37 70 34 1 348
0 11 71 36 64 54 3 349
1 123 69 34 69 32 2 350
0 129 74 26 69 35 3 351
1 109 72 32 72 14 5 352
1 113 69 33 70 31 1 353
1 84 70 33 73 34 1 354
0 4 73 31 74 27 3 355
0 109 68 36 57 34 6 356
1 11 72 30 69 32 1 357
0 11 66 38 50 27 6 358
1 141 70 34 59 37 1 359
0 11 72 21 72 18 3 360
1 12 74 31 72 35 1 361
1 32 71 37 72 26 1 362
0 53 72 35 74 31 3 363
1 44 72 31 75 22 2 364
1 109 67 38 69 40 3 365
1 109 71 24 71 31 1 366
1 11 54 37 47 28 1 367
1 109 71 29 70 31 1 368
1 136 73 35 70 33 4 369
1 73 70 17 68 34 2 370
0 11 73 28 74 24 6 371
0 119 69 42 66 40 3 372
1 76 70 34 69 36 2 373
0 47 70 34 70 32 3 374
0 142 74 32 74 32 3 375
0 86 73 32 71 33 3 376
1 23 74 33 74 33 1 377
1 139 71 27 66 25 2 378
1 141 68 37 66 45 4 379
1 11 65 43 63 42 1 380
1 76 71 36 76 25 1 381
1 44 73 35 75 24 1 382
0 84 73 28 70 33 3 383
1 109 70 39 72 37 1 384
0 109 68 43 68 41 3 385
1 109 70 32 66 37 1 386
0 134 73 28 69 31 3 387
0 68 72 37 73 36 3 388
0 123 72 34 75 23 3 389
0 109 65 45 64 47 3 390
1 141 74 24 74 32 1 391
0 19 73 30 74 31 3 392
0 106 72 26 73 34 3 393
1 83 73 35 74 30 2 394
0 96 73 27 68 45 3 395
0 141 71 37 71 36 3 396
1 23 72 19 67 1 1 397
0 141 71 27 69 20 3 398
1 45 73 28 72 29 1 399
1 63 72 29 74 28 1 400
0 101 70 33 72 35 3 401
0 135 67 38 68 35 3 402
1 76 72 30 71 28 5 403
1 142 71 30 72 32 1 404
1 44 71 31 63 38 1 405
1 116 70 33 72 30 2 406
1 54 73 29 70 42 1 407
0 141 71 32 72 32 5 408
1 109 73 26 71 35 2 409
0 11 71 37 68 43 3 410
0 69 68 25 66 20 3 411
0 76 71 38 72 27 3 412
0 113 72 26 70 31 3 413
0 5 72 34 67 44 3 414
0 76 68 44 66 48 3 415
0 11 73 35 73 32 3 416
0 96 74 28 75 24 3 417
1 141 68 35 65 39 1 418
1 36 70 36 56 36 2 419
0 44 70 33 66 38 3 420
1 76 67 38 68 34 1 421
0 71 70 39 70 41 3 422
1 11 70 30 69 31 1 423
1 137 68 26 64 23 2 424
1 11 68 35 67 38 4 425
0 78 66 40 67 38 3 426
0 44 72 27 72 35 3 427
1 72 69 17 71 27 2 428
1 76 69 32 72 29 1 429
1 76 72 29 70 32 1 430
0 86 75 25 74 32 3 431
0 112 75 23 68 38 3 432
0 109 72 33 70 35 3 433
0 106 69 41 74 27 4 434
1 70 71 36 66 37 1 435
0 76 69 40 65 38 3 436
0 44 71 36 70 40 3 437
1 141 73 28 70 31 1 438
0 129 71 33 70 30 3 439
1 76 67 35 67 36 1 440
1 16 69 34 72 31 2 441
1 76 66 38 71 37 1 442
0 76 70 32 71 29 3 443
0 11 63 25 72 31 3 444
1 26 70 35 65 40 2 445
0 11 72 26 70 27 3 446
1 76 65 44 71 30 2 447
0 127 70 38 65 37 3 448
1 44 71 28 73 29 1 449
0 33 71 31 73 34 3 450
0 76 74 26 71 16 5 451
0 44 70 27 66 38 5 452
0 109 71 26 68 20 3 453
1 44 66 39 68 41 1 454
0 76 68 18 65 21 6 455
0 109 66 35 68 41 3 456
0 65 69 40 66 15 3 457
1 127 74 32 72 36 2 458
1 110 73 28 65 40 1 459
0 91 72 34 68 41 3 460
1 116 69 38 71 32 1 461
1 44 70 29 67 36 2 462
1 141 68 43 73 32 1 463
1 79 65 40 65 40 3 464
1 64 72 27 64 25 1 465
0 132 68 45 63 55 3 466
1 109 70 33 75 29 5 467
1 76 74 30 72 29 5 468
1 44 72 28 67 35 1 469
1 139 72 32 71 36 2 470
1 109 71 26 72 28 2 471
1 124 71 32 71 30 2 472
0 109 72 30 71 31 3 473
1 103 71 29 70 39 1 474
0 114 70 35 70 35 3 475
0 76 66 24 72 20 3 476
0 141 66 38 68 34 3 477
1 141 74 30 70 31 5 478
0 141 72 29 70 40 3 479
0 60 69 34 68 37 3 480
1 15 69 41 72 35 1 481
1 64 70 37 69 39 2 482
0 44 71 32 72 30 3 483
0 79 68 33 72 35 3 484
0 141 69 35 70 34 3 485
1 44 72 27 71 38 5 486
0 141 69 34 66 37 3 487
0 45 73 31 74 30 3 488
0 11 71 28 66 38 3 489
0 87 65 43 64 43 3 490
1 76 73 35 69 36 1 491
1 123 66 41 70 40 2 492
1 60 68 41 66 39 1 493
1 8 70 31 72 32 1 494
0 9 72 31 66 43 3 495
0 11 74 31 72 31 3 496
1 10 72 34 72 32 1 497
1 121 69 35 70 32 1 498
1 37 70 30 74 31 2 499
1 141 68 33 64 42 1 500
1 141 72 32 69 35 1 501
0 130 72 31 66 38 3 502
0 83 68 44 65 44 3 503
1 7 72 31 70 39 1 504
0 109 69 35 70 33 3 505
1 76 68 35 66 38 1 506
1 109 68 25 71 27 1 507
0 110 72 34 75 11 3 508
1 62 71 29 72 32 2 509
0 11 70 39 63 36 3 510
1 109 70 27 72 33 1 511
0 124 71 30 70 38 3 512
1 141 65 37 71 38 2 513
1 11 71 38 73 35 5 514
0 118 68 35 66 44 3 515
0 76 66 38 67 37 5 516
0 65 74 29 74 31 3 517
1 76 74 29 72 26 5 518
1 73 70 27 72 27 1 519
0 141 73 28 73 31 3 520
0 64 71 26 68 44 3 521
0 135 73 29 61 51 3 522
0 76 72 30 66 45 5 523
1 141 73 32 72 33 1 524
1 76 71 36 75 23 5 525
1 45 73 26 72 35 1 526
0 8 74 30 69 33 3 527
0 109 73 28 71 32 3 528
0 53 66 40 67 38 3 529
1 35 72 29 68 33 2 530
1 109 54 48 48 49 1 531
1 109 70 35 74 25 1 532
1 44 71 32 74 26 1 533
0 76 71 36 72 26 3 534
0 11 41 10 41 11 3 535
0 55 68 25 70 28 3 536
1 76 71 26 67 38 3 537
0 46 69 34 72 27 3 538
1 106 65 24 67 25 1 539
1 26 74 30 68 34 2 540
0 76 73 30 70 31 3 541
1 141 71 36 64 54 1 542
1 115 68 36 68 43 1 543
1 141 74 32 64 33 6 544
1 76 70 34 73 25 1 545
0 90 69 31 74 26 3 546
0 110 66 36 70 29 3 547
0 136 73 35 73 29 3 548
1 109 72 31 70 30 5 549
1 92 71 30 67 35 2 550
0 88 68 38 68 36 3 551
1 76 70 35 68 24 1 552
1 109 72 30 70 19 1 553
1 44 73 36 73 32 1 554
0 76 75 26 74 29 5 555
1 22 70 29 69 43 1 556
0 141 72 35 75 25 3 557
1 141 69 34 71 32 2 558
0 91 73 28 70 29 3 559
0 132 72 30 73 35 3 560
0 91 73 36 72 33 3 561
0 116 70 33 69 34 3 562
1 141 69 34 45 27 6 563
0 50 70 36 69 34 3 564
1 44 74 29 69 33 1 565
0 28 69 34 73 30 3 566
0 136 67 26 74 30 4 567
1 11 74 31 70 29 1 568
1 44 72 30 69 33 5 569
1 59 73 36 73 26 3 570
1 104 66 38 71 32 1 571
1 142 71 30 69 33 2 572
0 2 66 40 66 41 3 573
1 13 72 28 72 27 1 574
0 126 71 26 67 14 3 575
0 44 73 28 64 22 3 576
0 76 73 29 74 31 5 577
0 46 71 28 72 30 3 578
0 76 63 31 52 31 3 579
1 111 68 33 73 17 1 580
1 30 74 26 66 37 1 581
0 44 74 25 74 25 6 582
1 11 74 29 74 28 1 583
0 143 76 24 75 27 3 584
0 141 70 34 70 31 3 585
1 123 73 35 73 21 1 586
0 44 72 35 68 34 3 587
1 108 72 26 66 42 2 588
0 64 69 35 70 33 3 589
1 83 73 31 72 36 2 590
0 120 68 43 72 29 3 591
0 76 67 45 63 57 4 592
1 109 71 32 75 26 5 593
0 109 71 27 71 32 3 594
1 34 72 28 72 32 3 595
0 109 74 31 73 31 3 596
0 44 73 28 73 29 3 597
0 93 72 36 71 29 3 598
1 11 64 23 64 25 5 599
0 109 63 32 63 32 3 600
0 109 70 30 73 28 6 601
1 79 72 29 71 29 1 602
0 7 71 35 73 35 4 603
1 76 66 38 67 39 1 604
0 44 70 34 74 24 3 605
0 82 73 28 72 35 3 606
1 44 73 35 64 42 2 607
1 11 70 35 67 37 1 608
0 24 70 33 69 34 3 609
0 141 72 27 73 34 3 610
1 33 71 28 71 30 1 611
1 76 71 29 68 41 1 612
1 141 71 37 67 36 2 613
1 25 67 37 68 36 1 614
1 141 73 30 71 30 1 615
0 32 67 37 69 31 3 616
0 74 71 28 71 26 3 617
1 44 69 40 71 36 1 618
0 76 73 28 71 32 5 619
0 110 72 22 74 30 3 620
1 53 69 33 72 27 4 621
1 5 71 28 71 37 1 622
0 76 70 26 71 26 3 623
1 109 72 31 70 27 6 624
0 141 73 35 73 32 3 625
1 130 66 17 75 12 1 626
0 7 75 25 74 32 3 627
0 11 72 36 68 44 3 628
0 44 74 31 69 21 3 629
1 78 72 29 72 32 1 630
1 111 74 32 72 30 1 631
1 109 68 37 66 40 4 632
1 141 70 28 68 34 3 633
0 80 67 37 66 38 3 634
0 44 67 35 67 35 6 635
0 69 70 40 71 38 3 636
0 76 71 27 70 30 3 637
0 76 71 37 71 37 3 638
0 141 72 26 67 36 6 639
0 11 68 35 66 39 3 640
0 110 73 31 72 35 3 641
0 45 71 35 74 31 3 642
0 11 67 36 71 38 3 643
1 71 69 35 62 35 2 644
1 102 70 39 68 35 2 645
1 104 70 34 67 35 2 646
0 17 70 35 75 23 3 647
0 73 73 33 71 27 3 648
0 77 70 33 70 34 3 649
0 44 63 31 66 47 3 650
0 76 70 38 67 37 3 651
1 11 73 27 68 17 1 652
1 126 71 29 68 34 2 653
0 11 73 27 75 23 5 654
1 109 68 45 70 25 1 655
1 44 73 26 73 26 1 656
0 44 73 26 67 36 3 657
1 109 66 26 66 27 1 658
1 141 72 35 70 33 2 659
0 107 72 33 73 31 3 660
0 76 71 27 71 36 3 661
1 9 68 45 66 50 1 662
1 141 72 30 72 32 3 663
0 109 70 30 72 36 3 664
0 109 70 34 60 36 3 665
1 68 67 36 66 40 2 666
1 11 70 40 67 36 1 667
1 127 71 29 70 27 1 668
0 109 70 35 66 38 6 669
0 96 72 33 74 24 3 670
0 77 69 34 65 41 3 671
1 143 74 26 71 36 1 672
1 141 73 35 73 29 1 673
1 116 71 36 74 30 1 674
0 143 55 38 70 33 3 675
1 109 70 34 68 36 3 676
0 141 73 31 70 26 5 677
0 17 71 32 67 36 3 678
0 141 70 41 70 41 3 679
1 141 66 38 72 30 2 680
1 141 74 30 75 24 4 681
1 73 66 38 68 35 1 682
1 76 68 36 66 40 5 683
0 78 70 34 74 27 3 684
1 44 69 35 66 39 4 685
0 119 74 30 74 24 3 686
0 11 71 27 72 32 3 687
1 80 69 35 68 35 2 688
1 141 72 32 69 42 1 689
0 11 74 26 74 28 3 690
1 58 71 31 70 33 1 691
1 141 70 32 66 37 1 692
1 127 74 31 71 30 1 693
0 53 66 39 64 43 3 694
0 76 66 45 67 47 3 695
0 76 69 32 74 33 6 696
1 109 71 37 69 41 1 697
1 109 66 38 65 40 2 698
1 109 72 35 73 31 2 699
1 11 72 34 72 33 1 700
0 52 74 30 72 33 3 701
0 141 75 23 68 42 5 702
1 94 71 33 66 37 1 703
1 109 69 19 68 17 2 704
1 2 67 37 69 32 2 705
0 53 72 33 69 43 3 706
1 59 71 30 73 31 1 707
0 88 40 11 65 0 3 708
1 109 72 26 71 31 1 709
0 11 65 38 68 34 3 710
0 11 71 28 72 32 3 711
0 95 72 29 71 30 3 712
0 36 73 29 65 45 3 713
1 76 71 29 68 37 1 714
1 109 72 30 75 26 3 715
1 26 71 28 74 32 1 716
1 97 72 29 69 34 1 717
0 26 67 36 71 29 3 718
1 141 69 40 70 33 1 719
1 11 71 38 67 36 1 720
1 17 72 30 67 37 2 721
0 141 70 30 71 30 3 722
1 116 67 36 64 42 1 723
1 109 73 26 75 24 1 724
0 49 67 40 72 31 3 725
1 112 71 36 75 24 1 726
0 11 72 35 73 35 3 727
1 11 74 29 69 29 1 728
1 141 70 32 66 35 1 729
0 141 71 27 69 32 3 730
0 26 70 33 72 28 3 731
1 44 72 30 70 28 2 732
1 72 67 36 75 22 1 733
1 95 69 34 66 38 3 734
0 53 71 33 72 28 3 735
1 141 70 33 70 33 4 736
1 109 72 26 70 31 5 737
0 141 72 35 71 31 3 738
0 109 74 33 72 28 3 739
1 8 74 26 74 33 3 740
1 109 68 35 51 28 1 741
0 84 74 30 71 39 3 742
0 8 41 10 72 21 3 743
0 76 54 34 59 33 5 744
0 15 73 32 59 53 3 745
1 11 72 34 72 34 1 746
0 44 72 28 73 29 3 747
0 109 75 26 72 28 3 748
1 63 71 33 69 36 2 749
1 76 72 30 73 30 6 750
1 79 68 38 75 23 2 751
1 109 74 30 72 31 2 752
0 34 71 32 72 32 3 753
0 76 71 36 61 36 3 754
1 50 73 29 66 38 2 755
1 11 66 38 71 30 5 756
1 9 68 35 67 36 1 757
0 11 69 41 64 45 3 758
0 109 69 36 67 45 3 759
0 141 68 36 67 37 3 760
1 82 74 31 70 27 4 761
0 3 71 29 67 35 3 762
1 124 72 30 72 32 2 763
1 119 72 27 73 28 1 764
1 44 73 32 74 27 5 765
0 141 68 35 70 31 3 766
1 44 64 21 69 25 1 767
0 50 72 35 51 48 3 768
0 11 67 37 71 32 3 769
1 11 72 28 74 25 5 770
1 109 66 37 67 38 1 771
1 11 71 33 74 26 1 772
0 43 71 28 71 28 3 773
1 84 72 31 73 35 2 774
1 30 72 35 70 31 1 775
0 102 71 35 70 38 3 776
1 44 74 26 71 30 1 777
1 11 69 42 70 17 3 778
0 111 69 32 74 27 3 779
1 84 64 53 73 31 1 780
1 138 74 33 66 38 3 781
1 141 71 32 71 30 2 782
0 83 69 35 66 37 3 783
1 109 73 31 69 41 1 784
1 76 72 31 72 32 2 785
1 109 72 27 45 38 3 786
0 141 72 24 72 24 3 787
0 109 74 31 46 25 5 788
0 48 67 38 69 41 3 789
1 27 69 42 72 36 1 790
0 141 69 42 70 40 3 791
0 109 65 38 67 45 3 792
1 79 72 37 65 42 1 793
1 141 72 21 68 34 1 794
1 109 70 36 70 40 2 795
1 76 70 32 71 33 1 796
0 20 73 34 72 36 3 797
1 76 74 31 67 35 1 798
1 109 69 33 64 45 1 799
0 76 71 30 68 35 3 800
0 109 68 44 61 58 3 801
0 109 71 31 72 32 6 802
0 141 72 31 71 29 3 803
0 76 70 30 72 27 3 804
0 141 75 25 73 30 3 805
0 109 72 31 65 48 3 806
1 76 74 32 69 34 5 807
0 36 71 26 70 40 3 808
0 136 70 35 67 36 3 809
1 23 71 24 73 28 1 810
0 17 74 29 67 38 3 811
0 58 73 31 74 33 3 812
0 137 67 37 69 30 3 813
1 109 65 25 66 27 1 814
0 29 66 37 65 39 3 815
0 23 69 41 68 43 3 816
0 39 66 48 54 59 3 817
1 109 71 28 63 23 1 818
0 44 72 29 70 33 3 819
0 100 72 34 70 36 3 820
0 58 73 35 72 25 4 821
0 11 69 35 65 47 5 822
0 109 65 49 64 51 6 823
1 76 65 41 66 41 1 824
0 11 70 30 71 32 3 825
1 39 71 28 67 36 2 826
1 141 71 33 71 33 2 827
0 141 70 35 67 22 3 828
0 141 72 34 74 31 3 829
0 143 74 24 75 23 3 830
0 88 72 30 67 36 3 831
0 55 71 20 71 21 3 832
0 54 72 25 71 26 3 833
0 105 71 33 70 33 3 834
0 11 72 32 72 29 3 835
0 98 68 34 71 27 3 836
0 11 70 35 73 33 3 837
0 76 73 32 71 26 5 838
1 76 68 41 69 32 1 839
0 141 68 35 69 33 5 840
1 30 69 35 66 40 4 841
0 126 66 38 72 34 3 842
0 44 73 31 61 43 3 843
0 11 54 37 53 34 3 844
1 44 71 29 67 35 1 845
0 0 69 34 72 31 3 846
1 86 72 31 71 33 3 847
1 44 74 26 67 35 1 848
1 109 71 29 72 32 2 849
0 35 72 20 60 36 3 850
0 76 74 31 65 37 3 851
0 126 71 35 54 36 3 852
1 83 40 11 61 23 1 853
0 11 65 45 65 48 3 854
0 44 68 35 66 38 3 855
0 109 66 38 74 27 3 856
0 141 70 30 70 30 3 857
0 109 71 37 72 33 3 858
1 11 67 39 68 36 1 859
1 38 71 29 71 29 1 860
1 9 67 38 71 36 1 861
0 57 75 26 72 29 3 862
1 48 73 30 73 30 1 863
0 141 69 34 69 40 3 864
1 44 72 27 71 29 4 865
0 23 71 31 72 20 3 866
0 130 64 25 74 28 3 867
1 11 72 29 73 30 1 868
1 11 70 36 71 36 2 869
1 32 73 31 73 30 1 870
0 44 69 32 67 38 3 871
0 44 72 27 73 36 3 872
1 11 69 42 65 39 1 873
1 76 73 28 69 18 5 874
0 76 68 35 65 39 3 875
1 76 72 36 70 28 3 876
1 44 73 25 74 31 1 877
1 73 43 11 71 38 1 878
1 109 74 26 75 24 3 879
1 44 73 33 75 24 1 880
0 69 72 34 71 28 3 881
0 44 66 37 66 39 3 882
0 96 59 31 67 35 3 883
0 70 72 26 72 26 3 884
0 76 66 37 71 28 3 885
0 83 71 29 70 2 3 886
0 28 71 30 70 38 3 887
1 76 72 34 72 34 1 888
1 44 64 42 65 40 4 889
1 64 72 27 72 34 1 890
1 141 68 34 69 32 1 891
1 76 69 42 70 40 5 892
1 109 70 38 69 41 1 893
0 141 72 30 72 29 3 894
1 43 71 29 69 33 1 895
0 76 72 31 65 37 3 896
1 11 70 36 71 29 1 897
1 86 71 36 74 26 1 898
0 11 73 31 71 17 6 899
1 62 68 35 76 24 2 900
0 101 71 29 66 38 3 901
0 4 73 27 74 31 3 902
1 44 71 27 70 29 5 903
1 44 66 38 72 30 6 904
1 109 42 11 69 16 1 905
0 13 70 33 74 25 3 906
1 44 69 17 68 20 5 907
1 23 72 37 70 32 1 908
0 141 71 36 69 34 3 909
1 141 72 30 66 37 1 910
1 44 71 28 73 30 1 911
1 11 71 33 73 26 2 912
1 11 66 16 59 22 1 913
1 99 70 35 70 33 2 914
1 109 71 28 71 31 1 915
0 64 66 39 64 54 3 916
1 91 74 30 70 39 1 917
0 90 72 31 72 34 3 918
1 11 74 29 72 31 1 919
1 109 74 30 70 31 1 920
0 22 74 30 63 30 3 921
1 54 70 31 65 36 1 922
0 109 70 39 69 42 3 923
1 131 66 38 65 39 2 924
0 109 70 34 74 23 3 925
1 141 71 33 75 24 2 926
0 141 41 10 62 36 3 927
0 136 71 36 72 33 4 928
0 76 68 34 67 36 3 929
0 76 69 39 68 33 5 930
0 66 71 33 68 34 3 931
1 20 72 26 74 30 2 932
1 76 72 34 71 31 5 933
0 66 70 30 72 31 4 934
1 76 67 36 68 35 5 935
1 58 72 28 72 35 1 936
0 44 54 37 71 39 3 937
0 134 70 33 69 32 3 938
0 76 68 44 65 49 3 939
0 76 70 33 43 15 3 940
0 69 74 23 71 31 3 941
0 114 69 35 70 38 3 942
1 26 67 39 73 35 1 943
1 26 70 33 72 32 2 944
0 79 69 31 73 34 3 945
0 44 70 32 67 36 3 946
0 76 72 29 73 28 3 947
0 44 71 38 69 39 3 948
0 139 74 29 74 29 3 949
1 109 72 28 73 28 1 950
1 1 55 37 68 41 2 951
0 11 68 35 70 37 3 952
1 44 73 30 74 29 5 953
1 141 72 34 73 31 1 954
1 80 66 38 66 39 2 955
1 76 70 31 70 30 1 956
1 109 69 34 71 32 5 957
0 41 76 23 75 23 3 958
1 44 71 29 68 21 5 959
1 109 41 11 0 18 1 960
1 38 73 30 72 35 2 961
1 134 68 25 70 18 1 962
1 21 74 30 66 42 1 963
0 41 41 11 66 27 3 964
0 48 64 24 71 29 3 965
0 141 71 27 70 35 3 966
1 77 72 18 68 34 2 967
0 45 73 25 73 27 3 968
0 29 73 31 49 18 3 969
1 76 73 29 75 24 1 970
1 76 73 30 73 26 5 971
1 141 70 17 70 15 6 972
0 141 74 31 70 39 3 973
0 121 71 37 67 38 3 974
0 11 71 28 62 24 3 975
1 109 69 35 74 24 1 976
0 141 66 40 68 43 6 977
0 24 71 32 61 31 3 978
0 11 74 26 75 24 3 979
1 135 66 38 67 37 1 980
1 141 73 28 69 36 3 981
1 44 72 27 67 35 1 982
0 109 74 31 71 37 3 983
0 11 71 32 67 36 3 984
0 52 67 25 64 22 3 985
0 85 70 33 68 38 3 986
0 85 68 37 68 36 3 987
0 76 71 32 72 36 3 988
1 77 72 27 70 33 1 989
1 109 72 26 69 36 1 990
1 76 73 30 75 24 4 991
0 76 72 28 69 39 3 992
1 98 72 30 72 28 1 993
1 141 72 35 71 37 6 994
0 113 68 36 71 31 3 995
1 76 73 28 73 31 1 996
1 109 72 35 60 37 1 997
1 76 73 28 74 26 1 998
0 109 74 33 66 39 3 999
0 109 70 40 67 39 3 1000
1 85 67 25 71 23 4 1001
0 44 73 31 71 30 4 1002
1 80 67 26 69 42 1 1003
0 44 66 38 66 39 3 1004
1 8 71 28 71 26 1 1005
0 76 69 18 66 25 5 1006
1 76 67 35 67 38 5 1007
1 11 73 29 53 50 1 1008
0 116 71 36 69 41 3 1009
1 109 71 27 67 35 1 1010
1 85 74 27 71 28 1 1011
0 76 73 26 71 30 3 1012
1 109 69 36 69 36 1 1013
0 44 67 37 70 38 3 1014
1 53 74 31 54 33 3 1015
1 76 71 31 70 15 5 1016
0 128 67 47 65 46 3 1017
1 55 70 34 70 34 1 1018
1 76 72 34 71 31 2 1019
1 109 68 34 70 30 1 1020
0 93 74 25 69 31 3 1021
1 134 73 29 72 30 1 1022
1 25 71 33 72 28 4 1023
0 76 70 19 69 34 3 1024
1 57 70 39 70 39 2 1025
0 36 69 33 64 34 3 1026
0 141 72 35 70 31 3 1027
1 99 72 35 66 45 1 1028
0 141 67 37 69 35 3 1029
0 11 70 40 57 34 3 1030
1 11 71 37 68 36 2 1031
1 36 74 26 72 26 3 1032
1 0 70 35 75 24 3 1033
0 129 67 39 68 45 3 1034
1 82 69 20 74 10 1 1035
1 141 70 33 72 31 1 1036
1 44 71 32 73 33 1 1037
1 44 61 31 60 33 1 1038
0 128 74 31 73 30 3 1039
1 44 72 32 71 32 5 1040
1 27 67 26 69 40 3 1041
1 89 71 30 67 40 1 1042
0 76 75 23 52 17 3 1043
0 76 70 31 70 37 3 1044
1 44 73 30 66 40 1 1045
1 11 70 35 69 35 2 1046
1 136 67 47 67 43 2 1047
1 11 67 36 66 38 1 1048
0 139 70 37 70 29 3 1049
1 109 71 37 69 36 2 1050
1 11 70 38 71 38 5 1051
0 44 71 36 71 21 3 1052
0 85 72 31 66 40 3 1053
1 141 72 28 70 33 3 1054
0 102 74 31 73 28 3 1055
1 44 72 35 73 26 2 1056
1 109 74 31 73 32 5 1057
0 30 72 34 72 29 3 1058
1 107 72 27 67 36 1 1059
1 17 67 36 65 38 1 1060
0 44 70 30 70 31 5 1061
1 76 66 25 64 22 1 1062
1 29 73 35 67 45 2 1063
1 140 72 33 74 31 1 1064
1 90 70 41 59 60 1 1065
0 76 72 31 72 26 3 1066
0 82 64 34 60 35 3 1067
0 76 71 29 67 39 5 1068
1 76 67 37 68 36 1 1069
1 76 71 26 74 28 3 1070
1 44 71 33 72 33 1 1071
1 100 70 31 71 30 2 1072
0 44 68 38 68 36 3 1073
1 76 67 36 68 37 1 1074
0 20 71 36 75 24 3 1075
1 107 69 34 69 32 2 1076
0 76 70 32 66 37 5 1077
0 44 74 31 68 34 6 1078
1 11 72 29 72 27 1 1079
1 141 74 30 71 36 1 1080
0 130 70 39 70 41 3 1081
0 44 73 28 69 31 3 1082
1 21 70 32 72 36 1 1083
0 124 70 32 66 40 3 1084
0 141 72 27 74 28 3 1085
1 141 66 35 71 27 1 1086
1 11 74 29 74 27 5 1087
1 5 71 31 66 45 1 1088
0 116 65 39 74 24 3 1089
0 109 73 32 67 36 3 1090
0 109 70 33 70 33 5 1091
0 142 68 37 70 37 3 1092
1 135 71 28 74 30 1 1093
1 141 69 36 67 39 6 1094
1 11 70 39 71 29 1 1095
1 109 74 26 70 36 2 1096
1 44 71 37 69 34 4 1097
0 107 72 26 68 25 3 1098
1 63 71 28 72 26 1 1099
1 109 70 32 73 27 2 1100
0 141 67 17 67 13 3 1101
1 92 79 26 79 26 3 1102
1 141 74 27 69 34 6 1103
1 141 72 32 70 40 1 1104
0 76 70 31 72 37 3 1105
1 70 66 39 65 42 1 1106
1 40 69 40 72 29 1 1107
1 141 71 29 73 30 5 1108
1 102 70 40 69 41 1 1109
0 44 69 35 68 35 3 1110
1 141 72 35 61 57 1 1111
1 11 66 39 70 30 2 1112
0 141 71 33 73 28 6 1113
0 141 62 38 61 38 3 1114
1 102 74 27 72 27 1 1115
1 121 73 28 71 30 1 1116
1 76 67 37 66 49 6 1117
1 25 67 35 65 38 2 1118
0 60 69 43 69 34 3 1119
0 11 72 36 72 22 6 1120
0 27 70 32 68 37 3 1121
0 109 71 37 69 40 6 1122
0 109 67 36 67 43 3 1123
0 128 70 36 61 58 3 1124
0 24 69 35 70 32 3 1125
1 141 65 38 68 33 1 1126
1 109 75 28 72 26 3 1127
0 141 65 38 66 39 3 1128
1 76 68 34 72 33 1 1129
1 20 74 29 72 36 1 1130
0 109 68 43 68 41 3 1131
0 81 74 29 71 29 3 1132
1 7 69 36 69 34 1 1133
0 76 73 34 74 31 6 1134
1 11 73 30 70 32 2 1135
1 109 64 42 65 40 6 1136
1 76 71 32 71 32 1 1137
1 44 54 37 74 29 1 1138
1 11 73 28 70 33 6 1139
1 141 71 37 74 32 6 1140
0 141 67 25 63 21 6 1141
0 11 75 24 73 34 3 1142
1 44 69 35 69 35 2 1143
0 130 70 39 65 38 3 1144
0 76 70 31 71 27 3 1145
1 88 73 28 67 45 1 1146
0 76 70 34 56 36 3 1147
1 139 70 28 68 43 1 1148
1 80 74 29 70 28 2 1149
0 76 72 30 70 32 3 1150
1 55 69 41 67 42 1 1151
0 141 70 26 71 27 3 1152
0 76 71 29 73 28 3 1153
0 122 71 29 68 33 3 1154
1 109 72 27 65 25 6 1155
0 44 71 29 73 28 3 1156
0 44 70 32 67 38 3 1157
0 109 75 25 73 33 6 1158
0 109 71 31 69 30 3 1159
1 11 72 28 59 30 1 1160
1 130 71 36 71 29 1 1161
0 141 70 32 72 29 3 1162
1 76 75 26 62 33 1 1163
0 141 74 31 72 31 3 1164
0 141 72 26 70 31 3 1165
1 76 70 27 66 32 1 1166
1 140 67 37 65 37 1 1167
0 141 71 33 72 32 3 1168
1 44 73 31 65 50 1 1169
1 4 66 34 71 36 1 1170
0 29 74 29 72 32 3 1171
0 47 72 33 73 27 3 1172
0 141 74 31 72 16 3 1173
0 87 70 30 73 32 3 1174
1 44 68 38 66 39 2 1175
1 109 70 28 68 37 1 1176
0 62 70 33 74 29 3 1177
0 2 74 30 72 30 3 1178
1 141 73 30 73 30 1 1179
0 112 72 29 67 36 3 1180
0 44 73 27 67 45 3 1181
0 58 73 27 72 31 5 1182
0 33 68 43 70 38 3 1183
0 76 72 35 72 36 3 1184
1 26 73 29 71 31 2 1185
0 44 71 30 70 33 3 1186
0 85 66 38 73 29 3 1187
1 141 64 24 66 40 1 1188
0 11 73 28 75 24 6 1189
1 76 74 26 70 21 5 1190
1 51 74 25 68 34 3 1191
0 72 71 28 71 26 3 1192
0 68 71 28 71 29 3 1193
1 44 65 40 66 38 1 1194
0 11 70 38 72 28 5 1195
1 141 68 40 71 39 2 1196
0 44 71 29 71 28 4 1197
1 28 72 30 66 39 2 1198
0 109 71 29 73 30 3 1199
1 44 71 36 74 31 1 1200
1 99 72 35 73 33 1 1201
1 64 73 34 64 25 4 1202
1 44 74 29 73 32 1 1203
1 119 68 44 69 42 1 1204
0 76 72 30 73 28 5 1205
0 109 66 39 66 39 3 1206
1 76 76 24 71 27 1 1207
0 44 70 40 66 38 3 1208
0 97 70 38 65 53 3 1209
1 141 71 36 69 41 1 1210
0 141 71 31 67 37 5 1211
1 73 67 36 55 36 2 1212
0 11 72 31 70 31 3 1213
0 11 73 35 69 35 3 1214
0 11 71 29 74 17 3 1215
0 30 72 30 75 24 3 1216
1 109 71 27 70 31 3 1217
0 92 72 29 66 31 3 1218
0 60 70 19 71 23 3 1219
0 76 72 30 75 23 3 1220
0 109 69 37 71 39 5 1221
0 76 73 26 70 27 5 1222
0 76 67 35 63 43 3 1223
0 44 41 10 71 32 3 1224
0 11 66 40 71 29 3 1225
1 11 68 37 66 39 1 1226
0 100 69 35 69 39 3 1227
1 141 71 31 68 35 3 1228
1 44 69 36 67 34 4 1229
0 76 72 33 73 26 3 1230
1 109 70 32 72 35 1 1231
1 44 72 33 73 29 1 1232
0 109 68 26 67 25 3 1233
1 76 73 19 74 25 5 1234
1 11 73 34 73 32 3 1235
1 48 68 34 70 35 2 1236
0 59 70 33 73 32 3 1237
1 44 74 26 74 28 1 1238
0 2 74 30 69 36 3 1239
0 109 69 40 68 18 6 1240
0 44 71 33 72 33 3 1241
1 127 70 38 71 38 1 1242
0 111 66 38 70 33 3 1243
0 109 72 33 71 30 3 1244
0 76 74 29 69 33 5 1245
0 142 72 30 73 31 3 1246
0 119 72 28 74 28 3 1247
0 11 74 31 75 23 3 1248
0 121 70 40 66 43 3 1249
1 44 74 29 71 37 1 1250
0 71 74 30 74 30 3 1251
0 141 68 41 70 39 3 1252
1 76 72 31 71 30 1 1253
1 23 71 36 68 37 1 1254
0 44 71 28 74 27 3 1255
0 44 75 26 71 31 5 1256
1 52 66 31 66 31 2 1257
1 44 67 25 72 20 6 1258
0 141 71 32 74 31 3 1259
1 51 65 38 71 28 1 1260
0 106 72 35 74 24 3 1261
1 109 73 31 71 29 1 1262
1 114 71 31 68 34 1 1263
1 54 66 39 72 32 3 1264
0 49 67 38 74 23 3 1265
0 51 69 35 66 36 3 1266
0 44 72 32 73 26 4 1267
1 115 70 35 73 26 2 1268
0 119 70 36 69 34 3 1269
1 109 70 40 66 43 2 1270
1 76 70 31 68 35 1 1271
0 109 70 18 72 21 3 1272
1 109 72 28 72 28 1 1273
0 141 66 48 69 41 5 1274
1 109 73 29 74 23 6 1275
0 44 71 32 72 36 3 1276
1 109 68 36 70 38 2 1277
0 66 72 35 72 38 3 1278
1 110 71 36 53 36 2 1279
1 141 71 32 70 32 6 1280
0 66 69 42 69 34 3 1281
0 59 68 35 71 33 3 1282
0 74 69 42 72 26 3 1283
0 117 71 26 71 28 4 1284
0 109 66 37 69 33 3 1285
0 76 67 47 68 37 5 1286
1 101 68 34 70 33 2 1287
0 4 71 36 72 31 3 1288
0 109 69 43 73 36 3 1289
1 44 68 35 67 38 6 1290
0 76 68 34 71 32 6 1291
0 109 70 31 72 32 3 1292
0 129 71 29 68 37 3 1293
0 1 74 28 39 35 3 1294
1 104 75 24 72 20 3 1295
1 141 71 31 70 35 1 1296
1 141 71 27 71 27 3 1297
1 109 69 32 70 33 5 1298
0 123 71 32 63 23 3 1299
1 126 72 30 72 28 1 1300
0 90 73 31 70 33 3 1301
0 19 67 36 66 37 3 1302
0 44 74 26 74 27 3 1303
1 73 68 37 68 37 1 1304
0 109 68 34 71 27 3 1305
1 92 71 31 71 32 1 1306
0 109 73 35 65 39 3 1307
0 109 68 38 68 40 6 1308
1 27 71 38 73 28 1 1309
1 44 70 34 69 33 3 1310
1 28 74 31 70 28 1 1311
0 121 69 43 70 38 3 1312
0 109 71 37 71 37 5 1313
0 95 69 40 70 38 3 1314
1 99 71 27 69 17 3 1315
1 44 72 37 71 36 3 1316
0 89 68 35 73 28 3 1317
0 73 72 29 46 21 3 1318
0 139 71 27 70 32 3 1319
1 89 55 37 72 23 1 1320
0 76 71 29 68 35 3 1321
1 67 73 31 67 38 1 1322
1 76 70 35 70 28 6 1323
0 109 71 31 71 29 3 1324
1 11 74 30 74 26 3 1325
0 72 66 37 68 35 3 1326
0 38 70 35 71 31 3 1327
0 141 69 35 53 35 6 1328
0 76 69 36 68 36 3 1329
1 78 71 33 70 41 1 1330
0 109 72 33 71 32 3 1331
0 101 72 35 73 31 3 1332
1 141 70 40 66 36 1 1333
0 11 73 29 72 32 3 1334
1 28 72 33 65 43 2 1335
1 109 67 24 67 25 4 1336
1 5 70 27 70 28 2 1337
1 11 71 31 72 32 2 1338
1 109 63 31 62 31 1 1339
1 23 67 25 67 25 2 1340
1 91 72 30 73 31 1 1341
0 67 71 36 71 38 3 1342
0 44 71 36 74 32 3 1343
1 109 73 29 74 26 1 1344
1 141 72 30 75 25 2 1345
1 141 70 31 70 35 1 1346
0 44 69 40 70 29 3 1347
0 76 73 26 74 31 3 1348
1 76 67 25 65 28 2 1349
0 141 70 27 70 28 3 1350
1 11 71 31 72 31 5 1351
1 76 70 32 72 28 1 1352
0 126 71 37 71 36 3 1353
1 39 74 30 68 34 1 1354
0 38 72 33 60 62 3 1355
0 58 70 38 68 38 4 1356
0 132 70 31 70 31 3 1357
0 136 73 31 71 27 3 1358
0 11 75 25 73 29 3 1359
1 141 72 29 75 23 3 1360
0 5 73 27 71 30 3 1361
1 109 72 30 62 36 5 1362
1 44 74 31 69 33 1 1363
0 86 67 28 73 19 3 1364
0 109 70 38 74 31 3 1365
0 109 68 42 69 39 3 1366
1 108 74 25 75 23 2 1367
1 60 71 35 71 37 1 1368
0 11 67 37 67 25 3 1369
0 38 70 40 73 28 3 1370
1 141 70 20 72 18 2 1371
0 109 73 31 72 30 4 1372
1 11 70 38 68 41 1 1373
0 76 70 33 73 29 3 1374
1 82 72 34 73 31 1 1375
1 97 71 30 68 34 1 1376
0 119 73 26 74 30 3 1377
1 76 71 33 65 39 1 1378
1 141 72 35 70 40 1 1379
1 76 72 34 72 32 1 1380
0 76 73 26 67 21 3 1381
0 85 71 37 70 35 3 1382
1 100 66 24 68 24 2 1383
1 44 69 36 70 32 1 1384
1 141 68 42 69 35 1 1385
0 76 70 39 67 37 3 1386
1 76 70 36 70 28 1 1387
1 44 74 31 69 32 2 1388
1 109 69 34 67 46 1 1389
1 109 76 23 65 37 2 1390
1 116 55 27 59 32 2 1391
0 44 72 27 69 27 5 1392
1 11 64 23 67 24 1 1393
1 100 69 35 70 31 1 1394
0 2 54 37 59 66 3 1395
0 24 72 29 72 28 3 1396
0 76 72 30 64 33 3 1397
0 124 69 35 73 28 3 1398
1 84 68 35 67 36 1 1399
1 11 70 32 68 35 1 1400
0 26 70 35 69 34 3 1401
1 11 72 29 72 32 1 1402
1 44 71 38 74 32 1 1403
0 70 65 41 55 32 3 1404
1 98 73 27 72 28 1 1405
0 76 67 34 69 32 3 1406
1 30 69 34 72 29 3 1407
0 141 71 33 68 43 3 1408
1 119 69 43 69 19 1 1409
0 133 70 33 68 25 3 1410
0 129 72 34 60 37 3 1411
1 76 69 42 65 41 1 1412
1 109 70 34 70 31 4 1413
0 2 70 39 72 35 3 1414
1 26 72 34 72 34 1 1415
1 44 72 29 73 28 2 1416
0 4 72 28 71 30 3 1417
0 86 70 34 67 35 3 1418
0 76 67 38 67 38 3 1419
0 101 71 32 71 28 3 1420
0 135 73 31 70 30 3 1421
1 109 69 20 67 19 6 1422
0 11 71 36 74 30 3 1423
1 122 71 31 70 31 1 1424
0 9 73 33 73 32 3 1425
1 44 67 24 67 24 1 1426
0 103 74 29 66 15 3 1427
1 127 73 31 74 35 2 1428
0 22 71 36 71 37 3 1429
0 11 65 37 66 39 6 1430
0 141 70 33 63 35 3 1431
0 11 67 47 69 42 3 1432
1 11 72 27 73 26 3 1433
0 79 67 38 69 42 3 1434
0 11 74 29 69 33 3 1435
0 109 71 32 71 28 3 1436
0 109 68 44 67 36 3 1437
1 117 67 37 66 38 1 1438
0 125 74 31 72 33 3 1439
0 132 67 25 59 46 3 1440
0 141 70 41 66 37 3 1441
1 11 69 37 70 33 2 1442
1 125 74 30 69 35 1 1443
0 13 66 38 71 32 3 1444
1 43 72 33 70 32 1 1445
0 51 71 27 72 35 3 1446
1 81 72 35 62 57 1 1447
0 141 69 34 67 38 5 1448
1 76 74 28 73 31 2 1449
0 85 68 42 69 42 3 1450
1 11 71 35 73 35 1 1451
1 44 74 27 68 19 2 1452
0 133 71 32 73 3 3 1453
1 26 42 10 43 15 1 1454
1 61 67 37 68 35 1 1455
1 44 65 43 72 35 6 1456
0 109 68 38 67 39 3 1457
0 1 68 35 61 31 3 1458
0 109 73 35 67 5 3 1459
1 39 72 37 73 35 1 1460
0 43 67 36 68 35 3 1461
0 76 70 37 71 36 6 1462
1 141 72 27 72 29 1 1463
1 104 71 26 69 31 2 1464
1 141 70 41 70 39 2 1465
0 141 71 37 68 34 3 1466
0 44 74 28 70 31 3 1467
0 76 70 36 72 32 3 1468
1 141 70 32 70 38 1 1469
1 110 70 31 60 53 3 1470
0 34 71 21 68 26 3 1471
1 109 68 35 74 29 5 1472
0 44 74 31 75 24 3 1473
1 76 71 29 68 36 2 1474
0 107 69 36 67 36 3 1475
0 141 68 43 70 17 3 1476
0 44 72 34 68 44 3 1477
0 44 71 33 74 29 5 1478
1 141 67 37 69 32 6 1479
0 10 68 24 67 14 3 1480
0 109 71 29 72 27 3 1481
1 11 73 30 72 27 1 1482
1 141 74 26 74 28 1 1483
1 109 70 33 67 35 1 1484
0 76 69 34 72 33 3 1485
0 117 68 34 60 37 3 1486
0 11 66 46 68 43 3 1487
1 141 72 30 72 29 1 1488
0 109 71 37 70 38 5 1489
1 141 67 37 66 37 1 1490
0 44 68 42 70 37 3 1491
0 101 69 34 68 34 3 1492
0 76 68 43 73 30 4 1493
1 44 74 30 73 35 2 1494
1 109 66 48 65 51 1 1495
1 84 72 27 65 26 1 1496
1 44 68 34 67 38 2 1497
0 116 70 19 72 22 3 1498
0 109 74 29 71 39 3 1499
1 70 72 32 66 36 1 1500
1 11 73 36 71 39 1 1501
0 76 68 37 71 31 3 1502
0 48 66 39 65 44 3 1503
1 44 74 30 67 32 1 1504
0 123 70 33 72 32 3 1505
0 141 67 25 68 19 3 1506
1 141 66 38 71 33 3 1507
0 76 71 37 72 35 3 1508
1 141 67 38 52 28 1 1509
1 141 70 36 73 34 1 1510
0 89 74 29 68 34 3 1511
1 47 74 26 68 35 2 1512
1 127 72 30 69 35 1 1513
1 135 68 34 68 35 2 1514
1 141 70 36 73 33 3 1515
1 124 73 28 73 30 1 1516
0 141 70 35 74 28 3 1517
1 109 66 38 66 37 3 1518
0 141 72 34 72 31 3 1519
1 29 69 43 70 39 1 1520
1 77 69 33 72 27 1 1521
0 109 72 33 72 34 3 1522
1 122 72 31 70 31 1 1523
0 141 72 31 69 42 3 1524
1 76 72 33 73 35 5 1525
1 141 71 28 71 26 1 1526
0 76 69 32 72 33 3 1527
0 25 72 34 72 28 3 1528
1 76 71 29 72 29 6 1529
0 143 72 26 70 31 3 1530
1 11 73 30 70 39 1 1531
1 44 72 28 70 32 1 1532
0 109 72 26 66 37 3 1533
1 121 70 40 70 32 2 1534
1 33 69 33 67 36 1 1535
0 133 73 35 73 35 4 1536
1 109 70 33 73 32 1 1537
1 76 72 31 74 30 1 1538
1 27 70 40 63 54 1 1539
0 44 71 36 73 34 6 1540
1 55 72 29 71 29 1 1541
1 64 68 38 69 34 2 1542
0 11 68 43 70 39 3 1543
1 27 67 36 67 34 1 1544
0 11 69 40 68 39 3 1545
1 127 63 25 67 26 1 1546
0 44 71 28 71 32 3 1547
0 44 70 32 67 38 6 1548
0 11 69 33 72 33 3 1549
0 11 72 36 73 31 3 1550
1 11 75 26 70 31 1 1551
0 46 72 33 68 38 4 1552
1 76 72 35 71 29 1 1553
0 11 74 29 66 38 3 1554
1 69 72 35 69 40 1 1555
0 141 71 38 69 41 5 1556
1 123 70 28 61 30 1 1557
1 11 71 24 73 24 1 1558
0 136 71 30 71 27 3 1559
0 63 73 30 70 31 3 1560
1 11 74 26 75 26 3 1561
0 74 66 40 67 38 4 1562
0 78 66 38 71 29 3 1563
0 141 72 35 74 31 3 1564
1 49 74 30 69 32 2 1565
1 44 73 33 72 38 2 1566
0 23 72 21 72 21 3 1567
1 44 65 39 59 55 1 1568
1 34 71 33 70 33 3 1569
0 11 68 41 67 43 5 1570
1 109 68 41 65 47 1 1571
0 11 70 35 72 32 3 1572
0 11 71 31 74 27 3 1573
0 94 73 35 70 32 3 1574
1 141 68 34 67 47 3 1575
1 1 71 29 69 33 1 1576
1 95 71 29 71 39 2 1577
1 141 71 33 71 33 1 1578
0 44 71 36 65 37 3 1579
0 109 70 32 71 31 3 1580
0 11 72 30 67 36 3 1581
0 109 71 27 70 31 3 1582
1 22 72 31 70 27 1 1583
0 28 69 34 65 45 4 1584
1 114 70 27 71 29 2 1585
1 76 71 27 72 27 1 1586
0 97 72 33 74 33 3 1587
0 141 72 29 72 32 3 1588
0 141 74 26 71 27 3 1589
1 109 74 29 70 27 1 1590
0 44 72 33 72 33 3 1591
0 44 71 31 68 17 3 1592
0 21 67 34 68 34 3 1593
1 109 65 37 70 33 1 1594
1 72 72 31 67 9 3 1595
0 102 74 26 71 36 4 1596
1 44 71 29 73 30 1 1597
1 6 71 36 72 31 1 1598
1 11 72 29 73 30 1 1599
0 44 66 38 72 33 3 1600
1 85 65 47 67 46 1 1601
0 47 70 40 63 57 3 1602
0 83 74 26 74 25 3 1603
0 76 71 36 68 36 3 1604
0 125 69 34 70 28 3 1605
0 76 74 31 74 31 5 1606
1 44 70 39 66 38 1 1607
1 101 70 33 70 33 4 1608
0 102 70 41 68 34 3 1609
1 11 73 33 68 37 6 1610
1 69 41 10 59 13 1 1611
0 76 71 37 67 36 3 1612
1 109 72 31 72 33 1 1613
0 141 60 33 69 33 3 1614
0 141 71 37 68 37 3 1615
0 76 69 34 69 33 3 1616
0 109 67 38 61 31 3 1617
1 76 71 30 72 32 1 1618
0 11 74 26 64 34 3 1619
0 94 70 33 68 33 3 1620
1 44 73 36 70 33 1 1621
0 76 71 29 72 22 3 1622
1 13 70 33 72 25 1 1623
1 78 68 24 65 25 1 1624
1 143 63 31 63 30 1 1625
0 15 55 38 65 28 3 1626
1 11 70 35 71 31 3 1627
0 44 68 44 68 44 3 1628
0 21 71 27 67 37 3 1629
1 76 72 34 64 33 1 1630
0 109 71 32 68 35 3 1631
1 113 68 42 69 42 1 1632
1 123 73 31 48 22 3 1633
0 5 72 27 72 28 3 1634
0 108 67 44 74 23 3 1635
0 141 73 27 68 36 3 1636
0 109 72 30 72 34 3 1637
0 141 72 30 74 27 3 1638
0 76 70 32 67 26 3 1639
0 109 55 38 65 38 3 1640
1 44 75 27 74 28 1 1641
1 139 70 38 71 39 1 1642
1 109 70 34 66 33 3 1643
1 47 72 27 73 31 1 1644
0 65 67 38 68 40 3 1645
1 109 71 38 65 48 2 1646
1 109 70 32 68 34 2 1647
1 109 67 34 66 40 1 1648
0 44 71 37 66 40 3 1649
1 11 73 31 74 27 1 1650
0 24 70 38 69 41 3 1651
1 109 70 30 71 27 4 1652
0 65 72 34 72 29 3 1653
0 141 67 36 69 33 6 1654
1 104 74 27 72 30 2 1655
0 18 71 28 72 27 3 1656
0 40 68 35 67 37 3 1657
1 43 69 34 69 36 2 1658
1 84 73 28 67 22 2 1659
1 45 67 37 68 36 1 1660
1 125 71 38 70 41 1 1661
0 141 71 37 72 32 5 1662
0 109 69 34 71 27 3 1663
0 44 71 26 71 32 3 1664
0 141 72 32 71 38 3 1665
1 124 67 36 71 28 3 1666
0 99 71 29 74 27 4 1667
1 128 66 48 69 41 3 1668
1 44 71 37 68 43 5 1669
1 119 72 27 72 32 1 1670
1 96 72 26 70 31 1 1671
1 141 69 41 59 65 1 1672
1 11 74 26 74 29 3 1673
1 109 69 40 69 40 1 1674
1 17 73 35 72 20 2 1675
0 89 74 29 70 30 3 1676
0 44 70 38 72 38 3 1677
0 11 72 30 67 38 3 1678
1 11 70 35 71 29 2 1679
0 11 67 35 65 39 3 1680
0 11 68 34 68 34 3 1681
1 46 73 31 72 30 1 1682
0 139 73 27 73 28 4 1683
1 76 71 36 74 31 1 1684
1 48 73 28 72 33 1 1685
1 141 68 34 67 39 1 1686
0 44 66 38 66 45 3 1687
0 44 72 30 71 32 3 1688
0 115 69 35 67 31 3 1689
1 11 73 28 57 32 1 1690
1 76 71 24 72 32 1 1691
0 45 71 27 74 29 3 1692
0 44 70 33 72 28 3 1693
1 67 71 27 71 29 1 1694
0 76 72 26 72 28 3 1695
1 44 74 25 70 15 1 1696
0 109 73 31 62 38 3 1697
1 11 65 38 68 34 1 1698
1 85 66 40 67 37 3 1699
1 11 70 29 71 21 3 1700
0 7 69 33 72 31 3 1701
1 44 75 24 68 21 1 1702
1 141 71 29 72 32 1 1703
0 61 71 27 74 32 3 1704
0 141 70 33 67 38 6 1705
0 79 72 30 68 34 3 1706
0 141 70 31 70 28 3 1707
1 4 72 36 74 28 2 1708
0 109 63 34 58 31 3 1709
0 11 64 52 67 36 6 1710
0 141 70 39 66 40 3 1711
0 11 67 36 67 39 3 1712
0 76 71 33 71 32 3 1713
1 121 71 36 74 35 4 1714
0 54 67 38 73 31 3 1715
0 96 72 30 72 28 3 1716
0 44 75 30 74 28 3 1717
1 109 69 33 72 27 2 1718
0 104 70 28 73 34 3 1719
0 76 67 26 67 25 5 1720
1 120 67 38 70 40 1 1721
0 109 72 30 73 28 3 1722
1 11 70 35 73 35 1 1723
1 73 73 28 74 27 1 1724
1 109 74 30 72 36 1 1725
1 44 73 35 70 33 1 1726
0 11 73 30 67 24 3 1727
0 45 74 30 73 26 3 1728
1 49 71 36 71 36 4 1729
0 87 70 39 63 57 3 1730
0 47 71 28 61 47 3 1731
0 121 72 27 70 31 3 1732
1 143 66 40 66 46 1 1733
0 76 74 30 71 30 5 1734
1 119 72 28 71 27 1 1735
0 141 72 28 71 29 5 1736
0 52 71 26 66 12 3 1737
0 9 67 37 71 32 3 1738
0 99 70 36 71 32 4 1739
1 36 70 33 70 31 2 1740
1 32 74 25 61 23 1 1741
0 44 71 31 70 31 3 1742
0 8 73 27 72 30 3 1743
0 14 72 30 72 30 3 1744
0 76 69 21 65 27 3 1745
1 109 74 30 72 31 2 1746
1 77 72 35 75 23 4 1747
1 32 74 28 72 35 1 1748
1 76 70 39 69 42 2 1749
0 11 73 30 72 33 4 1750
1 29 68 24 62 22 1 1751
1 79 69 40 71 30 2 1752
1 76 69 43 72 36 2 1753
1 44 69 33 68 34 1 1754
0 135 69 40 66 38 3 1755
0 109 70 31 72 22 3 1756
1 23 69 33 68 35 1 1757
0 116 66 36 73 31 3 1758
0 141 70 31 72 29 3 1759
1 11 71 32 71 32 2 1760
1 44 72 25 70 26 1 1761
0 44 72 19 63 24 3 1762
1 109 71 33 74 23 6 1763
0 141 68 37 68 36 3 1764
1 105 71 32 70 28 1 1765
1 76 70 35 74 24 1 1766
0 122 73 31 73 35 3 1767
1 76 69 41 69 34 1 1768
0 109 72 31 71 29 3 1769
1 141 73 30 71 29 1 1770
0 11 73 35 72 35 3 1771
1 44 70 33 67 36 5 1772
1 44 67 35 69 35 1 1773
1 109 70 32 68 33 2 1774
1 141 74 25 71 29 1 1775
0 83 70 34 71 27 3 1776
0 76 71 33 71 31 3 1777
1 141 70 38 66 40 2 1778
1 39 74 26 68 36 2 1779
0 76 71 37 74 30 3 1780
1 76 70 36 74 28 1 1781
0 70 67 36 72 24 3 1782
1 141 72 26 74 32 5 1783
0 64 73 30 73 32 3 1784
1 135 74 31 66 37 1 1785
1 76 73 28 67 24 2 1786
1 82 70 32 65 39 1 1787
1 35 74 28 73 30 1 1788
1 109 74 33 74 31 2 1789
0 76 74 23 73 26 3 1790
1 138 70 32 59 5 1 1791
0 11 71 29 72 25 3 1792
0 96 66 40 66 37 3 1793
1 44 70 32 68 41 1 1794
1 112 70 28 72 32 2 1795
0 141 72 29 74 31 3 1796
0 44 70 33 68 37 6 1797
0 76 64 43 66 44 5 1798
1 109 69 32 71 32 2 1799
1 141 73 35 75 24 1 1800
0 54 73 34 75 25 3 1801
0 25 71 29 73 28 3 1802
1 44 68 36 67 38 2 1803
1 126 72 32 71 38 2 1804
1 13 74 28 76 26 2 1805
0 44 71 29 71 32 3 1806
0 44 72 28 67 46 3 1807
1 109 70 38 67 38 1 1808
0 141 73 29 62 55 3 1809
1 22 74 30 74 25 2 1810
1 11 70 36 67 37 1 1811
0 4 68 44 66 38 3 1812
1 76 69 42 69 43 6 1813
1 60 74 31 73 27 3 1814
0 141 67 37 60 34 3 1815
1 11 74 30 69 42 2 1816
1 116 70 34 65 33 1 1817
0 49 69 43 70 40 4 1818
1 90 74 26 69 32 2 1819
1 76 41 11 64 30 1 1820
1 109 69 36 70 32 1 1821
0 116 72 35 73 27 3 1822
1 52 73 26 68 24 2 1823
0 76 67 36 71 38 3 1824
0 109 71 36 73 28 3 1825
1 44 68 36 68 37 1 1826
1 141 66 36 75 23 1 1827
1 44 75 25 75 26 5 1828
0 121 70 33 68 34 3 1829
0 17 72 34 65 37 3 1830
1 11 70 31 70 28 1 1831
1 138 68 37 67 40 1 1832
1 104 64 52 64 53 2 1833
0 76 73 31 69 42 3 1834
1 44 70 31 72 29 1 1835
0 119 66 25 68 24 3 1836
0 109 70 34 75 24 3 1837
0 11 73 27 73 29 5 1838
0 141 72 33 71 32 3 1839
1 128 70 40 67 44 1 1840
1 23 72 29 72 32 3 1841
0 141 72 27 74 30 3 1842
0 79 71 29 70 19 3 1843
1 76 68 45 56 50 1 1844
0 132 72 33 72 28 3 1845
1 44 70 32 71 31 1 1846
1 67 68 35 71 32 2 1847
0 141 71 32 73 35 3 1848
1 132 71 30 70 33 1 1849
1 76 74 23 73 26 2 1850
1 100 72 33 70 31 1 1851
0 141 70 38 66 46 3 1852
1 26 71 33 69 35 3 1853
0 44 73 28 62 34 5 1854
0 121 65 43 66 37 3 1855
0 138 70 33 70 28 3 1856
1 109 71 27 67 31 6 1857
0 39 71 30 69 33 3 1858
0 111 55 38 69 32 3 1859
1 48 69 33 71 31 1 1860
0 109 74 31 74 27 3 1861
1 74 71 31 71 28 2 1862
1 66 68 34 69 42 1 1863
0 11 74 32 72 35 5 1864
1 69 69 35 67 39 2 1865
1 139 72 35 72 32 2 1866
0 44 72 35 71 38 3 1867
0 109 74 26 72 32 3 1868
0 7 72 33 99 14 3 1869
1 48 71 26 69 33 2 1870
1 44 72 16 74 25 1 1871
1 9 72 26 72 26 1 1872
0 130 72 32 65 44 3 1873
1 11 66 46 69 42 1 1874
0 29 72 31 72 28 3 1875
1 141 72 31 61 30 2 1876
0 44 68 34 68 34 3 1877
0 98 71 33 66 37 3 1878
1 4 73 30 64 47 2 1879
1 8 74 23 76 23 2 1880
1 28 67 22 68 24 1 1881
0 98 67 35 70 27 3 1882
1 105 74 27 71 30 2 1883
0 76 70 34 71 32 5 1884
1 11 71 29 66 15 1 1885
1 141 67 37 70 29 1 1886
1 91 67 37 70 32 1 1887
1 76 70 35 72 36 1 1888
0 109 73 28 66 25 3 1889
1 11 71 36 54 37 1 1890
1 109 66 36 69 35 3 1891
1 76 74 26 75 28 1 1892
0 89 74 31 74 26 3 1893
0 44 66 35 70 38 4 1894
1 11 70 29 67 38 1 1895
0 103 73 28 70 31 3 1896
0 141 70 34 64 34 3 1897
0 43 71 36 75 23 4 1898
1 109 66 28 75 24 1 1899
0 75 71 29 71 30 3 1900
1 76 59 32 70 31 1 1901
0 65 71 35 59 28 3 1902
0 76 71 26 69 34 3 1903
1 109 73 32 73 33 1 1904
0 141 70 29 57 33 5 1905
0 141 71 38 70 40 3 1906
1 76 72 30 63 34 6 1907
1 44 70 30 69 34 1 1908
1 109 74 27 73 31 1 1909
0 54 68 36 66 38 3 1910
0 44 71 33 68 41 4 1911
1 44 67 26 73 18 1 1912
0 69 71 29 66 36 3 1913
1 76 70 34 69 33 5 1914
0 115 70 32 60 38 3 1915
0 44 72 34 71 32 3 1916
1 76 73 28 72 26 1 1917
1 26 70 31 70 18 1 1918
1 141 70 35 71 32 5 1919
1 121 69 34 72 33 3 1920
1 76 72 33 64 30 5 1921
0 76 72 31 68 25 3 1922
1 17 71 33 70 35 1 1923
1 40 72 29 75 23 1 1924
1 52 74 31 66 39 2 1925
1 35 70 39 69 33 2 1926
1 44 69 42 69 34 5 1927
0 76 67 36 66 37 3 1928
0 44 76 24 71 38 3 1929
0 76 70 39 66 44 3 1930
1 76 71 36 66 38 1 1931
1 44 67 26 70 28 5 1932
1 23 67 35 72 33 1 1933
1 23 67 37 66 43 1 1934
0 44 67 36 67 39 3 1935
0 135 71 30 72 31 3 1936
0 42 68 44 70 29 3 1937
1 125 72 26 70 28 2 1938
0 11 72 28 71 32 5 1939
1 58 70 28 65 40 1 1940
0 109 73 30 71 29 6 1941
0 141 71 30 69 36 3 1942
0 141 73 28 66 36 3 1943
1 109 70 35 66 39 1 1944
0 109 71 28 70 32 5 1945
0 44 72 36 68 36 6 1946
0 141 71 36 67 16 3 1947
0 84 70 35 61 37 3 1948
0 141 71 36 71 31 3 1949
1 44 71 28 71 31 2 1950
0 141 72 31 71 28 4 1951
1 98 70 28 72 25 1 1952
1 76 72 27 70 27 1 1953
1 109 65 45 67 44 1 1954
1 11 72 31 74 12 1 1955
1 141 67 26 68 26 3 1956
1 76 55 37 68 34 2 1957
1 94 74 30 68 34 1 1958
0 25 70 35 64 30 3 1959
0 28 65 52 68 44 3 1960
1 109 73 27 71 29 2 1961
1 141 68 38 67 38 6 1962
0 44 72 29 68 37 3 1963
0 141 55 37 71 30 3 1964
1 107 72 26 71 27 4 1965
0 128 66 37 66 40 3 1966
0 95 66 38 72 30 3 1967
0 13 74 29 72 28 3 1968
0 109 72 27 72 33 3 1969
1 80 68 35 62 47 1 1970
1 0 66 39 73 28 1 1971
0 85 74 24 72 33 3 1972
0 141 69 34 70 31 3 1973
1 44 67 38 70 40 1 1974
0 16 74 30 74 27 3 1975
0 131 65 38 66 39 3 1976
1 141 72 37 71 39 3 1977
0 95 67 35 68 34 3 1978
1 141 72 35 65 50 1 1979
0 141 67 26 61 34 3 1980
1 0 73 29 74 30 2 1981
0 11 69 34 70 33 6 1982
0 107 70 28 66 43 3 1983
1 11 70 40 66 38 2 1984
1 44 71 31 71 33 1 1985
0 68 72 27 74 32 3 1986
1 44 71 37 74 30 1 1987
1 44 68 34 71 26 6 1988
0 65 70 28 72 29 3 1989
0 109 72 35 74 28 3 1990
1 11 72 36 72 33 1 1991
0 141 71 32 72 31 3 1992
0 113 73 32 73 28 3 1993
1 76 69 35 69 39 6 1994
0 109 66 38 68 37 3 1995
1 141 70 35 71 33 2 1996
0 35 74 29 74 32 3 1997
1 44 70 33 69 35 1 1998
1 44 71 28 63 34 1 1999
