1 122 50 57 48 63 1 0
0 36 58 37 57 34 3 1
1 13 56 60 47 64 1 2
1 19 50 56 61 49 2 3
0 72 56 47 57 42 3 4
1 108 51 55 51 52 5 5
1 63 56 43 59 45 4 6
0 143 54 50 53 46 5 7
1 108 60 43 51 32 1 8
1 54 49 57 50 54 3 9
0 143 59 43 57 38 3 10
1 36 59 39 63 37 1 11
1 108 58 45 59 51 1 12
1 46 63 43 57 46 1 13
1 108 59 38 49 56 1 14
1 36 55 49 51 54 1 15
1 23 63 43 33 82 2 16
1 0 49 55 60 45 1 17
0 109 61 35 67 31 4 18
1 36 52 65 50 65 6 19
1 36 53 49 56 48 1 20
0 69 59 44 55 59 3 21
0 21 56 58 62 44 3 22
1 36 30 53 61 47 2 23
0 61 57 46 55 47 3 24
0 117 42 50 31 41 3 25
0 137 51 56 53 53 3 26
0 72 55 49 54 52 6 27
1 36 58 33 55 50 2 28
0 72 60 35 63 43 3 29
0 17 58 42 64 43 3 30
1 72 58 51 60 49 2 31
1 108 57 37 60 37 1 32
1 61 57 43 53 63 1 33
0 108 58 39 52 49 4 34
1 34 62 44 60 41 1 35
1 10 52 67 50 57 1 36
0 72 56 23 59 45 6 37
1 27 49 55 49 58 1 38
1 7 56 46 44 51 2 39
1 106 63 35 51 51 2 40
1 4 51 52 54 58 1 41
0 31 50 33 52 26 3 42
0 36 56 59 51 57 3 43
0 63 59 43 58 42 4 44
0 72 49 56 60 45 3 45
1 143 63 40 56 48 1 46
0 14 53 32 54 59 3 47
0 143 60 44 57 43 6 48
0 111 51 53 57 41 3 49
0 81 55 50 51 51 4 50
0 36 60 43 56 40 3 51
1 132 60 49 54 48 1 52
1 58 58 41 50 56 1 53
1 108 54 50 59 51 1 54
0 36 59 44 62 42 3 55
1 108 59 34 58 38 1 56
0 72 66 32 52 66 3 57
1 109 50 55 50 55 1 58
0 143 58 17 57 20 3 59
1 44 60 40 58 43 1 60
1 24 55 50 41 52 1 61
0 94 63 44 51 53 3 62
0 82 50 20 60 19 3 63
0 36 56 44 58 47 5 64
1 106 61 43 41 51 2 65
0 36 53 52 28 46 3 66
0 42 52 51 49 53 3 67
0 36 63 37 60 43 5 68
0 36 58 39 58 32 3 69
1 143 51 53 58 53 6 70
1 72 59 35 56 46 1 71
0 72 49 33 51 34 3 72
0 21 60 35 50 68 3 73
0 16 60 43 58 38 3 74
1 46 60 39 52 50 4 75
0 122 60 45 53 47 3 76
0 123 60 48 61 46 3 77
0 13 9 14 9 14 3 78
0 142 60 45 57 46 3 79
1 26 47 46 47 31 1 80
1 106 60 44 61 47 3 81
1 108 60 41 24 39 5 82
0 108 63 46 61 45 3 83
0 25 63 46 58 54 3 84
0 73 63 43 63 39 3 85
0 122 53 26 53 34 4 86
0 72 64 33 59 36 3 87
0 36 53 55 63 38 3 88
1 36 61 35 51 55 2 89
0 72 61 38 66 32 3 90
1 108 56 47 57 45 2 91
1 135 60 38 58 25 3 92
1 36 57 38 64 42 1 93
0 72 60 36 59 39 3 94
0 36 60 41 62 43 3 95
1 72 52 49 52 49 5 96
0 82 53 50 45 49 3 97
0 72 58 21 57 37 3 98
0 78 56 49 56 45 3 99
1 72 62 33 50 34 2 100
1 34 59 32 61 40 3 101
1 143 50 53 51 56 4 102
0 45 57 57 59 51 3 103
0 36 62 41 63 43 5 104
1 72 53 47 53 47 2 105
0 48 61 50 57 45 3 106
0 30 58 42 52 48 3 107
0 143 59 39 56 54 3 108
1 21 54 47 55 50 1 109
1 108 57 46 56 37 4 110
1 108 58 43 59 50 5 111
1 72 52 56 53 57 6 112
0 66 59 44 65 31 3 113
1 78 53 48 56 55 1 114
0 117 51 20 62 39 3 115
1 72 50 64 58 43 1 116
1 111 54 47 60 45 1 117
1 143 62 21 58 21 1 118
0 108 56 46 71 0 6 119
1 35 62 49 64 46 1 120
1 72 59 37 51 56 5 121
0 108 64 34 60 35 3 122
0 125 58 55 56 43 3 123
1 36 60 40 61 44 1 124
1 108 63 36 58 41 5 125
1 36 58 45 52 49 1 126
0 108 59 45 56 48 5 127
1 36 51 53 53 48 2 128
0 129 55 47 63 43 4 129
1 27 61 43 17 36 1 130
0 108 57 44 52 53 3 131
0 107 55 51 55 51 3 132
1 113 55 55 48 53 2 133
1 72 58 42 56 55 2 134
1 13 51 39 61 26 3 135
1 38 61 36 58 44 1 136
1 89 67 32 56 40 2 137
0 84 57 45 51 53 3 138
1 99 60 37 58 43 1 139
0 105 54 61 56 54 3 140
0 45 59 45 48 57 3 141
0 108 54 48 49 53 3 142
1 72 62 35 49 54 6 143
0 108 63 42 59 45 3 144
1 27 63 38 64 40 1 145
1 24 54 50 58 37 1 146
0 59 52 53 59 37 3 147
1 108 57 54 57 54 1 148
1 72 58 43 58 38 5 149
0 72 58 39 50 52 3 150
0 143 63 43 63 42 6 151
1 72 60 40 62 40 1 152
1 143 51 69 60 49 1 153
0 72 55 48 38 18 3 154
0 108 57 44 57 42 3 155
1 33 58 41 55 46 1 156
0 108 50 56 64 43 3 157
0 72 57 42 51 55 5 158
1 52 58 55 58 52 2 159
0 143 55 59 60 53 3 160
0 108 54 53 58 43 3 161
1 72 58 56 64 38 1 162
0 76 60 51 56 50 3 163
0 16 50 54 52 51 3 164
0 59 60 16 58 19 4 165
1 108 56 48 52 53 1 166
1 64 55 46 59 42 1 167
0 123 51 56 55 61 3 168
1 0 62 43 61 48 6 169
1 108 52 54 59 39 1 170
1 36 52 33 50 25 2 171
1 115 59 44 57 41 1 172
0 63 57 57 59 54 4 173
0 108 56 56 25 45 3 174
1 118 61 46 66 31 1 175
0 21 59 43 55 47 3 176
0 105 51 55 52 52 3 177
0 87 54 51 51 53 3 178
1 72 65 36 57 55 1 179
0 79 58 45 58 45 3 180
0 59 54 47 59 42 3 181
0 22 59 39 60 45 3 182
1 36 64 39 63 41 1 183
0 25 52 52 50 55 3 184
0 36 64 42 63 49 3 185
0 0 57 57 50 58 3 186
0 121 38 38 47 31 3 187
0 19 56 43 49 55 3 188
0 39 52 51 47 74 3 189
1 55 51 55 51 55 4 190
1 4 54 49 60 39 1 191
1 72 52 53 53 51 2 192
1 72 51 54 59 36 6 193
1 36 54 51 52 55 3 194
1 72 52 54 63 41 2 195
1 27 52 55 56 54 2 196
0 111 63 40 66 34 3 197
0 121 64 38 66 32 3 198
0 36 52 19 56 23 6 199
1 72 54 25 56 25 2 200
0 36 50 56 52 62 3 201
0 72 32 41 52 35 5 202
1 0 63 45 61 35 2 203
0 40 63 44 54 65 3 204
0 2 57 45 60 39 3 205
1 0 61 36 59 39 1 206
0 28 59 34 63 42 3 207
0 143 51 51 59 36 3 208
0 108 46 61 50 56 3 209
1 143 60 53 60 39 2 210
1 41 53 63 65 34 1 211
1 78 65 32 66 29 2 212
0 108 63 41 59 41 3 213
1 108 59 45 62 41 2 214
0 59 58 37 46 27 3 215
1 52 59 41 48 55 1 216
1 37 33 42 34 44 1 217
1 56 59 43 63 40 2 218
0 13 64 42 57 47 3 219
0 44 63 42 47 75 3 220
1 36 64 41 57 36 1 221
0 46 56 24 54 32 3 222
1 108 59 45 55 45 1 223
1 34 54 57 51 52 1 224
0 18 55 49 50 54 3 225
0 115 61 43 61 40 3 226
0 6 47 77 41 84 3 227
0 129 54 34 41 49 3 228
0 94 54 49 58 55 3 229
0 36 62 37 55 44 3 230
1 36 62 47 57 40 2 231
1 72 63 43 50 65 2 232
1 36 54 49 64 45 1 233
1 103 56 40 60 35 1 234
0 5 64 44 62 48 4 235
1 36 54 33 46 27 2 236
0 72 61 50 50 58 3 237
1 4 50 57 57 57 1 238
0 89 57 37 57 36 3 239
0 72 56 47 54 50 4 240
0 72 58 39 48 55 3 241
1 118 61 49 66 32 1 242
1 0 56 58 55 60 6 243
1 36 63 45 57 47 4 244
1 108 30 53 56 56 1 245
0 118 62 35 50 51 3 246
0 72 51 52 56 43 3 247
1 21 58 42 60 37 1 248
1 9 53 50 38 47 1 249
0 0 60 39 61 46 3 250
1 36 60 41 58 24 1 251
0 36 62 43 61 45 3 252
1 108 64 32 58 37 1 253
1 72 52 49 50 53 1 254
1 43 59 45 59 46 1 255
0 136 50 53 57 57 3 256
1 132 58 43 63 40 1 257
0 90 60 40 60 45 3 258
0 72 57 39 50 53 3 259
0 103 54 48 59 34 3 260
1 72 56 57 55 46 1 261
0 19 63 45 61 48 3 262
0 108 60 40 52 53 4 263
0 76 60 29 63 40 3 264
1 72 56 47 49 44 6 265
1 108 57 43 62 49 2 266
1 22 64 41 61 42 1 267
1 72 61 37 57 44 5 268
1 96 59 42 57 46 1 269
1 72 59 44 64 36 1 270
1 16 59 36 59 36 1 271
1 27 61 39 50 57 1 272
0 108 59 45 58 16 5 273
1 36 63 40 64 36 1 274
0 72 54 50 51 52 3 275
1 120 63 36 47 30 1 276
1 72 50 54 53 51 3 277
1 79 6 10 43 9 2 278
1 88 63 42 58 53 1 279
1 36 50 56 61 39 1 280
1 36 60 45 52 32 1 281
0 72 61 44 58 43 3 282
1 100 66 31 64 34 4 283
0 137 56 59 52 64 3 284
1 36 61 48 66 34 1 285
0 72 62 41 57 46 5 286
1 72 61 46 61 46 1 287
0 139 53 50 51 57 3 288
1 55 60 45 51 55 1 289
0 136 54 62 56 46 4 290
1 55 58 38 62 39 2 291
0 31 59 42 59 40 3 292
0 108 55 56 52 61 3 293
1 57 59 41 57 42 1 294
0 121 47 60 28 86 3 295
0 137 53 51 50 54 3 296
1 36 55 47 58 43 2 297
1 7 61 36 51 54 2 298
1 103 60 44 55 47 2 299
0 72 59 41 57 43 3 300
1 143 53 54 52 52 1 301
1 45 58 43 65 32 4 302
0 36 61 46 56 44 3 303
1 108 52 67 60 49 5 304
1 36 60 44 56 45 2 305
1 83 52 49 53 49 1 306
1 57 62 42 61 35 1 307
0 72 52 49 49 54 3 308
0 136 61 36 63 36 3 309
1 51 59 36 64 42 4 310
0 88 49 37 44 28 3 311
0 128 58 44 56 43 3 312
1 12 59 38 49 57 1 313
1 143 60 34 60 44 2 314
0 123 51 64 33 71 3 315
0 36 59 35 56 45 3 316
1 108 39 54 38 46 2 317
1 55 61 43 52 55 1 318
0 95 55 49 58 54 3 319
1 72 63 39 49 56 1 320
0 36 57 46 62 44 3 321
1 108 48 60 50 66 1 322
1 22 64 44 56 60 1 323
1 24 59 42 52 49 3 324
1 66 59 40 65 39 1 325
0 72 51 55 53 56 3 326
0 36 65 35 50 57 3 327
0 31 63 35 55 49 3 328
0 13 62 42 59 39 3 329
1 45 51 64 55 61 1 330
1 31 40 44 48 63 3 331
0 25 58 43 54 20 4 332
0 72 56 45 62 39 3 333
1 124 59 41 56 48 2 334
1 72 63 43 57 57 6 335
1 36 49 52 51 51 2 336
1 9 56 56 61 47 1 337
0 128 60 44 58 40 3 338
0 108 65 33 65 30 3 339
0 31 55 51 64 30 4 340
1 72 59 41 59 43 5 341
1 83 59 41 51 52 3 342
1 120 51 64 52 63 1 343
0 143 52 65 50 58 3 344
0 0 63 45 59 50 3 345
0 70 63 39 57 40 3 346
0 106 44 51 51 44 3 347
0 108 54 59 55 46 5 348
1 84 50 52 55 62 1 349
1 137 59 38 58 55 2 350
1 140 59 46 64 33 2 351
1 15 55 45 59 39 2 352
1 36 48 69 52 66 1 353
0 30 50 57 51 67 3 354
1 43 64 40 62 40 1 355
0 43 58 43 55 57 3 356
0 108 66 33 60 52 3 357
1 72 62 40 57 40 5 358
0 72 57 45 57 40 3 359
1 30 56 23 64 42 2 360
0 74 54 46 58 43 3 361
1 24 57 55 50 56 2 362
0 120 49 54 59 50 4 363
1 108 60 42 62 40 1 364
0 3 59 40 62 20 3 365
1 95 60 42 64 40 1 366
0 108 64 36 65 30 3 367
0 36 57 43 47 64 5 368
0 101 59 42 57 44 3 369
0 36 50 54 54 49 3 370
0 108 60 44 51 52 3 371
1 30 61 44 50 55 2 372
1 82 59 39 59 52 2 373
1 108 61 39 61 42 1 374
1 36 51 49 50 33 1 375
1 70 60 46 53 49 2 376
0 36 58 46 60 45 3 377
0 72 56 56 59 50 3 378
0 104 53 49 57 41 3 379
1 36 52 50 56 44 1 380
1 139 61 43 62 40 2 381
0 36 50 55 50 56 5 382
0 72 55 50 53 52 3 383
1 134 58 43 60 39 2 384
0 36 64 42 58 54 3 385
1 18 62 37 57 55 1 386
0 143 56 50 58 38 3 387
0 108 54 48 57 51 3 388
0 36 61 36 57 57 3 389
0 72 51 55 51 53 6 390
0 72 65 30 61 49 3 391
1 143 57 45 63 35 2 392
1 72 52 67 52 65 1 393
1 41 56 44 56 46 4 394
0 137 48 34 50 39 3 395
1 120 60 50 52 49 2 396
1 99 64 34 56 17 1 397
0 36 56 54 57 47 5 398
0 108 58 35 43 30 3 399
1 129 65 30 54 47 2 400
1 143 64 35 60 44 5 401
1 59 50 54 59 38 3 402
1 36 64 42 51 55 2 403
0 12 62 38 51 32 4 404
0 108 63 37 58 43 3 405
0 136 51 55 56 60 3 406
0 96 61 21 56 42 3 407
1 87 63 31 57 36 1 408
0 94 55 45 57 42 3 409
0 5 46 81 48 63 3 410
1 108 55 61 52 53 1 411
0 72 58 52 60 43 3 412
0 25 58 55 62 49 3 413
0 72 59 35 60 35 3 414
0 108 57 47 50 52 3 415
1 137 54 46 59 40 1 416
1 76 50 57 63 42 1 417
1 143 49 54 57 42 1 418
1 72 57 47 0 16 2 419
1 86 49 65 51 68 2 420
1 64 60 45 52 53 1 421
0 108 57 24 61 46 3 422
1 76 59 44 43 43 1 423
1 72 60 47 61 44 1 424
1 12 50 58 50 56 3 425
1 36 59 51 47 67 1 426
0 66 62 41 64 43 3 427
0 36 62 44 56 44 5 428
1 143 49 66 50 67 6 429
1 58 52 49 53 47 1 430
0 143 49 56 59 34 3 431
0 72 60 51 54 47 3 432
1 72 57 45 51 54 1 433
0 108 59 42 59 42 4 434
0 0 50 54 59 50 3 435
1 58 59 39 52 63 1 436
0 72 59 37 60 45 6 437
0 23 69 6 69 6 3 438
0 87 57 47 59 39 3 439
0 72 59 25 62 38 3 440
1 108 57 37 50 63 1 441
1 36 49 59 48 62 5 442
0 101 56 44 57 42 3 443
1 36 59 38 57 45 1 444
1 25 57 55 50 55 2 445
0 130 55 48 60 38 3 446
1 108 50 33 47 33 5 447
0 23 55 50 64 42 4 448
1 72 54 49 58 45 1 449
0 72 54 48 49 53 3 450
0 138 62 40 50 55 3 451
1 48 54 53 50 52 2 452
1 91 56 46 55 45 1 453
1 36 64 40 60 44 1 454
0 118 61 49 59 55 3 455
1 123 61 51 61 46 1 456
0 126 51 62 51 69 3 457
0 19 52 52 53 35 3 458
1 108 60 47 59 41 3 459
0 96 59 39 57 46 3 460
1 108 57 53 51 63 1 461
1 36 50 53 50 56 1 462
1 44 54 62 50 70 2 463
1 96 46 61 48 62 1 464
1 49 57 45 49 54 1 465
0 36 66 31 65 34 3 466
0 108 61 41 58 52 3 467
1 36 64 41 52 65 2 468
1 36 30 53 36 49 1 469
1 56 60 44 56 39 2 470
0 72 56 35 56 35 3 471
1 85 63 46 60 35 1 472
0 13 64 42 55 44 3 473
0 44 54 51 54 64 3 474
1 36 51 63 63 49 6 475
1 65 61 43 61 42 1 476
1 36 51 57 51 49 1 477
1 15 55 60 53 63 2 478
0 2 62 50 58 54 3 479
1 72 58 51 58 51 1 480
0 143 59 35 59 41 5 481
1 21 55 48 59 46 2 482
1 72 58 42 60 39 2 483
0 79 59 32 59 45 3 484
1 85 52 63 52 63 1 485
1 128 57 42 56 44 1 486
1 126 50 53 57 57 3 487
1 36 53 47 50 53 1 488
0 0 59 52 54 51 3 489
1 0 60 36 65 29 3 490
0 126 63 41 61 36 3 491
0 143 51 53 56 50 3 492
0 65 60 40 58 39 3 493
1 69 54 47 59 39 1 494
0 91 62 37 63 42 3 495
0 36 58 55 60 43 3 496
1 142 57 41 57 41 1 497
0 36 50 54 56 55 5 498
0 93 63 31 61 49 3 499
1 124 60 52 62 43 1 500
0 143 50 55 48 78 3 501
1 141 57 57 54 51 1 502
1 36 51 39 58 27 6 503
0 103 56 47 55 51 3 504
0 36 56 45 50 52 3 505
0 92 54 51 58 52 3 506
1 108 61 42 60 37 5 507
0 48 57 45 53 26 3 508
0 108 60 44 58 54 3 509
0 7 62 38 60 38 3 510
0 108 59 35 59 35 5 511
1 108 64 30 45 79 1 512
0 36 63 40 55 48 3 513
0 138 54 23 49 53 3 514
0 92 58 43 55 49 3 515
0 36 47 77 46 79 3 516
1 108 58 45 56 44 1 517
0 45 58 43 54 20 3 518
1 108 50 56 52 49 1 519
1 74 55 48 60 42 2 520
1 72 51 40 43 48 1 521
0 0 56 46 57 46 3 522
1 61 55 47 50 57 2 523
0 36 54 51 52 54 5 524
1 72 48 32 49 6 2 525
1 82 64 45 49 54 3 526
1 85 55 47 56 45 1 527
1 81 63 45 64 42 1 528
1 72 63 42 63 37 1 529
1 118 51 63 55 59 1 530
0 66 61 44 65 34 3 531
0 120 51 26 51 25 3 532
0 120 64 37 55 50 3 533
1 139 62 49 63 41 1 534
0 93 54 47 58 38 3 535
0 72 55 61 57 56 3 536
1 134 54 60 56 55 2 537
1 135 56 48 56 40 2 538
0 136 51 56 53 52 3 539
0 100 62 42 65 30 3 540
1 42 51 53 55 47 2 541
1 117 63 43 61 41 1 542
0 63 56 49 58 46 3 543
0 108 63 38 57 57 3 544
1 79 57 57 54 50 2 545
0 72 45 80 39 77 3 546
1 77 60 38 51 51 2 547
0 72 59 19 54 11 3 548
1 36 55 56 62 40 3 549
1 143 53 60 51 54 6 550
1 108 53 54 57 54 6 551
0 4 63 37 55 58 3 552
1 108 55 57 66 31 1 553
1 75 62 36 63 46 1 554
0 72 9 14 9 14 3 555
1 36 59 43 52 54 1 556
0 108 61 35 51 52 3 557
1 36 51 53 53 49 1 558
1 72 63 43 61 46 1 559
1 36 50 55 48 60 2 560
1 72 53 52 64 46 6 561
1 141 33 47 30 43 1 562
1 36 58 43 59 38 1 563
1 18 55 50 48 57 2 564
0 101 50 58 61 35 3 565
0 84 61 38 62 40 3 566
1 49 59 35 58 52 2 567
0 108 63 37 57 44 3 568
1 93 60 54 59 39 1 569
1 108 61 36 58 39 2 570
0 108 58 55 60 51 3 571
1 108 48 62 48 62 1 572
0 0 57 46 65 29 3 573
0 18 58 52 56 47 3 574
1 36 53 50 50 53 1 575
1 108 51 52 56 38 1 576
1 36 63 36 65 35 1 577
0 73 54 60 58 57 3 578
1 120 59 46 37 99 1 579
0 72 54 47 57 42 3 580
0 36 52 63 54 59 3 581
1 36 56 54 53 49 5 582
0 108 60 45 52 50 5 583
0 68 62 46 65 31 3 584
0 103 54 48 58 44 3 585
0 95 50 69 47 64 3 586
1 72 63 45 57 41 1 587
1 72 49 57 51 38 1 588
1 18 57 46 43 85 2 589
1 45 54 47 63 43 1 590
1 108 62 36 64 42 6 591
0 90 58 43 49 47 3 592
1 108 56 55 56 59 1 593
0 138 56 45 58 52 3 594
0 87 59 43 57 49 3 595
1 39 58 53 55 57 1 596
1 67 58 43 48 63 1 597
0 24 54 49 40 51 3 598
0 63 52 25 65 34 3 599
0 36 63 39 52 49 3 600
1 42 58 48 56 48 2 601
0 72 56 43 51 51 3 602
0 72 58 41 56 45 3 603
1 31 56 59 61 40 1 604
1 47 59 19 59 37 1 605
1 72 56 42 50 17 1 606
0 48 61 46 60 36 4 607
1 72 46 29 66 30 1 608
1 129 57 46 52 52 4 609
0 143 52 49 50 56 3 610
0 14 51 53 62 37 3 611
0 36 45 30 50 38 3 612
1 108 63 44 60 35 2 613
0 93 59 39 61 48 3 614
1 85 57 56 55 62 1 615
1 108 50 60 57 47 1 616
0 36 58 40 60 43 3 617
1 36 59 40 50 55 1 618
0 126 52 53 50 56 4 619
0 115 55 46 58 43 3 620
0 0 58 51 56 58 3 621
0 57 53 47 55 25 3 622
1 109 53 50 59 51 1 623
1 22 49 56 52 48 2 624
1 63 56 50 59 38 3 625
1 36 46 79 58 42 1 626
1 72 56 23 63 36 1 627
1 72 55 26 51 51 2 628
0 36 60 51 59 36 3 629
1 42 55 49 28 42 4 630
0 72 64 42 51 44 3 631
0 61 56 49 60 45 3 632
1 108 62 40 52 55 1 633
1 4 57 20 52 11 1 634
1 124 54 48 56 56 1 635
0 108 65 33 60 36 3 636
1 143 54 48 57 47 1 637
1 3 45 63 47 59 1 638
1 36 50 58 56 43 2 639
0 132 54 47 60 39 3 640
1 108 51 57 44 43 1 641
1 39 61 39 50 54 3 642
1 108 60 52 48 46 1 643
1 66 52 56 55 60 2 644
0 108 59 39 58 21 3 645
1 105 57 38 52 51 2 646
0 36 61 44 52 56 4 647
1 103 56 45 59 44 3 648
0 22 54 58 57 57 3 649
1 36 51 51 60 49 1 650
0 57 53 65 56 59 3 651
0 66 64 33 50 57 3 652
1 33 56 46 59 35 4 653
1 108 65 33 51 51 1 654
0 143 50 52 61 44 5 655
0 8 56 50 56 46 3 656
1 52 56 45 59 50 1 657
0 108 49 55 57 58 3 658
0 22 61 43 55 61 3 659
1 36 62 43 64 45 2 660
1 108 60 52 61 46 1 661
0 30 61 22 58 26 3 662
0 8 62 41 60 37 3 663
1 73 60 52 62 34 1 664
1 72 61 37 60 45 1 665
1 47 57 46 59 40 1 666
1 36 53 48 51 56 1 667
0 36 62 47 61 46 3 668
0 72 53 48 58 47 3 669
1 36 64 42 59 45 4 670
1 36 49 53 61 23 1 671
1 108 52 48 56 45 5 672
1 133 62 41 61 36 1 673
0 108 58 44 58 44 3 674
1 43 59 38 52 25 3 675
0 28 52 56 54 51 3 676
0 36 63 41 62 38 3 677
0 38 63 39 58 40 3 678
0 73 63 45 57 20 3 679
1 89 63 36 60 38 1 680
1 108 64 42 61 51 1 681
0 36 48 57 42 51 3 682
0 143 54 48 53 55 3 683
1 22 52 53 50 57 2 684
0 36 66 32 53 54 3 685
1 70 57 46 58 43 1 686
0 36 66 33 49 23 3 687
1 72 62 38 43 53 2 688
1 36 56 48 59 38 1 689
0 46 52 53 57 44 3 690
1 36 53 64 64 42 1 691
0 108 51 55 61 40 5 692
1 36 63 45 60 50 2 693
0 72 50 55 62 36 3 694
1 36 64 42 57 45 6 695
0 34 57 43 60 43 3 696
0 36 66 31 64 35 4 697
1 2 57 41 50 55 1 698
0 143 61 47 58 44 3 699
1 27 51 37 59 50 1 700
1 108 63 37 61 41 6 701
1 36 59 43 48 59 2 702
0 36 54 62 56 56 4 703
1 108 59 43 62 39 1 704
1 138 58 43 49 35 1 705
1 36 52 56 52 56 1 706
0 127 56 50 57 56 3 707
0 135 50 64 59 55 3 708
0 36 61 37 55 60 3 709
0 0 56 45 59 42 3 710
1 143 57 57 48 53 1 711
0 132 53 65 56 51 4 712
1 133 50 59 54 47 2 713
1 123 51 53 52 52 1 714
0 36 48 33 60 33 6 715
0 72 60 37 54 50 3 716
0 135 62 37 57 33 3 717
1 36 53 49 53 49 2 718
0 36 60 40 53 50 3 719
0 72 64 36 60 26 3 720
0 84 56 60 54 62 3 721
1 83 55 25 52 13 2 722
1 69 60 50 63 43 2 723
1 36 56 49 58 43 5 724
1 108 59 45 64 41 2 725
0 36 50 54 59 41 4 726
0 72 57 44 36 97 6 727
0 108 57 42 63 35 3 728
1 57 54 64 53 66 1 729
1 36 57 47 55 61 1 730
1 108 63 43 61 36 3 731
0 22 57 41 60 45 3 732
1 26 57 53 46 78 2 733
1 85 50 52 63 43 1 734
0 72 61 38 62 42 3 735
1 108 57 57 55 61 4 736
0 6 52 54 55 58 3 737
1 85 50 33 64 2 1 738
1 58 58 50 63 39 1 739
0 72 57 47 54 47 3 740
1 55 52 33 53 52 1 741
0 117 51 52 43 42 3 742
1 60 64 42 57 55 1 743
0 27 53 48 60 45 3 744
0 91 53 51 59 45 3 745
1 72 60 46 62 50 1 746
0 130 56 48 60 51 3 747
1 36 61 47 52 51 1 748
0 143 56 44 58 38 3 749
0 77 65 33 64 30 3 750
0 96 56 58 53 63 3 751
0 54 50 53 57 54 3 752
1 36 59 42 50 54 5 753
1 72 60 29 42 32 1 754
1 47 50 38 63 36 3 755
1 6 53 64 64 42 3 756
1 108 59 40 56 45 2 757
1 36 61 24 61 48 1 758
0 23 64 42 54 46 3 759
1 108 52 33 57 44 1 760
0 69 51 51 59 40 3 761
0 108 60 53 59 51 3 762
1 54 61 42 64 30 1 763
0 28 61 40 63 35 3 764
0 34 58 55 53 64 3 765
0 108 52 50 49 54 5 766
0 13 52 52 48 58 3 767
0 74 62 22 59 25 3 768
1 72 53 48 41 55 5 769
1 141 58 41 55 61 2 770
1 69 60 40 62 44 1 771
1 39 63 36 61 37 1 772
0 38 49 53 49 50 3 773
1 36 62 50 50 58 2 774
0 122 53 49 54 47 3 775
0 136 50 43 40 56 3 776
1 109 57 20 54 20 2 777
0 36 57 42 54 47 3 778
0 55 63 44 61 44 3 779
0 108 62 47 59 43 5 780
1 108 61 35 57 44 1 781
0 36 58 36 64 42 3 782
0 4 59 44 63 35 3 783
0 108 58 51 55 50 3 784
1 72 59 45 52 50 4 785
0 85 56 36 56 35 3 786
1 72 49 54 51 52 2 787
0 103 57 37 53 52 3 788
0 130 53 64 58 51 3 789
1 128 53 60 49 55 2 790
1 31 57 47 50 57 4 791
0 72 59 41 62 47 3 792
1 82 51 33 49 32 3 793
1 109 63 41 51 19 1 794
0 27 60 42 64 45 3 795
0 43 55 47 55 50 3 796
1 108 61 47 55 45 1 797
0 42 51 56 51 51 3 798
0 135 61 45 52 33 3 799
0 36 62 40 63 40 5 800
0 27 60 50 59 36 3 801
0 108 58 43 51 35 3 802
0 72 58 40 58 44 3 803
1 108 62 38 61 39 6 804
0 72 54 60 55 59 5 805
0 72 63 49 59 44 3 806
1 108 54 48 37 71 2 807
1 108 65 36 62 47 1 808
0 108 56 40 56 15 3 809
0 72 64 43 60 44 3 810
0 27 52 34 51 35 3 811
0 91 59 42 55 46 3 812
1 13 58 53 51 67 1 813
1 34 64 40 64 40 1 814
1 108 57 44 60 45 5 815
1 36 54 50 54 58 5 816
0 72 6 10 61 44 3 817
1 0 50 54 57 43 1 818
1 34 58 56 49 56 1 819
0 0 64 36 46 63 3 820
0 36 49 56 50 54 5 821
0 36 62 37 57 15 3 822
1 141 54 51 48 54 3 823
1 62 57 16 69 6 3 824
1 37 36 42 53 54 2 825
0 36 60 35 65 34 3 826
0 48 57 42 63 40 3 827
0 9 57 38 59 37 3 828
1 72 62 41 60 49 2 829
0 15 51 52 29 48 3 830
1 36 56 56 53 48 1 831
0 72 54 49 46 60 3 832
1 78 59 35 61 35 2 833
1 142 57 40 58 47 1 834
1 88 66 32 63 39 1 835
0 78 54 50 57 42 3 836
0 36 61 43 59 55 6 837
1 108 64 34 59 53 1 838
0 36 59 45 57 44 3 839
0 123 58 39 63 41 3 840
0 139 58 26 62 38 4 841
1 76 60 45 50 55 4 842
0 72 55 49 52 35 3 843
1 36 60 37 61 36 1 844
0 72 57 38 60 36 3 845
1 64 65 30 61 48 1 846
1 36 63 42 61 46 5 847
1 10 59 35 57 45 1 848
1 72 63 46 54 49 1 849
0 137 53 52 56 47 3 850
0 140 59 45 51 40 3 851
1 40 58 39 57 44 1 852
0 105 57 46 46 46 3 853
0 101 58 43 63 34 3 854
0 130 59 40 60 43 3 855
0 72 60 43 58 42 3 856
0 126 65 30 66 30 3 857
1 109 57 56 50 56 1 858
0 36 57 45 59 43 3 859
0 91 63 45 57 55 3 860
1 59 58 38 48 65 1 861
1 27 56 45 64 31 1 862
0 72 62 42 58 50 3 863
0 108 56 48 57 48 3 864
0 132 49 54 65 35 3 865
1 133 67 30 60 40 1 866
1 72 61 35 59 36 3 867
0 43 48 33 57 18 3 868
0 96 53 50 59 43 3 869
1 42 51 53 54 57 1 870
1 143 46 48 46 48 1 871
0 31 62 40 63 45 3 872
1 76 54 48 49 59 2 873
1 139 60 41 56 39 2 874
1 122 50 70 32 45 2 875
0 72 51 54 59 39 3 876
0 36 63 31 62 49 6 877
1 72 59 40 63 49 1 878
1 108 60 43 57 41 2 879
0 0 59 40 63 37 3 880
1 120 60 44 55 43 2 881
1 69 55 47 59 38 1 882
1 4 54 63 57 56 1 883
0 72 53 54 50 53 3 884
1 108 51 53 53 50 5 885
1 80 62 35 60 50 1 886
1 36 52 67 41 89 1 887
0 66 64 43 54 48 3 888
0 36 58 43 57 46 3 889
0 143 58 39 55 57 6 890
1 34 51 54 37 47 1 891
0 72 61 52 56 61 3 892
1 143 62 47 62 36 2 893
1 108 61 44 60 46 1 894
1 25 48 65 52 61 1 895
1 121 60 32 65 31 1 896
0 10 59 38 61 36 3 897
0 87 54 63 50 59 3 898
0 58 58 46 67 30 3 899
0 108 62 36 55 46 3 900
1 36 59 39 56 46 2 901
0 72 63 34 47 64 5 902
0 72 57 55 58 52 3 903
1 41 55 45 55 48 4 904
0 3 59 38 42 31 3 905
1 36 64 33 61 36 1 906
0 36 62 35 56 41 3 907
1 3 46 64 32 46 1 908
0 72 57 43 49 57 5 909
1 72 59 43 57 49 5 910
0 72 50 32 44 30 5 911
1 108 61 35 58 38 1 912
0 40 58 52 58 54 3 913
1 28 65 38 63 41 1 914
1 72 51 53 54 50 1 915
0 72 53 48 51 52 3 916
1 67 51 53 51 56 2 917
0 66 59 55 46 31 3 918
1 131 63 41 57 37 1 919
1 108 64 44 59 40 6 920
0 72 59 40 61 45 3 921
1 102 56 43 60 42 1 922
0 63 63 43 58 32 3 923
1 143 54 53 55 49 5 924
1 36 60 33 64 31 1 925
0 112 56 48 57 40 3 926
1 6 63 40 50 55 2 927
1 4 55 47 58 36 4 928
1 108 51 44 60 43 1 929
1 16 47 73 39 69 1 930
0 72 59 55 56 60 5 931
0 36 58 45 59 43 3 932
0 108 56 57 58 52 3 933
0 72 57 42 57 44 3 934
1 107 50 54 57 45 2 935
1 71 50 57 57 39 1 936
0 36 61 47 64 42 3 937
1 36 55 50 55 47 1 938
1 11 50 58 50 56 1 939
0 72 63 43 59 45 3 940
0 36 51 52 55 45 3 941
0 36 64 35 60 33 3 942
0 117 60 48 63 39 3 943
1 108 60 40 42 73 1 944
1 124 63 42 63 46 1 945
0 108 66 34 64 31 6 946
0 117 56 38 59 52 3 947
1 123 58 51 56 58 1 948
0 109 47 66 54 59 3 949
1 39 49 56 59 40 2 950
0 66 59 44 59 38 3 951
1 72 59 44 61 34 4 952
0 4 61 35 64 37 3 953
1 72 52 33 56 46 1 954
0 136 54 50 51 53 3 955
1 74 59 43 64 35 1 956
0 72 54 49 52 54 6 957
0 108 60 51 61 35 3 958
1 0 54 50 53 48 2 959
0 30 60 34 59 38 3 960
0 108 54 44 60 29 3 961
1 36 58 54 54 48 1 962
1 61 59 32 62 46 1 963
0 72 51 54 54 48 3 964
0 75 51 54 59 39 3 965
0 121 55 60 51 55 3 966
0 108 57 42 58 41 3 967
1 72 54 63 64 48 1 968
0 124 49 56 65 32 3 969
1 72 52 34 64 36 5 970
0 129 42 43 51 52 3 971
0 36 59 44 54 58 3 972
0 108 48 72 48 62 3 973
1 72 58 56 51 51 1 974
0 60 46 66 61 49 3 975
1 55 60 43 63 46 2 976
0 108 59 44 59 44 3 977
1 72 54 48 60 46 2 978
0 39 58 37 57 44 4 979
1 36 58 43 62 37 2 980
0 46 60 45 62 41 3 981
0 36 61 39 43 52 5 982
1 36 55 47 60 45 5 983
1 72 57 44 55 47 1 984
0 36 62 48 47 29 5 985
0 36 52 34 45 32 3 986
0 72 52 54 56 46 3 987
0 108 63 31 59 46 3 988
1 31 56 46 63 44 1 989
1 108 62 38 53 51 2 990
0 36 48 63 50 53 5 991
1 36 55 47 57 44 1 992
0 36 58 43 53 59 5 993
1 108 58 51 58 38 1 994
0 43 59 40 59 40 3 995
1 142 56 38 56 38 1 996
0 108 42 53 55 44 3 997
1 6 56 45 56 49 2 998
0 113 49 56 56 44 3 999
1 72 54 47 63 38 2 1000
0 100 57 46 57 43 3 1001
0 72 55 46 58 44 3 1002
0 36 52 55 57 54 3 1003
1 72 50 53 49 4 4 1004
1 3 62 36 60 37 2 1005
1 70 61 23 58 17 2 1006
0 21 55 46 52 53 4 1007
0 36 57 45 51 64 3 1008
0 94 62 43 61 49 3 1009
1 36 59 40 60 38 1 1010
1 36 49 52 57 39 1 1011
1 108 59 55 61 26 4 1012
1 108 36 44 33 44 1 1013
0 36 58 38 60 45 3 1014
1 72 57 33 59 35 3 1015
1 72 60 25 60 38 5 1016
0 108 51 69 49 66 5 1017
1 132 50 53 64 34 1 1018
0 74 63 43 62 42 3 1019
0 72 62 38 55 43 3 1020
1 108 61 35 58 43 5 1021
0 108 61 36 63 38 3 1022
1 72 54 48 59 40 1 1023
0 57 62 44 56 43 3 1024
0 36 60 42 61 37 3 1025
0 105 61 49 52 53 3 1026
1 117 59 36 60 41 1 1027
0 36 59 39 41 50 3 1028
0 24 60 45 49 53 3 1029
0 105 51 52 56 43 3 1030
1 60 61 52 58 51 3 1031
1 115 55 49 58 44 4 1032
1 90 64 36 64 40 2 1033
1 2 60 42 57 39 2 1034
0 72 58 41 53 54 6 1035
0 127 51 53 60 50 3 1036
0 97 58 34 58 34 3 1037
0 36 57 58 63 34 3 1038
0 82 65 35 60 44 3 1039
0 35 56 54 48 56 4 1040
0 36 54 61 59 54 3 1041
0 73 64 34 59 36 3 1042
0 72 64 33 59 44 3 1043
0 108 60 50 50 56 3 1044
1 36 58 36 51 50 1 1045
1 72 58 55 46 49 1 1046
1 36 59 40 48 66 2 1047
1 60 59 44 59 46 2 1048
1 13 56 48 48 54 1 1049
0 7 51 53 53 50 3 1050
1 137 53 50 52 54 2 1051
0 32 54 20 51 65 3 1052
1 139 60 37 57 57 3 1053
1 72 58 42 57 52 1 1054
1 36 53 32 60 28 4 1055
0 99 58 47 50 63 3 1056
1 36 52 67 60 48 2 1057
1 96 58 26 62 35 2 1058
1 123 63 41 59 41 2 1059
0 108 53 63 61 45 3 1060
0 25 47 31 50 37 3 1061
1 143 56 58 46 76 1 1062
1 108 56 40 57 43 3 1063
1 108 49 69 58 55 1 1064
1 95 56 38 51 44 2 1065
1 72 50 56 44 84 6 1066
1 69 62 34 54 48 2 1067
0 72 43 77 43 77 3 1068
1 72 58 52 62 36 1 1069
0 72 60 44 47 77 3 1070
0 60 58 46 61 36 3 1071
1 108 63 45 57 55 1 1072
0 108 57 45 54 61 4 1073
1 122 60 35 64 34 2 1074
0 50 51 56 59 54 3 1075
0 72 58 41 52 49 3 1076
0 18 58 41 54 49 3 1077
0 135 55 47 51 52 3 1078
0 108 63 43 64 41 5 1079
1 108 58 45 61 36 1 1080
1 108 65 30 58 38 1 1081
1 37 63 45 61 49 2 1082
0 19 57 46 55 48 3 1083
0 108 59 36 51 23 3 1084
0 44 55 43 61 43 3 1085
0 139 57 36 59 36 3 1086
0 10 58 45 57 45 3 1087
1 0 56 58 52 63 1 1088
0 72 60 34 63 31 6 1089
0 127 59 40 61 41 3 1090
0 114 50 56 57 53 3 1091
1 108 56 44 59 38 1 1092
1 72 55 60 59 39 1 1093
0 72 65 35 67 31 3 1094
0 36 59 42 59 45 3 1095
0 108 49 72 50 71 5 1096
1 45 54 49 55 50 1 1097
1 108 46 64 53 63 4 1098
0 72 54 47 57 42 3 1099
1 72 55 48 52 51 1 1100
1 46 63 41 49 56 1 1101
0 2 62 39 61 24 3 1102
1 130 54 63 52 67 1 1103
1 143 56 42 34 45 2 1104
0 59 64 42 62 47 3 1105
1 66 61 44 62 42 2 1106
0 70 57 55 59 53 3 1107
0 108 61 35 50 32 4 1108
0 143 49 54 53 56 3 1109
0 51 53 47 50 33 4 1110
1 36 57 40 60 43 2 1111
1 36 45 31 52 66 1 1112
0 72 57 57 50 54 5 1113
0 143 61 47 60 44 3 1114
1 114 60 43 39 35 1 1115
1 121 57 42 58 35 1 1116
0 72 52 56 50 58 5 1117
1 76 49 55 56 59 1 1118
1 122 59 51 60 50 1 1119
0 23 52 66 54 60 3 1120
0 116 50 58 56 58 3 1121
0 72 63 36 64 32 3 1122
1 0 56 59 55 21 2 1123
0 36 58 39 57 50 5 1124
0 139 56 58 49 54 3 1125
1 123 63 45 57 46 1 1126
0 61 58 36 64 40 3 1127
0 76 55 61 50 57 3 1128
1 72 48 55 56 44 1 1129
1 135 53 48 57 54 1 1130
1 131 58 43 60 40 1 1131
1 12 53 54 61 50 1 1132
1 36 56 54 53 59 1 1133
0 6 54 49 55 47 4 1134
1 36 58 51 60 43 2 1135
1 69 56 57 46 31 2 1136
1 108 58 38 64 42 2 1137
0 105 55 46 58 44 3 1138
1 108 59 35 61 37 1 1139
1 72 59 54 62 44 5 1140
0 36 63 31 49 53 3 1141
0 55 52 62 40 67 3 1142
1 48 53 54 53 52 1 1143
0 105 54 51 52 54 3 1144
1 72 48 53 50 54 1 1145
1 81 57 44 64 32 1 1146
0 1 61 51 58 39 3 1147
0 72 61 41 64 42 3 1148
0 72 60 35 58 39 3 1149
0 64 58 56 56 57 3 1150
1 3 51 55 51 51 1 1151
0 72 56 40 60 35 3 1152
0 72 62 43 52 67 6 1153
1 99 70 44 70 44 1 1154
0 52 63 43 58 54 3 1155
0 124 62 39 61 37 3 1156
1 130 57 44 55 45 1 1157
0 121 60 43 59 51 3 1158
0 13 53 53 57 43 4 1159
0 72 51 52 55 49 3 1160
1 126 63 36 57 44 1 1161
0 143 56 54 43 51 3 1162
1 52 56 59 58 54 1 1163
1 36 62 39 66 34 2 1164
1 85 55 44 58 41 1 1165
0 103 58 43 57 37 3 1166
1 49 61 39 55 47 1 1167
1 102 59 39 64 43 1 1168
1 143 58 44 58 42 1 1169
0 5 63 46 62 33 3 1170
0 108 60 45 61 40 3 1171
1 108 58 55 37 37 1 1172
0 75 63 43 59 42 3 1173
1 108 5 10 59 54 1 1174
1 86 54 46 59 38 3 1175
1 72 63 35 57 42 1 1176
0 72 58 41 49 55 3 1177
0 52 62 42 64 40 3 1178
0 108 52 26 48 20 3 1179
1 104 57 40 59 49 2 1180
1 108 59 37 57 40 2 1181
1 126 53 48 59 38 1 1182
0 93 54 47 59 43 3 1183
0 36 55 49 60 52 3 1184
1 36 59 51 50 68 5 1185
0 33 64 40 60 42 3 1186
1 84 49 56 55 48 1 1187
1 108 67 30 58 36 1 1188
0 121 49 54 62 41 3 1189
1 36 62 49 59 45 1 1190
1 72 57 41 60 45 1 1191
1 36 62 37 60 34 5 1192
1 114 53 64 54 49 1 1193
0 36 61 41 57 44 3 1194
1 139 56 37 48 57 1 1195
0 108 55 47 55 47 5 1196
0 137 62 43 61 49 3 1197
1 108 47 62 43 65 5 1198
0 72 51 52 57 42 3 1199
0 108 46 49 63 46 5 1200
1 56 49 36 52 33 3 1201
0 7 55 59 54 48 3 1202
0 108 55 48 57 50 3 1203
0 0 64 35 63 49 3 1204
1 9 57 38 59 42 1 1205
0 48 57 45 61 42 3 1206
0 127 48 60 33 68 3 1207
1 101 61 41 55 47 1 1208
0 143 51 55 50 55 3 1209
0 22 61 40 54 50 3 1210
1 7 59 39 59 37 1 1211
1 72 53 54 64 37 1 1212
1 108 54 60 55 62 1 1213
0 61 54 47 52 47 3 1214
1 69 60 40 64 39 3 1215
1 15 57 46 52 51 4 1216
0 99 63 49 62 50 3 1217
0 140 63 46 61 43 3 1218
1 108 62 41 58 39 5 1219
1 138 57 57 50 56 1 1220
0 108 51 53 65 30 3 1221
1 7 55 46 61 45 1 1222
1 11 49 73 41 85 2 1223
0 128 59 41 65 33 3 1224
1 133 51 53 40 48 1 1225
1 17 54 22 57 20 2 1226
0 78 64 43 42 29 3 1227
0 72 56 44 53 32 3 1228
0 36 63 36 60 38 3 1229
1 72 58 45 54 51 1 1230
0 28 62 35 58 39 3 1231
0 121 59 34 58 39 3 1232
0 61 61 46 49 53 3 1233
1 131 64 42 60 51 1 1234
0 36 51 50 62 41 3 1235
0 36 56 59 57 54 3 1236
1 36 52 53 55 47 2 1237
1 103 49 35 62 38 4 1238
0 67 55 60 48 53 4 1239
1 24 58 27 52 49 2 1240
0 135 59 35 65 31 3 1241
0 111 52 52 59 40 3 1242
1 36 59 40 55 59 2 1243
1 72 50 56 63 38 2 1244
0 108 61 41 60 49 3 1245
1 36 50 54 52 52 4 1246
0 72 46 33 57 20 3 1247
0 112 58 42 55 49 3 1248
1 42 59 35 50 55 1 1249
0 72 57 44 59 36 3 1250
1 43 57 41 58 43 1 1251
1 36 54 64 55 61 1 1252
0 36 49 56 47 61 5 1253
1 84 56 48 57 47 1 1254
0 82 59 38 66 31 3 1255
0 108 61 35 59 45 3 1256
0 54 53 49 58 36 3 1257
1 3 48 64 49 59 1 1258
0 62 60 41 57 46 3 1259
1 45 61 41 57 44 2 1260
1 5 58 40 43 83 2 1261
0 143 59 38 55 60 3 1262
0 143 57 46 39 84 3 1263
1 129 50 22 50 22 2 1264
0 107 50 56 64 31 3 1265
1 72 58 35 52 49 2 1266
1 108 63 42 55 60 2 1267
0 137 53 48 53 60 3 1268
0 108 60 38 62 40 3 1269
1 36 56 40 51 62 3 1270
1 143 49 57 59 46 1 1271
1 125 60 35 62 32 1 1272
1 72 52 51 57 44 1 1273
0 108 47 31 71 7 3 1274
1 117 52 50 58 45 1 1275
0 72 58 46 60 45 3 1276
0 72 41 64 49 74 3 1277
1 81 51 50 53 48 1 1278
0 108 49 53 52 50 3 1279
0 36 56 40 51 21 3 1280
0 94 56 59 41 73 3 1281
0 61 50 52 59 40 3 1282
0 72 56 55 27 37 3 1283
0 72 55 47 59 43 3 1284
1 136 57 46 51 55 2 1285
0 89 52 31 48 25 3 1286
1 40 59 55 52 67 1 1287
1 36 52 51 53 48 1 1288
0 25 59 42 58 38 3 1289
1 72 62 36 57 37 2 1290
0 59 59 39 60 45 3 1291
0 115 49 55 57 45 3 1292
0 0 59 44 59 45 3 1293
0 36 55 13 58 16 3 1294
1 96 50 51 48 54 1 1295
1 143 52 54 64 34 3 1296
1 143 61 35 60 34 1 1297
0 64 53 60 56 50 3 1298
1 26 64 42 61 45 1 1299
1 36 50 54 57 41 1 1300
0 87 46 61 47 59 3 1301
1 36 53 51 50 70 2 1302
1 36 50 54 57 43 1 1303
0 72 51 51 49 54 5 1304
0 126 59 37 51 32 3 1305
0 12 61 49 63 41 3 1306
0 76 56 58 62 40 3 1307
0 36 46 61 45 61 3 1308
0 108 62 44 60 50 5 1309
1 72 54 49 56 45 1 1310
1 26 64 42 59 40 1 1311
0 36 51 64 47 60 3 1312
1 72 50 21 50 25 1 1313
0 48 50 58 61 44 3 1314
0 70 63 42 59 41 3 1315
1 72 53 48 46 61 1 1316
0 36 6 10 57 37 3 1317
1 143 61 40 64 41 2 1318
1 84 60 41 61 52 2 1319
1 73 42 48 44 47 2 1320
0 11 60 50 56 41 3 1321
1 108 60 41 56 58 2 1322
0 72 59 41 59 41 3 1323
0 70 57 45 72 0 3 1324
1 54 63 41 60 36 2 1325
1 58 55 50 47 59 1 1326
1 36 53 54 55 49 3 1327
1 55 58 42 59 38 2 1328
1 108 51 53 61 39 5 1329
1 36 60 41 49 55 4 1330
0 31 54 62 54 58 3 1331
1 36 63 43 55 60 6 1332
0 136 62 47 57 39 3 1333
1 36 50 36 53 50 2 1334
1 127 57 43 62 45 1 1335
0 121 51 33 58 35 3 1336
1 7 54 51 79 62 2 1337
1 36 54 47 63 38 1 1338
0 72 61 36 60 45 3 1339
1 126 60 51 57 39 4 1340
1 65 50 43 47 46 1 1341
0 132 52 36 51 38 3 1342
0 108 50 54 53 50 5 1343
0 6 54 48 55 60 3 1344
0 36 58 45 55 46 3 1345
1 109 53 33 50 34 2 1346
0 28 58 54 59 43 3 1347
0 72 46 61 48 63 3 1348
0 79 58 53 56 58 3 1349
0 59 62 47 64 43 3 1350
0 77 50 54 54 47 3 1351
0 95 60 46 64 43 3 1352
0 133 51 53 51 39 3 1353
1 36 56 46 41 48 1 1354
1 72 51 54 56 57 5 1355
1 36 55 46 58 43 1 1356
1 72 53 48 55 56 1 1357
1 72 59 35 51 50 2 1358
1 36 54 60 53 66 6 1359
1 72 54 51 50 58 2 1360
1 36 56 48 52 53 1 1361
0 72 64 32 57 45 6 1362
1 11 59 37 50 52 1 1363
0 82 59 36 56 45 3 1364
0 38 62 42 60 41 3 1365
0 108 57 55 55 28 3 1366
0 135 57 54 59 55 4 1367
1 99 63 42 61 45 2 1368
0 32 59 41 50 54 3 1369
1 108 57 37 50 36 5 1370
0 108 58 43 61 36 3 1371
0 36 63 39 51 20 3 1372
0 131 59 29 50 40 3 1373
1 0 43 85 46 62 1 1374
1 72 49 57 57 42 2 1375
1 36 59 36 60 39 2 1376
1 84 41 43 20 33 1 1377
1 36 59 44 61 39 2 1378
1 25 65 39 48 65 2 1379
0 36 59 35 57 36 3 1380
1 109 57 37 43 43 1 1381
1 24 62 35 62 49 1 1382
1 108 51 51 49 55 6 1383
1 56 62 35 57 44 1 1384
1 9 58 46 49 53 1 1385
0 131 61 44 63 40 3 1386
1 143 58 45 60 49 1 1387
0 143 59 37 58 39 3 1388
0 6 56 48 62 16 3 1389
0 23 60 29 57 47 3 1390
1 36 63 43 63 36 1 1391
1 78 57 44 50 53 2 1392
0 72 57 43 56 43 3 1393
0 36 62 45 59 42 5 1394
1 96 49 56 57 55 1 1395
1 108 57 39 31 47 1 1396
0 53 55 45 57 43 3 1397
0 72 63 43 60 34 3 1398
1 36 58 43 52 50 2 1399
1 115 58 55 64 46 4 1400
1 103 57 22 50 23 2 1401
0 43 55 47 55 45 3 1402
1 46 59 36 62 42 2 1403
1 72 54 50 56 47 2 1404
1 72 56 44 61 50 1 1405
1 76 62 43 64 37 1 1406
1 59 58 56 60 52 1 1407
0 80 62 38 50 52 3 1408
0 72 63 40 58 41 5 1409
0 116 43 29 49 27 3 1410
1 36 49 56 60 49 1 1411
0 36 51 55 50 67 3 1412
1 143 53 54 51 57 2 1413
1 36 60 34 58 37 1 1414
0 139 52 35 50 54 3 1415
0 37 60 51 49 57 3 1416
0 67 61 39 57 46 3 1417
0 70 51 53 61 33 3 1418
1 11 53 64 53 64 1 1419
1 4 60 33 57 38 1 1420
0 82 58 56 64 44 3 1421
0 19 50 62 54 60 3 1422
1 8 58 43 56 18 1 1423
0 143 61 50 51 58 3 1424
0 72 52 53 52 55 3 1425
0 17 60 25 52 34 3 1426
0 108 62 45 58 35 5 1427
1 99 58 41 63 46 1 1428
1 36 50 55 53 57 6 1429
0 24 49 50 40 50 3 1430
0 124 55 62 53 63 3 1431
1 108 63 40 62 38 1 1432
1 72 74 34 74 34 1 1433
1 46 59 40 60 36 1 1434
0 108 56 58 53 64 3 1435
1 4 61 50 61 37 2 1436
0 108 49 55 52 49 3 1437
1 108 57 55 64 42 1 1438
0 27 53 60 46 72 3 1439
1 36 63 35 49 74 6 1440
0 72 64 34 59 39 3 1441
1 36 63 43 57 45 2 1442
0 72 61 39 64 40 3 1443
1 139 56 45 58 40 1 1444
1 72 59 50 65 41 2 1445
0 36 59 38 60 39 3 1446
0 36 55 43 52 49 3 1447
0 56 60 42 57 46 3 1448
0 58 57 50 58 56 3 1449
0 36 61 46 60 32 3 1450
0 106 53 54 55 50 3 1451
1 92 61 38 60 41 1 1452
0 108 50 55 54 47 3 1453
0 108 27 38 31 44 3 1454
0 108 63 49 49 57 3 1455
0 115 57 47 54 52 3 1456
1 124 56 44 60 42 1 1457
0 81 61 35 57 43 3 1458
1 36 56 55 53 54 1 1459
0 0 52 53 50 55 3 1460
1 136 56 58 49 54 2 1461
1 108 59 43 60 45 5 1462
1 108 63 38 61 37 1 1463
1 36 62 40 50 53 1 1464
1 72 61 45 53 26 2 1465
1 36 57 56 56 46 5 1466
1 72 62 37 62 44 6 1467
1 83 58 40 54 25 2 1468
0 72 62 45 54 60 3 1469
1 143 64 34 59 25 1 1470
0 143 59 39 60 37 4 1471
0 36 60 49 29 52 5 1472
0 108 63 35 63 41 3 1473
0 108 62 37 59 36 5 1474
1 120 53 34 60 23 1 1475
0 70 59 54 55 57 4 1476
0 4 58 47 60 49 3 1477
0 36 51 56 53 50 4 1478
0 10 62 38 50 58 3 1479
1 59 57 42 70 8 2 1480
0 112 55 50 60 45 3 1481
0 63 64 42 58 32 3 1482
0 36 44 30 49 55 3 1483
0 49 55 21 61 34 3 1484
1 46 60 42 62 38 1 1485
0 86 63 45 61 49 3 1486
1 36 59 55 62 46 1 1487
0 108 50 56 61 44 5 1488
1 108 49 52 58 55 3 1489
1 28 52 56 57 44 1 1490
0 9 48 73 49 70 3 1491
1 108 52 36 51 32 2 1492
1 140 60 42 40 55 1 1493
1 24 51 55 45 46 1 1494
0 115 59 51 60 52 3 1495
0 99 57 18 54 33 3 1496
0 99 58 43 54 59 3 1497
0 108 57 44 45 49 3 1498
0 143 6 10 34 10 3 1499
1 72 51 54 48 46 1 1500
0 32 65 32 54 46 3 1501
1 108 64 33 55 50 1 1502
1 8 51 53 49 57 1 1503
0 72 58 43 46 81 3 1504
0 108 57 41 63 44 5 1505
1 111 61 43 45 48 1 1506
0 39 56 46 57 49 3 1507
1 44 58 43 65 33 2 1508
0 108 61 36 57 36 6 1509
1 10 55 58 60 54 1 1510
0 70 56 58 58 55 3 1511
1 0 55 42 61 48 1 1512
1 36 57 35 58 51 2 1513
0 18 58 35 73 42 3 1514
1 117 53 48 56 59 1 1515
0 18 53 52 48 63 3 1516
1 108 51 57 50 56 1 1517
0 36 58 53 54 57 3 1518
1 87 59 40 62 38 1 1519
0 77 47 58 46 61 3 1520
1 40 55 47 52 69 1 1521
1 55 59 29 58 38 2 1522
0 96 39 49 52 48 3 1523
1 79 51 51 61 37 2 1524
0 72 54 47 63 40 3 1525
1 19 59 38 58 44 1 1526
0 39 57 55 51 54 3 1527
1 134 56 46 61 36 1 1528
1 71 57 40 57 43 1 1529
0 72 63 36 60 36 3 1530
1 14 54 53 55 60 2 1531
0 108 60 45 59 44 3 1532
0 110 48 57 48 57 4 1533
1 35 54 64 51 57 2 1534
0 68 61 46 64 37 3 1535
1 120 53 51 47 78 2 1536
0 82 53 50 50 54 3 1537
1 16 57 38 51 54 1 1538
1 98 55 47 41 56 1 1539
0 95 53 31 57 36 3 1540
1 91 55 50 55 45 1 1541
1 21 46 33 45 31 2 1542
1 126 60 45 62 41 1 1543
1 70 45 63 48 59 1 1544
1 72 53 49 58 45 5 1545
1 106 61 42 57 43 2 1546
0 72 57 57 52 55 3 1547
1 48 63 44 50 53 2 1548
0 26 64 40 64 43 3 1549
1 53 57 42 54 48 1 1550
1 52 58 41 56 44 1 1551
0 108 54 6 58 16 3 1552
1 28 56 43 46 79 1 1553
0 36 61 44 67 31 3 1554
0 71 40 55 41 51 3 1555
0 72 53 52 55 48 3 1556
1 36 55 56 65 30 5 1557
1 40 55 61 57 58 1 1558
0 108 55 61 53 51 3 1559
0 74 57 38 63 38 3 1560
0 135 59 43 62 40 3 1561
0 115 60 44 43 50 3 1562
1 93 54 48 55 45 1 1563
0 36 52 34 59 50 5 1564
0 0 58 44 63 41 5 1565
1 36 61 44 63 39 1 1566
1 64 59 43 57 45 1 1567
0 36 54 51 50 56 3 1568
0 101 59 38 57 46 3 1569
0 13 63 39 55 50 3 1570
0 72 50 55 53 54 3 1571
0 130 63 35 62 33 3 1572
0 72 59 50 67 30 4 1573
1 36 56 45 54 49 2 1574
1 82 60 43 57 17 2 1575
1 36 56 59 53 63 1 1576
0 34 53 53 50 60 3 1577
0 108 61 41 61 49 3 1578
1 53 52 50 64 30 2 1579
1 27 58 36 63 44 1 1580
0 36 60 36 60 45 5 1581
0 66 46 76 49 73 3 1582
0 108 54 51 49 58 4 1583
1 72 61 42 57 49 1 1584
1 72 59 36 52 49 5 1585
1 85 52 50 57 36 1 1586
0 106 58 42 63 42 3 1587
0 72 99 17 99 17 6 1588
1 90 55 20 51 44 2 1589
1 36 54 60 60 50 1 1590
1 123 61 45 39 55 1 1591
1 91 52 66 54 63 1 1592
0 88 48 64 42 84 3 1593
1 108 50 57 54 60 1 1594
0 108 63 36 61 40 5 1595
1 72 55 57 51 56 5 1596
0 36 56 57 51 55 3 1597
0 85 60 42 61 45 3 1598
0 108 56 57 52 53 3 1599
0 72 62 44 58 42 6 1600
0 36 59 29 24 74 3 1601
0 64 51 56 51 52 3 1602
1 92 58 42 57 53 2 1603
1 17 50 37 53 23 1 1604
0 94 56 48 48 56 3 1605
0 108 59 54 63 44 3 1606
0 36 56 40 53 48 6 1607
1 61 63 40 60 39 1 1608
1 44 59 39 58 40 1 1609
0 30 60 50 48 74 3 1610
0 41 51 66 55 58 3 1611
1 36 56 46 53 48 5 1612
0 118 61 46 64 42 3 1613
1 43 57 18 53 5 1 1614
1 36 60 37 58 41 2 1615
0 40 51 57 58 44 3 1616
1 92 57 50 50 58 2 1617
1 46 62 49 44 50 2 1618
0 114 63 38 61 51 3 1619
1 4 60 24 63 23 1 1620
0 33 65 30 56 46 3 1621
1 132 50 56 54 47 3 1622
1 72 61 50 58 42 6 1623
0 108 55 49 53 53 3 1624
1 4 60 35 47 71 2 1625
0 72 57 56 56 57 3 1626
1 28 57 39 56 36 1 1627
0 123 47 46 53 49 3 1628
0 46 57 46 52 50 3 1629
1 36 46 28 50 32 2 1630
1 36 64 37 59 44 1 1631
0 42 54 47 62 49 3 1632
1 73 59 36 57 39 1 1633
1 31 56 47 2 49 1 1634
0 72 64 42 63 39 3 1635
1 100 63 42 26 20 2 1636
0 50 51 34 61 21 3 1637
1 108 56 49 50 58 4 1638
0 121 56 41 65 30 3 1639
1 108 54 48 60 46 5 1640
1 15 63 38 54 50 1 1641
0 76 58 36 57 38 3 1642
0 28 58 43 65 37 3 1643
0 79 61 25 54 48 4 1644
0 13 51 53 48 54 3 1645
0 36 51 64 51 69 5 1646
1 107 44 51 47 58 1 1647
0 108 59 37 57 49 5 1648
1 18 62 44 64 39 2 1649
1 36 63 39 57 38 5 1650
0 36 55 45 55 47 3 1651
1 36 62 23 61 28 2 1652
1 36 57 54 50 71 1 1653
1 143 48 57 62 45 1 1654
1 126 60 38 52 50 2 1655
0 36 57 37 58 24 5 1656
1 1 65 31 57 46 2 1657
1 108 56 47 56 47 2 1658
1 47 51 51 60 50 1 1659
0 59 58 40 57 37 3 1660
1 108 64 34 58 42 6 1661
1 0 59 44 57 45 1 1662
0 72 50 55 47 59 3 1663
1 31 54 49 32 76 1 1664
1 143 54 49 54 49 6 1665
1 106 50 57 58 52 1 1666
0 40 58 45 59 41 4 1667
1 108 50 56 52 49 1 1668
0 72 41 44 41 44 3 1669
0 75 57 52 52 54 3 1670
0 143 56 45 59 29 3 1671
1 69 61 34 61 49 2 1672
0 90 58 55 57 41 3 1673
0 36 59 42 20 35 3 1674
0 73 62 38 60 37 3 1675
0 10 52 53 64 40 3 1676
0 59 63 41 50 54 3 1677
1 108 61 40 63 44 1 1678
0 36 66 32 59 38 3 1679
1 122 48 74 48 71 2 1680
1 31 51 53 62 26 2 1681
1 36 61 35 62 43 1 1682
0 72 60 42 51 67 3 1683
1 72 59 44 63 43 5 1684
1 103 60 42 51 55 2 1685
1 72 56 44 51 52 1 1686
1 132 59 18 51 33 1 1687
0 124 55 43 62 38 4 1688
0 121 56 49 57 57 3 1689
1 36 99 91 99 91 2 1690
1 60 51 53 57 46 1 1691
0 108 59 54 64 42 3 1692
0 72 59 50 64 36 3 1693
0 36 56 46 60 52 3 1694
1 124 65 35 50 57 1 1695
1 131 60 42 53 51 1 1696
1 108 57 44 55 46 5 1697
1 108 55 61 58 52 1 1698
1 9 53 53 52 50 1 1699
0 9 54 62 50 53 3 1700
0 36 55 57 61 36 3 1701
1 31 52 55 58 45 3 1702
1 113 52 54 49 57 2 1703
1 118 60 52 62 37 1 1704
0 36 56 48 59 51 3 1705
0 36 60 52 59 39 3 1706
0 46 57 40 60 45 3 1707
1 36 60 50 6 10 1 1708
0 108 55 49 49 56 3 1709
0 121 61 45 49 38 3 1710
1 21 64 44 65 39 4 1711
1 115 54 62 50 66 1 1712
0 72 53 48 56 54 3 1713
1 108 59 44 53 50 1 1714
0 133 57 52 51 55 3 1715
0 48 50 55 63 36 3 1716
0 72 63 42 57 43 3 1717
0 108 63 43 55 46 3 1718
0 16 62 35 59 36 3 1719
1 36 55 48 62 35 2 1720
1 69 53 23 51 18 1 1721
0 99 63 34 59 45 3 1722
0 92 59 41 49 54 3 1723
0 72 53 47 55 45 3 1724
0 109 55 47 54 58 3 1725
0 94 43 50 59 45 3 1726
0 22 53 47 58 52 3 1727
1 143 64 42 55 47 1 1728
1 108 55 20 59 38 1 1729
0 108 57 37 56 24 5 1730
1 108 59 40 57 24 5 1731
0 36 58 54 59 50 3 1732
0 108 54 60 62 45 3 1733
0 54 53 34 49 55 3 1734
1 72 58 43 44 29 1 1735
1 133 50 56 46 64 2 1736
0 36 58 54 56 55 3 1737
1 36 63 46 58 36 1 1738
0 110 52 49 44 49 3 1739
1 10 49 58 57 56 2 1740
1 108 53 63 56 60 1 1741
0 19 66 34 66 31 3 1742
1 2 60 41 59 52 1 1743
0 53 51 51 60 45 3 1744
1 72 61 38 63 39 2 1745
1 72 56 48 55 47 1 1746
1 38 62 42 66 34 1 1747
0 123 45 63 47 59 3 1748
0 3 47 65 64 43 3 1749
0 121 59 35 56 59 3 1750
1 4 62 42 60 38 1 1751
1 25 63 41 60 37 3 1752
1 60 53 53 51 55 1 1753
1 73 51 52 47 45 1 1754
1 9 56 23 57 52 2 1755
1 24 64 40 49 57 1 1756
1 36 52 50 57 45 1 1757
0 13 57 38 49 62 3 1758
1 72 52 49 56 58 1 1759
0 138 63 39 62 49 3 1760
0 108 49 58 40 72 3 1761
1 4 55 45 58 39 2 1762
0 136 58 42 57 37 3 1763
1 72 53 50 64 35 3 1764
1 63 63 34 61 45 2 1765
1 108 51 55 52 52 1 1766
0 70 53 52 55 51 3 1767
1 10 54 49 57 56 1 1768
1 41 53 52 56 46 1 1769
1 75 62 45 60 43 1 1770
0 34 59 44 59 35 3 1771
1 36 58 43 63 31 1 1772
0 10 58 52 58 52 3 1773
0 102 57 57 56 59 3 1774
1 36 5 10 31 49 1 1775
0 108 58 45 51 50 5 1776
1 79 51 55 65 39 1 1777
0 36 6 10 15 18 3 1778
1 36 61 48 60 41 1 1779
0 108 59 45 60 46 5 1780
0 108 58 55 60 50 5 1781
1 108 55 60 53 52 1 1782
1 31 57 44 56 55 3 1783
0 72 58 21 61 34 4 1784
0 72 61 48 59 52 3 1785
1 0 56 57 56 57 1 1786
1 46 50 70 48 74 1 1787
1 36 58 53 58 56 1 1788
1 108 59 43 50 52 1 1789
0 106 62 40 55 60 3 1790
0 6 57 47 60 45 3 1791
0 94 59 42 58 19 3 1792
0 49 51 34 64 34 3 1793
1 98 62 40 58 36 2 1794
1 72 57 49 55 49 2 1795
0 72 50 55 58 42 5 1796
0 1 52 48 60 45 3 1797
1 108 57 57 52 62 1 1798
0 113 60 42 56 46 3 1799
1 109 61 49 57 46 4 1800
0 105 57 57 57 57 3 1801
1 12 50 43 55 45 1 1802
0 10 61 35 59 50 3 1803
0 36 62 41 53 48 6 1804
0 36 56 46 56 46 5 1805
1 81 59 41 59 36 2 1806
0 36 38 46 33 45 3 1807
1 49 58 51 49 53 1 1808
1 87 50 55 41 51 2 1809
0 72 58 55 59 40 3 1810
0 128 62 41 59 39 3 1811
1 72 55 47 50 51 1 1812
1 124 48 58 51 58 1 1813
1 36 59 40 58 44 2 1814
1 6 60 48 66 29 1 1815
0 89 38 47 61 46 3 1816
0 18 54 63 41 85 3 1817
0 19 53 59 49 57 3 1818
1 108 59 45 61 49 2 1819
1 54 62 43 57 46 1 1820
1 108 47 27 47 27 3 1821
1 67 51 56 50 57 3 1822
0 99 52 54 55 26 3 1823
1 72 56 48 59 37 5 1824
0 89 60 41 62 43 3 1825
1 1 61 51 61 48 4 1826
1 108 50 55 58 36 1 1827
1 11 62 40 63 43 2 1828
0 100 57 49 55 45 3 1829
1 108 58 46 63 43 1 1830
0 86 58 40 60 37 3 1831
1 108 59 54 59 54 1 1832
0 72 49 54 53 51 3 1833
0 24 55 49 57 45 3 1834
1 36 54 47 57 42 1 1835
0 36 60 44 64 42 3 1836
0 108 56 58 60 43 6 1837
1 36 55 48 53 51 1 1838
0 36 50 57 56 45 3 1839
0 31 46 31 58 36 3 1840
1 40 51 55 52 52 1 1841
0 72 62 38 47 31 3 1842
0 90 61 46 64 37 3 1843
1 36 58 45 42 78 5 1844
0 127 58 42 64 30 3 1845
1 36 58 37 60 36 1 1846
0 143 61 40 60 38 5 1847
1 36 54 46 55 56 1 1848
1 48 54 63 47 64 2 1849
1 31 62 38 60 34 1 1850
0 108 60 51 57 56 5 1851
1 91 55 49 58 36 1 1852
0 108 63 43 67 31 3 1853
0 15 58 45 60 46 3 1854
1 72 31 45 17 47 1 1855
0 72 58 43 59 41 3 1856
0 108 50 55 58 54 3 1857
0 70 61 46 62 39 3 1858
1 36 62 46 61 48 2 1859
1 53 49 56 61 47 1 1860
0 114 57 42 60 37 3 1861
1 79 63 45 60 33 1 1862
0 75 53 48 63 44 3 1863
0 36 60 39 65 35 3 1864
1 42 64 37 63 31 3 1865
0 36 61 45 53 50 3 1866
1 52 59 35 62 35 1 1867
0 72 61 47 48 17 3 1868
1 111 51 53 58 53 2 1869
0 55 57 43 50 52 3 1870
0 139 49 56 57 53 3 1871
1 57 53 60 51 66 2 1872
0 114 55 45 62 22 3 1873
0 36 49 56 58 45 3 1874
0 108 57 43 56 50 3 1875
1 36 59 34 60 33 1 1876
0 4 59 52 61 47 3 1877
0 112 60 53 58 56 3 1878
0 36 48 55 46 64 3 1879
1 72 61 42 60 43 1 1880
0 74 57 47 58 43 3 1881
1 36 57 46 29 37 1 1882
1 54 58 43 57 44 2 1883
1 36 49 53 59 54 1 1884
1 36 60 45 62 46 2 1885
0 36 64 38 60 44 3 1886
0 143 53 53 49 54 5 1887
0 108 58 36 60 37 3 1888
0 108 54 58 58 52 3 1889
0 66 58 36 61 40 3 1890
0 16 58 45 65 33 3 1891
0 36 53 48 58 51 3 1892
0 143 55 48 58 18 3 1893
0 138 57 57 55 56 3 1894
1 33 57 46 61 40 1 1895
0 127 62 39 60 39 3 1896
1 74 59 45 53 51 1 1897
1 118 54 48 63 31 1 1898
0 108 56 45 57 43 3 1899
0 52 62 48 62 37 4 1900
1 72 63 40 61 42 1 1901
0 143 57 56 50 65 3 1902
1 57 34 47 43 53 2 1903
0 36 64 36 61 43 3 1904
1 36 65 31 66 32 1 1905
1 36 62 49 61 46 1 1906
0 108 60 40 50 55 3 1907
1 108 57 37 59 37 1 1908
0 36 51 36 51 37 3 1909
0 91 58 42 57 41 3 1910
1 82 53 50 56 50 1 1911
0 15 55 48 57 44 3 1912
1 72 49 31 58 37 1 1913
1 36 41 48 45 49 1 1914
0 108 59 45 49 56 3 1915
1 72 57 47 59 38 1 1916
0 136 55 47 50 53 3 1917
1 36 58 54 51 56 1 1918
1 46 57 36 57 38 1 1919
1 113 54 60 64 40 2 1920
1 72 50 70 47 69 2 1921
1 113 59 37 62 43 1 1922
0 72 65 33 47 73 3 1923
0 128 50 54 54 20 3 1924
1 108 84 64 77 65 1 1925
0 36 59 41 47 46 3 1926
1 118 53 49 55 44 2 1927
0 55 53 47 43 42 3 1928
0 111 54 52 60 50 3 1929
0 29 56 37 56 43 3 1930
1 36 50 51 52 49 1 1931
1 45 51 51 50 53 4 1932
1 72 49 56 58 44 1 1933
1 36 62 38 58 43 6 1934
1 103 53 49 56 49 3 1935
1 10 63 44 54 48 1 1936
0 94 57 54 52 66 3 1937
1 48 65 34 49 53 3 1938
1 136 58 41 62 43 2 1939
1 100 59 36 59 40 1 1940
0 36 54 60 52 53 3 1941
0 108 54 51 52 34 3 1942
0 108 63 44 61 50 3 1943
1 44 58 39 63 35 1 1944
0 143 54 47 59 46 3 1945
0 108 55 58 51 53 5 1946
1 36 41 52 59 50 6 1947
1 127 61 37 51 51 1 1948
0 13 50 66 47 64 3 1949
0 95 60 40 60 51 3 1950
0 25 53 54 59 55 3 1951
1 36 51 56 56 60 1 1952
0 120 58 43 51 57 3 1953
1 30 51 52 46 61 1 1954
1 58 59 35 56 61 4 1955
1 96 64 41 62 42 2 1956
0 108 50 56 56 54 6 1957
0 36 49 55 49 54 3 1958
1 72 51 24 39 52 1 1959
0 72 63 43 57 45 3 1960
0 109 56 46 57 58 3 1961
1 138 63 42 59 45 1 1962
1 36 62 49 49 50 1 1963
0 108 54 59 59 50 3 1964
0 31 59 41 52 50 3 1965
1 36 51 53 58 43 2 1966
0 69 49 56 59 39 3 1967
1 118 56 59 58 52 1 1968
0 135 64 42 59 45 3 1969
1 36 60 54 63 42 2 1970
1 108 58 40 61 45 2 1971
1 140 62 43 60 41 1 1972
0 108 56 46 57 44 3 1973
0 68 61 42 65 31 3 1974
0 108 33 47 53 34 3 1975
1 109 60 52 60 45 1 1976
1 48 64 34 63 34 1 1977
0 36 58 41 64 40 3 1978
1 36 59 45 60 50 1 1979
0 72 62 36 50 54 5 1980
0 4 58 37 57 42 3 1981
0 1 54 46 49 55 3 1982
0 125 57 40 60 45 3 1983
1 36 61 47 60 45 1 1984
0 66 58 42 57 54 3 1985
0 28 64 40 59 52 4 1986
1 108 55 60 58 55 3 1987
0 82 57 53 58 39 3 1988
0 36 61 35 52 52 3 1989
1 36 54 58 50 56 5 1990
0 36 52 49 56 48 3 1991
1 143 54 52 56 59 1 1992
1 25 49 67 54 63 1 1993
0 134 58 40 60 40 3 1994
0 36 55 49 53 53 3 1995
0 72 58 19 57 25 3 1996
1 108 53 47 57 47 1 1997
0 36 62 48 59 36 5 1998
1 2 62 40 62 40 1 1999
