1 137 60 31 56 40 1 0
0 69 57 73 55 77 3 1
1 111 51 80 54 80 1 2
1 30 55 14 45 19 1 3
1 97 50 27 53 27 5 4
1 107 49 20 46 21 2 5
0 108 90 37 91 41 3 6
0 139 57 2 60 1 3 7
1 106 80 6 82 4 1 8
1 26 68 31 68 44 1 9
0 39 62 22 57 21 3 10
1 46 6 30 6 33 1 11
1 139 41 2 45 2 1 12
1 0 30 46 21 42 1 13
1 34 32 78 50 79 1 14
1 61 6 24 7 18 1 15
0 99 60 41 60 38 3 16
0 139 62 2 64 1 3 17
0 62 67 37 70 36 3 18
0 97 45 37 53 28 3 19
1 84 46 46 48 50 1 20
1 18 56 52 58 56 1 21
0 141 51 59 47 73 3 22
1 17 49 2 42 3 1 23
1 123 46 20 49 20 2 24
1 94 30 54 27 52 2 25
0 83 53 1 51 2 3 26
0 87 54 53 50 55 3 27
0 128 57 38 55 39 3 28
1 118 59 14 53 15 5 29
1 48 48 55 53 51 3 30
0 82 51 48 49 52 3 31
0 90 58 43 61 40 3 32
0 130 41 34 39 37 3 33
1 53 6 61 4 67 1 34
1 98 60 25 54 33 1 35
1 58 6 67 10 62 1 36
0 2 47 44 47 31 3 37
1 44 63 31 56 25 5 38
0 120 55 59 54 68 3 39
1 88 78 6 81 5 1 40
1 0 32 47 8 38 1 41
1 7 6 43 7 38 1 42
0 140 65 79 72 68 3 43
1 74 57 48 51 53 1 44
0 131 52 1 42 3 3 45
1 1 46 59 47 50 1 46
0 126 52 27 50 28 3 47
1 114 55 58 58 54 4 48
0 121 61 33 49 38 3 49
1 32 69 37 61 60 1 50
0 0 44 17 68 29 3 51
0 128 69 74 52 75 3 52
1 107 88 93 81 92 1 53
0 93 55 2 49 2 4 54
0 105 57 14 63 17 3 55
0 6 43 4 39 5 3 56
0 11 50 2 46 2 3 57
1 47 92 27 93 11 2 58
1 13 68 39 70 33 1 59
1 28 55 39 52 47 1 60
1 49 59 27 64 32 2 61
0 10 40 37 38 39 3 62
0 48 33 46 31 51 5 63
1 83 63 50 55 51 1 64
0 55 6 29 6 35 3 65
1 24 41 2 47 3 1 66
0 53 59 36 57 37 3 67
0 76 65 41 66 38 3 68
1 109 53 2 49 2 1 69
0 102 81 2 78 1 3 70
1 111 45 37 52 46 1 71
1 60 62 48 64 43 1 72
1 54 60 30 60 35 2 73
1 133 52 80 56 80 3 74
0 108 6 52 7 46 3 75
1 4 64 34 61 39 1 76
1 129 98 15 98 29 2 77
1 19 67 93 60 93 2 78
1 35 52 30 54 27 6 79
1 0 43 11 35 15 1 80
1 15 52 42 53 46 1 81
0 95 36 14 33 14 3 82
0 20 52 42 44 18 3 83
1 65 56 52 55 54 1 84
0 57 39 35 56 40 4 85
1 141 66 41 71 39 4 86
1 5 55 52 57 46 5 87
0 9 60 36 58 39 3 88
0 57 98 22 98 19 3 89
0 36 44 51 26 49 3 90
1 80 6 50 7 38 2 91
1 6 68 46 69 41 6 92
1 97 49 28 15 26 2 93
1 62 50 32 56 23 3 94
0 101 57 30 62 39 3 95
0 26 69 46 71 39 6 96
0 16 69 37 67 33 3 97
1 48 43 39 47 36 1 98
0 125 44 4 36 4 4 99
0 100 46 27 56 0 3 100
1 16 53 1 46 2 1 101
0 104 50 37 60 37 3 102
0 92 57 18 16 16 3 103
0 1 39 53 32 47 3 104
1 43 6 29 6 40 1 105
0 24 50 2 46 2 3 106
1 124 54 2 60 2 1 107
0 86 98 31 98 20 3 108
1 91 53 41 53 46 1 109
0 14 47 20 50 19 3 110
0 53 55 31 65 5 4 111
0 128 58 29 55 33 3 112
1 112 4 43 5 51 1 113
1 62 53 45 48 56 1 114
1 103 56 62 59 51 2 115
0 3 91 34 92 27 3 116
1 106 61 23 57 21 1 117
0 83 52 36 62 25 5 118
0 52 42 56 43 66 3 119
1 100 87 94 88 92 4 120
0 116 28 51 30 50 3 121
0 111 6 34 6 30 3 122
1 122 51 2 34 3 1 123
1 70 60 14 57 7 2 124
1 117 53 53 56 50 1 125
1 118 43 63 45 66 1 126
0 69 57 39 58 34 3 127
0 116 56 54 52 60 3 128
1 93 47 52 38 31 1 129
1 13 56 47 46 59 2 130
0 32 56 52 57 50 5 131
0 41 64 45 59 43 3 132
1 142 61 38 61 31 1 133
1 102 33 34 28 35 1 134
0 1 53 19 57 20 5 135
1 28 88 93 83 93 1 136
1 105 6 52 3 55 1 137
0 92 65 43 61 48 3 138
0 91 56 41 58 42 3 139
0 85 54 56 40 66 3 140
1 73 46 3 49 2 1 141
0 113 84 4 88 4 3 142
0 21 57 35 48 53 3 143
0 38 53 41 46 36 3 144
1 72 33 48 31 45 1 145
1 92 64 40 52 42 5 146
1 0 70 72 71 75 2 147
1 46 41 46 47 41 1 148
1 63 31 4 36 4 3 149
1 26 71 41 61 62 1 150
1 122 56 80 51 80 5 151
0 132 70 72 71 70 3 152
0 114 58 57 56 55 3 153
0 35 48 80 58 80 3 154
1 92 54 76 60 71 3 155
0 98 30 45 32 46 3 156
1 108 91 39 90 36 1 157
0 65 6 39 6 31 3 158
0 82 49 57 56 23 3 159
0 113 36 15 62 50 3 160
1 126 49 45 51 56 1 161
1 42 66 37 48 44 1 162
1 76 64 76 69 75 1 163
0 120 52 42 49 50 3 164
0 118 51 49 50 51 3 165
0 43 53 49 47 63 3 166
1 44 66 40 43 18 1 167
0 143 46 22 44 21 3 168
1 125 66 94 60 95 5 169
1 17 55 28 51 29 1 170
1 120 61 50 48 50 1 171
1 18 5 67 6 69 2 172
1 65 51 32 52 25 1 173
1 102 55 54 56 50 1 174
0 113 53 76 57 75 3 175
1 85 48 55 47 66 4 176
0 113 49 35 59 28 3 177
1 66 6 58 5 56 1 178
0 49 62 26 61 23 3 179
0 52 50 54 54 51 3 180
1 129 87 93 90 90 5 181
0 65 50 32 43 30 3 182
1 95 56 41 57 35 1 183
0 117 50 49 55 52 5 184
0 123 30 53 32 52 3 185
1 137 58 18 52 18 2 186
1 122 55 56 58 54 2 187
0 61 59 15 60 17 3 188
1 39 47 58 49 57 5 189
0 19 49 47 40 9 3 190
0 88 51 16 49 20 3 191
1 133 60 44 61 41 1 192
1 119 61 42 61 59 2 193
1 43 54 41 47 56 2 194
0 1 42 39 41 41 3 195
1 87 63 49 53 62 5 196
0 100 88 93 86 95 4 197
1 120 43 40 48 44 1 198
1 64 57 41 15 20 1 199
0 45 55 2 61 2 3 200
1 8 57 38 58 40 1 201
1 105 88 92 86 95 1 202
0 77 60 30 60 27 4 203
1 33 57 39 58 36 1 204
0 87 45 15 47 24 3 205
0 21 38 12 41 12 3 206
1 45 88 94 87 90 1 207
1 117 55 38 58 45 1 208
0 23 50 80 46 80 3 209
1 7 66 41 67 44 1 210
0 29 49 34 52 31 3 211
1 43 98 17 98 20 1 212
0 96 53 40 59 34 3 213
1 140 69 41 58 38 1 214
0 54 6 66 6 69 3 215
1 59 64 1 55 2 3 216
0 41 51 60 50 52 3 217
1 133 52 54 51 52 1 218
1 53 6 56 5 59 2 219
1 2 58 80 55 80 1 220
1 72 64 16 51 19 1 221
0 25 55 2 62 1 3 222
0 120 58 48 59 45 3 223
1 134 67 93 65 95 1 224
1 66 37 41 43 38 1 225
0 31 66 80 98 64 3 226
1 5 57 40 60 40 1 227
0 40 30 4 41 4 5 228
1 135 46 56 46 50 1 229
1 93 91 41 91 30 5 230
1 102 65 75 69 70 1 231
0 126 52 47 50 52 3 232
0 16 28 53 26 55 3 233
0 62 54 32 43 20 3 234
0 72 51 19 44 21 3 235
0 38 57 29 55 35 5 236
0 3 4 50 5 48 3 237
1 5 32 46 31 56 2 238
0 108 30 51 31 59 3 239
0 91 60 41 55 40 3 240
1 134 35 13 40 13 1 241
1 66 36 40 38 41 1 242
1 142 52 47 37 40 1 243
1 57 49 50 48 53 1 244
0 43 98 15 98 19 4 245
0 133 71 38 62 22 3 246
0 62 40 43 37 40 3 247
1 98 56 42 68 41 2 248
0 78 60 37 53 41 3 249
0 105 69 36 67 13 3 250
1 81 4 39 5 42 2 251
1 135 6 37 6 44 1 252
0 12 54 32 55 30 3 253
0 119 53 53 57 44 3 254
0 67 5 68 6 64 3 255
1 37 49 40 43 47 2 256
0 106 6 48 6 55 3 257
0 117 58 26 51 28 3 258
0 32 70 33 73 37 3 259
0 62 52 47 48 51 4 260
0 38 44 33 41 32 3 261
1 72 39 3 41 4 1 262
1 22 32 52 31 43 1 263
1 112 55 27 54 25 5 264
1 126 31 42 27 50 1 265
0 14 62 34 59 36 3 266
0 41 49 37 58 28 3 267
0 143 29 47 26 50 3 268
1 126 48 37 49 41 2 269
1 65 6 31 6 22 3 270
1 5 56 71 54 64 1 271
1 125 6 68 5 74 1 272
0 109 55 2 60 1 3 273
0 5 46 20 52 18 5 274
0 103 58 27 57 30 3 275
1 27 67 92 66 94 3 276
0 130 55 64 59 51 5 277
1 94 30 59 29 63 2 278
0 67 61 2 55 2 3 279
0 97 46 31 52 23 3 280
1 5 49 76 52 70 1 281
0 83 7 49 6 55 3 282
1 116 69 34 68 25 2 283
1 140 59 23 62 33 1 284
1 35 55 80 38 80 3 285
1 128 60 52 45 61 1 286
1 46 62 1 55 2 2 287
0 126 69 75 67 76 3 288
1 61 69 34 68 39 1 289
0 25 43 27 52 28 3 290
1 108 66 28 58 15 1 291
1 79 31 46 32 49 1 292
1 114 43 24 51 19 3 293
1 88 80 5 78 6 1 294
1 132 57 28 55 27 1 295
1 88 79 7 77 6 1 296
1 102 44 76 28 55 5 297
1 142 32 48 32 51 2 298
1 114 9 27 5 43 1 299
0 16 69 38 65 44 3 300
0 137 41 68 42 65 3 301
0 108 62 39 65 37 3 302
0 128 53 45 51 46 3 303
0 108 46 3 50 3 3 304
1 118 47 19 49 18 1 305
1 75 92 32 92 27 1 306
1 13 58 43 52 45 2 307
0 117 88 94 84 94 3 308
0 102 49 19 48 21 3 309
0 141 59 44 50 48 3 310
1 119 91 34 90 36 1 311
1 109 62 41 64 43 5 312
1 138 59 76 51 79 1 313
0 88 57 60 54 8 3 314
0 108 70 72 65 76 3 315
0 102 52 69 49 70 3 316
1 86 53 1 50 2 3 317
0 48 92 28 91 35 3 318
0 80 33 55 30 60 3 319
0 137 57 52 58 54 4 320
1 75 63 52 62 46 1 321
0 93 62 38 51 59 3 322
1 47 56 76 49 79 1 323
0 91 61 46 55 36 3 324
1 82 47 57 49 52 3 325
1 101 61 22 60 29 3 326
1 72 52 63 55 65 1 327
1 36 91 33 90 35 1 328
1 132 55 76 35 78 1 329
1 51 44 51 29 43 4 330
1 35 46 20 49 16 2 331
1 120 54 40 58 39 5 332
0 46 36 19 46 18 5 333
1 63 66 93 61 91 1 334
0 132 63 58 62 49 3 335
1 66 80 5 82 4 1 336
0 143 60 15 57 18 3 337
1 68 6 31 5 45 1 338
1 30 43 2 41 3 4 339
1 39 53 44 29 43 1 340
0 43 98 20 98 14 3 341
1 143 61 44 57 52 1 342
1 74 53 77 56 76 6 343
0 17 63 70 54 75 3 344
1 77 53 30 51 25 1 345
1 8 48 46 49 38 1 346
1 11 48 3 30 4 6 347
0 10 69 41 61 33 3 348
1 96 34 44 34 40 1 349
1 62 40 13 36 13 1 350
1 32 27 51 30 51 1 351
0 25 67 70 71 70 3 352
1 31 57 1 55 2 1 353
0 35 85 91 87 92 3 354
0 135 38 40 36 42 3 355
0 96 62 47 63 44 3 356
0 104 53 35 52 13 3 357
0 52 41 11 44 12 3 358
0 93 35 36 25 32 3 359
1 62 50 29 47 29 4 360
0 52 58 37 43 33 3 361
1 66 42 30 36 51 3 362
0 112 87 3 85 4 5 363
1 113 58 33 48 37 1 364
0 112 62 35 62 30 3 365
1 141 68 38 60 43 1 366
1 73 62 29 60 28 3 367
0 9 55 41 53 42 4 368
0 13 49 59 23 63 3 369
0 73 59 32 64 33 6 370
0 3 77 7 81 5 3 371
1 114 73 32 64 30 2 372
1 40 46 4 43 4 1 373
1 121 67 77 69 75 1 374
0 84 69 46 70 44 3 375
1 143 45 4 48 4 2 376
0 67 52 42 48 38 3 377
1 46 64 1 61 1 1 378
1 77 54 41 60 34 2 379
1 33 56 52 54 66 1 380
0 63 51 78 55 75 3 381
1 29 43 3 46 3 1 382
0 53 56 38 69 31 4 383
1 35 86 4 83 3 1 384
0 22 35 36 37 31 3 385
0 21 52 45 54 41 3 386
1 71 42 45 45 52 1 387
0 103 49 38 56 23 3 388
1 56 32 44 26 50 1 389
0 96 57 1 65 1 3 390
1 28 98 21 98 17 1 391
0 65 57 38 61 42 3 392
1 124 59 36 55 39 2 393
1 11 60 42 61 29 3 394
0 110 6 30 6 41 3 395
0 141 47 44 49 37 5 396
0 51 61 41 55 42 3 397
1 63 92 21 92 27 4 398
1 97 57 37 55 42 4 399
0 23 59 29 47 51 3 400
0 11 53 59 44 53 3 401
1 40 33 78 50 78 1 402
0 115 56 40 54 44 3 403
0 71 53 41 56 37 3 404
0 61 49 19 42 24 3 405
0 81 6 59 6 65 6 406
0 116 31 52 31 38 3 407
0 122 6 63 6 68 6 408
1 51 55 74 54 65 1 409
0 48 35 40 32 46 5 410
0 87 60 52 59 45 5 411
1 49 68 33 64 26 1 412
1 76 9 26 31 59 1 413
0 96 71 41 70 35 3 414
1 15 68 34 35 16 2 415
0 23 54 38 52 41 3 416
1 11 45 52 43 54 1 417
0 48 53 47 53 57 3 418
0 30 57 40 51 44 3 419
1 133 62 50 57 59 2 420
0 77 56 29 58 27 5 421
1 83 54 40 48 36 1 422
1 15 62 1 58 2 1 423
1 61 6 36 6 32 4 424
0 59 46 47 42 60 3 425
0 130 98 18 98 14 3 426
1 115 54 36 51 45 1 427
0 43 53 52 52 34 3 428
0 91 1 95 3 96 3 429
0 122 51 80 54 80 5 430
1 63 87 3 85 4 1 431
0 39 78 6 69 6 3 432
1 104 61 38 47 57 1 433
0 97 50 53 52 42 3 434
1 120 64 41 66 38 1 435
0 124 43 2 51 2 3 436
1 109 45 4 42 4 1 437
0 44 86 92 85 94 3 438
1 63 50 78 52 77 1 439
1 108 66 47 63 47 1 440
0 68 70 35 63 28 3 441
1 95 32 48 31 45 1 442
1 142 49 28 47 30 1 443
0 136 51 34 35 32 3 444
0 117 72 29 37 15 3 445
1 88 48 19 46 20 2 446
0 99 3 97 1 95 3 447
1 82 67 78 69 77 1 448
0 39 42 19 45 21 3 449
1 53 53 57 47 58 1 450
1 47 6 38 6 28 2 451
1 53 42 60 47 50 6 452
0 87 45 3 48 2 3 453
1 73 61 32 51 52 1 454
1 71 88 92 87 90 2 455
0 13 67 34 66 26 3 456
0 72 67 93 68 90 3 457
0 135 6 67 6 63 3 458
0 112 53 27 53 17 3 459
1 125 51 46 53 48 1 460
0 24 56 31 53 36 3 461
0 83 54 33 55 26 3 462
0 44 61 28 57 26 3 463
1 133 49 28 52 25 1 464
1 102 6 31 6 26 1 465
1 33 92 28 92 34 1 466
1 40 67 38 53 40 1 467
1 47 32 78 59 66 1 468
1 125 49 67 41 86 1 469
0 142 51 49 49 50 3 470
1 116 66 93 63 97 1 471
1 45 62 37 60 35 3 472
0 13 79 6 81 4 5 473
1 86 55 54 51 63 1 474
0 56 50 53 52 46 3 475
1 48 58 49 52 60 2 476
0 107 88 93 86 92 5 477
1 93 98 12 98 15 1 478
0 141 60 46 62 41 3 479
1 104 49 36 55 28 1 480
1 19 54 29 54 25 1 481
1 7 56 39 55 34 1 482
1 24 32 44 30 46 1 483
1 67 58 47 51 46 3 484
1 95 71 72 69 74 1 485
0 8 86 4 81 2 3 486
0 60 58 49 55 54 5 487
0 96 61 49 56 55 3 488
0 48 38 13 35 13 6 489
0 36 70 32 62 49 3 490
0 17 64 29 57 38 3 491
0 28 48 3 45 3 3 492
0 140 41 32 40 44 3 493
1 129 60 45 58 58 1 494
1 108 50 37 52 34 1 495
0 114 67 34 68 26 3 496
1 141 40 38 38 39 1 497
1 75 61 37 43 39 1 498
1 4 49 55 50 57 3 499
1 88 67 40 62 7 1 500
0 89 52 80 56 80 3 501
0 32 68 42 50 74 3 502
0 93 49 41 44 40 3 503
1 41 50 49 52 39 6 504
1 110 64 16 59 16 1 505
1 68 6 32 6 28 1 506
1 130 54 43 52 45 1 507
0 110 83 5 75 9 3 508
1 67 6 64 5 70 2 509
0 17 53 1 51 2 3 510
1 141 59 31 56 35 1 511
1 118 56 46 59 40 1 512
1 98 55 37 46 63 1 513
0 122 43 54 45 45 3 514
1 141 60 1 54 1 4 515
0 30 57 34 52 44 4 516
0 140 32 54 31 45 3 517
0 37 5 57 6 54 3 518
0 114 67 74 98 65 3 519
0 67 61 34 56 42 3 520
1 41 57 2 62 1 3 521
1 113 41 13 37 13 2 522
0 139 91 35 88 30 3 523
0 97 36 26 38 24 3 524
1 128 41 12 37 13 1 525
1 74 6 37 5 39 2 526
1 4 48 50 39 48 3 527
1 138 68 41 54 44 4 528
0 106 88 93 86 94 3 529
1 49 49 28 54 22 4 530
1 74 32 50 23 82 2 531
1 16 45 3 47 2 1 532
1 58 55 49 54 46 1 533
1 64 48 28 47 32 1 534
1 112 34 40 31 42 1 535
0 3 62 32 58 39 3 536
1 16 51 63 39 50 1 537
1 45 51 80 47 80 1 538
0 63 69 69 68 72 6 539
1 67 5 68 5 72 1 540
1 74 58 75 60 71 1 541
1 80 83 4 81 5 1 542
1 73 51 56 45 65 1 543
0 46 61 71 57 72 3 544
1 102 42 20 39 19 2 545
1 130 57 47 41 67 2 546
1 0 5 72 3 69 1 547
1 41 49 34 54 48 1 548
0 36 29 54 28 56 6 549
0 29 67 34 69 40 3 550
1 57 56 39 63 27 5 551
0 51 61 24 60 31 3 552
0 131 53 19 58 16 3 553
1 68 61 32 55 40 1 554
1 64 41 13 36 13 2 555
0 49 52 30 37 42 3 556
1 82 47 4 43 4 3 557
0 143 59 37 58 34 3 558
1 130 63 44 62 27 1 559
0 69 44 4 47 4 5 560
1 49 72 30 63 45 1 561
0 23 55 2 60 2 3 562
1 96 34 42 32 46 1 563
1 9 49 20 47 21 1 564
1 77 58 37 35 44 3 565
0 120 69 43 65 45 3 566
0 7 30 14 59 43 3 567
1 137 6 30 6 35 3 568
0 104 41 53 39 47 3 569
0 119 71 42 70 36 3 570
1 76 55 41 50 41 2 571
0 128 41 12 67 5 3 572
0 2 56 80 50 81 5 573
0 128 55 30 57 27 3 574
0 143 42 12 40 13 3 575
1 99 55 37 52 40 1 576
1 32 31 49 29 52 2 577
1 21 62 49 56 52 1 578
1 126 35 14 29 16 1 579
0 103 39 3 29 4 3 580
0 77 64 1 62 2 5 581
0 69 57 80 53 79 3 582
1 28 91 27 90 38 1 583
0 33 90 35 91 31 3 584
0 139 60 27 48 31 3 585
0 61 70 70 72 71 3 586
0 93 88 94 89 92 3 587
0 15 58 36 53 38 3 588
0 44 44 37 42 31 3 589
0 130 59 59 53 58 3 590
0 6 71 73 70 75 3 591
0 117 51 46 47 56 3 592
1 49 53 75 49 78 1 593
0 142 46 80 60 79 3 594
0 136 56 18 59 20 3 595
1 88 67 38 54 44 5 596
1 34 61 46 61 51 2 597
1 62 70 32 58 39 1 598
0 118 58 19 41 18 3 599
1 27 6 60 6 49 1 600
0 19 53 46 54 42 3 601
0 135 42 31 42 35 3 602
0 103 47 3 41 4 3 603
1 52 90 36 92 34 2 604
1 55 77 7 79 6 3 605
1 122 62 34 60 35 1 606
1 135 91 36 91 30 1 607
0 83 49 46 52 18 3 608
1 33 21 19 24 58 1 609
1 77 59 27 59 32 1 610
1 62 53 46 45 48 1 611
0 10 60 32 58 45 3 612
0 53 53 56 49 53 3 613
1 102 51 59 55 42 3 614
0 32 51 75 70 64 3 615
0 94 36 13 39 12 3 616
1 9 5 29 6 38 6 617
0 107 42 33 41 35 3 618
0 24 41 13 30 17 3 619
0 93 68 35 62 32 3 620
1 116 58 26 57 29 1 621
0 18 56 64 54 65 3 622
0 112 6 48 6 57 3 623
1 1 56 18 60 18 1 624
1 51 65 42 53 37 2 625
1 104 62 39 67 10 6 626
0 69 48 82 41 87 3 627
0 117 49 48 47 50 3 628
0 118 55 18 52 19 6 629
1 89 60 29 58 31 1 630
1 128 62 29 61 32 1 631
0 97 50 18 55 26 3 632
0 107 66 91 64 92 3 633
1 65 4 39 2 41 5 634
1 74 32 42 33 44 3 635
0 46 50 58 49 60 3 636
1 74 57 46 54 55 5 637
1 18 57 37 61 39 1 638
0 17 62 30 60 43 3 639
1 138 59 2 62 2 4 640
1 143 67 36 66 38 1 641
1 112 40 12 37 13 1 642
1 31 59 1 64 1 1 643
1 52 32 34 43 25 1 644
1 32 52 65 55 64 1 645
1 141 55 26 51 28 5 646
0 91 66 93 62 91 3 647
1 94 6 61 5 63 5 648
0 50 52 23 46 31 3 649
1 64 56 30 58 29 4 650
1 88 47 4 34 4 1 651
1 8 59 18 57 19 1 652
1 119 53 49 49 56 1 653
1 51 60 29 51 29 1 654
1 59 31 52 32 44 3 655
0 96 54 51 52 61 3 656
0 109 54 53 54 61 3 657
0 44 68 74 70 70 3 658
1 141 56 77 51 79 1 659
1 41 68 41 65 43 1 660
1 92 81 4 77 4 1 661
1 33 49 3 39 4 1 662
0 3 49 2 30 2 3 663
1 129 88 94 86 95 1 664
0 143 65 95 62 93 3 665
0 123 69 37 72 29 3 666
1 26 55 36 50 31 2 667
0 23 63 48 55 51 3 668
1 27 6 59 5 77 2 669
1 24 67 92 65 95 4 670
1 89 69 42 67 47 1 671
1 115 45 4 41 4 1 672
1 29 55 53 54 38 1 673
0 116 91 29 91 39 3 674
1 33 22 19 29 43 2 675
1 74 58 17 39 18 3 676
0 117 44 44 42 46 3 677
1 64 58 37 59 35 5 678
0 132 70 45 69 41 6 679
0 121 50 63 54 70 3 680
1 35 55 24 49 32 1 681
1 57 72 71 71 73 3 682
0 51 56 52 51 62 3 683
0 15 48 45 29 34 3 684
1 60 56 39 61 32 1 685
0 24 44 1 51 2 3 686
1 8 65 50 42 18 2 687
0 121 68 74 70 73 3 688
0 1 50 44 60 36 3 689
1 18 58 58 55 56 5 690
0 13 63 40 61 44 3 691
1 50 66 41 98 27 2 692
0 35 53 24 50 28 3 693
1 4 60 39 66 48 1 694
0 104 55 44 52 46 3 695
1 115 53 75 60 71 6 696
0 14 49 48 47 54 3 697
0 100 56 80 60 79 3 698
0 98 56 23 53 20 3 699
1 142 59 28 55 34 2 700
0 135 55 80 58 80 3 701
1 77 54 31 54 39 5 702
1 24 52 80 58 80 1 703
1 79 87 4 84 4 3 704
1 127 71 38 69 43 1 705
1 22 32 51 31 47 1 706
0 102 52 47 99 35 3 707
1 90 54 56 45 60 1 708
0 125 56 15 59 24 3 709
0 106 56 28 52 34 3 710
0 22 28 54 32 54 6 711
0 113 50 44 55 28 4 712
0 39 58 45 50 53 3 713
0 67 53 46 54 49 3 714
0 93 41 11 38 13 3 715
0 64 49 68 51 51 3 716
0 32 30 52 32 48 3 717
0 46 69 33 67 35 3 718
0 115 98 19 98 9 3 719
1 73 65 29 64 36 1 720
0 57 56 18 53 18 3 721
0 67 43 54 45 51 3 722
1 132 57 52 50 63 1 723
1 16 40 13 36 13 1 724
1 132 39 25 64 30 1 725
1 102 80 5 78 6 1 726
0 64 32 48 25 53 3 727
0 122 92 32 90 36 3 728
0 103 60 23 62 21 6 729
1 52 65 43 64 45 1 730
1 41 44 4 41 4 1 731
1 48 47 39 42 36 2 732
1 92 29 58 29 55 2 733
1 98 54 32 50 36 2 734
1 65 60 51 63 49 2 735
0 115 53 57 54 55 3 736
0 54 61 46 65 40 3 737
0 89 62 17 40 15 3 738
0 122 33 45 25 59 3 739
1 143 26 41 27 44 1 740
0 66 86 94 81 93 3 741
1 106 6 54 6 61 1 742
0 139 58 2 60 1 3 743
0 53 45 48 46 53 3 744
1 4 60 24 60 17 2 745
0 26 49 2 45 2 4 746
0 57 67 74 70 71 5 747
0 62 47 58 56 45 3 748
0 28 70 36 70 33 3 749
1 17 54 28 52 25 2 750
0 102 48 43 51 41 3 751
0 79 43 35 41 39 3 752
0 74 53 54 44 29 3 753
0 52 53 44 57 48 3 754
1 93 6 38 6 27 1 755
0 108 92 32 91 34 3 756
1 96 38 12 37 15 2 757
0 105 53 45 54 42 3 758
1 119 64 32 66 25 6 759
1 18 48 44 55 55 1 760
1 82 66 36 68 38 1 761
1 85 98 25 98 18 1 762
1 40 53 30 49 36 1 763
0 32 30 46 30 52 3 764
0 31 42 57 41 66 3 765
0 10 68 37 63 44 6 766
1 52 39 37 42 36 4 767
1 1 63 17 60 18 5 768
1 111 53 23 51 26 1 769
0 133 31 51 30 54 3 770
1 101 53 37 52 26 4 771
0 71 81 2 84 2 3 772
0 68 30 59 31 57 3 773
1 30 67 73 67 76 1 774
1 14 98 19 98 22 2 775
0 141 60 48 50 49 5 776
1 0 69 41 68 39 5 777
0 62 70 37 65 31 3 778
0 34 5 73 6 65 4 779
0 142 33 12 39 14 3 780
0 139 57 2 64 1 3 781
1 107 51 60 58 54 1 782
1 14 54 44 52 45 1 783
1 88 52 44 48 39 1 784
1 66 49 29 51 27 1 785
1 32 77 6 78 1 5 786
0 29 60 34 62 39 3 787
1 53 56 18 59 17 1 788
1 101 48 86 56 71 1 789
0 69 37 4 28 4 3 790
0 18 52 69 50 77 4 791
1 48 54 28 52 32 2 792
0 67 6 67 5 70 3 793
0 7 6 46 6 39 3 794
0 39 38 41 40 38 3 795
0 126 31 42 31 47 3 796
1 20 62 50 64 44 1 797
1 128 58 31 54 23 5 798
1 122 51 77 55 74 1 799
0 101 61 18 59 17 3 800
1 60 48 21 45 21 5 801
0 137 38 80 47 80 3 802
1 63 68 73 70 65 1 803
1 20 68 36 72 15 1 804
0 61 49 40 55 35 3 805
0 97 56 43 52 48 3 806
0 124 60 13 53 21 3 807
1 72 52 41 54 39 1 808
0 5 53 75 57 75 3 809
1 0 44 59 6 43 1 810
0 14 54 40 58 38 3 811
1 36 56 36 55 38 1 812
0 60 50 29 47 52 4 813
0 90 32 55 34 41 3 814
1 78 55 24 59 26 1 815
1 80 70 6 80 5 1 816
0 93 5 39 5 36 5 817
1 82 38 58 64 79 1 818
0 25 47 26 45 23 3 819
1 10 64 92 65 94 1 820
0 128 31 42 47 32 3 821
1 51 60 30 57 38 1 822
1 65 4 57 5 55 1 823
0 46 52 50 61 50 3 824
0 23 48 38 57 25 5 825
0 4 70 33 63 22 4 826
1 64 54 40 51 43 1 827
0 33 55 27 54 25 4 828
1 1 63 16 59 17 1 829
1 132 61 29 61 34 1 830
0 21 52 42 58 39 3 831
1 129 58 75 55 76 2 832
1 132 63 1 55 2 1 833
0 42 71 43 69 39 3 834
1 60 87 4 81 2 2 835
0 137 63 53 63 47 3 836
1 134 73 67 68 72 6 837
0 22 31 45 36 51 3 838
0 91 67 43 64 42 3 839
0 6 43 33 47 34 4 840
0 40 54 79 54 76 3 841
1 115 43 4 49 3 1 842
0 102 49 65 44 62 3 843
0 51 60 30 61 27 3 844
1 21 67 43 53 43 2 845
0 137 55 47 59 35 3 846
1 59 26 56 28 53 3 847
1 93 60 39 59 37 1 848
1 62 90 37 91 34 2 849
0 14 41 50 38 46 3 850
0 79 32 54 28 61 3 851
0 23 56 32 58 27 5 852
1 59 42 2 49 2 1 853
0 108 57 41 51 34 3 854
0 141 6 27 5 38 3 855
0 108 92 31 90 25 3 856
0 143 31 43 29 51 3 857
0 90 63 49 72 29 3 858
0 32 56 40 50 44 3 859
0 137 46 20 49 18 3 860
1 102 52 18 46 20 1 861
0 132 47 4 44 4 3 862
1 126 55 36 52 41 2 863
1 32 42 11 44 12 1 864
0 117 61 41 64 34 3 865
0 128 59 1 56 2 3 866
1 116 46 2 36 2 1 867
0 50 55 41 54 51 3 868
1 69 6 41 7 48 2 869
0 11 54 27 60 23 3 870
1 136 57 39 50 42 1 871
1 36 61 55 60 45 2 872
1 11 45 3 47 4 1 873
0 56 1 95 3 94 3 874
0 22 28 57 33 47 3 875
1 50 61 37 45 34 2 876
0 7 6 57 6 61 3 877
1 120 6 29 5 27 2 878
1 28 47 23 54 20 1 879
1 58 98 20 98 25 1 880
0 104 55 39 58 35 3 881
1 76 35 13 42 12 1 882
0 48 45 18 40 19 4 883
0 139 6 40 5 35 3 884
0 93 39 41 41 43 5 885
0 88 50 66 45 71 3 886
1 128 50 18 48 19 1 887
0 119 66 41 69 46 3 888
1 44 51 51 43 67 1 889
1 40 60 30 55 37 1 890
0 30 45 46 45 63 3 891
1 26 56 20 45 24 1 892
1 143 31 46 30 44 3 893
0 127 52 53 53 50 3 894
0 94 31 52 28 59 3 895
1 110 49 42 20 43 1 896
1 59 57 45 55 55 1 897
0 77 87 3 85 4 3 898
1 58 56 39 59 35 1 899
1 6 67 33 67 39 2 900
1 77 62 1 55 2 1 901
0 43 98 17 98 23 4 902
0 110 6 30 5 17 3 903
0 43 53 1 28 2 3 904
0 96 48 43 52 42 3 905
1 131 61 71 51 79 2 906
1 52 26 2 8 2 2 907
1 93 40 38 42 39 4 908
1 117 54 51 50 62 1 909
1 84 50 49 49 52 1 910
1 41 37 13 41 13 2 911
1 130 55 56 61 51 2 912
1 66 6 48 7 46 1 913
1 38 62 33 56 17 1 914
1 116 48 3 46 4 1 915
1 124 73 34 55 38 1 916
0 96 32 42 30 46 3 917
0 17 6 64 5 75 3 918
0 143 50 61 55 55 3 919
1 117 55 57 52 46 3 920
1 28 61 35 51 36 1 921
1 25 66 78 64 84 1 922
1 110 58 46 58 43 1 923
1 32 58 39 54 32 1 924
0 66 47 31 49 28 5 925
0 73 31 58 28 59 4 926
0 40 35 49 40 40 3 927
0 100 39 12 45 8 3 928
0 56 51 61 46 60 3 929
1 4 69 6 81 6 2 930
1 118 51 75 69 72 2 931
1 87 28 55 27 59 2 932
0 35 46 20 49 20 3 933
1 78 50 80 55 80 1 934
1 65 60 53 61 40 1 935
0 47 48 4 44 4 3 936
1 34 49 3 45 4 2 937
0 15 56 2 62 2 3 938
0 141 49 45 56 37 3 939
0 83 58 30 56 27 3 940
0 86 98 18 98 22 3 941
0 89 65 77 71 75 3 942
1 9 53 48 38 43 1 943
1 24 54 52 51 62 1 944
0 123 27 57 33 44 3 945
0 3 69 38 71 39 3 946
1 57 61 30 56 43 2 947
1 39 32 48 33 46 1 948
1 99 65 95 66 93 2 949
0 111 56 80 53 80 3 950
0 131 5 45 5 48 3 951
0 13 55 42 49 48 3 952
0 102 61 24 51 21 3 953
0 97 51 50 53 40 3 954
0 114 87 4 84 4 3 955
0 53 56 29 61 23 3 956
1 58 65 43 69 37 1 957
1 126 58 72 55 72 1 958
1 86 91 33 92 27 1 959
0 15 57 1 62 1 4 960
0 121 36 29 41 33 3 961
0 126 57 77 60 71 3 962
1 133 56 42 38 39 1 963
1 123 62 1 59 1 4 964
1 80 33 49 29 53 2 965
1 32 53 19 57 19 2 966
1 120 48 44 62 33 2 967
0 13 86 92 88 93 3 968
1 80 30 47 26 53 5 969
0 27 54 14 57 14 3 970
0 143 31 50 31 40 3 971
1 25 41 11 34 15 1 972
0 2 53 41 49 42 3 973
1 85 49 48 53 46 1 974
1 117 50 46 56 48 2 975
0 46 63 30 59 34 5 976
1 104 47 53 48 51 1 977
0 45 59 38 63 34 3 978
1 98 65 44 62 40 1 979
0 143 88 93 84 93 3 980
0 130 54 39 49 39 3 981
0 102 51 60 51 47 3 982
1 43 54 50 58 19 1 983
0 26 55 26 52 30 3 984
1 86 49 3 40 4 1 985
1 14 52 43 55 50 2 986
1 124 42 11 44 10 1 987
1 3 49 40 47 58 1 988
0 21 70 72 67 73 3 989
0 93 62 2 65 1 3 990
1 92 58 45 61 41 1 991
1 97 47 27 48 29 1 992
1 49 90 35 87 28 1 993
1 21 31 49 32 47 2 994
1 34 45 64 43 62 1 995
1 6 33 44 31 49 3 996
1 141 62 22 58 29 1 997
0 132 67 41 57 37 3 998
0 108 90 36 88 22 6 999
1 121 51 31 46 30 1 1000
0 26 66 43 69 36 3 1001
1 56 61 18 48 24 1 1002
1 64 48 21 43 21 2 1003
0 21 40 38 37 50 3 1004
1 50 61 35 57 37 1 1005
1 79 39 40 43 31 1 1006
1 37 45 52 49 36 1 1007
0 133 60 52 57 53 3 1008
1 124 89 31 89 36 4 1009
0 78 59 77 98 67 3 1010
1 14 70 37 61 57 1 1011
1 18 54 43 52 45 2 1012
1 37 65 1 60 1 1 1013
0 64 56 30 59 31 3 1014
1 5 54 42 60 32 2 1015
1 25 59 35 63 34 6 1016
1 11 32 4 23 4 1 1017
0 38 48 39 52 42 3 1018
1 84 67 92 65 95 1 1019
0 62 63 1 60 1 3 1020
1 17 48 68 54 54 1 1021
1 94 34 42 32 52 5 1022
0 113 57 34 60 23 3 1023
1 97 72 39 71 34 2 1024
0 34 44 69 42 68 3 1025
0 3 49 48 47 54 3 1026
0 23 59 27 57 28 3 1027
1 117 64 51 66 50 1 1028
1 143 50 19 48 21 2 1029
0 115 50 51 53 40 3 1030
1 96 67 33 64 31 2 1031
0 0 35 5 43 4 3 1032
0 11 61 74 55 80 3 1033
0 60 59 53 63 42 3 1034
1 33 58 44 54 41 2 1035
0 128 58 36 14 21 3 1036
0 45 33 44 30 43 3 1037
0 17 66 47 63 49 3 1038
0 132 54 75 60 76 3 1039
0 0 37 40 39 18 3 1040
0 100 51 81 40 80 3 1041
0 118 47 47 47 57 3 1042
0 78 57 28 51 23 3 1043
1 111 47 29 55 25 3 1044
0 52 53 46 50 38 5 1045
1 33 51 20 50 18 3 1046
1 55 91 32 92 30 1 1047
1 55 47 41 31 32 3 1048
0 75 61 74 54 76 3 1049
0 48 48 48 50 47 5 1050
0 60 48 21 45 21 3 1051
0 140 55 56 56 59 3 1052
0 66 51 2 46 2 3 1053
1 62 6 65 5 71 4 1054
0 84 52 48 54 45 3 1055
0 98 59 55 55 54 3 1056
0 105 32 45 30 50 3 1057
0 112 61 33 59 34 3 1058
1 81 20 15 8 13 1 1059
1 14 54 80 46 81 2 1060
1 47 7 37 6 44 5 1061
0 107 49 19 51 18 3 1062
1 11 42 60 43 58 5 1063
1 75 31 54 32 52 2 1064
1 88 49 19 48 21 1 1065
0 62 52 49 41 41 3 1066
0 45 91 29 92 31 3 1067
1 12 54 29 61 31 1 1068
1 42 66 50 63 55 1 1069
1 13 66 40 70 38 3 1070
1 106 49 58 47 60 1 1071
1 46 51 18 48 17 1 1072
1 66 44 31 40 36 5 1073
0 110 46 48 47 50 3 1074
0 40 52 60 51 48 3 1075
0 126 52 49 53 51 3 1076
1 62 6 64 5 72 1 1077
0 57 66 73 63 76 3 1078
0 31 63 1 60 2 3 1079
0 18 91 16 90 18 3 1080
0 104 60 41 54 43 3 1081
1 62 66 1 68 0 2 1082
0 35 54 44 49 35 3 1083
1 87 60 46 65 37 1 1084
1 134 54 56 55 54 2 1085
0 113 49 44 46 51 3 1086
1 39 54 41 48 53 1 1087
1 130 56 58 49 45 1 1088
1 116 51 19 47 20 1 1089
1 93 6 33 6 26 6 1090
0 20 49 49 55 42 3 1091
0 2 53 80 58 80 3 1092
1 5 50 44 56 39 1 1093
0 15 5 67 5 58 3 1094
0 125 92 31 91 26 3 1095
0 35 57 18 60 18 3 1096
1 79 65 45 68 47 1 1097
1 37 5 38 6 43 1 1098
1 9 6 57 2 51 3 1099
1 28 5 71 6 66 3 1100
0 137 6 53 6 42 3 1101
0 4 67 35 64 42 3 1102
1 71 48 2 26 2 2 1103
0 47 61 28 57 33 4 1104
1 52 43 78 48 68 1 1105
1 67 52 43 54 39 1 1106
0 143 49 19 44 22 3 1107
1 65 56 40 50 47 1 1108
0 93 46 60 43 58 3 1109
1 7 6 38 6 44 1 1110
0 28 6 51 6 59 3 1111
1 12 91 39 90 37 1 1112
1 125 58 27 60 21 1 1113
1 109 47 2 30 2 1 1114
0 115 47 52 47 45 3 1115
1 68 55 49 57 47 3 1116
1 36 59 42 60 40 5 1117
1 44 59 35 64 31 4 1118
1 31 70 71 72 67 1 1119
1 12 60 51 63 42 1 1120
0 35 51 24 51 27 3 1121
0 88 59 40 66 45 5 1122
1 93 91 32 92 22 3 1123
0 15 59 27 59 24 3 1124
1 141 56 40 51 42 1 1125
0 18 63 33 57 45 3 1126
1 86 98 22 98 12 1 1127
0 33 90 35 92 29 3 1128
1 111 49 55 48 53 5 1129
0 139 53 45 53 29 3 1130
1 82 67 74 69 72 1 1131
0 110 6 66 5 69 3 1132
0 143 56 18 63 18 3 1133
0 48 34 44 29 52 3 1134
1 112 6 64 5 67 1 1135
0 58 70 40 68 39 3 1136
0 110 60 22 58 26 3 1137
0 134 66 93 66 90 3 1138
0 11 55 52 50 65 3 1139
1 24 63 38 60 41 1 1140
0 89 6 32 4 20 3 1141
1 18 6 30 6 24 1 1142
0 42 71 30 71 35 3 1143
0 60 44 17 47 32 3 1144
1 11 49 62 46 63 1 1145
0 76 49 61 53 42 3 1146
0 124 55 38 54 41 3 1147
0 135 34 48 39 41 6 1148
0 24 62 42 60 49 3 1149
0 66 56 18 59 18 4 1150
0 51 45 34 48 39 3 1151
1 15 58 80 52 80 2 1152
1 72 53 58 52 52 5 1153
1 1 47 17 40 30 1 1154
1 86 46 4 28 4 3 1155
1 41 55 47 55 42 1 1156
1 141 21 19 51 47 1 1157
1 105 32 12 29 12 2 1158
1 106 69 43 70 39 1 1159
0 108 24 55 18 54 3 1160
0 115 42 35 42 31 3 1161
1 29 45 60 22 20 1 1162
0 90 60 30 50 31 5 1163
1 93 69 44 66 50 1 1164
0 120 66 26 59 41 3 1165
1 15 51 76 48 69 1 1166
0 38 50 35 47 42 3 1167
0 116 28 2 51 0 3 1168
0 51 79 5 78 7 3 1169
1 137 51 59 50 62 1 1170
1 15 59 27 58 31 2 1171
0 108 71 40 70 42 3 1172
1 127 50 46 68 40 5 1173
1 11 49 53 53 48 1 1174
0 137 64 51 62 54 3 1175
1 53 52 58 53 56 1 1176
0 130 48 2 43 3 5 1177
0 89 56 80 59 80 3 1178
1 108 31 46 34 45 2 1179
1 29 55 42 47 67 1 1180
1 19 58 20 60 19 2 1181
1 24 38 40 36 41 1 1182
1 113 56 27 60 29 5 1183
1 30 48 42 47 44 1 1184
1 11 54 74 56 75 1 1185
1 132 49 3 44 4 6 1186
0 129 6 50 5 58 3 1187
0 111 55 43 55 39 3 1188
0 102 5 63 6 56 3 1189
0 64 43 12 41 13 3 1190
0 52 53 49 41 44 3 1191
1 97 6 48 7 38 4 1192
1 33 52 19 45 22 5 1193
0 135 52 48 50 77 3 1194
0 26 31 15 61 34 3 1195
0 120 50 59 53 43 3 1196
1 58 60 33 57 37 1 1197
0 64 51 44 53 42 3 1198
1 0 65 30 71 39 1 1199
0 110 6 44 6 48 3 1200
0 84 68 39 64 50 3 1201
0 142 41 35 44 34 3 1202
0 76 6 65 5 63 3 1203
1 94 30 77 50 77 2 1204
1 25 1 95 3 96 1 1205
0 58 56 39 53 42 3 1206
0 58 6 50 5 63 3 1207
0 123 6 38 6 31 3 1208
1 98 62 41 61 51 4 1209
0 7 29 66 26 65 3 1210
0 42 47 2 12 1 3 1211
1 78 46 59 52 49 1 1212
0 64 37 14 40 12 3 1213
1 82 54 46 58 39 1 1214
1 27 70 6 84 6 1 1215
1 43 58 48 57 51 2 1216
0 33 46 50 47 39 3 1217
0 19 52 19 47 20 3 1218
0 8 62 23 49 35 3 1219
0 99 60 28 60 23 3 1220
0 138 32 57 44 51 5 1221
1 42 50 28 46 31 1 1222
1 14 52 29 47 36 1 1223
0 103 51 20 64 21 3 1224
1 43 60 18 58 16 1 1225
0 36 53 44 57 40 3 1226
0 82 53 42 48 53 3 1227
1 79 31 47 30 50 1 1228
0 24 68 39 67 42 3 1229
0 65 58 48 61 45 3 1230
1 16 26 49 30 47 2 1231
1 27 48 21 54 20 3 1232
1 19 52 18 49 20 5 1233
1 12 69 37 68 39 4 1234
0 36 49 59 52 48 3 1235
0 83 58 34 59 32 5 1236
1 83 6 26 6 36 1 1237
1 19 58 59 60 55 1 1238
0 14 41 35 42 33 3 1239
0 52 71 35 70 31 3 1240
0 66 56 24 54 23 5 1241
0 94 67 41 69 40 3 1242
1 29 57 37 55 38 1 1243
1 27 56 31 59 25 1 1244
1 52 66 44 70 35 1 1245
1 6 68 72 65 74 1 1246
0 25 98 15 98 22 4 1247
1 84 51 80 54 80 1 1248
0 39 80 5 70 6 3 1249
1 27 26 42 27 36 1 1250
0 106 52 45 49 40 3 1251
0 92 60 27 59 30 3 1252
1 49 68 39 72 32 2 1253
1 51 63 1 61 2 2 1254
0 107 50 24 54 30 3 1255
0 48 54 57 50 56 3 1256
0 38 6 63 5 61 3 1257
0 108 92 20 92 30 3 1258
0 0 62 47 60 48 3 1259
1 11 47 33 45 37 1 1260
1 140 49 54 39 51 1 1261
1 79 32 57 31 50 1 1262
1 65 31 56 27 64 4 1263
0 46 56 53 47 88 3 1264
1 129 60 38 68 8 3 1265
1 120 46 3 41 3 1 1266
0 75 53 49 56 37 3 1267
0 43 62 35 54 48 6 1268
1 84 69 75 66 74 1 1269
1 19 55 23 54 27 1 1270
1 51 81 6 83 2 5 1271
1 71 55 26 50 33 1 1272
0 74 6 38 6 31 3 1273
0 65 3 13 6 33 3 1274
1 126 6 48 5 78 5 1275
0 5 68 38 61 51 3 1276
1 45 54 80 51 80 1 1277
0 130 46 2 43 2 3 1278
1 143 47 21 50 19 3 1279
1 108 31 51 33 50 6 1280
1 52 54 80 57 80 1 1281
1 6 68 72 70 71 1 1282
0 139 47 2 42 2 3 1283
0 7 30 53 33 45 3 1284
0 0 60 25 59 32 3 1285
1 63 41 3 46 4 1 1286
1 123 28 55 30 51 1 1287
0 132 40 44 38 43 3 1288
0 49 58 57 43 47 3 1289
0 29 54 15 50 21 3 1290
1 31 34 39 31 44 1 1291
0 6 51 59 55 43 3 1292
0 115 52 51 53 47 3 1293
1 0 64 44 61 49 5 1294
1 89 80 6 83 4 1 1295
0 26 57 40 54 49 3 1296
1 41 80 4 81 6 2 1297
0 107 68 47 67 39 3 1298
0 19 50 32 49 28 3 1299
0 83 49 36 54 39 3 1300
0 137 52 38 52 35 3 1301
1 1 45 66 42 66 1 1302
0 51 39 74 34 73 3 1303
1 9 98 16 98 22 4 1304
0 100 98 31 98 26 3 1305
0 13 70 68 60 88 3 1306
1 54 36 16 66 39 2 1307
0 95 53 75 64 69 3 1308
0 104 47 52 43 60 3 1309
1 22 49 33 44 35 2 1310
0 119 60 39 60 35 3 1311
0 137 47 2 24 2 3 1312
0 92 55 75 11 60 5 1313
1 43 54 80 50 81 2 1314
0 108 90 37 91 30 5 1315
0 107 27 56 32 48 3 1316
1 79 5 64 6 61 2 1317
1 49 5 66 6 57 1 1318
1 139 62 1 59 1 2 1319
0 46 58 71 12 61 3 1320
1 108 60 38 58 39 1 1321
0 106 32 55 29 54 3 1322
1 93 62 1 65 1 1 1323
1 112 40 13 38 12 1 1324
1 54 6 65 5 69 5 1325
1 56 77 6 81 5 2 1326
1 107 86 93 84 92 2 1327
1 12 48 56 52 59 2 1328
1 75 55 2 60 1 1 1329
1 11 64 37 65 34 1 1330
1 93 6 29 6 39 1 1331
1 22 55 37 57 39 2 1332
0 48 67 38 68 41 3 1333
1 63 54 75 53 77 2 1334
0 134 57 19 51 20 3 1335
1 48 30 46 27 50 1 1336
0 65 63 38 61 52 3 1337
0 110 64 17 53 19 3 1338
0 124 30 55 31 51 3 1339
1 38 6 45 5 59 1 1340
0 9 58 40 57 42 3 1341
0 11 59 41 58 33 3 1342
1 140 48 2 42 3 1 1343
1 15 60 48 58 56 2 1344
0 81 66 93 65 91 3 1345
1 44 63 35 30 32 1 1346
1 141 87 94 86 92 2 1347
1 120 31 45 34 41 1 1348
0 74 6 28 6 33 3 1349
0 69 49 81 52 81 3 1350
0 141 49 51 57 36 3 1351
1 27 52 81 49 81 1 1352
0 121 61 37 32 15 3 1353
1 141 6 51 6 44 2 1354
1 116 59 24 58 26 1 1355
1 118 64 17 61 15 1 1356
1 139 49 1 53 2 5 1357
1 119 6 32 5 38 2 1358
0 20 46 28 44 32 4 1359
1 61 48 35 51 31 1 1360
0 142 61 42 60 55 3 1361
0 14 55 39 50 41 3 1362
0 39 60 31 60 34 3 1363
1 4 64 41 64 44 1 1364
1 17 56 40 53 42 1 1365
0 121 49 47 45 48 3 1366
1 105 69 43 67 40 5 1367
1 132 61 45 64 41 1 1368
0 131 53 19 60 18 5 1369
1 81 49 29 47 35 1 1370
1 117 59 36 56 47 1 1371
0 22 31 51 30 47 6 1372
0 63 40 13 43 11 3 1373
1 21 44 33 38 34 2 1374
0 3 92 26 92 30 3 1375
1 126 49 3 46 4 1 1376
0 104 62 34 50 40 5 1377
0 62 51 36 18 38 4 1378
0 11 44 72 52 59 5 1379
0 68 68 40 67 36 3 1380
0 40 64 17 61 17 3 1381
1 4 90 37 91 14 3 1382
0 61 56 21 54 40 3 1383
0 81 67 93 64 93 3 1384
1 128 63 20 58 35 1 1385
1 81 57 80 51 81 1 1386
1 119 55 2 60 1 4 1387
1 46 46 19 41 19 4 1388
1 76 59 44 65 36 2 1389
1 27 54 51 51 56 2 1390
1 26 60 39 58 37 1 1391
0 39 53 33 42 34 6 1392
0 111 91 32 91 41 3 1393
1 102 52 62 46 40 1 1394
1 32 41 11 35 11 2 1395
0 93 91 31 92 33 3 1396
0 72 58 55 55 56 3 1397
1 132 62 39 59 41 1 1398
0 67 56 80 53 80 3 1399
0 96 6 32 6 25 5 1400
1 20 58 76 56 77 1 1401
0 110 92 35 92 24 3 1402
1 112 85 4 87 3 1 1403
0 31 57 50 56 48 3 1404
0 108 6 29 5 46 3 1405
0 87 6 30 6 33 3 1406
0 17 68 39 69 44 4 1407
0 101 67 38 57 25 3 1408
0 128 39 9 35 11 3 1409
1 133 50 79 58 75 1 1410
1 21 62 51 62 27 1 1411
0 73 47 41 41 59 3 1412
0 96 31 45 34 41 3 1413
1 86 69 24 59 42 2 1414
1 12 70 6 78 3 4 1415
0 87 58 30 54 31 3 1416
0 133 54 45 53 50 5 1417
0 143 68 33 66 35 3 1418
1 29 53 42 52 45 1 1419
0 44 56 44 54 42 3 1420
0 102 58 38 54 43 3 1421
1 5 47 2 43 2 1 1422
1 107 38 29 43 36 1 1423
0 43 91 26 92 24 3 1424
0 46 58 49 60 50 3 1425
1 26 53 60 49 56 1 1426
1 103 59 27 61 25 1 1427
1 129 57 36 46 39 1 1428
1 48 55 42 49 53 1 1429
1 48 47 41 49 29 1 1430
1 43 52 49 46 49 1 1431
1 98 54 43 49 50 2 1432
1 40 60 19 57 18 3 1433
0 28 59 31 59 35 3 1434
1 130 51 45 48 49 3 1435
0 28 98 22 98 29 3 1436
0 111 53 53 56 41 3 1437
1 45 54 38 65 37 4 1438
1 94 6 63 4 66 1 1439
1 56 45 72 43 70 1 1440
1 68 71 32 69 35 1 1441
0 60 87 4 84 4 3 1442
0 37 42 42 42 39 3 1443
1 73 5 48 4 46 1 1444
1 135 46 44 45 48 1 1445
0 22 70 34 73 32 3 1446
1 13 71 25 67 25 3 1447
0 108 29 55 27 58 3 1448
1 33 92 27 91 33 1 1449
1 83 49 36 50 34 1 1450
1 19 26 41 27 45 1 1451
0 130 56 12 60 30 3 1452
0 18 98 21 98 18 3 1453
0 92 52 20 57 17 5 1454
1 71 54 48 46 31 2 1455
1 142 92 34 92 31 2 1456
0 98 60 28 57 26 3 1457
0 136 7 46 5 58 3 1458
0 42 65 40 68 41 3 1459
0 29 52 46 54 39 3 1460
1 52 41 43 39 46 1 1461
0 96 48 15 60 17 3 1462
0 51 64 30 64 35 3 1463
1 66 54 24 55 22 1 1464
1 82 53 57 52 73 1 1465
1 1 61 1 64 1 1 1466
0 34 49 39 45 35 3 1467
1 22 49 59 51 55 1 1468
0 68 58 38 55 40 5 1469
1 112 86 3 81 6 1 1470
0 52 92 21 92 31 3 1471
0 132 58 45 60 42 3 1472
1 65 59 24 58 28 1 1473
0 136 57 40 55 42 3 1474
1 15 67 37 67 28 2 1475
1 21 44 4 41 4 1 1476
1 59 63 30 63 33 1 1477
0 48 46 73 45 75 6 1478
0 14 62 41 54 46 3 1479
0 55 87 94 85 93 3 1480
0 32 59 37 59 23 3 1481
1 64 31 47 26 47 2 1482
1 140 30 14 33 30 1 1483
1 14 64 37 63 34 1 1484
1 18 67 33 64 27 2 1485
1 86 6 63 5 83 3 1486
0 23 80 6 70 6 3 1487
0 111 54 42 53 47 3 1488
1 136 5 52 4 56 1 1489
0 127 33 41 25 55 3 1490
0 87 60 2 65 1 3 1491
1 70 54 50 56 45 3 1492
0 128 54 32 53 30 3 1493
1 48 28 47 27 49 6 1494
1 118 45 55 48 49 3 1495
0 116 7 43 6 48 3 1496
1 93 60 1 63 1 1 1497
1 81 68 33 63 30 1 1498
1 124 48 48 46 46 1 1499
0 23 47 4 44 3 3 1500
0 71 38 4 30 4 3 1501
1 7 32 55 29 54 1 1502
0 143 98 19 98 16 3 1503
0 83 91 38 90 36 3 1504
0 118 5 69 5 72 3 1505
1 39 55 55 53 57 1 1506
1 91 55 41 61 40 2 1507
1 53 66 44 50 46 2 1508
0 99 69 70 71 69 3 1509
0 108 6 64 5 67 3 1510
1 89 70 72 40 58 5 1511
0 24 27 60 31 56 3 1512
1 39 56 50 56 46 5 1513
1 100 88 94 87 92 1 1514
0 110 48 54 56 46 3 1515
0 38 52 47 53 45 3 1516
0 25 60 48 57 51 3 1517
0 22 86 92 88 93 3 1518
0 128 58 26 54 30 3 1519
1 116 65 92 66 94 1 1520
0 95 59 50 56 59 3 1521
0 64 46 49 43 57 5 1522
0 0 67 40 69 41 3 1523
0 10 64 52 63 49 3 1524
1 4 52 52 54 51 2 1525
0 139 54 80 49 80 4 1526
0 39 57 37 59 45 5 1527
1 0 67 40 52 30 5 1528
0 41 55 32 55 29 3 1529
1 131 51 20 62 17 1 1530
0 139 92 31 91 28 3 1531
1 38 51 33 49 38 1 1532
1 15 27 61 31 49 1 1533
0 32 61 39 57 41 3 1534
0 68 48 53 51 48 3 1535
1 119 69 38 72 38 1 1536
0 50 55 26 51 27 3 1537
0 96 40 14 37 14 3 1538
0 114 51 35 57 31 3 1539
1 55 82 4 81 6 1 1540
1 111 64 30 56 49 3 1541
1 122 60 50 59 46 2 1542
1 68 58 41 50 40 1 1543
1 89 57 80 51 80 2 1544
0 121 69 45 71 39 3 1545
1 35 56 80 49 81 1 1546
0 33 6 29 6 33 3 1547
1 10 43 37 46 27 1 1548
1 119 5 40 5 36 1 1549
1 137 62 48 35 16 2 1550
1 99 56 40 51 46 2 1551
0 19 48 20 51 18 3 1552
0 118 60 34 32 15 3 1553
0 33 91 40 91 17 3 1554
0 122 67 93 64 93 3 1555
0 114 36 15 63 35 5 1556
0 109 85 4 82 4 3 1557
1 137 42 72 54 75 1 1558
0 44 64 32 62 31 5 1559
0 49 88 92 83 94 3 1560
0 51 55 22 60 13 3 1561
1 132 55 42 58 45 5 1562
0 128 55 38 48 44 3 1563
1 143 69 69 67 71 1 1564
1 53 57 28 54 31 1 1565
0 48 47 56 53 52 3 1566
0 3 43 3 45 2 3 1567
1 101 54 49 40 63 1 1568
0 0 28 48 33 46 3 1569
0 24 55 41 59 34 5 1570
0 101 98 24 98 31 4 1571
0 55 5 38 5 53 3 1572
0 96 52 50 44 45 3 1573
1 132 67 40 74 37 2 1574
0 139 6 28 6 32 3 1575
0 120 5 33 5 40 3 1576
1 87 54 56 54 50 5 1577
0 115 46 2 50 1 3 1578
0 118 52 53 37 50 3 1579
0 70 46 53 44 62 3 1580
0 134 31 51 31 46 3 1581
1 68 53 37 53 45 1 1582
1 80 33 35 22 51 5 1583
1 3 58 17 62 18 2 1584
0 22 32 45 30 50 3 1585
0 122 65 74 67 71 3 1586
1 86 28 55 31 56 1 1587
0 47 68 36 61 50 3 1588
1 114 37 13 40 12 1 1589
0 44 6 63 6 58 3 1590
1 29 4 48 6 38 1 1591
0 93 63 34 55 44 3 1592
1 54 62 50 53 60 4 1593
1 112 41 12 34 10 2 1594
1 88 98 16 98 20 4 1595
0 116 73 30 54 39 3 1596
0 108 34 44 33 46 3 1597
0 118 31 78 56 75 3 1598
1 50 53 41 47 36 1 1599
1 0 43 66 46 59 1 1600
1 120 61 49 60 53 1 1601
1 82 30 77 49 61 2 1602
1 13 32 54 31 46 2 1603
1 48 67 43 69 40 1 1604
1 58 63 34 55 42 3 1605
1 8 27 50 25 59 1 1606
0 108 63 35 60 36 3 1607
1 139 61 2 56 2 1 1608
0 125 92 25 92 33 3 1609
0 108 32 50 28 57 5 1610
0 43 57 39 54 38 3 1611
0 66 43 32 38 28 3 1612
1 97 50 79 53 77 3 1613
1 109 49 1 46 2 6 1614
0 56 38 39 44 34 3 1615
0 127 52 50 48 56 3 1616
1 126 6 41 6 31 2 1617
1 97 51 31 53 30 5 1618
1 132 6 37 6 34 1 1619
1 24 42 34 45 32 2 1620
0 103 31 78 47 79 3 1621
0 130 45 2 48 2 3 1622
1 40 54 21 44 19 5 1623
0 53 54 32 47 65 3 1624
0 116 45 22 53 17 3 1625
0 32 30 51 28 47 3 1626
0 99 67 92 65 94 3 1627
1 113 54 33 60 29 5 1628
1 15 54 41 55 43 2 1629
1 110 46 56 43 54 1 1630
0 102 48 16 49 19 3 1631
1 35 54 66 52 62 1 1632
1 24 60 51 63 49 1 1633
1 46 48 66 51 60 1 1634
0 21 63 46 55 56 3 1635
1 139 81 5 83 4 1 1636
1 59 38 43 33 59 1 1637
0 113 82 6 79 7 3 1638
0 136 58 35 61 38 3 1639
1 44 57 14 59 15 1 1640
0 11 65 15 59 13 3 1641
0 80 57 18 51 21 3 1642
1 72 58 67 60 60 2 1643
0 59 46 2 12 1 3 1644
1 52 41 41 43 38 2 1645
0 51 60 29 59 25 5 1646
1 64 54 25 51 26 1 1647
0 90 62 23 59 28 3 1648
1 143 54 33 35 22 1 1649
1 64 61 71 32 78 1 1650
1 57 98 21 98 26 1 1651
0 11 60 41 54 54 3 1652
0 70 37 56 45 48 3 1653
0 66 49 18 49 27 4 1654
0 120 53 39 56 48 3 1655
1 109 62 47 60 42 2 1656
0 44 67 37 57 62 3 1657
0 98 71 25 68 24 3 1658
1 74 5 49 6 37 5 1659
0 23 80 5 83 4 3 1660
0 72 51 35 54 31 3 1661
0 45 48 2 42 1 3 1662
1 92 5 61 5 66 2 1663
1 119 68 47 72 35 1 1664
1 24 43 32 37 40 1 1665
0 28 67 92 64 93 3 1666
0 108 30 61 32 56 3 1667
0 128 60 22 57 28 5 1668
1 36 63 20 58 26 1 1669
1 44 57 48 50 60 2 1670
0 102 58 47 56 53 5 1671
0 98 57 76 56 78 3 1672
1 126 51 51 50 49 1 1673
0 136 31 50 28 65 3 1674
0 31 56 2 60 1 3 1675
1 26 31 52 33 44 1 1676
1 63 90 39 90 42 1 1677
1 91 54 53 49 50 4 1678
0 13 57 38 62 34 3 1679
1 88 50 20 45 21 1 1680
1 98 61 33 59 34 1 1681
0 75 60 35 62 36 3 1682
1 135 5 68 6 66 1 1683
0 64 29 52 32 44 3 1684
0 25 59 36 37 35 3 1685
1 26 69 35 67 40 2 1686
0 47 70 35 58 29 3 1687
0 116 48 57 53 46 3 1688
1 115 43 56 31 55 1 1689
1 143 86 94 88 93 1 1690
1 109 62 39 59 46 1 1691
1 124 43 57 33 45 1 1692
1 100 87 94 88 92 2 1693
1 66 52 20 46 22 3 1694
0 57 6 53 5 81 3 1695
1 71 59 23 51 30 1 1696
1 27 30 62 28 60 2 1697
1 128 64 43 67 42 1 1698
1 48 40 12 43 13 1 1699
1 59 56 80 51 80 2 1700
1 10 52 49 53 47 1 1701
1 46 46 41 41 43 1 1702
0 1 57 18 64 16 5 1703
0 84 51 41 56 30 3 1704
0 126 7 40 6 47 3 1705
0 21 26 25 45 71 3 1706
1 78 91 34 90 50 1 1707
0 24 50 43 52 41 3 1708
1 2 66 39 68 40 1 1709
0 30 57 35 36 37 3 1710
1 39 59 1 56 1 2 1711
1 60 62 39 37 27 4 1712
1 80 68 34 64 32 1 1713
0 74 45 59 46 57 3 1714
0 94 48 50 59 40 3 1715
1 26 87 93 80 93 1 1716
0 95 57 77 55 78 3 1717
1 11 50 49 43 64 1 1718
0 118 68 43 55 37 3 1719
1 29 52 43 57 36 1 1720
0 38 37 41 39 44 3 1721
0 79 44 66 44 54 5 1722
1 109 49 2 12 0 1 1723
0 102 50 53 49 55 3 1724
0 14 68 39 67 48 3 1725
0 11 45 3 40 4 6 1726
1 105 62 17 60 18 3 1727
0 38 41 4 45 4 3 1728
1 53 55 37 48 38 2 1729
1 138 46 59 44 63 6 1730
1 51 63 50 55 64 4 1731
1 65 66 41 66 16 1 1732
0 44 57 54 60 51 3 1733
0 0 44 11 41 11 3 1734
1 60 49 19 46 19 1 1735
1 33 54 25 52 26 1 1736
1 65 5 35 6 30 6 1737
0 121 30 53 31 51 3 1738
1 32 54 40 59 31 1 1739
1 133 53 33 54 52 1 1740
1 82 33 50 31 56 1 1741
1 74 45 64 54 53 1 1742
1 0 61 42 61 47 1 1743
1 117 57 37 62 37 1 1744
0 115 60 34 55 48 3 1745
0 49 52 82 57 77 3 1746
0 14 60 16 46 18 3 1747
0 62 68 34 69 40 5 1748
1 116 53 60 58 54 1 1749
1 126 51 48 47 56 5 1750
0 135 66 92 64 91 3 1751
0 57 50 48 51 46 3 1752
0 116 6 54 5 64 3 1753
1 86 64 55 62 58 1 1754
1 53 53 54 51 60 1 1755
0 35 66 94 64 96 3 1756
1 19 50 27 45 32 1 1757
0 6 63 47 64 44 3 1758
1 77 57 2 60 2 1 1759
0 57 33 48 35 22 3 1760
0 114 53 56 34 49 3 1761
1 78 51 45 57 44 6 1762
1 56 52 56 54 58 1 1763
1 139 91 21 91 29 5 1764
0 88 6 49 5 56 3 1765
1 13 6 53 7 39 2 1766
1 45 44 63 50 53 1 1767
1 96 6 34 6 45 2 1768
0 17 6 62 5 55 3 1769
0 136 98 17 98 23 3 1770
1 44 69 76 68 74 1 1771
0 26 88 92 84 94 3 1772
0 73 92 29 88 31 3 1773
1 116 39 46 45 16 1 1774
1 13 72 41 71 39 5 1775
1 32 63 32 57 27 1 1776
0 106 6 43 4 57 3 1777
1 121 91 41 91 27 2 1778
0 39 47 43 45 50 5 1779
0 52 36 44 37 42 3 1780
0 143 33 50 31 52 3 1781
0 38 56 36 54 32 5 1782
1 24 42 35 41 32 1 1783
1 82 71 71 68 69 5 1784
1 137 90 35 92 31 3 1785
1 52 68 25 65 43 1 1786
1 120 42 18 65 26 1 1787
1 115 98 20 98 24 1 1788
0 7 61 32 59 30 3 1789
0 12 69 35 63 25 6 1790
0 121 14 60 30 78 3 1791
0 132 65 45 64 47 3 1792
0 21 49 35 50 50 6 1793
1 12 45 20 48 19 1 1794
0 7 29 51 27 55 3 1795
0 83 57 28 44 30 3 1796
0 23 80 5 83 5 3 1797
1 84 50 29 47 30 1 1798
1 21 58 75 53 76 5 1799
0 52 59 40 55 44 3 1800
0 57 98 20 98 17 3 1801
1 26 54 52 50 52 1 1802
1 116 7 52 7 44 1 1803
0 35 62 40 72 30 3 1804
0 18 98 25 98 30 3 1805
0 74 6 33 6 30 3 1806
1 105 60 26 54 31 2 1807
0 79 98 15 98 22 3 1808
0 119 74 67 69 72 3 1809
1 63 48 46 46 45 1 1810
1 132 59 37 60 35 2 1811
0 10 46 44 45 48 3 1812
1 85 63 45 64 25 1 1813
0 137 52 43 39 74 3 1814
0 98 6 53 5 61 3 1815
1 2 60 33 60 37 4 1816
0 72 50 63 52 59 3 1817
1 70 79 5 82 6 3 1818
0 53 66 1 56 2 3 1819
1 27 6 45 6 49 2 1820
0 107 56 59 49 81 3 1821
0 28 58 38 57 40 3 1822
0 0 64 41 67 36 3 1823
1 102 59 71 67 76 1 1824
0 141 50 43 59 45 3 1825
0 16 47 49 39 46 3 1826
0 104 51 46 34 43 3 1827
0 107 47 44 43 56 6 1828
1 24 69 35 67 34 1 1829
0 105 55 50 62 35 3 1830
0 122 55 45 59 41 3 1831
1 78 56 50 49 50 2 1832
0 130 44 21 46 20 6 1833
0 125 5 66 3 68 3 1834
0 126 53 46 44 67 3 1835
0 57 90 40 91 26 3 1836
1 118 6 30 6 33 1 1837
1 92 60 44 65 27 1 1838
1 114 98 27 98 24 4 1839
1 58 54 45 52 44 1 1840
1 27 6 29 6 32 1 1841
0 70 56 21 58 16 3 1842
0 36 68 36 63 47 3 1843
1 92 39 56 36 47 1 1844
1 20 67 93 65 92 1 1845
1 23 64 46 69 34 1 1846
1 46 58 58 54 57 1 1847
0 83 6 31 5 39 3 1848
0 2 6 45 5 27 3 1849
1 14 98 19 98 15 6 1850
1 9 50 49 55 48 1 1851
1 83 29 54 32 53 1 1852
0 24 54 39 61 33 5 1853
1 72 63 1 61 2 1 1854
0 115 55 38 61 57 3 1855
0 13 52 40 57 39 3 1856
1 119 63 32 55 52 2 1857
1 69 46 30 53 17 1 1858
1 53 57 18 66 16 2 1859
0 139 58 1 64 1 4 1860
0 42 44 52 43 56 3 1861
0 26 60 41 50 36 3 1862
1 110 87 3 84 4 2 1863
1 60 71 43 39 40 1 1864
1 29 62 58 55 77 1 1865
0 134 51 20 57 20 3 1866
0 103 62 24 60 31 6 1867
1 26 56 47 49 36 6 1868
0 57 98 14 98 20 3 1869
1 53 63 18 52 20 1 1870
0 126 53 53 52 48 3 1871
1 6 91 32 90 49 2 1872
0 7 76 5 81 5 3 1873
0 61 98 16 98 23 3 1874
0 102 62 23 59 15 3 1875
1 112 84 3 87 3 1 1876
0 130 51 62 52 68 3 1877
1 48 53 45 51 55 1 1878
0 18 49 20 53 18 3 1879
0 83 55 44 42 39 3 1880
1 101 57 71 55 72 1 1881
1 108 59 1 49 2 5 1882
0 7 7 36 6 45 3 1883
0 19 44 4 38 4 3 1884
1 60 56 61 56 48 1 1885
0 10 55 45 38 41 3 1886
0 3 49 39 53 40 3 1887
1 143 88 92 85 93 1 1888
0 93 55 32 58 30 3 1889
0 28 51 55 48 53 3 1890
0 96 45 21 48 21 3 1891
1 80 56 41 54 43 1 1892
1 53 41 76 41 71 5 1893
1 44 64 31 63 34 5 1894
0 118 55 31 54 33 3 1895
0 40 32 78 52 69 3 1896
0 125 55 22 51 28 3 1897
1 117 56 22 35 56 5 1898
0 124 39 40 42 40 3 1899
1 30 52 51 51 48 2 1900
1 83 56 36 29 48 6 1901
1 141 63 40 61 41 2 1902
0 93 43 32 40 37 3 1903
1 93 63 1 66 1 3 1904
0 68 54 51 35 52 3 1905
0 93 5 38 6 27 3 1906
0 23 52 35 49 28 6 1907
1 75 56 38 62 33 1 1908
0 38 68 73 66 74 3 1909
1 62 46 54 23 19 1 1910
1 93 42 61 41 63 1 1911
0 126 38 21 34 27 3 1912
0 10 64 30 58 38 3 1913
1 59 50 28 52 27 1 1914
1 143 34 43 25 58 5 1915
1 103 46 13 43 13 4 1916
1 30 90 25 90 47 1 1917
0 140 66 74 69 75 3 1918
0 83 63 45 56 39 3 1919
0 108 66 93 62 93 6 1920
1 66 52 20 57 19 1 1921
1 34 43 60 21 19 4 1922
0 117 54 44 50 47 3 1923
0 31 56 16 58 18 3 1924
1 92 57 19 60 19 1 1925
1 135 83 4 79 6 1 1926
0 109 45 64 49 67 4 1927
1 68 48 56 44 54 2 1928
1 103 42 4 39 4 1 1929
1 72 56 33 43 61 2 1930
0 112 43 12 32 13 3 1931
1 8 45 18 42 20 3 1932
1 110 63 33 62 35 1 1933
1 19 66 93 64 91 1 1934
1 38 54 33 55 26 1 1935
1 52 38 38 44 32 2 1936
0 107 43 39 42 30 3 1937
1 81 47 31 51 28 5 1938
0 111 92 26 91 29 3 1939
0 101 51 56 53 47 3 1940
1 117 59 40 59 21 1 1941
0 54 5 69 5 66 3 1942
1 85 62 33 59 34 1 1943
1 19 54 49 52 46 6 1944
0 68 62 47 66 43 6 1945
0 124 60 28 61 25 3 1946
1 102 6 63 6 66 1 1947
0 121 60 37 61 35 3 1948
0 70 50 48 53 50 3 1949
0 143 57 64 55 59 5 1950
0 102 69 6 81 4 3 1951
0 113 47 52 32 56 3 1952
0 12 55 43 47 39 3 1953
1 66 39 37 37 39 1 1954
0 130 62 44 63 42 3 1955
1 134 34 25 39 24 1 1956
0 50 62 24 60 27 3 1957
0 90 5 66 5 71 3 1958
1 141 40 88 36 87 1 1959
0 88 58 37 60 34 3 1960
0 143 56 65 58 57 3 1961
0 136 39 43 37 41 3 1962
1 37 91 32 90 34 3 1963
0 129 52 48 53 38 3 1964
1 16 46 3 42 3 2 1965
0 10 42 35 35 26 6 1966
1 3 58 76 43 87 1 1967
1 39 57 43 49 53 2 1968
0 75 52 22 54 21 3 1969
0 86 70 33 71 38 3 1970
0 34 6 31 5 41 3 1971
0 112 60 37 52 41 3 1972
1 127 90 37 90 50 3 1973
0 127 56 34 57 39 3 1974
0 44 55 1 64 1 4 1975
1 115 60 37 62 30 1 1976
1 63 49 29 52 29 1 1977
1 139 53 23 50 26 1 1978
1 132 66 42 67 39 5 1979
0 32 41 43 32 39 3 1980
1 29 45 44 40 40 4 1981
1 102 58 37 53 43 6 1982
1 35 48 20 45 20 2 1983
0 110 53 42 53 47 3 1984
1 55 69 40 65 25 1 1985
1 139 5 44 6 33 1 1986
0 27 5 39 5 42 3 1987
0 14 98 24 98 18 3 1988
0 65 50 49 42 59 3 1989
0 32 43 11 37 13 3 1990
1 62 42 61 40 65 1 1991
1 4 48 18 50 19 1 1992
0 111 61 37 53 56 3 1993
0 35 58 80 39 81 3 1994
1 96 43 70 39 56 1 1995
1 47 55 65 53 60 2 1996
0 31 43 58 42 56 3 1997
0 99 6 65 5 67 3 1998
0 121 42 39 44 37 3 1999
