1 61 55 1 53 1 1 0
0 59 51 2 51 2 3 1
0 59 53 1 52 2 3 2
1 59 56 1 56 1 5 3
1 61 48 2 53 1 2 4
1 59 50 2 56 2 1 5
1 143 48 2 48 2 2 6
0 143 56 1 58 1 3 7
1 59 55 1 53 2 2 8
1 14 54 1 54 1 1 9
1 101 56 1 48 2 6 10
1 56 59 1 61 1 2 11
0 59 50 2 53 1 5 12
1 134 49 2 48 2 2 13
0 143 54 1 58 1 5 14
1 31 54 1 53 1 4 15
0 127 57 1 46 2 3 16
0 123 48 1 42 1 4 17
1 118 12 0 21 0 1 18
0 59 53 1 52 1 5 19
1 101 54 1 55 1 1 20
1 101 59 1 55 1 1 21
0 143 52 2 48 2 3 22
0 17 56 1 57 1 3 23
1 41 45 1 49 1 1 24
1 59 59 1 54 1 1 25
0 95 59 1 52 2 3 26
1 101 48 2 55 1 1 27
0 143 50 1 51 1 5 28
0 62 55 1 55 2 3 29
0 59 50 1 53 1 3 30
1 143 48 2 26 1 2 31
1 59 53 1 51 1 5 32
1 87 49 0 55 1 1 33
1 125 44 1 44 1 1 34
1 11 55 1 49 2 2 35
0 59 52 1 48 2 3 36
0 22 46 2 45 2 3 37
1 101 47 2 47 2 2 38
1 143 51 1 55 1 1 39
0 59 55 1 54 1 3 40
1 101 48 2 56 1 5 41
0 49 55 1 56 1 4 42
1 101 55 1 56 2 1 43
0 17 57 1 58 1 3 44
0 102 54 1 55 1 3 45
0 59 53 1 56 1 5 46
1 16 56 1 51 2 3 47
1 45 56 1 57 1 2 48
0 143 50 2 53 2 3 49
1 17 57 1 59 1 2 50
1 143 54 1 51 1 6 51
0 101 58 1 59 1 3 52
1 7 50 2 51 2 1 53
1 101 53 1 52 1 1 54
1 101 55 1 58 1 2 55
1 78 51 2 59 1 1 56
1 101 59 1 61 1 2 57
1 2 52 1 50 1 1 58
1 115 55 1 56 1 1 59
1 128 49 2 52 1 1 60
1 59 53 1 55 1 1 61
0 143 59 1 56 1 5 62
0 59 58 1 50 1 3 63
0 23 55 1 54 1 3 64
1 86 48 1 42 2 2 65
0 59 51 1 57 1 3 66
0 17 56 1 60 1 4 67
0 73 54 1 46 2 3 68
1 1 55 2 58 1 2 69
1 17 59 1 56 1 5 70
0 52 56 1 57 1 3 71
0 82 53 1 54 1 3 72
1 143 47 2 39 1 2 73
0 101 53 1 60 1 5 74
1 140 50 2 46 2 1 75
0 135 54 1 57 1 3 76
0 122 53 2 60 1 3 77
0 129 53 1 53 1 3 78
1 143 56 1 54 1 6 79
0 101 56 1 58 1 5 80
1 62 49 2 55 1 1 81
1 59 54 1 57 1 1 82
0 5 51 1 54 1 3 83
1 75 54 1 54 1 2 84
0 17 47 2 45 2 3 85
1 107 59 1 47 2 4 86
0 101 49 2 50 1 3 87
0 72 49 2 45 2 3 88
1 52 48 2 55 1 2 89
0 16 57 1 55 1 3 90
1 17 54 1 55 1 5 91
0 143 54 1 55 1 3 92
1 7 54 1 55 1 4 93
0 17 57 1 53 2 3 94
1 129 54 0 50 0 2 95
1 17 50 2 53 1 5 96
1 17 61 1 56 1 1 97
0 101 56 1 55 1 3 98
1 59 56 1 53 1 1 99
0 59 56 1 54 1 3 100
0 100 51 1 57 1 3 101
0 22 56 1 50 1 3 102
0 17 53 1 56 1 3 103
0 143 50 2 55 2 3 104
0 59 52 2 59 1 3 105
1 143 48 2 56 1 1 106
1 84 53 1 48 2 1 107
1 71 56 1 45 1 2 108
0 17 53 1 57 1 3 109
1 59 52 1 55 2 1 110
0 101 53 1 55 1 5 111
0 96 54 1 47 2 3 112
1 120 50 1 54 1 1 113
1 59 56 1 55 1 5 114
0 80 57 1 58 1 3 115
1 37 57 1 57 1 1 116
1 61 54 1 58 1 1 117
0 101 58 1 59 1 5 118
1 59 54 1 51 2 1 119
0 126 47 2 31 2 3 120
0 35 53 1 54 1 3 121
1 34 53 1 54 1 1 122
0 47 51 1 43 1 3 123
0 63 54 1 30 2 3 124
0 6 48 2 53 1 3 125
0 35 49 2 49 2 4 126
0 127 58 1 56 1 3 127
1 59 50 2 59 1 5 128
1 39 52 1 46 1 2 129
1 17 55 1 49 2 5 130
1 143 59 1 51 2 2 131
0 101 57 1 52 1 3 132
0 13 55 1 53 1 3 133
0 143 59 1 57 1 3 134
1 2 58 1 58 1 1 135
0 69 52 2 60 1 4 136
1 101 60 1 59 1 1 137
1 69 57 1 49 1 1 138
0 109 48 2 55 1 4 139
0 17 60 1 52 2 3 140
0 75 51 2 49 2 3 141
0 132 52 2 57 1 3 142
0 59 50 1 58 1 4 143
1 70 48 2 50 1 1 144
1 106 54 1 58 1 2 145
0 143 56 1 55 1 3 146
0 143 53 1 61 0 3 147
0 84 48 2 47 2 3 148
1 143 53 1 58 1 1 149
1 59 53 1 61 1 1 150
0 101 52 1 51 1 3 151
0 17 54 2 60 1 3 152
0 59 53 1 53 1 3 153
1 59 61 1 48 2 1 154
1 125 54 1 50 1 2 155
0 92 49 1 37 1 3 156
0 143 54 1 50 2 6 157
0 121 41 2 51 0 3 158
0 59 55 1 57 1 3 159
0 17 53 1 57 1 3 160
1 76 50 2 45 2 1 161
0 17 58 1 52 1 3 162
1 101 56 1 48 2 1 163
0 59 55 1 55 1 3 164
1 82 53 1 55 1 1 165
0 59 57 1 48 2 3 166
0 59 57 1 59 1 3 167
1 143 56 1 54 1 1 168
0 143 39 2 39 2 3 169
1 4 60 1 55 1 3 170
0 59 59 1 57 1 3 171
1 56 50 1 54 1 2 172
1 71 57 1 51 2 1 173
1 101 53 1 53 1 2 174
0 143 55 2 55 1 3 175
1 101 53 1 55 1 1 176
0 59 58 1 54 1 5 177
1 101 55 1 53 0 1 178
0 21 57 1 53 1 3 179
1 71 59 1 57 1 2 180
0 111 58 1 59 1 3 181
1 101 57 1 56 1 1 182
0 101 57 1 56 1 3 183
1 110 51 2 45 2 2 184
1 17 51 1 51 1 2 185
1 101 59 1 55 1 2 186
0 101 56 1 56 2 3 187
0 77 58 1 56 1 3 188
0 59 47 2 55 2 3 189
1 101 57 1 50 0 1 190
1 49 56 1 56 1 1 191
1 143 52 1 54 1 5 192
1 99 48 1 45 1 2 193
0 88 53 1 48 2 3 194
0 17 58 1 58 1 3 195
1 78 57 1 49 2 3 196
0 101 59 1 57 1 3 197
1 59 53 1 54 1 1 198
0 101 55 1 58 1 3 199
1 37 52 1 52 1 1 200
1 59 57 1 59 1 1 201
1 143 58 1 48 1 4 202
0 73 53 1 28 2 3 203
1 17 50 1 39 2 6 204
0 143 53 1 53 1 3 205
0 59 59 1 54 0 3 206
1 94 59 1 57 1 2 207
0 101 55 1 54 1 3 208
1 59 59 1 61 1 1 209
0 84 56 1 57 1 3 210
1 17 49 2 49 2 6 211
1 71 56 1 56 1 3 212
1 99 49 2 52 1 3 213
1 53 57 1 58 1 1 214
0 143 48 2 46 2 3 215
0 143 49 0 46 1 3 216
1 68 46 1 49 1 1 217
0 43 51 1 56 1 3 218
1 139 57 1 54 1 3 219
0 25 49 2 53 2 3 220
0 7 53 1 56 2 3 221
1 143 49 2 47 2 1 222
1 9 55 1 59 1 1 223
1 65 47 2 48 2 1 224
1 38 54 1 58 1 2 225
0 143 53 2 51 2 3 226
1 66 48 2 53 2 2 227
0 54 46 2 47 2 3 228
0 103 54 1 47 2 3 229
0 94 54 1 57 1 3 230
1 143 60 1 50 1 2 231
0 25 56 1 53 1 3 232
0 59 49 2 57 1 3 233
1 119 56 1 59 1 1 234
1 53 59 1 56 1 2 235
1 143 59 1 54 1 1 236
1 23 57 1 57 1 2 237
1 17 60 1 61 1 1 238
0 17 48 1 55 2 3 239
1 86 47 2 52 1 3 240
1 101 59 1 39 1 2 241
1 124 55 1 56 1 2 242
1 143 53 1 55 1 5 243
0 30 49 2 49 2 3 244
1 101 58 1 57 1 2 245
0 101 51 2 53 2 3 246
0 17 51 2 54 2 3 247
0 90 58 1 54 1 3 248
1 78 53 1 55 1 2 249
0 118 52 2 51 2 3 250
1 17 54 0 47 2 1 251
0 17 51 1 53 1 6 252
0 131 57 1 50 1 3 253
0 143 61 1 59 1 3 254
1 133 55 1 53 1 3 255
0 101 55 1 51 1 3 256
1 17 49 2 52 1 1 257
1 143 52 2 45 2 1 258
0 84 57 1 59 1 3 259
0 101 55 1 54 1 3 260
1 94 56 1 58 1 1 261
0 143 59 1 58 1 3 262
0 110 54 1 56 1 3 263
0 101 47 2 57 1 3 264
0 54 53 2 54 1 3 265
0 73 60 1 55 1 3 266
0 101 54 2 56 1 3 267
0 132 60 1 40 3 3 268
0 59 52 1 51 1 3 269
0 143 55 2 52 1 3 270
1 143 31 1 28 1 5 271
0 59 53 1 48 2 3 272
1 127 53 1 54 1 2 273
0 17 55 2 57 1 3 274
1 119 55 2 56 1 2 275
1 61 54 1 57 1 1 276
0 9 58 1 57 1 3 277
0 141 51 1 56 1 4 278
0 17 54 2 56 1 3 279
1 54 58 1 47 2 1 280
1 59 51 1 47 2 1 281
0 28 48 2 49 1 3 282
0 59 50 1 54 1 3 283
1 17 50 2 47 2 1 284
1 101 34 1 38 1 1 285
1 14 53 1 51 1 3 286
0 75 50 2 51 1 3 287
0 110 54 1 57 1 3 288
1 67 50 1 49 1 4 289
0 101 49 2 52 1 3 290
1 37 53 1 54 1 1 291
0 87 52 1 48 2 3 292
0 143 47 1 46 1 5 293
1 101 50 1 38 2 1 294
0 143 55 1 56 2 3 295
0 49 44 1 39 1 3 296
0 59 55 1 52 1 3 297
0 110 56 1 58 1 4 298
1 103 47 2 55 1 2 299
0 59 52 1 51 1 3 300
1 17 50 1 55 1 5 301
1 42 58 1 57 1 2 302
0 59 55 1 47 2 6 303
0 143 58 1 55 1 3 304
1 143 56 1 59 1 2 305
0 101 55 1 46 2 5 306
1 71 56 1 50 1 1 307
1 59 52 1 47 2 1 308
0 101 48 2 48 2 3 309
0 53 51 2 52 2 3 310
0 101 56 1 57 1 5 311
1 91 59 1 55 1 4 312
1 35 59 1 58 1 1 313
1 101 59 1 48 2 1 314
1 59 48 2 46 2 3 315
1 17 48 2 50 2 1 316
1 135 56 1 59 1 2 317
0 59 54 2 51 2 3 318
0 110 53 1 42 1 3 319
1 84 50 2 53 2 1 320
1 20 54 1 60 1 4 321
0 89 51 1 50 2 3 322
0 119 50 2 48 2 3 323
1 59 55 1 57 1 1 324
0 62 47 2 58 1 3 325
1 143 54 1 56 1 2 326
0 143 56 1 56 1 3 327
1 59 51 1 54 2 2 328
0 120 47 2 48 2 3 329
1 87 59 1 56 1 2 330
1 120 48 2 45 2 1 331
1 42 45 1 48 1 4 332
0 143 55 1 48 1 3 333
1 59 49 2 52 2 2 334
1 17 54 1 40 1 5 335
1 92 55 1 46 1 2 336
0 41 55 1 54 1 3 337
0 59 33 1 43 1 3 338
0 4 51 1 47 2 3 339
0 40 55 1 49 1 3 340
0 126 52 1 59 1 3 341
0 17 48 2 45 2 3 342
1 17 53 2 55 2 1 343
1 101 59 1 59 1 3 344
0 139 53 1 36 1 3 345
1 85 59 1 41 1 1 346
0 63 56 1 59 1 3 347
0 59 47 2 47 2 3 348
1 38 60 1 52 1 1 349
1 101 53 2 49 2 1 350
0 112 55 1 53 1 3 351
0 101 60 1 53 1 3 352
1 73 56 1 55 1 2 353
1 17 47 2 52 2 1 354
0 143 53 1 54 1 3 355
1 21 54 1 47 1 1 356
0 59 54 1 54 1 3 357
0 143 53 1 57 1 3 358
1 101 52 1 60 1 5 359
1 101 55 2 57 1 1 360
0 143 51 1 56 1 3 361
1 132 48 1 54 2 1 362
1 46 41 2 42 3 2 363
1 122 49 2 47 2 1 364
1 59 55 1 56 1 1 365
0 101 58 1 55 1 3 366
0 59 60 1 54 2 3 367
1 59 56 1 58 1 1 368
0 17 54 1 48 2 3 369
1 101 55 2 53 2 5 370
1 70 56 1 53 2 1 371
0 131 22 1 23 1 3 372
0 118 61 1 60 1 3 373
1 101 57 1 55 2 5 374
1 16 57 1 55 2 3 375
1 17 54 1 48 2 2 376
0 101 54 1 47 2 3 377
0 59 55 1 56 1 5 378
0 17 57 1 57 1 3 379
0 67 53 1 53 1 3 380
0 101 54 1 52 1 3 381
0 59 57 1 53 1 3 382
1 31 48 2 49 2 1 383
1 59 52 1 49 2 1 384
0 101 59 1 55 1 3 385
0 17 53 1 51 2 3 386
1 17 49 1 52 2 1 387
1 118 60 1 59 1 1 388
0 70 50 1 50 1 3 389
0 143 55 1 54 1 3 390
1 43 50 2 54 2 2 391
0 40 50 1 53 2 3 392
1 143 54 1 56 1 1 393
1 101 55 1 58 1 2 394
1 101 55 1 59 1 1 395
0 143 57 1 53 1 3 396
1 106 56 1 47 2 2 397
0 101 57 1 48 1 3 398
1 103 54 1 57 1 1 399
1 17 55 1 48 1 6 400
0 107 50 2 50 2 3 401
1 59 55 2 55 1 5 402
0 143 58 1 47 1 3 403
1 5 54 1 55 1 2 404
0 101 48 2 51 1 3 405
0 101 49 2 34 3 3 406
0 106 60 1 57 1 3 407
1 82 55 1 58 1 4 408
0 101 58 1 59 1 3 409
0 143 55 1 44 1 6 410
1 101 55 1 59 1 6 411
0 130 55 1 49 1 3 412
1 17 51 2 52 2 1 413
1 17 46 2 51 2 1 414
0 17 48 1 41 1 3 415
1 120 54 1 58 1 1 416
0 101 56 1 50 1 3 417
1 101 48 2 48 2 1 418
1 17 55 1 54 1 1 419
0 61 55 1 51 1 3 420
0 101 48 2 19 1 3 421
1 5 55 1 52 1 1 422
1 17 48 2 45 2 1 423
1 101 55 1 56 1 1 424
1 42 54 1 60 1 2 425
1 143 52 2 48 2 2 426
1 17 59 1 54 1 2 427
1 132 48 2 55 1 3 428
1 43 51 2 56 2 3 429
0 17 52 1 47 2 3 430
1 62 51 1 53 2 1 431
0 101 51 1 43 2 3 432
0 59 52 1 56 1 3 433
1 110 53 1 55 1 2 434
1 59 48 2 41 2 1 435
0 59 53 1 56 1 3 436
1 143 52 1 54 2 2 437
0 28 55 1 59 1 3 438
1 2 53 1 54 1 3 439
0 143 55 1 59 1 3 440
0 59 55 1 48 1 3 441
1 101 53 1 56 1 1 442
0 59 59 1 59 0 3 443
1 143 60 1 52 1 1 444
0 101 50 1 48 2 6 445
1 17 55 1 55 2 4 446
1 138 56 1 55 1 2 447
1 17 54 1 40 3 1 448
0 143 55 1 55 1 3 449
1 59 55 2 56 1 2 450
1 17 50 2 48 1 1 451
0 93 47 2 49 2 3 452
1 101 56 1 55 1 1 453
1 143 51 2 49 2 1 454
0 25 56 1 49 2 3 455
1 143 55 1 53 1 1 456
0 101 58 1 56 1 3 457
1 59 48 2 50 1 5 458
0 68 53 1 49 1 3 459
0 101 53 1 59 1 3 460
0 88 54 2 54 2 4 461
1 101 53 1 56 1 1 462
1 95 50 1 55 1 2 463
1 129 53 2 56 2 1 464
1 59 99 2 60 1 2 465
0 143 46 1 56 1 3 466
0 101 50 2 55 1 3 467
1 4 54 1 54 1 2 468
1 143 56 1 56 1 1 469
0 143 51 1 61 1 6 470
1 59 55 1 47 2 3 471
1 59 52 1 53 1 5 472
1 143 59 1 52 1 5 473
1 17 52 1 55 1 3 474
0 143 53 1 49 1 5 475
1 17 57 1 53 1 5 476
0 59 50 1 54 1 3 477
1 17 50 1 47 2 5 478
0 59 58 1 58 1 3 479
0 53 59 1 56 1 3 480
0 101 54 2 46 2 3 481
1 143 48 2 59 1 1 482
0 101 58 1 57 1 3 483
1 17 53 2 59 1 3 484
0 4 58 1 56 1 3 485
1 101 50 1 47 2 1 486
0 101 50 2 56 1 3 487
0 134 53 1 58 1 3 488
0 102 50 2 59 1 3 489
0 113 54 1 54 1 3 490
0 17 48 2 52 1 5 491
1 143 49 2 48 2 1 492
1 128 53 1 42 1 2 493
1 17 54 1 47 1 1 494
1 17 53 1 52 0 1 495
0 70 49 1 33 1 3 496
1 67 57 2 57 1 1 497
0 143 59 1 54 1 6 498
1 75 56 1 49 1 3 499
1 59 48 2 48 1 1 500
1 65 48 2 54 2 2 501
0 61 55 1 58 1 3 502
0 59 49 2 55 1 3 503
1 73 52 2 54 2 2 504
0 41 54 2 59 1 3 505
0 17 59 1 58 1 3 506
0 17 54 1 53 1 3 507
1 59 52 1 48 2 1 508
0 143 52 1 58 1 3 509
1 129 47 2 48 2 1 510
1 55 51 1 58 1 3 511
0 37 47 2 49 2 3 512
1 17 51 2 46 2 1 513
1 59 42 2 48 1 1 514
1 44 54 2 53 1 1 515
0 143 48 2 54 1 5 516
0 59 60 1 47 2 3 517
1 101 55 1 49 1 1 518
1 41 50 1 53 1 1 519
0 106 59 1 49 2 4 520
0 101 56 1 53 1 3 521
0 143 59 1 51 2 6 522
1 56 57 1 55 1 1 523
1 110 58 1 58 1 1 524
1 101 56 1 22 3 2 525
1 124 50 2 49 2 1 526
1 17 52 1 53 1 1 527
1 123 53 1 24 1 1 528
0 143 40 1 41 1 3 529
0 115 53 1 53 1 3 530
0 17 59 1 61 1 4 531
0 66 55 2 55 2 3 532
1 59 54 1 46 2 1 533
1 47 52 1 52 1 2 534
1 17 58 1 58 1 2 535
1 92 57 1 54 1 2 536
1 143 52 2 50 2 1 537
0 17 47 2 47 2 3 538
1 96 54 1 53 1 1 539
0 101 53 2 47 2 3 540
0 42 45 1 57 1 3 541
0 101 53 1 55 1 3 542
0 17 40 1 42 2 4 543
1 70 57 1 54 1 1 544
1 76 58 1 59 1 1 545
0 143 57 1 53 1 3 546
1 59 60 1 34 1 1 547
0 125 56 1 51 1 3 548
1 143 54 1 56 1 1 549
0 17 53 1 52 1 3 550
0 87 55 2 53 2 3 551
0 33 48 2 47 2 3 552
0 59 54 0 56 1 3 553
0 143 59 1 59 1 4 554
0 143 59 1 57 1 3 555
1 9 55 1 56 1 1 556
1 17 49 1 38 1 6 557
1 11 47 2 54 1 1 558
1 143 58 1 57 1 2 559
1 17 58 1 50 2 2 560
0 35 51 2 48 2 3 561
0 38 56 1 53 1 3 562
1 16 55 1 52 1 4 563
0 0 52 1 54 1 3 564
1 103 47 1 43 1 1 565
0 143 58 1 58 1 3 566
1 101 55 1 27 1 5 567
0 101 57 1 59 1 3 568
1 143 45 2 59 1 6 569
0 107 53 1 57 0 3 570
0 59 56 1 53 0 3 571
0 46 59 1 54 1 3 572
1 15 54 1 55 1 1 573
1 17 56 0 57 1 2 574
0 39 60 1 57 1 3 575
1 17 55 1 53 1 3 576
0 143 51 1 56 1 3 577
0 17 40 1 39 1 3 578
1 101 56 1 54 1 4 579
1 101 39 1 43 1 1 580
0 66 58 1 57 1 3 581
0 72 49 2 55 2 3 582
1 143 56 1 52 2 1 583
1 27 48 2 50 1 1 584
0 136 52 2 48 2 3 585
1 17 57 1 53 1 1 586
1 59 52 2 49 1 1 587
1 101 47 1 49 1 2 588
1 17 48 2 56 1 1 589
0 78 51 1 56 1 3 590
0 17 60 1 59 1 3 591
0 71 56 1 57 1 3 592
1 89 52 1 48 2 2 593
1 33 58 1 59 1 2 594
1 132 53 1 54 1 1 595
0 17 54 2 52 2 6 596
1 143 58 1 57 1 1 597
0 101 48 2 55 1 3 598
1 53 46 2 55 1 1 599
0 17 55 1 52 1 3 600
0 143 50 2 50 2 3 601
1 40 53 1 57 1 1 602
0 17 57 1 58 1 5 603
0 36 49 2 47 2 3 604
1 143 57 1 52 1 1 605
0 69 54 2 37 1 3 606
0 101 51 1 59 1 3 607
1 143 59 1 57 1 1 608
0 128 52 1 59 1 3 609
0 27 54 1 60 1 3 610
0 57 60 1 56 1 3 611
0 17 54 2 54 2 3 612
0 87 48 2 49 2 3 613
0 143 54 1 47 2 3 614
1 98 52 1 55 1 2 615
0 17 54 1 57 1 3 616
1 62 46 1 48 1 2 617
0 59 48 1 42 1 3 618
1 17 54 1 34 1 1 619
0 17 51 1 55 1 3 620
1 28 54 1 48 2 2 621
1 59 53 1 48 2 5 622
1 79 51 2 54 1 1 623
0 101 53 1 53 2 5 624
0 43 51 1 48 2 3 625
1 143 47 2 55 2 2 626
0 118 56 1 52 1 3 627
0 82 49 2 54 1 3 628
0 40 55 1 46 2 3 629
1 143 52 2 55 2 2 630
1 101 47 2 56 1 2 631
1 126 55 1 57 1 1 632
0 59 54 1 57 1 6 633
0 120 55 0 53 1 3 634
0 101 52 1 47 1 3 635
0 17 51 1 47 2 3 636
0 115 48 1 53 1 3 637
1 17 45 2 45 2 4 638
1 59 56 1 56 1 2 639
1 143 53 1 49 1 1 640
1 72 50 2 47 2 2 641
0 59 42 1 44 1 3 642
0 101 53 1 54 1 5 643
0 63 51 2 51 2 3 644
0 99 54 1 57 1 3 645
0 101 47 2 61 1 3 646
1 9 55 1 53 1 1 647
0 77 58 1 56 1 3 648
1 59 59 1 55 1 5 649
1 13 58 1 59 1 1 650
0 101 57 1 53 1 5 651
0 143 57 1 51 2 3 652
0 59 41 1 45 2 5 653
0 59 56 1 59 1 3 654
0 59 45 2 41 2 5 655
1 59 54 1 55 1 1 656
1 17 59 1 56 1 1 657
0 101 57 1 58 1 3 658
0 105 58 1 54 1 3 659
1 59 48 2 53 2 1 660
1 25 58 1 58 1 3 661
1 17 53 0 54 1 1 662
1 143 56 1 54 1 1 663
0 52 52 2 44 3 4 664
1 17 57 1 51 1 6 665
1 82 49 2 51 2 1 666
1 40 54 2 55 1 1 667
1 17 54 1 55 1 1 668
1 105 61 1 59 1 1 669
0 101 53 2 51 2 5 670
1 143 54 1 54 1 1 671
1 99 58 1 45 2 4 672
1 58 51 2 47 2 1 673
1 109 57 1 59 1 1 674
1 121 54 2 57 1 1 675
1 101 52 1 51 2 1 676
0 7 54 1 54 1 3 677
0 109 54 1 56 1 3 678
1 143 51 1 32 1 1 679
0 38 50 2 55 1 3 680
0 101 52 1 50 1 3 681
0 6 55 1 58 1 3 682
0 101 59 1 54 1 3 683
0 101 59 1 54 2 3 684
0 17 57 1 55 1 5 685
1 143 57 1 55 1 1 686
0 42 56 1 7 1 3 687
1 101 53 1 57 1 1 688
1 101 12 0 43 3 1 689
0 101 55 1 54 1 3 690
0 59 52 1 60 1 3 691
0 143 56 1 58 1 3 692
1 101 47 2 56 1 1 693
0 38 54 1 56 0 3 694
0 136 61 1 59 1 3 695
0 68 59 1 56 2 3 696
1 17 55 1 58 1 1 697
0 59 60 1 55 1 3 698
1 74 47 2 49 2 2 699
1 17 55 2 51 1 2 700
0 59 57 1 56 1 3 701
1 101 53 2 51 1 5 702
0 118 38 1 32 2 3 703
1 40 51 2 50 2 2 704
0 143 52 1 49 2 3 705
1 119 56 1 42 2 2 706
0 38 51 2 48 2 3 707
0 101 48 2 58 1 3 708
0 101 55 1 59 1 3 709
1 143 50 2 51 2 1 710
1 143 56 2 49 1 5 711
0 120 53 1 53 1 3 712
0 17 48 2 51 2 6 713
0 143 54 1 53 1 3 714
1 125 58 1 56 1 2 715
0 40 51 1 54 1 3 716
1 17 52 1 48 2 2 717
1 17 59 1 44 1 3 718
0 101 50 1 57 1 5 719
0 143 51 2 54 1 5 720
0 101 55 1 56 1 3 721
1 101 47 2 57 1 1 722
0 17 53 1 56 1 3 723
0 17 55 2 57 1 3 724
1 23 53 2 58 1 1 725
0 3 48 2 42 1 3 726
0 59 48 2 53 1 3 727
0 36 56 1 50 0 3 728
0 60 58 1 50 1 4 729
1 32 55 2 53 1 1 730
0 70 59 1 56 1 3 731
1 17 56 1 46 1 2 732
0 75 60 1 56 1 3 733
1 59 41 3 46 2 1 734
1 4 47 2 53 1 4 735
0 110 57 1 57 1 3 736
0 70 58 1 52 0 3 737
1 56 56 1 48 2 1 738
0 101 59 1 60 1 3 739
1 17 43 3 44 2 1 740
1 59 54 1 55 1 1 741
0 59 49 1 58 1 3 742
1 68 60 1 58 1 1 743
1 17 56 1 61 1 1 744
1 87 48 2 49 2 2 745
0 101 48 2 44 2 3 746
0 86 53 1 59 1 3 747
0 143 59 1 58 1 3 748
1 59 48 2 59 1 4 749
1 101 53 1 50 2 2 750
1 89 56 1 96 1 4 751
0 6 53 2 50 2 3 752
1 59 55 1 53 1 1 753
0 15 54 2 54 2 3 754
0 63 51 1 55 1 3 755
1 101 47 1 49 1 1 756
1 17 55 1 50 2 1 757
0 101 52 1 53 1 5 758
1 101 54 1 52 1 6 759
0 17 47 2 52 1 3 760
0 60 55 1 49 1 3 761
1 59 54 1 59 1 5 762
1 63 57 1 55 1 4 763
0 59 54 2 53 2 3 764
0 101 55 1 56 1 3 765
1 28 57 1 64 0 1 766
0 2 55 1 52 1 4 767
0 101 48 1 49 1 3 768
0 59 54 0 47 2 3 769
1 59 51 1 45 2 2 770
0 143 47 2 50 2 5 771
0 26 53 2 49 2 3 772
1 61 52 1 57 1 1 773
0 123 53 1 52 1 3 774
0 8 55 1 56 1 3 775
1 17 55 1 54 1 5 776
0 17 56 1 53 1 3 777
0 101 52 1 48 2 3 778
0 11 54 1 54 1 3 779
1 143 59 1 54 1 1 780
1 101 50 2 47 2 1 781
1 92 52 1 53 1 2 782
0 93 49 1 47 2 3 783
1 110 58 1 57 1 2 784
0 2 50 2 50 2 3 785
0 17 58 1 51 1 6 786
0 104 55 1 58 1 3 787
1 101 56 1 55 1 1 788
1 52 56 1 58 1 1 789
1 17 54 2 50 1 2 790
0 143 55 1 54 2 3 791
1 59 59 1 53 2 1 792
0 59 51 1 56 1 5 793
1 30 59 1 59 1 1 794
1 59 53 1 47 2 1 795
0 101 53 1 53 1 3 796
1 101 54 1 49 2 3 797
1 143 51 2 54 2 1 798
1 143 59 1 59 1 1 799
1 123 56 1 54 1 1 800
0 18 57 1 53 1 3 801
0 59 55 1 38 1 5 802
0 143 55 1 59 1 5 803
1 77 50 1 58 1 1 804
1 70 54 1 45 2 1 805
1 84 53 1 59 1 1 806
0 17 41 2 41 2 3 807
1 108 47 1 56 0 1 808
0 30 54 1 54 1 3 809
0 82 50 2 52 1 3 810
1 32 47 2 46 2 2 811
0 28 55 1 54 1 3 812
0 17 51 2 54 1 3 813
0 103 56 1 58 1 3 814
1 101 54 2 59 1 1 815
1 101 58 1 48 1 1 816
1 44 48 2 58 1 1 817
1 59 58 1 61 1 1 818
0 17 55 2 59 1 3 819
0 93 44 1 48 1 3 820
1 0 44 2 51 2 1 821
0 53 46 2 38 3 3 822
1 93 55 1 58 1 1 823
1 139 58 1 57 1 1 824
1 101 48 2 56 1 2 825
1 143 49 1 54 2 2 826
1 59 55 1 54 1 1 827
0 125 48 2 47 2 3 828
1 35 57 1 57 1 1 829
1 59 53 2 47 2 1 830
0 95 59 1 53 1 3 831
0 51 56 1 52 2 3 832
1 101 59 1 48 2 1 833
1 101 49 1 50 1 2 834
0 143 55 1 52 1 3 835
1 127 54 2 51 2 2 836
1 127 57 1 56 1 1 837
0 17 53 1 59 1 3 838
0 17 50 1 53 1 3 839
0 4 48 2 47 2 3 840
1 96 48 1 56 0 1 841
0 59 54 1 53 0 3 842
0 34 51 1 45 2 3 843
1 74 55 1 48 2 3 844
0 16 47 2 53 1 3 845
0 101 55 1 59 1 3 846
0 28 56 1 54 1 3 847
0 2 50 2 55 1 3 848
0 17 60 1 55 1 3 849
1 75 49 2 45 2 1 850
1 40 49 2 52 2 3 851
0 143 54 1 50 1 3 852
0 143 47 2 46 2 3 853
0 143 58 1 57 1 3 854
0 143 47 1 51 1 3 855
1 115 54 1 47 2 1 856
0 59 46 1 50 1 3 857
1 47 45 1 44 1 2 858
0 17 53 2 51 2 3 859
1 101 59 1 58 1 1 860
1 17 50 2 50 2 3 861
0 101 52 1 55 1 5 862
1 131 57 1 58 1 2 863
0 17 50 2 54 2 3 864
0 23 50 1 58 1 3 865
1 143 54 1 52 1 2 866
1 59 55 1 55 1 4 867
1 101 52 1 48 2 2 868
0 14 56 1 49 1 3 869
0 143 59 1 53 1 3 870
1 143 47 2 48 2 5 871
1 47 54 1 59 1 2 872
1 143 53 2 54 1 1 873
1 59 45 1 48 1 1 874
0 133 48 2 53 2 3 875
0 38 57 1 59 1 3 876
0 56 48 2 47 2 3 877
0 59 53 1 49 1 3 878
0 117 58 1 54 1 3 879
0 101 53 1 53 1 4 880
0 101 59 1 56 1 4 881
1 139 51 2 52 2 1 882
0 143 53 1 54 1 5 883
0 17 55 1 52 1 3 884
0 127 56 1 47 2 3 885
0 82 57 0 57 1 3 886
1 59 55 1 47 2 4 887
0 59 51 2 61 1 5 888
0 17 59 1 54 1 3 889
1 59 53 1 56 1 5 890
0 101 56 1 48 2 3 891
1 41 56 1 55 1 3 892
0 104 48 2 56 1 3 893
1 143 55 1 47 2 5 894
1 108 27 1 43 1 3 895
0 17 52 1 55 2 3 896
0 124 54 1 55 1 3 897
0 17 47 2 48 2 5 898
0 40 56 1 51 1 3 899
0 33 53 1 53 1 3 900
0 17 56 1 59 1 3 901
1 121 56 1 50 1 1 902
0 101 45 1 47 2 3 903
0 17 53 2 52 1 5 904
0 101 54 1 38 1 5 905
1 143 56 1 47 2 1 906
1 139 59 1 55 1 3 907
0 46 53 1 53 2 3 908
0 107 55 1 53 1 3 909
1 59 59 1 54 1 4 910
1 17 55 1 54 1 4 911
0 17 57 1 56 1 5 912
1 143 59 1 73 1 2 913
0 17 48 1 57 0 3 914
1 143 58 1 58 1 1 915
0 30 55 1 56 1 3 916
0 59 60 1 54 1 3 917
0 17 58 1 59 1 3 918
1 73 54 2 51 2 1 919
1 17 49 2 54 1 1 920
0 143 53 1 54 1 5 921
1 143 54 2 51 2 1 922
0 75 58 1 59 1 3 923
0 85 55 1 59 1 3 924
0 93 54 2 56 1 3 925
0 77 49 2 54 2 3 926
1 21 54 1 55 1 2 927
0 28 53 1 54 1 3 928
1 73 54 1 58 1 1 929
1 59 47 2 48 2 1 930
1 87 52 1 48 2 1 931
0 82 51 1 48 2 3 932
1 38 55 1 57 1 4 933
0 83 58 1 49 2 3 934
0 101 55 1 54 1 3 935
1 98 44 2 46 2 1 936
0 97 57 1 49 2 3 937
1 59 56 1 56 1 5 938
0 143 56 1 56 1 3 939
1 143 59 1 56 2 4 940
1 54 54 1 57 1 2 941
0 17 47 2 56 1 3 942
0 0 54 1 48 2 3 943
1 14 59 1 54 1 2 944
0 62 54 1 47 2 3 945
0 17 54 1 56 1 3 946
1 110 41 1 42 1 1 947
1 54 54 1 42 1 2 948
1 59 54 1 54 1 1 949
1 143 56 1 52 1 6 950
0 101 60 1 54 1 5 951
0 127 53 1 55 2 3 952
0 90 48 2 56 1 3 953
1 17 50 1 48 2 2 954
1 143 47 2 55 1 4 955
1 101 54 1 58 1 1 956
1 11 59 1 48 2 3 957
0 101 56 1 58 1 3 958
0 22 51 2 43 1 3 959
0 94 59 1 47 2 3 960
1 17 55 1 54 1 1 961
0 99 49 1 54 1 3 962
0 84 57 1 51 1 3 963
0 59 49 2 54 1 3 964
1 143 58 1 57 1 2 965
1 68 50 1 54 1 1 966
0 101 50 1 55 1 3 967
1 101 46 2 49 2 1 968
0 143 54 1 54 1 3 969
1 9 53 2 53 1 1 970
0 127 57 1 52 1 3 971
0 101 14 0 7 1 3 972
1 74 47 2 52 0 1 973
1 42 48 2 18 2 3 974
1 143 45 1 45 1 6 975
0 59 48 2 48 2 3 976
0 51 50 1 54 1 3 977
1 59 56 1 53 1 1 978
1 27 54 2 48 2 2 979
0 57 56 1 55 1 3 980
0 17 48 2 53 2 3 981
0 59 53 1 57 1 3 982
0 143 53 1 51 1 3 983
0 59 56 1 54 1 3 984
1 101 55 1 56 1 1 985
1 99 53 1 53 1 1 986
1 141 57 1 56 1 1 987
1 101 58 1 53 1 1 988
0 59 50 1 52 1 4 989
1 104 54 1 54 2 2 990
0 101 51 1 54 1 3 991
0 59 58 1 59 1 5 992
1 21 51 2 55 1 1 993
1 115 48 2 47 2 1 994
0 30 53 1 56 1 3 995
0 101 61 1 55 1 3 996
1 106 60 1 59 1 2 997
1 101 53 1 54 1 1 998
1 101 54 1 61 1 5 999
0 101 50 2 53 2 3 1000
0 75 48 2 46 2 3 1001
0 59 54 1 53 1 3 1002
0 17 48 2 53 1 3 1003
1 143 59 1 56 1 6 1004
1 66 55 2 54 2 1 1005
1 59 54 1 45 1 5 1006
1 143 50 2 51 2 1 1007
0 17 52 2 39 1 5 1008
0 33 54 1 53 2 3 1009
0 143 56 1 59 1 6 1010
1 101 59 1 59 1 6 1011
1 41 39 2 53 1 1 1012
1 17 52 1 46 2 5 1013
1 143 53 1 65 1 2 1014
0 59 54 2 53 0 3 1015
0 37 54 1 57 1 3 1016
0 59 51 1 50 2 3 1017
1 59 53 1 50 1 1 1018
0 17 56 2 49 2 3 1019
1 10 47 2 49 2 2 1020
1 101 48 2 53 1 1 1021
0 17 59 1 56 1 3 1022
1 143 54 1 51 1 3 1023
1 30 58 1 50 0 1 1024
1 59 41 1 55 1 2 1025
1 46 51 1 56 1 3 1026
1 18 56 1 50 2 1 1027
0 37 57 1 59 1 3 1028
0 143 56 1 59 1 3 1029
0 28 51 2 60 1 3 1030
1 59 49 1 49 1 1 1031
0 17 54 1 53 1 3 1032
1 143 49 1 57 1 2 1033
1 101 51 1 58 1 1 1034
0 125 58 1 52 1 3 1035
0 143 49 2 48 2 3 1036
0 59 58 1 53 2 3 1037
1 101 51 1 52 1 2 1038
0 59 56 1 55 1 3 1039
0 101 51 2 52 1 3 1040
0 143 55 1 54 2 3 1041
1 17 55 1 55 1 6 1042
0 61 57 1 54 1 3 1043
0 59 55 1 55 2 3 1044
0 59 59 1 56 1 3 1045
1 143 50 1 54 2 6 1046
0 101 61 1 61 1 3 1047
1 1 59 1 57 1 1 1048
1 78 57 1 61 1 2 1049
1 14 52 1 58 1 1 1050
0 59 55 1 52 1 3 1051
0 143 55 1 54 1 5 1052
1 77 58 1 55 1 2 1053
0 95 48 2 47 2 3 1054
0 21 53 1 59 1 3 1055
1 101 50 1 53 1 1 1056
1 8 57 1 56 1 1 1057
1 75 56 1 57 1 1 1058
0 22 53 1 54 1 3 1059
1 17 52 1 54 1 1 1060
1 75 54 1 57 1 1 1061
1 17 48 2 56 0 1 1062
1 82 53 2 47 2 2 1063
1 17 50 1 31 1 3 1064
0 59 32 1 56 1 3 1065
0 92 54 1 60 1 3 1066
0 101 51 1 59 1 5 1067
0 15 54 0 52 1 3 1068
0 56 53 1 53 1 3 1069
0 63 53 1 55 1 4 1070
1 47 52 2 60 1 2 1071
0 84 49 2 49 2 3 1072
0 143 53 1 54 1 3 1073
1 17 51 1 49 2 5 1074
1 101 56 1 50 1 2 1075
0 21 59 1 58 1 3 1076
1 59 55 1 52 1 5 1077
1 59 50 1 52 1 5 1078
0 59 53 1 52 2 3 1079
1 59 54 2 56 1 6 1080
1 17 58 1 51 0 1 1081
0 79 56 1 54 1 3 1082
1 143 48 2 47 2 5 1083
1 101 59 1 54 1 2 1084
1 133 58 1 59 1 1 1085
0 120 49 1 45 1 3 1086
0 138 53 2 51 2 3 1087
0 101 48 2 55 2 3 1088
1 143 55 2 77 0 5 1089
1 59 52 1 56 1 1 1090
0 143 38 1 58 1 5 1091
0 66 51 2 53 1 3 1092
1 59 55 1 54 1 1 1093
0 97 47 2 56 1 3 1094
1 59 54 1 52 1 1 1095
0 4 49 1 54 2 3 1096
1 128 47 2 52 1 1 1097
1 127 53 1 56 1 4 1098
1 54 31 1 35 1 1 1099
0 59 49 2 52 2 6 1100
0 76 59 1 59 1 4 1101
0 143 58 1 54 1 3 1102
1 101 55 1 53 1 4 1103
1 17 52 1 54 1 1 1104
0 101 57 1 60 1 3 1105
0 80 54 1 55 1 3 1106
1 101 51 2 51 2 1 1107
1 43 56 1 58 1 1 1108
1 39 46 1 51 1 1 1109
0 143 47 2 49 1 3 1110
0 143 53 1 55 0 3 1111
0 101 56 1 56 1 5 1112
1 62 52 1 52 1 2 1113
0 82 47 2 51 2 3 1114
1 143 59 1 54 2 1 1115
1 25 57 1 60 1 1 1116
0 136 54 2 59 1 3 1117
0 22 56 1 55 1 3 1118
0 101 54 1 54 1 3 1119
1 7 51 1 48 2 3 1120
0 101 53 1 51 1 3 1121
1 59 53 2 59 1 5 1122
1 17 52 1 56 1 5 1123
0 132 60 1 56 1 3 1124
0 59 49 2 52 1 3 1125
0 143 57 1 59 1 3 1126
1 143 55 1 48 1 1 1127
1 77 55 1 54 1 2 1128
1 114 55 1 59 1 2 1129
1 17 56 1 57 1 2 1130
0 17 50 2 47 2 5 1131
1 56 57 1 56 1 1 1132
1 44 49 2 55 2 1 1133
1 101 55 1 43 2 1 1134
0 143 47 1 53 1 6 1135
1 14 51 2 51 2 2 1136
0 101 51 1 55 1 3 1137
1 64 49 1 56 1 4 1138
0 28 52 1 49 2 3 1139
0 59 54 1 51 1 3 1140
1 75 52 1 49 2 4 1141
0 27 54 1 47 2 3 1142
0 101 52 1 59 1 3 1143
1 107 50 2 51 2 2 1144
0 101 55 1 54 1 3 1145
1 44 47 2 55 1 1 1146
0 101 59 1 59 1 3 1147
1 101 12 0 42 0 1 1148
1 0 53 1 55 1 1 1149
1 9 52 1 56 1 1 1150
1 17 57 1 59 1 2 1151
0 0 56 1 57 1 3 1152
0 56 47 2 48 2 3 1153
0 101 50 1 54 1 3 1154
0 143 52 1 58 1 3 1155
0 17 54 1 53 1 5 1156
0 143 48 1 47 2 3 1157
1 101 57 1 48 1 1 1158
1 101 56 2 53 1 1 1159
1 75 57 1 55 2 1 1160
0 59 54 2 59 1 3 1161
1 17 49 2 55 1 1 1162
1 109 49 1 58 1 2 1163
0 68 60 1 60 1 3 1164
1 59 51 1 56 1 5 1165
0 59 55 1 55 1 3 1166
0 59 44 1 46 1 3 1167
0 99 58 1 53 1 3 1168
1 27 52 1 58 1 1 1169
0 17 52 1 37 2 3 1170
0 61 47 2 54 2 3 1171
1 49 49 2 50 1 2 1172
1 81 57 1 54 1 1 1173
0 63 54 1 47 1 4 1174
1 129 55 1 59 1 1 1175
1 47 50 2 47 2 1 1176
1 101 55 1 54 1 1 1177
1 67 51 1 49 2 1 1178
1 134 56 1 46 2 3 1179
0 13 51 2 55 2 3 1180
1 122 56 1 58 1 4 1181
0 33 51 1 53 2 3 1182
1 17 51 2 49 2 6 1183
1 143 55 1 59 1 1 1184
1 17 55 2 55 2 1 1185
1 59 45 1 45 1 1 1186
0 143 56 1 54 1 3 1187
0 59 47 2 49 1 3 1188
1 143 58 1 58 1 1 1189
1 113 53 1 47 2 1 1190
0 26 59 1 54 1 3 1191
0 108 53 1 57 1 3 1192
0 8 56 1 54 1 3 1193
1 101 55 1 59 1 1 1194
0 37 55 1 53 1 3 1195
0 5 54 1 59 1 3 1196
0 132 57 1 53 1 3 1197
1 143 58 1 57 1 1 1198
1 17 59 1 59 1 1 1199
0 59 51 2 57 1 4 1200
1 62 47 2 45 2 2 1201
1 17 45 2 55 1 5 1202
0 143 57 1 57 1 3 1203
1 101 55 1 52 1 1 1204
1 132 53 1 55 1 1 1205
0 59 48 2 55 1 3 1206
0 25 49 2 54 2 3 1207
0 143 55 2 54 2 3 1208
1 33 57 1 56 1 2 1209
1 59 53 1 54 1 1 1210
0 59 52 2 48 2 5 1211
1 143 49 2 51 1 1 1212
0 143 53 1 53 1 6 1213
0 103 49 1 58 1 3 1214
1 92 58 1 54 1 1 1215
0 59 47 2 56 1 3 1216
0 61 50 1 41 1 3 1217
1 143 50 1 52 1 6 1218
1 17 53 1 56 1 3 1219
1 118 57 1 54 1 2 1220
0 59 59 1 56 1 3 1221
0 59 47 1 48 1 3 1222
1 102 52 2 50 2 1 1223
0 80 56 1 59 1 3 1224
0 101 56 1 48 2 3 1225
1 7 59 1 41 1 2 1226
0 59 53 1 53 1 3 1227
1 55 56 1 56 1 2 1228
1 143 49 1 38 1 5 1229
0 141 52 2 57 1 3 1230
1 101 51 1 54 1 1 1231
0 13 55 1 58 1 3 1232
1 101 50 2 52 2 1 1233
0 59 51 2 50 2 3 1234
1 17 50 1 53 1 3 1235
1 143 51 2 50 2 1 1236
1 56 58 1 50 1 2 1237
1 1 58 1 55 1 2 1238
0 59 47 2 54 2 3 1239
1 59 51 2 54 2 2 1240
1 143 50 1 51 1 1 1241
0 59 49 2 53 1 6 1242
0 135 48 2 57 1 3 1243
0 59 55 2 57 1 3 1244
0 70 46 2 51 2 3 1245
0 17 60 1 58 1 3 1246
1 17 54 1 57 1 1 1247
1 53 52 2 53 2 1 1248
0 68 53 2 50 1 4 1249
1 101 59 1 51 1 2 1250
1 42 57 1 50 2 1 1251
0 59 54 1 53 1 5 1252
1 59 47 2 43 2 1 1253
0 10 52 1 54 1 3 1254
1 135 61 1 65 0 2 1255
1 17 48 2 48 2 1 1256
0 64 50 2 61 1 3 1257
0 17 46 1 43 1 3 1258
0 17 53 1 50 2 3 1259
0 110 53 2 53 1 3 1260
0 93 59 1 60 1 4 1261
1 30 53 1 52 1 2 1262
1 143 55 1 55 1 1 1263
0 42 55 1 58 1 3 1264
0 143 45 2 49 2 3 1265
1 27 47 2 58 1 1 1266
1 34 54 1 57 1 2 1267
0 136 55 1 53 1 3 1268
0 101 57 1 45 2 3 1269
0 50 57 1 50 1 3 1270
1 54 53 1 37 2 1 1271
0 59 47 2 55 2 3 1272
1 101 51 1 50 1 1 1273
1 59 59 1 54 1 3 1274
1 143 51 2 48 2 1 1275
1 58 55 1 46 1 1 1276
1 49 52 1 54 2 1 1277
1 57 58 1 51 1 1 1278
0 55 55 2 55 1 3 1279
1 143 59 1 56 1 1 1280
0 19 50 1 55 0 3 1281
1 59 52 2 45 2 1 1282
0 108 51 1 49 2 3 1283
1 11 58 1 55 1 1 1284
1 124 53 1 53 1 1 1285
1 4 54 1 48 2 1 1286
1 143 54 1 51 1 6 1287
1 19 56 1 55 1 1 1288
1 101 44 1 38 2 1 1289
0 59 56 1 55 1 3 1290
1 106 52 1 56 1 2 1291
0 27 60 1 57 1 3 1292
0 143 51 1 48 2 5 1293
1 9 52 1 54 0 1 1294
1 101 59 1 57 1 2 1295
1 101 41 2 49 2 1 1296
0 108 54 2 50 1 3 1297
0 101 15 1 15 1 3 1298
0 143 59 1 59 1 3 1299
0 143 51 1 50 2 3 1300
0 59 59 1 49 2 3 1301
0 59 58 1 59 1 3 1302
0 98 58 1 61 1 3 1303
1 101 47 2 58 1 1 1304
1 143 50 1 49 2 1 1305
0 59 50 2 48 2 3 1306
1 143 60 1 53 2 1 1307
0 42 45 2 54 1 3 1308
1 59 40 2 37 1 1 1309
1 101 58 1 55 1 1 1310
0 17 50 1 58 1 3 1311
1 6 26 1 26 1 2 1312
0 57 48 2 48 2 3 1313
1 101 56 1 52 1 1 1314
0 84 56 1 53 1 3 1315
1 59 47 2 53 2 1 1316
0 17 54 1 40 2 3 1317
0 63 47 2 58 1 3 1318
1 101 57 1 57 1 1 1319
1 101 51 1 59 1 1 1320
1 21 50 0 55 0 1 1321
1 17 49 2 50 1 6 1322
1 18 55 1 54 1 1 1323
0 143 58 1 55 1 3 1324
0 54 59 1 49 1 3 1325
1 17 53 2 55 2 4 1326
0 101 50 1 51 1 5 1327
1 101 55 1 55 1 5 1328
1 17 53 2 51 0 2 1329
1 50 48 1 53 2 1 1330
0 101 42 1 48 1 3 1331
1 33 47 2 49 2 2 1332
0 129 51 1 53 1 3 1333
1 77 59 1 48 1 2 1334
0 72 56 1 50 1 3 1335
1 5 53 1 52 1 2 1336
1 101 59 1 56 1 1 1337
0 139 54 1 51 1 3 1338
0 110 53 1 42 3 3 1339
1 115 55 1 53 1 3 1340
0 101 56 1 54 1 5 1341
0 25 49 2 47 2 3 1342
1 129 58 1 57 1 1 1343
0 143 58 1 59 1 3 1344
1 68 58 1 55 1 3 1345
1 143 49 2 49 1 3 1346
1 64 54 1 59 1 3 1347
0 17 47 2 50 2 3 1348
0 9 51 1 54 1 3 1349
1 59 46 1 56 1 6 1350
0 143 47 2 47 2 5 1351
0 101 57 1 55 1 3 1352
0 121 55 1 55 1 3 1353
0 101 55 1 53 1 3 1354
0 17 53 1 51 1 3 1355
1 101 49 1 49 1 4 1356
0 30 55 1 50 1 3 1357
1 143 55 1 59 1 2 1358
0 101 52 1 48 2 3 1359
1 131 48 2 48 2 1 1360
0 39 58 0 47 1 3 1361
1 143 52 2 48 1 1 1362
0 136 53 1 57 2 3 1363
1 143 55 1 55 1 2 1364
0 17 50 2 53 1 3 1365
0 59 53 1 47 1 3 1366
1 61 42 2 48 2 1 1367
1 101 54 1 37 1 2 1368
0 17 57 1 56 1 5 1369
0 101 59 1 48 1 3 1370
1 59 58 1 53 1 5 1371
1 101 49 2 55 1 1 1372
1 72 51 1 0 0 1 1373
1 143 48 2 53 2 1 1374
1 138 57 1 56 1 2 1375
1 110 52 1 48 2 2 1376
0 17 59 1 54 1 3 1377
1 59 58 1 57 1 1 1378
0 143 54 1 59 1 3 1379
1 75 32 1 32 1 2 1380
1 101 48 1 48 1 2 1381
1 143 49 1 54 2 1 1382
1 17 42 3 44 2 1 1383
0 59 55 1 47 2 5 1384
1 17 53 2 49 2 1 1385
0 101 53 2 50 2 3 1386
1 101 58 1 49 2 1 1387
0 134 48 2 53 2 3 1388
0 59 51 2 51 2 5 1389
0 143 47 2 48 1 5 1390
0 141 51 2 56 1 3 1391
0 97 51 2 53 2 3 1392
1 101 52 1 52 1 4 1393
0 59 55 1 52 1 3 1394
0 52 56 1 55 1 3 1395
0 134 46 2 44 2 3 1396
1 61 51 1 28 1 2 1397
1 101 55 1 56 1 1 1398
1 101 54 1 56 1 1 1399
0 9 55 2 53 2 3 1400
0 106 53 1 51 1 3 1401
0 43 58 1 60 1 3 1402
0 101 46 1 48 1 5 1403
0 40 57 1 52 1 3 1404
1 50 47 2 56 1 1 1405
1 96 58 1 48 2 1 1406
0 8 54 2 57 2 3 1407
0 61 57 1 59 1 3 1408
0 59 57 1 56 1 3 1409
0 17 49 2 54 2 3 1410
0 26 47 2 52 1 3 1411
0 49 53 1 56 1 3 1412
0 17 45 2 53 1 3 1413
0 43 56 1 57 1 3 1414
1 17 59 1 48 1 1 1415
0 59 57 1 56 1 3 1416
0 101 61 1 49 1 3 1417
1 30 54 1 54 1 2 1418
1 2 55 1 48 2 1 1419
0 143 52 2 50 2 3 1420
0 17 60 1 53 1 3 1421
0 75 50 2 47 2 3 1422
1 143 57 1 57 1 1 1423
1 17 57 1 56 1 2 1424
0 143 52 2 52 1 5 1425
0 82 57 1 59 1 4 1426
0 69 57 1 60 1 4 1427
0 17 55 1 49 1 6 1428
1 17 53 2 51 1 2 1429
1 101 54 1 56 1 1 1430
0 11 56 1 55 2 3 1431
1 95 55 1 56 1 2 1432
1 17 60 1 47 2 1 1433
0 53 58 1 52 1 3 1434
1 101 55 1 55 1 1 1435
0 143 50 1 37 1 5 1436
1 83 48 2 58 1 2 1437
0 101 51 1 56 2 3 1438
1 12 54 1 47 2 2 1439
0 3 53 2 58 1 3 1440
1 101 52 2 47 2 6 1441
1 101 48 1 57 1 1 1442
1 59 52 1 55 1 1 1443
0 114 55 1 55 1 3 1444
1 4 50 2 50 2 2 1445
0 59 51 1 54 1 3 1446
1 80 57 1 56 1 3 1447
0 129 57 1 56 1 3 1448
0 101 55 2 56 1 5 1449
1 143 53 1 53 2 2 1450
1 47 47 2 52 1 1 1451
1 110 54 1 48 2 1 1452
0 88 52 1 48 2 3 1453
0 132 56 1 52 1 3 1454
0 143 58 1 54 1 3 1455
0 12 39 2 42 1 3 1456
1 143 54 1 54 1 5 1457
0 15 52 1 52 1 3 1458
0 59 56 1 53 1 5 1459
0 59 53 1 56 1 3 1460
0 59 45 2 40 3 3 1461
0 101 49 2 46 2 3 1462
1 59 58 1 56 1 1 1463
0 143 54 1 59 1 3 1464
1 101 56 1 50 1 1 1465
1 101 48 2 56 1 5 1466
0 17 53 1 50 1 3 1467
1 57 52 1 56 1 1 1468
0 143 12 0 11 1 6 1469
0 117 55 1 56 1 3 1470
1 54 51 2 58 1 1 1471
1 101 48 1 47 1 1 1472
1 76 33 1 42 1 1 1473
1 59 56 1 57 1 1 1474
1 143 56 1 58 1 1 1475
1 17 53 1 49 1 1 1476
0 108 51 1 49 1 3 1477
1 73 57 1 51 1 3 1478
1 101 50 1 51 1 1 1479
0 11 57 1 52 1 3 1480
0 108 47 2 51 2 3 1481
0 101 57 1 59 1 3 1482
1 9 57 1 51 1 1 1483
0 143 54 2 53 1 6 1484
0 92 49 1 56 1 3 1485
1 143 55 1 53 1 6 1486
1 17 58 1 54 1 1 1487
0 59 50 1 57 1 3 1488
0 17 14 0 52 1 3 1489
0 54 60 1 53 2 3 1490
0 131 60 1 49 1 3 1491
0 87 51 2 53 1 3 1492
1 85 56 1 61 1 2 1493
0 143 53 1 54 1 3 1494
0 17 41 2 53 1 3 1495
0 143 48 1 54 1 3 1496
1 143 54 1 56 1 1 1497
0 73 67 1 67 1 3 1498
0 9 57 1 59 1 3 1499
1 143 54 2 56 1 1 1500
1 17 55 1 56 1 5 1501
1 143 50 2 48 2 1 1502
1 16 50 1 55 2 1 1503
1 74 50 1 59 1 2 1504
1 139 47 2 55 1 1 1505
0 59 50 2 54 2 6 1506
1 101 53 1 53 1 1 1507
1 101 59 1 57 1 6 1508
0 129 52 2 52 2 3 1509
0 143 56 1 59 1 3 1510
1 126 55 1 58 1 1 1511
0 21 57 1 59 1 3 1512
0 73 54 2 56 1 3 1513
0 143 50 1 49 1 6 1514
0 143 50 1 47 0 3 1515
1 90 46 1 48 1 2 1516
1 17 51 2 57 1 1 1517
0 101 57 1 54 2 5 1518
0 143 58 1 47 2 3 1519
0 127 48 1 47 2 3 1520
1 56 47 2 58 1 4 1521
0 68 54 0 54 1 3 1522
0 120 59 1 55 1 3 1523
0 59 59 1 38 3 5 1524
0 143 55 1 58 1 3 1525
0 89 58 1 46 1 3 1526
1 128 46 2 39 3 4 1527
0 17 59 1 47 2 3 1528
0 17 58 1 55 1 3 1529
0 17 54 1 59 1 6 1530
0 106 54 1 50 1 3 1531
0 85 55 1 54 2 3 1532
1 101 48 2 42 1 1 1533
1 61 56 1 54 1 1 1534
1 75 49 2 48 2 1 1535
1 118 56 1 55 1 3 1536
1 143 40 1 55 1 1 1537
1 17 55 1 53 1 1 1538
0 53 52 1 48 2 4 1539
0 143 55 1 59 1 3 1540
0 92 56 1 52 2 3 1541
0 143 48 2 46 2 3 1542
1 17 50 2 46 2 1 1543
1 17 48 2 52 2 1 1544
1 17 45 2 55 1 1 1545
1 17 51 2 49 2 1 1546
1 127 56 1 54 1 2 1547
1 143 52 1 49 1 1 1548
0 38 58 1 56 1 3 1549
0 17 61 1 45 2 3 1550
0 17 49 2 48 2 3 1551
0 59 55 1 54 1 3 1552
1 119 55 1 50 2 4 1553
0 59 59 1 52 1 3 1554
0 21 54 1 58 1 3 1555
0 17 53 1 53 1 3 1556
0 10 55 2 55 1 4 1557
1 124 54 2 51 1 1 1558
1 68 58 1 56 1 1 1559
0 33 51 2 53 1 3 1560
0 78 53 2 55 2 3 1561
0 101 50 1 48 2 3 1562
1 143 54 1 57 1 5 1563
1 63 53 1 58 1 1 1564
0 44 57 1 53 1 3 1565
0 133 49 2 55 1 4 1566
0 143 48 2 46 2 3 1567
0 82 58 1 56 2 3 1568
0 143 57 1 51 2 3 1569
0 25 56 1 52 1 3 1570
0 101 54 1 56 1 4 1571
1 25 56 1 51 2 1 1572
1 68 54 1 56 1 2 1573
1 73 47 1 48 1 4 1574
1 120 59 1 57 1 2 1575
1 110 42 1 42 1 2 1576
0 143 48 2 51 1 3 1577
0 17 55 1 55 1 3 1578
0 59 55 1 49 1 3 1579
0 90 54 1 57 1 3 1580
1 143 55 1 51 1 1 1581
1 17 53 1 59 1 1 1582
0 102 54 1 53 1 4 1583
1 23 49 1 44 1 4 1584
0 99 54 0 60 1 3 1585
0 63 49 1 52 1 3 1586
0 4 54 1 55 1 3 1587
1 17 41 2 29 2 1 1588
1 108 49 2 48 2 2 1589
1 143 51 1 10 1 1 1590
1 17 55 1 56 1 3 1591
1 59 54 1 42 1 5 1592
1 17 51 1 55 1 1 1593
1 17 52 1 47 2 1 1594
0 55 52 1 53 1 3 1595
0 101 55 1 52 1 3 1596
0 133 52 1 60 1 4 1597
0 70 55 1 53 1 3 1598
0 123 58 1 59 1 3 1599
1 89 57 1 56 1 4 1600
1 123 51 0 56 0 2 1601
1 101 59 1 54 1 4 1602
1 100 53 2 49 2 2 1603
1 9 50 2 55 2 1 1604
1 87 56 2 49 2 1 1605
0 143 55 1 61 1 3 1606
1 101 58 1 59 1 2 1607
1 101 51 1 57 1 1 1608
0 17 53 1 53 1 3 1609
0 17 50 2 47 2 3 1610
1 59 46 1 46 1 6 1611
1 101 57 1 54 1 1 1612
0 59 51 2 51 2 3 1613
1 101 58 1 57 1 1 1614
0 55 49 2 47 2 3 1615
1 59 58 1 52 1 1 1616
1 17 57 1 61 1 1 1617
1 15 54 2 57 1 1 1618
1 101 54 1 50 1 1 1619
1 40 58 1 59 1 1 1620
1 101 57 1 56 1 2 1621
1 3 58 1 52 2 1 1622
0 59 53 1 49 2 3 1623
1 17 49 1 54 2 2 1624
1 59 59 1 49 2 1 1625
1 143 53 2 55 2 1 1626
0 59 55 1 52 1 3 1627
1 101 54 1 59 1 1 1628
0 17 56 1 58 1 3 1629
0 7 56 1 54 1 3 1630
1 140 47 2 59 1 1 1631
1 4 55 1 53 1 1 1632
0 143 55 1 59 1 3 1633
0 68 47 1 46 0 3 1634
1 4 52 1 55 2 1 1635
0 101 50 2 58 1 3 1636
0 17 54 0 57 0 3 1637
0 101 49 2 47 2 3 1638
0 17 50 1 49 1 3 1639
1 103 54 1 56 1 1 1640
0 59 47 2 47 2 3 1641
0 59 58 1 59 1 3 1642
1 136 53 2 53 1 1 1643
0 143 53 1 54 1 4 1644
1 23 54 1 58 1 1 1645
0 72 56 1 52 1 3 1646
1 59 59 1 53 2 1 1647
0 59 41 3 43 3 3 1648
1 59 54 2 41 1 2 1649
0 143 60 1 55 1 3 1650
1 101 47 2 55 2 1 1651
1 17 47 2 54 2 1 1652
0 59 55 1 48 2 3 1653
1 116 55 1 58 1 4 1654
0 101 49 1 61 1 3 1655
0 59 51 1 51 1 3 1656
1 76 50 1 53 1 1 1657
0 143 42 1 48 2 3 1658
0 143 55 1 56 1 3 1659
0 139 56 1 53 1 3 1660
0 17 48 2 54 1 3 1661
0 53 59 1 54 1 3 1662
0 143 55 1 49 2 3 1663
1 101 51 1 47 2 2 1664
1 59 60 1 58 1 1 1665
0 13 52 2 60 1 3 1666
0 17 60 1 60 1 3 1667
1 59 55 1 58 1 2 1668
0 59 54 1 55 1 5 1669
0 17 57 1 56 1 6 1670
1 17 49 2 52 2 5 1671
1 35 55 1 54 2 1 1672
1 92 52 1 56 1 2 1673
0 59 54 1 30 1 5 1674
1 130 58 1 59 1 2 1675
1 59 54 2 45 2 2 1676
1 17 54 1 53 1 1 1677
0 17 47 0 53 1 3 1678
0 59 52 1 56 2 3 1679
0 132 55 1 52 2 3 1680
0 143 53 1 55 1 3 1681
1 25 49 1 45 1 1 1682
1 101 51 2 48 2 6 1683
1 11 51 1 53 1 1 1684
1 143 60 1 59 1 1 1685
1 125 50 1 56 1 1 1686
1 54 59 1 45 0 1 1687
1 143 48 2 53 1 2 1688
1 101 49 2 37 1 4 1689
0 59 52 1 6 1 3 1690
1 143 56 1 61 1 1 1691
1 44 56 1 57 1 1 1692
1 143 56 1 59 1 6 1693
1 11 49 2 52 1 4 1694
0 119 59 1 52 2 3 1695
1 68 56 1 59 1 1 1696
1 117 58 1 54 1 1 1697
1 107 51 2 50 1 1 1698
0 49 55 1 58 1 3 1699
0 114 57 1 54 1 3 1700
0 87 46 1 41 1 3 1701
0 10 53 0 50 0 3 1702
1 143 54 1 50 1 1 1703
0 122 58 1 52 2 3 1704
0 101 55 1 56 1 3 1705
1 138 45 1 47 1 1 1706
1 89 55 1 57 1 1 1707
0 17 42 1 46 2 3 1708
0 84 57 1 55 2 3 1709
1 98 59 1 55 1 2 1710
1 59 59 1 43 1 2 1711
0 110 55 2 59 1 3 1712
1 39 59 1 59 1 1 1713
1 59 54 1 55 1 1 1714
1 1 50 1 47 2 1 1715
1 143 53 2 51 1 1 1716
0 101 48 2 48 2 3 1717
1 101 50 2 56 1 1 1718
1 143 59 1 53 1 1 1719
1 59 45 2 46 2 1 1720
0 36 53 2 57 1 3 1721
1 101 53 1 55 1 1 1722
1 17 50 2 54 2 5 1723
0 139 54 1 59 1 3 1724
0 42 42 1 49 1 3 1725
1 8 52 2 47 2 1 1726
1 21 55 1 53 1 1 1727
1 7 53 1 64 1 1 1728
1 131 55 1 55 1 2 1729
0 96 51 1 56 1 4 1730
1 59 51 1 51 2 1 1731
1 100 51 2 54 1 2 1732
1 59 57 1 58 1 1 1733
0 137 52 1 40 3 3 1734
1 59 54 1 56 1 1 1735
0 54 55 1 54 1 3 1736
1 143 57 1 55 1 1 1737
1 143 55 2 51 1 2 1738
1 82 56 1 59 1 2 1739
0 21 54 1 49 1 3 1740
0 10 61 1 60 1 3 1741
0 59 57 1 54 1 5 1742
0 143 50 2 48 2 3 1743
0 17 55 1 57 1 3 1744
0 101 48 2 47 2 3 1745
0 17 50 2 49 2 3 1746
1 125 52 2 53 1 1 1747
1 101 51 1 47 2 2 1748
1 38 50 1 54 1 1 1749
1 59 50 2 48 2 2 1750
1 111 55 1 47 2 2 1751
0 49 57 1 52 1 3 1752
1 83 52 1 56 1 2 1753
1 59 55 1 56 1 1 1754
0 59 56 1 57 1 3 1755
0 59 47 2 48 2 5 1756
1 101 55 2 46 1 1 1757
1 101 57 1 56 1 3 1758
0 111 57 1 58 1 3 1759
1 59 52 1 47 2 3 1760
0 60 54 1 53 1 3 1761
1 143 55 1 46 2 1 1762
1 31 55 1 45 1 3 1763
0 66 51 1 53 2 3 1764
1 17 53 1 55 1 2 1765
1 17 55 1 53 1 1 1766
1 101 60 1 48 2 3 1767
1 143 52 2 58 1 6 1768
0 59 56 1 56 1 4 1769
1 117 58 1 55 1 1 1770
0 143 54 1 35 2 5 1771
1 59 57 1 48 2 2 1772
0 60 55 1 61 1 3 1773
0 101 52 1 50 1 5 1774
0 143 59 1 56 1 3 1775
1 59 58 1 54 1 1 1776
1 40 56 1 55 1 1 1777
1 94 49 1 47 2 1 1778
0 17 57 1 54 1 3 1779
1 59 53 1 54 1 1 1780
0 99 55 2 57 1 3 1781
1 59 47 2 55 1 1 1782
0 59 41 1 48 2 3 1783
0 101 59 1 45 2 3 1784
1 143 50 1 50 1 2 1785
1 84 54 1 48 2 1 1786
1 59 52 1 57 1 1 1787
0 40 51 1 48 2 3 1788
0 28 51 1 55 1 3 1789
0 59 47 2 57 1 5 1790
1 85 55 2 51 1 2 1791
1 59 51 1 55 1 5 1792
1 34 55 1 60 1 1 1793
1 143 57 1 49 0 1 1794
1 101 55 1 56 1 1 1795
0 133 52 2 59 1 3 1796
1 143 54 1 48 2 3 1797
1 143 48 2 57 1 1 1798
1 70 57 1 55 1 4 1799
0 110 47 2 49 1 3 1800
1 59 37 1 39 1 2 1801
1 59 53 1 45 1 5 1802
1 106 51 1 54 1 1 1803
1 101 49 2 49 2 1 1804
0 10 56 1 54 1 3 1805
1 143 50 2 54 2 6 1806
0 143 59 1 55 1 3 1807
0 94 59 1 61 1 3 1808
0 101 48 2 53 2 4 1809
0 17 55 1 53 2 5 1810
0 17 58 1 59 1 3 1811
0 17 57 1 55 2 3 1812
0 28 48 2 47 2 3 1813
1 82 57 1 56 1 1 1814
0 75 50 1 56 1 3 1815
1 59 55 1 57 1 1 1816
0 143 48 2 48 2 5 1817
1 38 55 1 52 1 1 1818
0 73 56 1 55 1 4 1819
1 59 50 2 49 2 1 1820
1 101 58 1 52 1 1 1821
1 49 51 2 50 2 1 1822
1 110 58 1 48 2 2 1823
1 99 54 1 55 1 1 1824
1 101 56 1 52 2 1 1825
0 113 58 1 54 1 3 1826
0 59 54 1 58 1 3 1827
0 44 56 2 39 3 3 1828
1 44 48 2 56 1 1 1829
0 17 51 2 47 2 5 1830
0 120 58 1 59 1 3 1831
0 143 54 1 53 1 5 1832
0 59 48 2 53 1 3 1833
0 101 59 1 53 1 3 1834
1 139 49 1 49 2 1 1835
1 98 58 1 53 1 3 1836
0 40 57 1 47 2 3 1837
1 17 49 2 53 1 6 1838
0 143 55 1 61 1 5 1839
1 59 57 1 59 1 1 1840
1 17 54 1 53 1 1 1841
0 59 60 1 56 1 3 1842
1 80 52 1 54 1 1 1843
0 101 53 1 48 2 4 1844
1 17 45 2 45 2 3 1845
0 59 49 2 48 2 3 1846
0 17 53 1 52 1 3 1847
1 101 50 2 53 2 1 1848
0 127 56 1 59 1 3 1849
1 65 38 1 37 1 1 1850
0 59 49 0 49 1 3 1851
0 143 57 1 52 2 3 1852
1 19 53 2 51 1 2 1853
0 137 47 1 41 1 3 1854
0 66 58 1 57 1 3 1855
1 17 60 1 45 1 2 1856
0 99 54 2 47 2 3 1857
0 17 58 1 59 1 6 1858
0 59 59 1 47 2 3 1859
1 17 56 1 57 1 1 1860
0 17 53 1 48 2 5 1861
1 143 55 1 39 2 1 1862
0 49 56 1 61 1 3 1863
1 17 50 1 54 1 1 1864
1 53 52 2 47 2 2 1865
0 86 53 1 57 1 3 1866
1 101 53 1 50 0 5 1867
0 85 47 2 51 2 3 1868
1 59 50 2 47 2 1 1869
0 114 58 1 57 1 3 1870
0 59 57 1 54 1 3 1871
1 116 48 1 48 1 1 1872
0 49 41 3 38 3 3 1873
0 59 54 2 46 2 6 1874
0 45 47 2 55 1 3 1875
1 39 56 1 54 1 1 1876
0 17 41 1 41 1 5 1877
0 17 66 1 54 1 3 1878
0 17 59 1 56 1 3 1879
1 101 53 2 48 2 1 1880
1 143 52 2 53 2 1 1881
0 59 56 1 54 1 3 1882
0 17 42 2 47 1 3 1883
1 101 50 2 49 2 4 1884
1 37 55 1 55 1 1 1885
0 70 55 1 52 1 3 1886
1 47 56 1 50 2 3 1887
0 44 53 2 57 1 3 1888
1 101 46 2 59 1 2 1889
1 107 56 1 54 1 2 1890
1 143 52 1 55 1 1 1891
0 17 49 1 53 1 3 1892
0 59 59 1 56 1 3 1893
0 6 55 1 57 1 3 1894
1 59 50 2 54 1 5 1895
0 39 48 2 53 1 3 1896
0 59 57 1 55 1 3 1897
1 40 56 1 51 1 1 1898
1 77 50 1 53 1 1 1899
0 103 50 2 48 2 3 1900
0 122 55 1 59 1 3 1901
1 59 57 1 57 1 1 1902
1 59 52 1 58 1 2 1903
0 56 52 2 55 2 4 1904
1 59 55 1 52 1 1 1905
0 17 48 2 47 2 5 1906
1 59 54 2 49 2 1 1907
0 17 56 1 59 99 3 1908
1 143 51 2 46 2 1 1909
0 101 45 2 50 1 5 1910
0 113 38 1 48 1 4 1911
1 17 54 2 59 1 2 1912
1 52 48 2 50 2 2 1913
1 25 54 1 55 1 2 1914
1 59 57 1 53 1 2 1915
0 17 53 2 52 1 5 1916
1 143 57 1 53 1 5 1917
1 143 59 1 59 1 1 1918
1 99 52 1 51 1 1 1919
1 101 50 1 57 1 2 1920
1 17 52 1 52 1 5 1921
1 143 56 1 61 1 1 1922
0 123 61 1 58 1 3 1923
0 127 53 1 58 1 3 1924
1 85 54 1 55 1 1 1925
0 17 58 1 59 1 3 1926
1 57 57 1 46 1 1 1927
0 59 47 2 48 2 3 1928
0 68 59 1 54 2 4 1929
1 17 53 1 45 2 2 1930
0 101 56 1 54 1 5 1931
0 24 58 1 51 2 3 1932
1 17 53 1 58 1 1 1933
1 17 60 1 55 2 6 1934
1 123 58 1 54 2 1 1935
1 17 58 1 54 1 1 1936
0 101 54 1 49 2 3 1937
0 17 58 1 49 2 3 1938
1 59 59 1 58 1 6 1939
1 72 54 1 48 2 1 1940
1 59 58 1 41 1 2 1941
0 59 49 2 38 1 3 1942
1 59 48 2 54 1 5 1943
0 77 52 1 53 1 3 1944
0 103 56 1 51 2 3 1945
1 59 57 1 57 1 1 1946
0 143 51 1 57 1 3 1947
1 117 52 1 53 1 1 1948
0 114 46 2 60 1 3 1949
0 134 55 1 54 1 3 1950
1 40 57 1 53 2 1 1951
1 121 58 1 54 1 1 1952
0 101 56 1 55 1 3 1953
0 101 53 1 59 1 3 1954
0 89 52 1 49 1 4 1955
0 17 57 1 54 1 4 1956
0 91 56 1 53 1 3 1957
0 124 52 1 48 2 3 1958
0 101 58 1 56 1 5 1959
0 143 49 2 51 2 3 1960
1 40 51 1 48 2 1 1961
0 143 48 2 47 2 5 1962
0 66 52 2 50 2 3 1963
0 101 52 2 44 2 3 1964
0 101 54 1 42 1 3 1965
1 17 50 1 56 1 5 1966
1 25 54 2 61 1 1 1967
1 128 55 1 54 1 1 1968
1 52 51 1 51 1 1 1969
1 32 52 2 26 1 1 1970
1 101 52 1 56 1 2 1971
0 37 54 1 49 1 3 1972
1 143 53 1 50 2 1 1973
1 143 57 1 59 1 5 1974
1 101 55 1 57 1 1 1975
1 59 47 2 50 1 3 1976
1 101 54 2 51 2 1 1977
0 28 54 2 51 1 3 1978
0 11 56 1 54 1 3 1979
1 17 51 1 55 1 1 1980
0 30 56 1 49 2 3 1981
1 82 54 1 56 1 1 1982
0 17 57 1 52 1 3 1983
1 141 48 2 36 1 2 1984
0 143 52 1 50 1 5 1985
1 17 54 1 54 2 5 1986
0 59 52 1 54 1 3 1987
1 101 52 1 54 1 5 1988
0 57 49 2 51 1 3 1989
1 75 58 1 55 2 1 1990
1 130 56 1 59 1 2 1991
0 59 52 2 52 2 3 1992
1 17 49 1 58 1 4 1993
1 101 59 1 59 1 1 1994
1 17 52 1 59 1 3 1995
0 101 54 1 53 1 3 1996
1 59 58 1 50 1 1 1997
1 37 49 2 51 2 2 1998
1 143 54 1 60 1 3 1999
