1 136 44 21 46 20 2 0
1 90 60 28 60 24 6 1
1 26 52 61 46 60 5 2
1 74 70 71 68 77 1 3
1 22 58 44 61 34 1 4
1 116 49 84 35 56 2 5
0 73 65 75 68 73 3 6
0 115 55 42 59 38 3 7
0 93 6 28 5 38 3 8
1 62 53 27 45 29 1 9
1 44 55 27 49 22 1 10
1 39 50 37 53 33 1 11
0 69 70 71 61 64 3 12
1 108 54 41 55 51 1 13
0 131 67 47 63 55 3 14
1 116 54 32 60 26 1 15
1 133 31 45 30 47 1 16
0 42 50 49 55 52 3 17
1 37 45 33 34 42 1 18
1 39 6 49 4 43 1 19
1 24 54 36 53 47 5 20
1 111 54 49 54 52 3 21
1 111 54 19 57 18 2 22
0 96 53 42 49 51 3 23
0 141 48 46 54 47 3 24
1 133 54 80 52 81 1 25
0 76 50 48 60 39 3 26
1 114 62 50 62 46 1 27
1 133 31 44 31 48 3 28
1 104 65 1 61 1 2 29
0 91 67 40 67 37 5 30
1 37 51 17 43 22 2 31
0 135 44 37 38 39 3 32
0 75 64 43 67 37 4 33
1 23 39 5 42 2 4 34
1 82 64 30 54 42 1 35
0 74 45 54 22 17 3 36
1 48 31 44 30 48 1 37
0 112 54 24 52 25 3 38
0 92 46 25 44 23 3 39
0 41 50 36 51 33 3 40
1 4 53 41 48 38 1 41
1 37 6 32 6 10 2 42
1 69 6 32 6 35 1 43
1 76 61 29 59 42 1 44
1 133 57 26 59 27 1 45
0 44 51 61 57 53 3 46
1 53 52 41 54 42 1 47
0 96 54 46 54 41 3 48
0 72 98 27 98 17 3 49
1 1 69 46 65 43 1 50
1 9 6 34 6 30 1 51
1 25 59 31 55 36 4 52
0 51 37 13 41 10 3 53
1 134 66 92 63 91 4 54
0 133 66 49 67 46 3 55
1 118 31 50 22 52 1 56
1 128 60 25 57 28 3 57
1 64 39 14 44 12 2 58
0 41 49 43 54 38 3 59
0 115 54 41 43 39 5 60
0 12 49 18 46 20 3 61
0 97 54 43 49 55 3 62
0 121 6 32 6 29 3 63
1 39 55 42 56 32 6 64
1 10 43 46 52 28 1 65
1 33 88 3 86 4 1 66
1 70 54 44 52 49 1 67
0 0 30 36 23 45 3 68
1 65 50 48 60 30 1 69
0 143 57 37 55 62 3 70
1 112 46 3 48 4 3 71
0 105 29 53 18 56 3 72
1 83 62 17 54 19 1 73
0 14 56 28 62 23 3 74
1 16 69 38 72 36 3 75
1 77 59 24 60 26 1 76
1 117 84 4 93 3 1 77
0 77 58 2 55 2 3 78
0 96 52 49 53 44 3 79
1 132 70 36 73 36 6 80
1 16 45 49 44 52 1 81
1 41 59 36 60 34 1 82
0 66 46 31 55 22 4 83
1 84 61 33 61 37 2 84
0 102 52 75 65 74 5 85
1 62 60 1 63 1 1 86
0 23 33 58 34 55 3 87
0 32 53 46 57 40 3 88
0 0 63 56 68 42 3 89
1 55 98 21 98 25 1 90
1 139 52 43 43 50 1 91
1 136 30 77 26 75 1 92
1 112 42 12 39 14 4 93
0 48 56 42 54 41 3 94
0 53 49 61 40 71 3 95
0 19 3 96 1 97 3 96
0 0 53 27 48 36 3 97
1 72 59 37 36 38 3 98
1 6 69 37 65 39 1 99
1 93 42 2 46 2 1 100
0 30 37 43 38 41 3 101
0 76 51 75 68 72 3 102
0 38 48 2 53 1 5 103
0 79 38 32 32 28 5 104
0 45 57 34 54 36 3 105
0 98 43 10 27 12 3 106
0 24 57 54 56 52 3 107
0 36 67 34 63 27 4 108
0 74 59 49 57 51 3 109
0 55 45 73 31 39 3 110
1 141 54 43 40 36 1 111
1 50 46 30 53 27 2 112
1 111 6 31 5 37 5 113
0 82 66 73 69 72 3 114
0 104 47 44 33 50 3 115
1 74 49 20 40 21 1 116
0 26 55 50 52 52 3 117
1 104 50 39 59 32 1 118
0 66 65 46 66 43 3 119
1 116 58 29 55 34 1 120
0 54 47 42 48 26 3 121
0 13 66 49 64 45 3 122
0 105 66 42 64 44 3 123
0 66 56 77 54 78 3 124
0 103 59 24 61 29 3 125
1 39 62 46 56 48 1 126
1 121 70 65 69 73 1 127
0 0 73 33 70 39 3 128
1 90 60 34 62 35 2 129
1 53 31 42 55 44 1 130
1 136 42 18 65 40 1 131
0 18 92 27 91 31 5 132
0 140 68 72 73 67 3 133
1 39 70 6 62 2 1 134
0 60 31 18 27 19 3 135
0 48 49 54 52 55 3 136
0 48 28 53 30 46 3 137
1 95 53 53 51 60 2 138
0 41 38 12 40 14 3 139
0 48 42 13 45 11 3 140
1 19 48 29 52 23 1 141
1 17 49 2 46 3 5 142
1 36 60 1 56 2 3 143
0 56 57 40 55 39 5 144
0 54 51 53 46 59 3 145
1 127 62 26 58 28 2 146
0 18 58 44 54 53 3 147
1 141 41 12 43 11 1 148
1 121 39 40 45 28 2 149
0 5 48 80 54 75 3 150
1 143 42 57 32 84 1 151
0 81 62 22 51 30 3 152
1 27 5 49 6 53 1 153
1 133 13 23 50 31 3 154
0 23 66 49 69 43 3 155
0 52 38 39 39 36 3 156
0 54 61 35 60 21 3 157
1 117 52 45 59 35 5 158
1 0 91 32 92 29 1 159
1 120 55 44 57 40 5 160
1 98 59 31 57 28 2 161
0 52 39 14 44 12 3 162
0 46 56 49 56 62 3 163
1 102 54 59 55 55 1 164
0 39 52 40 52 43 5 165
0 105 4 69 4 66 3 166
1 130 55 41 57 43 5 167
0 37 54 37 56 34 3 168
1 131 62 18 59 17 4 169
0 2 49 37 47 49 3 170
1 22 3 96 1 95 4 171
0 120 47 67 51 56 3 172
0 116 80 5 82 4 3 173
1 139 6 34 5 39 1 174
1 65 59 19 62 19 1 175
1 26 48 69 49 65 1 176
0 107 85 95 88 92 6 177
1 111 3 96 2 98 2 178
0 111 73 67 71 74 3 179
0 5 70 72 64 76 3 180
0 128 49 29 46 30 3 181
1 65 51 46 50 48 1 182
0 102 65 28 52 43 5 183
0 60 66 74 68 69 3 184
0 63 92 31 91 33 6 185
1 64 46 43 38 63 3 186
1 64 33 43 32 47 1 187
0 36 55 18 64 16 3 188
1 139 92 28 90 36 1 189
1 9 28 48 27 51 2 190
0 108 6 34 5 39 3 191
1 34 57 43 53 41 1 192
1 81 72 68 68 72 2 193
0 98 16 11 48 26 5 194
0 32 62 32 58 36 6 195
0 12 47 4 38 5 3 196
1 40 60 35 57 38 1 197
0 10 55 72 53 74 3 198
1 8 58 28 35 17 1 199
0 94 31 47 29 54 3 200
0 57 32 36 25 43 3 201
0 24 64 30 61 33 3 202
1 137 45 3 47 2 5 203
1 14 54 47 54 44 6 204
1 118 39 12 37 11 3 205
0 141 57 35 53 43 3 206
0 38 38 45 45 36 3 207
1 89 6 55 4 50 1 208
0 48 55 53 57 48 3 209
1 88 62 21 61 24 1 210
0 49 60 45 55 58 3 211
0 49 44 44 52 27 3 212
0 17 22 48 26 59 3 213
1 67 40 66 32 57 1 214
0 37 66 94 64 93 3 215
0 0 58 28 63 25 3 216
1 74 48 20 51 19 2 217
1 70 6 66 5 69 1 218
0 24 45 30 43 36 3 219
0 106 22 20 43 18 3 220
0 132 68 42 66 45 5 221
0 39 57 48 50 49 3 222
1 138 53 81 49 83 1 223
1 8 50 24 57 27 1 224
0 117 63 30 66 30 3 225
1 28 12 0 50 2 1 226
0 111 52 80 53 99 3 227
1 135 33 48 32 51 1 228
0 93 92 29 91 32 3 229
1 112 54 52 54 42 1 230
1 73 77 6 81 5 2 231
1 130 49 39 55 30 1 232
1 61 55 40 55 43 2 233
0 7 30 53 33 50 3 234
0 98 54 43 53 57 3 235
0 51 54 81 58 75 4 236
0 56 60 24 55 32 3 237
1 46 55 2 65 1 2 238
0 90 6 53 6 33 3 239
0 25 55 37 59 36 3 240
1 58 59 24 57 36 1 241
1 19 55 66 51 69 2 242
1 119 50 36 53 30 1 243
0 93 32 54 28 66 3 244
1 11 47 47 41 27 2 245
1 1 53 19 57 19 3 246
1 107 67 72 63 77 1 247
1 57 88 92 85 94 1 248
1 109 44 52 42 57 4 249
0 126 39 40 37 44 3 250
1 18 91 23 92 20 2 251
0 13 35 15 62 51 3 252
0 141 53 45 57 44 5 253
1 124 65 47 68 39 1 254
1 117 5 60 6 64 1 255
1 82 61 39 62 31 1 256
0 143 66 93 65 95 3 257
1 14 87 4 83 4 1 258
0 51 62 50 61 45 3 259
1 112 54 28 53 24 2 260
1 61 57 45 55 47 1 261
0 136 69 37 67 31 3 262
1 57 98 20 98 13 1 263
1 72 59 38 53 41 1 264
1 52 98 18 98 21 1 265
0 84 57 18 61 18 3 266
0 61 61 43 62 48 3 267
0 35 31 47 26 50 3 268
0 132 44 4 41 4 3 269
1 48 36 13 43 12 1 270
0 80 50 37 50 40 3 271
1 139 57 39 60 40 1 272
0 56 53 57 54 53 3 273
1 125 55 18 35 18 1 274
0 143 31 50 28 54 3 275
0 130 48 3 45 2 3 276
1 98 62 50 61 31 1 277
1 130 6 38 5 56 1 278
1 126 52 21 59 18 1 279
1 39 66 31 61 28 1 280
1 6 6 64 5 62 2 281
0 129 44 63 41 74 3 282
0 22 78 6 81 6 3 283
0 10 40 36 40 42 5 284
0 31 60 42 64 37 3 285
1 102 61 44 57 48 1 286
0 12 44 17 58 30 3 287
1 90 6 52 6 49 1 288
0 7 30 53 31 49 3 289
1 3 52 60 54 68 1 290
1 34 55 21 55 17 1 291
1 128 55 26 45 31 5 292
1 78 63 34 65 28 1 293
0 92 60 19 49 21 3 294
0 127 69 71 64 76 3 295
0 28 68 41 66 39 3 296
1 99 6 49 6 56 1 297
0 46 46 4 37 4 5 298
0 78 55 64 46 52 3 299
0 21 47 20 38 19 3 300
0 10 70 42 69 40 3 301
1 10 61 46 63 48 1 302
1 97 57 37 53 43 2 303
0 127 37 13 42 11 3 304
1 83 5 27 6 33 1 305
0 32 6 65 6 68 3 306
1 137 60 17 58 19 1 307
0 62 58 39 60 37 3 308
1 101 66 43 69 36 1 309
0 72 49 43 42 42 3 310
1 55 6 28 5 35 1 311
1 96 29 55 29 62 2 312
1 38 90 37 92 29 1 313
0 140 48 24 58 16 3 314
1 10 69 70 71 68 2 315
1 14 63 32 55 52 2 316
0 19 61 18 56 21 3 317
1 110 33 43 55 41 4 318
1 99 89 93 85 94 2 319
1 24 59 24 59 31 1 320
1 74 44 63 49 68 2 321
1 128 6 44 3 43 1 322
0 111 6 30 5 44 3 323
1 21 61 49 64 43 1 324
1 102 50 49 52 54 1 325
0 75 54 29 34 44 3 326
1 33 1 95 3 96 2 327
0 65 56 59 54 61 5 328
0 39 70 33 60 38 3 329
1 113 57 30 55 32 1 330
1 91 59 42 58 44 6 331
0 7 51 26 40 31 3 332
1 27 62 17 52 14 1 333
0 21 6 60 5 64 3 334
0 23 54 75 59 77 3 335
1 90 66 93 63 96 5 336
1 13 49 19 48 17 1 337
0 60 47 20 52 19 6 338
0 0 53 51 51 57 3 339
0 119 62 30 64 12 3 340
0 113 55 36 48 37 3 341
1 5 48 52 43 57 1 342
0 53 49 41 47 47 3 343
0 54 6 66 5 70 3 344
0 96 56 51 51 54 3 345
1 143 44 21 41 22 1 346
0 104 52 80 48 80 3 347
1 58 55 42 52 45 2 348
0 109 51 45 51 51 3 349
1 37 49 3 47 4 1 350
1 23 65 91 65 94 1 351
1 83 53 42 51 47 1 352
0 77 60 26 57 28 3 353
0 59 42 2 46 2 3 354
1 8 41 4 45 3 1 355
0 99 61 39 53 31 4 356
1 1 57 16 48 21 6 357
0 93 45 35 36 29 3 358
1 83 53 40 45 52 1 359
0 8 44 53 43 55 5 360
1 40 58 18 48 20 2 361
0 57 69 71 98 65 3 362
1 43 65 92 65 88 1 363
0 111 51 50 52 56 3 364
0 115 6 67 6 70 3 365
0 104 64 50 63 48 3 366
0 75 48 21 44 21 3 367
0 0 47 57 0 24 3 368
1 123 54 42 48 34 1 369
0 53 52 47 57 47 3 370
0 16 43 57 47 50 3 371
1 24 64 49 63 47 3 372
1 55 42 32 42 41 1 373
1 37 59 39 55 43 4 374
1 32 64 43 67 40 1 375
1 56 52 44 52 56 4 376
1 86 47 3 27 2 1 377
1 48 62 48 62 43 1 378
0 141 60 32 57 29 5 379
1 60 48 19 46 21 1 380
0 74 57 74 63 69 6 381
1 102 60 41 65 34 1 382
1 66 44 36 38 41 1 383
0 78 54 45 55 47 3 384
1 141 62 46 59 57 1 385
1 109 6 41 5 37 2 386
0 59 47 2 28 2 3 387
1 33 50 2 47 2 2 388
1 32 48 3 44 4 1 389
0 102 56 56 58 54 3 390
1 126 54 76 32 78 1 391
0 61 61 38 60 24 3 392
1 38 56 26 54 29 1 393
0 56 64 1 60 1 3 394
1 24 50 54 52 57 1 395
0 105 73 33 58 44 5 396
0 42 54 49 51 47 3 397
1 118 78 6 81 5 2 398
0 72 60 38 49 40 6 399
0 35 87 94 88 92 4 400
0 17 59 48 56 46 3 401
1 97 69 73 73 67 1 402
0 9 54 51 56 46 3 403
0 0 69 45 72 41 6 404
1 122 51 18 42 33 1 405
0 113 56 31 60 22 3 406
1 105 69 44 67 50 1 407
1 34 52 78 61 69 3 408
0 19 98 20 98 24 3 409
0 88 58 34 57 36 3 410
0 3 89 93 84 93 3 411
0 102 47 16 46 18 3 412
0 64 43 59 45 60 3 413
1 31 60 17 49 23 1 414
1 61 42 30 41 35 2 415
1 51 32 55 31 58 1 416
1 117 51 48 56 42 2 417
0 22 32 55 33 46 5 418
1 57 49 53 35 73 2 419
1 40 54 46 59 46 2 420
0 29 62 37 64 28 6 421
0 5 50 63 33 46 5 422
1 97 65 35 53 47 1 423
1 76 63 39 63 46 1 424
1 85 61 2 80 3 1 425
1 71 44 63 51 59 1 426
1 34 98 20 98 15 2 427
1 49 85 95 82 96 1 428
0 35 40 44 31 39 4 429
1 81 48 39 50 35 2 430
1 24 66 46 59 41 1 431
0 46 59 32 53 43 3 432
0 28 64 93 62 94 5 433
0 0 51 50 1 22 3 434
0 102 56 48 57 60 3 435
0 88 44 20 48 21 3 436
1 102 43 22 45 21 2 437
0 83 56 37 53 40 3 438
1 0 50 55 46 57 5 439
0 132 47 50 44 57 3 440
1 28 52 48 47 38 1 441
0 34 64 42 59 56 3 442
0 18 91 28 92 25 4 443
0 118 55 41 51 46 3 444
1 113 88 3 84 4 2 445
1 59 47 36 46 41 1 446
0 116 58 47 58 58 3 447
0 77 60 47 51 78 3 448
1 103 56 39 54 41 1 449
0 16 37 11 40 13 3 450
0 61 98 20 98 15 4 451
1 120 47 4 41 4 2 452
0 101 55 80 52 81 3 453
1 135 88 94 86 95 1 454
1 96 87 4 83 5 3 455
1 58 43 63 35 61 1 456
1 80 37 13 39 14 2 457
1 93 65 44 62 52 1 458
0 101 98 20 98 15 3 459
1 113 64 31 62 33 2 460
1 96 33 13 43 11 1 461
1 130 67 41 90 27 1 462
0 128 39 12 36 11 3 463
0 115 48 63 42 72 3 464
0 106 66 75 68 73 3 465
0 64 62 31 61 35 3 466
1 117 50 59 42 68 5 467
0 12 67 42 67 12 3 468
0 24 58 42 58 39 6 469
1 52 68 40 49 33 1 470
1 51 68 43 67 35 2 471
1 66 64 1 55 2 1 472
0 4 51 27 48 29 3 473
1 50 31 14 40 29 2 474
0 42 53 53 38 53 3 475
1 86 98 15 98 18 1 476
0 120 57 34 51 41 3 477
0 25 50 26 54 29 3 478
0 14 22 19 46 54 3 479
1 41 47 59 49 46 1 480
0 71 58 74 52 76 3 481
0 132 55 72 60 73 5 482
0 29 52 27 55 24 3 483
0 23 46 3 61 2 5 484
0 32 60 39 50 47 3 485
1 131 45 49 50 46 1 486
1 46 35 54 32 38 1 487
0 108 5 66 5 69 3 488
1 18 46 4 40 3 1 489
0 78 67 40 70 44 3 490
1 138 90 42 90 51 1 491
1 56 98 13 98 18 2 492
1 26 61 32 58 37 1 493
1 32 36 11 41 10 1 494
1 102 67 42 69 44 1 495
0 13 68 24 73 33 3 496
1 143 49 62 47 57 2 497
1 27 5 68 6 66 1 498
1 52 62 1 57 1 2 499
1 9 49 56 56 42 2 500
0 31 48 50 39 67 3 501
1 17 57 35 57 38 1 502
1 50 51 27 48 30 2 503
1 96 6 43 6 48 1 504
0 113 51 37 54 34 3 505
0 11 57 77 60 76 3 506
1 58 54 51 38 46 1 507
0 66 6 51 6 44 3 508
0 128 49 30 46 33 3 509
1 13 6 67 6 64 5 510
0 49 52 77 51 79 3 511
0 9 59 36 59 30 3 512
0 1 43 64 49 46 3 513
0 50 44 34 46 36 3 514
1 72 98 21 98 14 1 515
0 64 55 51 57 50 3 516
1 38 36 53 39 56 1 517
1 18 69 36 67 34 1 518
0 33 91 28 92 30 3 519
1 96 33 46 35 40 2 520
0 113 55 41 55 37 3 521
1 83 55 26 51 30 1 522
1 49 42 35 41 31 2 523
1 18 55 56 56 52 3 524
1 55 62 17 52 21 3 525
1 3 48 33 50 28 2 526
1 66 44 2 49 2 2 527
1 93 46 26 43 33 1 528
1 25 66 73 69 72 1 529
0 38 55 39 42 40 5 530
0 5 64 52 65 48 3 531
1 14 46 18 52 19 1 532
0 37 6 39 6 36 3 533
0 116 61 27 59 25 3 534
0 136 28 58 33 45 3 535
1 96 48 51 27 25 5 536
1 25 61 24 61 29 6 537
1 29 56 47 53 46 5 538
0 34 52 45 54 43 3 539
0 106 51 48 44 68 5 540
1 107 71 38 69 44 1 541
1 51 33 49 31 45 1 542
0 116 54 57 58 45 5 543
0 95 69 6 78 6 3 544
0 63 48 55 46 72 3 545
1 16 63 43 68 27 1 546
0 115 51 30 47 31 3 547
0 58 63 16 59 17 3 548
1 95 47 2 51 2 1 549
0 48 44 62 42 64 3 550
1 92 46 24 41 22 1 551
1 101 60 25 49 18 3 552
1 7 55 50 51 49 4 553
1 81 57 28 60 27 1 554
0 64 61 32 61 36 6 555
0 105 54 43 33 41 3 556
1 34 58 76 56 78 1 557
1 128 52 47 56 37 1 558
0 52 37 47 21 52 5 559
0 96 44 12 40 12 3 560
1 111 61 23 55 31 4 561
1 70 6 44 6 35 2 562
0 87 50 63 48 68 3 563
0 117 47 54 48 51 3 564
0 0 19 13 32 13 3 565
1 135 41 22 45 22 5 566
0 92 63 32 64 11 3 567
0 44 61 37 59 35 3 568
0 57 52 19 46 18 3 569
0 139 54 44 52 42 3 570
1 78 55 80 53 81 5 571
0 116 49 75 50 67 3 572
0 24 54 41 61 46 3 573
1 82 46 35 53 38 2 574
1 96 47 41 45 16 1 575
1 135 46 46 46 53 1 576
0 9 55 41 54 49 3 577
1 46 6 31 6 26 1 578
0 35 98 19 98 22 3 579
1 104 54 42 56 38 5 580
1 72 47 72 45 71 2 581
1 4 50 32 46 30 1 582
1 46 54 66 51 62 6 583
0 88 54 44 55 47 3 584
1 36 50 26 52 25 2 585
1 112 58 29 60 14 1 586
0 46 82 5 80 6 3 587
1 53 57 18 46 24 2 588
0 28 47 43 48 30 3 589
0 86 6 43 6 31 3 590
0 14 43 23 43 30 5 591
0 97 73 37 72 35 3 592
1 11 53 44 57 47 1 593
0 41 53 1 47 2 3 594
0 48 43 56 45 51 3 595
1 26 40 20 44 24 2 596
0 108 6 32 5 36 3 597
0 104 68 40 64 47 3 598
1 20 44 29 50 10 1 599
0 143 91 36 91 27 3 600
1 111 45 45 48 43 1 601
1 53 53 44 43 67 2 602
1 109 56 42 61 35 1 603
1 6 53 41 52 43 2 604
1 17 59 76 83 82 2 605
0 56 34 43 37 39 5 606
1 46 52 59 58 29 6 607
1 29 55 24 53 25 3 608
1 24 49 56 52 59 1 609
0 140 6 36 6 33 3 610
1 11 61 74 59 72 6 611
1 41 47 56 56 43 1 612
1 86 39 3 47 3 1 613
0 88 58 35 52 71 3 614
0 73 64 42 53 56 3 615
1 43 64 30 52 25 1 616
0 49 56 38 49 53 3 617
0 66 42 2 45 2 3 618
0 33 30 45 28 53 3 619
0 24 52 47 52 40 5 620
0 77 60 2 56 2 5 621
0 14 56 25 47 19 3 622
1 136 5 39 6 43 1 623
1 112 47 30 51 25 5 624
1 122 51 48 53 42 1 625
1 92 67 43 68 39 1 626
1 63 66 78 38 58 1 627
1 32 69 39 70 41 1 628
0 119 47 30 36 27 3 629
1 133 47 57 38 53 4 630
1 66 50 18 51 20 1 631
1 122 5 67 4 65 5 632
1 33 66 41 65 43 2 633
1 63 45 4 39 4 1 634
1 132 48 21 50 20 1 635
0 143 44 12 41 12 3 636
1 78 30 48 29 54 1 637
1 68 49 36 54 38 1 638
1 126 46 4 43 4 3 639
0 38 61 23 36 27 3 640
0 5 57 44 50 79 3 641
0 77 53 40 57 39 3 642
1 114 52 45 40 45 3 643
0 135 44 62 48 48 3 644
0 26 29 54 35 40 3 645
1 101 55 19 44 25 1 646
0 26 50 43 52 53 3 647
1 11 50 43 61 34 2 648
0 76 59 18 33 18 3 649
1 44 58 41 56 46 5 650
0 138 56 72 31 78 3 651
1 8 47 22 48 20 1 652
0 22 23 20 48 42 3 653
0 35 58 43 46 32 3 654
0 115 63 49 60 53 3 655
0 132 55 37 54 39 3 656
0 134 71 73 66 63 5 657
1 0 57 28 59 24 1 658
1 31 68 76 69 74 5 659
0 24 34 44 28 61 4 660
0 76 61 49 63 39 3 661
1 139 5 45 5 39 5 662
0 19 45 43 39 39 4 663
1 21 56 38 55 42 3 664
0 23 53 76 50 78 3 665
0 142 59 41 61 38 3 666
0 135 46 30 43 32 3 667
1 52 68 35 66 39 1 668
0 88 81 6 78 6 3 669
1 70 51 75 68 75 1 670
1 29 50 28 46 20 2 671
1 96 38 12 43 12 4 672
1 48 6 38 6 42 3 673
1 127 32 57 47 56 6 674
0 87 45 50 49 36 5 675
0 98 57 25 48 36 3 676
0 79 48 45 46 51 3 677
0 123 65 16 50 22 3 678
0 40 90 32 86 34 3 679
0 121 42 33 43 36 3 680
1 69 65 50 60 51 1 681
0 121 42 60 46 44 6 682
0 0 62 55 67 47 3 683
1 78 63 32 64 38 1 684
1 123 52 46 54 41 1 685
1 17 62 32 58 36 2 686
0 90 51 33 43 43 3 687
1 121 32 38 42 31 1 688
1 74 56 50 57 45 2 689
1 44 49 53 39 57 1 690
1 116 58 34 51 46 2 691
1 39 27 41 41 47 1 692
0 72 52 51 52 58 3 693
0 25 65 67 68 72 3 694
1 0 27 51 24 34 2 695
0 86 44 22 55 27 3 696
1 65 62 49 61 52 1 697
1 81 64 43 69 40 5 698
1 65 32 54 31 58 1 699
0 51 59 24 55 31 5 700
1 100 53 45 47 41 1 701
0 11 50 53 55 53 3 702
0 72 31 42 54 40 6 703
0 113 56 31 52 33 5 704
0 127 70 75 66 73 3 705
0 13 55 80 49 81 3 706
1 96 68 43 62 55 1 707
1 128 57 23 55 27 6 708
1 91 36 16 57 44 1 709
1 35 51 27 50 31 1 710
1 104 50 50 45 62 1 711
1 25 66 74 64 75 6 712
1 103 63 22 59 29 5 713
0 16 61 34 56 38 3 714
0 40 51 49 55 47 3 715
1 8 49 28 45 36 1 716
1 112 53 29 55 24 2 717
0 103 53 23 50 25 3 718
0 37 5 39 4 31 3 719
0 14 18 14 30 26 3 720
1 127 51 26 53 29 1 721
0 17 67 78 65 74 4 722
1 65 34 44 26 43 5 723
0 62 63 57 70 43 5 724
0 81 70 43 67 25 3 725
0 127 49 2 52 1 3 726
1 12 51 46 54 52 1 727
0 51 68 73 70 72 3 728
1 82 52 57 50 54 1 729
1 88 53 39 58 40 1 730
1 24 48 2 44 2 5 731
0 112 6 24 6 32 3 732
1 19 50 19 30 16 5 733
0 67 91 29 90 24 3 734
1 24 54 45 54 39 2 735
0 14 92 28 92 31 3 736
0 54 6 40 6 50 3 737
1 87 62 51 60 52 2 738
1 72 98 11 98 17 1 739
1 9 58 38 33 42 5 740
0 17 6 50 6 46 3 741
1 39 70 43 69 34 1 742
1 119 71 32 73 35 1 743
1 69 56 75 63 69 1 744
0 91 6 49 6 56 3 745
0 112 55 37 52 48 3 746
0 125 49 55 44 63 3 747
0 120 67 35 68 37 3 748
0 37 93 9 93 12 3 749
0 72 49 45 32 32 5 750
1 72 56 43 58 45 1 751
0 94 61 25 54 31 3 752
1 78 91 29 86 35 1 753
1 5 44 4 36 4 1 754
0 125 83 4 80 6 3 755
1 87 46 43 41 41 4 756
1 39 69 38 65 44 5 757
1 33 45 21 42 24 1 758
0 130 50 49 41 46 3 759
1 9 72 35 66 42 1 760
0 59 61 39 60 45 3 761
0 123 46 2 49 2 3 762
0 80 57 71 59 73 3 763
1 64 39 45 35 47 1 764
1 116 60 1 65 1 1 765
1 140 69 72 67 76 1 766
0 79 30 14 37 37 3 767
0 13 46 63 54 50 3 768
0 64 58 39 31 42 3 769
1 80 55 74 57 75 1 770
0 102 48 20 53 18 3 771
1 18 54 51 53 47 1 772
0 18 49 46 48 51 3 773
1 74 67 49 70 42 1 774
0 23 56 75 54 76 3 775
1 36 53 28 54 7 3 776
1 48 40 66 33 57 1 777
0 46 52 27 48 28 3 778
0 7 44 23 31 22 3 779
0 64 32 44 28 41 3 780
1 124 65 42 63 43 1 781
0 25 62 2 64 4 3 782
0 92 52 19 57 18 3 783
1 0 66 39 67 36 1 784
1 103 54 80 51 79 1 785
0 99 70 37 52 36 3 786
0 39 46 32 42 43 3 787
1 96 28 50 30 51 1 788
0 128 42 29 52 23 3 789
0 115 98 25 98 22 3 790
0 82 67 50 67 40 3 791
1 52 41 41 41 35 1 792
1 54 55 80 51 80 2 793
1 107 46 54 46 48 1 794
0 62 56 2 61 1 3 795
1 116 61 46 57 51 5 796
0 131 42 4 28 4 3 797
1 3 6 35 5 38 1 798
1 23 53 32 51 44 1 799
0 47 61 33 55 41 3 800
1 129 59 26 56 29 2 801
0 69 52 27 54 24 3 802
1 17 59 27 58 29 4 803
0 96 69 35 70 37 3 804
0 1 63 33 57 40 3 805
1 8 72 66 51 75 1 806
1 79 37 41 41 36 2 807
0 74 33 4 17 3 3 808
0 62 65 44 64 47 3 809
1 11 58 27 62 23 1 810
0 0 67 36 59 37 3 811
0 6 43 18 66 25 3 812
1 140 30 51 29 54 4 813
1 87 47 56 52 51 2 814
1 104 52 56 49 57 1 815
0 9 50 59 45 76 3 816
1 34 53 54 53 45 1 817
0 48 68 33 60 50 3 818
0 130 71 74 70 72 3 819
0 127 54 42 58 32 3 820
1 63 6 53 6 46 1 821
0 133 69 43 68 46 3 822
1 116 7 43 7 49 6 823
0 18 52 40 50 42 3 824
0 67 46 2 50 2 4 825
1 108 53 75 69 72 6 826
0 132 49 3 43 4 5 827
0 72 53 54 54 56 3 828
0 5 69 40 73 36 3 829
1 7 46 4 37 4 3 830
1 64 59 22 55 31 6 831
0 138 47 4 42 4 3 832
1 135 34 34 44 35 6 833
0 132 33 45 25 61 3 834
0 46 5 38 6 29 3 835
1 75 6 45 7 39 1 836
1 48 44 51 46 52 5 837
0 36 29 58 30 53 5 838
1 0 35 14 36 9 1 839
0 60 60 45 56 53 4 840
0 139 59 1 54 1 3 841
0 57 6 57 6 50 6 842
1 98 61 20 51 22 2 843
0 130 60 55 57 61 3 844
1 20 45 19 48 19 4 845
0 58 58 41 55 41 3 846
0 21 68 43 64 46 3 847
0 87 44 64 50 51 3 848
0 100 55 80 48 80 3 849
0 6 87 94 85 95 3 850
0 32 55 55 53 59 3 851
1 56 62 39 66 38 4 852
0 0 52 56 48 59 3 853
0 79 61 29 60 42 3 854
0 109 56 51 62 41 3 855
0 79 46 28 45 32 3 856
0 64 47 44 42 39 3 857
0 35 51 26 56 22 3 858
1 32 38 13 41 13 1 859
1 43 85 4 83 5 1 860
1 59 49 2 45 2 1 861
1 104 30 62 26 76 1 862
0 140 50 28 41 22 3 863
0 63 46 34 50 27 3 864
1 126 44 50 53 46 6 865
0 117 51 62 55 53 3 866
0 66 50 29 52 26 3 867
0 124 69 39 66 35 3 868
0 143 54 48 53 52 3 869
1 12 55 20 55 24 6 870
0 1 60 17 63 16 3 871
1 103 59 56 55 56 4 872
1 120 65 38 63 30 4 873
0 28 98 16 98 20 5 874
0 64 55 38 59 34 3 875
1 72 64 32 67 32 1 876
0 121 81 6 62 2 3 877
1 25 5 65 5 69 3 878
0 79 53 16 49 17 4 879
1 72 33 48 27 49 1 880
0 105 53 16 61 17 3 881
0 96 53 75 58 75 3 882
1 90 37 11 43 11 1 883
1 21 55 45 51 48 2 884
1 42 66 50 61 61 1 885
0 0 58 28 50 18 5 886
1 108 85 93 88 93 2 887
1 25 57 27 36 21 1 888
0 48 52 41 56 36 3 889
1 72 71 64 63 80 2 890
1 5 49 19 44 21 1 891
1 110 46 49 39 56 6 892
0 108 57 74 32 78 3 893
1 133 6 26 6 29 2 894
1 87 39 45 38 42 1 895
0 51 61 26 56 29 3 896
1 58 56 40 65 28 1 897
1 75 5 39 6 31 1 898
1 68 45 28 42 34 1 899
1 80 54 41 57 39 3 900
0 101 51 46 48 54 3 901
0 44 98 15 98 21 3 902
1 77 55 32 58 27 1 903
0 142 42 57 45 54 3 904
0 94 59 59 55 57 3 905
0 132 59 60 49 56 3 906
0 141 57 36 55 50 3 907
0 101 41 71 42 30 3 908
0 65 56 21 53 19 3 909
1 85 46 2 50 2 4 910
1 74 45 18 46 15 1 911
1 128 48 2 43 2 1 912
0 19 45 20 49 19 6 913
0 96 47 50 41 52 5 914
1 104 55 40 33 42 1 915
1 14 50 49 55 50 1 916
1 51 56 45 51 52 2 917
0 135 44 11 42 12 3 918
1 94 62 18 51 20 1 919
0 120 61 49 63 39 5 920
0 23 56 32 38 29 3 921
1 31 44 2 47 2 5 922
1 120 59 43 46 47 1 923
0 109 57 61 50 73 3 924
0 50 49 38 57 32 3 925
1 121 56 49 50 56 1 926
1 84 71 38 69 43 1 927
0 103 58 76 56 78 3 928
1 47 59 43 61 41 1 929
0 124 91 33 92 28 3 930
1 103 36 11 40 11 1 931
1 97 51 50 49 52 3 932
0 55 6 32 6 26 6 933
0 95 58 39 48 50 3 934
0 138 31 78 26 99 3 935
0 7 31 49 32 51 5 936
1 132 6 33 6 41 1 937
1 26 43 70 38 66 1 938
1 35 52 27 55 26 1 939
1 24 59 38 48 42 5 940
0 17 49 2 47 3 3 941
1 33 58 44 63 38 2 942
1 128 55 31 60 29 1 943
0 60 47 18 52 14 3 944
1 0 43 12 41 13 1 945
1 2 64 45 61 50 1 946
0 122 40 36 39 12 3 947
0 26 69 37 69 34 3 948
1 127 68 42 63 52 1 949
0 76 59 24 56 39 3 950
1 8 60 29 50 36 1 951
1 110 90 37 91 35 2 952
0 3 53 77 55 78 3 953
0 108 70 65 73 68 6 954
1 36 22 19 39 71 1 955
1 63 92 24 90 26 2 956
0 140 70 40 69 45 5 957
0 14 59 41 58 43 3 958
1 39 6 54 7 46 2 959
0 101 6 34 6 29 3 960
1 60 6 25 5 13 1 961
0 5 77 7 62 2 3 962
1 48 38 13 41 12 1 963
1 0 70 34 64 45 1 964
1 69 49 34 50 32 3 965
0 116 50 19 47 20 3 966
1 113 56 25 32 33 1 967
1 113 50 34 54 38 1 968
0 130 60 46 65 39 3 969
1 92 57 46 53 55 2 970
0 26 47 58 43 45 3 971
0 18 91 26 92 24 3 972
1 66 23 12 31 15 4 973
1 9 68 36 67 40 1 974
1 88 6 32 6 40 1 975
0 6 56 43 55 38 3 976
1 95 32 48 30 51 1 977
0 0 6 54 6 57 3 978
1 78 91 38 92 36 1 979
0 40 55 79 47 85 3 980
0 62 56 38 53 41 3 981
0 74 77 6 81 5 5 982
0 3 48 2 41 3 3 983
1 115 48 4 44 3 1 984
0 66 57 38 35 71 3 985
0 55 64 34 57 38 3 986
0 109 30 46 33 45 4 987
1 80 38 13 31 13 2 988
0 26 63 30 60 41 3 989
1 16 67 34 64 31 1 990
0 35 69 36 71 33 3 991
1 98 46 45 45 50 1 992
1 64 30 46 30 49 1 993
1 77 61 1 64 1 1 994
0 68 60 28 56 28 4 995
0 16 67 45 68 42 3 996
1 26 67 94 64 91 4 997
0 95 65 1 61 1 3 998
1 92 52 56 49 54 2 999
1 16 69 38 70 22 2 1000
0 127 46 55 43 57 3 1001
1 102 45 43 53 30 1 1002
1 82 48 54 56 41 4 1003
1 45 61 37 65 27 2 1004
1 24 54 80 51 80 2 1005
0 51 31 45 34 42 3 1006
1 83 6 37 5 49 5 1007
0 110 47 57 50 53 3 1008
0 112 91 34 91 31 3 1009
0 87 33 57 46 15 3 1010
0 51 62 23 60 27 3 1011
1 98 53 39 61 25 1 1012
1 14 50 43 46 48 3 1013
0 86 98 21 98 15 3 1014
1 52 70 34 67 31 5 1015
1 101 44 4 28 4 1 1016
0 93 63 1 60 0 3 1017
1 33 59 46 49 52 1 1018
1 132 35 4 41 4 1 1019
0 128 32 42 10 35 3 1020
1 80 29 37 22 49 5 1021
1 3 63 32 66 42 2 1022
1 102 42 3 46 2 1 1023
0 30 61 30 61 27 3 1024
1 126 49 55 47 53 1 1025
1 23 54 74 31 78 1 1026
1 62 58 18 47 23 2 1027
1 126 71 68 68 72 1 1028
1 137 77 7 81 6 2 1029
1 0 43 11 41 12 4 1030
0 68 72 71 69 73 3 1031
1 62 52 41 54 48 1 1032
0 12 62 46 60 63 3 1033
1 32 15 49 22 58 6 1034
1 1 62 32 57 33 5 1035
1 60 61 28 61 31 1 1036
0 115 53 19 56 19 3 1037
0 73 61 24 55 6 3 1038
1 32 55 37 60 46 2 1039
1 97 53 43 57 25 1 1040
1 105 68 74 71 74 4 1041
1 64 52 49 52 52 1 1042
0 106 52 25 42 23 3 1043
1 99 44 38 50 30 4 1044
0 10 43 30 43 38 3 1045
0 2 56 35 54 39 3 1046
1 53 33 47 36 50 6 1047
1 119 65 44 60 43 1 1048
0 7 67 41 75 30 3 1049
1 32 27 49 30 51 1 1050
1 27 92 34 90 35 2 1051
0 17 46 3 42 2 3 1052
0 91 70 72 65 76 3 1053
0 78 56 37 59 36 4 1054
1 111 63 46 59 45 1 1055
0 44 57 37 59 34 5 1056
0 139 54 80 61 72 3 1057
0 63 52 75 63 65 3 1058
1 53 57 15 58 20 1 1059
1 63 59 32 54 41 1 1060
0 131 6 59 5 79 3 1061
0 7 52 48 51 50 3 1062
1 36 67 41 63 45 1 1063
0 135 66 93 63 92 3 1064
1 17 6 53 5 35 2 1065
0 40 63 18 54 19 3 1066
0 80 40 13 43 11 4 1067
1 9 49 40 53 42 1 1068
1 126 49 80 58 75 1 1069
0 105 60 29 57 30 3 1070
1 18 48 62 60 38 1 1071
0 113 6 61 6 50 3 1072
1 68 55 31 50 38 2 1073
1 70 46 59 44 53 1 1074
0 31 51 20 53 18 3 1075
0 0 47 35 38 24 3 1076
1 65 47 36 60 38 5 1077
1 126 60 42 62 45 1 1078
1 0 65 43 70 36 5 1079
1 29 59 43 57 48 3 1080
0 80 48 43 54 37 5 1081
1 78 62 33 60 35 4 1082
0 119 68 37 36 16 3 1083
0 143 65 1 60 2 4 1084
1 48 29 46 33 47 5 1085
1 102 6 37 5 44 1 1086
1 90 61 21 56 12 2 1087
1 137 30 14 34 17 1 1088
1 94 5 29 5 55 1 1089
1 97 56 76 94 69 3 1090
0 50 54 27 56 23 3 1091
0 139 6 64 5 67 3 1092
1 126 67 41 68 37 1 1093
0 36 31 52 32 49 3 1094
0 33 43 11 38 12 3 1095
1 53 65 16 61 18 2 1096
0 10 56 63 55 55 3 1097
0 108 5 71 5 67 3 1098
0 62 67 45 63 43 3 1099
1 83 52 57 49 53 1 1100
1 9 84 4 88 3 1 1101
0 3 42 2 45 3 3 1102
1 53 55 47 52 46 1 1103
0 16 55 33 52 41 3 1104
0 80 36 13 40 12 3 1105
0 114 60 15 59 17 3 1106
1 135 30 57 29 52 1 1107
0 0 23 50 30 48 3 1108
1 32 59 37 49 44 6 1109
0 108 51 56 52 49 3 1110
1 52 56 29 49 39 2 1111
1 58 62 25 54 28 1 1112
1 8 47 42 43 45 2 1113
0 50 29 24 34 27 3 1114
0 128 58 33 60 40 3 1115
0 13 62 31 70 27 3 1116
0 0 55 66 56 58 3 1117
1 139 6 33 6 37 1 1118
1 37 70 5 67 3 1 1119
0 74 55 66 56 59 4 1120
0 119 52 53 40 70 3 1121
1 87 52 55 53 52 1 1122
0 143 57 72 19 70 3 1123
0 96 22 19 47 49 3 1124
0 73 72 29 48 44 3 1125
0 13 46 58 47 55 3 1126
0 27 81 5 83 4 3 1127
1 72 54 58 49 36 2 1128
1 70 7 42 5 52 1 1129
1 141 46 4 44 3 2 1130
1 53 57 20 65 16 2 1131
1 37 31 58 30 61 1 1132
0 52 59 38 61 41 6 1133
1 36 57 39 52 51 1 1134
1 69 82 6 80 4 1 1135
1 128 30 47 28 50 1 1136
1 87 64 47 64 42 1 1137
0 17 49 34 52 30 3 1138
1 12 98 21 98 12 1 1139
0 11 54 52 54 42 3 1140
1 95 69 40 68 22 1 1141
0 49 63 27 39 59 3 1142
0 113 57 40 56 44 3 1143
0 3 91 31 90 37 4 1144
0 8 55 52 62 31 3 1145
1 141 32 57 45 44 6 1146
1 120 64 43 59 46 3 1147
0 71 64 21 63 24 3 1148
0 64 61 26 51 29 6 1149
1 70 48 43 47 50 1 1150
0 73 46 47 40 40 3 1151
1 115 44 54 41 58 1 1152
0 46 90 41 89 35 3 1153
0 7 58 45 50 39 3 1154
0 116 29 54 28 56 3 1155
0 108 88 93 84 94 3 1156
1 124 91 31 92 28 5 1157
0 24 48 45 54 31 3 1158
1 41 49 67 49 49 1 1159
0 82 89 93 87 91 3 1160
1 64 41 11 39 12 1 1161
0 53 59 33 57 24 3 1162
1 68 49 23 44 22 1 1163
0 81 3 66 5 69 3 1164
1 39 61 45 55 55 3 1165
1 15 62 2 25 0 1 1166
0 128 53 39 56 41 3 1167
1 78 62 22 57 34 3 1168
1 127 45 4 42 4 1 1169
1 11 51 62 42 46 1 1170
0 27 57 49 54 51 3 1171
0 2 48 50 47 41 3 1172
0 93 91 41 89 50 3 1173
1 65 33 44 33 47 1 1174
1 73 46 42 46 56 1 1175
0 68 57 32 52 40 3 1176
0 31 49 40 53 45 3 1177
1 23 69 46 65 44 1 1178
0 121 6 49 5 32 3 1179
1 121 6 34 5 39 1 1180
0 132 60 36 61 31 3 1181
0 139 98 22 98 8 3 1182
1 77 30 52 32 45 1 1183
0 143 38 40 42 41 3 1184
1 14 88 93 86 95 1 1185
1 142 64 41 57 48 1 1186
1 81 52 24 55 27 1 1187
1 72 54 30 59 32 2 1188
1 139 60 37 58 44 3 1189
1 125 53 49 52 42 1 1190
1 134 64 93 60 94 1 1191
0 18 63 31 64 34 3 1192
1 37 6 38 5 40 1 1193
0 113 57 21 50 24 3 1194
1 138 45 30 61 39 1 1195
1 42 80 6 70 6 1 1196
0 17 67 74 69 75 3 1197
0 2 30 15 35 15 3 1198
1 116 52 63 55 65 1 1199
0 96 29 51 31 99 3 1200
0 112 47 31 51 31 3 1201
1 32 85 3 87 4 3 1202
1 136 6 54 7 39 2 1203
0 40 5 68 4 63 5 1204
1 70 22 79 44 79 2 1205
0 39 54 51 58 37 3 1206
0 55 6 30 6 34 5 1207
1 51 62 46 60 45 1 1208
0 72 98 21 98 12 4 1209
0 90 67 37 67 33 3 1210
0 133 92 29 92 26 3 1211
1 138 54 43 43 50 1 1212
1 57 88 94 89 92 5 1213
1 127 54 42 48 50 1 1214
0 70 54 75 72 71 3 1215
0 72 48 66 37 63 3 1216
1 81 4 68 6 67 5 1217
0 119 61 38 65 6 3 1218
0 83 6 37 5 55 3 1219
0 32 60 44 58 58 3 1220
1 132 64 30 60 34 1 1221
1 102 6 21 6 36 1 1222
0 66 41 36 43 29 3 1223
1 126 55 53 60 52 1 1224
1 98 27 58 32 45 2 1225
0 109 46 2 53 1 3 1226
0 121 47 49 46 53 3 1227
0 19 53 50 49 57 3 1228
0 138 49 28 51 30 3 1229
1 78 55 46 54 42 6 1230
1 12 45 61 51 51 2 1231
0 129 27 62 26 68 3 1232
0 124 64 1 61 1 3 1233
0 24 57 42 57 45 3 1234
1 91 91 35 91 29 1 1235
0 127 44 51 20 53 3 1236
0 71 6 50 7 52 3 1237
0 111 41 74 55 51 3 1238
0 0 92 34 91 36 3 1239
0 112 34 16 32 17 3 1240
0 19 62 73 67 72 5 1241
0 6 67 73 70 73 3 1242
0 102 48 29 46 31 3 1243
1 105 68 39 69 42 3 1244
1 30 61 25 62 27 1 1245
1 114 55 45 54 37 2 1246
1 139 92 29 88 30 2 1247
1 108 31 46 33 50 5 1248
1 72 47 59 45 63 2 1249
0 1 67 33 63 44 3 1250
1 126 92 28 92 18 1 1251
0 43 33 48 31 56 3 1252
0 19 51 19 46 16 3 1253
0 96 61 29 64 28 3 1254
1 106 53 2 59 1 1 1255
1 8 92 31 89 37 2 1256
1 130 5 23 5 27 3 1257
0 108 5 71 5 75 3 1258
0 3 47 2 51 2 3 1259
0 67 48 41 46 48 3 1260
0 71 98 21 98 25 3 1261
0 32 54 41 50 49 3 1262
0 122 60 31 62 35 3 1263
0 44 47 54 47 50 3 1264
1 107 51 58 54 29 2 1265
0 14 53 50 50 48 6 1266
0 45 49 52 50 50 3 1267
0 102 44 64 54 59 3 1268
0 19 69 40 67 41 3 1269
0 20 67 45 68 39 3 1270
1 74 6 39 5 55 3 1271
1 40 59 38 61 35 3 1272
1 3 51 2 47 2 5 1273
1 119 72 37 70 33 1 1274
0 74 6 44 6 41 3 1275
0 138 45 3 41 4 3 1276
1 103 38 14 30 12 4 1277
0 34 47 3 50 3 3 1278
0 71 49 79 47 80 3 1279
1 97 50 28 52 25 6 1280
1 52 53 42 54 40 2 1281
1 98 52 80 58 80 1 1282
1 135 40 23 34 25 5 1283
0 33 58 2 60 1 3 1284
1 92 48 45 46 56 1 1285
1 72 53 45 57 47 4 1286
0 133 66 42 73 29 3 1287
0 132 29 55 27 61 3 1288
0 79 42 29 41 36 3 1289
1 6 48 54 50 51 3 1290
0 33 50 18 49 20 3 1291
0 50 51 26 47 32 3 1292
1 112 49 28 45 22 1 1293
1 96 49 61 48 58 1 1294
0 65 54 48 48 52 3 1295
1 64 52 47 55 44 1 1296
0 39 60 43 61 35 3 1297
0 51 59 40 40 45 3 1298
1 64 64 16 54 20 1 1299
0 17 7 51 6 54 3 1300
1 18 92 29 92 32 3 1301
1 97 62 37 60 35 1 1302
1 54 52 38 49 55 3 1303
1 30 58 52 49 71 2 1304
1 105 63 17 58 15 1 1305
1 56 49 63 27 51 5 1306
1 44 61 31 52 32 2 1307
1 129 46 48 32 56 5 1308
0 34 63 1 55 2 3 1309
0 108 33 46 33 49 3 1310
1 92 63 17 52 20 6 1311
1 46 60 2 56 2 1 1312
0 42 54 48 52 50 3 1313
1 97 30 54 34 44 1 1314
1 57 67 1 62 1 1 1315
0 47 6 54 6 51 3 1316
1 75 54 38 56 42 1 1317
1 107 71 39 71 36 1 1318
0 128 54 29 52 40 5 1319
1 52 69 40 69 45 1 1320
1 97 54 52 50 63 2 1321
1 88 70 36 64 45 3 1322
1 79 60 18 57 17 4 1323
0 73 5 35 6 26 4 1324
0 44 53 45 50 48 3 1325
1 142 62 26 60 28 1 1326
0 16 38 13 35 12 3 1327
1 124 63 42 67 39 1 1328
1 76 6 50 6 57 1 1329
0 46 61 36 61 33 3 1330
1 20 64 36 61 41 1 1331
1 117 55 44 53 45 1 1332
1 10 41 35 43 30 1 1333
0 36 70 73 67 76 3 1334
1 86 53 76 57 75 2 1335
1 47 80 5 78 4 1 1336
0 84 52 42 56 39 3 1337
1 27 54 81 56 78 4 1338
0 109 63 41 58 48 3 1339
1 72 56 45 53 55 1 1340
1 74 79 6 80 3 1 1341
0 89 58 80 51 80 3 1342
0 68 49 60 46 68 3 1343
1 109 52 1 49 1 5 1344
0 31 91 33 90 37 3 1345
0 17 48 2 46 3 3 1346
1 21 59 55 60 31 2 1347
1 18 70 38 65 44 2 1348
0 12 57 72 51 77 3 1349
1 61 5 69 4 66 2 1350
1 63 91 34 91 31 5 1351
1 118 51 55 51 49 2 1352
0 54 5 67 6 69 3 1353
0 14 98 23 98 19 5 1354
0 67 70 43 73 37 3 1355
0 58 58 39 59 36 3 1356
0 79 6 52 6 48 3 1357
1 30 45 18 42 17 3 1358
1 89 52 80 55 80 2 1359
1 132 59 38 59 32 3 1360
0 139 62 1 55 2 3 1361
1 126 48 53 47 69 5 1362
1 113 51 49 48 55 1 1363
1 78 56 80 48 81 1 1364
0 13 70 33 72 37 4 1365
0 112 32 42 27 48 3 1366
0 4 52 43 51 45 3 1367
1 6 40 58 73 67 1 1368
1 50 53 26 53 17 3 1369
0 0 60 31 56 47 3 1370
1 9 82 5 78 6 5 1371
0 72 45 62 46 59 3 1372
0 27 68 40 66 39 3 1373
0 104 59 47 35 41 3 1374
1 59 47 2 28 2 1 1375
1 81 50 2 17 2 5 1376
0 137 64 1 54 2 3 1377
1 132 72 38 69 34 5 1378
0 98 54 50 52 52 3 1379
1 16 72 31 63 46 5 1380
1 104 54 42 60 35 5 1381
1 142 49 51 38 52 2 1382
1 101 69 44 62 47 1 1383
1 1 50 42 52 41 1 1384
0 130 59 45 56 62 3 1385
1 114 63 30 59 21 6 1386
1 71 83 3 86 0 1 1387
0 66 46 30 53 27 3 1388
0 124 54 29 47 28 3 1389
1 48 30 46 24 54 1 1390
1 138 55 44 51 50 1 1391
0 88 72 31 68 38 3 1392
1 76 53 53 51 60 1 1393
0 94 30 51 29 57 3 1394
1 113 56 27 51 30 1 1395
0 40 28 50 29 52 3 1396
0 6 5 38 4 36 3 1397
1 78 58 35 55 30 3 1398
0 9 69 42 68 40 3 1399
1 61 59 45 61 43 2 1400
0 79 86 92 87 94 3 1401
0 14 27 29 22 31 3 1402
1 9 92 21 92 27 2 1403
0 92 70 27 64 34 3 1404
1 23 34 44 28 65 2 1405
1 29 56 46 55 52 5 1406
0 111 58 80 52 80 3 1407
1 64 45 46 42 58 1 1408
1 133 67 92 61 92 1 1409
0 83 46 54 47 50 3 1410
0 13 49 47 60 35 3 1411
1 104 63 33 59 35 1 1412
0 143 53 40 58 29 3 1413
1 50 42 9 41 12 1 1414
0 50 54 24 53 26 3 1415
1 101 29 53 29 61 1 1416
0 138 46 3 44 4 3 1417
1 133 53 80 58 80 1 1418
1 79 69 35 66 41 1 1419
0 12 60 26 61 29 3 1420
1 123 48 19 42 20 2 1421
1 23 44 37 43 34 1 1422
1 20 98 17 98 22 2 1423
0 55 29 47 32 47 3 1424
1 35 45 65 47 62 2 1425
1 58 57 78 61 74 1 1426
1 72 68 44 69 40 1 1427
1 17 41 62 36 77 1 1428
1 52 55 38 62 49 1 1429
0 1 40 17 46 17 3 1430
1 48 50 50 47 48 2 1431
0 50 70 42 69 45 3 1432
1 28 3 31 26 50 1 1433
0 136 56 18 58 17 3 1434
1 137 33 48 32 55 1 1435
0 126 98 17 98 23 3 1436
0 135 46 28 43 31 3 1437
1 142 91 37 91 30 1 1438
0 74 38 12 36 13 3 1439
0 95 46 20 48 19 3 1440
1 85 6 34 6 37 1 1441
1 120 54 38 56 36 1 1442
1 24 57 80 35 80 5 1443
0 107 65 47 70 41 3 1444
0 57 5 56 6 52 3 1445
1 130 53 17 56 14 1 1446
0 72 56 29 49 40 3 1447
1 92 58 19 56 18 3 1448
0 107 56 39 54 45 4 1449
1 70 58 39 54 44 1 1450
1 32 86 4 84 6 3 1451
1 118 57 80 52 81 2 1452
1 33 61 39 58 57 1 1453
0 7 46 3 43 4 3 1454
0 19 67 37 63 44 3 1455
1 78 56 32 59 25 1 1456
1 5 58 59 51 64 6 1457
0 52 55 80 51 80 3 1458
0 101 54 44 53 46 3 1459
0 68 53 43 50 48 3 1460
0 143 61 30 35 25 3 1461
0 69 53 56 50 50 4 1462
0 67 51 58 98 35 3 1463
0 76 6 45 6 49 3 1464
0 33 44 23 47 20 5 1465
1 55 52 58 47 53 1 1466
0 143 53 55 53 44 3 1467
0 93 50 43 52 39 3 1468
1 127 56 1 53 1 1 1469
0 87 52 43 50 44 3 1470
1 129 14 10 57 30 1 1471
1 142 55 77 54 75 1 1472
0 26 46 58 47 54 5 1473
1 107 90 37 91 33 3 1474
0 135 37 40 41 32 3 1475
0 115 55 45 42 50 3 1476
0 108 26 63 28 55 3 1477
0 38 56 26 50 35 3 1478
0 107 44 60 42 58 3 1479
1 7 52 54 48 58 1 1480
0 16 54 16 48 14 3 1481
0 118 48 4 41 4 3 1482
1 55 47 55 45 50 1 1483
0 39 66 41 68 38 3 1484
1 43 98 20 98 27 1 1485
0 88 67 33 64 18 3 1486
0 74 58 72 62 70 3 1487
0 0 54 53 3 20 3 1488
1 46 67 37 67 45 1 1489
0 2 54 66 52 69 3 1490
0 44 58 45 64 36 3 1491
1 1 51 21 37 22 1 1492
0 73 44 10 41 12 3 1493
0 83 6 28 6 34 3 1494
1 92 82 5 80 6 4 1495
1 65 52 54 24 36 2 1496
1 117 53 47 53 37 1 1497
1 57 98 16 98 23 1 1498
1 58 56 44 54 41 2 1499
1 94 6 66 1 70 3 1500
1 55 5 39 5 36 1 1501
0 102 59 35 60 44 3 1502
1 41 55 45 54 55 1 1503
0 116 60 26 56 30 5 1504
0 25 6 23 6 32 3 1505
0 138 62 24 60 14 3 1506
0 26 51 60 48 53 3 1507
0 82 52 55 51 52 3 1508
0 143 56 55 37 56 3 1509
0 68 67 38 66 41 3 1510
0 107 37 41 44 35 3 1511
0 57 6 31 6 28 3 1512
0 38 53 31 42 30 3 1513
1 26 51 45 44 36 1 1514
1 135 42 26 38 21 1 1515
1 32 31 42 44 59 1 1516
1 26 60 36 44 40 1 1517
0 127 66 73 70 72 3 1518
0 80 59 37 57 38 3 1519
0 91 67 45 61 61 3 1520
1 99 42 22 44 23 2 1521
1 4 58 47 65 37 1 1522
0 125 66 93 64 92 3 1523
1 46 60 40 64 47 1 1524
1 72 53 38 56 37 1 1525
0 62 49 60 34 36 5 1526
1 52 68 34 52 28 1 1527
0 43 60 74 58 73 3 1528
0 15 60 28 51 35 3 1529
1 63 50 2 47 2 2 1530
1 7 6 64 5 62 1 1531
0 41 6 64 5 62 3 1532
1 34 71 38 62 39 1 1533
0 96 44 12 39 14 3 1534
0 143 53 53 49 52 3 1535
0 26 48 59 51 51 3 1536
0 121 68 33 67 42 3 1537
0 115 50 47 38 52 6 1538
1 46 62 41 61 44 1 1539
0 65 78 6 82 6 3 1540
1 12 52 80 56 80 1 1541
1 32 54 62 57 60 1 1542
1 60 67 41 65 39 1 1543
1 106 55 31 58 33 1 1544
0 40 33 43 59 39 3 1545
0 138 61 73 55 77 5 1546
1 113 29 52 33 43 1 1547
0 3 40 37 43 23 3 1548
0 114 60 26 58 34 3 1549
0 52 65 1 53 1 3 1550
1 72 32 46 34 41 2 1551
0 66 6 65 5 71 3 1552
1 40 57 19 61 18 6 1553
1 117 58 59 56 58 1 1554
0 70 43 49 46 51 3 1555
0 87 69 72 73 68 3 1556
1 10 5 39 6 37 1 1557
0 12 56 38 54 41 3 1558
0 56 48 55 41 68 3 1559
0 38 56 29 53 30 3 1560
1 92 66 41 69 38 2 1561
1 72 53 43 54 41 1 1562
1 141 61 40 56 50 1 1563
0 80 56 40 52 45 3 1564
1 82 68 74 70 72 2 1565
0 82 55 42 48 56 3 1566
1 131 54 43 47 36 1 1567
0 104 50 47 56 46 3 1568
1 127 52 20 60 32 4 1569
1 39 58 45 55 49 2 1570
0 143 32 45 28 48 3 1571
0 117 56 49 64 36 5 1572
0 88 55 55 52 61 3 1573
0 26 55 42 57 32 6 1574
0 39 53 53 40 30 3 1575
1 48 51 45 55 44 1 1576
0 108 36 12 30 11 3 1577
0 65 55 46 50 48 3 1578
1 108 30 46 33 45 5 1579
0 79 67 27 70 34 3 1580
1 133 59 24 57 16 4 1581
1 52 48 2 52 2 5 1582
0 126 6 55 5 75 5 1583
0 81 69 40 60 32 3 1584
1 25 70 35 54 41 2 1585
0 96 36 11 41 9 3 1586
0 9 50 42 54 39 3 1587
1 26 50 20 45 20 1 1588
0 79 30 53 29 56 3 1589
0 14 51 48 50 53 3 1590
0 130 67 43 36 15 3 1591
1 119 65 41 69 33 1 1592
1 40 52 46 54 40 1 1593
1 24 48 56 52 46 1 1594
0 104 53 49 50 52 3 1595
0 11 6 59 6 54 3 1596
1 98 47 20 45 21 1 1597
0 128 33 45 31 49 3 1598
0 4 42 18 48 41 3 1599
1 67 43 4 18 2 1 1600
0 114 62 1 65 1 3 1601
0 88 48 59 49 56 5 1602
0 130 55 42 50 46 3 1603
1 131 60 19 50 22 6 1604
0 21 62 36 50 59 3 1605
0 46 47 20 41 20 3 1606
1 70 69 73 67 76 1 1607
1 19 48 21 46 18 2 1608
0 62 73 32 70 33 3 1609
0 120 70 6 79 7 3 1610
1 52 6 30 6 35 2 1611
0 141 62 40 58 46 3 1612
1 3 53 46 53 40 1 1613
1 76 40 13 37 13 1 1614
0 108 69 70 68 72 3 1615
0 2 54 81 51 80 3 1616
0 18 54 46 55 37 3 1617
1 53 60 25 61 23 2 1618
1 39 6 30 5 27 2 1619
1 68 56 20 59 17 1 1620
0 112 31 55 31 59 3 1621
1 37 67 92 66 94 1 1622
1 124 47 51 48 33 1 1623
1 4 52 49 52 52 5 1624
0 32 61 32 64 28 3 1625
1 104 47 34 41 27 1 1626
1 108 29 58 29 54 1 1627
0 132 32 78 16 71 3 1628
1 124 63 50 63 54 2 1629
0 35 88 93 85 95 3 1630
0 21 60 31 44 40 3 1631
0 19 53 75 68 72 3 1632
0 115 47 40 45 60 3 1633
0 77 57 1 55 2 3 1634
0 67 46 4 34 4 3 1635
0 92 58 19 54 19 3 1636
0 91 6 62 6 65 3 1637
1 16 62 79 64 76 1 1638
1 142 86 94 82 94 3 1639
0 10 61 53 62 50 5 1640
0 96 69 41 66 39 3 1641
1 127 69 34 73 38 1 1642
0 138 45 70 47 49 3 1643
1 35 53 81 48 81 3 1644
0 24 49 2 42 3 3 1645
0 112 39 13 41 12 6 1646
1 37 42 59 44 63 1 1647
0 81 6 64 5 68 3 1648
1 73 47 61 46 57 1 1649
1 46 51 76 63 68 4 1650
1 81 22 20 49 37 1 1651
0 130 52 61 47 58 3 1652
1 31 39 13 41 11 1 1653
0 141 57 38 54 38 3 1654
0 9 53 43 39 78 3 1655
1 130 32 45 30 43 4 1656
1 88 51 19 46 20 6 1657
1 54 62 46 65 44 4 1658
0 36 48 46 40 39 3 1659
1 38 53 42 42 47 3 1660
1 134 67 39 63 45 1 1661
1 131 44 52 46 47 1 1662
1 79 40 38 36 40 6 1663
0 141 6 68 6 63 3 1664
1 14 63 35 61 31 1 1665
0 48 31 43 34 40 3 1666
0 96 31 43 23 61 6 1667
0 103 30 77 55 79 3 1668
0 24 48 55 43 51 3 1669
1 112 43 34 45 33 2 1670
1 102 52 50 52 45 1 1671
1 26 49 37 47 42 1 1672
1 37 59 37 64 34 2 1673
1 35 56 41 45 60 1 1674
1 111 47 30 50 33 1 1675
0 139 57 2 59 1 4 1676
1 133 54 56 50 53 1 1677
1 68 70 73 74 66 2 1678
0 87 87 3 86 5 3 1679
1 32 62 39 62 46 1 1680
1 122 61 71 60 77 2 1681
0 106 58 35 58 47 3 1682
1 60 30 58 31 47 2 1683
1 96 33 36 27 36 1 1684
0 55 78 6 82 4 3 1685
1 18 6 36 6 33 1 1686
0 126 29 52 22 50 3 1687
0 8 40 12 44 10 3 1688
0 139 50 46 59 63 3 1689
0 4 48 29 47 31 3 1690
1 26 72 32 74 31 1 1691
0 0 63 2 61 1 3 1692
1 132 68 33 70 30 1 1693
1 51 49 3 46 4 1 1694
0 80 49 37 56 29 3 1695
1 93 60 1 63 1 1 1696
1 111 6 32 6 37 1 1697
0 22 47 30 45 32 3 1698
0 78 62 34 57 46 3 1699
1 62 65 1 61 1 2 1700
1 133 67 93 65 95 1 1701
1 13 62 24 59 30 1 1702
0 60 49 47 45 42 3 1703
0 3 50 19 38 30 3 1704
1 121 65 67 70 69 5 1705
0 25 63 24 54 33 3 1706
0 84 44 2 47 2 3 1707
1 41 50 53 49 55 2 1708
0 39 41 61 43 56 3 1709
0 132 71 41 69 38 6 1710
0 108 49 50 44 60 3 1711
0 88 54 55 52 43 3 1712
1 139 85 12 85 16 2 1713
1 18 91 28 92 32 6 1714
1 34 20 72 25 71 1 1715
0 2 57 68 60 75 3 1716
1 22 60 52 58 51 1 1717
0 128 62 22 60 24 5 1718
1 30 51 45 58 43 3 1719
0 15 63 1 66 1 3 1720
1 11 31 52 29 55 3 1721
0 94 43 12 39 12 3 1722
1 91 6 28 6 42 2 1723
0 62 32 12 38 10 3 1724
1 35 45 4 36 5 1 1725
1 132 98 12 98 17 1 1726
0 110 85 3 87 2 3 1727
0 143 66 28 64 29 3 1728
0 28 42 2 51 2 3 1729
0 89 55 80 50 81 3 1730
0 72 38 61 42 72 3 1731
0 11 60 40 50 53 3 1732
1 111 59 44 56 50 1 1733
0 119 70 36 64 45 3 1734
0 18 49 61 37 81 3 1735
0 111 69 40 70 36 5 1736
0 33 55 80 45 81 4 1737
1 52 55 41 51 40 1 1738
1 44 60 38 65 46 1 1739
0 51 64 76 66 74 3 1740
1 64 68 34 63 54 3 1741
0 45 55 45 52 42 3 1742
0 71 98 11 98 17 3 1743
1 115 54 28 57 26 1 1744
1 26 38 42 34 45 2 1745
1 116 59 18 65 6 1 1746
1 33 53 49 54 40 1 1747
0 108 60 2 63 1 3 1748
0 60 47 16 46 21 3 1749
1 76 69 73 70 70 1 1750
0 41 62 39 62 35 3 1751
1 46 6 33 6 17 1 1752
1 55 6 33 6 27 1 1753
0 114 68 77 67 79 3 1754
0 74 60 44 60 47 3 1755
1 102 59 36 61 32 1 1756
0 38 56 26 57 30 6 1757
1 38 36 4 30 3 2 1758
1 18 52 40 54 33 2 1759
0 67 53 80 56 80 3 1760
0 97 45 63 51 49 3 1761
1 123 85 4 85 1 1 1762
0 117 59 74 58 77 3 1763
0 104 55 41 33 43 3 1764
0 135 69 75 68 72 3 1765
1 64 69 73 52 75 3 1766
1 87 60 45 60 51 1 1767
1 31 46 53 42 60 1 1768
1 116 66 92 65 94 2 1769
1 142 6 53 5 60 1 1770
0 126 58 75 52 75 3 1771
1 114 59 26 62 20 1 1772
1 6 57 63 56 51 1 1773
1 80 58 75 54 77 1 1774
1 117 17 15 54 44 1 1775
0 112 70 33 62 55 3 1776
1 36 52 50 52 43 1 1777
0 46 60 1 64 1 3 1778
1 82 53 27 53 24 1 1779
1 42 47 3 43 3 1 1780
1 74 55 33 57 62 1 1781
1 38 57 27 59 23 5 1782
0 123 62 33 57 38 3 1783
1 98 61 42 65 40 1 1784
1 68 53 24 47 29 1 1785
1 38 67 73 70 72 5 1786
0 86 65 20 62 26 4 1787
1 60 68 32 58 37 1 1788
0 105 64 16 62 17 6 1789
1 116 62 29 67 35 1 1790
0 111 66 41 69 43 3 1791
0 97 28 42 26 41 3 1792
1 19 61 1 66 1 2 1793
0 105 58 19 45 19 3 1794
0 58 59 34 58 37 3 1795
1 25 59 30 61 29 1 1796
0 52 44 34 43 30 5 1797
0 77 63 20 55 24 3 1798
0 63 86 30 89 31 3 1799
0 110 98 15 98 12 3 1800
1 104 69 33 62 33 4 1801
1 16 41 51 35 52 1 1802
1 76 56 30 53 33 3 1803
0 128 60 29 59 33 3 1804
1 143 51 49 49 55 2 1805
0 123 86 3 84 4 3 1806
0 50 50 2 42 1 3 1807
1 141 90 38 91 35 2 1808
0 109 39 38 41 37 3 1809
1 34 62 46 68 36 1 1810
1 118 54 45 55 40 1 1811
1 133 59 17 56 18 2 1812
0 69 48 3 45 4 3 1813
0 82 47 24 47 27 3 1814
0 112 45 34 48 34 3 1815
0 143 37 10 42 9 5 1816
1 124 90 35 89 33 2 1817
1 13 5 65 5 68 5 1818
1 46 50 80 63 69 6 1819
0 11 48 70 44 68 6 1820
0 108 31 58 28 55 3 1821
0 39 64 23 71 28 3 1822
0 15 65 1 61 2 3 1823
0 50 50 26 46 31 5 1824
0 17 17 2 30 3 3 1825
0 107 69 73 40 58 3 1826
1 125 52 47 49 48 1 1827
0 11 45 2 48 2 3 1828
1 58 54 56 57 52 2 1829
0 34 47 39 45 37 3 1830
0 28 60 41 63 54 3 1831
1 31 55 1 61 1 1 1832
0 104 68 34 60 40 3 1833
0 55 58 37 55 50 3 1834
1 91 57 41 61 35 2 1835
0 138 59 72 57 75 5 1836
1 108 62 25 59 26 1 1837
1 38 49 2 43 3 1 1838
0 8 44 22 42 21 3 1839
1 92 46 3 42 3 1 1840
0 130 56 47 52 50 3 1841
1 32 61 31 55 37 1 1842
1 54 5 53 4 40 1 1843
0 17 7 49 6 52 5 1844
0 70 68 72 69 70 3 1845
1 96 33 42 32 46 1 1846
1 86 66 93 62 97 1 1847
1 50 87 93 89 92 2 1848
1 143 36 4 42 4 1 1849
1 83 59 29 52 40 1 1850
0 106 51 46 53 47 3 1851
1 92 46 4 42 3 1 1852
0 106 42 2 51 2 3 1853
0 125 54 39 50 32 3 1854
0 43 45 29 43 31 4 1855
0 14 50 21 35 25 5 1856
1 3 59 31 53 55 2 1857
1 44 58 44 58 35 2 1858
0 95 40 42 42 39 3 1859
0 16 30 45 33 42 3 1860
0 57 45 4 44 2 3 1861
0 104 66 34 68 36 3 1862
0 81 67 40 65 43 3 1863
1 60 51 19 49 18 2 1864
0 94 57 27 57 31 3 1865
0 46 60 69 56 74 3 1866
0 0 54 38 55 41 3 1867
1 21 62 29 57 27 1 1868
1 66 39 43 41 41 1 1869
1 83 80 6 72 5 1 1870
0 127 63 33 62 35 3 1871
1 26 52 54 54 52 6 1872
1 34 53 75 53 79 1 1873
1 77 66 1 56 2 1 1874
1 129 70 70 69 75 1 1875
0 110 55 37 57 39 3 1876
0 108 27 58 28 54 3 1877
1 136 92 25 90 33 1 1878
1 102 60 27 54 17 1 1879
0 10 53 44 52 42 3 1880
1 17 59 77 58 73 1 1881
0 73 68 38 67 41 3 1882
0 17 57 41 54 41 3 1883
0 46 52 18 46 22 3 1884
0 34 68 40 62 49 3 1885
0 94 68 45 61 43 3 1886
1 120 52 77 30 78 1 1887
0 43 52 46 53 43 3 1888
1 69 33 40 26 51 1 1889
1 53 57 16 49 15 1 1890
0 65 60 43 55 52 3 1891
0 115 51 78 56 74 5 1892
0 53 67 93 65 94 3 1893
0 40 43 4 47 4 5 1894
1 141 68 70 72 66 1 1895
0 57 88 94 86 95 3 1896
1 27 53 80 50 80 1 1897
1 130 49 50 49 53 1 1898
1 5 47 42 32 30 5 1899
0 98 49 39 43 57 3 1900
0 51 58 26 62 25 6 1901
0 56 42 13 37 13 3 1902
0 139 30 43 28 48 3 1903
1 8 63 34 61 39 1 1904
0 92 32 45 28 53 4 1905
1 28 69 35 66 35 1 1906
0 40 56 19 60 18 3 1907
1 134 98 18 98 6 1 1908
1 48 35 40 37 38 1 1909
0 111 56 42 54 25 3 1910
0 110 85 93 86 95 3 1911
0 66 66 41 60 37 3 1912
0 0 44 28 43 26 3 1913
1 4 53 41 46 56 1 1914
1 123 70 36 63 49 2 1915
1 132 58 71 46 71 6 1916
0 34 48 79 61 73 5 1917
0 12 59 25 52 31 3 1918
0 13 50 49 57 40 3 1919
1 59 64 44 66 42 1 1920
1 19 49 28 51 24 1 1921
0 44 87 93 86 96 3 1922
0 105 43 62 51 31 3 1923
0 9 52 40 54 39 3 1924
0 105 66 94 64 96 3 1925
0 18 57 50 50 36 3 1926
1 70 74 6 80 6 1 1927
0 49 46 53 47 55 3 1928
0 1 51 16 55 16 3 1929
0 100 88 92 87 94 3 1930
0 43 80 5 77 6 3 1931
1 103 62 26 59 24 2 1932
0 0 54 26 48 33 3 1933
1 129 48 2 44 2 1 1934
0 31 51 33 62 36 3 1935
0 17 46 3 43 4 3 1936
0 47 6 47 6 34 3 1937
0 80 55 27 50 28 3 1938
1 10 43 34 46 29 5 1939
1 0 58 27 59 23 1 1940
1 25 55 29 40 33 1 1941
0 32 36 15 37 13 3 1942
1 79 49 4 44 2 1 1943
0 46 51 19 49 20 3 1944
1 46 49 18 52 18 1 1945
1 116 50 19 53 18 3 1946
1 18 58 45 62 35 1 1947
1 26 45 62 47 57 1 1948
0 62 45 3 47 4 3 1949
0 23 61 49 64 41 3 1950
0 143 40 58 69 73 3 1951
1 32 61 31 59 30 2 1952
1 62 68 71 66 73 1 1953
1 74 38 3 34 3 1 1954
1 128 58 27 55 31 1 1955
0 80 79 5 98 4 3 1956
0 44 59 45 43 43 3 1957
0 89 5 69 6 67 3 1958
1 90 56 80 50 81 2 1959
0 128 49 51 48 61 3 1960
1 49 67 40 69 37 1 1961
0 77 58 46 60 39 3 1962
1 6 52 75 69 73 1 1963
0 9 62 2 70 6 3 1964
0 21 44 38 40 36 3 1965
0 57 6 35 6 25 3 1966
1 89 39 44 38 37 1 1967
0 68 50 54 55 53 3 1968
1 22 60 38 89 24 1 1969
0 24 6 66 5 70 3 1970
0 115 54 26 52 27 3 1971
1 76 6 50 6 43 2 1972
1 136 55 40 53 50 2 1973
1 49 91 31 91 36 2 1974
1 97 55 80 51 81 1 1975
0 103 46 73 43 70 3 1976
0 97 68 38 48 35 3 1977
1 80 51 52 48 54 1 1978
0 107 50 49 43 65 3 1979
1 51 69 6 80 5 1 1980
1 87 61 47 60 51 1 1981
0 53 57 20 51 19 3 1982
1 23 55 29 59 26 1 1983
1 86 98 15 98 11 5 1984
1 43 66 42 64 46 1 1985
1 53 51 47 48 39 6 1986
0 130 52 17 48 16 4 1987
0 10 38 38 40 36 3 1988
0 127 64 53 67 48 3 1989
1 135 41 40 43 31 4 1990
1 0 40 13 45 11 1 1991
0 98 52 55 48 57 3 1992
0 80 69 41 69 34 3 1993
0 40 49 42 51 43 3 1994
0 41 54 52 46 61 3 1995
0 103 52 77 55 77 3 1996
1 46 46 4 43 4 2 1997
0 128 64 52 63 50 6 1998
0 140 51 32 47 30 3 1999
