0 116 63 38 67 42 3 0
0 116 62 46 60 54 3 1
0 38 62 45 60 52 3 2
1 78 53 59 54 63 1 3
0 38 62 44 39 50 5 4
0 77 67 39 67 44 3 5
1 110 61 42 67 35 4 6
1 127 66 44 58 53 1 7
0 108 65 49 62 45 3 8
1 116 62 50 61 51 6 9
1 78 62 50 63 44 2 10
0 116 61 54 59 48 5 11
1 55 55 59 60 51 3 12
0 27 65 47 63 47 3 13
0 0 64 44 65 45 3 14
1 101 60 63 64 54 1 15
1 38 57 37 49 32 1 16
1 47 61 51 63 47 2 17
0 116 61 46 57 52 3 18
0 135 63 47 55 60 3 19
1 58 59 56 55 63 4 20
0 38 61 46 32 30 3 21
1 79 53 63 61 47 3 22
0 7 53 55 53 55 3 23
1 38 49 51 49 51 6 24
1 57 56 59 52 27 1 25
1 116 62 44 53 61 1 26
1 116 57 53 47 48 4 27
0 38 58 68 66 39 3 28
0 101 68 35 66 51 3 29
0 38 57 24 43 34 3 30
0 116 65 44 55 57 3 31
0 116 64 26 65 48 3 32
1 77 61 49 61 49 1 33
1 38 58 55 54 58 1 34
1 38 64 50 65 55 2 35
1 77 65 50 63 42 2 36
1 38 55 58 55 55 1 37
0 6 61 60 57 55 3 38
0 77 55 62 55 68 3 39
0 116 62 49 64 20 3 40
1 38 65 50 66 43 2 41
0 133 59 66 58 53 4 42
1 49 65 50 62 49 1 43
1 86 46 53 40 58 2 44
0 74 64 46 56 58 3 45
0 111 64 42 61 43 3 46
0 0 51 36 63 53 3 47
0 0 16 15 57 38 3 48
0 38 65 49 58 30 3 49
1 105 65 45 68 35 1 50
0 60 62 41 63 42 3 51
1 0 63 49 60 50 1 52
1 0 67 42 65 48 1 53
0 116 60 50 61 52 3 54
1 116 58 63 54 60 1 55
0 0 56 58 63 60 6 56
1 0 67 42 56 24 1 57
1 138 64 51 64 46 1 58
1 5 64 54 54 62 2 59
0 116 58 52 58 63 4 60
1 38 67 47 64 49 2 61
1 38 60 56 64 42 1 62
0 29 66 46 66 48 3 63
0 125 61 48 68 34 3 64
1 116 64 45 64 52 2 65
1 77 58 68 59 63 6 66
1 63 63 57 62 49 2 67
0 0 64 39 65 15 3 68
0 125 64 48 57 53 3 69
1 116 62 57 63 48 5 70
0 116 61 48 66 51 4 71
0 0 58 52 59 52 3 72
0 0 61 52 54 56 3 73
0 116 54 59 60 48 3 74
0 77 61 48 54 58 5 75
0 116 61 51 64 46 3 76
1 127 58 31 57 30 2 77
1 76 57 55 54 61 1 78
1 53 65 50 58 54 2 79
0 0 59 27 63 42 3 80
1 47 54 59 60 50 2 81
1 103 65 45 67 36 1 82
0 64 59 53 55 58 3 83
0 77 57 64 57 54 3 84
1 6 55 57 59 51 3 85
0 38 60 52 53 63 3 86
1 116 68 36 47 33 1 87
0 9 53 67 64 54 3 88
1 116 65 44 58 53 1 89
0 9 59 53 51 41 3 90
1 38 56 59 53 58 3 91
0 42 62 57 62 47 3 92
1 74 61 57 59 65 3 93
1 38 46 54 45 56 1 94
0 102 53 37 46 57 3 95
0 77 60 46 58 68 4 96
1 60 61 61 57 58 2 97
0 45 53 35 52 32 3 98
1 110 63 42 59 51 1 99
0 77 69 37 61 58 5 100
1 77 63 42 69 37 2 101
1 116 65 53 63 50 5 102
1 139 64 51 66 49 1 103
0 106 64 43 54 58 3 104
0 50 15 16 33 99 3 105
0 77 65 47 60 60 3 106
0 34 61 56 57 67 3 107
1 119 54 60 62 45 1 108
1 1 59 51 48 54 3 109
0 0 59 51 59 51 5 110
0 77 55 59 58 62 3 111
0 116 60 64 54 61 3 112
1 30 57 1 66 0 1 113
1 58 66 36 43 43 1 114
1 20 63 44 61 58 1 115
1 21 51 73 45 54 3 116
0 16 55 58 52 60 3 117
0 116 61 49 63 43 3 118
1 85 56 54 56 56 3 119
1 16 57 56 65 47 2 120
0 0 63 40 52 37 3 121
1 30 61 59 58 57 1 122
0 116 63 57 64 52 6 123
0 143 58 67 57 68 3 124
1 38 65 53 61 58 3 125
0 38 56 55 56 55 3 126
0 77 67 49 58 68 3 127
1 17 63 43 60 47 2 128
1 38 62 41 67 38 1 129
1 116 65 47 61 47 3 130
0 47 54 61 57 57 3 131
1 0 57 54 47 48 1 132
0 111 61 50 63 50 3 133
0 38 66 44 51 38 3 134
0 19 62 42 66 41 3 135
1 111 63 44 58 53 1 136
0 15 35 53 35 53 3 137
1 116 53 61 57 69 5 138
1 116 63 49 68 37 1 139
0 12 60 60 55 56 3 140
1 77 60 61 63 59 1 141
1 76 66 52 63 44 1 142
0 60 62 37 54 57 3 143
0 132 62 48 66 50 3 144
1 68 59 50 60 44 1 145
0 40 57 55 55 61 3 146
0 77 62 50 64 37 5 147
1 0 60 62 54 59 1 148
1 22 54 59 60 60 3 149
1 0 57 65 58 67 2 150
0 52 60 52 53 59 3 151
1 96 52 64 65 47 1 152
0 116 45 55 63 45 3 153
0 77 62 57 64 50 5 154
1 77 61 49 61 48 5 155
1 38 67 45 58 67 1 156
0 19 65 50 63 56 3 157
0 0 62 49 64 39 3 158
0 77 61 51 59 52 3 159
0 88 58 52 67 49 4 160
0 124 56 55 60 49 3 161
0 77 69 14 43 52 5 162
0 75 55 69 51 76 3 163
1 101 63 46 58 52 1 164
0 0 61 48 67 48 3 165
1 14 55 58 58 65 3 166
0 92 65 40 64 49 3 167
0 43 61 48 60 48 3 168
1 71 53 67 53 63 1 169
0 116 67 35 65 44 3 170
1 77 58 66 58 68 6 171
0 77 65 48 61 49 6 172
1 54 57 53 54 57 1 173
0 54 64 33 57 27 3 174
0 50 67 45 64 51 3 175
1 60 61 56 59 55 2 176
0 118 57 58 67 35 3 177
0 94 53 38 54 46 3 178
1 13 60 56 62 52 1 179
1 89 63 47 58 53 2 180
1 38 62 60 58 54 1 181
1 77 63 32 66 28 1 182
0 9 58 52 63 50 3 183
1 87 60 50 59 49 1 184
1 77 57 59 56 57 6 185
0 38 61 60 57 52 3 186
0 0 67 35 65 47 3 187
0 40 55 58 69 37 3 188
1 88 62 46 64 56 1 189
1 127 56 40 60 44 2 190
0 77 65 47 62 50 3 191
0 116 61 59 58 63 5 192
0 116 61 45 53 63 3 193
0 116 64 40 54 57 3 194
0 116 61 59 65 49 4 195
1 77 64 41 62 49 1 196
0 77 69 37 64 53 5 197
0 38 55 62 58 67 3 198
0 131 62 45 54 60 3 199
0 138 67 41 53 61 3 200
0 83 58 55 58 51 3 201
1 83 62 32 56 26 1 202
1 77 61 46 67 37 1 203
0 25 53 54 53 37 3 204
1 0 63 60 43 54 3 205
1 78 55 60 57 58 1 206
1 143 61 62 37 48 1 207
1 61 25 53 31 48 2 208
0 38 63 49 66 48 5 209
0 77 54 60 61 49 3 210
1 74 61 58 57 57 1 211
1 116 56 54 66 44 6 212
0 24 60 61 56 59 3 213
0 116 60 53 67 47 3 214
1 45 58 51 57 55 4 215
0 116 56 61 60 56 3 216
0 41 64 51 68 38 3 217
0 56 65 50 49 35 4 218
0 38 52 50 68 34 3 219
0 77 62 49 64 40 5 220
0 38 61 43 59 49 3 221
0 77 60 64 64 48 3 222
0 77 56 31 55 38 3 223
1 77 62 41 61 42 1 224
0 20 61 46 60 46 3 225
0 116 66 40 65 45 5 226
1 59 64 25 61 38 1 227
0 38 56 69 56 71 6 228
1 105 66 44 51 65 1 229
0 116 58 55 55 59 3 230
1 38 58 51 59 64 5 231
0 116 53 62 60 60 3 232
1 13 67 38 24 38 1 233
0 107 62 47 60 43 3 234
1 124 61 25 65 26 1 235
1 77 61 44 67 47 5 236
0 116 62 59 56 70 3 237
0 45 53 58 63 24 3 238
1 109 60 64 62 55 2 239
0 0 64 40 66 47 3 240
1 28 68 44 61 47 1 241
1 123 53 79 66 54 1 242
0 116 60 60 68 13 3 243
0 21 64 54 61 57 3 244
0 5 59 55 59 53 3 245
0 0 66 52 61 43 3 246
1 1 59 49 63 27 2 247
1 38 60 62 53 75 1 248
1 38 58 69 62 56 1 249
1 19 67 38 65 44 1 250
1 0 55 62 66 46 6 251
1 38 58 57 61 61 2 252
0 38 56 54 62 59 3 253
0 38 62 44 63 50 3 254
0 115 60 42 58 65 3 255
0 116 44 43 45 35 3 256
1 131 62 45 57 37 1 257
0 77 66 41 63 41 3 258
1 113 64 21 60 27 2 259
0 116 65 54 67 36 3 260
0 115 61 48 53 60 3 261
0 78 63 30 60 53 3 262
0 38 53 78 52 70 3 263
1 69 65 39 67 39 1 264
0 82 55 61 61 62 3 265
1 0 62 50 60 49 1 266
0 116 65 46 58 56 3 267
1 80 62 50 67 47 1 268
1 100 59 26 56 20 1 269
1 98 67 45 60 41 3 270
1 116 62 50 63 50 1 271
0 116 49 68 37 86 3 272
1 100 62 48 59 51 1 273
1 59 55 58 64 31 1 274
0 113 64 50 38 27 3 275
1 26 56 53 53 77 2 276
0 38 56 56 47 58 3 277
0 38 34 45 40 51 3 278
0 77 51 75 52 72 3 279
1 48 58 69 52 42 1 280
0 51 62 42 60 46 3 281
1 77 64 50 62 45 6 282
1 59 62 42 62 47 2 283
0 59 61 62 59 65 3 284
1 38 65 41 54 60 1 285
1 38 66 39 63 46 1 286
0 38 60 61 61 58 3 287
1 116 67 47 65 53 5 288
1 77 58 54 56 58 3 289
0 25 62 49 56 54 3 290
0 139 59 56 55 54 3 291
0 131 57 58 54 61 3 292
1 77 56 57 59 56 1 293
1 2 63 57 63 47 1 294
0 41 65 44 69 39 3 295
0 12 60 60 53 58 3 296
1 77 66 40 58 51 3 297
0 38 65 49 50 86 3 298
0 85 66 52 65 52 3 299
0 38 57 58 59 52 6 300
0 69 63 45 60 46 3 301
1 77 63 57 64 52 1 302
0 116 61 41 55 68 3 303
0 116 65 48 66 45 3 304
1 134 55 59 59 62 1 305
1 59 66 29 64 40 4 306
1 84 61 55 64 37 2 307
0 77 57 53 61 46 3 308
0 116 61 51 61 46 3 309
0 77 57 56 55 56 3 310
1 116 60 48 56 26 1 311
0 0 62 50 60 44 3 312
1 77 58 53 61 46 1 313
1 38 62 50 61 45 1 314
0 95 56 53 59 63 3 315
0 116 57 69 59 55 3 316
1 74 64 47 65 48 1 317
1 43 57 56 59 40 1 318
0 85 63 43 59 65 3 319
1 0 66 38 61 43 3 320
1 77 69 36 62 41 2 321
0 116 64 49 62 54 3 322
1 0 63 48 59 49 2 323
0 93 61 61 54 59 3 324
0 38 54 60 63 46 3 325
0 0 67 40 60 49 3 326
1 10 58 54 63 49 1 327
0 105 56 58 62 41 3 328
0 49 62 45 55 59 3 329
1 116 63 56 61 60 2 330
0 38 54 63 54 62 3 331
0 63 60 55 55 61 3 332
1 0 61 44 55 56 1 333
0 38 56 71 51 70 3 334
1 105 63 31 42 50 1 335
0 0 62 44 60 42 4 336
0 116 59 49 43 49 3 337
0 28 53 37 59 30 3 338
0 20 55 60 67 45 3 339
1 38 54 63 49 87 1 340
1 77 62 49 54 62 2 341
1 47 59 53 54 58 1 342
0 77 66 43 62 46 3 343
1 24 54 39 64 42 1 344
0 116 55 68 60 51 5 345
0 1 59 54 52 60 3 346
1 39 58 55 62 47 1 347
1 116 68 47 60 52 1 348
0 116 55 57 61 49 3 349
1 77 62 40 66 50 1 350
0 114 62 46 64 33 3 351
1 59 60 63 57 69 1 352
0 116 59 62 62 60 3 353
1 116 65 50 59 54 5 354
1 3 12 15 12 27 1 355
1 134 53 58 61 41 1 356
0 129 62 46 54 58 3 357
1 77 55 49 55 40 6 358
1 3 61 63 63 62 1 359
0 38 55 69 53 63 3 360
1 72 60 64 61 61 2 361
1 30 46 54 62 24 1 362
0 60 61 51 63 47 3 363
1 58 67 49 63 56 2 364
0 128 58 68 57 55 3 365
1 67 60 61 61 64 2 366
0 61 57 53 59 64 3 367
1 112 61 64 57 66 1 368
1 95 59 65 60 45 1 369
1 60 66 44 54 62 1 370
1 57 58 67 60 59 3 371
0 116 61 46 48 58 3 372
1 77 64 52 64 52 5 373
0 38 50 69 54 63 3 374
1 23 66 48 60 52 1 375
0 116 64 51 64 51 3 376
0 86 59 52 58 54 3 377
0 27 61 47 63 48 3 378
1 0 56 67 63 48 1 379
0 38 57 56 56 55 5 380
1 121 60 50 61 49 4 381
1 116 55 62 59 61 1 382
1 102 60 62 53 58 1 383
1 98 64 54 61 46 1 384
0 0 60 62 61 57 3 385
1 56 55 60 59 64 4 386
1 87 68 39 66 47 1 387
0 116 62 29 67 44 3 388
1 31 60 28 64 54 1 389
1 111 60 47 64 51 1 390
0 41 64 48 58 26 3 391
1 78 67 35 64 47 3 392
1 38 64 56 65 54 1 393
1 96 66 48 58 52 3 394
1 51 59 49 59 39 1 395
0 13 58 55 55 56 3 396
1 38 54 40 66 45 1 397
1 77 53 61 58 52 1 398
1 116 66 45 69 35 5 399
0 77 55 42 65 48 3 400
0 32 47 56 48 57 3 401
1 116 64 46 63 50 5 402
1 116 53 60 57 68 1 403
1 116 60 53 59 54 5 404
1 77 55 60 56 60 6 405
0 116 55 59 55 71 3 406
0 52 63 50 62 43 3 407
1 94 57 65 60 59 4 408
1 12 62 37 65 40 1 409
1 87 60 64 61 43 1 410
0 0 60 50 47 89 3 411
0 0 52 65 43 85 3 412
0 110 59 48 63 33 3 413
0 137 63 59 64 53 3 414
1 45 67 48 60 54 2 415
1 138 67 46 60 49 2 416
1 12 63 55 58 51 4 417
1 0 60 48 65 40 2 418
0 77 61 48 54 59 5 419
1 38 59 55 57 58 2 420
1 116 61 45 57 31 4 421
0 118 59 64 64 57 3 422
1 115 48 90 52 70 1 423
1 26 63 44 62 39 1 424
0 0 64 56 61 59 3 425
0 0 58 67 62 57 3 426
0 128 60 60 58 68 3 427
0 77 62 50 59 54 3 428
0 143 60 58 58 53 3 429
1 116 60 63 61 57 5 430
0 71 63 48 60 49 3 431
1 77 53 59 63 43 1 432
0 116 66 36 66 7 3 433
0 30 58 53 59 63 3 434
1 77 60 55 62 59 1 435
0 3 65 46 65 54 3 436
1 0 60 63 60 61 2 437
1 38 54 39 53 27 5 438
1 38 61 53 61 54 5 439
1 77 63 44 63 50 3 440
1 86 53 62 61 56 3 441
1 77 66 44 63 31 1 442
0 77 61 51 47 33 5 443
1 129 66 50 56 73 4 444
1 116 58 37 53 37 5 445
1 0 61 61 60 56 1 446
1 116 16 15 61 24 3 447
1 140 52 60 63 45 1 448
0 77 59 54 57 58 3 449
1 3 55 59 59 65 2 450
0 116 54 61 61 49 3 451
1 0 65 50 62 49 1 452
0 77 55 62 57 58 3 453
1 38 62 43 57 65 1 454
1 77 63 55 36 57 1 455
0 14 63 47 58 54 3 456
0 113 60 46 67 37 3 457
0 0 48 48 43 49 3 458
0 77 63 48 67 48 3 459
0 116 52 49 45 50 3 460
0 114 64 49 62 47 3 461
0 38 55 60 49 56 3 462
1 143 67 39 64 43 3 463
1 116 54 61 64 41 1 464
1 66 64 42 67 37 1 465
1 38 64 50 58 61 1 466
0 116 53 38 61 32 6 467
1 25 52 41 47 35 1 468
0 2 63 55 59 62 3 469
0 82 62 47 60 61 3 470
0 116 57 57 60 53 3 471
1 19 62 48 63 50 2 472
0 0 59 64 58 65 3 473
1 77 62 24 55 8 2 474
0 116 62 46 66 50 3 475
1 77 57 54 66 45 4 476
1 112 62 41 54 60 2 477
1 38 49 91 55 60 2 478
1 116 66 54 61 56 3 479
0 82 53 58 62 56 3 480
0 131 58 65 33 53 3 481
1 116 63 49 63 51 5 482
1 77 62 61 59 67 1 483
0 0 48 33 56 40 3 484
0 138 57 58 54 62 3 485
0 38 52 67 49 90 3 486
1 38 63 51 61 47 4 487
1 27 64 27 58 52 1 488
1 116 57 37 53 37 1 489
0 116 62 42 60 46 5 490
1 93 61 24 60 18 1 491
0 77 54 59 54 58 3 492
0 142 61 53 60 48 3 493
1 38 61 41 54 44 2 494
0 0 65 43 57 52 3 495
0 12 69 37 72 12 3 496
0 34 55 39 65 45 3 497
1 129 58 56 60 59 1 498
0 26 55 60 59 66 3 499
1 7 65 51 63 54 3 500
0 116 62 41 53 60 3 501
1 77 57 54 53 58 1 502
1 116 60 53 56 56 4 503
1 72 67 47 67 41 4 504
0 108 62 44 62 41 3 505
0 19 61 48 55 54 3 506
0 77 61 48 55 59 4 507
1 116 66 45 63 53 1 508
1 58 54 59 60 55 2 509
0 59 62 45 62 39 3 510
0 131 65 41 63 50 3 511
1 116 65 40 62 49 4 512
0 116 61 58 60 52 3 513
0 38 59 55 61 49 3 514
1 6 58 64 60 60 1 515
1 23 20 56 22 51 1 516
1 77 53 61 68 39 1 517
1 36 67 38 67 45 2 518
1 40 60 50 54 61 2 519
1 128 64 54 50 46 2 520
0 0 63 44 67 48 3 521
1 29 65 43 67 39 2 522
1 116 60 44 64 44 1 523
1 122 62 22 61 22 1 524
1 28 61 38 60 22 3 525
1 38 58 68 59 66 3 526
0 116 59 27 58 27 3 527
1 128 56 55 60 66 1 528
0 38 45 55 46 54 3 529
0 125 61 50 56 54 4 530
1 0 64 49 51 73 2 531
1 77 63 55 59 64 1 532
1 69 61 46 63 40 2 533
0 84 67 40 63 50 3 534
1 77 56 53 56 54 6 535
1 77 60 60 62 59 1 536
1 17 54 59 55 55 2 537
1 77 53 60 56 58 4 538
1 111 63 40 62 52 2 539
0 0 60 48 65 40 3 540
0 111 62 42 63 50 3 541
0 116 59 62 54 61 5 542
1 116 14 15 53 12 1 543
1 0 65 46 65 48 5 544
1 38 47 56 55 73 1 545
1 77 65 54 63 42 3 546
0 19 64 41 66 47 3 547
0 0 57 56 52 68 3 548
1 65 60 47 65 50 2 549
1 38 57 69 60 50 3 550
1 20 65 48 62 56 2 551
0 116 53 61 51 68 3 552
1 129 52 40 52 40 1 553
1 87 51 53 48 58 4 554
0 116 59 63 65 46 3 555
1 38 61 62 52 27 1 556
1 77 56 39 59 44 1 557
1 84 64 42 66 41 1 558
1 123 60 52 64 39 3 559
0 139 61 61 62 56 3 560
1 4 58 64 63 48 2 561
0 142 55 58 63 51 3 562
0 38 60 62 56 73 3 563
0 18 57 57 62 51 3 564
1 42 58 30 62 23 1 565
1 38 67 46 67 39 6 566
1 116 60 49 53 63 5 567
0 92 69 35 62 30 4 568
0 120 62 61 56 53 3 569
1 116 54 62 54 62 3 570
0 0 61 46 66 43 3 571
0 140 66 47 62 50 3 572
0 116 61 57 50 52 3 573
0 38 63 45 63 52 3 574
0 116 64 52 67 48 3 575
1 53 58 55 60 46 2 576
1 0 59 52 62 43 6 577
1 116 66 45 63 48 6 578
0 0 62 41 65 45 3 579
1 122 54 76 61 63 1 580
1 28 67 48 56 57 1 581
0 77 64 41 62 42 3 582
1 60 67 35 55 58 2 583
1 38 61 47 58 68 1 584
1 116 62 56 55 54 1 585
0 67 60 64 53 61 3 586
0 116 60 48 66 43 3 587
1 77 66 42 64 44 1 588
0 92 54 70 66 47 3 589
0 141 60 55 55 56 3 590
0 0 65 40 63 50 3 591
1 80 56 55 54 60 1 592
1 38 60 46 63 55 2 593
1 38 58 55 60 53 2 594
0 77 65 46 54 60 3 595
0 77 63 50 53 37 3 596
1 77 62 56 51 80 2 597
0 116 53 60 63 31 3 598
0 69 55 59 62 62 3 599
1 77 64 39 58 67 1 600
0 77 60 49 54 60 3 601
0 34 63 50 68 36 3 602
1 77 64 40 69 35 2 603
0 38 64 51 64 54 3 604
0 136 56 57 54 63 3 605
0 116 65 45 55 60 3 606
1 116 45 61 45 61 1 607
0 136 66 42 61 47 3 608
1 38 57 69 58 67 1 609
0 3 58 67 36 95 3 610
0 105 65 25 61 30 3 611
0 38 61 48 61 48 3 612
0 38 60 53 59 46 5 613
1 116 63 23 59 49 1 614
1 5 61 47 56 57 1 615
0 77 66 49 64 45 3 616
1 77 63 54 60 55 2 617
0 83 58 51 60 49 3 618
0 49 65 42 65 47 4 619
1 116 36 52 43 31 5 620
0 38 48 55 62 50 3 621
1 74 65 46 59 54 3 622
1 29 62 52 52 64 2 623
0 77 54 58 67 36 3 624
1 108 63 59 60 64 3 625
0 19 54 58 51 65 3 626
1 138 58 55 55 59 1 627
0 77 68 35 63 39 5 628
1 116 63 42 64 51 3 629
0 77 60 55 59 64 3 630
0 96 57 28 65 25 3 631
0 45 61 47 54 61 3 632
1 77 62 48 62 48 5 633
1 36 64 48 67 36 1 634
1 76 53 59 59 50 2 635
1 61 61 51 60 49 4 636
1 116 57 53 63 51 1 637
0 77 49 57 47 53 3 638
1 116 65 53 66 42 1 639
0 77 57 59 55 62 3 640
0 84 54 58 57 65 3 641
0 27 65 54 62 57 3 642
0 61 63 46 63 31 3 643
1 97 63 44 63 41 1 644
0 121 55 58 60 54 3 645
0 96 60 63 56 67 3 646
1 38 62 45 59 44 1 647
1 36 63 48 66 47 2 648
1 77 55 58 56 55 1 649
0 129 65 42 56 44 3 650
0 116 52 73 52 64 5 651
0 38 64 42 58 63 3 652
0 89 67 46 60 48 3 653
0 134 51 66 52 62 3 654
0 38 56 69 56 67 3 655
1 38 67 39 62 51 6 656
1 40 54 65 58 62 1 657
1 116 81 44 83 41 1 658
0 116 57 68 59 63 3 659
0 49 62 40 54 29 3 660
1 116 64 46 60 44 1 661
0 0 56 54 66 42 3 662
0 108 65 42 61 47 3 663
1 116 51 82 47 90 5 664
0 0 66 44 57 59 6 665
0 38 14 15 16 25 3 666
0 60 62 55 61 43 3 667
1 56 67 35 61 44 4 668
0 91 69 35 64 48 3 669
0 116 58 65 56 29 5 670
1 102 60 62 59 53 4 671
0 61 50 72 67 46 3 672
0 38 56 41 54 54 5 673
1 129 55 40 62 21 1 674
1 0 62 40 55 24 1 675
1 103 65 48 57 52 4 676
0 38 58 52 63 51 3 677
0 86 66 44 64 31 3 678
1 36 53 58 59 63 1 679
1 100 61 51 65 54 2 680
0 75 64 49 60 26 3 681
1 23 67 49 60 51 2 682
1 77 66 36 61 47 2 683
0 116 53 59 53 63 3 684
0 26 67 48 59 47 3 685
1 77 67 45 65 29 1 686
1 10 60 62 59 67 2 687
1 56 56 58 55 61 1 688
0 44 67 46 64 44 3 689
0 33 66 44 55 60 3 690
1 0 63 44 62 50 2 691
0 38 57 54 57 54 3 692
1 91 66 47 54 61 1 693
1 37 59 50 60 50 2 694
1 56 62 44 54 29 2 695
0 106 59 29 62 47 3 696
1 116 64 55 69 35 2 697
1 129 57 52 54 59 2 698
0 116 58 62 53 58 5 699
1 116 39 50 47 53 2 700
1 71 59 51 57 68 1 701
1 19 53 58 60 44 1 702
1 3 62 50 65 45 1 703
1 0 63 47 65 54 5 704
0 27 59 53 67 40 3 705
1 38 57 69 65 49 1 706
1 38 42 51 47 53 5 707
0 0 57 38 63 56 3 708
1 116 64 51 62 50 1 709
0 38 67 49 63 55 3 710
0 104 65 43 63 44 3 711
1 89 59 64 57 67 3 712
1 0 49 35 56 39 5 713
0 1 55 59 58 61 3 714
1 52 61 44 53 61 1 715
1 0 55 58 55 57 1 716
1 25 55 58 60 48 2 717
0 107 51 68 27 94 3 718
0 38 60 49 60 50 3 719
0 0 56 56 59 49 3 720
0 38 59 62 61 18 3 721
1 116 54 59 53 60 1 722
0 116 64 21 46 58 3 723
0 77 55 56 62 61 6 724
0 77 59 44 65 53 3 725
1 56 58 52 47 49 1 726
0 67 58 64 61 48 3 727
1 67 53 61 64 51 1 728
0 116 59 49 35 43 3 729
0 0 59 53 63 51 3 730
1 0 60 47 64 40 1 731
1 116 63 55 62 57 5 732
0 0 64 46 54 58 3 733
1 0 63 21 56 15 2 734
0 77 60 46 57 68 5 735
0 116 62 60 62 47 3 736
1 17 61 44 59 52 1 737
0 116 56 38 48 31 3 738
1 38 44 55 47 57 1 739
1 122 52 69 43 75 1 740
1 48 56 59 60 52 2 741
0 126 60 63 56 56 3 742
0 38 67 48 61 60 3 743
1 16 60 59 58 55 2 744
1 83 64 53 62 43 4 745
0 62 68 41 55 60 3 746
0 77 55 57 54 58 3 747
1 77 63 39 65 43 2 748
0 116 65 41 67 46 3 749
0 0 64 27 59 32 4 750
1 116 58 55 56 61 1 751
1 138 61 48 51 34 2 752
1 44 67 39 67 38 2 753
0 38 49 89 52 81 3 754
0 124 62 46 62 50 4 755
0 77 61 39 67 45 3 756
1 54 55 60 53 61 2 757
1 84 57 54 55 68 2 758
0 0 54 63 47 58 3 759
1 38 62 59 62 49 1 760
1 0 55 60 59 64 2 761
1 122 64 54 66 49 1 762
0 116 67 36 57 52 3 763
1 77 62 48 63 43 1 764
1 77 16 19 16 19 2 765
1 116 64 30 58 29 1 766
1 38 30 80 30 80 1 767
0 40 63 55 60 48 3 768
1 18 54 60 59 66 2 769
0 62 56 59 58 52 3 770
0 116 56 53 54 59 3 771
1 116 55 36 44 30 1 772
1 17 64 56 65 45 3 773
0 0 65 46 60 41 3 774
0 24 64 51 62 41 3 775
0 53 62 43 67 45 3 776
1 138 58 55 63 43 3 777
1 77 62 47 63 40 1 778
0 116 54 60 59 47 3 779
0 38 60 55 57 67 3 780
1 0 64 55 60 51 1 781
1 113 60 60 61 48 2 782
0 112 53 58 54 61 3 783
1 55 51 63 53 61 1 784
1 20 62 44 61 48 1 785
0 71 53 41 56 40 3 786
0 77 53 63 45 57 5 787
1 0 51 67 58 64 1 788
1 38 60 60 54 60 1 789
1 38 61 50 61 43 4 790
0 0 53 42 49 36 5 791
0 116 63 22 66 42 3 792
1 0 52 38 61 48 5 793
1 87 63 51 63 39 2 794
0 131 66 41 64 55 3 795
0 116 61 62 66 51 3 796
0 38 67 47 55 67 3 797
1 38 55 69 61 43 1 798
0 55 63 40 62 41 3 799
0 141 63 56 59 63 3 800
1 77 61 50 68 35 1 801
1 100 55 38 61 50 2 802
1 9 56 39 55 40 4 803
1 25 65 47 64 31 2 804
0 77 37 53 48 55 3 805
0 77 53 52 45 55 3 806
0 72 56 25 72 10 3 807
1 38 67 39 61 47 5 808
0 0 66 48 65 48 3 809
1 38 58 67 57 54 1 810
1 0 61 60 61 45 6 811
1 62 63 54 60 50 2 812
0 38 55 57 67 37 3 813
1 56 54 58 68 35 4 814
1 77 67 41 68 36 1 815
0 38 56 54 63 51 5 816
1 77 56 55 61 44 1 817
1 40 61 47 63 50 2 818
1 77 62 43 59 53 1 819
1 0 62 25 64 33 1 820
1 38 58 55 65 45 1 821
1 82 56 58 46 57 1 822
0 14 64 51 56 57 3 823
1 65 63 55 63 57 1 824
0 77 60 50 77 61 3 825
0 81 53 58 64 45 3 826
0 131 57 56 54 60 3 827
1 116 60 51 63 44 5 828
0 38 60 64 29 41 6 829
0 24 66 47 61 59 3 830
1 10 55 60 59 52 1 831
0 77 62 49 56 56 3 832
1 142 59 29 62 44 1 833
1 136 65 49 63 45 2 834
1 77 48 57 54 59 1 835
0 106 63 38 62 37 3 836
1 47 56 40 54 30 1 837
0 44 65 43 64 46 3 838
0 99 62 45 60 52 3 839
0 95 58 53 61 56 3 840
1 38 63 31 65 55 1 841
1 87 57 58 46 81 1 842
1 116 60 52 57 52 1 843
0 116 64 27 55 38 3 844
0 9 67 39 63 37 3 845
0 38 61 48 60 60 3 846
0 78 63 59 52 64 3 847
0 77 63 56 63 55 5 848
1 38 56 55 59 25 1 849
1 118 57 58 67 48 1 850
0 116 67 35 55 56 3 851
1 116 59 53 62 57 6 852
1 116 67 49 64 55 5 853
1 77 54 60 68 34 1 854
1 102 62 58 58 63 1 855
0 0 64 42 62 32 3 856
0 98 58 52 60 48 3 857
0 0 66 48 62 57 3 858
1 77 62 40 64 40 1 859
0 77 64 53 62 48 3 860
0 127 60 64 63 31 3 861
1 131 63 46 60 44 1 862
0 98 58 55 57 69 4 863
1 116 54 36 62 40 5 864
0 0 46 57 73 12 3 865
0 79 58 51 60 49 4 866
1 0 64 51 62 41 6 867
0 116 57 60 65 43 3 868
0 69 55 57 52 59 3 869
1 77 54 61 60 62 3 870
0 116 69 36 64 51 5 871
1 72 60 52 63 51 1 872
0 77 65 40 66 44 3 873
0 116 61 62 64 56 3 874
0 127 58 25 57 30 3 875
1 38 62 47 64 44 3 876
1 77 61 47 57 53 1 877
0 38 60 52 54 61 6 878
1 97 60 48 60 40 2 879
0 77 60 45 57 28 3 880
1 24 59 53 59 49 2 881
1 38 66 36 62 52 5 882
0 33 61 50 56 60 3 883
1 58 64 41 67 47 4 884
0 77 56 26 63 45 5 885
1 0 67 36 55 55 1 886
1 116 57 69 56 72 1 887
1 120 63 44 63 22 1 888
1 9 60 51 61 61 1 889
1 13 58 68 55 58 1 890
1 140 64 56 59 50 1 891
0 38 64 28 55 21 3 892
1 77 67 39 65 39 1 893
1 77 57 57 55 61 1 894
1 107 59 62 63 56 1 895
1 0 61 43 66 36 1 896
0 0 63 55 50 51 3 897
0 77 64 39 62 29 3 898
1 105 54 62 61 59 1 899
1 38 68 35 48 35 5 900
1 38 68 41 64 47 2 901
1 77 55 54 72 5 6 902
0 76 65 48 64 54 3 903
1 3 54 57 52 57 2 904
0 0 60 45 64 55 5 905
0 0 59 61 54 61 3 906
0 136 46 53 44 60 3 907
0 38 44 59 20 44 5 908
0 116 64 40 63 45 3 909
0 48 61 49 69 39 3 910
0 80 62 51 68 37 3 911
0 77 53 62 55 57 3 912
0 38 61 48 62 57 3 913
0 116 61 47 60 59 3 914
1 14 57 60 65 43 3 915
1 25 65 50 56 28 2 916
1 140 60 48 62 30 2 917
0 25 54 70 55 38 3 918
1 0 55 59 55 57 5 919
0 62 61 43 67 48 4 920
0 0 62 40 56 18 5 921
1 38 58 55 53 68 1 922
1 0 58 56 58 57 5 923
1 38 55 58 54 59 5 924
0 116 58 25 57 70 3 925
1 116 55 39 62 43 1 926
0 116 63 55 63 58 3 927
1 116 61 51 55 57 1 928
1 38 56 20 53 23 3 929
1 77 56 69 59 49 2 930
1 77 54 38 55 39 1 931
0 85 67 35 61 44 3 932
1 52 63 45 59 52 1 933
1 98 54 58 58 52 4 934
1 77 52 65 55 69 1 935
0 134 53 61 55 57 3 936
0 116 56 59 56 67 3 937
1 76 58 56 56 59 1 938
1 38 64 20 60 27 3 939
1 34 53 31 58 31 1 940
0 116 60 52 54 68 3 941
0 38 60 49 61 46 4 942
1 116 56 39 55 41 4 943
0 77 65 50 56 66 3 944
0 77 67 41 61 38 6 945
1 77 56 57 63 44 6 946
0 77 54 76 55 70 3 947
0 0 65 39 65 39 4 948
0 94 63 46 62 49 3 949
0 77 27 40 25 55 3 950
0 16 58 56 61 59 3 951
0 45 59 56 59 56 3 952
1 106 62 47 62 46 1 953
0 77 55 57 58 51 6 954
0 104 56 71 57 67 4 955
1 18 55 72 53 77 2 956
1 0 59 54 60 48 6 957
1 38 67 40 65 52 6 958
0 38 57 55 62 56 3 959
0 116 67 42 63 43 5 960
1 77 63 42 55 62 2 961
1 77 58 64 55 60 3 962
0 77 60 47 64 41 3 963
1 115 54 75 62 45 2 964
0 4 61 48 53 61 3 965
0 77 55 57 61 45 3 966
1 113 57 39 56 24 2 967
1 38 67 36 61 59 1 968
1 19 62 43 64 46 1 969
0 96 60 62 62 50 3 970
0 131 65 47 67 45 3 971
0 26 55 58 65 48 3 972
1 11 60 27 56 39 1 973
1 38 50 48 56 55 6 974
1 9 59 65 55 59 2 975
1 0 54 58 59 29 3 976
0 140 61 27 53 39 3 977
1 38 62 49 66 47 5 978
0 102 64 47 63 42 3 979
1 38 60 59 54 71 1 980
0 77 60 51 57 52 3 981
1 3 60 43 65 37 1 982
1 5 63 51 61 27 1 983
0 37 56 39 60 46 3 984
1 47 56 39 66 42 3 985
0 58 54 56 57 54 3 986
0 77 58 55 60 55 3 987
1 38 62 55 54 58 2 988
1 77 61 45 53 59 1 989
1 77 62 56 55 58 1 990
1 0 67 38 64 40 1 991
0 114 63 54 59 62 3 992
0 37 61 44 60 48 3 993
1 106 66 40 53 62 2 994
1 77 61 46 67 39 2 995
1 38 59 67 57 66 1 996
1 116 65 46 62 45 1 997
1 0 63 40 50 33 5 998
0 74 58 53 63 48 3 999
1 38 67 39 54 28 2 1000
0 67 61 61 60 56 4 1001
1 116 61 56 58 54 1 1002
1 38 59 26 53 37 1 1003
1 21 60 49 60 42 1 1004
0 113 54 44 61 41 3 1005
0 101 57 55 57 64 4 1006
0 15 62 47 64 46 3 1007
0 0 59 51 59 53 5 1008
1 77 64 54 62 50 1 1009
0 58 66 49 48 88 3 1010
1 0 63 40 62 52 1 1011
1 116 65 50 65 46 5 1012
1 98 60 51 53 59 2 1013
1 38 45 56 26 62 1 1014
1 47 67 50 64 51 1 1015
0 38 57 54 62 57 3 1016
1 38 67 41 53 28 6 1017
1 116 64 41 62 42 1 1018
0 45 59 51 62 49 3 1019
0 77 56 58 62 45 3 1020
1 77 56 58 54 60 3 1021
0 143 60 53 63 44 3 1022
1 38 55 37 56 37 1 1023
1 32 65 49 64 50 1 1024
1 0 30 47 26 53 1 1025
1 7 15 16 40 91 1 1026
0 38 61 48 59 54 4 1027
1 39 60 60 57 60 1 1028
1 77 62 41 63 50 1 1029
1 38 57 54 62 43 1 1030
1 77 67 38 63 31 1 1031
0 107 62 52 47 48 3 1032
1 8 58 56 53 59 4 1033
1 116 59 51 61 48 3 1034
1 38 62 43 67 45 3 1035
1 70 59 63 58 68 1 1036
1 116 59 50 62 48 1 1037
0 67 60 49 54 58 3 1038
0 123 59 53 60 48 3 1039
0 77 62 42 63 59 3 1040
1 91 57 70 66 37 1 1041
0 38 58 54 68 37 3 1042
0 77 57 65 62 59 3 1043
1 38 64 49 64 55 1 1044
1 34 62 57 62 46 2 1045
0 132 58 68 61 41 3 1046
1 54 61 47 58 52 2 1047
0 110 69 37 68 36 3 1048
0 121 52 58 61 61 3 1049
0 13 56 57 63 48 3 1050
1 106 64 27 56 8 2 1051
1 48 52 63 54 62 1 1052
0 77 62 46 62 50 3 1053
1 116 59 46 65 53 5 1054
0 38 58 56 59 52 3 1055
1 77 61 44 67 40 3 1056
1 61 61 43 63 49 2 1057
1 45 65 55 64 57 2 1058
1 77 56 54 58 55 1 1059
1 23 61 52 62 50 1 1060
1 105 62 42 61 47 2 1061
1 0 60 42 61 50 2 1062
1 116 67 47 59 53 1 1063
0 107 67 39 60 62 3 1064
0 0 50 33 41 25 3 1065
1 69 61 48 60 53 4 1066
1 38 53 62 61 59 1 1067
0 116 14 15 56 18 5 1068
1 38 66 48 66 40 1 1069
1 77 61 41 64 48 3 1070
0 77 60 62 59 61 3 1071
1 142 63 40 63 41 2 1072
0 25 59 52 59 48 3 1073
0 38 62 47 63 50 3 1074
0 23 66 45 63 40 3 1075
0 77 61 46 66 43 3 1076
1 116 61 59 62 59 2 1077
0 116 66 41 65 44 3 1078
0 77 68 35 58 53 3 1079
1 77 66 45 57 53 1 1080
0 80 56 56 57 54 3 1081
1 0 65 43 67 46 1 1082
1 116 69 37 68 39 6 1083
1 77 55 64 61 62 5 1084
1 38 67 46 66 47 6 1085
1 0 60 56 64 51 1 1086
1 1 55 61 58 68 4 1087
0 49 69 36 58 68 3 1088
1 77 67 46 66 46 1 1089
0 43 62 40 58 52 3 1090
1 73 55 55 55 59 4 1091
1 14 66 45 63 53 1 1092
1 38 57 69 66 55 2 1093
1 0 63 47 62 42 2 1094
1 95 60 43 63 46 3 1095
0 54 57 70 54 63 3 1096
1 43 67 45 61 43 1 1097
0 117 56 73 56 73 3 1098
0 38 62 59 53 61 3 1099
1 38 59 52 33 43 1 1100
0 1 62 56 30 42 3 1101
1 65 65 49 52 61 2 1102
0 0 66 48 61 50 3 1103
0 123 62 42 61 47 3 1104
0 77 57 55 59 52 3 1105
1 38 63 50 65 54 1 1106
0 38 67 49 64 51 5 1107
1 114 65 40 68 5 2 1108
1 38 63 51 65 46 6 1109
0 77 58 66 52 62 3 1110
1 77 54 61 57 65 5 1111
1 140 54 28 65 39 1 1112
1 138 54 57 67 38 2 1113
0 77 56 58 59 51 5 1114
1 0 54 59 55 61 1 1115
1 38 35 59 37 53 1 1116
1 60 62 55 47 55 2 1117
1 83 54 24 60 25 5 1118
1 141 63 49 65 40 1 1119
1 38 53 60 51 63 1 1120
1 83 54 65 58 67 1 1121
0 0 54 63 56 61 3 1122
0 116 61 48 49 55 3 1123
0 3 58 53 55 57 3 1124
0 140 54 61 61 49 3 1125
0 116 65 51 57 40 3 1126
1 116 66 40 63 44 3 1127
0 0 66 48 63 43 3 1128
1 38 63 45 63 46 1 1129
1 0 66 48 65 45 1 1130
1 77 51 33 51 33 1 1131
1 0 60 63 0 9 2 1132
1 77 61 26 63 31 1 1133
0 77 63 55 62 57 3 1134
0 38 69 39 69 36 5 1135
0 26 68 40 66 47 3 1136
0 77 58 51 57 54 3 1137
1 5 55 57 54 59 1 1138
1 109 61 50 54 58 2 1139
1 116 61 41 64 32 3 1140
1 116 53 59 49 49 1 1141
0 27 67 35 66 48 4 1142
1 87 64 50 59 51 1 1143
0 136 64 48 47 56 4 1144
1 77 62 49 63 51 1 1145
1 0 55 56 62 45 1 1146
0 116 60 40 64 40 3 1147
0 77 60 44 65 47 3 1148
1 76 65 54 53 59 2 1149
1 14 54 63 46 32 1 1150
0 27 63 48 62 41 3 1151
0 116 69 37 68 37 6 1152
1 0 61 59 56 60 1 1153
0 66 62 44 60 41 3 1154
0 123 63 42 61 46 3 1155
1 77 55 38 53 39 1 1156
0 92 57 69 59 67 3 1157
1 77 64 43 63 56 1 1158
1 42 65 51 59 50 1 1159
1 77 62 47 61 57 1 1160
0 3 54 59 63 46 3 1161
0 52 60 52 67 49 4 1162
0 64 61 59 60 62 4 1163
0 77 61 57 64 49 3 1164
0 105 58 52 63 42 3 1165
1 16 61 44 56 37 1 1166
0 105 54 68 59 60 3 1167
0 116 64 55 62 61 3 1168
1 59 62 46 60 55 1 1169
0 49 61 45 63 43 3 1170
1 5 57 59 56 66 1 1171
0 85 63 46 55 25 3 1172
0 77 62 45 64 48 3 1173
1 131 55 59 61 56 1 1174
1 116 67 46 59 51 1 1175
0 113 61 59 59 66 3 1176
1 77 56 58 42 95 2 1177
0 38 54 59 60 50 3 1178
0 116 53 62 47 54 3 1179
1 71 45 56 47 54 1 1180
0 58 52 37 48 35 3 1181
0 57 66 50 64 52 3 1182
1 134 62 49 57 53 1 1183
0 38 62 44 66 36 3 1184
1 38 66 45 68 34 5 1185
0 116 61 61 68 44 3 1186
0 116 55 57 53 59 3 1187
0 77 62 47 52 62 5 1188
1 132 65 47 61 31 1 1189
0 18 60 62 52 63 3 1190
0 77 46 54 32 51 3 1191
1 83 58 50 58 54 1 1192
0 38 56 72 47 88 3 1193
1 116 60 53 67 48 5 1194
1 99 63 50 61 44 2 1195
0 0 61 31 60 31 3 1196
1 49 63 44 67 38 1 1197
0 123 60 40 61 44 3 1198
0 116 52 68 62 56 5 1199
1 97 67 46 58 54 2 1200
1 77 54 60 64 52 1 1201
0 93 60 50 61 43 3 1202
0 77 66 42 56 56 3 1203
1 96 65 50 66 51 1 1204
1 38 62 40 53 58 5 1205
1 37 63 44 65 53 1 1206
0 69 50 37 57 28 3 1207
0 0 58 55 49 33 3 1208
1 77 56 56 61 49 5 1209
0 3 66 49 61 59 3 1210
0 37 56 58 58 64 3 1211
0 54 65 40 63 50 3 1212
1 44 56 55 66 47 4 1213
1 38 61 61 46 48 2 1214
1 116 54 61 62 39 1 1215
0 89 60 50 65 45 3 1216
0 38 67 49 64 48 3 1217
1 112 43 95 46 88 1 1218
0 110 57 53 60 49 3 1219
1 130 64 53 48 49 2 1220
0 52 67 49 61 49 3 1221
0 116 59 50 61 45 3 1222
1 94 64 48 58 52 4 1223
1 77 60 43 60 48 2 1224
0 0 61 48 60 64 3 1225
0 38 52 63 55 57 5 1226
0 42 64 26 47 29 3 1227
0 0 59 62 58 64 3 1228
1 77 60 52 54 64 5 1229
0 65 46 54 60 60 5 1230
0 38 66 47 67 38 3 1231
0 16 35 59 28 82 3 1232
0 64 95 76 95 76 3 1233
0 139 60 47 64 30 3 1234
1 114 57 58 53 61 1 1235
1 116 67 45 68 38 6 1236
0 52 58 54 53 59 3 1237
1 38 58 52 53 59 1 1238
0 116 63 50 63 47 3 1239
0 0 52 61 62 61 6 1240
0 87 62 34 60 30 3 1241
1 56 60 50 64 48 1 1242
1 38 61 44 61 45 1 1243
0 38 58 55 59 63 6 1244
1 23 62 48 60 50 2 1245
1 77 50 38 56 39 1 1246
0 116 57 53 55 57 5 1247
0 38 60 63 60 63 3 1248
0 0 62 46 63 51 3 1249
0 0 60 55 63 55 3 1250
0 122 62 49 62 42 4 1251
1 0 65 55 62 41 1 1252
1 77 58 64 58 66 2 1253
1 42 55 57 62 56 1 1254
1 38 55 69 67 35 5 1255
1 77 65 46 57 58 1 1256
0 0 64 51 56 57 3 1257
1 116 65 40 63 50 5 1258
0 50 61 45 63 43 3 1259
0 116 66 41 61 47 3 1260
0 77 66 41 66 48 5 1261
1 133 63 40 54 74 1 1262
1 18 65 20 60 26 1 1263
0 38 66 36 68 35 3 1264
1 77 58 27 63 45 1 1265
0 129 65 53 66 48 3 1266
0 38 61 50 62 52 3 1267
0 77 60 48 60 61 3 1268
0 135 60 50 47 46 3 1269
1 116 60 49 13 57 5 1270
1 10 61 27 63 43 2 1271
0 103 62 42 66 47 3 1272
0 62 53 41 56 72 3 1273
0 77 66 46 61 58 3 1274
0 1 42 52 34 49 3 1275
1 116 61 50 63 29 5 1276
1 60 55 60 58 54 1 1277
0 116 61 50 65 46 6 1278
0 38 64 45 64 41 3 1279
0 1 59 29 65 43 3 1280
1 80 62 40 53 58 1 1281
0 5 63 47 49 56 3 1282
0 38 59 50 56 55 3 1283
0 5 63 55 62 42 3 1284
0 116 67 48 63 57 3 1285
0 77 66 47 67 40 3 1286
1 116 63 54 61 48 1 1287
0 116 53 66 56 56 3 1288
0 77 62 56 65 41 3 1289
1 3 63 56 53 61 1 1290
0 98 61 44 63 59 3 1291
1 77 62 40 54 29 3 1292
0 0 66 45 62 44 3 1293
1 54 61 46 63 43 3 1294
0 46 54 59 63 48 3 1295
1 40 60 51 74 4 2 1296
1 92 65 41 62 48 1 1297
0 40 66 52 61 43 3 1298
0 11 68 39 68 46 3 1299
0 39 63 38 64 41 3 1300
1 116 66 47 59 62 3 1301
1 129 58 66 59 67 1 1302
1 38 61 49 62 44 6 1303
1 77 53 58 69 36 1 1304
0 90 50 52 51 36 3 1305
0 0 64 27 68 26 3 1306
0 116 56 57 60 56 5 1307
0 129 54 59 60 47 3 1308
0 92 62 37 66 36 3 1309
1 23 67 40 67 36 1 1310
0 77 61 47 54 60 6 1311
1 32 55 61 53 61 2 1312
1 134 66 45 60 52 4 1313
1 30 57 53 46 48 2 1314
1 116 61 48 62 59 5 1315
0 129 66 41 62 46 3 1316
0 77 61 49 64 41 3 1317
1 77 56 54 62 44 1 1318
0 0 63 50 60 49 3 1319
0 38 68 40 67 50 3 1320
1 116 63 45 63 51 1 1321
0 45 62 42 64 51 3 1322
0 133 54 70 47 89 3 1323
0 29 69 35 63 40 4 1324
0 25 68 36 69 36 3 1325
1 38 57 64 66 45 2 1326
0 116 59 50 66 48 6 1327
0 98 59 50 57 55 3 1328
0 116 63 51 60 51 3 1329
0 35 53 62 59 60 3 1330
1 127 63 54 63 42 1 1331
0 9 64 57 65 51 3 1332
1 0 60 43 64 41 1 1333
1 116 56 39 54 49 2 1334
1 122 61 61 64 54 2 1335
0 38 63 45 61 45 3 1336
1 116 60 63 64 45 1 1337
0 0 55 59 48 58 3 1338
0 77 61 48 57 65 5 1339
0 114 53 63 51 69 3 1340
0 36 60 51 66 51 3 1341
0 124 60 60 59 29 3 1342
1 77 67 42 64 54 5 1343
1 0 66 41 63 52 5 1344
1 93 62 40 62 61 3 1345
1 82 62 54 50 51 1 1346
0 77 60 55 69 37 3 1347
1 127 66 44 62 54 1 1348
0 120 61 43 67 47 4 1349
0 58 60 51 53 60 3 1350
0 116 67 46 51 83 3 1351
0 138 59 65 36 48 4 1352
1 130 63 56 66 44 1 1353
0 140 61 44 40 49 3 1354
1 92 67 38 62 43 1 1355
1 113 62 49 56 53 1 1356
0 77 40 49 54 53 6 1357
0 116 63 56 59 53 3 1358
1 77 63 48 61 50 1 1359
0 107 67 42 65 46 3 1360
1 0 62 37 60 49 2 1361
1 12 55 68 52 72 2 1362
1 67 60 53 64 46 1 1363
1 77 59 27 61 52 1 1364
1 77 65 53 63 55 1 1365
1 77 59 55 63 50 1 1366
0 49 64 50 63 40 3 1367
1 6 55 56 60 55 1 1368
0 38 62 50 62 46 3 1369
1 116 61 48 62 45 2 1370
1 139 59 55 62 50 2 1371
0 38 62 56 63 41 3 1372
1 87 64 46 52 77 2 1373
1 92 61 61 55 58 1 1374
1 68 62 44 32 41 1 1375
0 116 64 54 62 41 3 1376
1 38 65 44 65 44 5 1377
1 38 59 51 60 50 3 1378
0 78 56 59 54 63 3 1379
1 116 55 56 53 61 1 1380
0 143 57 64 59 54 3 1381
0 77 46 53 40 53 3 1382
0 77 62 54 59 53 3 1383
1 10 67 45 61 50 2 1384
1 77 54 60 56 56 1 1385
0 24 57 66 62 55 3 1386
1 90 54 63 54 57 1 1387
0 78 55 60 58 67 3 1388
0 5 61 47 62 49 3 1389
1 77 62 48 65 53 2 1390
0 77 56 60 53 60 3 1391
0 38 60 53 32 54 3 1392
0 0 60 51 59 13 3 1393
0 16 67 46 63 40 3 1394
1 72 62 50 59 46 1 1395
0 77 59 64 46 90 5 1396
0 97 60 64 50 84 3 1397
1 100 60 51 62 50 1 1398
0 38 54 73 34 50 5 1399
0 116 60 49 67 44 4 1400
0 77 58 63 65 31 5 1401
1 38 99 22 58 65 6 1402
1 38 62 55 63 48 1 1403
1 116 55 60 60 62 4 1404
1 29 65 44 59 53 1 1405
0 116 58 54 69 39 3 1406
0 116 61 25 55 39 3 1407
1 77 66 49 60 24 1 1408
1 116 54 62 58 52 1 1409
1 77 62 37 63 43 1 1410
1 116 56 71 56 68 1 1411
1 38 62 50 59 30 1 1412
0 121 66 43 62 39 3 1413
0 66 46 60 48 57 3 1414
0 31 55 59 57 65 3 1415
0 38 65 50 53 75 3 1416
1 38 52 71 58 64 6 1417
1 116 55 60 60 48 2 1418
1 17 62 39 59 51 1 1419
0 38 53 61 55 58 3 1420
0 9 57 69 29 42 3 1421
0 83 64 43 61 48 3 1422
1 116 63 49 55 61 6 1423
0 116 46 57 48 56 5 1424
0 89 66 47 55 59 3 1425
1 10 60 50 66 52 1 1426
1 38 63 47 60 49 1 1427
1 38 60 53 59 53 3 1428
0 127 64 26 64 21 3 1429
0 38 67 41 55 59 5 1430
0 38 64 51 66 48 3 1431
0 100 66 43 61 50 3 1432
1 34 62 40 62 30 1 1433
0 131 63 46 53 37 3 1434
1 15 58 67 58 67 1 1435
1 42 65 44 61 47 1 1436
0 116 63 53 53 69 3 1437
0 77 63 46 63 59 6 1438
1 46 59 53 62 52 2 1439
0 26 60 62 60 52 3 1440
1 116 64 41 54 61 3 1441
1 38 54 48 45 49 5 1442
1 38 59 47 68 35 6 1443
0 38 61 48 60 51 3 1444
0 16 66 47 61 48 3 1445
0 41 58 65 62 60 3 1446
0 107 57 52 65 47 3 1447
1 38 58 52 53 60 1 1448
1 77 62 45 59 48 1 1449
0 38 58 63 53 55 3 1450
0 0 66 37 65 44 3 1451
1 29 63 51 58 53 1 1452
1 64 66 48 67 36 1 1453
1 0 59 61 62 55 1 1454
1 90 60 43 65 44 1 1455
0 0 64 41 64 40 3 1456
1 125 62 44 57 52 1 1457
0 7 51 82 55 57 3 1458
1 77 58 63 57 65 6 1459
1 0 56 66 60 59 2 1460
0 100 54 45 51 71 3 1461
0 100 62 42 55 40 3 1462
0 38 66 41 61 42 3 1463
0 77 56 54 63 50 6 1464
0 77 58 54 55 61 3 1465
0 87 61 48 60 47 3 1466
0 89 60 46 68 35 3 1467
0 38 50 53 50 53 3 1468
0 0 67 39 62 44 3 1469
1 86 57 54 63 41 2 1470
0 52 57 56 59 65 3 1471
0 116 62 47 53 60 5 1472
1 65 52 80 48 89 4 1473
0 116 66 46 62 45 3 1474
1 92 67 51 62 45 3 1475
0 116 59 53 66 45 3 1476
0 116 65 53 59 52 3 1477
1 38 53 62 58 65 3 1478
0 24 61 56 64 51 3 1479
0 77 55 54 53 55 3 1480
0 38 54 59 47 54 6 1481
0 116 63 55 63 42 3 1482
0 45 64 50 64 54 3 1483
0 0 58 67 61 62 3 1484
0 49 60 43 46 48 3 1485
0 0 61 60 52 80 3 1486
0 38 61 47 61 59 3 1487
1 80 55 32 66 41 3 1488
1 142 62 44 60 51 1 1489
0 113 59 51 64 40 3 1490
1 113 67 46 61 44 1 1491
1 110 62 45 54 60 1 1492
1 30 57 26 53 69 2 1493
1 54 58 63 67 48 1 1494
1 99 60 52 35 59 1 1495
0 69 60 60 57 66 3 1496
0 77 54 38 54 38 3 1497
1 7 62 52 62 45 1 1498
1 0 69 36 60 60 5 1499
0 67 31 99 64 50 3 1500
1 77 54 59 60 62 1 1501
0 141 49 27 51 27 3 1502
1 0 51 36 64 32 1 1503
1 116 61 60 54 63 1 1504
1 77 61 56 72 10 1 1505
1 77 65 43 46 52 2 1506
0 116 60 53 60 44 5 1507
1 38 62 41 61 47 5 1508
0 77 61 58 59 64 6 1509
1 98 55 57 65 46 2 1510
0 116 55 55 63 55 6 1511
1 38 59 46 61 21 2 1512
0 0 60 46 62 45 3 1513
1 38 62 48 62 54 4 1514
1 38 55 59 54 30 1 1515
1 2 67 48 63 56 1 1516
0 92 56 70 54 73 3 1517
0 133 63 50 67 35 3 1518
1 0 55 55 51 68 2 1519
1 77 53 69 44 99 1 1520
1 120 62 54 63 49 1 1521
0 38 53 64 54 68 3 1522
0 38 63 46 60 51 3 1523
1 63 57 53 64 46 1 1524
0 79 68 35 67 48 3 1525
1 38 60 61 62 60 1 1526
0 77 61 42 54 58 6 1527
0 38 64 51 62 56 3 1528
1 38 60 42 66 48 1 1529
0 116 60 42 61 47 5 1530
0 116 55 58 62 50 3 1531
1 36 65 49 66 44 1 1532
1 85 62 60 55 57 1 1533
0 116 51 41 54 39 3 1534
1 116 59 66 62 61 2 1535
1 80 55 58 58 54 2 1536
0 38 54 60 54 61 6 1537
1 116 66 41 60 43 2 1538
0 119 58 54 60 50 3 1539
1 116 60 50 55 57 3 1540
1 0 62 46 61 62 5 1541
1 87 64 51 43 43 2 1542
1 87 59 64 57 69 1 1543
1 77 64 47 56 41 1 1544
0 77 56 60 62 60 3 1545
1 0 60 51 54 61 2 1546
1 143 54 58 58 53 1 1547
0 0 62 58 55 63 5 1548
1 0 64 45 58 54 5 1549
1 0 61 50 63 55 1 1550
0 77 63 50 63 47 6 1551
0 8 61 44 62 40 3 1552
0 38 63 54 66 48 3 1553
1 95 60 50 55 59 3 1554
1 101 62 49 57 68 4 1555
0 0 63 54 52 72 5 1556
0 74 67 35 65 49 3 1557
1 116 64 46 66 45 2 1558
1 69 55 59 62 60 1 1559
1 116 62 50 61 48 1 1560
1 57 62 40 62 46 1 1561
1 111 64 51 64 45 1 1562
0 64 55 46 56 38 3 1563
1 116 61 42 63 56 1 1564
0 43 62 42 57 52 4 1565
1 38 55 59 59 52 5 1566
1 0 58 52 63 46 2 1567
0 57 66 45 58 31 3 1568
1 111 66 54 61 47 4 1569
0 16 59 65 60 64 3 1570
1 11 62 47 60 49 1 1571
0 110 54 59 61 47 3 1572
1 38 55 38 62 43 1 1573
1 116 53 59 57 69 1 1574
1 97 59 64 60 56 1 1575
0 55 66 49 66 47 3 1576
0 134 60 49 56 54 3 1577
1 116 53 62 62 24 5 1578
0 116 55 37 68 37 3 1579
1 40 64 47 66 50 2 1580
1 69 62 56 56 18 1 1581
0 93 66 39 54 58 3 1582
0 70 61 57 61 48 3 1583
1 116 57 53 54 61 1 1584
0 77 65 49 63 43 3 1585
0 116 61 49 62 49 5 1586
0 114 15 15 50 86 3 1587
0 114 62 46 58 51 3 1588
0 54 60 46 54 56 3 1589
1 77 61 59 60 61 2 1590
0 116 62 40 57 39 5 1591
1 77 54 58 59 60 2 1592
1 143 63 57 52 61 2 1593
1 108 64 46 66 45 1 1594
0 38 54 59 60 47 3 1595
0 131 61 52 62 50 4 1596
1 116 59 52 60 53 1 1597
0 56 64 40 61 50 3 1598
1 38 58 64 58 64 1 1599
0 65 66 49 57 68 3 1600
0 38 67 38 54 58 3 1601
1 38 64 49 65 47 1 1602
1 116 61 44 57 60 6 1603
0 77 63 45 60 51 3 1604
0 0 67 43 63 48 3 1605
0 59 58 68 66 50 3 1606
1 0 54 38 61 42 1 1607
1 0 59 64 61 60 1 1608
0 29 55 58 66 50 3 1609
1 30 67 45 62 56 1 1610
0 116 49 86 51 82 3 1611
0 60 61 50 55 55 3 1612
0 77 69 35 59 49 3 1613
1 33 35 59 15 34 1 1614
1 77 56 53 51 65 2 1615
0 21 55 58 53 62 3 1616
0 77 66 41 65 55 5 1617
0 46 63 39 63 55 3 1618
0 77 54 61 66 49 5 1619
0 65 58 51 61 42 3 1620
0 0 59 50 62 45 3 1621
1 7 63 40 55 45 2 1622
0 0 60 52 60 55 4 1623
0 77 63 48 60 52 3 1624
0 116 54 62 54 59 3 1625
0 38 59 66 60 56 3 1626
0 121 58 62 30 46 3 1627
0 62 66 45 55 60 3 1628
1 143 64 51 64 50 1 1629
0 38 68 35 47 57 3 1630
1 38 63 50 55 58 6 1631
0 55 59 52 63 50 4 1632
0 77 63 51 67 48 5 1633
0 136 61 48 65 48 3 1634
0 29 63 55 65 54 3 1635
1 77 54 62 52 64 5 1636
1 38 58 67 64 48 3 1637
0 116 57 70 46 92 3 1638
1 27 59 55 58 52 4 1639
1 38 59 40 59 40 1 1640
0 38 63 57 67 48 3 1641
0 29 60 53 24 52 3 1642
1 38 60 49 67 47 3 1643
1 116 58 53 59 65 1 1644
0 77 64 52 74 50 3 1645
1 72 52 64 54 57 3 1646
0 105 53 67 54 77 3 1647
1 77 64 49 66 45 1 1648
0 116 61 48 60 47 3 1649
0 16 52 66 66 48 3 1650
1 77 67 39 54 57 1 1651
0 61 58 68 60 64 4 1652
0 38 64 34 60 27 3 1653
1 116 48 53 35 29 1 1654
0 77 60 62 51 83 3 1655
1 38 62 43 55 60 5 1656
0 71 62 44 69 37 3 1657
0 38 54 62 58 61 3 1658
1 38 53 78 56 67 1 1659
1 125 56 58 61 60 1 1660
1 116 57 54 34 42 5 1661
0 38 67 44 56 54 3 1662
0 77 61 49 54 58 3 1663
0 77 64 30 46 56 3 1664
1 0 55 61 44 99 5 1665
1 104 60 50 56 61 1 1666
1 140 61 39 61 45 2 1667
0 35 64 50 60 48 3 1668
0 38 62 41 64 44 5 1669
1 10 58 55 44 85 2 1670
0 9 66 48 59 45 4 1671
0 116 62 44 60 48 6 1672
0 64 64 41 62 48 3 1673
0 38 55 60 54 60 5 1674
1 116 55 56 54 59 1 1675
0 132 60 52 56 56 3 1676
1 77 59 25 62 29 3 1677
0 56 55 57 67 47 3 1678
0 116 61 49 63 50 4 1679
0 111 64 55 60 62 3 1680
1 0 57 60 67 47 2 1681
0 116 53 67 53 58 3 1682
1 77 54 60 59 50 1 1683
0 116 65 42 66 41 3 1684
1 72 55 72 57 69 1 1685
1 133 58 51 55 69 1 1686
0 116 64 57 59 51 3 1687
0 0 55 58 40 52 3 1688
1 77 64 54 67 36 3 1689
1 116 61 48 65 40 5 1690
1 131 67 38 63 45 1 1691
0 116 62 50 69 36 3 1692
0 38 63 34 67 36 3 1693
1 136 61 47 56 67 1 1694
1 122 56 55 66 45 1 1695
1 116 61 61 55 72 2 1696
0 116 62 58 67 52 3 1697
0 118 62 43 53 58 4 1698
0 32 56 57 60 56 3 1699
1 116 56 60 55 62 1 1700
1 39 62 49 68 37 2 1701
0 61 62 49 68 36 3 1702
1 77 61 50 33 57 2 1703
0 18 53 62 59 50 3 1704
1 0 60 55 57 68 1 1705
1 89 67 39 66 48 2 1706
0 107 66 36 62 41 3 1707
0 116 60 50 64 48 3 1708
1 14 61 42 61 32 1 1709
1 38 48 70 61 42 1 1710
0 45 61 57 61 57 4 1711
1 140 65 44 55 62 1 1712
1 76 63 40 68 36 2 1713
1 38 39 80 39 80 3 1714
1 21 60 50 60 52 1 1715
0 113 64 29 51 49 3 1716
0 127 60 56 58 54 3 1717
0 109 65 47 67 48 3 1718
0 116 62 43 53 59 5 1719
0 143 60 49 64 41 3 1720
0 38 58 63 56 60 3 1721
0 0 65 42 63 46 3 1722
1 127 66 44 57 31 1 1723
1 59 14 15 22 24 1 1724
1 77 56 56 61 49 1 1725
0 29 60 46 59 65 3 1726
1 129 65 54 65 38 1 1727
1 116 62 43 59 49 5 1728
1 38 62 49 67 42 2 1729
1 105 56 67 43 84 2 1730
0 38 60 66 55 61 5 1731
1 38 56 59 59 51 1 1732
0 3 67 51 66 47 3 1733
0 142 61 42 59 49 3 1734
0 47 61 47 65 45 3 1735
1 0 52 37 39 49 1 1736
1 57 61 56 65 46 1 1737
1 55 63 44 55 54 1 1738
0 0 63 44 61 43 3 1739
0 77 62 45 54 57 3 1740
1 116 54 44 53 49 1 1741
1 38 61 47 59 66 5 1742
1 38 64 53 64 49 1 1743
1 38 63 55 65 49 1 1744
1 14 64 49 67 38 1 1745
0 38 63 42 63 51 3 1746
1 87 67 47 55 56 1 1747
0 38 57 54 62 61 3 1748
1 71 63 49 58 51 4 1749
0 38 68 39 67 45 3 1750
0 116 58 52 60 43 3 1751
1 5 58 52 58 51 1 1752
1 47 48 58 64 46 1 1753
0 38 67 45 61 59 3 1754
0 77 57 60 59 50 3 1755
0 66 57 64 61 43 3 1756
0 77 60 63 63 56 3 1757
1 77 56 58 51 70 1 1758
1 116 64 48 60 49 1 1759
1 112 32 51 34 57 4 1760
1 116 61 42 63 40 1 1761
0 91 57 52 60 49 3 1762
1 77 57 55 55 59 1 1763
0 0 56 54 54 58 5 1764
1 0 64 38 61 38 1 1765
1 77 61 49 64 44 1 1766
0 125 65 28 56 61 3 1767
0 0 64 45 63 41 3 1768
1 30 62 57 57 53 1 1769
1 43 61 45 55 59 1 1770
1 10 61 56 60 45 1 1771
1 0 60 42 60 53 5 1772
0 116 63 40 61 44 3 1773
1 21 55 37 64 28 1 1774
1 48 47 52 63 60 2 1775
0 0 57 58 54 49 3 1776
0 111 64 49 58 14 3 1777
1 2 67 39 65 41 3 1778
1 91 61 61 49 87 1 1779
0 30 61 26 67 48 3 1780
1 95 54 56 54 60 2 1781
1 38 54 60 65 55 1 1782
1 77 67 47 67 38 5 1783
1 3 62 57 53 60 2 1784
0 77 67 42 57 55 3 1785
1 38 60 55 59 63 1 1786
0 38 65 38 63 45 3 1787
1 82 64 21 55 38 4 1788
1 105 59 53 32 57 2 1789
1 52 68 40 66 44 1 1790
0 109 46 57 41 56 3 1791
0 22 55 57 64 43 3 1792
1 143 61 61 55 62 4 1793
0 116 65 46 64 47 3 1794
0 98 55 58 53 60 3 1795
0 116 63 49 66 50 3 1796
0 38 55 53 59 40 3 1797
0 38 62 50 43 58 3 1798
0 133 67 49 61 44 3 1799
1 43 63 54 67 40 2 1800
0 76 64 50 52 67 3 1801
1 32 62 40 67 37 4 1802
1 77 64 52 65 53 4 1803
1 77 61 46 63 40 5 1804
0 116 66 52 61 49 3 1805
0 41 53 55 56 55 3 1806
0 82 62 40 62 40 3 1807
0 0 60 52 62 45 3 1808
1 25 60 56 58 54 1 1809
0 116 47 49 66 40 3 1810
1 96 61 49 67 38 1 1811
1 38 55 57 55 56 3 1812
1 116 63 57 20 33 2 1813
0 0 63 43 60 43 5 1814
0 96 62 23 71 10 3 1815
0 77 61 50 61 44 3 1816
1 77 52 76 54 71 5 1817
1 16 64 41 65 41 2 1818
0 16 63 51 62 41 3 1819
0 21 56 67 53 62 3 1820
0 0 64 47 67 39 3 1821
0 72 55 49 57 40 3 1822
0 142 67 49 62 50 3 1823
1 0 62 46 67 27 4 1824
1 125 50 35 54 39 4 1825
1 6 53 37 63 48 2 1826
1 105 61 46 54 63 2 1827
1 83 44 59 63 47 4 1828
0 116 61 30 52 40 3 1829
0 142 65 50 59 46 3 1830
0 0 61 46 53 30 3 1831
1 38 57 59 64 52 1 1832
0 77 66 46 53 60 5 1833
0 116 56 38 58 56 3 1834
0 38 56 66 54 66 3 1835
1 136 63 23 54 14 1 1836
0 132 60 47 44 56 3 1837
0 133 65 50 52 64 3 1838
1 77 62 41 57 52 3 1839
0 10 62 46 62 35 3 1840
0 61 62 43 66 49 3 1841
1 0 59 53 63 51 1 1842
1 38 54 57 56 55 1 1843
1 38 56 54 59 51 6 1844
1 77 64 55 59 48 6 1845
1 77 61 57 60 62 5 1846
0 116 52 82 59 66 3 1847
1 116 59 66 63 55 3 1848
1 116 56 66 61 61 1 1849
0 38 55 69 67 40 5 1850
1 5 61 60 56 56 1 1851
0 55 57 53 60 50 3 1852
1 116 53 60 66 44 1 1853
0 116 66 48 67 39 3 1854
1 81 53 60 54 61 1 1855
0 77 60 45 54 60 3 1856
0 135 55 59 60 44 3 1857
0 0 60 46 62 45 3 1858
1 77 52 41 66 41 3 1859
1 38 62 40 60 50 2 1860
1 81 51 81 67 50 1 1861
1 16 53 58 65 46 1 1862
1 38 66 40 56 58 6 1863
0 38 66 55 63 55 3 1864
1 140 53 63 61 42 2 1865
1 89 53 61 55 58 1 1866
1 38 63 55 67 37 3 1867
1 77 58 53 52 58 3 1868
1 77 57 64 53 59 1 1869
0 76 63 48 61 53 3 1870
1 77 57 58 53 59 1 1871
0 77 62 47 54 58 6 1872
0 38 66 43 58 67 3 1873
1 91 63 22 60 27 1 1874
1 92 57 53 45 30 1 1875
1 77 54 63 55 61 1 1876
0 38 60 62 53 58 3 1877
1 8 48 52 30 22 2 1878
0 128 63 55 61 58 3 1879
0 56 63 45 66 42 3 1880
0 0 59 55 54 59 3 1881
0 77 56 56 63 42 6 1882
1 116 61 44 60 46 1 1883
1 116 57 69 60 63 1 1884
1 77 61 61 54 48 1 1885
0 62 57 69 54 76 3 1886
1 99 57 53 47 47 2 1887
0 38 47 53 46 48 3 1888
0 77 63 52 49 53 3 1889
0 79 62 56 62 56 3 1890
0 89 60 42 67 46 3 1891
0 75 62 40 58 50 4 1892
0 116 66 41 67 47 6 1893
0 116 53 61 59 41 3 1894
0 86 66 41 67 47 3 1895
1 0 56 38 50 35 4 1896
1 90 56 58 60 60 1 1897
0 131 63 40 65 47 3 1898
0 118 62 40 61 44 3 1899
0 119 56 68 60 60 3 1900
1 128 65 42 52 68 2 1901
0 21 69 37 68 39 3 1902
0 116 57 53 50 83 3 1903
0 38 55 44 61 50 3 1904
1 77 66 40 60 63 2 1905
1 37 64 52 63 49 1 1906
0 0 54 39 64 21 3 1907
1 38 64 52 65 41 1 1908
1 38 60 56 61 48 2 1909
0 116 42 84 37 77 3 1910
1 116 61 49 61 48 1 1911
0 36 54 62 52 68 3 1912
1 77 55 60 48 48 1 1913
0 0 66 51 66 45 5 1914
0 77 36 57 51 79 3 1915
0 94 66 51 60 51 3 1916
1 38 65 43 63 40 2 1917
1 0 64 55 65 7 1 1918
1 38 66 51 65 29 5 1919
1 116 60 60 53 59 5 1920
0 102 60 62 53 58 3 1921
1 62 60 61 54 60 1 1922
1 105 66 49 63 55 1 1923
1 85 66 48 67 37 3 1924
1 116 58 53 61 61 1 1925
0 78 52 59 58 68 3 1926
0 129 63 50 61 45 3 1927
0 77 67 36 68 39 3 1928
1 1 15 16 54 70 4 1929
0 38 62 50 60 51 3 1930
1 40 38 52 11 55 1 1931
1 109 64 51 54 59 1 1932
1 18 54 40 61 32 4 1933
0 109 62 45 67 36 3 1934
0 87 61 57 60 62 4 1935
0 77 59 53 61 49 3 1936
0 106 60 49 63 60 3 1937
0 79 60 51 61 48 3 1938
0 38 62 43 59 27 3 1939
0 92 59 66 60 64 3 1940
0 127 59 63 61 61 3 1941
1 0 63 50 59 49 1 1942
1 12 49 66 62 42 3 1943
0 77 61 44 55 42 3 1944
0 86 63 42 61 46 3 1945
0 137 48 57 68 35 3 1946
1 116 67 48 65 46 6 1947
1 79 59 54 58 50 2 1948
1 116 66 54 62 50 5 1949
1 0 58 53 60 54 1 1950
0 38 61 38 61 42 3 1951
0 76 52 65 55 56 3 1952
0 41 59 25 56 18 3 1953
0 77 61 45 54 60 3 1954
1 116 58 53 61 44 5 1955
1 140 63 50 65 47 1 1956
1 7 56 71 60 62 1 1957
0 116 54 65 56 37 3 1958
0 37 64 49 65 48 3 1959
1 69 62 25 65 13 1 1960
1 133 63 56 61 45 2 1961
0 9 57 70 52 69 3 1962
0 0 59 64 67 41 3 1963
1 36 64 41 61 42 1 1964
0 7 60 49 54 57 3 1965
0 121 60 63 63 55 3 1966
0 59 58 68 67 39 3 1967
1 38 68 36 57 53 1 1968
1 76 57 57 61 47 1 1969
0 123 55 39 47 49 3 1970
0 59 57 53 61 49 3 1971
1 26 55 59 62 44 2 1972
1 3 62 44 60 55 1 1973
1 0 54 45 53 41 1 1974
1 0 62 49 67 38 1 1975
0 46 58 55 59 51 3 1976
0 18 58 53 53 62 3 1977
1 27 62 50 64 55 2 1978
0 67 63 46 68 40 4 1979
1 140 62 60 57 66 2 1980
0 116 57 53 64 46 3 1981
0 77 60 28 64 45 3 1982
0 38 63 56 63 43 3 1983
0 2 63 50 45 56 3 1984
1 116 53 61 59 46 1 1985
0 38 64 48 60 51 3 1986
0 116 65 46 61 60 3 1987
0 38 46 54 47 54 5 1988
0 47 62 40 53 67 3 1989
0 47 61 51 67 42 4 1990
0 116 62 60 61 61 3 1991
0 69 55 38 56 40 3 1992
0 92 59 63 50 82 3 1993
1 38 61 62 59 66 1 1994
0 116 60 61 60 49 3 1995
1 38 60 49 59 44 3 1996
0 101 61 46 63 48 3 1997
0 77 58 67 67 43 3 1998
0 26 57 56 54 60 3 1999
