1 12 60 49 60 51 1 0
0 21 60 48 58 58 3 1
1 37 59 58 66 36 1 2
0 100 62 46 59 48 3 3
0 12 60 40 58 52 3 4
1 100 62 54 55 64 6 5
0 12 58 59 60 56 3 6
1 39 59 44 65 39 1 7
0 13 57 55 56 62 3 8
1 143 57 64 65 43 3 9
0 46 63 43 61 48 3 10
0 100 59 56 60 58 3 11
1 111 64 46 59 49 3 12
0 106 56 52 56 57 3 13
1 111 55 40 55 38 1 14
1 143 59 57 58 61 1 15
0 56 55 65 50 50 3 16
1 143 60 48 56 52 5 17
0 143 54 57 53 60 3 18
0 56 57 30 51 36 3 19
0 143 64 49 58 50 3 20
1 106 54 69 46 85 1 21
1 56 63 49 53 57 2 22
0 117 59 48 57 53 3 23
0 100 61 41 59 47 5 24
1 100 61 49 24 25 1 25
1 140 61 50 59 50 1 26
0 140 59 48 62 47 3 27
1 32 59 43 61 43 2 28
1 73 58 58 64 41 1 29
0 48 52 76 53 68 3 30
1 143 61 41 61 57 3 31
0 56 59 50 61 42 3 32
0 100 62 51 58 50 3 33
1 74 59 44 59 47 3 34
0 52 59 54 64 47 4 35
0 12 60 45 61 40 3 36
0 73 63 50 58 48 3 37
1 75 60 48 62 52 2 38
0 27 55 32 55 39 3 39
1 143 59 57 59 59 6 40
1 75 61 47 58 48 2 41
0 43 62 54 57 65 3 42
0 112 59 48 40 47 3 43
0 42 60 49 54 55 3 44
1 66 62 32 59 56 1 45
1 74 59 47 47 52 3 46
0 64 19 19 61 25 3 47
1 78 59 61 56 54 1 48
1 68 57 53 52 72 2 49
1 141 64 48 65 48 2 50
1 12 59 50 61 50 1 51
1 16 54 59 58 46 1 52
0 48 64 48 62 53 3 53
0 90 62 41 52 58 3 54
0 81 53 58 55 57 3 55
1 40 61 49 64 47 1 56
1 100 60 59 55 57 1 57
1 143 61 50 62 48 1 58
1 100 61 50 60 48 3 59
1 113 62 44 57 61 1 60
0 17 52 66 51 61 3 61
1 56 55 54 60 39 1 62
1 100 60 48 57 51 5 63
0 143 60 55 90 8 3 64
0 143 58 51 61 44 3 65
1 100 60 42 56 40 1 66
1 12 63 44 35 39 1 67
1 28 60 45 58 49 1 68
0 123 59 61 57 53 3 69
1 100 59 45 63 46 5 70
0 63 58 48 58 48 3 71
1 100 51 68 51 73 2 72
0 100 64 48 59 48 5 73
1 71 63 40 47 52 2 74
0 56 58 51 64 40 5 75
1 12 65 41 60 48 5 76
0 90 62 49 63 47 3 77
1 122 60 47 59 48 1 78
1 12 55 53 59 45 1 79
0 100 61 48 55 58 3 80
1 143 59 53 61 42 1 81
1 100 52 65 62 54 1 82
1 143 58 51 56 57 1 83
1 56 57 50 54 56 1 84
1 137 52 68 47 74 1 85
1 101 59 53 58 49 1 86
1 12 59 41 55 52 1 87
0 117 58 49 60 48 3 88
0 143 57 50 61 42 3 89
1 56 64 40 64 50 1 90
1 131 56 56 53 56 1 91
1 143 58 58 53 55 2 92
0 143 59 50 53 57 5 93
0 12 56 51 53 56 3 94
0 100 57 31 58 18 5 95
0 89 57 52 59 46 3 96
0 56 54 58 60 56 3 97
1 56 55 57 59 60 1 98
0 84 60 47 59 58 3 99
1 56 55 67 53 62 5 100
1 27 60 49 54 49 4 101
0 143 59 50 54 56 3 102
0 143 60 43 65 46 3 103
1 124 67 37 63 47 1 104
1 100 60 48 61 48 2 105
0 36 61 52 38 56 3 106
1 68 63 49 62 52 1 107
0 106 60 42 63 45 3 108
1 143 58 57 55 65 4 109
1 56 61 53 60 43 1 110
0 100 48 36 50 38 3 111
1 100 61 48 45 57 6 112
0 12 58 46 61 50 3 113
0 56 54 71 60 47 6 114
0 100 65 42 56 58 3 115
0 74 58 62 58 59 3 116
1 143 63 45 63 42 1 117
1 73 54 57 54 56 1 118
0 100 56 56 56 56 3 119
1 106 61 40 64 43 2 120
0 99 64 47 55 57 3 121
1 143 62 39 64 50 6 122
1 84 58 61 57 64 4 123
1 51 61 57 62 49 4 124
0 120 63 45 57 65 3 125
1 66 56 55 53 58 1 126
0 12 57 51 61 49 3 127
0 100 63 50 61 34 3 128
0 56 63 54 63 43 3 129
1 12 55 38 57 20 1 130
0 96 59 58 55 59 3 131
1 130 62 53 62 53 1 132
0 11 64 45 54 57 3 133
0 100 54 56 53 58 3 134
0 56 54 55 58 46 6 135
1 143 51 50 60 26 1 136
0 24 57 32 62 50 3 137
0 45 59 46 59 52 3 138
1 130 52 70 52 71 3 139
0 100 57 50 59 45 3 140
1 12 62 48 57 61 1 141
0 70 47 55 39 42 3 142
0 91 58 59 61 40 3 143
0 108 61 50 64 47 3 144
0 100 58 60 57 60 3 145
0 0 64 46 55 63 3 146
0 143 56 55 59 50 5 147
0 62 59 47 60 45 3 148
0 56 60 50 56 51 6 149
1 73 63 45 60 54 1 150
1 12 58 48 65 36 1 151
1 143 59 47 54 58 1 152
1 12 62 48 53 59 5 153
0 124 41 49 62 46 3 154
0 143 53 57 61 50 3 155
1 29 62 47 58 50 1 156
1 143 60 40 52 58 2 157
1 100 64 50 64 38 1 158
1 126 63 42 61 42 1 159
1 120 52 61 53 72 1 160
1 100 52 35 56 57 1 161
0 10 58 30 43 55 3 162
1 132 64 37 63 40 1 163
1 100 56 56 59 48 4 164
0 143 64 46 60 58 6 165
0 5 61 54 60 43 3 166
1 21 59 42 62 28 4 167
0 12 53 59 56 56 3 168
0 130 61 49 56 52 3 169
0 56 62 56 61 41 3 170
1 56 55 27 56 30 1 171
0 32 54 55 58 51 3 172
1 100 57 50 58 49 5 173
0 100 59 54 57 64 3 174
0 12 58 54 53 59 3 175
1 18 60 38 46 52 1 176
1 26 65 36 54 56 3 177
1 10 62 24 55 41 1 178
0 101 57 63 58 48 3 179
1 56 59 49 53 60 1 180
0 68 62 47 53 60 3 181
0 65 54 49 46 54 3 182
0 56 50 21 52 21 3 183
1 100 55 53 42 69 2 184
0 7 62 47 58 61 3 185
0 122 53 57 59 44 3 186
1 63 64 48 60 44 2 187
0 13 45 55 26 40 3 188
0 8 64 49 63 53 3 189
0 100 62 52 66 37 3 190
0 100 60 34 60 43 6 191
1 56 62 51 61 43 1 192
1 12 64 39 54 56 1 193
0 12 58 49 60 57 3 194
0 42 61 26 59 28 3 195
1 56 59 50 56 52 5 196
0 100 59 60 60 55 6 197
0 76 61 45 58 62 3 198
1 73 57 61 56 62 2 199
1 100 62 53 64 49 2 200
0 30 54 71 59 51 3 201
0 12 65 37 61 46 3 202
1 56 61 41 58 61 2 203
1 100 59 50 62 42 1 204
0 30 57 51 47 54 3 205
1 143 59 43 63 41 5 206
0 86 57 60 54 66 3 207
1 81 59 61 54 60 1 208
1 102 57 52 60 51 1 209
0 56 61 49 60 44 3 210
0 56 59 50 36 55 3 211
1 29 62 53 62 52 2 212
0 89 62 41 56 54 3 213
0 12 63 47 59 47 3 214
1 23 60 49 63 41 1 215
1 133 59 58 56 65 1 216
1 45 58 58 58 63 1 217
1 117 59 47 66 38 2 218
1 143 60 45 61 42 2 219
0 100 63 50 64 47 5 220
0 142 53 56 53 58 3 221
0 105 51 68 55 67 3 222
1 143 60 54 59 40 3 223
1 141 56 54 61 57 2 224
1 100 60 43 48 57 1 225
1 14 56 54 65 42 1 226
0 99 55 40 64 41 3 227
0 51 63 41 54 44 3 228
1 56 53 57 53 50 1 229
0 104 58 46 58 48 3 230
1 56 65 41 60 59 1 231
1 73 61 49 61 45 2 232
1 12 64 49 59 55 6 233
1 131 59 47 48 54 1 234
0 143 58 61 54 58 5 235
1 124 55 53 56 57 1 236
0 100 51 70 51 70 6 237
1 12 61 43 58 50 5 238
1 91 58 52 61 42 1 239
0 38 64 38 54 56 3 240
1 12 57 54 36 45 1 241
1 12 63 46 61 36 2 242
1 12 59 57 57 62 1 243
0 109 64 43 58 63 3 244
1 143 59 46 53 57 1 245
1 73 64 48 62 52 1 246
1 21 60 41 52 37 2 247
1 21 59 47 45 58 1 248
0 12 55 57 58 46 3 249
0 19 64 47 64 41 3 250
0 100 64 47 64 45 3 251
1 62 62 41 64 46 2 252
0 85 64 43 57 63 3 253
0 107 58 48 61 41 3 254
0 56 62 44 99 33 3 255
0 10 57 51 53 60 3 256
1 81 54 40 63 31 1 257
1 143 55 57 55 57 1 258
0 100 58 54 47 54 3 259
0 105 54 58 60 46 3 260
0 100 61 36 52 62 3 261
1 100 60 48 61 49 1 262
1 73 53 59 63 28 1 263
1 100 65 42 61 33 1 264
0 81 61 52 46 88 3 265
1 51 58 49 57 52 1 266
1 100 45 86 45 73 5 267
1 100 59 48 58 53 1 268
0 100 54 59 56 54 5 269
0 138 60 47 54 55 3 270
0 81 61 42 62 49 3 271
1 100 63 46 63 44 1 272
1 116 61 46 66 37 1 273
0 100 56 55 30 42 3 274
1 12 64 48 61 47 1 275
1 56 62 55 56 55 1 276
0 72 58 50 59 54 3 277
0 56 62 46 57 99 3 278
1 17 56 57 53 61 2 279
0 143 55 56 63 54 3 280
1 143 60 42 65 36 1 281
1 121 57 61 55 57 1 282
1 70 64 42 64 41 2 283
1 123 62 53 61 42 1 284
1 100 59 48 59 54 2 285
0 25 64 48 61 53 4 286
0 95 64 45 62 53 3 287
1 78 63 41 59 53 2 288
1 9 57 54 63 45 1 289
0 108 60 39 45 53 3 290
1 93 64 49 63 45 4 291
1 113 55 39 53 58 1 292
1 12 59 50 54 71 1 293
0 65 63 50 54 64 4 294
0 56 63 44 65 43 3 295
0 143 63 47 61 49 3 296
0 12 61 42 62 45 3 297
0 56 57 53 57 54 3 298
0 60 57 51 56 53 4 299
0 83 60 48 64 41 3 300
1 120 47 54 59 47 1 301
0 87 64 50 61 49 3 302
0 56 58 59 57 64 3 303
1 56 54 56 52 57 2 304
1 27 60 56 61 48 1 305
1 84 61 49 58 62 1 306
0 92 64 47 59 49 3 307
1 132 66 38 63 39 1 308
1 11 57 53 51 70 1 309
0 138 62 41 47 53 3 310
0 56 63 48 59 43 3 311
1 5 60 52 62 41 3 312
1 12 66 39 65 41 1 313
1 12 58 61 44 88 2 314
1 56 61 42 59 50 2 315
0 12 59 45 53 56 3 316
0 143 55 55 54 59 3 317
1 12 57 51 60 45 1 318
1 100 63 43 55 53 1 319
0 35 61 40 56 52 3 320
1 103 62 43 58 49 1 321
0 85 57 53 51 63 3 322
1 56 62 31 62 26 1 323
1 54 55 39 59 42 2 324
0 73 45 51 49 57 3 325
1 57 57 30 62 29 1 326
1 56 66 37 56 58 5 327
0 46 61 48 60 56 3 328
0 20 58 51 61 44 3 329
0 138 64 37 60 55 3 330
0 143 65 39 62 54 3 331
1 12 55 42 57 64 1 332
1 134 57 64 53 66 1 333
1 100 60 44 64 39 1 334
0 100 63 47 54 58 5 335
1 12 54 59 29 76 1 336
0 56 61 48 60 46 4 337
1 12 57 62 57 52 1 338
1 29 64 41 57 60 2 339
1 143 57 51 60 44 1 340
1 56 60 54 58 45 6 341
0 56 54 52 52 59 3 342
0 143 64 50 55 54 3 343
0 5 65 39 60 43 3 344
1 56 62 40 62 38 1 345
1 100 57 51 59 46 1 346
0 100 61 55 63 49 6 347
0 117 57 53 58 48 3 348
1 108 59 49 54 57 1 349
0 100 64 47 62 50 3 350
1 81 55 41 61 45 1 351
0 7 64 48 55 57 3 352
0 143 63 43 62 46 3 353
1 143 59 48 53 56 1 354
0 19 54 58 55 48 4 355
0 100 59 49 58 51 3 356
1 143 64 43 65 39 2 357
0 12 55 56 56 53 3 358
1 100 64 41 60 45 2 359
1 100 59 57 62 46 2 360
0 56 64 45 64 44 3 361
1 126 62 41 51 64 1 362
1 56 53 39 52 38 4 363
1 143 60 58 57 61 1 364
0 56 57 50 60 44 3 365
0 12 60 49 63 41 4 366
1 100 58 50 61 57 1 367
0 143 56 57 62 46 5 368
1 56 57 62 61 47 1 369
0 84 62 49 59 48 3 370
1 56 63 47 64 47 1 371
1 32 57 53 58 50 1 372
0 8 53 60 55 68 3 373
1 117 59 60 58 50 3 374
0 15 54 57 51 68 3 375
0 135 60 55 63 45 3 376
1 143 55 55 49 79 1 377
0 123 65 39 61 26 3 378
0 56 64 40 63 45 3 379
0 46 61 41 61 48 3 380
0 82 61 49 54 57 3 381
1 12 51 35 57 39 1 382
1 143 62 25 60 31 3 383
1 56 55 63 65 48 2 384
0 56 53 60 63 40 5 385
1 32 52 67 47 55 1 386
1 59 60 43 64 45 1 387
0 122 63 48 60 44 3 388
0 122 62 50 58 60 3 389
0 12 52 39 54 39 3 390
1 12 59 48 64 47 3 391
1 54 60 42 60 48 1 392
1 12 60 54 63 54 1 393
1 127 58 50 58 61 1 394
0 109 58 61 53 63 3 395
1 92 54 57 59 59 1 396
0 13 64 46 60 49 3 397
0 12 57 64 61 55 5 398
1 56 59 44 58 57 1 399
0 54 52 42 53 37 3 400
0 86 60 43 61 49 3 401
1 100 56 57 56 64 1 402
0 1 58 50 61 49 3 403
0 76 60 33 53 39 3 404
0 56 53 56 53 57 3 405
0 143 59 47 62 46 3 406
1 143 57 60 56 62 1 407
1 143 57 50 63 46 1 408
0 56 58 46 55 52 3 409
0 143 54 59 53 63 3 410
1 56 59 54 55 51 6 411
1 12 55 40 65 36 1 412
0 65 59 48 54 56 3 413
0 143 62 42 45 53 3 414
0 56 59 48 61 50 3 415
1 12 55 41 61 54 5 416
0 127 53 60 52 59 3 417
0 143 59 56 58 61 3 418
0 143 56 57 59 56 5 419
1 56 62 50 59 48 1 420
0 2 61 40 59 47 3 421
0 100 63 50 63 50 5 422
0 80 57 65 58 50 3 423
1 119 60 48 58 49 3 424
0 8 54 58 64 41 3 425
1 100 62 42 58 49 1 426
1 111 59 44 64 45 2 427
0 100 53 58 55 52 3 428
0 143 57 52 56 54 3 429
0 120 58 62 63 48 3 430
1 143 55 57 60 48 5 431
1 12 56 54 60 47 2 432
0 56 62 52 65 40 3 433
1 56 65 39 65 38 2 434
0 50 58 51 59 44 3 435
1 88 65 46 62 41 1 436
0 86 57 61 54 58 3 437
0 12 65 40 54 44 3 438
0 78 57 64 60 58 3 439
1 12 61 46 56 51 4 440
0 12 63 46 57 55 3 441
0 78 61 47 54 57 3 442
0 100 63 41 60 41 3 443
0 100 61 49 53 57 3 444
1 22 47 48 46 59 1 445
0 143 52 74 53 73 6 446
1 56 56 64 58 51 1 447
1 143 48 56 63 48 5 448
1 100 62 52 42 43 2 449
1 100 60 49 62 50 1 450
1 80 56 55 61 46 1 451
0 74 47 55 45 48 3 452
0 12 63 52 62 48 3 453
0 56 60 48 60 48 3 454
1 56 63 39 58 59 5 455
1 100 59 46 63 43 1 456
0 64 64 41 59 50 3 457
0 121 52 40 54 43 3 458
1 81 64 45 53 57 1 459
0 12 59 60 54 56 3 460
1 35 59 49 61 44 1 461
0 143 54 42 61 49 3 462
0 143 50 66 53 70 3 463
0 143 21 20 41 52 3 464
1 12 63 51 60 48 2 465
0 71 54 58 57 60 3 466
0 56 62 48 61 43 4 467
0 143 60 48 62 45 3 468
0 12 66 38 66 38 6 469
0 143 60 57 60 29 3 470
0 92 59 48 58 50 3 471
1 56 62 26 61 42 4 472
1 4 58 51 55 56 1 473
1 113 57 53 40 54 2 474
0 103 55 65 54 59 3 475
1 100 51 63 52 62 1 476
0 78 58 60 52 59 3 477
0 100 46 54 59 51 3 478
1 56 60 46 63 49 1 479
1 56 53 60 56 55 1 480
1 12 54 59 57 53 1 481
1 56 55 57 54 56 1 482
0 12 59 42 61 25 4 483
0 143 57 52 61 49 3 484
0 100 55 55 57 52 3 485
0 10 58 44 62 49 3 486
1 143 58 48 54 57 2 487
0 33 55 55 55 64 3 488
1 11 63 53 66 38 1 489
0 48 57 53 58 58 3 490
1 143 61 24 59 49 1 491
1 100 56 31 61 42 1 492
1 56 59 48 58 58 1 493
1 141 53 60 48 48 1 494
1 48 50 38 54 45 2 495
0 100 59 59 53 73 3 496
1 62 61 53 59 47 1 497
1 56 64 47 62 44 6 498
0 100 55 54 57 50 3 499
0 136 56 40 63 33 3 500
0 132 54 56 58 28 3 501
1 143 61 54 62 52 5 502
1 5 58 51 56 52 1 503
0 12 63 49 61 49 3 504
0 56 56 63 54 64 3 505
0 100 56 57 56 65 3 506
1 111 64 43 53 58 1 507
1 100 57 53 59 48 3 508
1 100 57 28 61 42 4 509
1 77 61 47 54 58 1 510
0 85 59 57 54 48 3 511
1 2 54 56 58 45 1 512
1 119 61 53 55 64 2 513
1 86 57 61 57 52 1 514
0 54 60 46 58 50 3 515
1 143 64 37 58 50 1 516
1 84 57 64 60 58 2 517
0 56 57 51 61 42 3 518
1 12 60 48 64 48 1 519
1 134 54 56 56 53 3 520
1 65 61 44 59 49 2 521
0 12 62 49 64 44 3 522
1 64 53 57 57 62 1 523
0 64 57 64 50 68 3 524
0 88 57 28 60 41 3 525
0 97 53 38 61 39 3 526
1 100 54 65 61 48 1 527
0 13 61 49 66 37 3 528
0 143 60 43 59 59 3 529
1 100 51 65 51 71 1 530
0 141 60 44 57 54 3 531
1 10 64 50 64 42 2 532
1 12 64 39 63 44 1 533
0 78 55 63 54 61 3 534
1 18 60 46 47 49 1 535
1 62 65 39 66 40 1 536
0 12 53 60 55 68 3 537
0 56 57 60 57 60 3 538
1 97 57 54 58 52 1 539
0 32 60 59 58 62 3 540
1 143 60 47 64 48 2 541
1 26 60 58 54 40 2 542
1 87 55 55 56 52 1 543
0 141 63 44 61 51 4 544
1 130 55 52 61 49 1 545
0 30 54 56 58 63 3 546
0 56 59 54 56 53 3 547
0 100 52 57 55 53 3 548
0 100 67 37 65 45 3 549
1 19 59 46 53 54 3 550
1 12 61 50 55 66 1 551
1 27 61 42 55 27 2 552
0 91 60 45 53 60 3 553
0 105 60 48 61 50 3 554
1 35 59 45 53 57 1 555
0 28 44 48 58 50 3 556
0 100 48 54 51 50 3 557
0 143 53 60 59 52 6 558
0 100 57 50 61 50 6 559
0 100 54 57 62 46 3 560
1 12 60 48 62 48 1 561
1 111 53 39 54 59 2 562
1 29 59 48 62 43 1 563
1 49 60 48 56 53 1 564
1 12 62 46 64 47 2 565
0 56 65 41 51 80 3 566
0 89 59 60 63 43 3 567
1 50 61 48 64 47 3 568
0 100 53 59 59 49 3 569
1 116 55 40 62 30 1 570
1 143 64 50 55 56 1 571
0 143 60 58 59 43 3 572
0 100 62 42 47 54 3 573
1 12 48 31 47 30 1 574
0 56 55 65 52 62 3 575
0 100 57 53 62 54 5 576
1 111 59 42 64 44 1 577
0 56 60 57 54 59 3 578
1 143 60 47 7 62 2 579
1 12 59 48 57 64 1 580
1 28 58 50 54 48 2 581
0 56 60 47 40 87 3 582
0 56 61 47 63 51 3 583
0 14 61 54 48 37 3 584
0 141 55 54 54 56 3 585
0 143 55 64 61 41 3 586
0 12 58 61 59 58 5 587
1 143 58 61 55 59 1 588
0 64 54 56 55 54 3 589
0 12 63 33 56 56 3 590
0 100 62 49 61 55 3 591
1 12 59 60 56 54 6 592
1 143 61 42 60 42 1 593
0 61 57 65 61 53 3 594
0 12 56 52 61 49 3 595
1 65 62 48 64 53 1 596
1 35 48 34 50 37 3 597
0 12 61 48 62 54 3 598
0 84 58 51 57 51 3 599
0 48 58 48 55 53 3 600
0 140 65 39 58 48 3 601
1 58 61 45 62 49 1 602
0 143 55 68 56 66 3 603
0 100 53 15 63 43 5 604
1 100 60 58 57 64 6 605
1 38 62 42 64 41 1 606
1 28 46 54 46 57 1 607
0 56 59 59 66 40 3 608
0 12 53 40 58 31 3 609
1 83 63 53 64 41 1 610
0 108 57 50 62 44 3 611
1 124 63 44 61 43 1 612
0 100 57 51 63 46 3 613
0 5 62 42 61 45 3 614
1 56 61 56 55 58 1 615
1 22 59 58 54 55 1 616
0 102 54 55 55 53 3 617
1 143 50 37 55 41 3 618
1 100 60 58 59 49 1 619
1 100 64 39 65 46 2 620
1 84 53 59 53 58 1 621
0 100 59 56 58 51 3 622
1 56 58 30 59 49 2 623
0 59 58 49 59 41 3 624
0 143 55 57 44 51 3 625
1 85 44 51 59 18 1 626
1 86 63 44 61 56 2 627
1 100 55 54 56 41 1 628
0 100 54 58 54 59 5 629
0 56 62 54 55 55 3 630
1 143 54 62 55 59 6 631
1 100 51 63 54 57 2 632
0 12 58 47 59 49 5 633
0 56 61 51 60 54 3 634
1 39 61 49 53 58 1 635
0 2 55 55 59 40 3 636
0 56 61 41 59 47 3 637
0 119 65 40 62 42 3 638
1 56 63 39 62 42 3 639
1 20 60 38 61 43 2 640
0 100 56 57 53 57 3 641
0 12 56 58 60 33 3 642
1 1 61 50 59 50 1 643
0 12 59 53 57 53 5 644
0 12 60 33 55 32 3 645
1 138 50 77 55 69 1 646
1 58 60 43 62 46 1 647
0 125 62 49 53 59 3 648
1 73 54 57 53 56 1 649
0 143 63 45 59 46 5 650
1 26 63 51 47 37 2 651
1 67 54 56 48 55 1 652
1 54 60 48 54 55 1 653
1 105 63 52 61 48 2 654
0 143 53 68 54 66 3 655
1 60 57 65 53 66 1 656
0 95 62 50 61 54 3 657
0 143 61 26 52 29 3 658
0 2 54 26 46 56 3 659
0 56 56 62 52 73 4 660
1 70 53 58 53 60 3 661
1 56 60 56 56 64 5 662
0 56 59 48 59 50 3 663
0 143 54 32 52 40 4 664
0 120 62 40 51 66 3 665
1 12 58 59 53 56 1 666
0 41 59 47 48 48 3 667
1 56 63 30 63 28 1 668
1 32 59 58 55 57 1 669
0 87 53 59 56 53 3 670
0 12 57 63 61 53 3 671
1 100 58 52 56 62 5 672
0 28 49 36 60 24 3 673
1 12 53 66 59 48 2 674
0 28 56 39 55 53 3 675
0 143 64 21 52 41 3 676
0 47 57 64 59 61 3 677
1 143 57 51 55 56 1 678
1 5 63 40 55 57 2 679
1 143 57 63 54 57 5 680
0 100 57 55 49 36 3 681
1 12 56 51 59 54 1 682
0 56 55 70 60 45 6 683
0 24 64 46 65 37 3 684
1 2 51 66 56 64 1 685
1 12 52 72 54 71 1 686
1 12 55 57 58 53 5 687
0 143 63 43 59 42 5 688
1 100 57 62 57 54 4 689
0 95 57 64 59 39 3 690
0 143 64 46 61 56 3 691
1 39 64 45 53 60 1 692
0 12 64 46 58 51 3 693
0 12 65 38 53 29 3 694
0 143 60 55 61 54 3 695
0 143 61 43 60 48 3 696
1 25 52 52 53 44 4 697
0 12 57 53 56 51 3 698
1 56 54 33 54 49 1 699
0 56 59 44 61 45 3 700
1 91 65 39 63 48 3 701
1 56 54 58 64 49 5 702
1 141 62 48 53 56 1 703
0 17 60 43 53 59 3 704
1 143 61 40 56 51 1 705
1 56 59 54 61 55 5 706
0 46 60 55 56 51 3 707
1 95 60 58 60 54 1 708
0 143 58 50 55 54 3 709
0 56 57 53 34 43 3 710
0 29 63 46 53 57 3 711
1 100 60 27 58 53 1 712
1 130 56 63 57 61 2 713
1 40 65 40 62 42 2 714
0 108 58 53 55 52 3 715
1 83 64 41 62 45 3 716
1 70 53 58 58 61 1 717
0 143 59 56 57 54 5 718
0 3 57 52 61 49 3 719
1 124 56 52 61 54 1 720
0 6 58 46 59 53 3 721
0 143 61 53 59 42 3 722
0 56 59 50 61 43 3 723
0 110 55 59 55 69 3 724
0 1 54 58 53 63 3 725
1 8 62 53 57 64 1 726
1 9 59 51 53 57 1 727
1 143 64 45 59 53 1 728
1 12 63 48 62 50 5 729
0 45 54 56 59 47 3 730
1 40 57 65 54 59 1 731
0 143 60 44 59 55 3 732
1 143 66 38 57 50 1 733
0 30 56 57 54 61 3 734
1 143 54 56 48 38 6 735
0 143 60 51 45 58 3 736
0 51 61 50 61 43 3 737
1 119 60 50 60 48 1 738
1 121 55 70 53 73 3 739
0 138 32 41 35 45 3 740
0 84 64 47 54 48 4 741
1 38 56 66 58 61 4 742
0 56 64 45 65 43 5 743
0 30 58 52 58 52 3 744
0 12 54 57 55 55 6 745
0 127 63 49 54 58 3 746
1 56 57 61 60 42 1 747
0 104 62 48 60 48 3 748
1 41 64 45 58 45 1 749
1 99 55 59 53 57 2 750
1 56 64 45 64 44 1 751
1 32 64 45 61 43 1 752
0 0 52 63 52 64 3 753
0 100 59 54 51 79 3 754
0 143 56 39 60 39 3 755
1 56 64 43 63 45 1 756
1 12 62 41 55 37 1 757
0 115 56 63 58 61 3 758
0 56 48 37 53 37 3 759
1 143 58 63 55 54 1 760
1 114 66 40 51 67 1 761
1 56 58 59 61 57 1 762
0 143 53 58 61 58 3 763
0 143 45 48 39 44 3 764
1 10 65 37 63 43 2 765
1 143 53 59 53 64 4 766
1 143 56 62 55 65 1 767
1 143 64 48 66 39 2 768
1 122 64 47 63 44 1 769
0 105 63 43 57 51 3 770
0 7 56 51 38 48 3 771
1 108 60 55 62 51 1 772
0 95 53 56 32 43 3 773
0 143 60 56 61 54 3 774
1 143 59 60 63 47 2 775
0 100 61 45 58 47 3 776
0 100 57 51 64 48 3 777
0 131 53 59 65 35 3 778
1 12 54 56 54 64 3 779
0 136 63 49 60 46 3 780
1 100 63 53 62 50 1 781
1 143 64 45 56 55 2 782
1 12 47 48 47 52 2 783
0 108 55 57 53 60 3 784
1 76 64 50 54 57 1 785
0 12 59 50 56 39 3 786
1 59 54 59 56 52 1 787
1 113 57 52 56 52 1 788
1 56 55 57 59 43 1 789
1 64 39 51 64 44 3 790
0 80 65 40 60 32 3 791
0 18 61 47 58 49 3 792
1 100 61 57 58 63 1 793
0 143 56 65 55 54 3 794
1 100 64 47 57 51 1 795
0 12 62 52 58 52 3 796
0 56 63 39 62 41 3 797
1 100 53 67 60 55 1 798
0 29 58 49 60 44 3 799
1 143 60 45 61 49 1 800
1 12 55 53 58 50 1 801
0 143 59 42 63 37 5 802
0 46 62 50 59 45 3 803
0 143 58 51 55 54 3 804
1 40 64 47 60 57 1 805
1 143 62 53 61 53 3 806
1 4 53 54 61 54 1 807
0 143 55 57 56 54 3 808
0 12 59 47 63 47 3 809
0 12 58 29 63 32 3 810
1 64 65 45 56 53 4 811
0 25 57 53 62 48 3 812
0 127 58 47 55 67 3 813
1 30 63 42 60 42 2 814
0 12 57 53 57 66 6 815
0 143 65 44 57 53 3 816
0 141 63 43 63 47 3 817
0 56 63 47 64 47 3 818
0 100 51 70 53 70 3 819
0 10 55 64 58 51 3 820
1 143 62 52 54 64 5 821
1 100 60 46 65 38 1 822
1 100 62 43 58 53 2 823
1 143 54 55 54 71 4 824
0 143 57 51 64 45 3 825
0 66 56 57 56 52 4 826
0 112 59 47 57 52 3 827
1 56 64 45 57 64 2 828
1 12 54 55 53 56 1 829
1 122 59 56 61 55 1 830
0 143 63 42 58 52 3 831
1 43 64 42 62 52 1 832
1 143 54 58 62 42 2 833
0 143 58 50 59 51 3 834
1 12 58 60 62 45 1 835
1 12 64 42 61 50 2 836
0 18 63 46 54 58 3 837
1 12 59 59 59 55 6 838
0 100 48 48 54 38 3 839
1 56 65 38 61 49 1 840
0 83 60 55 58 54 3 841
0 143 58 41 46 17 5 842
1 56 60 34 59 28 1 843
1 135 58 29 59 28 1 844
0 56 56 54 55 56 3 845
0 38 60 50 54 56 3 846
1 108 62 42 64 37 3 847
1 100 56 53 61 44 1 848
1 141 53 56 60 48 1 849
0 143 32 42 38 49 3 850
0 56 55 53 55 54 3 851
1 59 57 53 52 61 2 852
0 100 58 52 52 41 3 853
1 73 64 47 60 55 1 854
1 124 66 37 66 36 1 855
1 71 64 47 62 46 1 856
1 143 62 55 55 54 3 857
1 31 57 50 57 54 1 858
0 13 57 51 57 53 3 859
1 84 56 56 54 60 1 860
1 16 61 49 53 59 2 861
0 105 64 44 67 38 3 862
0 100 59 47 58 45 3 863
1 100 63 53 65 37 1 864
1 12 60 43 54 59 2 865
1 114 60 47 61 41 3 866
0 100 61 41 60 38 3 867
1 143 59 59 62 54 6 868
1 143 61 35 62 26 2 869
0 143 62 43 59 44 3 870
1 56 57 51 58 49 1 871
1 116 64 45 63 44 1 872
0 133 61 45 60 42 3 873
0 22 61 40 61 54 3 874
1 104 65 36 65 40 1 875
0 12 60 27 53 25 3 876
0 100 49 55 53 58 3 877
1 32 63 47 62 46 1 878
1 12 59 45 62 48 4 879
0 54 61 27 45 57 3 880
0 101 61 47 60 59 3 881
0 100 62 47 63 43 3 882
1 138 56 51 57 29 1 883
0 16 54 18 55 40 3 884
1 100 54 57 34 75 2 885
0 12 58 63 40 49 3 886
0 143 61 44 61 42 5 887
0 12 64 48 54 64 4 888
1 82 48 36 61 24 1 889
0 143 53 63 58 54 6 890
0 2 60 28 61 43 3 891
0 143 21 19 46 27 3 892
0 76 62 49 64 44 3 893
1 22 57 52 52 69 1 894
0 90 53 67 60 59 3 895
1 1 63 45 62 42 1 896
1 56 57 62 59 60 1 897
1 56 56 52 56 65 3 898
1 12 57 55 56 52 5 899
1 143 49 54 38 53 1 900
1 12 37 43 41 49 1 901
0 130 58 60 53 56 3 902
1 56 55 54 61 44 1 903
1 98 58 45 62 52 2 904
1 46 62 50 65 43 2 905
0 100 56 51 59 53 3 906
1 143 54 59 58 52 1 907
1 84 54 59 55 56 2 908
1 63 59 47 61 51 3 909
1 136 59 58 59 58 2 910
1 143 53 42 56 39 1 911
0 143 60 43 59 59 3 912
0 119 54 59 61 44 3 913
0 12 59 50 60 45 3 914
1 127 64 50 60 55 1 915
1 100 62 40 64 37 2 916
1 110 54 42 53 42 2 917
1 143 49 80 49 83 6 918
1 102 54 55 54 57 1 919
0 97 53 59 63 47 3 920
1 58 62 46 62 44 1 921
1 56 59 49 60 57 1 922
1 12 60 48 56 54 3 923
1 143 58 61 54 64 1 924
1 56 62 34 60 28 2 925
0 32 58 30 52 58 3 926
0 56 55 66 59 50 3 927
0 38 55 56 63 45 3 928
1 45 61 47 54 60 1 929
1 89 60 46 62 48 1 930
0 12 58 62 65 46 3 931
1 143 54 57 46 59 1 932
0 13 59 42 55 41 3 933
0 105 56 52 59 51 3 934
1 56 62 41 62 48 2 935
0 100 61 48 64 47 3 936
0 12 55 55 58 49 5 937
0 124 63 28 64 43 3 938
0 38 57 53 55 55 3 939
0 143 54 58 56 54 3 940
0 130 57 50 61 41 4 941
0 143 59 31 64 43 3 942
0 28 60 58 59 62 3 943
1 143 57 51 53 60 5 944
0 12 58 50 58 50 3 945
0 88 61 43 58 63 3 946
0 89 60 54 48 53 3 947
0 26 59 52 47 46 3 948
0 131 49 33 47 36 3 949
1 141 51 63 49 63 2 950
1 100 64 45 61 35 1 951
1 143 50 53 39 47 1 952
0 100 59 49 64 49 3 953
1 27 60 48 60 49 4 954
1 70 64 47 62 50 2 955
0 56 64 39 66 38 3 956
0 143 57 61 60 56 3 957
0 122 55 38 64 43 3 958
0 93 59 44 63 49 3 959
1 133 65 41 65 37 2 960
0 67 60 45 65 40 3 961
0 12 59 51 57 52 3 962
1 78 60 46 59 48 1 963
0 128 63 44 40 82 3 964
0 56 60 49 55 56 3 965
0 100 61 46 62 44 5 966
0 38 62 55 61 47 3 967
0 143 65 47 59 50 3 968
1 108 52 63 53 59 1 969
1 32 60 49 56 54 1 970
0 62 59 48 63 48 3 971
1 105 54 24 61 18 1 972
0 56 58 48 52 59 3 973
0 28 54 59 59 46 3 974
0 143 58 51 56 54 3 975
1 143 60 57 54 47 1 976
1 47 54 44 55 39 4 977
1 8 59 49 53 57 1 978
1 138 19 19 13 30 3 979
0 100 59 51 37 44 3 980
1 7 65 40 62 32 1 981
0 143 62 30 58 48 3 982
1 143 55 56 58 53 2 983
1 12 53 58 22 56 1 984
0 100 53 57 49 54 3 985
1 5 63 40 61 42 1 986
1 33 59 50 63 41 1 987
1 100 59 24 63 44 1 988
1 100 56 26 62 42 5 989
0 143 58 47 53 57 5 990
1 134 61 43 61 50 3 991
1 85 53 56 56 52 3 992
0 12 21 19 46 75 3 993
0 56 53 57 58 62 3 994
1 56 53 58 63 47 1 995
1 100 56 52 60 41 1 996
0 62 55 55 52 60 3 997
1 38 57 64 64 40 4 998
1 65 58 50 59 45 1 999
1 100 61 36 48 53 1 1000
1 12 59 49 62 41 1 1001
1 100 64 48 66 39 1 1002
1 100 48 56 58 60 5 1003
0 56 58 31 51 27 3 1004
0 140 58 48 61 50 3 1005
0 100 61 41 63 37 3 1006
0 29 64 47 62 50 3 1007
1 100 63 44 52 39 2 1008
1 12 51 78 40 46 1 1009
1 45 63 44 59 50 1 1010
0 92 54 71 46 55 3 1011
0 56 54 69 56 63 6 1012
1 46 53 58 69 12 1 1013
1 12 61 48 59 48 2 1014
0 21 61 50 61 48 3 1015
1 111 21 20 53 22 1 1016
0 79 62 41 64 47 3 1017
1 99 61 41 64 43 1 1018
1 118 55 56 50 81 2 1019
1 56 57 52 59 49 3 1020
1 86 64 39 63 44 1 1021
1 74 63 52 58 47 2 1022
0 95 60 43 65 37 3 1023
0 12 65 46 67 38 3 1024
1 56 62 44 60 44 3 1025
1 91 57 65 59 61 1 1026
1 100 61 47 62 48 5 1027
0 143 57 49 64 50 5 1028
0 100 58 46 53 54 5 1029
0 12 54 47 50 47 5 1030
1 89 60 43 60 60 2 1031
0 12 21 19 55 54 5 1032
1 56 59 46 60 46 1 1033
1 100 64 41 57 60 1 1034
1 56 61 54 53 67 1 1035
1 56 59 50 55 67 2 1036
0 56 57 64 63 47 3 1037
1 59 62 50 61 42 3 1038
0 75 57 51 53 56 3 1039
1 56 59 24 59 29 1 1040
1 113 59 42 63 52 1 1041
1 1 62 41 64 47 3 1042
1 143 60 46 61 44 5 1043
0 14 64 37 58 51 3 1044
1 100 53 59 41 51 1 1045
0 16 63 52 57 53 3 1046
0 94 61 53 62 52 3 1047
1 56 60 46 37 77 2 1048
0 91 60 48 54 56 3 1049
0 32 61 45 53 37 3 1050
0 12 57 62 55 65 6 1051
1 119 59 50 59 55 4 1052
0 94 57 65 59 60 3 1053
0 143 55 53 50 54 3 1054
1 19 54 56 54 64 2 1055
0 38 62 48 59 46 3 1056
1 100 58 60 58 63 5 1057
0 143 54 60 40 86 3 1058
0 100 61 39 65 39 3 1059
0 143 53 57 54 39 5 1060
1 13 62 41 56 53 4 1061
1 12 53 64 53 58 1 1062
1 56 59 43 58 49 1 1063
1 12 56 52 56 52 1 1064
1 143 58 50 58 49 5 1065
1 86 65 40 60 43 1 1066
1 56 64 41 59 47 1 1067
0 61 57 54 61 45 3 1068
0 100 61 43 63 45 5 1069
1 69 55 53 28 47 1 1070
0 143 62 47 64 44 3 1071
0 78 58 61 64 45 3 1072
0 12 60 43 58 57 3 1073
1 55 55 69 52 66 1 1074
0 143 53 68 60 54 3 1075
1 100 55 56 54 62 3 1076
1 22 59 44 60 46 1 1077
0 100 57 51 38 50 5 1078
1 56 63 40 63 43 3 1079
0 56 61 44 55 54 3 1080
0 143 57 62 57 58 3 1081
1 56 65 37 58 48 1 1082
1 29 64 47 61 45 4 1083
1 12 58 54 66 40 1 1084
0 57 54 58 57 64 3 1085
0 12 64 40 58 50 3 1086
0 100 60 49 61 47 3 1087
1 107 60 48 57 54 1 1088
1 56 59 60 55 67 5 1089
0 12 56 39 54 32 3 1090
1 12 54 55 55 68 2 1091
0 143 62 44 60 55 3 1092
1 12 54 59 61 49 4 1093
0 47 60 43 58 48 3 1094
1 8 54 54 57 62 1 1095
1 100 64 39 41 68 2 1096
0 101 65 36 58 50 3 1097
1 124 59 48 55 54 1 1098
0 29 62 41 58 50 3 1099
0 100 60 58 54 68 3 1100
0 56 19 19 28 2 3 1101
1 100 59 53 62 50 1 1102
0 56 65 49 62 42 3 1103
0 100 61 50 51 35 3 1104
1 100 60 42 61 43 2 1105
1 103 59 49 57 53 2 1106
0 39 55 64 62 48 3 1107
0 74 58 44 56 52 3 1108
1 12 60 41 58 63 1 1109
1 100 57 53 59 52 1 1110
0 56 53 60 60 50 3 1111
0 41 55 54 58 48 3 1112
0 46 54 57 60 48 3 1113
0 12 56 41 62 36 3 1114
1 135 51 77 53 73 1 1115
0 12 56 51 55 54 3 1116
0 142 61 43 61 46 3 1117
0 100 56 38 52 37 3 1118
0 100 55 41 59 46 3 1119
0 143 55 40 63 32 3 1120
0 100 55 53 60 42 3 1121
1 143 61 49 60 47 6 1122
0 66 61 40 62 32 3 1123
1 100 53 57 55 52 1 1124
0 65 60 42 62 50 3 1125
1 79 59 50 58 61 2 1126
1 133 54 57 58 49 1 1127
1 70 66 37 59 46 2 1128
0 62 53 57 56 55 3 1129
1 12 59 31 52 59 1 1130
0 95 58 63 64 42 3 1131
0 56 52 35 49 46 5 1132
0 12 59 48 53 60 6 1133
0 125 58 50 50 81 3 1134
0 56 52 64 61 53 5 1135
1 111 60 47 54 58 2 1136
1 143 61 54 59 44 5 1137
0 131 64 50 65 45 3 1138
1 143 58 49 66 37 4 1139
1 49 64 47 46 32 1 1140
1 81 54 38 56 38 1 1141
1 100 64 41 64 45 2 1142
0 56 49 53 52 51 3 1143
1 100 63 41 59 49 3 1144
0 12 56 54 54 58 3 1145
1 10 56 52 64 45 1 1146
1 12 55 58 62 46 5 1147
1 35 61 46 57 60 3 1148
0 24 59 48 59 51 3 1149
1 4 63 40 59 44 1 1150
0 56 59 50 57 52 6 1151
0 143 63 47 60 30 3 1152
0 48 55 52 56 63 3 1153
0 127 54 57 52 60 3 1154
0 100 60 42 64 44 3 1155
1 12 53 56 55 55 5 1156
0 100 61 24 58 60 3 1157
1 143 60 56 58 61 6 1158
1 100 60 48 60 43 3 1159
0 100 59 31 58 39 3 1160
1 138 61 48 48 54 4 1161
1 23 60 42 58 44 4 1162
1 143 64 37 63 44 3 1163
0 12 65 40 63 48 3 1164
0 12 62 49 65 38 3 1165
0 1 62 39 67 37 3 1166
1 65 57 54 59 60 2 1167
1 12 54 61 63 33 1 1168
1 56 65 47 63 51 1 1169
1 56 58 52 60 55 1 1170
0 12 54 56 55 54 5 1171
0 104 60 48 61 45 3 1172
0 12 64 47 57 52 3 1173
0 46 59 50 64 50 3 1174
0 94 48 57 30 54 3 1175
1 70 58 63 64 42 1 1176
1 92 64 42 67 18 1 1177
1 100 63 50 57 63 1 1178
1 143 54 48 60 45 1 1179
0 100 61 41 62 47 3 1180
1 44 60 49 60 40 1 1181
1 100 60 44 61 42 1 1182
0 88 65 47 54 28 3 1183
0 56 63 48 64 50 5 1184
0 143 57 64 53 65 3 1185
1 138 60 47 64 49 1 1186
1 12 58 54 61 48 6 1187
0 12 66 39 58 48 3 1188
1 56 62 46 62 48 1 1189
1 56 60 42 60 36 1 1190
0 12 60 59 61 57 3 1191
0 87 62 39 64 42 3 1192
1 27 52 57 57 65 3 1193
0 56 54 58 58 52 3 1194
1 56 57 62 54 61 2 1195
0 105 58 50 56 51 3 1196
1 143 55 39 54 39 1 1197
1 12 59 58 60 43 2 1198
1 48 61 47 47 55 1 1199
1 94 61 49 60 48 2 1200
0 57 64 46 60 48 3 1201
0 143 62 49 63 50 3 1202
1 12 56 52 61 43 1 1203
1 86 59 44 50 38 1 1204
1 100 57 64 55 54 1 1205
0 80 61 55 57 63 3 1206
1 141 61 40 61 57 1 1207
0 143 60 44 59 48 5 1208
1 84 59 43 61 45 1 1209
1 12 56 65 64 41 2 1210
0 12 60 47 55 65 4 1211
1 120 60 44 55 53 2 1212
0 70 65 41 59 47 3 1213
0 100 57 51 59 47 3 1214
0 56 66 40 53 61 3 1215
0 56 57 52 59 59 3 1216
0 15 65 39 59 49 3 1217
1 64 55 53 52 59 1 1218
1 98 65 47 60 44 1 1219
0 40 58 62 55 65 3 1220
0 135 59 48 57 60 3 1221
1 124 62 48 60 58 2 1222
0 62 60 57 53 57 3 1223
1 56 62 53 36 55 1 1224
1 143 63 48 65 46 1 1225
0 100 52 41 54 40 3 1226
1 10 59 46 53 58 1 1227
0 143 59 51 63 47 3 1228
1 26 59 27 54 31 1 1229
1 53 61 31 53 57 2 1230
0 39 54 57 61 48 3 1231
0 12 61 52 59 51 3 1232
0 56 60 46 57 43 3 1233
1 56 56 38 52 30 2 1234
0 12 54 59 60 45 3 1235
0 100 65 40 62 54 3 1236
1 46 57 51 57 50 1 1237
0 12 54 56 57 61 3 1238
1 12 58 51 60 47 1 1239
0 56 58 52 54 58 3 1240
1 103 61 42 64 47 3 1241
1 98 49 54 46 54 3 1242
1 20 62 49 64 41 1 1243
0 143 53 60 53 60 3 1244
1 143 58 46 62 46 4 1245
1 0 60 34 54 56 2 1246
1 100 64 47 65 37 4 1247
0 143 55 65 52 75 3 1248
1 36 60 46 57 49 1 1249
1 105 64 45 63 43 1 1250
0 12 63 46 54 60 3 1251
1 12 55 64 54 61 1 1252
1 61 64 46 64 37 1 1253
1 143 60 42 64 44 5 1254
1 100 51 39 60 43 6 1255
1 12 56 52 55 54 2 1256
1 56 62 48 64 47 1 1257
0 100 54 56 59 50 3 1258
0 126 50 34 61 36 3 1259
1 100 55 57 56 51 5 1260
1 100 58 63 54 59 1 1261
1 56 59 50 59 54 2 1262
1 16 57 52 54 57 2 1263
1 12 60 35 47 47 4 1264
1 12 56 52 61 48 1 1265
0 143 57 53 59 50 3 1266
0 12 55 41 52 65 3 1267
1 56 60 38 57 63 3 1268
1 1 53 60 52 57 1 1269
0 100 53 56 59 41 3 1270
0 130 50 30 59 48 3 1271
0 100 59 47 59 51 5 1272
0 12 59 49 56 51 3 1273
1 143 57 52 60 43 1 1274
1 62 57 64 64 40 3 1275
1 71 47 54 56 61 1 1276
1 70 64 37 55 56 4 1277
0 56 64 42 66 39 5 1278
1 143 64 40 55 65 1 1279
1 143 52 71 54 5 5 1280
0 65 61 50 62 43 4 1281
1 119 58 51 53 58 1 1282
1 62 55 53 52 57 1 1283
1 56 55 56 55 58 1 1284
1 100 58 52 56 54 1 1285
0 48 56 63 54 67 3 1286
0 114 58 50 56 54 3 1287
1 143 64 43 59 50 6 1288
0 39 54 57 58 50 3 1289
1 100 58 60 54 60 4 1290
0 2 60 43 64 43 3 1291
1 100 59 60 61 54 1 1292
0 12 62 42 63 44 6 1293
1 12 63 39 64 43 1 1294
0 100 53 57 54 61 3 1295
1 65 63 46 56 64 1 1296
1 141 63 48 59 60 1 1297
1 70 59 50 60 46 1 1298
0 12 59 48 33 43 5 1299
1 8 53 58 56 54 1 1300
1 55 59 48 59 48 1 1301
1 105 39 45 48 51 2 1302
0 12 64 49 65 47 3 1303
1 100 62 53 58 51 1 1304
0 56 61 42 61 45 3 1305
0 124 54 33 50 34 3 1306
0 12 58 54 60 49 3 1307
1 100 60 48 62 41 6 1308
1 143 64 44 61 46 2 1309
0 62 60 51 60 49 3 1310
1 56 60 49 61 41 2 1311
1 12 58 54 57 33 1 1312
1 12 57 54 55 55 2 1313
1 45 61 42 62 46 1 1314
0 6 55 53 54 57 3 1315
0 12 64 48 66 38 3 1316
0 100 19 19 26 32 5 1317
0 12 54 60 52 70 3 1318
1 84 51 41 63 42 1 1319
0 56 65 41 61 48 5 1320
0 143 61 43 61 43 3 1321
0 143 57 53 51 65 5 1322
0 143 58 53 58 52 3 1323
1 75 60 48 56 51 2 1324
0 143 56 56 56 54 3 1325
1 73 57 54 31 31 2 1326
1 12 55 57 40 68 5 1327
0 100 52 71 43 82 3 1328
0 143 54 58 55 61 3 1329
0 56 61 40 63 41 3 1330
1 22 63 47 62 48 4 1331
0 100 60 49 61 49 5 1332
0 122 49 67 53 64 3 1333
1 29 58 48 58 30 1 1334
0 100 58 51 58 61 3 1335
1 12 52 67 51 66 6 1336
1 24 64 47 60 55 4 1337
1 100 63 43 63 43 1 1338
1 56 61 40 61 47 2 1339
0 123 59 56 54 69 3 1340
1 56 64 51 64 51 2 1341
1 100 58 45 59 58 5 1342
1 51 48 48 60 49 3 1343
1 100 55 57 55 53 1 1344
1 135 53 58 65 43 1 1345
0 143 57 63 51 65 3 1346
1 12 55 52 55 53 6 1347
0 112 62 51 60 35 3 1348
1 100 59 43 59 44 2 1349
0 143 58 54 55 54 3 1350
1 8 51 79 51 78 1 1351
1 56 59 59 57 52 2 1352
1 100 64 48 59 50 1 1353
1 56 60 48 58 53 2 1354
0 48 59 45 59 49 3 1355
0 105 59 25 50 37 3 1356
1 114 58 63 52 57 2 1357
0 78 58 61 57 61 3 1358
1 100 59 50 50 28 1 1359
0 34 62 46 59 47 3 1360
0 56 57 51 59 50 6 1361
0 56 61 40 63 44 3 1362
0 108 65 39 60 43 3 1363
1 100 58 60 59 47 6 1364
0 143 58 48 59 58 4 1365
0 23 57 60 59 62 3 1366
1 15 61 49 58 59 1 1367
1 100 63 49 49 36 2 1368
1 100 60 47 61 49 1 1369
0 24 59 48 63 51 3 1370
1 95 55 55 55 53 1 1371
0 100 52 58 58 59 3 1372
0 100 56 54 55 40 3 1373
1 101 62 44 62 53 2 1374
0 100 59 44 58 50 3 1375
0 100 59 55 57 59 3 1376
0 73 54 43 61 40 4 1377
0 56 53 60 59 51 3 1378
0 12 56 55 57 64 5 1379
0 12 56 67 51 79 3 1380
0 56 53 72 50 75 3 1381
0 56 64 45 62 53 3 1382
0 105 63 53 60 54 3 1383
1 12 57 52 54 59 5 1384
0 100 57 54 55 54 5 1385
0 143 58 51 58 61 3 1386
0 12 61 53 64 37 3 1387
0 29 62 48 47 48 3 1388
1 100 64 50 64 47 2 1389
0 100 59 42 54 55 3 1390
0 55 60 48 63 29 3 1391
1 30 61 53 65 36 2 1392
0 100 60 31 64 39 3 1393
1 100 61 25 53 28 1 1394
0 100 48 37 54 45 4 1395
1 100 58 51 63 38 2 1396
0 143 51 79 66 38 3 1397
1 56 56 52 61 50 1 1398
0 90 64 45 64 45 3 1399
1 20 64 50 65 47 4 1400
1 111 63 45 59 44 1 1401
1 103 63 44 55 55 1 1402
0 100 58 51 60 51 3 1403
1 100 62 51 63 45 3 1404
1 62 62 53 66 38 4 1405
0 12 60 46 66 38 3 1406
0 12 57 53 54 55 3 1407
1 13 65 39 57 50 1 1408
1 56 59 46 64 44 3 1409
0 100 57 54 59 53 3 1410
0 26 62 43 54 59 3 1411
1 115 63 41 61 55 3 1412
0 12 63 44 56 51 5 1413
0 118 54 56 60 55 3 1414
0 56 63 40 61 58 3 1415
0 46 61 47 56 38 3 1416
0 106 61 49 64 45 4 1417
0 110 60 58 54 55 3 1418
0 141 61 45 62 25 3 1419
0 100 53 59 58 46 3 1420
1 139 57 51 63 37 4 1421
1 56 65 39 58 63 1 1422
1 86 63 45 58 60 1 1423
0 79 64 37 60 28 3 1424
0 100 60 40 59 50 3 1425
1 143 61 40 53 58 1 1426
1 12 60 51 61 50 3 1427
0 100 52 56 57 61 3 1428
0 143 61 48 53 58 3 1429
1 100 62 48 60 47 1 1430
0 100 53 41 54 31 3 1431
1 143 64 50 54 59 1 1432
0 100 59 50 61 42 5 1433
1 100 55 40 54 47 1 1434
1 12 47 55 45 56 1 1435
1 70 59 42 63 40 1 1436
0 11 60 47 59 50 3 1437
1 24 56 38 59 42 2 1438
0 4 53 56 60 36 4 1439
1 100 65 49 60 51 2 1440
1 143 62 48 60 51 5 1441
0 140 64 40 62 45 3 1442
1 12 52 61 51 63 5 1443
0 5 54 44 61 31 3 1444
0 114 57 51 46 48 3 1445
1 100 60 42 52 60 2 1446
1 12 60 56 65 36 1 1447
0 46 63 52 61 49 3 1448
1 116 64 48 65 38 1 1449
1 143 65 45 65 45 1 1450
1 56 54 70 55 66 1 1451
1 51 56 57 56 65 1 1452
1 100 64 47 56 56 1 1453
0 61 60 43 60 57 3 1454
1 123 61 40 55 68 3 1455
0 124 56 53 54 41 3 1456
1 81 50 47 50 47 1 1457
0 100 57 60 56 54 5 1458
0 100 60 49 58 53 6 1459
0 56 64 47 58 52 3 1460
1 143 59 44 59 47 1 1461
0 56 59 47 59 48 4 1462
1 56 48 56 58 48 1 1463
0 38 59 26 59 29 3 1464
1 111 59 61 56 55 2 1465
0 2 54 59 52 58 3 1466
0 56 63 28 62 39 6 1467
0 100 59 43 63 41 3 1468
1 100 61 45 61 49 1 1469
1 56 55 67 63 44 6 1470
1 12 60 57 61 53 1 1471
0 56 59 46 46 72 3 1472
1 143 60 46 63 53 5 1473
1 143 64 50 64 47 2 1474
0 12 57 51 61 56 3 1475
0 29 59 50 44 42 3 1476
0 84 61 34 62 45 3 1477
0 56 57 57 54 56 5 1478
1 100 61 41 55 69 3 1479
1 77 56 52 57 52 4 1480
0 100 58 48 54 55 5 1481
1 56 59 53 55 55 5 1482
1 100 60 31 62 31 1 1483
1 56 61 55 61 49 1 1484
1 56 53 50 62 42 2 1485
1 143 56 51 65 38 1 1486
1 100 64 47 64 49 5 1487
0 12 55 54 50 55 3 1488
0 74 60 44 60 39 3 1489
1 143 47 52 45 52 1 1490
1 54 61 49 55 57 1 1491
0 143 53 58 59 58 3 1492
1 100 58 49 59 46 1 1493
0 100 62 42 59 50 3 1494
1 56 63 43 62 47 5 1495
0 53 54 57 41 81 3 1496
0 12 63 54 61 56 6 1497
1 109 56 32 60 33 2 1498
1 141 57 63 46 90 1 1499
1 143 61 45 55 56 1 1500
0 77 60 42 49 81 3 1501
0 56 59 49 56 38 3 1502
0 100 63 28 66 38 3 1503
1 11 61 57 59 60 2 1504
0 133 56 67 50 66 3 1505
1 33 60 47 46 57 1 1506
0 133 59 47 65 36 3 1507
0 78 60 56 55 52 3 1508
0 100 53 58 55 56 5 1509
1 111 47 55 43 49 2 1510
0 100 61 44 61 42 3 1511
0 71 62 48 56 63 3 1512
0 100 59 51 60 50 5 1513
1 100 59 48 62 49 1 1514
0 100 60 45 60 55 3 1515
0 15 58 48 55 63 3 1516
0 12 59 59 53 57 3 1517
1 92 62 49 66 36 1 1518
0 23 60 49 59 50 3 1519
0 100 56 53 62 54 3 1520
1 143 55 39 48 37 1 1521
0 139 59 58 58 49 3 1522
0 104 47 48 62 44 3 1523
0 25 55 54 52 62 3 1524
0 10 55 57 57 55 3 1525
1 133 62 43 59 58 1 1526
1 98 52 58 58 26 1 1527
0 143 59 43 52 36 5 1528
0 40 56 56 57 52 3 1529
0 100 58 54 60 59 3 1530
1 143 56 62 59 50 2 1531
1 92 54 56 56 53 1 1532
0 12 61 41 61 47 3 1533
0 84 53 59 64 50 3 1534
0 100 54 58 56 56 3 1535
1 125 57 62 60 58 1 1536
0 35 61 49 62 40 3 1537
1 34 61 48 61 49 1 1538
1 138 64 50 60 54 3 1539
0 135 58 63 64 42 3 1540
0 12 65 39 62 52 3 1541
1 100 55 54 56 54 1 1542
1 56 45 53 55 54 1 1543
1 143 60 58 62 32 6 1544
0 56 63 46 59 53 3 1545
1 100 56 62 62 50 1 1546
1 4 58 53 54 58 4 1547
0 49 64 50 60 54 3 1548
1 56 53 57 45 51 1 1549
0 37 59 61 50 77 3 1550
0 143 60 56 64 43 6 1551
0 74 60 44 61 42 3 1552
1 12 63 47 55 53 2 1553
1 80 64 42 61 43 2 1554
0 35 53 58 56 52 3 1555
0 56 59 44 59 44 5 1556
1 72 54 45 52 38 3 1557
0 7 65 39 61 50 4 1558
1 12 59 59 58 60 1 1559
1 77 59 60 55 67 2 1560
1 28 64 45 59 50 1 1561
1 109 63 47 59 48 1 1562
1 19 60 48 62 49 1 1563
0 143 51 35 51 35 3 1564
1 143 58 51 58 49 1 1565
1 111 64 47 60 54 1 1566
1 56 66 39 65 37 1 1567
1 70 61 55 55 58 1 1568
0 12 48 53 46 51 5 1569
1 100 59 49 58 58 1 1570
1 112 65 36 61 40 1 1571
1 56 60 43 63 47 2 1572
1 12 53 38 54 37 5 1573
0 22 60 55 59 58 3 1574
0 143 55 65 45 89 3 1575
1 12 58 53 62 40 5 1576
0 143 58 50 57 51 3 1577
0 57 47 56 35 49 3 1578
1 59 54 71 51 65 1 1579
0 12 64 53 65 38 3 1580
0 9 60 43 54 40 3 1581
0 16 63 51 59 44 3 1582
1 98 58 61 52 56 1 1583
1 71 61 42 54 55 1 1584
0 45 56 52 61 41 4 1585
1 8 62 44 61 46 1 1586
1 65 60 50 61 56 1 1587
0 7 59 44 62 51 3 1588
1 12 57 51 57 50 1 1589
0 38 60 43 57 49 4 1590
1 143 57 52 59 46 1 1591
0 48 54 57 65 42 3 1592
0 101 58 51 59 43 3 1593
1 49 56 58 51 78 2 1594
0 143 61 48 42 50 3 1595
1 70 64 40 64 50 3 1596
1 46 54 59 63 44 2 1597
1 12 65 47 60 46 2 1598
0 143 63 47 64 45 3 1599
1 143 55 57 62 48 5 1600
1 56 54 66 62 55 5 1601
1 143 59 49 61 42 2 1602
0 56 58 54 62 52 3 1603
1 70 52 64 44 81 1 1604
1 138 65 39 49 54 1 1605
0 57 58 52 59 47 3 1606
0 113 64 44 48 48 3 1607
1 141 49 67 52 75 3 1608
0 56 59 44 64 50 3 1609
0 56 56 56 53 60 5 1610
1 143 52 70 53 70 3 1611
1 12 59 54 55 54 5 1612
1 143 60 55 61 54 5 1613
1 12 62 42 80 18 1 1614
0 139 57 64 57 60 3 1615
0 121 52 65 54 66 3 1616
1 97 57 53 58 49 2 1617
0 59 59 57 59 47 3 1618
0 88 55 57 54 55 3 1619
1 26 56 56 54 56 2 1620
1 66 60 48 60 48 2 1621
0 56 53 59 57 52 5 1622
0 76 61 54 64 48 3 1623
0 12 41 49 36 55 3 1624
1 100 55 39 64 38 1 1625
1 56 62 41 66 38 2 1626
1 139 64 45 52 66 1 1627
1 84 65 37 61 51 1 1628
1 12 54 58 23 24 6 1629
1 100 61 54 61 46 2 1630
1 12 51 79 51 78 1 1631
0 119 59 50 18 50 3 1632
1 143 61 41 64 44 1 1633
1 114 53 60 54 54 1 1634
1 12 59 45 57 50 1 1635
0 100 54 67 57 54 3 1636
1 8 65 40 66 37 1 1637
0 40 61 31 59 45 3 1638
0 12 58 48 55 59 3 1639
0 143 57 55 59 53 6 1640
0 47 54 56 62 51 3 1641
0 56 54 40 57 31 3 1642
1 12 59 46 61 43 5 1643
1 56 55 56 52 61 5 1644
1 130 56 63 60 55 1 1645
1 143 59 54 60 47 2 1646
0 29 62 55 60 48 4 1647
1 100 60 45 49 65 2 1648
1 44 61 43 62 49 1 1649
0 17 64 50 61 49 3 1650
0 143 64 43 61 49 3 1651
1 100 51 77 50 73 3 1652
1 12 54 55 55 53 1 1653
1 2 60 59 58 62 1 1654
0 12 54 71 59 48 3 1655
0 50 59 59 57 65 3 1656
1 100 61 42 65 36 1 1657
0 127 61 46 56 52 3 1658
1 143 63 43 60 42 6 1659
0 110 60 49 56 53 3 1660
0 100 57 52 54 59 3 1661
0 129 57 52 63 47 3 1662
1 143 58 58 58 51 1 1663
1 143 65 44 59 47 2 1664
1 56 56 53 42 48 1 1665
1 12 59 32 60 33 1 1666
0 56 56 66 48 84 3 1667
0 114 59 57 49 82 3 1668
1 114 60 58 60 46 2 1669
1 143 51 61 52 68 1 1670
0 27 58 49 48 49 3 1671
0 143 56 57 59 60 3 1672
1 143 60 47 63 29 1 1673
0 100 63 41 63 41 3 1674
0 44 60 58 54 69 3 1675
0 56 57 53 58 50 3 1676
0 71 53 57 46 54 3 1677
1 56 59 48 60 56 2 1678
1 100 59 48 61 43 1 1679
0 15 66 36 62 50 3 1680
0 38 59 50 60 47 3 1681
1 105 58 48 60 42 2 1682
0 56 56 52 59 42 3 1683
0 56 57 52 64 42 3 1684
0 12 62 52 62 51 3 1685
1 56 61 41 59 50 1 1686
0 100 50 34 49 34 3 1687
1 54 62 44 59 58 1 1688
0 113 60 45 56 62 3 1689
0 100 59 48 63 46 3 1690
1 43 56 57 53 56 1 1691
1 143 59 61 65 39 1 1692
1 143 59 51 54 57 1 1693
1 40 65 46 62 47 1 1694
1 15 59 44 59 42 1 1695
1 76 57 51 57 50 1 1696
0 35 59 47 54 54 3 1697
1 56 55 39 63 41 2 1698
0 12 56 64 57 54 5 1699
1 126 54 58 52 61 2 1700
0 100 61 48 46 22 3 1701
1 2 58 49 61 50 1 1702
1 100 56 55 55 63 1 1703
0 12 60 40 65 47 3 1704
0 100 46 56 60 40 5 1705
1 106 57 65 56 62 2 1706
0 12 60 49 50 53 3 1707
0 135 55 57 64 37 3 1708
0 56 57 56 64 49 3 1709
0 56 55 55 54 58 3 1710
1 117 57 65 59 60 2 1711
0 143 59 61 56 51 3 1712
0 57 54 56 62 46 3 1713
1 54 53 53 55 53 3 1714
1 15 59 51 59 48 3 1715
0 139 60 57 41 84 3 1716
0 100 61 54 61 53 3 1717
1 143 57 54 56 56 1 1718
1 143 48 36 50 38 6 1719
1 12 59 48 62 46 1 1720
1 12 55 55 58 58 1 1721
0 89 58 51 55 55 3 1722
0 31 61 58 58 49 3 1723
0 100 57 54 56 56 3 1724
0 56 55 56 54 58 5 1725
0 100 60 42 55 53 3 1726
0 143 54 56 56 53 3 1727
1 142 60 48 60 42 1 1728
1 79 54 57 53 58 2 1729
0 100 62 47 59 47 3 1730
0 143 58 50 54 58 6 1731
1 32 65 38 54 56 1 1732
1 89 59 54 61 42 1 1733
1 12 61 50 58 48 1 1734
0 100 56 66 66 38 6 1735
0 56 64 44 70 43 3 1736
0 56 54 40 54 44 3 1737
0 42 59 48 59 50 3 1738
1 63 61 40 54 40 3 1739
1 100 61 44 65 37 3 1740
1 143 65 37 60 42 5 1741
0 143 54 56 58 51 3 1742
0 12 60 49 66 38 3 1743
1 100 65 38 66 36 4 1744
1 100 53 43 53 43 1 1745
1 108 61 45 59 47 1 1746
0 23 59 47 61 49 3 1747
1 110 51 79 51 79 1 1748
0 94 59 50 60 47 3 1749
0 143 60 58 61 55 3 1750
1 86 56 57 54 37 1 1751
1 100 57 51 57 50 1 1752
1 56 61 47 60 57 6 1753
0 53 61 57 58 63 4 1754
1 100 52 39 51 42 1 1755
1 83 59 48 54 31 2 1756
0 12 65 41 60 47 3 1757
0 143 65 41 63 44 3 1758
1 143 61 58 58 49 1 1759
0 84 52 56 55 58 3 1760
1 78 61 53 58 45 4 1761
0 143 61 46 58 62 3 1762
0 73 60 46 59 45 3 1763
1 12 58 51 56 52 5 1764
1 143 56 52 55 53 6 1765
0 31 57 50 53 57 3 1766
0 143 56 56 59 43 5 1767
0 56 59 48 61 44 3 1768
1 4 56 52 54 57 1 1769
1 61 55 53 53 59 2 1770
0 113 66 40 65 45 3 1771
0 48 62 48 61 40 3 1772
1 72 60 38 64 45 2 1773
0 100 58 49 59 53 5 1774
0 62 53 29 57 30 3 1775
1 40 60 53 53 59 1 1776
1 113 62 49 60 42 1 1777
0 124 60 45 67 37 3 1778
1 12 58 48 59 47 1 1779
1 2 59 50 58 49 2 1780
1 100 56 62 54 60 1 1781
1 133 62 45 59 55 2 1782
1 115 51 67 54 66 1 1783
0 56 56 53 53 61 3 1784
0 56 63 43 65 46 6 1785
1 143 65 42 63 44 1 1786
0 41 60 44 58 49 3 1787
0 143 61 31 56 65 3 1788
0 117 61 41 52 29 3 1789
0 100 62 51 60 44 3 1790
1 118 58 49 59 47 1 1791
1 143 63 47 61 48 1 1792
1 143 61 44 53 57 1 1793
0 92 63 45 63 45 3 1794
1 12 60 54 56 53 1 1795
1 56 60 44 63 47 1 1796
1 128 55 59 44 52 2 1797
0 143 60 50 55 55 3 1798
1 100 63 48 59 46 5 1799
0 143 65 39 61 49 6 1800
1 19 59 60 61 46 1 1801
1 142 63 30 57 53 1 1802
0 56 55 53 63 45 3 1803
0 56 54 32 52 32 3 1804
0 9 61 43 53 73 3 1805
0 52 63 46 61 57 3 1806
1 103 62 53 62 49 1 1807
0 100 61 56 60 59 3 1808
0 16 64 42 60 49 3 1809
0 12 66 39 53 57 3 1810
0 38 63 47 61 54 3 1811
0 66 62 45 55 58 3 1812
1 100 60 56 52 57 1 1813
1 56 62 48 58 33 3 1814
0 143 65 37 58 41 3 1815
1 29 59 55 63 46 1 1816
0 56 60 42 58 49 3 1817
1 22 58 62 56 66 1 1818
0 12 54 65 59 51 3 1819
1 44 60 48 62 51 2 1820
1 40 55 57 57 53 1 1821
0 143 57 64 44 48 3 1822
0 100 61 47 59 48 3 1823
0 12 63 41 58 51 3 1824
0 143 59 58 61 50 3 1825
0 143 61 45 63 42 3 1826
0 56 59 50 61 46 3 1827
0 12 57 53 54 55 6 1828
1 56 65 40 62 50 1 1829
0 12 0 27 56 62 3 1830
1 143 63 48 63 51 5 1831
0 100 60 55 58 51 3 1832
1 95 58 63 60 54 1 1833
1 5 62 45 61 43 1 1834
1 40 59 54 54 60 1 1835
1 56 62 49 64 46 1 1836
0 24 62 42 61 42 4 1837
1 143 59 46 54 59 1 1838
1 137 63 42 60 44 3 1839
0 48 57 64 60 55 3 1840
0 93 63 49 63 46 3 1841
0 100 57 53 55 56 3 1842
1 100 51 64 61 44 1 1843
0 65 59 43 58 53 3 1844
0 100 54 57 53 56 3 1845
0 84 62 41 62 52 3 1846
0 105 63 48 62 45 3 1847
1 100 62 44 60 46 2 1848
1 107 60 46 59 49 1 1849
1 100 60 49 59 45 6 1850
0 76 58 62 59 61 3 1851
1 12 57 61 60 43 1 1852
1 12 55 65 59 47 5 1853
0 12 64 38 62 42 3 1854
1 12 59 57 58 51 1 1855
1 143 58 62 52 70 1 1856
0 56 59 44 61 43 3 1857
1 67 59 39 52 78 1 1858
0 56 58 62 65 40 3 1859
1 127 56 61 59 39 2 1860
0 12 59 28 47 28 6 1861
1 103 63 49 60 55 1 1862
0 143 61 46 59 47 3 1863
1 49 63 52 61 45 2 1864
0 143 57 52 56 52 6 1865
1 143 59 49 60 44 5 1866
1 41 56 56 59 59 1 1867
0 100 21 19 31 0 3 1868
0 12 61 32 60 29 6 1869
1 100 62 49 67 37 1 1870
0 56 55 54 53 58 3 1871
1 143 54 64 57 62 6 1872
0 143 61 42 64 43 3 1873
0 12 57 53 54 58 3 1874
1 56 51 62 51 64 1 1875
1 100 59 61 63 46 1 1876
1 56 58 29 56 57 5 1877
0 116 56 66 55 61 3 1878
1 143 63 51 64 48 3 1879
0 100 59 49 55 53 3 1880
1 12 59 58 56 52 1 1881
1 6 56 65 52 76 4 1882
1 12 60 49 61 49 3 1883
1 100 62 33 59 47 3 1884
0 143 63 52 64 47 3 1885
1 12 62 52 59 50 1 1886
0 122 57 51 60 51 3 1887
0 35 54 55 52 57 3 1888
0 100 63 49 64 40 3 1889
1 82 59 46 63 46 1 1890
0 132 51 62 53 64 3 1891
1 83 53 60 57 64 2 1892
1 12 54 57 54 56 1 1893
0 130 62 53 58 50 3 1894
0 132 58 60 52 76 3 1895
1 56 59 44 58 47 1 1896
1 100 54 57 55 57 1 1897
1 12 59 51 60 48 1 1898
0 86 64 47 62 42 3 1899
1 143 56 52 63 45 5 1900
1 56 59 48 46 53 1 1901
1 48 59 46 62 41 1 1902
1 65 64 45 59 45 1 1903
1 114 54 32 52 57 1 1904
0 114 56 52 41 73 3 1905
0 56 62 51 64 43 3 1906
0 24 64 47 60 42 3 1907
0 143 63 39 57 52 3 1908
1 56 64 48 57 50 1 1909
0 52 65 47 59 45 3 1910
0 140 56 55 56 50 3 1911
1 56 56 53 59 49 1 1912
0 56 57 53 60 41 3 1913
0 143 55 56 54 59 3 1914
1 100 62 52 64 48 1 1915
1 95 63 45 61 46 1 1916
1 143 58 62 55 68 3 1917
0 12 56 53 55 54 3 1918
1 56 60 49 38 51 3 1919
0 143 59 47 55 55 3 1920
0 70 57 65 60 43 3 1921
0 12 57 54 58 57 3 1922
1 47 60 53 38 57 4 1923
1 141 54 39 57 33 1 1924
1 105 50 51 55 58 1 1925
0 12 52 58 55 61 6 1926
0 26 57 63 56 54 4 1927
0 111 55 55 57 52 3 1928
1 0 58 50 59 44 2 1929
1 73 55 39 56 32 1 1930
1 57 53 43 47 36 1 1931
0 143 60 49 61 43 3 1932
0 100 54 58 43 36 5 1933
0 24 59 45 58 50 3 1934
1 12 58 50 58 49 4 1935
0 100 56 53 55 53 3 1936
0 56 62 50 64 43 6 1937
0 15 53 59 61 54 3 1938
0 143 56 57 65 37 3 1939
0 143 61 44 60 47 3 1940
0 143 63 41 59 35 3 1941
0 143 55 66 58 60 3 1942
0 12 65 47 59 52 3 1943
1 100 60 41 60 48 1 1944
1 24 62 52 61 56 1 1945
1 143 61 41 60 55 1 1946
0 20 58 51 58 48 3 1947
1 33 59 45 51 33 1 1948
1 135 61 43 61 49 2 1949
1 100 63 45 61 44 1 1950
0 16 59 46 58 49 3 1951
1 50 54 57 60 47 2 1952
1 68 64 47 69 43 1 1953
1 12 58 51 54 59 2 1954
1 97 60 47 61 50 1 1955
0 59 62 49 64 41 3 1956
0 143 64 46 65 36 3 1957
0 134 61 54 62 52 3 1958
0 57 61 48 65 40 3 1959
0 72 62 52 55 40 3 1960
1 84 64 47 57 64 2 1961
0 12 61 46 59 49 6 1962
0 133 59 41 52 75 3 1963
0 100 59 42 57 51 3 1964
1 143 55 51 63 53 2 1965
1 56 56 52 59 47 5 1966
1 12 65 36 65 38 1 1967
0 60 56 52 61 50 3 1968
1 97 53 58 58 51 1 1969
0 27 54 55 61 41 3 1970
0 12 61 32 62 30 3 1971
0 12 61 45 66 38 3 1972
0 100 56 61 54 70 3 1973
1 100 55 53 53 72 1 1974
0 12 61 54 59 59 3 1975
1 95 60 57 54 56 1 1976
0 45 53 42 49 54 3 1977
1 117 57 57 57 57 1 1978
1 100 54 56 53 59 1 1979
1 99 56 66 59 46 1 1980
0 12 54 57 59 49 3 1981
1 100 63 44 53 56 1 1982
0 91 58 50 59 49 3 1983
0 56 63 47 53 58 3 1984
1 100 55 60 55 55 1 1985
1 56 61 42 60 58 1 1986
1 100 57 55 53 56 1 1987
0 143 58 49 60 44 3 1988
1 56 62 49 63 45 1 1989
0 12 53 72 59 60 5 1990
1 12 58 59 65 51 1 1991
1 100 60 43 54 55 2 1992
0 16 62 24 55 39 3 1993
1 42 55 54 53 56 2 1994
1 56 56 51 56 51 2 1995
1 56 46 85 45 90 3 1996
1 6 52 61 54 54 2 1997
0 27 61 48 62 45 3 1998
1 12 62 46 59 49 3 1999
