0 92 61 68 56 74 3 0
1 19 70 72 71 75 1 1
1 63 69 72 69 75 1 2
1 35 44 34 44 37 1 3
0 56 50 56 56 42 3 4
1 142 54 19 54 25 4 5
1 49 87 4 83 4 1 6
0 57 54 52 55 41 3 7
0 110 49 3 47 4 3 8
1 31 55 65 47 76 2 9
1 33 50 18 53 18 6 10
0 26 69 41 65 43 5 11
1 12 67 36 68 41 1 12
0 98 52 41 43 30 3 13
0 51 57 26 50 36 3 14
0 17 6 41 6 38 5 15
1 93 39 45 41 41 1 16
0 77 87 4 85 5 6 17
0 38 59 28 54 16 3 18
1 57 6 40 5 58 6 19
1 78 62 44 53 37 1 20
0 136 51 27 53 26 3 21
1 10 59 42 63 29 5 22
0 116 48 68 51 68 6 23
1 25 30 38 34 39 1 24
0 29 56 72 58 66 3 25
1 120 58 49 48 50 6 26
0 99 48 33 40 27 3 27
1 136 31 42 53 41 1 28
1 116 53 17 50 20 3 29
0 78 6 52 6 47 4 30
1 81 32 46 32 49 1 31
1 31 6 64 6 61 1 32
1 13 65 76 69 72 1 33
1 12 65 46 62 30 1 34
1 0 33 48 30 45 1 35
1 104 55 31 55 38 1 36
1 141 61 29 59 30 5 37
0 130 59 44 70 37 3 38
0 83 79 5 81 4 5 39
1 68 6 58 6 53 1 40
1 137 52 58 51 47 1 41
1 113 5 65 4 67 1 42
0 16 31 46 31 50 3 43
1 9 40 12 42 11 1 44
1 143 98 20 98 11 1 45
1 126 68 36 66 38 1 46
1 57 98 22 98 18 2 47
0 111 55 36 57 38 3 48
0 126 56 40 54 41 3 49
1 142 46 35 50 46 1 50
1 4 51 24 50 33 1 51
0 54 30 62 31 58 3 52
1 91 55 40 54 45 1 53
1 80 44 4 47 3 5 54
1 80 29 49 30 42 1 55
1 38 51 75 66 74 3 56
0 89 60 41 59 31 3 57
0 126 42 33 37 40 3 58
1 81 51 44 56 44 1 59
1 117 70 6 76 5 1 60
0 89 54 44 62 35 3 61
0 109 28 2 48 3 3 62
0 60 52 43 47 37 3 63
0 34 33 46 31 44 3 64
0 139 55 43 50 23 3 65
1 25 36 4 22 4 4 66
1 0 54 29 53 47 3 67
0 35 54 38 50 29 3 68
0 115 98 21 98 18 3 69
1 89 30 49 26 50 1 70
1 33 51 30 47 30 1 71
1 3 70 39 67 37 2 72
1 88 48 21 46 20 1 73
1 61 61 32 56 19 2 74
1 43 61 37 64 27 4 75
0 120 51 55 47 66 3 76
1 10 60 37 50 40 4 77
0 107 60 36 57 36 3 78
0 98 98 23 98 16 3 79
0 112 68 32 68 37 3 80
0 133 7 38 6 32 3 81
1 47 6 46 7 41 1 82
1 128 54 49 42 68 1 83
1 68 56 32 54 30 6 84
0 128 37 13 39 14 5 85
0 54 58 49 63 44 3 86
0 63 72 40 64 46 3 87
1 26 56 42 54 49 1 88
1 117 56 40 64 28 2 89
1 7 55 1 58 1 1 90
1 94 6 28 5 37 2 91
1 72 48 57 48 68 1 92
0 19 47 21 46 27 3 93
1 122 55 80 47 80 1 94
1 83 6 32 6 28 3 95
1 21 53 40 45 36 1 96
1 142 49 38 48 35 4 97
0 0 64 45 72 38 3 98
1 1 57 18 58 15 1 99
1 72 98 23 98 18 2 100
1 97 55 26 51 27 1 101
1 110 91 37 92 29 1 102
1 66 51 19 55 18 5 103
0 10 27 2 51 2 3 104
1 26 56 37 57 48 1 105
1 87 52 47 55 41 1 106
0 4 45 31 47 32 6 107
1 82 51 61 52 58 1 108
1 94 54 43 55 48 3 109
0 45 56 51 63 33 3 110
0 78 63 21 62 27 3 111
0 137 59 33 51 34 3 112
0 24 30 60 30 52 3 113
0 63 70 71 69 69 6 114
0 27 53 40 56 40 3 115
1 59 51 82 56 78 1 116
0 70 52 53 50 31 3 117
0 8 59 44 48 62 3 118
1 46 48 4 41 5 1 119
0 21 89 90 85 96 3 120
0 68 62 27 56 35 3 121
0 140 56 18 60 18 3 122
0 142 47 44 42 59 3 123
0 66 39 46 44 29 3 124
1 119 40 46 44 59 1 125
0 21 58 48 58 51 3 126
1 2 48 34 45 38 4 127
0 25 72 69 98 65 3 128
1 121 59 43 56 53 1 129
0 121 6 33 6 18 3 130
1 72 58 38 33 43 1 131
0 32 61 33 64 28 3 132
1 112 56 80 51 80 1 133
1 16 31 45 23 49 1 134
1 4 54 25 32 23 1 135
1 96 48 57 54 45 1 136
1 15 55 2 58 2 6 137
0 43 61 45 54 24 3 138
0 38 60 27 60 24 3 139
1 35 55 24 52 25 2 140
1 11 55 35 49 42 1 141
0 118 63 17 42 15 3 142
1 27 43 12 40 14 1 143
1 0 45 3 49 2 1 144
1 87 52 58 55 44 1 145
1 89 42 10 36 9 1 146
0 42 40 42 40 36 3 147
1 104 67 34 61 47 1 148
1 62 59 49 52 39 3 149
0 128 60 29 58 27 5 150
0 77 62 39 58 37 3 151
0 143 53 18 50 20 3 152
0 95 70 70 72 67 3 153
1 100 7 47 6 42 1 154
0 134 26 52 32 48 4 155
0 46 61 32 65 28 3 156
0 12 54 25 60 40 3 157
1 109 48 37 53 17 1 158
1 15 31 55 34 42 4 159
1 65 55 80 51 80 1 160
0 130 59 44 59 38 3 161
1 102 62 38 59 38 1 162
1 37 91 27 92 29 1 163
0 143 43 35 41 36 3 164
1 39 69 33 66 41 1 165
0 124 90 43 89 34 3 166
0 46 91 29 90 36 3 167
1 135 38 39 40 34 5 168
0 93 81 6 78 6 3 169
0 119 61 34 61 40 3 170
1 89 51 80 54 80 1 171
0 72 67 72 70 73 3 172
0 48 51 19 55 20 3 173
1 92 59 27 59 30 2 174
0 137 31 57 31 48 3 175
1 73 61 36 55 41 2 176
0 0 57 74 53 73 3 177
1 27 61 39 39 26 1 178
1 7 61 36 58 39 2 179
0 10 63 40 64 37 3 180
1 104 46 59 49 44 1 181
0 117 48 58 45 62 3 182
0 0 41 13 37 13 3 183
0 6 53 47 47 33 3 184
0 140 46 26 37 48 3 185
1 91 53 48 40 48 1 186
1 75 66 48 69 40 1 187
1 0 59 26 63 21 1 188
0 58 48 39 48 34 3 189
0 75 27 2 46 1 3 190
1 33 51 48 49 54 2 191
1 23 42 4 47 3 6 192
1 88 59 37 58 33 3 193
0 92 67 48 69 38 3 194
0 87 45 58 43 62 3 195
0 104 60 39 67 39 3 196
0 116 53 70 50 71 3 197
0 137 63 33 53 45 3 198
0 35 47 35 42 28 3 199
0 88 70 6 77 8 5 200
0 109 55 53 57 49 3 201
1 86 57 76 55 79 1 202
1 48 50 52 53 54 3 203
1 49 31 57 32 53 1 204
0 58 54 32 54 36 3 205
1 128 72 14 68 17 5 206
1 23 61 42 59 46 1 207
1 75 36 15 72 32 5 208
0 108 92 23 92 27 3 209
1 93 40 38 38 42 2 210
0 45 6 32 6 28 3 211
0 47 56 80 52 80 3 212
1 139 53 2 50 2 5 213
1 46 47 46 38 46 1 214
0 127 45 3 39 3 5 215
1 79 32 45 31 37 5 216
1 13 71 34 69 36 1 217
1 133 53 51 51 50 1 218
0 22 32 56 32 45 3 219
0 128 60 28 55 33 3 220
0 141 43 51 55 50 5 221
0 89 91 39 91 42 3 222
0 76 44 45 53 40 3 223
0 40 39 32 65 41 3 224
1 89 59 49 59 46 2 225
0 93 91 32 92 34 5 226
0 119 64 40 66 36 3 227
0 137 1 97 2 99 5 228
0 78 56 80 52 80 3 229
1 95 72 66 72 70 1 230
1 0 60 24 62 26 4 231
1 82 55 41 54 38 1 232
1 62 43 58 44 55 1 233
1 61 54 33 49 33 1 234
0 100 98 16 98 20 3 235
0 57 65 76 70 72 6 236
1 18 68 72 70 73 1 237
0 79 29 55 26 67 3 238
1 24 57 41 58 38 5 239
0 44 61 41 67 28 3 240
1 80 5 45 5 39 1 241
0 20 6 60 6 65 3 242
0 21 64 43 63 34 3 243
1 14 62 36 62 39 5 244
1 61 67 73 68 69 2 245
0 28 6 48 6 51 3 246
1 133 56 80 52 80 2 247
1 80 31 78 56 77 1 248
1 105 51 47 52 42 3 249
1 79 69 37 70 35 5 250
1 92 68 39 74 30 6 251
0 32 52 40 62 31 3 252
1 81 53 24 52 27 1 253
1 54 65 36 62 47 2 254
0 135 5 66 5 69 3 255
0 74 50 20 52 19 3 256
1 13 81 6 79 7 5 257
1 44 43 50 32 32 1 258
0 57 27 49 23 48 3 259
0 69 60 72 56 75 3 260
1 81 69 37 70 35 1 261
1 105 68 42 67 44 1 262
1 85 43 62 56 45 2 263
1 137 31 45 32 51 1 264
1 24 39 13 42 13 1 265
1 2 67 92 65 95 1 266
1 66 22 20 47 35 1 267
0 72 67 35 70 31 3 268
1 123 49 2 43 2 2 269
0 117 46 62 50 50 3 270
1 60 70 73 68 74 4 271
1 134 32 43 32 46 1 272
0 98 48 20 53 17 3 273
0 63 91 29 90 21 3 274
1 81 65 94 63 96 5 275
1 72 67 93 64 96 2 276
1 136 67 38 71 31 5 277
1 76 43 57 44 55 1 278
1 96 6 40 6 44 2 279
1 25 56 39 61 35 2 280
0 81 60 15 63 23 3 281
1 31 13 0 39 1 1 282
0 16 43 12 45 11 3 283
0 13 57 39 58 43 6 284
0 15 56 51 61 51 3 285
1 100 48 3 42 3 4 286
1 136 87 5 93 3 1 287
1 102 81 5 62 2 1 288
1 115 71 40 74 31 2 289
0 53 49 21 52 21 3 290
1 127 69 76 67 79 1 291
1 37 61 45 50 65 3 292
1 38 52 47 54 48 3 293
0 28 49 51 52 54 3 294
0 2 66 38 64 44 3 295
1 116 54 27 52 25 4 296
1 127 87 4 86 2 1 297
0 56 59 25 58 27 3 298
1 74 6 35 6 26 1 299
1 55 65 92 66 94 1 300
0 142 54 42 54 45 3 301
0 49 46 20 48 18 3 302
0 47 6 50 6 59 3 303
1 55 30 54 27 60 1 304
1 81 56 22 51 28 6 305
1 58 87 2 84 3 1 306
0 10 54 76 56 78 3 307
0 85 69 28 35 16 3 308
0 101 53 32 56 27 3 309
1 59 6 40 6 45 1 310
1 56 50 53 49 56 1 311
0 90 88 3 83 4 3 312
0 97 33 45 32 42 3 313
0 111 54 38 53 42 3 314
0 74 98 26 98 23 3 315
1 10 59 44 60 38 1 316
0 92 73 66 72 68 3 317
0 32 54 40 54 44 3 318
0 77 87 93 83 93 3 319
1 66 6 45 6 48 1 320
0 97 43 3 46 3 3 321
0 28 61 72 59 73 3 322
1 54 64 46 59 24 3 323
0 67 43 11 41 10 3 324
0 3 91 27 92 25 3 325
0 45 46 2 50 2 5 326
1 49 51 78 36 85 1 327
0 136 53 44 54 20 3 328
1 123 46 2 43 3 2 329
1 127 52 42 54 40 1 330
1 135 52 43 47 59 2 331
1 5 58 51 58 58 3 332
1 96 61 42 58 33 2 333
1 64 5 36 5 39 1 334
1 80 58 54 29 59 2 335
1 129 49 57 53 45 1 336
1 65 30 59 30 62 6 337
1 40 55 32 60 24 1 338
1 93 21 61 42 37 1 339
0 103 58 37 59 34 3 340
1 47 59 34 61 33 1 341
0 99 43 32 42 34 3 342
0 143 64 36 64 28 3 343
0 109 64 38 61 42 5 344
1 111 53 41 52 46 1 345
1 65 6 29 6 34 5 346
0 3 58 48 56 38 3 347
0 40 43 4 29 4 3 348
1 73 45 50 48 38 5 349
0 100 34 46 32 44 3 350
1 28 45 63 52 48 2 351
1 63 32 48 30 47 1 352
1 24 45 30 43 34 5 353
0 133 52 18 48 19 3 354
0 22 47 44 31 55 3 355
0 88 54 42 58 8 4 356
0 136 30 52 34 44 3 357
1 32 40 11 36 13 1 358
0 54 48 48 47 46 3 359
0 79 50 49 52 46 3 360
1 3 69 39 56 70 1 361
0 113 58 25 54 30 6 362
0 1 67 93 63 91 3 363
1 112 29 48 32 48 3 364
0 124 46 58 48 55 6 365
0 46 52 80 55 80 3 366
0 52 49 36 55 36 3 367
0 52 41 35 41 43 3 368
0 28 98 26 98 18 3 369
1 138 59 32 64 35 4 370
0 124 62 34 58 43 3 371
1 76 68 34 67 39 6 372
0 52 41 35 37 41 5 373
0 43 57 50 55 39 3 374
1 40 6 67 6 70 5 375
1 90 90 36 89 34 1 376
0 76 6 50 7 52 3 377
0 53 47 70 39 90 4 378
0 81 41 30 45 23 6 379
1 17 49 44 47 46 1 380
1 100 87 3 79 4 1 381
0 134 62 2 56 2 3 382
0 64 69 70 68 72 4 383
1 131 62 16 60 17 2 384
0 24 52 55 48 59 3 385
0 42 58 26 63 31 3 386
1 65 34 43 30 43 1 387
0 64 49 60 55 45 3 388
1 0 50 52 55 54 1 389
0 15 6 21 6 29 3 390
1 139 6 37 6 41 3 391
0 70 46 49 46 46 3 392
0 86 64 29 62 35 3 393
0 34 49 49 54 43 4 394
1 86 57 39 55 44 1 395
1 86 72 67 66 73 1 396
1 132 47 57 24 28 5 397
0 88 53 43 57 38 3 398
0 133 58 80 51 80 3 399
1 96 29 54 27 60 1 400
0 14 27 48 28 50 3 401
1 29 6 64 4 68 1 402
1 88 61 41 53 45 1 403
1 53 53 54 54 34 2 404
1 71 34 43 32 57 2 405
1 0 37 13 40 12 1 406
1 81 43 59 45 61 5 407
1 47 98 24 98 19 1 408
1 132 46 59 45 62 1 409
0 72 49 57 50 53 3 410
1 125 6 37 4 38 1 411
0 98 48 54 46 57 3 412
0 62 35 44 36 46 3 413
0 67 33 56 48 41 3 414
1 52 53 53 50 55 1 415
1 104 59 31 59 42 2 416
1 65 52 44 52 55 2 417
0 108 29 58 29 54 3 418
1 141 62 30 64 26 2 419
1 104 56 41 55 38 1 420
0 40 65 41 54 38 3 421
1 66 64 44 69 35 1 422
0 92 67 41 59 41 3 423
1 48 91 32 91 20 6 424
1 117 54 45 56 42 5 425
0 130 60 41 62 35 3 426
0 136 58 34 61 33 3 427
1 132 61 37 63 38 1 428
1 78 91 41 90 47 1 429
0 105 65 32 68 25 5 430
0 102 60 32 59 36 3 431
0 21 53 38 51 34 3 432
0 0 5 69 4 67 3 433
0 117 44 78 45 73 3 434
0 95 48 54 54 51 3 435
1 133 92 37 91 41 1 436
0 14 32 14 54 19 3 437
1 108 31 50 30 53 1 438
0 79 71 25 65 25 3 439
1 143 49 21 48 19 3 440
0 111 56 40 59 34 3 441
1 84 57 41 63 32 1 442
1 96 66 1 61 0 1 443
0 137 44 60 49 40 3 444
0 86 49 3 42 3 5 445
0 32 54 37 52 39 6 446
1 143 46 44 43 54 1 447
1 39 68 71 38 58 1 448
0 105 51 80 55 80 3 449
1 116 78 7 81 4 1 450
0 91 52 42 56 37 3 451
0 137 45 2 49 2 3 452
0 57 61 29 50 21 3 453
0 9 60 22 60 27 3 454
0 123 80 6 83 4 3 455
0 121 49 38 49 52 3 456
1 5 44 21 47 21 1 457
0 53 46 31 47 29 3 458
0 62 88 94 84 94 3 459
0 77 56 41 58 45 3 460
1 68 53 41 57 35 1 461
1 12 62 33 57 45 2 462
1 55 87 3 85 4 3 463
1 67 55 80 51 81 1 464
0 141 49 45 48 37 3 465
0 99 65 40 62 39 3 466
0 25 64 19 58 29 3 467
1 42 89 92 90 90 2 468
0 96 22 45 17 46 3 469
1 3 55 47 50 51 1 470
1 28 49 3 41 4 2 471
1 56 67 45 65 49 2 472
0 63 30 45 32 44 3 473
1 27 6 41 5 39 2 474
0 65 28 58 32 45 6 475
0 115 33 46 32 48 3 476
0 24 68 71 65 75 3 477
1 115 54 43 56 41 1 478
1 111 54 55 54 60 2 479
1 101 88 93 86 94 1 480
0 16 36 13 30 13 3 481
0 134 67 92 65 94 3 482
1 67 50 80 56 80 1 483
1 45 61 32 56 37 1 484
0 139 63 1 56 2 3 485
1 47 66 39 68 43 1 486
1 57 30 14 53 10 1 487
1 29 7 46 7 42 1 488
1 93 52 54 55 44 1 489
0 130 71 38 62 40 3 490
0 64 67 39 63 30 3 491
1 137 36 15 68 13 2 492
0 1 98 24 98 20 3 493
1 77 58 19 62 24 4 494
0 120 61 70 56 74 6 495
1 90 53 43 52 47 3 496
0 11 54 43 53 48 3 497
0 66 44 41 49 21 3 498
0 13 70 37 61 18 3 499
1 122 65 75 68 72 2 500
0 59 59 33 52 34 3 501
1 36 41 37 39 44 1 502
1 133 6 36 6 13 1 503
0 9 60 50 59 56 3 504
1 125 27 49 31 43 1 505
0 57 46 4 39 5 3 506
0 13 51 46 48 58 3 507
1 18 58 1 63 2 3 508
1 66 50 28 46 31 2 509
1 107 43 65 48 51 3 510
0 112 42 10 41 12 3 511
1 95 33 50 30 62 1 512
0 68 26 0 58 2 3 513
0 25 69 74 70 72 3 514
1 64 61 16 51 19 1 515
0 80 48 3 45 3 3 516
1 102 62 24 61 22 3 517
0 60 42 55 43 57 3 518
1 57 54 75 63 69 1 519
1 141 62 41 62 45 2 520
1 40 63 34 44 40 1 521
1 74 51 77 63 69 3 522
0 57 98 22 98 2 5 523
1 29 51 56 53 51 1 524
1 51 30 55 30 51 1 525
1 143 15 20 57 23 1 526
1 49 58 77 47 82 1 527
0 52 75 31 72 41 3 528
1 14 33 51 32 45 3 529
1 124 58 40 55 44 1 530
0 46 69 37 70 39 3 531
0 25 38 14 36 13 3 532
0 131 59 55 56 52 3 533
0 87 57 62 53 65 3 534
0 56 47 54 41 42 3 535
0 113 70 28 66 27 3 536
1 57 60 49 54 53 1 537
0 93 5 39 5 46 3 538
1 24 42 41 41 43 1 539
0 118 46 61 45 53 3 540
1 8 42 58 33 57 2 541
1 85 49 42 55 39 3 542
0 111 38 52 40 56 3 543
1 38 53 51 48 59 1 544
1 51 70 6 72 5 1 545
1 133 49 57 54 52 1 546
1 88 68 46 70 37 1 547
0 132 57 42 56 40 3 548
1 131 57 31 44 30 1 549
0 37 5 56 6 52 3 550
0 138 48 68 27 57 3 551
0 49 44 18 48 21 3 552
1 128 32 47 27 49 1 553
0 111 51 80 47 80 3 554
0 132 60 33 46 43 6 555
1 69 52 58 55 51 1 556
1 117 35 16 48 26 1 557
0 88 57 37 59 36 3 558
1 56 43 66 47 56 6 559
0 4 42 33 41 36 3 560
1 137 26 62 32 50 1 561
0 112 56 27 56 32 3 562
1 40 56 20 57 18 3 563
0 122 5 71 4 68 3 564
1 12 55 31 58 34 2 565
1 69 31 47 27 59 1 566
0 63 57 79 59 70 3 567
0 53 53 19 56 20 3 568
1 27 52 35 47 32 1 569
1 79 44 18 40 17 2 570
1 65 61 37 53 52 1 571
1 36 60 41 59 35 1 572
1 57 65 16 63 13 1 573
0 20 62 40 61 51 3 574
1 24 58 80 49 80 2 575
1 107 37 41 40 44 1 576
0 48 52 52 51 54 3 577
1 57 65 76 67 74 1 578
0 140 67 36 71 35 3 579
0 2 67 44 61 28 3 580
0 57 98 17 98 22 3 581
0 132 53 43 63 36 3 582
0 27 6 30 5 40 3 583
0 53 50 53 53 51 3 584
0 113 56 37 62 23 3 585
1 125 66 94 67 92 2 586
0 111 3 13 0 20 3 587
0 19 45 24 46 22 3 588
1 41 28 53 30 52 1 589
1 72 70 37 69 39 1 590
0 97 65 75 70 72 3 591
1 43 59 46 62 31 2 592
1 124 69 37 58 38 1 593
0 53 50 61 54 51 3 594
1 5 55 43 49 62 4 595
1 5 57 46 58 52 6 596
1 96 26 51 29 48 1 597
1 103 49 53 50 50 1 598
1 15 60 2 56 2 1 599
1 104 50 19 44 21 2 600
1 96 65 38 64 45 1 601
1 98 57 49 55 52 2 602
0 39 47 50 45 54 3 603
0 2 50 25 53 28 3 604
0 16 39 13 36 13 3 605
0 81 51 48 48 57 3 606
1 114 66 48 68 39 1 607
0 141 51 49 49 53 3 608
0 13 51 45 55 43 3 609
0 63 54 28 61 19 3 610
0 68 60 18 58 19 3 611
1 114 51 60 46 25 1 612
0 143 48 19 49 21 3 613
0 114 56 53 60 45 4 614
0 119 6 33 6 29 3 615
0 29 52 19 59 19 3 616
1 112 51 50 50 60 1 617
1 66 46 26 56 15 1 618
1 103 54 76 53 80 2 619
0 104 53 45 56 40 3 620
1 101 37 3 44 3 3 621
1 66 57 18 53 21 1 622
1 4 33 43 40 43 1 623
1 101 55 22 51 30 1 624
0 66 63 33 57 40 3 625
1 37 44 62 47 67 1 626
1 84 67 42 58 44 2 627
0 33 91 31 92 28 6 628
0 112 29 48 21 50 3 629
0 33 50 20 52 19 4 630
1 62 57 38 53 40 1 631
1 99 53 45 45 49 3 632
1 119 60 35 64 36 1 633
0 21 56 40 52 45 3 634
0 38 61 28 54 31 5 635
1 31 57 1 60 2 1 636
1 11 52 57 49 55 1 637
1 8 57 27 51 33 1 638
0 132 70 33 70 36 3 639
1 114 50 64 49 60 4 640
0 85 68 42 60 24 3 641
1 0 52 69 52 72 1 642
1 48 6 49 5 56 1 643
1 111 58 34 61 27 1 644
0 129 98 22 98 19 3 645
0 83 64 27 52 37 3 646
0 62 61 18 42 23 3 647
0 35 42 4 39 4 3 648
1 96 53 40 53 34 5 649
0 59 6 30 5 36 3 650
1 47 7 46 6 50 5 651
1 129 70 43 71 41 1 652
0 40 50 43 60 36 3 653
1 65 58 49 56 52 1 654
1 43 58 36 32 14 1 655
0 75 57 43 58 38 3 656
0 130 46 18 41 20 3 657
0 128 58 33 55 37 3 658
1 28 98 20 98 17 5 659
0 140 45 3 40 4 3 660
1 87 64 43 54 65 2 661
0 7 62 37 58 40 3 662
0 65 32 49 31 47 3 663
0 102 46 44 49 51 3 664
1 77 24 56 20 49 1 665
1 88 48 35 53 48 1 666
0 121 3 96 1 95 3 667
0 55 55 40 51 49 3 668
0 77 86 92 88 93 3 669
1 24 56 34 58 35 6 670
0 68 56 29 50 25 3 671
1 65 98 15 98 24 1 672
0 19 52 23 54 25 3 673
0 1 49 16 47 20 3 674
0 8 48 18 39 25 3 675
0 91 68 42 59 44 3 676
0 89 65 75 70 72 5 677
1 72 63 33 54 35 1 678
0 98 54 30 56 26 6 679
1 65 56 1 52 2 1 680
1 15 54 51 59 42 1 681
0 78 44 4 40 4 3 682
0 19 55 27 55 30 4 683
0 68 48 47 48 20 3 684
1 56 5 70 4 75 1 685
1 55 45 47 37 48 2 686
1 101 67 74 40 75 3 687
0 114 69 74 70 72 6 688
0 133 52 55 49 55 3 689
1 20 55 42 61 35 1 690
0 89 62 71 59 71 3 691
0 108 61 53 63 43 3 692
1 111 80 6 83 4 1 693
0 126 55 46 56 38 3 694
1 116 45 21 51 20 1 695
1 136 46 49 44 47 1 696
0 99 52 2 49 2 3 697
0 26 47 68 45 66 3 698
1 121 84 4 87 4 1 699
1 97 66 78 68 74 4 700
0 78 58 37 53 52 3 701
0 23 52 45 55 47 3 702
0 133 49 66 50 61 5 703
1 5 55 26 54 24 1 704
1 53 66 74 69 73 1 705
1 101 30 14 52 11 5 706
1 128 64 20 60 27 1 707
0 110 45 45 45 51 3 708
1 50 57 31 58 35 1 709
0 16 61 35 62 29 3 710
1 92 33 45 33 42 1 711
0 140 53 59 41 42 3 712
1 112 55 26 46 32 2 713
1 48 92 31 92 24 1 714
0 43 87 4 86 2 6 715
1 65 47 56 50 53 2 716
0 29 61 41 57 39 3 717
1 56 54 41 57 37 1 718
0 110 56 18 28 15 3 719
1 9 53 81 58 75 1 720
1 19 55 46 54 31 1 721
1 33 92 30 91 28 4 722
0 16 43 11 36 13 3 723
0 21 92 33 90 36 3 724
1 91 51 45 53 53 5 725
1 72 27 45 27 41 1 726
1 60 48 21 46 20 1 727
1 135 48 55 48 45 3 728
1 65 56 1 61 1 1 729
1 117 18 14 56 14 2 730
1 66 56 49 52 59 2 731
0 92 5 36 5 39 3 732
1 139 49 52 53 54 2 733
1 141 51 47 50 50 1 734
0 134 69 73 65 74 3 735
1 61 48 3 45 3 1 736
1 26 66 41 54 42 1 737
0 20 6 29 5 21 3 738
1 121 66 94 65 91 2 739
0 143 31 50 29 52 4 740
1 29 63 36 55 42 5 741
1 19 49 20 46 20 2 742
1 12 57 40 55 41 1 743
0 132 69 38 72 37 3 744
1 143 56 80 52 80 1 745
0 139 92 25 91 20 3 746
0 56 31 42 53 38 3 747
1 51 98 22 98 19 1 748
0 8 57 33 54 31 3 749
1 36 46 26 45 30 5 750
0 118 52 44 54 43 3 751
0 136 67 92 65 94 3 752
1 9 54 41 55 47 5 753
1 52 69 44 66 41 5 754
1 86 7 39 6 48 5 755
1 108 55 24 49 27 1 756
1 14 59 39 63 31 4 757
1 26 73 31 64 46 1 758
0 120 64 44 58 46 3 759
0 83 7 49 6 47 3 760
0 41 52 38 44 64 6 761
1 96 53 56 23 62 4 762
1 52 78 6 81 5 1 763
1 10 63 43 62 46 1 764
0 32 27 49 32 48 3 765
1 48 68 72 64 76 1 766
0 62 66 38 62 35 3 767
0 73 69 37 59 28 3 768
1 102 56 20 58 18 1 769
1 102 42 74 48 67 6 770
0 89 71 73 68 72 3 771
1 26 55 44 56 50 1 772
1 61 29 54 27 58 1 773
0 0 70 44 67 48 3 774
1 64 33 43 30 52 1 775
0 27 6 33 5 40 3 776
0 17 91 36 92 28 3 777
1 60 61 49 58 46 1 778
0 32 67 35 67 22 3 779
1 121 57 30 50 34 1 780
1 2 52 80 50 81 6 781
0 48 90 35 92 20 3 782
0 117 56 48 54 44 3 783
0 33 49 19 58 18 3 784
0 4 87 93 82 94 4 785
0 102 38 13 7 13 3 786
1 39 53 47 50 48 1 787
0 96 51 44 49 43 3 788
0 142 58 2 60 1 3 789
1 96 64 2 56 2 4 790
1 24 68 36 67 34 1 791
0 112 59 38 55 44 3 792
0 102 56 53 58 52 3 793
0 86 56 65 61 44 3 794
1 109 37 16 61 57 2 795
1 96 32 12 27 12 6 796
0 68 61 40 56 41 3 797
0 15 57 51 58 54 3 798
1 24 6 66 6 69 1 799
1 40 44 65 49 58 1 800
0 111 92 27 92 30 3 801
0 120 58 15 60 23 4 802
0 17 6 55 6 48 6 803
0 123 41 11 39 12 3 804
0 37 52 47 36 50 3 805
1 68 61 31 58 22 1 806
1 119 54 33 58 31 1 807
0 27 58 76 54 75 3 808
1 37 6 51 6 45 1 809
0 80 39 37 38 39 3 810
1 97 53 45 54 54 6 811
1 16 57 38 54 38 3 812
1 92 54 50 52 46 2 813
0 116 43 53 39 52 3 814
1 128 33 11 43 10 2 815
1 99 66 93 62 92 2 816
1 121 52 25 46 37 2 817
0 108 62 1 56 1 3 818
0 71 34 43 43 41 3 819
0 74 57 74 54 76 3 820
1 109 20 47 31 46 4 821
0 10 50 28 46 27 3 822
1 41 57 80 54 81 2 823
0 17 54 39 51 44 3 824
0 64 92 30 91 32 3 825
0 83 65 40 64 42 3 826
1 109 65 16 58 16 1 827
0 108 59 43 63 32 3 828
0 65 61 40 53 45 3 829
0 129 52 43 53 46 3 830
1 92 58 17 52 17 1 831
1 82 51 62 62 40 1 832
1 14 66 41 71 39 1 833
1 79 33 45 34 42 2 834
1 57 98 23 98 16 2 835
0 14 56 46 62 36 3 836
1 90 13 23 33 91 1 837
1 83 61 14 54 16 1 838
1 106 52 38 57 39 1 839
1 63 3 96 1 95 1 840
0 120 51 32 57 39 3 841
0 76 30 52 33 48 3 842
0 79 31 57 33 48 3 843
0 87 57 39 63 35 3 844
1 3 13 0 36 2 1 845
1 100 44 29 42 35 2 846
1 113 60 46 62 39 2 847
1 16 53 42 47 41 1 848
1 32 51 56 53 42 4 849
0 132 57 45 43 51 3 850
1 18 57 48 53 59 1 851
0 52 65 31 71 25 3 852
0 32 31 42 26 51 5 853
1 3 53 43 59 36 1 854
0 86 60 31 55 41 3 855
1 92 80 5 78 6 3 856
0 123 29 62 27 67 3 857
1 4 52 26 48 28 4 858
1 78 50 20 60 17 1 859
1 1 32 15 26 20 1 860
1 139 58 59 55 67 1 861
0 102 58 37 54 43 3 862
0 84 7 38 7 45 3 863
0 54 63 44 62 42 3 864
0 6 64 43 69 41 3 865
0 47 65 44 63 43 3 866
0 83 49 36 57 29 3 867
0 50 45 22 40 22 3 868
1 116 50 19 45 20 1 869
0 128 31 44 32 48 3 870
1 56 59 76 58 73 1 871
1 40 67 38 64 45 1 872
1 130 53 40 40 63 1 873
0 66 57 19 53 13 3 874
0 21 57 76 54 75 3 875
0 111 37 42 39 40 3 876
1 83 56 19 59 18 1 877
0 40 46 46 36 96 3 878
0 77 59 27 50 29 4 879
0 26 69 39 68 46 3 880
1 95 81 5 78 6 3 881
1 120 56 48 57 46 1 882
0 93 38 39 18 24 3 883
1 143 56 53 53 58 1 884
1 93 55 63 44 73 2 885
0 79 54 13 58 16 3 886
1 39 58 27 55 27 1 887
1 115 24 50 20 53 1 888
1 127 66 73 69 76 1 889
1 59 63 35 58 16 3 890
0 94 55 42 53 46 3 891
1 75 50 42 58 36 1 892
1 57 98 12 98 17 1 893
0 113 47 47 45 50 3 894
0 72 98 21 98 16 5 895
1 66 39 14 38 12 1 896
1 90 59 71 57 72 1 897
0 76 31 41 32 44 3 898
1 100 56 27 52 24 1 899
0 35 51 26 49 28 5 900
0 80 44 28 43 41 3 901
0 110 67 35 66 38 3 902
0 2 55 80 58 80 3 903
1 84 46 82 49 78 1 904
1 91 90 25 92 30 1 905
0 37 71 41 76 40 3 906
1 47 71 32 70 34 1 907
1 42 56 42 50 43 2 908
0 92 62 56 66 42 3 909
0 46 45 4 30 3 3 910
1 37 47 20 50 20 2 911
0 72 54 39 57 39 3 912
1 101 59 27 55 32 1 913
1 17 47 80 44 80 2 914
0 3 65 26 70 32 3 915
0 80 37 13 41 12 3 916
0 109 7 49 6 52 3 917
0 109 86 2 84 1 3 918
1 50 89 93 85 93 2 919
0 112 52 75 69 72 3 920
0 26 50 54 51 48 3 921
1 56 51 45 47 57 4 922
1 81 5 60 6 58 1 923
1 87 62 1 60 2 2 924
0 12 72 71 69 76 3 925
0 127 6 47 5 54 3 926
1 74 58 53 56 48 1 927
1 131 5 64 5 70 1 928
0 130 46 20 48 21 3 929
0 98 46 50 33 57 3 930
0 71 32 46 30 48 3 931
0 48 80 6 83 4 3 932
1 101 60 30 54 28 1 933
0 79 65 43 69 38 3 934
1 82 54 53 51 60 1 935
1 78 81 6 83 4 1 936
1 93 6 30 5 38 1 937
0 117 57 39 58 43 3 938
1 51 56 30 59 29 2 939
0 5 51 19 49 18 3 940
0 79 5 43 6 31 3 941
1 97 49 3 41 3 1 942
1 10 56 37 48 45 1 943
0 32 31 50 29 28 3 944
0 60 51 61 55 64 3 945
1 79 67 49 68 36 3 946
0 1 54 35 55 37 3 947
0 75 46 2 50 2 3 948
1 68 54 31 57 28 1 949
1 99 5 34 6 43 1 950
1 74 61 43 65 42 1 951
1 33 57 37 57 40 1 952
0 61 56 40 60 32 3 953
1 15 62 1 54 2 2 954
1 26 53 55 53 58 1 955
1 31 53 28 55 20 3 956
1 60 51 62 54 59 5 957
0 17 7 45 5 70 4 958
1 66 58 19 56 20 1 959
0 72 45 60 51 50 3 960
1 104 56 41 50 49 2 961
1 115 67 42 74 38 4 962
1 107 98 17 98 21 1 963
0 127 55 50 49 49 3 964
0 126 69 39 65 46 4 965
1 24 27 51 26 49 1 966
1 24 6 52 6 44 1 967
1 106 57 16 62 23 1 968
0 96 68 33 59 41 3 969
0 87 44 63 39 58 5 970
1 64 57 40 50 44 1 971
0 4 48 16 54 16 3 972
0 14 47 4 41 5 3 973
0 97 51 30 55 23 3 974
1 10 62 44 61 46 1 975
1 105 56 48 58 46 1 976
0 105 50 16 59 18 5 977
1 40 52 51 50 57 2 978
0 64 31 50 33 48 3 979
1 128 55 41 54 38 3 980
1 134 67 26 66 44 1 981
1 143 5 58 7 37 1 982
1 136 54 41 56 37 1 983
0 65 6 40 6 47 3 984
1 79 43 41 42 32 3 985
1 12 53 43 52 46 1 986
0 69 50 78 56 78 3 987
1 125 66 94 67 92 1 988
1 68 57 35 60 30 1 989
0 74 81 5 83 4 3 990
0 97 55 48 54 39 4 991
1 131 68 35 67 40 1 992
1 30 54 51 51 33 3 993
0 43 6 61 6 65 3 994
1 117 62 36 58 37 2 995
0 9 54 40 52 47 3 996
0 96 52 24 51 26 3 997
0 86 98 19 98 30 3 998
0 19 66 41 69 40 5 999
0 135 6 65 5 67 5 1000
1 40 37 13 39 12 1 1001
1 47 56 35 59 29 2 1002
0 10 40 37 35 43 4 1003
1 11 67 42 71 32 1 1004
0 31 65 1 58 2 3 1005
1 99 67 43 62 58 1 1006
1 92 59 38 57 35 1 1007
0 137 26 49 30 37 3 1008
0 48 34 45 31 46 5 1009
1 92 53 44 46 66 2 1010
0 137 31 56 27 66 3 1011
0 66 65 35 63 18 4 1012
0 92 56 18 49 20 3 1013
0 66 42 11 40 12 3 1014
1 47 7 39 6 49 1 1015
1 55 5 38 6 33 1 1016
0 95 60 36 63 37 3 1017
0 80 47 4 39 4 3 1018
1 59 54 39 53 35 2 1019
0 55 92 28 92 31 3 1020
1 24 42 37 44 36 6 1021
1 126 52 76 38 76 5 1022
0 53 63 34 59 33 3 1023
1 41 39 46 43 32 1 1024
1 134 91 39 92 28 1 1025
1 100 64 44 58 64 1 1026
1 103 92 30 92 25 2 1027
0 102 54 51 47 55 3 1028
0 126 47 51 49 47 3 1029
1 83 53 40 58 28 5 1030
1 26 39 3 47 4 1 1031
1 40 51 2 47 2 1 1032
1 120 55 29 54 16 1 1033
1 24 62 16 60 18 1 1034
0 102 51 2 47 2 3 1035
0 66 67 42 71 36 3 1036
0 123 54 30 58 25 3 1037
1 77 53 2 50 2 1 1038
0 33 92 26 91 37 3 1039
1 128 55 41 56 39 1 1040
1 3 59 28 60 31 4 1041
1 24 53 45 54 40 2 1042
0 57 88 94 85 94 3 1043
0 96 50 44 52 42 3 1044
0 29 27 58 28 55 3 1045
0 74 62 47 50 46 3 1046
0 78 50 81 55 80 3 1047
1 64 43 12 40 12 1 1048
1 65 6 37 5 33 5 1049
0 68 66 31 65 55 3 1050
1 1 60 54 58 46 1 1051
1 76 53 26 56 45 3 1052
1 81 55 29 51 29 1 1053
0 102 6 44 6 35 3 1054
1 128 58 35 45 48 2 1055
1 28 57 76 25 63 6 1056
0 143 6 48 7 43 4 1057
1 33 56 34 62 23 1 1058
1 104 91 30 90 41 1 1059
0 1 50 44 54 45 3 1060
0 27 52 21 61 16 3 1061
0 46 39 55 40 40 3 1062
1 50 52 25 51 27 3 1063
0 102 54 59 54 67 6 1064
1 39 69 39 71 36 1 1065
0 109 53 76 61 73 3 1066
0 92 56 79 11 60 6 1067
1 95 54 42 55 30 3 1068
1 69 54 72 58 75 2 1069
0 1 58 41 56 50 3 1070
0 54 65 43 70 42 4 1071
0 48 61 32 58 37 3 1072
0 42 59 26 60 24 3 1073
1 102 63 34 41 31 1 1074
1 52 43 32 40 44 3 1075
1 82 68 72 71 71 1 1076
1 73 37 57 45 58 1 1077
0 102 46 75 38 89 3 1078
0 62 56 42 55 44 3 1079
0 78 54 31 51 29 3 1080
0 80 29 48 15 49 3 1081
1 13 59 44 59 37 1 1082
0 86 55 50 39 59 3 1083
0 0 31 57 32 55 3 1084
0 119 69 42 71 36 5 1085
1 50 88 93 91 93 1 1086
1 50 47 30 50 28 1 1087
0 81 64 45 72 33 3 1088
1 91 65 41 55 39 5 1089
1 117 56 30 55 33 1 1090
1 57 51 28 52 25 2 1091
0 49 70 43 68 42 3 1092
0 109 27 49 27 45 3 1093
1 89 63 42 56 50 2 1094
1 130 6 30 6 44 1 1095
0 117 55 77 59 77 3 1096
0 7 47 4 43 4 3 1097
0 141 55 37 53 40 3 1098
0 48 37 11 34 10 3 1099
0 2 53 80 48 80 5 1100
1 132 65 44 70 34 2 1101
1 9 53 39 43 68 1 1102
0 5 53 62 56 65 3 1103
1 53 48 54 49 52 6 1104
1 135 72 71 68 72 1 1105
1 22 29 63 32 48 1 1106
0 104 30 47 34 40 3 1107
0 13 5 71 6 65 3 1108
1 114 66 74 70 72 1 1109
0 1 88 93 87 91 3 1110
1 23 54 80 55 75 6 1111
1 96 38 11 44 12 1 1112
1 92 37 5 41 5 1 1113
1 108 5 64 5 61 1 1114
0 5 67 40 71 36 3 1115
1 31 45 48 42 32 1 1116
1 71 45 49 47 56 1 1117
1 143 51 20 49 19 2 1118
0 73 30 52 27 58 3 1119
1 16 54 32 54 29 2 1120
1 92 69 41 71 31 1 1121
1 142 6 35 5 39 1 1122
0 89 30 52 30 59 3 1123
0 14 64 36 59 35 4 1124
0 32 40 12 38 14 3 1125
0 89 46 4 42 3 3 1126
1 111 6 35 5 37 1 1127
1 82 53 54 53 40 4 1128
0 17 50 61 48 72 3 1129
0 26 55 65 58 61 3 1130
1 49 60 53 59 47 1 1131
1 124 60 2 53 2 2 1132
1 90 60 37 43 39 1 1133
0 20 70 36 70 30 3 1134
1 82 52 28 57 45 1 1135
1 88 60 36 53 43 3 1136
1 80 35 11 40 9 1 1137
0 61 67 41 68 39 3 1138
1 98 60 38 61 33 1 1139
1 90 66 93 64 94 1 1140
0 96 52 57 59 41 3 1141
0 117 59 43 51 37 6 1142
0 19 40 38 18 28 3 1143
0 25 45 18 49 21 3 1144
1 0 36 13 39 13 2 1145
0 30 62 17 59 19 3 1146
0 35 98 24 98 27 3 1147
0 102 55 34 58 59 3 1148
1 56 44 4 47 4 3 1149
1 10 61 42 58 48 1 1150
1 24 48 2 51 2 2 1151
1 96 45 12 49 12 1 1152
0 28 52 80 55 80 3 1153
1 132 59 64 49 55 1 1154
0 17 79 6 70 6 3 1155
1 56 6 44 6 48 1 1156
1 21 2 97 3 95 1 1157
1 92 41 4 45 4 2 1158
1 138 59 29 52 32 1 1159
1 109 55 77 63 69 1 1160
1 39 48 39 44 44 2 1161
1 128 33 36 49 45 1 1162
1 32 27 49 29 48 2 1163
0 51 55 31 55 38 3 1164
1 65 31 44 29 52 2 1165
0 67 53 75 58 73 3 1166
1 79 69 45 71 25 3 1167
0 53 50 18 48 19 3 1168
1 13 60 35 56 31 2 1169
0 96 28 51 27 48 3 1170
0 86 61 1 57 1 3 1171
0 1 31 46 32 48 3 1172
0 41 6 65 6 59 3 1173
1 88 53 75 70 76 1 1174
0 117 50 61 52 54 3 1175
1 16 56 39 55 41 2 1176
0 130 79 6 81 5 3 1177
1 71 69 37 58 43 1 1178
0 86 92 27 91 31 3 1179
0 140 43 56 48 52 3 1180
1 82 49 36 47 38 1 1181
1 64 32 45 30 43 1 1182
1 58 60 38 64 31 2 1183
0 0 39 14 43 13 5 1184
1 75 55 49 44 63 1 1185
1 105 57 18 59 19 5 1186
0 143 64 16 60 17 3 1187
0 88 60 33 53 50 3 1188
0 112 86 3 84 6 6 1189
1 67 55 46 54 49 5 1190
0 116 6 53 6 65 3 1191
1 50 49 33 55 24 3 1192
1 102 65 28 59 32 1 1193
1 69 51 2 45 2 1 1194
0 76 45 4 47 3 3 1195
1 43 87 3 83 3 1 1196
1 70 65 74 70 72 2 1197
1 108 55 45 51 48 2 1198
1 137 61 30 59 34 1 1199
0 16 39 14 34 16 3 1200
0 36 65 48 63 54 3 1201
0 72 49 58 53 49 3 1202
1 89 50 35 58 37 1 1203
1 0 66 41 65 44 1 1204
0 67 59 1 61 2 3 1205
0 66 73 33 64 44 3 1206
1 121 6 28 6 34 5 1207
0 7 68 38 65 24 3 1208
1 107 40 38 43 37 5 1209
0 52 43 38 54 39 3 1210
1 132 58 34 56 47 3 1211
0 49 40 12 42 11 3 1212
0 100 98 17 98 12 3 1213
1 26 53 28 55 34 3 1214
1 48 28 49 26 50 5 1215
0 62 61 37 51 26 3 1216
1 43 55 38 62 26 2 1217
1 53 47 56 46 47 1 1218
1 9 62 69 58 76 4 1219
0 9 55 40 52 40 3 1220
1 36 29 53 19 51 1 1221
0 108 52 48 54 44 3 1222
0 141 53 56 53 51 3 1223
0 102 48 2 51 2 3 1224
0 41 53 53 50 47 3 1225
0 85 6 36 6 33 3 1226
1 105 67 42 70 40 2 1227
0 42 55 45 56 38 3 1228
1 17 58 28 59 12 1 1229
0 69 46 3 42 4 3 1230
0 21 53 27 53 24 3 1231
1 95 60 24 59 27 1 1232
0 68 70 43 70 37 3 1233
1 81 6 67 5 70 2 1234
0 119 69 38 70 34 4 1235
1 62 62 26 58 27 1 1236
1 48 26 50 33 41 2 1237
1 80 57 39 55 40 1 1238
0 65 40 12 35 14 3 1239
0 111 50 48 52 54 3 1240
1 4 54 26 47 32 1 1241
0 27 6 57 6 68 3 1242
0 60 21 19 25 21 3 1243
0 66 48 28 46 31 3 1244
1 69 45 49 46 45 2 1245
0 73 60 44 55 39 3 1246
1 106 61 37 57 25 1 1247
0 102 52 18 50 19 3 1248
0 136 38 13 31 13 3 1249
0 125 27 25 40 44 3 1250
0 66 46 31 49 27 6 1251
0 13 69 46 67 49 3 1252
0 130 67 74 68 72 3 1253
1 77 65 1 61 2 1 1254
1 74 55 64 56 62 1 1255
0 103 47 20 50 19 3 1256
1 97 52 23 54 25 3 1257
0 47 57 36 54 41 3 1258
1 36 67 40 60 54 1 1259
0 73 57 27 60 25 4 1260
1 8 61 1 58 1 1 1261
0 23 61 37 58 36 3 1262
1 139 51 45 55 45 2 1263
1 30 58 42 57 40 1 1264
1 66 58 58 55 63 1 1265
1 42 55 29 52 29 3 1266
0 3 52 42 48 38 3 1267
1 2 37 9 35 10 1 1268
0 102 53 43 54 40 3 1269
1 126 6 52 6 57 1 1270
0 122 48 83 58 46 3 1271
0 26 51 63 50 65 3 1272
0 76 30 42 46 54 6 1273
1 86 55 20 59 19 1 1274
1 141 45 31 49 12 2 1275
1 98 56 38 61 39 2 1276
1 7 47 20 52 19 1 1277
0 29 57 18 60 18 3 1278
0 0 69 45 70 37 3 1279
1 15 89 33 91 32 2 1280
1 97 56 30 54 27 1 1281
0 6 98 22 98 12 3 1282
0 102 40 80 36 80 3 1283
1 49 59 17 56 18 2 1284
0 17 80 5 70 6 3 1285
0 11 45 3 41 3 3 1286
1 82 73 68 71 69 1 1287
1 118 50 21 60 17 1 1288
0 0 66 42 67 40 3 1289
1 108 55 2 64 1 1 1290
0 74 51 69 61 41 3 1291
1 57 52 53 48 55 2 1292
1 9 31 42 43 41 3 1293
0 90 87 4 84 4 3 1294
1 81 59 17 57 18 1 1295
1 25 53 35 56 37 1 1296
0 33 45 20 46 22 3 1297
1 101 68 75 68 72 1 1298
1 97 43 4 45 3 5 1299
0 16 44 34 45 20 3 1300
1 13 71 39 69 27 1 1301
1 53 48 53 47 57 1 1302
0 52 50 2 28 2 3 1303
0 1 57 35 57 40 3 1304
1 141 56 31 58 14 3 1305
0 26 53 57 47 60 3 1306
1 24 65 26 62 23 5 1307
0 88 38 36 55 40 3 1308
1 58 57 52 58 46 1 1309
1 126 60 73 57 75 6 1310
0 91 61 37 43 39 3 1311
0 70 42 4 47 4 3 1312
0 98 47 43 47 49 3 1313
1 100 61 39 56 46 1 1314
1 100 5 82 5 78 1 1315
0 73 61 40 57 47 3 1316
0 90 44 35 11 30 3 1317
0 57 55 68 50 63 3 1318
1 131 31 13 26 11 1 1319
0 108 92 28 91 31 3 1320
1 81 56 2 61 1 2 1321
0 25 51 30 47 30 3 1322
0 53 39 4 42 4 3 1323
0 129 46 46 47 49 3 1324
0 44 60 27 59 45 5 1325
1 90 57 28 38 21 2 1326
0 10 71 72 69 74 3 1327
1 137 29 66 30 62 1 1328
0 0 98 18 98 12 5 1329
1 46 45 20 50 19 4 1330
0 52 68 40 65 43 3 1331
0 39 69 38 73 32 3 1332
1 9 55 2 57 1 2 1333
0 92 45 4 23 5 3 1334
1 9 56 27 53 27 1 1335
0 86 45 4 29 4 3 1336
0 115 98 13 98 21 3 1337
0 106 31 49 27 35 3 1338
0 111 52 32 54 30 3 1339
0 7 51 47 53 41 3 1340
1 48 49 56 59 40 1 1341
1 66 50 20 55 19 1 1342
1 32 64 28 55 40 3 1343
0 126 7 42 7 47 3 1344
1 75 53 1 51 2 1 1345
0 107 41 35 42 32 3 1346
1 107 66 93 59 90 1 1347
1 16 42 56 45 52 1 1348
0 100 51 61 45 57 3 1349
0 138 53 46 52 42 3 1350
1 17 80 5 83 5 1 1351
0 31 71 68 67 74 3 1352
0 130 64 45 65 43 3 1353
0 27 7 38 6 27 3 1354
1 77 50 52 53 53 2 1355
1 31 56 2 60 2 5 1356
0 117 53 63 52 58 3 1357
0 107 67 79 72 73 4 1358
1 73 59 36 59 32 1 1359
0 60 56 64 55 56 3 1360
1 61 92 26 92 29 1 1361
1 64 40 39 42 38 6 1362
1 113 26 57 26 52 1 1363
0 143 48 78 53 80 5 1364
0 73 59 40 51 35 3 1365
0 101 26 56 27 50 3 1366
0 130 61 40 47 16 3 1367
1 96 49 51 44 59 2 1368
0 135 6 68 5 66 3 1369
1 69 43 4 39 5 5 1370
0 10 59 16 59 13 3 1371
0 141 61 39 60 44 3 1372
1 57 38 58 71 69 1 1373
1 32 54 66 51 65 2 1374
1 78 54 46 58 45 6 1375
1 46 56 25 60 29 1 1376
0 61 6 30 6 25 3 1377
1 55 47 20 49 19 1 1378
0 80 48 3 45 4 3 1379
1 39 56 37 55 31 1 1380
0 81 48 35 48 42 6 1381
0 141 61 50 56 37 6 1382
1 82 48 43 51 43 1 1383
1 0 68 26 64 26 3 1384
0 23 62 51 61 46 3 1385
0 141 51 56 48 53 3 1386
1 141 54 52 53 46 1 1387
1 56 69 33 63 45 5 1388
1 123 52 2 13 0 1 1389
0 125 51 77 54 75 3 1390
0 120 61 49 63 45 3 1391
0 68 91 36 89 35 3 1392
1 5 47 51 42 59 2 1393
1 139 71 35 67 46 1 1394
0 118 55 57 51 44 3 1395
1 116 62 26 58 28 1 1396
1 100 98 16 98 21 1 1397
0 18 46 35 44 38 3 1398
1 40 59 45 53 43 1 1399
1 28 45 52 52 46 1 1400
0 57 72 33 70 42 3 1401
1 79 41 41 39 38 5 1402
0 102 52 61 55 63 3 1403
1 26 45 65 24 44 2 1404
0 95 52 55 52 50 3 1405
1 66 58 17 53 17 2 1406
0 1 53 43 52 45 3 1407
0 105 33 41 27 49 3 1408
1 124 90 38 89 45 3 1409
0 120 33 42 28 48 3 1410
1 69 49 80 58 75 1 1411
1 83 48 3 46 4 1 1412
0 112 7 39 7 49 3 1413
1 21 62 34 63 32 1 1414
0 24 55 39 55 50 3 1415
0 88 56 46 61 34 3 1416
1 66 87 3 82 3 2 1417
1 118 69 38 64 44 1 1418
1 84 45 2 41 3 1 1419
0 11 55 46 54 42 3 1420
0 83 56 52 49 51 3 1421
1 19 49 40 49 58 1 1422
1 115 59 73 55 79 1 1423
0 81 98 9 98 15 3 1424
1 81 37 30 42 30 1 1425
1 55 6 29 6 34 5 1426
1 38 58 28 61 9 1 1427
1 142 62 39 67 10 1 1428
1 101 68 36 68 42 5 1429
1 8 53 30 54 23 4 1430
0 8 49 58 52 61 3 1431
1 47 60 31 63 36 2 1432
1 116 53 18 45 13 5 1433
0 33 30 45 31 42 3 1434
0 18 91 26 92 24 3 1435
0 35 52 18 47 20 3 1436
1 77 53 42 50 54 1 1437
0 7 61 1 66 1 3 1438
1 96 59 32 60 27 2 1439
1 99 68 73 71 74 1 1440
1 20 33 49 30 46 2 1441
0 10 58 38 54 43 3 1442
1 26 55 47 67 19 1 1443
0 68 66 78 66 75 3 1444
1 46 62 41 54 56 6 1445
0 52 6 60 5 56 3 1446
0 29 57 39 52 44 3 1447
1 66 47 2 29 2 2 1448
1 122 70 73 71 67 1 1449
1 87 51 54 53 44 1 1450
0 58 41 39 33 39 3 1451
1 110 48 54 48 46 1 1452
1 36 47 18 46 20 1 1453
1 130 58 43 56 46 2 1454
1 115 6 63 5 66 1 1455
0 130 55 66 45 59 3 1456
0 81 66 92 64 94 3 1457
0 54 66 93 63 92 3 1458
1 13 48 48 48 51 2 1459
1 14 31 78 47 70 2 1460
0 20 51 62 55 48 3 1461
1 70 70 72 72 74 4 1462
1 14 98 23 98 16 5 1463
1 122 52 80 56 80 5 1464
0 106 43 2 48 2 3 1465
1 134 26 50 30 51 3 1466
1 32 49 52 51 47 3 1467
0 116 62 24 56 31 3 1468
0 40 66 38 90 28 6 1469
1 107 56 22 47 30 1 1470
1 104 55 41 55 44 1 1471
1 68 62 34 58 30 4 1472
0 102 55 47 43 44 3 1473
0 22 32 45 31 47 3 1474
1 70 55 80 52 81 1 1475
0 52 71 70 69 74 3 1476
0 80 48 4 39 5 3 1477
0 29 17 15 47 40 6 1478
1 139 56 59 54 56 1 1479
1 44 65 41 64 24 1 1480
1 15 42 2 63 1 2 1481
0 88 67 74 71 69 3 1482
0 81 60 40 68 33 3 1483
0 84 92 27 89 35 3 1484
1 27 58 57 63 41 1 1485
1 28 32 54 33 42 1 1486
1 122 48 38 50 37 3 1487
1 143 92 30 91 32 1 1488
1 40 52 26 53 24 3 1489
1 11 27 41 31 43 1 1490
0 135 41 43 43 30 3 1491
1 17 60 39 52 45 1 1492
0 46 48 19 50 18 3 1493
1 143 32 48 32 38 3 1494
0 42 69 69 69 75 3 1495
1 109 40 36 38 38 1 1496
1 85 54 81 53 79 1 1497
0 131 7 39 5 36 3 1498
1 7 50 49 48 55 1 1499
0 37 43 13 42 11 3 1500
1 32 58 48 56 52 1 1501
0 138 48 43 51 43 3 1502
0 55 78 6 80 5 3 1503
1 121 68 35 66 39 1 1504
0 65 91 34 90 36 3 1505
1 141 53 40 52 44 5 1506
0 88 59 37 59 27 3 1507
0 141 46 48 42 71 3 1508
1 64 40 14 57 18 2 1509
0 3 38 54 39 52 3 1510
0 96 25 53 22 56 3 1511
1 130 63 45 67 43 1 1512
0 46 62 1 56 1 3 1513
1 109 61 47 57 49 4 1514
0 68 48 37 43 51 3 1515
0 44 86 4 84 3 3 1516
1 102 53 69 53 61 1 1517
0 88 21 23 55 50 3 1518
0 58 53 42 58 46 6 1519
1 97 53 54 51 49 1 1520
0 60 54 43 59 45 3 1521
1 75 68 41 59 50 1 1522
1 22 58 29 62 48 1 1523
1 68 50 52 52 58 1 1524
1 59 50 49 53 42 2 1525
1 46 49 20 46 21 2 1526
1 78 68 70 70 69 2 1527
1 139 80 4 83 4 1 1528
0 88 62 25 56 31 3 1529
0 104 45 60 51 60 3 1530
1 128 27 50 33 44 5 1531
1 129 47 52 30 48 2 1532
0 23 55 33 55 30 3 1533
0 32 69 34 66 40 5 1534
0 64 53 28 53 34 3 1535
1 14 47 44 47 52 6 1536
0 3 61 38 59 44 3 1537
0 93 6 38 6 33 3 1538
0 100 54 39 57 35 3 1539
0 141 53 41 51 47 3 1540
0 115 62 39 64 29 3 1541
1 112 47 30 50 32 1 1542
0 109 54 77 54 74 3 1543
0 141 55 53 52 59 3 1544
0 37 54 40 60 33 3 1545
1 98 42 4 28 4 1 1546
1 128 60 29 56 38 5 1547
1 57 6 50 3 42 4 1548
1 30 60 42 64 36 2 1549
1 58 30 53 31 49 2 1550
0 3 91 34 90 32 3 1551
0 64 30 53 26 53 3 1552
0 122 55 44 54 53 3 1553
1 9 52 49 46 47 1 1554
0 92 55 80 58 77 4 1555
1 97 50 19 51 27 4 1556
1 9 55 44 53 39 2 1557
1 43 42 74 43 67 1 1558
0 111 54 40 51 48 3 1559
0 125 66 92 64 94 3 1560
0 102 28 2 46 2 3 1561
0 135 70 39 70 43 3 1562
1 52 67 32 49 46 1 1563
1 135 6 66 6 63 1 1564
0 142 33 42 32 51 4 1565
0 63 53 42 53 35 3 1566
1 82 48 31 0 23 2 1567
0 64 47 54 41 36 3 1568
1 117 58 30 54 38 5 1569
0 110 64 16 61 17 3 1570
0 111 53 45 50 50 3 1571
1 0 88 94 86 96 1 1572
0 117 42 29 40 35 3 1573
0 112 48 28 54 25 3 1574
1 14 61 33 53 43 1 1575
0 31 71 68 72 70 6 1576
1 115 54 50 54 47 6 1577
0 40 62 17 52 20 3 1578
1 6 83 93 81 94 1 1579
1 121 72 72 67 78 1 1580
0 78 91 27 91 35 3 1581
0 65 46 3 38 3 3 1582
0 128 52 25 50 32 3 1583
0 14 49 81 56 80 3 1584
0 5 65 1 60 1 3 1585
1 63 65 94 67 92 2 1586
0 125 4 29 5 36 3 1587
1 11 56 77 59 76 5 1588
0 117 51 47 51 62 3 1589
0 45 55 30 51 34 3 1590
1 122 44 3 47 3 1 1591
1 9 49 29 53 27 1 1592
1 115 5 66 6 64 2 1593
0 65 30 34 31 36 3 1594
0 107 39 40 40 43 5 1595
1 51 65 74 68 73 5 1596
1 124 90 24 92 29 2 1597
0 46 37 14 40 11 3 1598
0 123 28 43 28 36 3 1599
1 21 49 64 52 63 1 1600
0 68 47 52 48 56 3 1601
1 143 42 59 31 55 2 1602
1 107 55 50 52 55 2 1603
1 126 6 40 5 28 2 1604
1 48 90 45 90 35 1 1605
0 16 28 48 28 51 3 1606
1 128 26 54 25 57 1 1607
1 21 88 94 89 92 1 1608
1 136 55 35 55 44 5 1609
0 127 48 21 49 19 3 1610
0 99 53 51 27 24 3 1611
0 90 6 35 6 32 3 1612
1 88 55 53 54 64 5 1613
0 67 83 5 79 7 3 1614
0 116 50 20 48 19 3 1615
0 102 48 3 45 4 3 1616
0 95 69 74 52 75 3 1617
0 79 69 41 67 48 3 1618
0 116 40 38 36 42 3 1619
1 36 32 48 26 51 1 1620
1 86 6 38 5 29 1 1621
1 111 40 80 45 80 3 1622
0 35 59 19 53 19 3 1623
1 80 34 45 13 42 1 1624
0 24 49 45 49 60 3 1625
0 28 45 4 48 3 3 1626
1 134 72 31 57 44 1 1627
1 140 66 34 57 60 1 1628
0 90 57 30 54 31 3 1629
1 10 54 28 64 31 1 1630
0 86 98 10 98 14 3 1631
1 109 34 3 45 4 1 1632
0 38 6 62 6 42 3 1633
0 130 52 19 50 17 3 1634
1 125 55 72 51 77 1 1635
1 71 71 35 72 29 1 1636
0 101 66 79 62 80 3 1637
1 74 53 57 58 47 1 1638
1 91 58 27 61 26 1 1639
0 12 61 22 57 28 3 1640
1 26 51 51 45 51 1 1641
1 133 46 61 49 60 5 1642
1 134 62 45 69 40 1 1643
0 96 52 48 49 51 3 1644
0 99 52 45 48 53 3 1645
0 47 48 2 52 2 3 1646
0 33 59 25 54 30 3 1647
0 135 52 42 53 40 3 1648
1 32 85 4 87 3 1 1649
1 56 50 50 51 60 4 1650
1 53 55 20 51 20 1 1651
1 36 6 65 5 69 2 1652
1 0 68 37 67 41 1 1653
1 58 46 29 36 40 1 1654
1 136 6 47 6 43 1 1655
1 107 48 2 52 2 1 1656
1 76 91 34 89 31 1 1657
1 80 31 48 29 64 2 1658
1 42 43 58 45 53 5 1659
1 132 57 72 53 75 1 1660
1 1 61 17 58 17 1 1661
0 56 52 46 46 56 3 1662
0 29 56 18 61 18 3 1663
0 14 47 30 49 29 3 1664
1 76 49 52 49 56 1 1665
1 96 29 46 31 49 5 1666
1 14 61 18 54 19 1 1667
1 16 50 48 48 55 1 1668
0 137 62 24 51 28 3 1669
0 13 6 66 5 63 3 1670
0 82 44 4 40 4 3 1671
1 115 53 42 48 53 2 1672
1 78 60 32 47 52 3 1673
0 119 66 41 66 37 3 1674
0 116 62 94 66 94 3 1675
1 37 6 31 6 35 1 1676
1 140 68 43 50 46 2 1677
0 143 51 80 42 81 3 1678
1 115 55 42 51 55 1 1679
1 79 72 36 71 38 3 1680
0 7 55 30 60 28 3 1681
1 135 53 44 32 40 1 1682
1 111 48 30 46 33 1 1683
1 94 31 51 28 59 6 1684
0 14 47 68 42 71 3 1685
1 84 56 41 32 15 1 1686
0 56 48 55 50 62 3 1687
0 134 48 54 51 47 3 1688
0 25 58 16 60 27 3 1689
0 35 49 34 47 29 3 1690
1 56 53 49 51 62 1 1691
0 26 55 43 52 50 3 1692
1 135 86 4 82 3 6 1693
1 17 52 45 53 49 1 1694
1 54 58 40 63 36 1 1695
1 98 62 46 62 51 2 1696
1 128 29 53 31 51 1 1697
0 100 55 80 52 80 3 1698
1 45 46 20 46 16 3 1699
1 137 67 34 59 40 1 1700
0 51 56 31 55 33 3 1701
0 102 5 45 5 51 3 1702
0 7 65 39 67 44 3 1703
0 60 50 16 46 16 5 1704
1 26 50 55 47 45 3 1705
1 7 6 46 6 50 1 1706
0 63 91 36 92 25 3 1707
1 46 67 92 66 95 1 1708
1 105 49 30 47 35 1 1709
0 8 56 23 48 38 3 1710
1 26 60 30 56 29 1 1711
0 53 53 31 55 28 6 1712
1 33 91 42 90 31 1 1713
1 130 54 26 46 31 1 1714
1 45 53 80 58 80 2 1715
1 143 42 13 43 11 5 1716
0 111 55 80 52 81 3 1717
1 126 63 69 58 76 1 1718
0 103 39 46 41 42 3 1719
0 86 78 6 82 5 3 1720
0 7 26 63 33 45 3 1721
1 28 47 55 46 59 1 1722
0 115 58 36 57 33 3 1723
0 2 68 43 66 40 3 1724
1 122 98 23 98 31 1 1725
0 98 45 63 46 55 3 1726
1 72 68 40 65 41 1 1727
0 39 73 36 62 48 3 1728
1 36 27 62 24 81 1 1729
0 11 14 11 59 33 3 1730
1 39 67 42 53 39 1 1731
1 2 50 30 54 40 1 1732
1 140 64 34 87 27 1 1733
0 106 61 19 58 16 3 1734
0 121 42 30 31 39 3 1735
0 28 56 38 57 31 3 1736
0 102 52 56 51 60 3 1737
0 133 42 31 37 41 3 1738
1 112 67 34 69 38 1 1739
1 24 58 56 50 49 1 1740
0 47 61 29 72 39 3 1741
1 107 59 46 56 47 1 1742
1 143 7 48 7 44 1 1743
0 74 58 48 60 49 3 1744
0 56 60 26 57 39 3 1745
1 71 52 33 54 32 1 1746
1 38 62 24 61 29 3 1747
0 117 54 43 55 41 3 1748
1 68 48 56 49 54 1 1749
1 65 47 20 40 20 1 1750
0 47 39 10 43 11 3 1751
1 0 69 26 68 35 1 1752
1 118 49 37 48 42 1 1753
1 125 32 49 34 45 1 1754
1 17 31 42 47 28 1 1755
0 22 46 59 70 34 3 1756
0 52 39 30 34 40 3 1757
0 31 62 1 58 0 3 1758
0 46 66 39 71 30 3 1759
1 143 44 22 36 19 1 1760
1 72 61 37 64 33 1 1761
1 93 56 55 58 58 2 1762
0 67 60 46 61 44 3 1763
0 14 52 47 52 44 3 1764
1 109 48 39 48 32 1 1765
1 38 57 28 58 24 5 1766
1 114 48 67 50 52 2 1767
0 0 5 40 4 32 3 1768
1 72 47 62 48 58 3 1769
0 48 45 31 43 30 3 1770
1 104 60 24 60 31 3 1771
1 101 48 19 45 21 1 1772
0 50 53 50 54 47 3 1773
1 1 26 59 28 54 2 1774
0 111 7 43 6 50 3 1775
0 138 6 62 4 63 3 1776
1 12 69 73 52 75 2 1777
1 28 59 76 32 78 1 1778
1 122 29 54 31 35 2 1779
1 19 43 16 50 16 5 1780
1 25 60 46 49 49 3 1781
0 43 57 39 55 37 3 1782
0 24 56 41 53 51 6 1783
0 124 53 2 60 1 3 1784
0 126 50 29 55 26 3 1785
0 140 71 74 73 68 3 1786
1 65 56 40 50 48 1 1787
1 56 57 80 52 80 1 1788
0 7 58 14 55 21 4 1789
1 88 60 57 60 33 1 1790
0 57 30 47 19 49 3 1791
1 27 6 41 5 73 3 1792
1 52 62 44 53 44 5 1793
1 132 74 30 65 50 5 1794
1 11 45 51 47 50 1 1795
1 50 71 40 63 30 1 1796
0 6 69 28 66 48 3 1797
1 61 62 17 54 19 1 1798
0 109 91 32 92 30 3 1799
0 11 55 42 56 35 3 1800
1 28 54 42 50 39 1 1801
0 79 69 38 69 35 3 1802
0 93 68 40 63 54 3 1803
0 6 70 36 69 40 3 1804
1 66 54 27 51 26 1 1805
0 43 60 51 62 44 3 1806
1 78 56 37 61 31 4 1807
0 112 30 45 30 52 5 1808
1 112 35 14 39 12 1 1809
1 74 91 25 89 21 1 1810
0 39 55 39 50 46 3 1811
0 35 87 93 84 94 5 1812
0 130 37 23 49 19 3 1813
1 62 54 43 56 41 2 1814
1 130 54 51 52 47 1 1815
0 64 36 15 68 12 3 1816
1 2 83 4 81 5 2 1817
0 86 72 36 71 38 3 1818
1 134 62 35 59 34 1 1819
0 138 49 28 51 27 3 1820
1 66 52 19 60 18 3 1821
1 28 49 42 52 41 1 1822
0 78 77 6 80 6 3 1823
1 17 50 78 54 75 1 1824
1 61 60 34 62 30 1 1825
1 35 59 28 59 33 1 1826
1 79 88 93 84 94 1 1827
0 124 90 38 90 33 3 1828
0 32 59 45 54 54 3 1829
0 73 52 61 59 52 3 1830
0 83 41 41 37 50 3 1831
0 79 28 57 32 52 3 1832
0 41 47 71 44 59 3 1833
0 79 56 43 48 56 3 1834
0 71 40 9 41 11 3 1835
0 48 55 14 39 18 3 1836
0 110 58 38 43 50 3 1837
1 94 28 56 26 66 2 1838
0 143 50 34 55 26 3 1839
0 124 89 35 90 25 3 1840
1 128 56 23 59 22 1 1841
1 13 57 43 61 41 2 1842
1 29 68 34 68 39 1 1843
0 79 54 43 53 41 3 1844
0 85 58 38 51 43 3 1845
0 106 28 64 28 67 3 1846
0 73 91 26 92 28 4 1847
0 50 60 23 59 32 3 1848
1 8 54 26 59 26 1 1849
0 0 47 3 38 3 3 1850
0 13 5 67 6 69 3 1851
1 41 37 13 40 13 1 1852
1 108 59 1 49 1 1 1853
0 52 55 44 58 39 3 1854
1 83 48 24 47 26 1 1855
1 121 6 38 6 43 1 1856
0 137 65 26 59 23 3 1857
1 126 48 33 46 32 1 1858
0 120 32 45 31 48 3 1859
1 98 66 93 59 90 2 1860
1 57 55 41 54 45 2 1861
1 12 53 55 52 47 1 1862
1 18 52 16 60 16 1 1863
1 75 5 83 5 70 1 1864
1 28 68 34 64 45 1 1865
0 82 47 36 57 38 3 1866
1 39 55 44 53 45 4 1867
0 27 22 19 47 49 3 1868
1 18 87 4 84 4 5 1869
0 42 58 50 56 59 3 1870
0 36 61 37 58 37 3 1871
0 51 53 76 30 77 3 1872
0 26 53 26 50 27 3 1873
0 113 60 24 56 25 3 1874
0 122 51 80 54 80 5 1875
0 89 55 76 47 79 3 1876
1 116 60 51 61 43 1 1877
1 93 61 1 65 1 5 1878
0 110 68 47 67 40 3 1879
1 105 70 37 65 44 1 1880
0 29 67 43 50 46 5 1881
0 63 90 27 92 30 3 1882
1 45 44 50 43 53 1 1883
0 8 50 23 55 36 3 1884
1 120 51 48 51 53 4 1885
1 115 60 39 55 22 1 1886
0 82 60 1 62 2 3 1887
1 17 55 42 54 40 6 1888
0 110 5 61 6 66 3 1889
0 58 51 43 53 59 3 1890
1 114 51 41 56 39 1 1891
1 72 49 56 48 54 1 1892
0 86 60 42 47 58 3 1893
0 21 56 32 61 28 3 1894
1 116 46 20 49 19 1 1895
1 64 33 45 31 51 1 1896
1 39 54 34 52 51 3 1897
0 36 53 77 50 77 3 1898
0 108 50 47 56 40 3 1899
1 81 6 48 6 58 1 1900
1 126 52 50 53 39 1 1901
0 62 48 20 50 18 3 1902
1 72 57 80 47 80 3 1903
0 131 54 39 62 31 4 1904
0 0 5 66 5 69 3 1905
1 5 58 49 54 64 5 1906
0 45 62 51 59 48 3 1907
0 42 31 42 32 37 3 1908
1 106 33 43 59 33 1 1909
0 38 57 29 55 35 3 1910
1 105 5 41 6 32 1 1911
1 23 48 36 51 33 2 1912
0 24 46 56 31 55 3 1913
1 139 42 2 62 1 1 1914
0 89 57 51 59 57 3 1915
1 98 44 52 45 62 1 1916
1 108 34 41 21 44 1 1917
1 64 31 48 28 48 1 1918
0 66 49 21 57 18 3 1919
1 78 91 30 91 34 6 1920
0 48 57 34 59 32 3 1921
1 62 53 48 50 49 4 1922
1 10 40 44 40 36 4 1923
0 91 50 77 55 78 3 1924
0 120 44 68 47 70 3 1925
1 28 55 23 51 20 1 1926
0 112 59 41 58 39 3 1927
0 94 51 27 53 20 3 1928
1 1 67 46 66 49 1 1929
0 88 67 37 65 41 3 1930
1 31 49 45 47 44 1 1931
0 118 53 46 36 43 3 1932
1 11 6 66 5 75 2 1933
0 76 51 36 60 40 5 1934
0 88 59 53 60 50 3 1935
0 19 47 50 39 53 3 1936
1 27 39 13 42 12 3 1937
0 119 88 93 87 95 3 1938
0 97 65 32 66 9 3 1939
1 116 58 31 60 49 1 1940
1 45 55 30 55 37 2 1941
0 126 90 21 90 28 3 1942
1 86 60 26 59 31 1 1943
0 65 91 32 91 29 3 1944
1 96 56 33 57 37 2 1945
1 51 56 32 61 18 5 1946
1 46 62 52 54 55 4 1947
0 103 48 85 50 82 3 1948
1 115 6 37 5 39 2 1949
1 72 31 58 29 57 2 1950
0 64 43 12 40 13 3 1951
1 11 54 52 57 45 1 1952
0 120 62 46 50 45 3 1953
1 38 60 31 56 31 1 1954
0 23 46 27 40 29 3 1955
1 140 40 12 37 14 2 1956
1 20 88 4 86 3 1 1957
0 86 60 36 59 40 3 1958
1 17 62 41 57 55 1 1959
1 48 6 22 49 59 1 1960
0 105 59 18 57 16 3 1961
1 35 54 81 50 80 2 1962
0 33 90 36 91 33 3 1963
1 77 43 12 38 12 2 1964
0 73 44 40 48 41 3 1965
0 31 69 74 73 66 3 1966
0 97 50 49 53 46 3 1967
1 79 29 54 16 72 2 1968
1 107 40 39 42 41 1 1969
1 41 70 35 69 40 1 1970
1 74 52 47 54 49 1 1971
0 139 6 33 6 29 3 1972
0 45 49 37 50 35 3 1973
0 122 54 80 51 80 3 1974
0 33 56 43 56 40 3 1975
1 22 48 55 49 37 2 1976
1 29 56 39 54 42 2 1977
1 38 50 49 52 25 1 1978
0 31 56 1 65 1 5 1979
1 139 91 35 92 32 1 1980
1 56 54 56 48 56 2 1981
0 90 63 22 59 25 3 1982
0 141 60 22 63 23 3 1983
0 16 32 12 41 12 3 1984
1 14 52 25 50 27 3 1985
0 60 30 46 33 45 3 1986
1 89 6 20 6 26 1 1987
1 88 58 24 55 18 1 1988
1 58 69 35 65 42 2 1989
1 88 58 40 54 56 1 1990
1 14 53 40 54 42 2 1991
1 124 67 73 64 75 1 1992
1 87 87 4 84 4 3 1993
0 143 48 57 49 67 5 1994
1 40 30 17 52 17 5 1995
1 66 45 34 37 32 1 1996
1 87 52 46 43 43 3 1997
1 75 61 27 56 39 1 1998
0 40 57 74 61 76 3 1999
