0 68 54 42 52 48 3 0
0 140 53 53 51 50 3 1
1 61 69 40 65 42 2 2
1 83 44 30 43 40 2 3
1 27 57 42 50 44 1 4
1 26 58 37 55 31 2 5
0 136 53 45 52 39 5 6
0 98 55 64 53 60 3 7
0 116 51 40 54 39 3 8
1 118 66 49 67 41 1 9
1 116 50 20 47 20 5 10
1 124 66 1 60 1 3 11
0 25 56 41 62 40 3 12
0 114 64 76 71 65 3 13
1 0 7 42 5 59 1 14
0 102 58 38 59 36 3 15
1 1 57 18 59 17 5 16
1 55 6 35 6 30 1 17
0 80 98 22 97 6 4 18
1 91 49 27 42 46 1 19
1 74 5 28 6 22 2 20
1 130 51 45 57 43 5 21
1 17 43 3 47 2 2 22
1 55 69 37 71 39 1 23
1 135 44 52 47 43 1 24
0 126 51 60 53 51 3 25
0 26 49 57 49 54 5 26
0 64 41 35 40 37 3 27
0 9 42 4 47 3 3 28
0 21 54 47 50 51 3 29
0 10 60 49 61 45 6 30
0 79 41 41 45 31 4 31
0 97 70 37 69 26 3 32
0 10 57 35 55 31 3 33
1 64 35 13 37 14 1 34
0 92 61 22 56 26 3 35
0 126 6 53 6 50 3 36
1 52 65 28 61 33 2 37
1 106 55 77 57 76 1 38
0 9 52 43 49 53 3 39
1 10 40 44 41 42 1 40
0 1 58 18 50 20 3 41
0 54 41 13 43 12 3 42
0 41 45 63 46 58 3 43
0 14 53 42 53 50 3 44
1 5 47 19 45 20 1 45
1 106 57 37 55 40 3 46
1 36 19 58 12 35 1 47
0 133 59 47 54 52 4 48
0 21 88 92 86 94 6 49
1 12 70 72 72 70 2 50
1 140 56 47 55 44 2 51
1 131 57 43 56 45 1 52
0 36 63 45 62 49 3 53
0 52 68 37 55 38 5 54
0 102 56 50 53 51 3 55
0 0 6 60 6 16 3 56
0 48 50 33 55 24 3 57
1 105 23 39 27 40 1 58
1 98 59 29 50 37 1 59
1 91 61 36 53 29 2 60
1 66 7 44 6 53 1 61
0 132 66 50 64 54 5 62
0 140 68 42 57 54 5 63
0 72 57 41 54 52 4 64
0 97 54 58 60 52 3 65
1 88 64 38 61 46 3 66
1 64 43 18 63 46 6 67
1 54 60 22 59 26 2 68
0 23 50 79 54 76 3 69
1 80 36 13 43 11 6 70
0 130 46 20 44 21 3 71
1 63 91 38 91 41 1 72
1 34 56 42 58 30 1 73
1 117 87 4 81 2 5 74
0 142 57 62 49 80 3 75
0 102 57 59 57 53 3 76
1 101 56 61 54 70 2 77
0 21 55 45 42 39 3 78
0 58 60 42 53 44 5 79
0 8 52 32 54 28 3 80
1 130 79 6 82 5 1 81
0 123 64 35 54 31 4 82
0 64 63 17 60 17 3 83
0 47 5 58 4 56 3 84
1 4 56 44 57 38 2 85
0 75 58 29 52 32 3 86
1 102 47 43 32 55 1 87
0 40 6 44 5 56 3 88
0 134 58 76 60 74 3 89
1 22 30 50 29 53 5 90
0 21 61 91 63 93 3 91
0 130 56 51 54 64 6 92
0 111 69 25 68 34 3 93
1 128 59 23 54 32 1 94
0 32 30 44 31 46 5 95
0 35 49 49 52 45 3 96
0 55 54 45 52 48 3 97
0 91 61 1 57 1 3 98
1 113 56 31 48 47 1 99
1 63 39 13 41 12 1 100
0 93 92 25 91 19 3 101
0 117 47 44 48 39 3 102
0 87 47 59 51 49 3 103
0 10 69 71 72 69 3 104
1 116 45 16 48 16 3 105
1 23 46 31 51 33 1 106
0 11 37 13 42 10 3 107
1 28 51 54 49 61 5 108
1 66 40 44 24 24 2 109
0 139 60 17 57 20 3 110
1 58 64 28 25 29 1 111
1 14 59 45 65 35 6 112
1 60 57 39 59 36 1 113
0 129 76 7 72 8 3 114
1 119 67 40 68 38 1 115
1 135 43 22 49 19 1 116
0 84 48 59 49 61 3 117
0 53 49 22 60 18 3 118
1 30 63 43 60 51 1 119
1 23 56 72 48 85 2 120
1 81 50 2 47 2 1 121
0 72 62 31 69 39 3 122
0 128 62 22 60 23 3 123
0 88 62 42 63 25 3 124
1 68 46 50 32 56 1 125
0 59 60 22 59 26 3 126
0 27 68 42 70 37 3 127
1 79 61 35 56 42 2 128
0 93 59 22 54 32 3 129
1 119 71 28 60 21 6 130
1 130 57 58 37 88 1 131
1 13 58 29 53 28 1 132
1 128 52 42 54 39 6 133
0 128 54 32 52 36 3 134
1 17 52 80 55 80 1 135
1 16 61 31 55 33 2 136
1 88 57 33 52 42 1 137
0 80 60 30 54 21 3 138
0 143 32 48 29 53 3 139
1 0 32 41 32 44 5 140
0 116 6 42 7 40 5 141
1 119 65 41 69 37 1 142
1 124 66 44 67 46 3 143
1 86 47 78 58 66 2 144
1 143 37 11 30 13 1 145
0 79 89 31 92 25 3 146
0 2 32 54 32 47 4 147
1 139 85 16 91 29 1 148
1 128 31 17 34 16 3 149
1 41 55 52 55 42 1 150
1 65 70 6 76 1 1 151
1 48 29 48 32 45 2 152
1 104 63 55 63 52 1 153
0 116 56 52 58 62 3 154
1 114 69 44 69 41 1 155
0 18 6 30 6 34 3 156
1 32 77 6 81 5 1 157
0 12 64 75 70 72 3 158
0 48 92 26 90 33 3 159
1 105 59 41 57 44 1 160
0 14 58 38 56 40 3 161
1 136 55 44 50 44 6 162
0 47 6 41 6 50 3 163
0 98 59 29 56 35 5 164
0 143 44 12 34 14 3 165
1 126 56 40 51 44 2 166
0 78 66 23 66 38 3 167
1 40 53 40 33 43 1 168
1 5 50 20 74 17 1 169
1 25 70 69 70 72 6 170
0 13 56 80 53 80 5 171
0 90 55 42 50 26 3 172
1 31 63 1 60 1 5 173
0 20 5 46 6 37 5 174
0 53 55 80 51 81 3 175
1 49 51 75 59 72 1 176
1 123 21 19 14 46 1 177
1 136 56 43 54 44 4 178
0 125 80 6 82 4 3 179
0 53 49 54 55 46 3 180
0 100 98 19 98 25 3 181
1 31 22 19 45 53 1 182
1 116 67 93 65 94 1 183
1 99 24 3 7 3 1 184
1 64 41 12 32 13 1 185
0 49 6 67 5 72 3 186
1 24 40 36 46 29 1 187
0 143 64 46 58 44 3 188
1 128 59 27 51 39 2 189
1 132 67 40 68 38 1 190
1 87 87 4 83 4 4 191
0 23 52 46 53 49 3 192
1 96 92 35 91 31 2 193
1 70 55 29 49 27 2 194
0 48 61 14 61 17 3 195
1 41 50 49 47 68 1 196
1 22 45 60 50 64 1 197
0 118 56 39 53 44 3 198
1 16 30 50 31 43 1 199
1 43 54 25 52 24 1 200
1 78 56 38 56 29 5 201
1 46 50 49 53 42 1 202
1 128 41 12 44 11 1 203
0 51 55 79 54 76 3 204
0 111 6 34 5 36 3 205
1 74 45 21 47 22 1 206
0 11 31 78 34 87 3 207
1 20 54 59 55 56 2 208
0 27 60 19 51 20 3 209
0 57 6 37 5 40 3 210
1 5 54 45 52 59 2 211
1 136 6 35 6 31 5 212
1 137 45 3 42 4 1 213
1 4 50 54 52 49 2 214
0 130 6 38 6 33 3 215
0 143 48 21 50 18 3 216
0 73 55 80 50 80 3 217
0 17 57 43 58 39 3 218
1 68 55 28 54 19 5 219
1 133 46 57 44 64 1 220
1 82 51 61 54 40 1 221
1 130 38 68 40 63 6 222
0 143 26 57 26 54 5 223
1 4 53 1 48 2 4 224
0 143 58 57 52 64 3 225
1 139 37 13 39 12 4 226
0 62 62 1 65 1 3 227
0 51 29 55 31 50 4 228
0 125 49 61 45 61 3 229
0 92 53 19 46 15 3 230
0 28 60 44 65 28 3 231
1 105 71 35 69 37 1 232
0 39 51 16 52 19 3 233
1 109 51 39 51 34 1 234
0 64 84 92 88 92 5 235
1 5 61 31 58 38 1 236
0 50 64 29 51 33 3 237
0 20 86 4 87 2 3 238
0 111 69 6 81 6 3 239
1 50 57 80 52 80 2 240
0 56 44 64 49 65 3 241
0 59 47 47 47 50 3 242
1 36 26 42 30 46 1 243
0 25 63 77 70 72 6 244
0 134 59 44 60 39 3 245
1 3 46 2 49 2 3 246
0 87 62 41 64 31 3 247
0 0 62 56 53 43 6 248
0 48 45 42 51 45 3 249
1 65 6 28 6 33 2 250
0 29 59 33 61 38 3 251
0 122 31 49 28 56 3 252
0 82 73 66 69 73 3 253
1 58 60 38 58 43 2 254
0 83 52 54 54 53 3 255
1 115 19 21 18 23 1 256
0 93 31 46 20 46 3 257
0 119 67 40 64 44 3 258
1 119 44 20 45 34 1 259
1 119 60 38 57 39 3 260
1 3 91 34 92 32 2 261
0 0 44 22 47 21 3 262
0 40 60 16 49 16 6 263
0 60 90 38 89 33 3 264
1 16 52 41 51 43 1 265
0 107 46 53 45 49 3 266
0 105 44 54 47 48 3 267
0 128 34 45 29 48 3 268
1 97 45 4 41 4 1 269
0 7 68 41 64 44 4 270
0 70 89 93 86 92 3 271
0 143 71 72 67 72 3 272
1 128 59 26 57 35 6 273
1 115 46 3 50 3 5 274
0 98 6 30 6 34 3 275
1 51 66 74 68 72 6 276
1 142 6 40 5 45 1 277
1 32 58 57 54 64 1 278
0 39 57 39 56 30 3 279
0 76 64 75 68 78 3 280
1 74 62 42 63 45 1 281
1 31 72 66 72 73 2 282
0 137 54 49 47 37 3 283
0 35 4 62 6 67 3 284
1 23 55 79 53 80 1 285
0 17 44 35 45 32 3 286
0 93 90 27 91 20 5 287
0 92 68 33 63 31 3 288
1 19 56 23 46 32 1 289
1 48 41 9 37 9 1 290
0 93 31 46 28 48 3 291
0 100 98 20 98 9 5 292
0 38 34 45 26 48 3 293
0 88 71 33 69 34 3 294
0 116 30 51 29 54 3 295
0 48 91 34 87 53 3 296
0 143 51 80 56 80 3 297
1 107 98 15 98 19 1 298
1 32 40 13 38 14 2 299
0 105 56 39 49 50 3 300
1 125 26 42 31 49 1 301
1 98 58 49 60 46 1 302
0 52 74 32 65 41 6 303
1 122 52 80 56 80 1 304
0 70 51 75 69 74 3 305
0 36 6 48 6 54 3 306
0 90 58 29 62 26 3 307
1 121 52 34 55 49 2 308
0 123 33 43 30 51 6 309
1 62 63 49 61 57 5 310
1 136 6 64 5 66 4 311
0 10 62 30 61 39 5 312
0 36 32 44 31 47 3 313
1 49 38 13 42 12 1 314
0 46 55 2 48 2 3 315
0 133 48 66 44 64 3 316
1 132 60 28 60 31 2 317
0 69 70 34 68 22 3 318
1 78 53 37 44 48 1 319
0 33 32 53 28 59 3 320
1 136 82 6 81 4 1 321
0 38 60 25 59 29 3 322
1 117 46 47 48 52 1 323
0 48 56 47 59 45 3 324
0 43 87 4 83 5 3 325
1 130 70 22 64 23 1 326
1 109 55 46 53 41 2 327
1 10 55 45 41 74 1 328
0 91 53 44 54 42 3 329
0 99 90 36 89 31 3 330
1 111 3 13 6 18 1 331
1 125 51 78 54 81 1 332
1 4 52 47 36 65 2 333
1 36 69 35 66 38 1 334
1 96 63 48 61 51 1 335
0 118 47 55 50 40 3 336
0 76 46 50 36 47 3 337
1 102 55 55 56 52 1 338
0 141 62 42 61 46 5 339
1 49 81 5 61 2 3 340
1 24 32 55 33 50 1 341
0 79 62 14 52 15 5 342
1 35 55 80 52 80 4 343
1 53 58 53 54 57 2 344
0 119 67 40 71 40 6 345
0 110 58 17 62 18 3 346
0 44 50 28 44 41 3 347
0 90 53 41 47 61 3 348
1 41 41 72 44 70 2 349
0 44 60 46 59 52 3 350
0 106 6 48 6 59 3 351
1 133 68 36 68 40 1 352
0 40 42 32 37 34 3 353
0 104 54 41 54 36 3 354
1 5 59 45 60 41 1 355
0 50 55 24 52 27 3 356
0 39 54 44 30 14 3 357
1 130 52 1 48 1 2 358
1 16 67 37 59 45 4 359
1 74 49 20 46 22 1 360
0 66 53 24 51 28 3 361
1 101 44 65 48 64 2 362
1 119 62 28 52 25 5 363
1 106 82 4 80 5 1 364
0 63 6 43 6 38 3 365
0 72 49 34 52 61 3 366
0 137 59 1 46 2 3 367
0 117 64 32 63 37 4 368
0 141 56 38 59 34 3 369
0 92 68 41 67 47 3 370
0 97 63 68 62 70 3 371
1 88 65 43 67 40 1 372
1 0 61 43 53 38 1 373
1 48 69 32 61 50 2 374
1 106 6 32 6 35 1 375
0 50 46 3 53 1 3 376
0 2 65 75 59 72 3 377
1 79 38 14 18 13 1 378
0 7 29 53 32 45 3 379
1 68 50 18 48 19 1 380
0 111 53 46 49 50 3 381
0 6 57 28 64 16 3 382
0 116 38 40 42 34 3 383
0 24 42 31 44 37 3 384
0 26 61 18 55 20 3 385
1 130 70 41 51 69 4 386
1 52 59 59 58 61 1 387
0 96 56 78 54 80 3 388
1 72 98 16 98 11 3 389
1 111 54 80 57 80 2 390
1 130 54 47 54 42 2 391
1 96 53 47 42 40 1 392
0 94 66 47 67 41 3 393
1 118 53 50 53 47 1 394
1 65 58 39 62 34 1 395
1 29 54 41 58 36 5 396
1 133 40 58 67 74 1 397
1 77 33 43 31 49 1 398
1 88 52 58 57 59 2 399
0 8 45 58 45 41 3 400
0 90 49 41 44 34 3 401
0 5 47 26 48 20 3 402
0 116 47 21 52 18 3 403
0 28 85 94 81 92 3 404
0 130 53 43 47 35 3 405
1 0 27 12 30 13 1 406
1 79 70 42 74 30 1 407
0 104 47 50 50 36 3 408
1 88 50 39 37 30 5 409
1 48 59 41 55 39 1 410
1 16 41 13 37 13 5 411
0 46 65 50 62 49 3 412
0 143 80 7 81 5 3 413
1 91 55 50 56 48 1 414
1 117 58 36 54 41 1 415
0 11 44 69 52 46 3 416
1 62 65 33 60 34 1 417
0 140 58 39 55 41 3 418
1 61 54 56 56 57 1 419
0 102 56 61 53 68 3 420
1 143 38 14 35 14 1 421
0 76 62 42 60 41 3 422
0 5 49 45 56 44 3 423
1 106 37 41 46 26 2 424
0 102 87 4 84 4 3 425
0 88 65 41 68 40 3 426
1 26 46 43 52 45 2 427
0 2 5 60 6 44 3 428
0 105 50 28 55 22 3 429
0 38 57 28 56 26 6 430
1 74 44 2 49 2 5 431
1 8 89 93 87 94 1 432
1 116 46 17 49 19 6 433
0 43 43 79 42 86 3 434
1 13 69 40 69 37 1 435
0 120 59 49 61 41 3 436
0 52 50 53 56 49 3 437
0 47 69 37 64 42 3 438
0 88 50 2 40 4 6 439
0 104 67 23 60 32 3 440
1 73 59 38 60 36 2 441
0 16 74 66 73 68 4 442
1 32 27 54 30 47 1 443
1 5 62 58 68 41 1 444
0 97 52 47 53 45 3 445
1 40 53 75 57 75 1 446
0 108 91 38 89 55 3 447
1 13 49 63 49 68 1 448
0 113 36 13 43 12 3 449
1 65 54 45 39 39 1 450
1 141 59 55 58 57 1 451
1 31 55 80 59 80 1 452
0 111 53 50 45 49 3 453
0 64 48 44 44 52 6 454
1 129 81 4 79 6 1 455
0 123 92 36 91 11 3 456
0 13 50 35 55 38 6 457
0 137 54 28 52 31 3 458
0 124 61 29 61 32 3 459
0 37 64 94 62 93 3 460
0 38 41 33 44 34 6 461
0 40 61 38 89 23 3 462
1 127 68 77 69 75 1 463
0 52 55 80 53 81 3 464
1 139 56 2 65 1 4 465
1 93 62 48 48 48 2 466
1 53 48 47 22 19 1 467
0 143 45 63 44 65 3 468
0 70 68 63 68 72 6 469
0 62 61 48 35 16 3 470
1 130 57 47 61 51 5 471
0 130 48 19 47 14 5 472
1 8 57 27 57 34 2 473
1 5 48 20 31 18 3 474
0 75 48 56 49 60 3 475
1 102 59 50 57 52 2 476
1 111 27 25 47 66 1 477
1 53 50 59 38 52 1 478
0 124 6 38 6 34 3 479
1 28 98 16 98 20 6 480
0 131 7 46 6 42 3 481
0 65 30 55 30 48 3 482
1 91 56 48 46 63 1 483
1 90 42 3 28 4 2 484
0 13 53 80 50 80 3 485
1 28 48 52 42 45 1 486
1 27 60 17 39 18 3 487
1 111 42 30 48 31 1 488
0 3 59 26 56 15 3 489
0 141 21 19 42 70 3 490
1 119 52 80 55 76 1 491
1 35 50 80 56 80 1 492
0 48 28 48 30 45 3 493
1 28 59 17 60 19 1 494
0 136 67 35 59 26 3 495
1 143 53 37 49 28 1 496
1 12 61 33 57 35 2 497
1 123 31 47 31 50 6 498
1 43 47 37 54 32 1 499
1 88 66 40 69 40 3 500
1 115 86 94 83 93 4 501
1 27 53 40 52 47 1 502
1 93 98 20 98 17 1 503
0 136 68 40 64 21 3 504
1 65 62 42 60 41 3 505
1 108 59 71 54 76 2 506
1 129 47 31 52 26 4 507
1 94 55 80 50 81 1 508
0 52 52 46 50 49 3 509
1 135 47 34 20 39 1 510
1 10 47 2 50 2 5 511
1 87 58 30 60 28 2 512
1 141 55 24 51 28 1 513
1 102 60 48 53 70 5 514
0 48 60 38 64 45 3 515
1 27 58 43 56 46 1 516
0 71 56 72 58 76 3 517
1 8 53 75 65 76 4 518
1 137 30 46 32 54 1 519
1 76 56 29 54 22 2 520
1 115 65 53 67 47 1 521
1 26 37 16 67 42 1 522
0 51 57 18 55 16 3 523
1 48 25 53 26 51 1 524
0 14 46 58 48 61 3 525
0 19 55 72 55 78 3 526
1 95 66 74 68 72 4 527
0 17 49 43 56 44 3 528
0 78 91 36 92 31 4 529
1 132 71 42 67 39 4 530
1 29 35 47 36 45 1 531
1 62 61 1 56 2 2 532
0 102 87 4 84 4 3 533
1 69 56 76 57 74 2 534
1 90 56 52 54 58 1 535
1 120 49 44 55 36 1 536
0 3 41 13 37 15 3 537
0 66 46 3 42 4 3 538
1 38 57 28 55 32 1 539
1 108 52 1 64 1 1 540
0 124 61 1 49 2 5 541
0 13 6 65 5 67 3 542
1 68 58 45 55 48 1 543
0 68 55 30 59 31 3 544
0 67 63 1 56 2 3 545
0 99 54 49 48 57 3 546
0 72 55 54 58 52 3 547
1 107 30 54 26 53 2 548
1 11 30 43 26 54 2 549
1 97 42 46 38 40 1 550
0 85 41 4 35 4 3 551
0 62 53 49 52 47 3 552
0 103 59 75 56 75 5 553
0 50 68 41 67 33 3 554
0 54 6 53 6 43 3 555
1 105 49 80 47 85 1 556
0 96 56 42 55 44 3 557
1 37 29 55 30 53 1 558
1 132 59 43 62 38 1 559
1 27 39 48 36 33 4 560
1 50 47 53 43 56 1 561
0 104 51 18 49 19 3 562
1 121 52 55 51 44 2 563
0 17 51 77 56 70 5 564
0 3 59 35 55 39 3 565
1 67 51 18 46 20 2 566
0 93 46 61 46 66 3 567
0 116 87 3 84 4 3 568
0 129 56 30 60 30 3 569
0 22 5 40 6 38 3 570
1 0 64 52 65 43 5 571
1 112 31 38 29 37 2 572
1 31 30 14 51 38 1 573
1 59 65 52 65 44 1 574
0 107 60 42 55 48 3 575
0 98 47 52 46 48 3 576
0 139 91 33 91 29 3 577
1 116 67 35 69 32 1 578
1 63 29 58 28 67 1 579
0 20 67 41 68 39 4 580
0 88 61 36 56 47 5 581
0 41 44 44 42 60 6 582
1 65 5 36 5 43 2 583
0 18 58 17 61 15 3 584
1 2 31 46 27 51 1 585
0 123 36 41 41 32 3 586
0 139 54 49 51 48 3 587
0 73 56 40 60 34 3 588
1 79 46 30 41 38 4 589
1 101 53 49 52 43 5 590
1 62 56 80 50 80 3 591
0 66 53 28 55 26 3 592
0 129 55 44 49 65 3 593
0 40 71 27 64 32 3 594
1 26 55 49 53 51 1 595
1 67 46 3 40 3 1 596
1 26 69 41 71 37 6 597
1 6 49 48 63 35 1 598
0 11 51 33 54 31 3 599
0 113 6 64 5 70 4 600
1 57 88 93 85 94 1 601
0 123 41 2 46 2 3 602
0 31 69 70 69 73 3 603
0 27 50 21 45 15 3 604
0 119 55 41 99 30 3 605
1 83 56 25 58 26 1 606
1 55 56 28 52 38 1 607
1 56 60 33 56 39 2 608
1 116 6 45 6 33 5 609
0 109 27 49 32 46 3 610
1 2 47 41 46 46 2 611
0 48 47 58 45 65 3 612
1 12 62 36 50 34 1 613
1 49 42 40 37 41 1 614
0 19 65 95 63 96 3 615
1 129 65 94 67 93 1 616
1 80 26 51 24 52 1 617
1 12 61 30 61 27 2 618
1 39 55 48 46 63 4 619
1 133 65 39 70 30 1 620
1 116 7 41 5 57 6 621
1 135 34 39 35 50 1 622
0 76 51 27 50 31 4 623
0 120 30 77 49 63 4 624
0 108 55 53 50 54 3 625
0 18 45 21 43 22 3 626
0 18 90 38 91 31 3 627
0 63 38 46 46 33 3 628
1 36 6 29 6 33 1 629
1 83 98 19 98 22 1 630
0 77 58 17 49 29 3 631
1 111 54 41 55 39 1 632
1 99 56 39 52 30 1 633
1 21 72 37 65 45 1 634
0 133 50 54 52 55 3 635
1 72 68 26 64 20 6 636
0 60 69 3 79 5 3 637
1 14 58 17 60 18 1 638
0 57 55 72 59 73 3 639
0 19 50 27 52 28 3 640
0 124 6 53 6 58 3 641
0 39 69 40 65 45 3 642
0 125 45 49 39 47 3 643
1 141 67 40 72 35 1 644
1 86 55 42 53 40 1 645
0 117 46 3 42 3 3 646
1 65 48 59 44 65 1 647
1 9 47 33 67 41 2 648
0 139 60 1 63 1 3 649
1 40 35 77 38 78 2 650
0 35 27 70 27 65 3 651
0 112 53 28 55 27 4 652
0 121 5 37 6 39 3 653
0 21 98 19 98 15 3 654
0 89 6 26 6 29 3 655
0 7 60 34 61 38 3 656
0 82 46 58 43 64 3 657
0 37 60 41 58 40 3 658
0 128 57 35 55 37 5 659
1 114 61 30 60 32 1 660
1 38 43 34 41 32 3 661
1 82 70 68 73 67 1 662
1 34 5 36 4 51 2 663
1 101 53 51 56 47 1 664
0 124 53 30 45 31 5 665
0 87 59 54 55 54 3 666
0 3 53 57 57 54 3 667
1 100 58 29 48 26 1 668
1 142 39 22 33 22 1 669
0 80 46 3 37 4 3 670
0 143 6 28 6 31 3 671
1 77 9 27 28 36 1 672
1 80 44 10 40 12 2 673
0 97 52 26 55 25 3 674
0 140 6 37 6 27 3 675
1 120 67 42 68 44 1 676
0 0 30 48 33 43 3 677
0 2 55 78 31 78 3 678
0 37 61 36 63 34 3 679
1 58 31 42 49 32 1 680
1 142 55 46 54 50 1 681
1 27 54 16 50 16 1 682
0 112 69 39 69 33 3 683
0 63 42 19 42 26 3 684
1 138 61 51 61 43 4 685
1 112 33 44 32 40 1 686
1 101 72 70 70 72 1 687
1 67 5 71 6 65 5 688
1 22 33 46 31 51 1 689
1 77 60 26 59 28 2 690
0 26 46 36 44 39 5 691
0 11 87 3 88 1 3 692
1 5 49 3 42 4 5 693
0 83 57 37 60 35 3 694
0 107 7 46 6 55 3 695
0 122 6 65 5 69 5 696
0 28 98 19 98 15 3 697
0 29 73 31 67 31 3 698
1 121 6 36 6 32 2 699
0 78 45 30 38 41 3 700
0 90 60 1 65 1 3 701
1 143 55 26 56 31 1 702
1 112 63 35 46 56 1 703
0 83 63 31 60 37 3 704
0 17 54 27 53 29 3 705
0 42 55 43 53 45 3 706
1 56 56 30 59 29 1 707
0 72 98 32 98 19 6 708
1 137 31 50 27 56 1 709
1 16 34 43 27 48 2 710
0 33 54 41 52 49 3 711
0 117 56 2 62 2 3 712
0 133 56 80 38 80 3 713
1 40 90 39 91 37 1 714
0 90 72 33 74 31 3 715
0 132 53 76 55 73 3 716
0 80 40 12 30 10 3 717
0 33 92 33 92 27 5 718
0 133 56 44 58 58 3 719
0 94 92 28 90 38 3 720
1 38 29 37 27 29 6 721
0 3 45 61 43 58 3 722
1 135 26 55 32 42 1 723
0 132 41 36 43 37 6 724
1 73 48 43 51 43 1 725
1 135 6 32 6 37 1 726
1 80 30 47 26 49 1 727
0 113 6 62 6 65 3 728
0 143 25 53 30 52 3 729
0 35 54 81 50 81 5 730
0 51 55 32 61 24 5 731
1 109 6 33 6 30 1 732
1 72 66 92 65 94 6 733
1 88 60 44 57 47 2 734
0 93 46 34 40 37 3 735
1 9 53 27 55 23 1 736
0 128 58 30 35 52 3 737
0 122 5 64 6 58 3 738
0 133 47 16 51 16 4 739
1 21 55 52 57 58 1 740
0 66 52 2 47 2 3 741
0 128 54 45 54 41 3 742
0 51 73 70 69 75 3 743
0 43 52 37 59 34 5 744
1 27 5 68 6 65 1 745
0 15 62 1 38 2 3 746
1 16 53 49 54 51 1 747
1 106 31 45 33 41 2 748
0 92 59 38 57 40 3 749
1 99 62 70 59 71 1 750
1 13 52 17 46 20 1 751
1 123 68 35 68 39 2 752
0 53 33 44 34 41 3 753
0 65 43 33 41 24 3 754
0 40 56 18 58 19 3 755
0 19 55 37 54 39 3 756
0 111 6 61 6 58 3 757
1 3 91 28 91 31 1 758
0 0 80 5 83 4 3 759
1 67 57 39 66 30 1 760
0 3 57 28 55 33 3 761
0 8 55 35 62 23 5 762
1 37 77 6 81 5 1 763
0 0 46 47 45 28 3 764
1 138 68 69 65 76 1 765
1 9 53 47 48 57 1 766
0 112 26 50 34 39 5 767
1 117 52 43 55 41 1 768
0 116 7 39 4 49 3 769
0 128 61 25 53 38 3 770
1 90 47 63 44 60 2 771
0 103 55 31 59 30 3 772
0 72 48 65 47 70 3 773
0 86 1 95 4 95 3 774
0 1 47 68 45 62 3 775
0 108 92 27 90 38 3 776
1 133 68 38 67 40 2 777
1 115 27 43 33 42 3 778
0 64 59 26 54 32 3 779
1 60 77 6 80 6 5 780
1 117 56 42 51 46 2 781
1 42 62 26 59 25 1 782
1 39 69 38 64 45 6 783
0 103 63 22 60 24 3 784
1 121 54 38 63 46 2 785
0 118 69 74 68 72 3 786
0 64 69 37 68 23 3 787
0 15 91 38 91 33 3 788
0 67 56 36 53 38 3 789
0 104 61 36 58 42 3 790
0 35 53 40 54 48 3 791
1 107 53 47 58 36 1 792
0 64 68 38 70 35 3 793
0 72 41 72 45 75 3 794
0 64 43 12 36 8 3 795
1 52 6 55 6 52 2 796
1 19 52 52 53 39 1 797
0 54 6 32 5 27 3 798
0 119 68 46 66 45 3 799
0 85 57 40 59 33 3 800
0 104 43 54 45 51 3 801
1 87 60 26 57 32 1 802
1 65 59 53 56 53 1 803
1 0 46 51 48 52 2 804
1 102 6 35 6 30 1 805
0 66 59 40 42 27 3 806
1 29 57 31 55 27 1 807
1 24 46 2 49 2 3 808
0 33 53 17 48 21 3 809
1 0 64 38 62 32 1 810
1 48 98 16 98 20 1 811
0 143 65 16 60 18 5 812
1 75 53 45 56 40 1 813
0 73 5 42 6 46 3 814
1 8 57 26 58 30 6 815
1 52 5 70 5 66 1 816
1 125 6 52 7 29 2 817
1 77 49 79 57 74 1 818
0 36 44 4 48 4 3 819
0 4 52 27 53 29 3 820
0 24 36 31 41 42 6 821
1 32 56 35 54 38 1 822
1 86 7 41 6 46 1 823
1 75 69 40 69 44 1 824
0 98 52 80 47 80 3 825
1 63 57 66 31 78 5 826
1 66 70 43 65 44 1 827
1 127 69 33 67 39 1 828
1 65 30 57 29 53 1 829
1 123 58 19 51 19 2 830
1 5 54 76 59 74 1 831
1 93 54 52 50 53 1 832
0 78 92 34 92 29 3 833
1 103 98 19 98 24 1 834
1 110 40 48 41 51 1 835
0 134 53 32 59 30 3 836
1 62 6 64 6 67 2 837
0 96 61 36 63 34 3 838
0 106 6 41 6 51 3 839
0 141 67 38 64 44 3 840
1 38 58 29 59 25 2 841
0 37 80 6 83 4 3 842
0 63 56 22 51 26 3 843
1 62 50 27 52 25 1 844
0 118 63 42 57 49 3 845
0 136 51 80 55 80 3 846
0 89 53 53 49 57 3 847
0 88 54 46 52 42 3 848
0 26 48 46 56 41 3 849
0 13 53 51 55 42 5 850
1 32 70 6 81 5 1 851
0 130 67 40 72 37 3 852
1 92 44 64 98 37 1 853
0 82 68 70 71 72 3 854
0 28 45 4 41 4 3 855
0 88 44 2 51 2 3 856
0 32 86 94 88 93 3 857
0 0 91 41 90 47 3 858
1 47 7 48 6 52 1 859
0 43 67 39 52 42 3 860
1 98 64 44 62 43 2 861
1 58 56 42 58 47 1 862
0 113 57 40 53 44 3 863
0 10 43 33 44 36 3 864
0 70 48 52 46 67 3 865
1 12 6 52 6 57 2 866
1 66 5 65 3 95 1 867
0 25 91 30 92 28 3 868
0 46 6 18 5 34 3 869
0 32 58 1 61 1 3 870
0 67 6 66 6 69 5 871
0 140 52 27 52 24 3 872
1 67 56 80 52 80 6 873
1 7 61 27 58 27 1 874
1 17 59 71 61 69 1 875
0 1 55 35 58 33 3 876
1 143 48 21 45 17 1 877
1 122 50 80 54 80 5 878
1 36 56 59 56 56 1 879
0 114 68 36 64 18 5 880
1 64 88 92 86 94 5 881
0 16 60 43 54 54 3 882
0 108 91 34 91 31 3 883
1 97 83 4 80 5 1 884
0 63 91 35 90 51 4 885
0 120 59 48 43 71 3 886
1 56 50 60 44 61 6 887
0 44 51 27 35 34 5 888
1 7 33 44 28 55 3 889
1 5 57 63 56 59 1 890
1 22 58 54 63 53 1 891
1 59 46 2 83 1 1 892
0 39 66 93 64 94 3 893
1 93 48 20 45 20 1 894
1 88 61 47 52 59 1 895
0 93 69 73 40 58 4 896
1 86 45 3 36 4 1 897
1 37 6 29 5 33 5 898
1 92 68 40 61 49 1 899
1 75 43 65 47 56 1 900
0 56 45 2 43 3 3 901
0 22 40 55 40 51 3 902
0 7 49 19 45 20 3 903
1 86 6 40 6 47 2 904
1 62 68 38 67 41 1 905
1 127 70 36 70 39 2 906
1 67 29 54 32 50 3 907
0 10 47 32 51 26 3 908
1 65 56 24 33 26 1 909
0 126 60 75 30 77 3 910
0 14 52 45 64 33 3 911
0 98 78 6 71 8 4 912
0 16 42 4 45 4 3 913
0 32 54 39 54 50 3 914
1 86 6 41 6 48 1 915
0 116 59 44 57 39 3 916
1 141 61 47 58 48 1 917
0 96 6 48 6 42 3 918
0 54 6 37 6 34 3 919
0 4 36 27 33 30 3 920
0 77 58 33 60 30 3 921
0 80 57 37 61 31 3 922
1 125 6 58 5 66 3 923
0 139 6 36 5 32 5 924
1 117 48 67 47 69 2 925
1 34 45 4 42 4 1 926
1 13 71 41 73 31 2 927
1 38 91 27 91 30 1 928
0 46 54 66 57 62 3 929
1 105 73 35 68 39 1 930
1 86 88 92 86 94 6 931
1 107 42 34 43 30 1 932
0 132 6 64 5 73 3 933
0 27 5 67 5 64 3 934
1 136 64 31 68 33 1 935
0 108 58 48 61 45 3 936
1 8 46 53 22 17 2 937
1 68 69 42 70 38 1 938
1 117 45 67 50 65 5 939
0 77 5 49 3 40 3 940
0 52 88 93 82 92 3 941
1 8 41 12 35 13 4 942
0 56 43 72 49 64 3 943
1 96 58 36 55 44 1 944
0 68 56 29 54 32 3 945
1 116 29 48 23 48 2 946
1 132 6 28 6 23 1 947
1 128 50 32 51 26 1 948
0 17 58 74 55 75 5 949
1 63 33 48 32 51 2 950
0 27 81 5 79 6 5 951
1 79 51 27 55 23 1 952
0 41 86 4 88 3 3 953
1 32 66 34 68 33 1 954
0 43 28 61 29 52 3 955
0 53 56 49 58 36 3 956
1 21 70 68 69 72 1 957
1 72 6 28 6 34 1 958
0 112 87 4 86 2 3 959
1 38 42 38 41 35 1 960
1 103 53 42 52 44 1 961
0 74 45 22 49 20 3 962
0 48 40 23 51 30 3 963
0 52 69 37 74 29 3 964
0 123 51 48 50 26 3 965
1 37 6 44 4 49 1 966
0 115 46 3 42 3 3 967
0 104 5 52 5 55 3 968
0 16 57 76 42 74 3 969
0 124 57 46 30 63 3 970
1 129 56 18 58 17 1 971
0 69 44 3 39 3 3 972
0 14 54 16 53 14 3 973
1 27 6 37 6 34 2 974
0 51 45 60 40 67 3 975
1 117 63 40 66 29 2 976
0 87 61 39 59 43 5 977
1 34 60 1 65 1 1 978
1 12 54 40 58 27 1 979
1 92 61 15 57 19 1 980
0 134 43 2 50 2 3 981
1 139 55 18 58 18 1 982
0 74 55 74 58 75 3 983
1 141 50 52 42 40 2 984
1 76 6 48 6 45 6 985
1 94 52 33 53 41 1 986
0 51 59 29 62 26 3 987
1 10 6 42 6 54 1 988
0 41 50 2 45 2 3 989
0 35 50 35 43 35 3 990
0 96 43 11 39 12 5 991
1 122 51 49 56 39 3 992
1 117 45 71 42 78 1 993
1 96 32 55 33 51 1 994
1 101 61 74 68 76 1 995
0 143 43 11 40 12 3 996
0 7 29 62 28 57 5 997
1 26 65 16 62 17 3 998
0 93 52 56 43 35 3 999
0 15 64 1 59 1 3 1000
0 65 6 30 6 33 3 1001
0 88 68 36 63 6 3 1002
0 2 54 74 58 75 3 1003
1 3 61 33 57 40 2 1004
1 97 49 3 41 3 1 1005
1 56 48 80 43 80 6 1006
0 90 5 63 6 66 3 1007
0 48 34 46 33 44 3 1008
0 2 33 38 49 48 3 1009
1 105 50 77 49 79 1 1010
1 65 63 41 62 31 5 1011
1 64 60 36 16 20 2 1012
1 2 43 2 47 3 1 1013
0 34 58 76 57 73 3 1014
0 28 41 75 37 71 3 1015
1 63 91 39 91 42 1 1016
0 58 6 27 6 30 3 1017
1 93 54 76 63 68 1 1018
1 115 5 74 5 80 1 1019
0 68 55 47 54 43 3 1020
0 43 61 33 42 39 3 1021
0 130 48 20 51 18 3 1022
0 16 43 9 36 10 3 1023
0 14 98 18 98 21 3 1024
0 36 47 2 28 2 3 1025
0 135 57 45 46 64 3 1026
1 68 56 25 56 36 1 1027
1 126 56 42 47 36 1 1028
0 137 6 30 6 34 3 1029
1 40 55 18 53 19 2 1030
0 63 91 27 91 30 3 1031
0 78 47 28 50 29 4 1032
0 11 55 44 50 48 3 1033
1 28 62 31 61 29 1 1034
0 127 51 26 45 28 3 1035
1 4 58 36 60 37 1 1036
1 38 59 44 55 49 2 1037
1 74 52 2 60 1 2 1038
1 39 61 40 49 49 1 1039
1 68 23 45 22 48 1 1040
0 123 61 41 60 39 3 1041
1 125 30 77 48 78 1 1042
1 109 47 4 40 4 3 1043
1 14 51 46 49 41 1 1044
0 62 53 44 54 47 4 1045
0 43 61 39 52 26 6 1046
1 76 62 45 66 43 1 1047
1 125 6 35 6 27 2 1048
0 121 69 35 67 39 3 1049
0 66 50 2 36 2 3 1050
0 107 66 27 61 42 3 1051
0 63 60 45 61 50 3 1052
1 81 48 69 53 58 1 1053
1 99 58 71 58 75 1 1054
1 91 71 41 72 33 1 1055
1 129 46 45 43 57 2 1056
1 129 6 56 7 54 1 1057
0 95 62 52 61 56 3 1058
1 143 88 92 85 95 1 1059
1 74 61 70 59 71 4 1060
1 50 44 33 38 36 2 1061
0 7 56 26 52 33 3 1062
0 53 60 24 50 35 5 1063
0 10 59 49 62 47 3 1064
0 40 59 19 50 22 3 1065
0 48 90 25 90 28 3 1066
1 94 33 53 30 48 3 1067
0 71 68 34 54 44 3 1068
1 14 50 38 46 51 1 1069
1 8 45 29 43 37 2 1070
1 91 54 46 36 32 5 1071
1 94 31 40 28 41 1 1072
1 27 40 12 44 12 1 1073
0 19 50 28 47 31 3 1074
0 136 64 40 61 42 3 1075
1 143 59 17 58 19 5 1076
0 42 35 41 32 44 3 1077
1 67 36 13 39 12 1 1078
0 16 44 12 35 13 3 1079
1 80 74 31 64 43 2 1080
0 44 61 42 63 21 3 1081
0 71 32 45 29 48 3 1082
1 86 98 17 98 22 1 1083
0 104 67 35 58 44 3 1084
1 127 6 55 6 51 1 1085
0 55 86 3 83 5 4 1086
1 18 86 4 81 2 1 1087
1 122 56 80 52 80 5 1088
0 1 90 41 90 45 3 1089
1 81 54 26 51 26 2 1090
0 128 51 29 50 27 5 1091
0 60 44 30 37 39 3 1092
0 69 58 19 61 33 4 1093
0 109 51 80 47 80 3 1094
1 90 62 24 57 28 2 1095
1 137 68 44 69 39 1 1096
1 137 29 47 27 49 1 1097
1 88 49 21 50 19 1 1098
1 68 61 32 58 22 1 1099
1 11 49 3 29 4 2 1100
0 75 53 18 26 18 3 1101
1 119 67 40 71 39 1 1102
0 6 43 12 37 13 3 1103
0 77 88 4 93 3 3 1104
0 23 53 47 53 40 3 1105
1 24 57 38 54 40 2 1106
0 57 6 45 7 43 6 1107
1 22 43 71 40 79 4 1108
1 102 47 20 41 19 1 1109
0 10 56 30 52 28 3 1110
1 66 39 37 41 34 1 1111
1 66 53 15 56 18 1 1112
1 5 56 50 55 53 5 1113
0 120 62 32 60 28 3 1114
0 12 73 66 72 73 3 1115
0 102 55 35 53 61 3 1116
0 96 68 45 64 53 3 1117
1 109 41 2 48 2 1 1118
0 73 61 27 61 24 3 1119
0 59 55 62 55 59 3 1120
0 132 70 32 66 41 6 1121
1 38 49 79 55 78 1 1122
1 15 88 94 84 94 1 1123
1 119 47 3 49 2 1 1124
0 87 59 32 63 24 4 1125
0 43 55 41 56 39 5 1126
0 17 6 48 6 44 6 1127
1 15 61 1 64 1 1 1128
0 129 57 38 52 49 3 1129
1 137 49 20 46 20 3 1130
0 21 54 38 60 54 3 1131
1 8 48 51 45 52 2 1132
0 24 51 61 48 63 3 1133
0 45 55 36 54 31 4 1134
1 63 42 12 38 13 1 1135
0 134 46 61 55 41 3 1136
1 142 55 50 50 57 4 1137
0 78 59 37 56 40 3 1138
1 133 39 46 36 49 1 1139
1 88 72 36 65 43 3 1140
1 139 50 39 51 34 1 1141
1 102 52 44 63 33 2 1142
1 26 69 46 68 49 1 1143
0 5 53 18 48 19 4 1144
0 128 63 1 69 0 3 1145
0 12 59 31 38 43 3 1146
0 23 57 34 54 37 3 1147
1 117 42 80 38 79 4 1148
0 33 62 22 54 30 3 1149
1 133 92 25 89 34 2 1150
0 22 56 26 54 30 3 1151
0 124 91 32 90 36 5 1152
0 102 6 20 5 27 5 1153
0 64 45 4 39 5 3 1154
1 78 92 27 92 32 1 1155
0 34 51 52 50 55 3 1156
1 102 70 72 68 73 1 1157
1 40 55 41 52 45 2 1158
1 59 51 80 55 80 4 1159
1 51 31 51 31 55 1 1160
0 118 47 44 47 50 3 1161
0 7 61 1 65 1 3 1162
1 140 51 37 58 39 1 1163
1 108 68 74 71 68 6 1164
0 53 59 16 63 16 3 1165
1 48 92 28 91 31 1 1166
1 140 73 68 72 70 1 1167
0 121 70 69 67 72 3 1168
1 55 49 36 28 34 2 1169
0 143 48 3 45 4 3 1170
0 113 54 46 51 49 3 1171
0 39 49 53 32 39 5 1172
1 38 63 21 61 25 1 1173
1 98 48 43 43 36 1 1174
1 69 42 18 51 26 3 1175
0 54 58 46 60 43 3 1176
1 126 6 54 6 59 3 1177
1 121 17 2 27 4 1 1178
1 112 47 2 43 3 4 1179
0 18 92 30 91 38 3 1180
0 19 64 17 57 17 3 1181
0 123 44 34 39 38 3 1182
0 52 51 45 45 63 3 1183
0 13 50 57 47 65 3 1184
1 1 52 20 60 18 1 1185
0 87 54 42 56 48 3 1186
1 116 44 17 41 17 1 1187
1 65 29 54 24 73 1 1188
0 46 6 28 6 31 3 1189
1 64 29 53 31 50 1 1190
1 83 49 66 45 75 2 1191
1 90 50 69 59 72 1 1192
1 120 55 45 54 41 5 1193
0 94 35 13 41 13 3 1194
0 62 53 23 55 24 3 1195
1 124 92 31 92 28 3 1196
1 141 62 40 64 42 1 1197
1 10 61 48 62 46 1 1198
1 27 57 18 51 19 2 1199
1 80 58 1 55 2 1 1200
0 86 52 24 50 26 3 1201
1 87 41 34 41 42 1 1202
1 56 51 25 53 29 1 1203
1 112 50 32 53 29 5 1204
0 87 68 39 61 48 3 1205
1 47 5 64 5 74 1 1206
1 110 48 36 43 44 1 1207
0 87 56 42 52 42 3 1208
1 126 62 34 42 31 1 1209
1 94 44 17 70 30 1 1210
1 33 92 20 93 10 1 1211
1 48 56 52 51 46 2 1212
0 91 61 37 58 37 3 1213
0 78 69 34 70 36 3 1214
0 56 32 46 34 43 3 1215
1 102 58 47 57 50 1 1216
0 38 51 58 54 48 3 1217
1 111 51 36 50 38 1 1218
0 100 58 33 59 28 3 1219
1 101 66 29 61 31 3 1220
0 12 67 73 63 78 3 1221
1 54 64 42 63 48 1 1222
0 143 47 60 60 47 3 1223
0 34 48 4 45 3 6 1224
1 49 63 42 69 41 1 1225
1 101 91 44 90 41 2 1226
1 114 6 67 6 61 1 1227
0 0 67 39 36 14 3 1228
1 89 55 27 53 19 2 1229
1 134 61 49 57 28 2 1230
1 18 77 6 80 7 1 1231
0 1 51 40 58 35 3 1232
0 10 49 28 41 29 3 1233
0 36 56 74 62 71 3 1234
0 128 67 92 66 94 3 1235
0 11 48 2 53 1 3 1236
1 58 41 2 46 2 1 1237
0 22 31 43 19 46 3 1238
0 10 42 42 38 40 3 1239
0 58 98 21 98 16 3 1240
0 67 59 33 57 38 3 1241
0 116 59 32 54 37 3 1242
0 108 61 38 30 14 3 1243
1 5 54 58 57 50 2 1244
0 118 29 54 26 72 3 1245
1 59 53 25 56 27 1 1246
1 17 43 3 49 2 1 1247
0 115 58 42 54 54 3 1248
1 38 45 51 45 57 1 1249
0 13 74 35 72 40 3 1250
1 5 52 40 57 38 1 1251
1 140 62 30 63 32 1 1252
1 60 68 39 63 44 3 1253
0 8 98 16 98 27 3 1254
0 79 59 19 55 20 3 1255
0 5 54 34 54 40 3 1256
0 8 49 40 47 52 3 1257
1 123 32 47 30 52 1 1258
0 99 42 34 41 25 3 1259
1 130 36 15 48 44 2 1260
0 133 53 2 60 1 3 1261
1 111 6 35 6 32 1 1262
0 65 33 48 28 55 3 1263
1 130 50 19 47 20 3 1264
1 13 54 31 26 39 3 1265
1 56 51 45 50 52 1 1266
0 8 42 13 33 14 3 1267
0 33 27 50 31 48 3 1268
0 52 46 2 28 2 5 1269
0 88 54 41 60 36 3 1270
0 117 59 30 39 36 3 1271
0 44 57 36 52 43 3 1272
0 105 59 17 55 19 3 1273
0 52 64 45 67 48 5 1274
1 54 60 50 52 45 6 1275
1 111 57 25 61 28 1 1276
1 88 50 49 47 47 1 1277
1 125 58 28 55 32 1 1278
1 66 7 31 7 48 1 1279
0 30 56 18 50 16 3 1280
1 103 6 31 6 21 2 1281
1 65 6 34 6 30 4 1282
0 107 58 47 40 39 3 1283
0 120 44 46 40 46 3 1284
0 91 57 38 59 39 3 1285
1 67 6 40 5 42 1 1286
1 78 62 46 59 33 2 1287
1 77 31 47 30 60 2 1288
0 83 54 31 59 26 5 1289
0 135 41 34 43 31 3 1290
0 109 47 3 49 2 3 1291
1 98 61 42 55 50 2 1292
0 121 32 32 28 31 3 1293
0 42 62 44 67 27 3 1294
0 92 67 36 68 40 3 1295
1 72 98 25 98 17 1 1296
0 33 92 26 92 33 3 1297
0 2 66 93 67 91 3 1298
1 40 51 19 58 11 5 1299
1 61 60 44 57 48 1 1300
0 39 51 50 42 73 3 1301
1 42 56 30 57 34 1 1302
1 26 53 50 51 59 1 1303
0 101 29 0 50 0 3 1304
1 19 50 37 45 49 2 1305
1 121 6 33 6 36 1 1306
1 109 41 42 41 36 1 1307
1 78 56 44 52 44 5 1308
1 98 47 42 45 60 1 1309
1 65 64 92 65 94 2 1310
1 83 37 41 45 33 3 1311
0 122 68 74 68 70 3 1312
1 98 54 39 54 33 4 1313
1 107 78 6 80 5 2 1314
1 138 58 41 49 50 3 1315
1 39 52 26 46 31 2 1316
1 22 58 27 59 25 1 1317
1 38 48 4 45 3 1 1318
0 4 51 25 51 47 3 1319
1 120 81 5 77 6 1 1320
1 7 46 53 48 56 2 1321
1 102 51 54 54 47 2 1322
0 35 52 25 43 34 3 1323
0 75 86 5 84 4 3 1324
1 112 50 19 47 30 1 1325
0 104 48 59 46 55 3 1326
1 115 51 50 55 45 2 1327
0 127 98 15 98 21 3 1328
0 134 54 32 49 27 3 1329
1 87 29 63 28 54 1 1330
0 137 61 18 59 19 3 1331
0 129 65 76 68 73 3 1332
1 135 42 12 39 12 1 1333
1 60 40 4 45 3 1 1334
1 126 49 29 51 31 1 1335
1 108 6 66 5 75 1 1336
1 113 52 47 54 43 1 1337
1 122 54 44 48 41 1 1338
0 122 27 49 30 44 3 1339
1 89 48 80 45 80 1 1340
1 4 57 18 59 17 1 1341
1 46 67 93 63 93 2 1342
1 137 59 30 64 43 2 1343
0 104 5 62 6 58 3 1344
0 140 67 34 62 33 5 1345
1 21 65 40 62 46 1 1346
1 120 55 55 60 42 1 1347
1 0 55 39 48 37 2 1348
0 141 63 49 59 47 5 1349
1 27 4 48 3 46 1 1350
1 74 6 43 5 45 1 1351
1 46 60 38 43 65 1 1352
0 43 6 64 5 69 3 1353
0 111 91 36 92 26 3 1354
1 45 37 13 44 11 1 1355
1 92 52 19 60 18 1 1356
0 43 52 24 48 35 3 1357
1 117 54 53 47 70 1 1358
1 40 55 39 53 43 1 1359
1 97 88 4 86 5 1 1360
0 111 50 81 43 81 3 1361
1 32 32 45 30 46 1 1362
0 22 73 36 70 35 3 1363
1 143 59 74 51 81 2 1364
1 128 47 31 52 25 4 1365
0 50 89 92 87 93 3 1366
0 66 38 49 38 45 3 1367
1 7 31 52 31 48 1 1368
1 57 58 45 29 47 1 1369
1 78 3 96 1 95 2 1370
0 94 41 36 44 31 3 1371
1 48 38 13 36 14 1 1372
0 75 71 30 69 40 3 1373
1 97 69 74 67 76 1 1374
0 112 44 4 28 4 3 1375
0 1 49 46 49 49 3 1376
1 38 54 46 48 52 2 1377
1 99 7 43 6 41 1 1378
0 16 53 38 47 39 3 1379
0 54 53 43 55 44 3 1380
1 86 46 61 49 53 1 1381
1 52 40 37 42 39 1 1382
0 77 61 1 58 1 3 1383
1 80 51 19 48 19 4 1384
1 67 65 1 60 1 1 1385
1 40 62 28 54 27 4 1386
1 99 53 56 57 50 2 1387
1 91 30 56 32 52 1 1388
1 9 42 38 41 42 2 1389
1 28 53 40 47 55 1 1390
0 72 32 42 51 39 4 1391
0 115 58 75 42 83 3 1392
0 19 67 37 67 34 3 1393
0 32 59 44 54 54 3 1394
0 66 65 45 70 24 6 1395
1 111 90 39 91 33 3 1396
0 55 88 3 92 4 3 1397
1 102 37 13 43 11 3 1398
0 45 63 1 59 2 3 1399
1 139 6 38 6 28 3 1400
0 68 52 45 49 52 3 1401
0 27 60 17 63 18 3 1402
1 51 68 74 51 75 1 1403
0 68 68 25 59 29 3 1404
1 33 46 20 50 19 1 1405
1 67 53 44 45 64 1 1406
0 55 54 17 60 12 3 1407
1 80 56 40 58 39 1 1408
0 75 68 74 69 68 3 1409
1 5 46 4 24 3 3 1410
0 40 29 53 30 51 3 1411
0 56 55 80 51 80 5 1412
1 111 56 73 60 72 1 1413
1 81 48 2 51 2 5 1414
1 90 61 33 61 27 6 1415
1 143 44 21 47 21 1 1416
0 118 52 20 55 18 3 1417
0 117 55 42 65 28 3 1418
0 108 70 75 64 82 3 1419
1 22 31 49 30 52 1 1420
1 3 52 57 50 49 1 1421
1 117 44 56 37 59 1 1422
0 47 98 22 98 15 3 1423
0 96 42 13 40 12 3 1424
0 54 43 4 46 4 3 1425
0 116 61 44 57 59 3 1426
0 38 62 34 58 38 3 1427
0 83 45 53 23 20 3 1428
0 58 52 41 55 34 3 1429
0 100 47 54 45 51 3 1430
0 84 51 37 30 14 3 1431
1 134 66 76 67 73 3 1432
1 11 46 44 22 20 1 1433
0 74 53 30 55 16 3 1434
1 38 65 41 63 45 1 1435
1 133 63 1 57 2 1 1436
0 107 39 46 38 40 3 1437
0 112 53 41 61 32 3 1438
1 26 41 3 36 3 2 1439
0 123 47 59 53 53 3 1440
0 135 5 68 5 71 3 1441
1 78 47 53 51 53 1 1442
1 135 48 47 39 55 1 1443
0 34 52 62 50 68 3 1444
0 140 55 41 56 39 3 1445
0 98 48 43 46 46 3 1446
1 17 6 55 6 52 1 1447
0 79 40 36 46 26 3 1448
0 100 60 33 60 42 4 1449
1 73 30 50 29 54 1 1450
1 67 55 43 54 45 1 1451
0 90 61 34 64 28 3 1452
0 40 46 3 50 3 3 1453
1 124 61 2 58 1 2 1454
1 6 73 66 71 69 4 1455
0 123 48 2 12 0 3 1456
0 65 30 59 33 51 3 1457
1 94 31 50 29 53 1 1458
0 94 61 40 61 46 3 1459
1 48 34 16 38 14 2 1460
1 108 31 46 27 58 1 1461
0 108 92 26 91 30 3 1462
0 104 69 32 61 31 3 1463
0 50 49 50 41 69 3 1464
1 6 50 20 50 17 1 1465
0 57 88 91 78 90 3 1466
1 90 59 42 56 46 2 1467
0 7 31 57 29 54 3 1468
0 21 61 43 60 41 3 1469
0 124 90 23 89 21 5 1470
0 109 6 47 6 65 3 1471
0 34 44 4 40 5 3 1472
0 108 92 27 92 34 3 1473
1 79 31 42 27 49 1 1474
1 48 87 4 84 4 2 1475
0 29 55 41 53 42 3 1476
0 43 5 40 6 43 3 1477
1 111 55 47 52 46 5 1478
1 121 68 76 65 74 1 1479
1 112 33 46 32 43 1 1480
1 97 54 40 49 52 2 1481
0 94 30 45 32 51 3 1482
1 121 57 39 51 48 2 1483
1 14 27 2 45 2 1 1484
1 91 51 43 55 38 1 1485
0 54 70 71 71 75 3 1486
1 28 48 36 49 32 2 1487
1 47 65 38 63 43 2 1488
1 4 53 21 56 20 2 1489
0 37 67 93 65 94 3 1490
0 136 59 43 60 37 3 1491
1 53 5 68 5 65 1 1492
1 83 6 29 5 19 1 1493
0 80 88 93 86 92 3 1494
0 128 55 28 56 25 3 1495
0 129 43 55 45 49 5 1496
1 109 5 72 6 67 1 1497
0 57 98 19 98 15 3 1498
0 116 61 23 53 35 3 1499
0 5 46 20 48 19 3 1500
1 88 59 32 52 32 1 1501
0 65 6 32 5 38 3 1502
1 59 37 39 41 44 1 1503
0 78 50 47 49 49 5 1504
0 102 45 18 53 19 3 1505
0 102 60 36 62 31 3 1506
1 130 62 43 64 45 5 1507
1 115 57 74 52 78 1 1508
1 112 40 12 43 12 5 1509
1 35 3 31 20 69 2 1510
0 126 44 10 36 12 3 1511
1 67 68 78 68 74 1 1512
1 133 52 80 56 80 1 1513
1 27 7 39 6 62 5 1514
1 109 46 63 42 33 1 1515
1 33 92 21 91 31 6 1516
1 130 46 20 50 20 1 1517
1 115 30 50 31 52 2 1518
1 9 53 39 57 39 6 1519
1 26 51 48 53 46 1 1520
0 66 3 28 3 39 3 1521
1 0 67 41 60 38 1 1522
0 52 51 61 49 68 3 1523
1 132 72 37 73 34 6 1524
1 70 60 78 37 66 1 1525
0 88 59 28 57 38 3 1526
0 82 6 28 6 32 3 1527
0 34 53 49 51 51 3 1528
0 28 67 92 66 94 6 1529
0 89 49 51 52 46 3 1530
1 72 41 51 32 81 1 1531
0 68 67 39 64 47 3 1532
0 121 46 45 45 51 3 1533
1 45 47 41 45 42 1 1534
1 138 52 2 49 2 1 1535
1 20 79 6 82 3 1 1536
1 11 51 19 49 18 1 1537
0 117 62 34 56 41 3 1538
1 100 87 3 85 4 4 1539
1 116 6 48 6 13 1 1540
0 44 61 1 65 1 3 1541
1 16 60 34 52 38 2 1542
0 43 63 32 56 41 3 1543
0 71 68 72 72 68 3 1544
1 81 5 66 5 61 2 1545
0 133 6 68 5 65 3 1546
1 121 43 34 44 29 3 1547
0 128 55 22 50 9 3 1548
1 39 55 40 53 43 1 1549
1 47 6 49 6 42 5 1550
0 139 65 1 62 1 3 1551
0 140 69 70 68 72 3 1552
1 140 65 74 70 73 5 1553
0 28 52 51 50 56 3 1554
1 98 43 36 0 3 2 1555
1 61 61 30 64 32 2 1556
0 4 61 29 52 39 3 1557
1 79 49 45 46 54 1 1558
0 16 39 9 37 8 3 1559
0 132 82 5 80 6 3 1560
0 128 53 26 48 30 6 1561
1 96 47 55 44 60 1 1562
0 12 58 29 58 24 3 1563
1 65 49 28 42 29 2 1564
1 45 67 41 43 18 4 1565
0 40 47 49 45 59 3 1566
0 107 51 80 54 80 3 1567
1 45 6 30 5 48 1 1568
1 79 69 46 67 49 5 1569
1 55 55 43 49 44 1 1570
0 141 52 57 49 56 3 1571
1 22 52 55 45 61 1 1572
1 59 62 39 62 35 1 1573
1 18 72 29 69 40 1 1574
0 123 58 53 49 84 3 1575
0 76 69 71 56 73 3 1576
0 88 57 44 53 47 3 1577
1 142 62 36 56 28 3 1578
1 130 61 41 59 45 3 1579
0 23 81 6 69 6 3 1580
1 9 53 45 96 28 1 1581
1 72 98 24 98 30 2 1582
1 123 46 72 44 75 1 1583
1 12 60 22 60 27 5 1584
1 116 50 2 41 2 1 1585
1 48 30 45 28 54 6 1586
1 29 61 34 59 38 1 1587
1 91 65 94 64 89 1 1588
0 95 57 45 59 44 3 1589
0 78 57 43 53 44 3 1590
1 1 30 56 32 45 1 1591
0 46 49 21 42 20 5 1592
0 137 27 61 28 57 3 1593
0 128 58 26 55 30 5 1594
0 96 52 27 51 24 3 1595
1 24 59 41 57 39 1 1596
1 58 60 33 34 56 1 1597
0 47 6 48 5 5 3 1598
0 87 98 24 98 31 3 1599
1 52 57 40 52 52 1 1600
1 130 50 17 48 16 5 1601
0 0 49 79 51 78 3 1602
0 0 52 53 47 58 3 1603
0 8 60 16 57 18 3 1604
0 9 6 33 6 29 4 1605
0 112 60 39 55 43 3 1606
0 51 29 60 27 58 3 1607
1 85 57 46 54 46 2 1608
0 14 57 19 52 19 3 1609
1 105 64 45 63 47 1 1610
1 137 60 35 32 14 1 1611
0 22 30 61 31 58 3 1612
1 139 92 26 91 28 2 1613
0 80 34 41 30 43 3 1614
1 124 51 1 54 2 1 1615
0 57 88 93 86 94 3 1616
0 131 65 92 68 90 3 1617
1 19 47 43 45 53 1 1618
1 10 60 34 67 12 1 1619
0 106 63 58 70 26 3 1620
0 4 49 51 46 61 3 1621
1 117 33 49 35 48 1 1622
0 12 58 29 55 26 3 1623
1 35 54 80 51 80 2 1624
0 22 33 50 30 50 3 1625
0 139 6 30 5 28 3 1626
1 0 33 43 33 50 1 1627
0 1 65 43 59 42 4 1628
0 63 66 92 65 94 3 1629
0 102 50 20 33 18 3 1630
0 98 62 44 62 49 3 1631
1 48 55 75 57 72 2 1632
1 131 58 20 42 26 2 1633
0 108 91 32 90 36 3 1634
0 0 44 4 73 3 3 1635
1 90 51 45 54 43 2 1636
1 23 56 2 62 1 1 1637
1 5 67 38 64 38 4 1638
0 67 5 63 6 65 6 1639
0 77 53 50 37 63 3 1640
0 33 91 30 92 20 4 1641
1 11 55 79 51 77 1 1642
1 111 54 30 49 37 1 1643
0 50 44 66 43 68 3 1644
1 43 98 21 98 18 1 1645
0 128 40 13 43 12 5 1646
0 140 69 72 68 74 3 1647
0 135 47 44 41 35 3 1648
0 50 98 23 98 26 3 1649
0 44 98 24 98 15 3 1650
1 138 45 62 49 52 1 1651
0 38 62 30 62 23 3 1652
1 78 47 51 55 45 1 1653
0 28 45 50 30 38 3 1654
0 114 69 41 67 43 3 1655
0 7 6 55 5 70 5 1656
1 0 69 44 69 38 1 1657
1 137 6 50 7 41 1 1658
0 139 50 52 54 54 3 1659
1 34 42 2 47 2 2 1660
0 8 58 49 49 68 3 1661
1 93 65 1 61 1 6 1662
0 45 39 37 42 32 3 1663
1 92 66 40 69 45 1 1664
1 40 37 39 42 28 2 1665
0 77 46 59 45 54 3 1666
1 128 41 43 42 23 3 1667
0 29 48 48 44 54 3 1668
0 111 55 49 55 43 3 1669
0 106 6 60 6 64 5 1670
1 46 46 3 43 4 3 1671
1 73 64 16 57 23 1 1672
1 1 60 95 65 95 2 1673
1 78 55 63 46 41 1 1674
0 143 98 22 98 19 3 1675
1 24 57 80 52 80 5 1676
0 30 34 42 31 49 3 1677
1 13 55 41 50 47 4 1678
1 120 63 44 57 61 1 1679
0 94 55 30 56 28 3 1680
1 109 6 32 6 26 1 1681
0 63 49 80 57 75 3 1682
1 45 41 72 46 55 1 1683
0 0 56 53 62 43 5 1684
1 122 88 92 86 94 2 1685
0 17 62 48 58 49 3 1686
1 36 46 51 45 61 5 1687
0 24 40 42 38 40 5 1688
1 50 49 49 51 46 1 1689
1 129 50 51 55 43 4 1690
0 58 59 26 62 22 3 1691
0 98 68 43 64 44 4 1692
1 113 45 21 48 21 1 1693
0 62 67 43 60 52 3 1694
1 32 31 45 27 54 5 1695
1 54 49 53 51 60 1 1696
0 18 49 70 59 47 5 1697
0 9 65 76 70 70 3 1698
1 8 32 56 32 52 2 1699
0 90 62 38 63 35 3 1700
0 78 91 19 92 27 3 1701
0 67 54 80 57 80 3 1702
1 13 49 51 56 38 1 1703
1 21 56 42 53 47 1 1704
0 97 48 54 53 42 3 1705
1 127 70 70 68 72 2 1706
1 0 56 28 61 23 1 1707
1 73 47 55 47 50 1 1708
1 57 42 3 36 3 1 1709
1 120 55 73 51 76 5 1710
1 93 38 39 41 43 2 1711
1 136 59 71 63 69 2 1712
0 141 51 47 58 46 3 1713
0 120 28 42 29 64 3 1714
1 68 50 36 53 31 1 1715
1 88 56 30 59 25 1 1716
1 97 47 30 46 32 2 1717
0 65 48 19 46 18 3 1718
0 75 73 30 65 41 3 1719
0 86 45 4 41 3 3 1720
0 13 45 65 44 62 3 1721
0 52 43 54 46 44 3 1722
0 122 40 3 29 3 3 1723
1 91 29 55 28 51 2 1724
0 90 92 30 91 33 3 1725
0 5 43 4 37 4 3 1726
1 128 29 52 25 53 3 1727
0 43 53 53 51 61 3 1728
1 126 52 24 48 29 1 1729
1 79 48 49 49 47 2 1730
1 96 48 57 54 45 1 1731
0 90 54 25 50 20 3 1732
0 68 62 16 57 20 3 1733
0 76 48 50 37 54 3 1734
0 26 52 30 44 27 3 1735
1 138 55 45 56 48 1 1736
1 111 5 37 6 31 5 1737
0 25 49 43 52 41 3 1738
1 91 52 54 43 66 5 1739
0 18 56 40 49 44 3 1740
1 101 65 43 66 41 5 1741
1 133 41 27 46 30 1 1742
0 134 65 40 68 43 3 1743
1 32 60 44 58 45 1 1744
0 26 68 48 45 32 3 1745
1 90 58 30 55 29 1 1746
0 98 58 71 68 72 4 1747
0 115 42 78 31 78 3 1748
0 55 56 41 53 46 3 1749
1 132 57 76 55 77 2 1750
0 18 48 43 46 41 3 1751
1 107 54 52 54 42 4 1752
1 17 44 22 47 25 2 1753
0 56 52 35 50 48 5 1754
1 53 56 29 56 14 2 1755
1 17 53 75 52 77 1 1756
1 102 52 60 53 58 1 1757
1 39 90 35 91 31 1 1758
0 48 55 23 43 29 3 1759
1 88 66 93 65 95 2 1760
0 60 46 20 51 19 5 1761
0 93 39 4 41 3 3 1762
1 16 64 42 63 44 1 1763
0 3 67 42 68 39 3 1764
0 19 50 28 55 23 5 1765
1 42 54 80 47 80 1 1766
1 29 65 41 67 36 1 1767
0 40 57 20 54 19 3 1768
0 58 69 73 67 74 3 1769
1 102 57 37 59 36 1 1770
1 127 46 48 32 57 1 1771
0 128 28 53 30 51 5 1772
1 136 55 37 54 39 2 1773
1 72 98 25 98 22 1 1774
0 73 70 37 65 44 3 1775
0 2 47 35 36 21 3 1776
0 92 6 63 6 67 3 1777
0 5 59 55 57 47 3 1778
0 66 45 35 37 41 3 1779
0 48 48 60 44 66 3 1780
1 62 47 55 46 46 6 1781
1 121 68 36 58 54 1 1782
0 86 56 71 55 75 3 1783
1 65 26 41 24 55 5 1784
1 39 22 19 32 57 1 1785
0 65 50 50 49 48 3 1786
1 68 54 42 58 46 1 1787
1 75 60 34 57 39 2 1788
1 98 59 26 55 37 1 1789
1 73 61 41 61 37 3 1790
1 96 55 43 59 36 1 1791
0 14 45 44 47 33 3 1792
0 10 63 40 61 48 3 1793
1 56 56 30 55 39 1 1794
1 59 66 42 66 38 1 1795
0 54 59 47 55 44 3 1796
0 72 69 35 68 39 3 1797
1 5 58 54 44 62 1 1798
0 119 98 15 98 18 3 1799
0 68 60 33 42 39 3 1800
0 95 31 47 24 50 3 1801
0 76 60 48 62 49 3 1802
0 21 50 53 52 55 3 1803
1 31 61 2 65 1 3 1804
1 76 6 53 5 57 2 1805
0 109 48 2 42 2 3 1806
1 69 5 68 5 65 1 1807
1 136 42 18 68 28 2 1808
0 73 61 32 61 37 3 1809
1 96 48 46 32 57 1 1810
1 101 56 64 55 68 1 1811
0 55 52 50 50 49 3 1812
1 44 64 36 60 41 1 1813
0 32 50 36 52 34 3 1814
1 64 58 45 60 39 1 1815
0 93 6 35 5 38 6 1816
1 112 40 31 35 26 1 1817
1 123 56 31 54 28 1 1818
0 19 47 35 46 33 5 1819
1 58 65 30 58 37 5 1820
1 83 54 80 58 80 1 1821
0 12 62 32 57 45 3 1822
0 120 53 45 49 49 3 1823
1 33 91 32 91 37 1 1824
1 94 30 55 27 47 3 1825
0 98 56 31 60 30 3 1826
1 65 61 42 63 44 1 1827
0 27 6 65 4 68 3 1828
0 39 68 36 44 31 4 1829
1 1 92 32 91 34 3 1830
1 115 57 37 58 42 1 1831
1 16 45 4 30 4 1 1832
0 123 27 61 29 63 5 1833
0 8 70 72 68 73 3 1834
1 4 54 26 51 26 1 1835
1 29 53 47 55 43 1 1836
0 119 53 40 71 34 3 1837
1 143 6 32 5 40 2 1838
0 116 55 57 60 51 3 1839
0 95 31 49 30 46 3 1840
0 115 32 15 49 34 3 1841
0 114 68 42 65 50 3 1842
0 33 90 36 89 31 3 1843
1 53 62 32 59 41 1 1844
0 16 41 11 38 13 3 1845
0 29 59 2 52 1 3 1846
0 65 6 30 5 38 5 1847
0 54 6 64 6 67 6 1848
1 24 55 54 49 66 1 1849
1 58 61 32 57 37 2 1850
1 80 68 41 69 38 1 1851
1 1 45 4 36 4 1 1852
0 13 53 51 55 52 3 1853
1 16 44 52 43 54 5 1854
1 48 52 49 50 26 5 1855
1 23 59 77 54 78 3 1856
0 140 52 29 51 26 3 1857
0 121 31 47 29 54 3 1858
0 78 52 17 18 18 3 1859
0 61 62 39 61 34 6 1860
0 54 52 48 56 40 3 1861
1 37 62 93 65 91 5 1862
0 48 31 46 33 43 3 1863
0 112 5 37 6 39 3 1864
0 39 55 46 57 38 3 1865
0 97 46 24 43 21 3 1866
1 128 51 35 57 20 1 1867
0 70 60 23 58 27 3 1868
0 0 39 39 42 39 3 1869
0 84 57 20 51 22 3 1870
1 43 60 33 61 37 1 1871
1 143 39 10 44 11 5 1872
0 56 50 81 38 81 3 1873
0 98 68 74 70 73 3 1874
1 136 56 1 60 2 1 1875
0 105 69 45 62 51 4 1876
0 81 4 46 5 33 3 1877
0 10 69 33 62 48 3 1878
0 39 47 50 48 55 3 1879
0 10 66 93 64 94 3 1880
1 108 32 52 33 48 2 1881
0 108 30 50 28 60 3 1882
1 93 42 36 43 40 5 1883
1 136 6 49 7 42 1 1884
1 121 44 24 26 35 1 1885
0 80 66 46 53 43 3 1886
1 126 45 32 43 30 2 1887
1 69 51 49 54 43 2 1888
0 41 42 43 48 37 3 1889
1 126 6 54 7 40 1 1890
1 61 6 44 6 41 2 1891
0 77 58 33 55 32 3 1892
1 107 80 6 77 7 2 1893
1 79 69 46 62 59 2 1894
0 53 91 41 91 27 3 1895
0 76 52 75 63 67 3 1896
1 42 66 33 69 37 2 1897
0 57 91 31 92 27 3 1898
0 111 69 42 43 68 3 1899
1 32 42 10 39 9 3 1900
1 56 47 59 55 44 1 1901
0 10 54 38 49 50 3 1902
1 131 48 48 45 51 1 1903
0 20 30 51 31 58 3 1904
1 126 49 49 55 42 2 1905
0 4 51 26 50 28 3 1906
1 51 31 50 33 44 1 1907
0 88 48 19 53 17 3 1908
1 64 54 41 33 43 5 1909
1 94 59 24 56 17 1 1910
1 58 45 3 38 3 1 1911
0 101 58 44 56 40 3 1912
1 38 31 59 30 47 3 1913
0 25 60 27 52 30 6 1914
0 20 59 48 57 53 3 1915
0 51 60 25 56 30 3 1916
1 126 59 28 54 27 2 1917
1 113 48 29 47 31 1 1918
1 12 98 20 98 17 1 1919
1 19 43 40 47 41 1 1920
1 106 59 33 64 42 1 1921
0 4 52 44 64 30 4 1922
0 23 45 35 41 43 4 1923
1 128 58 33 57 36 1 1924
1 87 6 32 6 22 1 1925
1 60 32 40 29 33 1 1926
1 33 52 46 54 47 4 1927
0 134 27 63 28 61 3 1928
0 136 56 35 58 37 3 1929
1 82 69 30 70 35 1 1930
0 69 58 72 55 77 3 1931
1 104 56 48 54 50 5 1932
0 64 55 45 47 36 3 1933
0 16 31 45 27 51 6 1934
0 17 17 2 40 4 3 1935
0 27 59 18 48 22 3 1936
0 35 19 14 24 20 5 1937
0 123 62 38 58 59 3 1938
1 7 60 33 56 36 1 1939
1 81 6 34 5 44 1 1940
0 79 55 20 46 24 3 1941
1 115 98 11 98 16 5 1942
1 31 98 17 98 24 2 1943
0 80 40 12 36 13 3 1944
0 79 87 94 89 93 3 1945
0 130 48 19 53 18 3 1946
1 4 54 48 62 39 4 1947
0 92 67 47 70 35 4 1948
1 7 68 33 62 31 1 1949
1 140 47 30 55 27 3 1950
1 81 91 32 91 37 1 1951
1 135 54 80 51 79 1 1952
0 29 57 25 60 26 3 1953
0 7 6 48 6 44 3 1954
1 54 6 65 5 69 1 1955
1 10 62 39 60 32 1 1956
0 63 91 31 91 36 3 1957
1 79 58 18 58 14 1 1958
1 31 60 71 67 73 1 1959
0 102 56 49 58 46 3 1960
1 102 62 46 61 42 2 1961
1 78 66 49 70 40 1 1962
1 117 58 43 58 39 1 1963
0 134 67 92 63 91 3 1964
1 87 44 43 50 47 1 1965
0 5 52 60 36 47 3 1966
1 11 44 4 16 2 1 1967
0 40 59 36 55 41 3 1968
1 4 47 24 52 29 5 1969
1 112 31 50 33 45 1 1970
1 78 58 44 54 44 2 1971
1 97 56 24 53 25 1 1972
1 132 29 48 30 46 1 1973
1 19 47 16 52 15 1 1974
0 106 63 17 59 17 3 1975
1 24 43 35 43 39 2 1976
1 4 51 31 46 31 1 1977
0 46 45 43 38 38 3 1978
0 77 61 1 56 2 3 1979
0 11 54 75 30 77 3 1980
1 18 67 93 65 94 2 1981
1 109 47 4 37 3 2 1982
1 4 58 39 55 43 1 1983
1 92 51 51 48 53 1 1984
0 68 57 44 52 49 3 1985
1 105 73 33 69 34 1 1986
0 9 58 41 61 33 3 1987
1 123 51 31 49 32 2 1988
1 127 59 17 58 13 1 1989
1 107 45 43 44 51 6 1990
0 140 64 45 90 27 3 1991
0 20 89 93 86 94 3 1992
0 65 68 40 69 45 3 1993
1 26 6 63 4 46 1 1994
0 138 32 78 30 73 3 1995
1 59 87 93 83 93 1 1996
1 92 58 18 51 19 1 1997
0 36 55 40 44 40 3 1998
0 74 55 55 57 60 3 1999
