1 97 49 3 41 4 5 0
1 141 44 7 34 8 1 1
1 71 43 8 48 8 2 2
0 10 42 8 41 8 3 3
1 95 49 7 52 7 1 4
0 10 51 7 50 7 3 5
0 35 43 8 49 8 3 6
1 97 46 7 50 7 1 7
0 54 47 7 49 6 5 8
0 10 54 6 52 6 3 9
0 141 53 6 47 7 3 10
0 54 42 8 46 8 3 11
1 23 49 6 34 7 1 12
1 5 52 6 48 8 2 13
1 76 52 6 47 6 2 14
0 97 43 5 43 6 3 15
1 10 48 6 50 6 1 16
0 97 50 6 47 7 3 17
1 10 45 9 46 9 5 18
1 54 42 8 49 4 5 19
1 97 45 7 43 7 6 20
1 68 48 7 50 8 2 21
1 141 40 6 52 6 1 22
1 54 45 7 53 6 1 23
0 54 37 9 27 12 5 24
0 54 52 6 50 7 3 25
0 141 52 7 49 6 3 26
0 127 49 7 54 5 3 27
0 97 42 8 47 7 6 28
0 124 45 7 49 7 3 29
0 141 50 6 46 7 3 30
0 9 52 7 52 6 3 31
0 118 43 8 43 8 3 32
1 84 46 7 46 7 1 33
1 54 45 5 37 5 2 34
1 54 44 7 48 6 5 35
1 67 31 6 27 7 2 36
1 97 43 8 39 10 1 37
1 15 46 9 46 8 1 38
1 97 46 8 49 7 1 39
1 54 49 7 48 8 1 40
0 46 49 6 45 7 3 41
0 70 45 7 46 9 3 42
0 54 41 8 48 7 3 43
1 95 48 8 42 8 3 44
0 8 56 5 51 6 3 45
0 141 36 7 40 7 3 46
1 141 48 7 45 5 2 47
1 97 33 8 33 8 1 48
0 54 53 7 54 6 3 49
1 24 42 8 49 7 1 50
1 10 51 7 54 6 6 51
1 97 42 8 49 8 1 52
0 141 49 6 46 7 3 53
1 10 50 6 44 3 6 54
1 97 53 6 45 9 1 55
1 93 45 7 50 6 1 56
0 141 47 7 51 6 3 57
0 56 51 7 39 5 3 58
1 116 44 7 49 6 1 59
1 10 53 5 40 7 2 60
1 134 46 9 46 9 1 61
1 97 53 6 48 8 2 62
1 18 52 6 48 7 3 63
1 3 50 6 48 7 1 64
0 69 51 7 44 7 3 65
1 10 54 6 38 11 1 66
0 141 43 8 41 8 5 67
0 53 45 7 47 7 3 68
0 10 45 7 46 8 5 69
0 97 46 7 51 6 3 70
1 54 46 7 48 7 2 71
1 141 48 6 49 6 1 72
0 38 52 6 58 2 3 73
0 43 42 8 48 8 3 74
0 141 43 8 50 7 3 75
1 10 49 8 49 4 2 76
0 54 47 7 49 7 3 77
1 54 42 5 42 6 1 78
0 134 46 7 46 7 3 79
1 129 48 8 44 8 3 80
0 116 48 7 47 7 3 81
0 32 52 6 43 8 3 82
0 77 41 9 44 9 3 83
0 97 51 5 54 6 3 84
1 10 50 6 50 6 1 85
1 54 51 6 48 8 3 86
1 10 52 6 50 6 2 87
1 10 42 8 45 7 1 88
0 24 47 7 46 7 3 89
0 124 55 5 49 7 3 90
0 115 42 6 49 4 4 91
0 72 51 7 46 7 4 92
0 56 28 6 32 7 3 93
1 67 49 6 40 11 1 94
1 127 44 7 52 7 1 95
1 40 50 6 50 5 1 96
1 141 43 8 41 8 1 97
1 70 42 8 49 6 3 98
1 10 50 8 42 8 4 99
0 10 48 6 54 5 5 100
1 113 48 7 43 7 2 101
0 138 48 7 48 7 3 102
0 46 49 6 43 8 3 103
1 10 47 4 44 4 2 104
0 124 52 5 68 3 4 105
1 97 46 7 49 7 1 106
1 54 53 5 43 7 1 107
1 97 44 7 45 7 5 108
0 54 51 4 49 4 3 109
1 10 44 6 45 4 5 110
0 97 43 8 45 7 3 111
1 18 44 8 39 9 2 112
1 141 16 7 23 7 1 113
1 42 49 6 49 4 1 114
0 61 50 7 53 6 3 115
1 97 50 6 41 9 1 116
1 70 50 6 48 8 1 117
1 65 50 6 54 6 1 118
1 106 42 8 46 7 1 119
0 111 42 8 50 7 3 120
1 97 47 8 52 6 2 121
0 141 53 6 38 7 3 122
0 10 48 6 55 5 3 123
0 111 39 9 41 8 3 124
1 22 54 5 41 8 1 125
0 10 50 8 45 9 3 126
1 10 48 6 50 6 6 127
1 64 44 7 49 6 3 128
0 97 53 6 48 7 3 129
0 84 33 11 33 11 3 130
0 29 50 6 53 6 3 131
1 124 51 7 42 8 1 132
1 141 47 7 47 6 1 133
0 10 50 7 47 9 3 134
0 135 47 8 53 1 3 135
0 10 52 6 51 6 5 136
0 141 37 7 15 5 3 137
0 97 48 7 51 7 3 138
0 97 49 7 49 6 4 139
1 10 48 6 51 7 1 140
1 10 53 7 48 6 2 141
1 141 45 9 42 8 1 142
1 57 43 5 54 5 4 143
0 97 47 7 47 7 3 144
0 10 48 7 46 7 3 145
0 20 48 6 49 6 3 146
0 114 53 6 48 8 3 147
0 58 47 7 49 3 3 148
0 141 44 9 44 9 3 149
0 97 42 8 47 7 3 150
1 97 50 6 43 7 1 151
1 9 50 7 50 6 1 152
0 10 49 6 61 6 3 153
0 7 49 6 46 7 3 154
0 54 54 7 48 8 3 155
1 5 47 8 51 7 4 156
1 10 49 5 48 5 1 157
0 89 47 8 42 8 3 158
0 28 50 6 50 6 3 159
0 141 49 8 44 9 3 160
0 105 48 7 45 2 4 161
1 97 49 6 23 8 1 162
0 80 41 8 41 9 3 163
0 12 50 6 53 6 3 164
1 62 54 6 54 5 1 165
1 141 45 7 49 6 4 166
1 24 45 7 51 6 1 167
0 93 46 7 53 6 3 168
1 54 45 7 51 7 5 169
1 85 47 7 48 6 1 170
1 54 49 8 48 7 3 171
1 141 47 7 45 8 2 172
0 18 43 8 35 8 3 173
1 10 48 8 45 9 2 174
1 10 54 6 34 5 4 175
1 65 44 8 45 7 1 176
0 76 51 7 43 8 3 177
0 141 40 5 48 3 3 178
1 80 51 6 48 6 3 179
0 97 48 7 47 6 3 180
0 141 49 7 51 7 3 181
1 13 50 8 48 6 2 182
1 100 34 8 39 9 1 183
0 76 48 8 50 7 3 184
1 141 47 7 55 5 2 185
0 105 50 6 43 8 3 186
1 10 47 8 42 8 1 187
0 141 50 6 48 6 5 188
1 54 38 9 42 8 1 189
0 54 50 6 52 7 3 190
1 27 48 8 41 8 1 191
0 67 54 5 46 7 3 192
0 119 44 8 40 10 3 193
0 10 42 6 41 5 3 194
0 135 52 6 46 7 3 195
0 54 47 7 53 5 6 196
0 141 50 7 53 6 3 197
0 10 53 6 44 7 3 198
0 10 39 11 25 7 3 199
0 10 44 8 48 8 3 200
0 10 50 8 51 7 3 201
1 54 41 8 51 7 2 202
1 97 45 7 46 7 2 203
1 97 53 5 50 6 1 204
0 97 55 5 42 8 3 205
1 83 50 6 46 5 3 206
0 5 42 8 46 8 3 207
1 141 47 7 53 6 2 208
0 141 48 8 44 9 3 209
0 97 46 8 42 8 3 210
0 10 47 7 26 6 3 211
1 29 41 8 39 10 1 212
1 82 42 8 46 7 2 213
0 99 48 8 49 6 3 214
1 46 49 8 43 9 1 215
0 54 53 7 50 6 3 216
1 27 49 6 49 8 1 217
1 10 36 7 28 7 6 218
1 141 50 6 54 5 1 219
1 10 46 7 40 8 1 220
1 72 48 7 48 7 4 221
0 97 48 8 41 8 6 222
1 108 51 7 53 6 1 223
0 98 50 8 49 7 3 224
0 141 37 7 37 7 6 225
0 10 42 4 33 8 3 226
0 92 52 6 52 6 3 227
1 10 48 6 49 6 1 228
0 54 48 6 43 4 3 229
1 10 25 7 29 7 1 230
0 20 43 7 44 8 3 231
0 141 45 7 47 7 3 232
0 10 50 5 53 6 3 233
1 97 48 7 53 6 1 234
1 29 51 7 50 6 1 235
1 10 34 7 27 8 2 236
1 97 43 8 45 7 1 237
1 130 48 5 41 6 1 238
1 97 45 8 45 7 1 239
1 9 45 7 46 7 1 240
1 52 47 7 50 7 2 241
1 141 42 8 43 7 1 242
1 69 51 6 50 6 1 243
1 127 46 8 39 11 2 244
1 80 48 6 41 8 2 245
1 10 41 8 44 7 2 246
0 54 48 7 44 8 3 247
1 97 43 9 49 6 1 248
0 59 36 5 40 4 3 249
0 13 53 6 46 7 3 250
0 97 46 7 44 5 5 251
1 10 51 7 48 7 2 252
0 26 51 7 44 8 3 253
0 54 48 7 49 6 3 254
1 10 45 7 47 7 6 255
0 130 43 8 50 6 3 256
1 42 41 8 45 7 2 257
1 54 46 7 44 8 1 258
1 141 53 7 43 8 1 259
1 54 48 8 48 7 1 260
1 87 51 6 50 7 1 261
1 54 46 7 44 8 1 262
0 36 48 5 53 6 3 263
1 54 45 9 35 12 6 264
1 54 47 8 45 9 5 265
1 87 50 7 42 8 1 266
1 62 52 6 52 6 2 267
1 86 53 5 47 7 1 268
1 141 37 9 40 8 1 269
0 10 49 7 49 7 6 270
0 47 43 8 41 9 3 271
1 141 48 6 33 5 2 272
0 10 47 4 51 6 3 273
0 136 47 8 43 8 3 274
1 97 44 8 44 8 1 275
1 52 50 6 43 8 2 276
0 141 43 8 44 8 3 277
0 116 47 7 50 6 3 278
1 141 46 7 35 12 1 279
1 97 51 6 53 6 1 280
0 54 47 7 52 6 3 281
1 97 51 6 51 7 2 282
1 97 46 8 44 8 1 283
1 97 48 7 40 9 5 284
0 52 47 4 53 6 3 285
1 54 45 4 51 3 1 286
1 33 43 8 47 6 1 287
1 54 44 7 42 8 1 288
1 70 55 6 46 7 1 289
1 118 42 8 45 7 2 290
0 54 42 8 35 12 6 291
1 138 52 6 54 5 2 292
1 141 51 7 47 7 5 293
0 2 51 5 54 6 3 294
1 97 42 6 51 4 1 295
0 16 40 10 46 9 3 296
0 10 48 6 52 6 6 297
0 90 43 7 10 6 3 298
0 36 49 6 39 5 3 299
1 44 47 7 41 8 5 300
0 141 47 4 48 6 3 301
0 10 45 9 45 8 3 302
0 10 5 4 5 4 6 303
0 54 50 7 45 9 3 304
0 54 50 6 44 8 3 305
1 54 52 7 41 5 5 306
1 139 43 8 48 7 2 307
1 24 48 7 48 8 1 308
0 54 42 8 42 8 5 309
1 54 42 8 50 6 6 310
0 10 51 6 49 6 3 311
1 27 49 6 53 5 2 312
0 5 51 7 49 6 3 313
1 141 47 8 53 6 2 314
0 97 50 7 48 7 3 315
0 141 53 6 51 7 3 316
0 141 51 7 48 6 3 317
0 40 42 7 39 9 3 318
1 10 39 5 42 5 1 319
0 54 47 7 52 7 3 320
0 54 43 8 48 8 4 321
1 10 41 9 31 10 1 322
0 63 43 5 39 6 3 323
1 94 47 7 48 7 1 324
0 10 50 7 49 8 3 325
1 62 49 7 51 7 1 326
1 97 52 6 52 6 1 327
0 96 44 9 35 12 3 328
0 97 45 7 47 6 3 329
1 26 49 6 45 7 1 330
0 126 49 8 48 7 4 331
0 10 43 8 43 8 3 332
0 10 46 8 43 8 3 333
1 54 48 6 45 9 1 334
0 10 47 8 42 8 3 335
0 97 42 8 50 6 3 336
0 124 51 7 48 7 3 337
1 97 47 8 46 9 3 338
1 78 50 6 47 7 2 339
1 110 46 8 43 8 1 340
0 142 34 7 32 8 3 341
0 54 49 6 42 9 3 342
0 54 47 8 47 8 3 343
0 20 51 6 48 6 3 344
1 70 49 7 46 7 1 345
0 141 43 8 44 8 3 346
0 97 49 6 55 5 3 347
0 97 53 7 42 8 3 348
1 135 46 9 42 8 2 349
1 97 43 8 41 8 1 350
0 94 48 7 48 6 4 351
0 10 49 5 51 6 3 352
1 93 43 5 47 7 1 353
0 84 54 5 39 11 3 354
1 141 41 8 38 11 5 355
0 54 42 8 48 8 3 356
1 54 48 7 48 6 6 357
0 97 51 6 52 6 3 358
0 62 52 6 50 7 3 359
1 10 42 8 45 7 5 360
1 54 48 6 33 11 1 361
1 110 49 6 41 8 4 362
0 10 49 6 41 8 3 363
0 27 50 8 54 7 3 364
1 54 45 9 55 5 1 365
1 10 46 9 50 7 1 366
1 65 44 7 45 9 1 367
1 97 44 5 47 6 1 368
0 95 36 7 45 5 3 369
0 27 51 6 51 7 3 370
0 30 44 8 47 7 3 371
1 10 48 6 47 7 5 372
0 54 47 6 51 6 6 373
0 98 49 7 40 7 3 374
0 97 48 7 46 8 3 375
0 137 49 7 48 7 3 376
1 97 48 6 43 7 1 377
0 97 49 7 43 7 5 378
0 10 51 6 47 7 3 379
0 30 47 8 47 7 3 380
1 9 34 5 40 5 2 381
1 127 48 6 47 7 1 382
1 76 50 6 47 7 1 383
0 12 46 7 49 6 3 384
0 141 54 5 46 7 3 385
0 52 48 8 48 8 3 386
0 27 53 5 49 6 3 387
0 141 51 6 50 6 3 388
0 54 44 9 52 7 3 389
0 99 49 7 51 7 4 390
0 71 53 5 52 6 4 391
0 75 47 7 49 6 3 392
1 91 44 7 46 7 1 393
0 141 47 8 39 9 3 394
0 10 42 4 42 8 3 395
1 10 52 7 54 6 1 396
0 141 46 4 52 7 3 397
0 141 42 8 46 8 3 398
0 141 47 7 48 8 3 399
1 10 41 5 41 5 1 400
0 54 45 9 48 8 3 401
0 97 51 7 50 8 3 402
0 103 48 8 46 8 3 403
0 141 44 8 47 6 3 404
0 141 50 6 48 6 3 405
1 141 50 7 45 7 1 406
0 36 40 10 40 10 4 407
1 97 42 8 43 8 1 408
0 65 40 6 35 2 3 409
1 22 47 8 38 11 1 410
1 97 53 6 21 6 6 411
0 97 52 6 41 8 3 412
1 141 51 7 49 6 3 413
0 139 45 9 15 7 3 414
0 97 51 6 52 6 3 415
0 70 50 6 27 6 3 416
1 102 43 8 44 8 1 417
0 92 48 7 45 7 3 418
1 10 39 5 45 7 1 419
1 97 40 9 41 8 2 420
0 47 45 9 37 10 3 421
0 141 50 6 51 6 5 422
0 70 47 7 52 7 3 423
0 54 50 8 55 6 3 424
0 133 45 7 50 6 3 425
1 54 49 6 51 6 2 426
1 64 44 7 55 2 1 427
1 97 46 7 50 6 2 428
1 19 43 8 48 8 3 429
1 95 41 6 44 4 1 430
0 97 45 7 49 6 3 431
1 97 51 6 48 6 2 432
1 141 46 8 43 8 1 433
1 97 48 7 49 6 2 434
1 53 41 8 50 6 2 435
1 94 51 6 47 7 1 436
1 109 44 7 47 8 2 437
0 107 53 6 50 5 3 438
1 45 46 7 50 8 2 439
0 97 54 5 43 4 3 440
0 141 47 7 48 7 3 441
1 97 50 6 47 8 1 442
0 15 42 8 50 8 3 443
1 54 42 10 41 10 6 444
1 0 39 5 39 6 1 445
0 49 56 5 56 5 3 446
1 10 49 8 49 7 1 447
0 90 53 6 47 6 3 448
0 29 48 6 52 7 3 449
0 54 55 5 53 6 6 450
1 10 50 8 54 5 1 451
0 141 48 6 53 6 3 452
1 66 46 9 53 7 3 453
1 136 44 8 43 7 2 454
1 141 49 6 50 5 5 455
1 16 42 9 44 9 2 456
0 16 53 6 49 8 3 457
0 10 47 6 46 7 6 458
0 97 48 7 36 11 5 459
1 10 50 7 38 6 1 460
1 54 39 5 43 5 6 461
1 130 48 8 44 7 1 462
1 17 52 6 47 7 1 463
1 10 50 7 55 5 1 464
1 141 50 6 54 5 1 465
1 141 54 6 39 11 2 466
1 10 48 6 47 7 2 467
1 101 45 9 48 8 3 468
0 10 50 7 48 7 3 469
1 97 44 8 41 8 1 470
1 141 48 8 40 9 2 471
0 102 47 6 47 4 3 472
0 42 48 8 46 7 3 473
0 54 47 8 42 8 3 474
0 86 52 7 53 7 4 475
1 135 20 6 27 7 1 476
1 63 43 10 38 11 4 477
1 141 49 8 50 8 1 478
1 127 47 7 41 8 1 479
0 54 36 11 50 8 3 480
1 141 43 8 49 6 1 481
0 10 48 4 48 4 5 482
1 10 45 9 49 8 6 483
0 93 48 7 46 7 3 484
0 10 49 6 40 5 3 485
1 141 47 7 38 10 1 486
0 133 46 7 22 7 3 487
1 10 44 9 40 9 5 488
0 97 53 6 42 5 5 489
1 54 49 7 51 6 1 490
0 126 47 6 48 6 3 491
0 11 49 6 41 7 3 492
0 10 50 8 45 7 3 493
1 134 51 6 46 7 1 494
1 135 44 5 48 7 1 495
0 54 47 8 46 8 3 496
1 10 45 7 52 6 6 497
0 131 52 6 46 7 3 498
1 10 48 7 42 8 5 499
0 54 51 7 53 6 3 500
0 97 46 7 50 6 3 501
0 54 49 6 50 7 3 502
0 71 49 6 50 6 3 503
0 20 50 6 42 8 3 504
1 29 54 5 53 6 1 505
0 54 43 4 41 4 3 506
0 10 54 6 54 6 3 507
1 39 45 7 53 7 1 508
1 97 48 6 48 7 1 509
0 108 54 5 50 6 3 510
0 97 53 6 49 7 3 511
1 19 49 8 42 9 1 512
1 54 52 7 47 7 2 513
1 10 52 7 49 6 2 514
0 54 47 7 45 8 3 515
0 141 43 8 50 7 3 516
0 54 41 9 51 7 5 517
1 10 44 10 32 12 5 518
1 93 6 3 43 2 3 519
0 125 52 7 50 8 3 520
1 85 50 6 52 6 1 521
0 39 52 6 48 8 3 522
0 51 46 7 47 7 3 523
1 25 54 6 49 8 2 524
0 141 51 6 49 7 3 525
1 32 47 8 42 8 1 526
1 10 41 9 57 2 2 527
0 97 48 7 48 8 3 528
0 10 51 6 50 6 3 529
1 102 35 8 32 8 3 530
1 10 52 6 48 7 1 531
1 58 48 7 51 6 2 532
1 141 41 8 53 6 4 533
0 97 45 7 46 7 3 534
1 141 49 6 43 8 1 535
0 141 52 6 37 8 3 536
0 10 54 5 17 6 3 537
1 97 50 8 37 11 3 538
0 97 53 7 35 6 3 539
0 62 41 8 43 8 3 540
0 10 50 7 54 7 3 541
1 141 44 9 17 6 1 542
0 10 48 7 42 8 3 543
0 16 45 4 45 4 3 544
0 97 54 7 48 8 3 545
1 111 47 7 44 8 1 546
1 141 45 9 52 6 1 547
0 142 41 8 46 7 3 548
1 54 54 6 49 6 1 549
1 54 45 7 45 7 1 550
0 54 49 6 48 6 3 551
0 136 46 7 42 5 3 552
0 10 47 7 55 5 3 553
1 90 48 6 46 7 1 554
0 141 44 8 46 7 3 555
1 80 47 6 47 7 1 556
0 94 42 5 40 7 3 557
1 10 42 8 49 6 5 558
0 54 53 5 50 8 3 559
1 104 50 7 47 7 4 560
1 85 54 5 50 6 1 561
1 24 45 8 48 7 1 562
0 54 45 8 49 7 3 563
0 30 49 7 46 7 4 564
1 141 48 6 48 3 2 565
0 88 54 6 49 6 3 566
0 10 44 6 42 8 3 567
0 54 47 8 47 9 3 568
1 97 49 6 49 7 1 569
0 54 48 6 40 10 3 570
0 78 45 8 49 8 3 571
1 141 41 8 43 8 4 572
1 54 53 7 38 9 4 573
1 97 50 6 47 7 1 574
1 96 37 7 41 10 2 575
1 116 45 7 49 6 1 576
1 141 49 7 15 5 4 577
0 30 50 6 48 7 3 578
0 54 44 7 51 6 6 579
1 97 45 7 44 8 1 580
1 6 45 8 47 7 1 581
0 141 51 7 46 8 3 582
1 70 45 7 50 7 1 583
0 54 49 7 47 7 3 584
0 10 51 6 50 6 5 585
0 97 42 8 46 9 3 586
1 79 48 8 48 8 2 587
1 97 49 6 60 6 1 588
1 43 45 9 47 7 1 589
0 141 46 7 49 6 3 590
1 141 52 7 54 6 1 591
1 10 53 6 43 8 3 592
1 10 42 6 49 5 1 593
1 122 51 7 46 7 2 594
1 97 39 7 41 7 3 595
0 133 48 8 37 4 3 596
1 10 44 7 44 7 1 597
0 120 53 6 53 7 3 598
1 97 50 8 48 8 1 599
1 97 43 8 39 9 5 600
0 15 43 8 49 6 3 601
0 21 45 7 43 6 3 602
0 97 40 10 39 11 5 603
0 139 50 7 52 6 3 604
0 33 53 6 48 7 3 605
1 141 43 7 49 7 1 606
0 54 46 7 45 7 6 607
0 10 42 8 52 7 4 608
0 54 42 9 39 10 3 609
0 141 51 7 44 5 3 610
1 10 48 7 41 8 2 611
1 141 40 10 51 7 1 612
1 19 50 6 50 6 3 613
1 105 53 7 56 5 2 614
1 65 45 8 46 7 4 615
0 141 51 7 40 10 3 616
1 20 46 9 49 8 1 617
0 10 6 3 2 1 3 618
0 141 49 6 47 6 3 619
0 141 54 5 48 6 3 620
1 54 49 6 53 6 1 621
1 141 50 7 45 7 1 622
0 97 48 7 43 8 6 623
0 141 47 7 47 7 3 624
1 141 40 10 44 9 1 625
0 141 47 7 49 6 5 626
1 33 47 7 35 8 1 627
1 10 50 6 47 9 3 628
0 85 49 7 47 7 3 629
0 114 53 7 48 7 3 630
1 97 43 8 41 8 1 631
1 134 41 8 53 6 3 632
1 97 46 8 54 7 2 633
1 119 46 7 50 7 1 634
0 24 43 8 50 8 3 635
0 97 41 8 43 9 3 636
0 38 49 6 50 7 3 637
1 54 54 5 49 6 2 638
1 141 48 6 48 7 5 639
0 141 54 6 39 5 3 640
0 54 48 7 42 9 3 641
1 51 43 8 50 6 1 642
0 97 43 8 49 6 3 643
0 83 49 6 18 11 4 644
1 10 51 7 52 7 1 645
0 141 52 7 51 6 5 646
0 86 52 7 41 8 3 647
1 110 51 7 54 6 3 648
0 111 46 7 44 7 3 649
0 10 46 7 51 6 3 650
1 141 44 9 36 8 6 651
1 54 50 7 45 9 2 652
0 36 47 7 40 8 3 653
0 10 51 7 49 7 3 654
0 111 48 6 47 9 3 655
0 54 44 9 42 8 3 656
1 54 44 9 46 8 1 657
1 142 41 10 42 10 1 658
1 40 43 7 41 7 4 659
1 54 39 11 44 9 2 660
0 54 47 7 50 7 3 661
0 51 44 8 39 9 3 662
1 62 51 6 45 8 1 663
0 29 49 7 49 6 4 664
0 42 54 6 52 6 4 665
0 96 42 8 37 7 3 666
1 10 44 5 42 8 2 667
0 54 49 8 50 7 3 668
1 97 47 4 47 6 1 669
0 10 43 9 43 9 3 670
1 87 43 8 48 8 4 671
0 55 52 6 52 6 4 672
1 97 51 4 43 7 5 673
0 97 53 6 49 7 5 674
0 122 47 4 44 5 3 675
1 97 45 7 43 8 2 676
1 12 40 10 40 10 1 677
1 10 47 7 42 8 1 678
1 58 44 7 43 7 1 679
0 10 42 5 43 6 3 680
1 54 49 6 49 6 1 681
1 141 47 7 47 9 2 682
1 79 50 4 58 2 2 683
0 10 53 5 43 8 5 684
0 97 51 7 54 5 3 685
1 26 48 7 43 8 1 686
0 38 51 7 49 7 3 687
0 16 53 6 48 7 3 688
0 54 47 7 49 7 3 689
0 141 47 7 51 7 3 690
0 97 47 8 48 7 6 691
0 54 48 6 47 7 5 692
1 138 45 9 41 10 2 693
0 64 50 7 48 6 4 694
1 46 37 5 34 4 1 695
0 97 48 8 40 8 3 696
1 54 53 7 50 6 1 697
1 107 50 6 47 7 1 698
1 97 51 7 49 7 3 699
0 97 43 8 42 8 3 700
0 97 54 5 50 7 6 701
1 3 49 6 54 5 1 702
0 10 42 8 40 10 3 703
0 54 54 5 54 6 3 704
1 11 49 6 50 6 1 705
0 0 55 5 50 6 3 706
0 35 50 6 50 6 3 707
0 70 6 3 54 5 3 708
1 10 47 5 43 5 1 709
1 129 48 8 43 8 2 710
1 86 50 7 53 7 1 711
0 54 48 8 44 8 3 712
0 92 47 8 46 7 3 713
1 38 42 6 42 5 4 714
0 33 43 5 41 10 3 715
1 10 44 9 40 10 1 716
0 54 50 3 47 4 3 717
1 122 54 5 52 5 1 718
1 10 47 7 53 5 1 719
1 97 49 6 45 7 1 720
1 10 53 7 51 6 5 721
0 10 49 6 47 4 3 722
0 54 51 7 47 7 3 723
0 84 52 7 49 7 3 724
0 65 53 6 51 6 3 725
0 10 42 7 51 6 3 726
0 54 55 5 50 4 3 727
1 97 32 6 28 7 6 728
0 97 48 7 47 7 3 729
1 79 53 6 46 2 2 730
1 54 53 7 51 7 3 731
1 129 46 9 41 8 1 732
1 63 45 7 41 8 1 733
0 112 50 7 53 7 3 734
0 106 44 7 36 7 3 735
0 118 49 6 52 6 3 736
1 82 49 6 49 7 2 737
0 120 48 7 42 8 3 738
0 87 42 5 42 5 3 739
1 72 46 8 42 8 1 740
0 57 43 8 49 8 3 741
1 54 41 7 42 9 1 742
1 10 52 6 48 5 1 743
1 54 54 6 42 8 1 744
1 108 53 5 47 7 3 745
1 143 47 6 52 7 2 746
0 97 41 8 49 8 3 747
0 138 51 4 48 6 3 748
1 10 43 8 47 7 2 749
0 54 51 5 44 4 3 750
1 10 49 6 47 4 2 751
0 130 48 6 54 6 3 752
0 141 43 9 45 9 3 753
0 133 51 7 48 7 3 754
0 32 42 8 42 8 3 755
0 141 53 6 47 7 3 756
0 5 48 7 54 5 3 757
0 54 50 4 42 5 3 758
0 10 48 7 43 8 5 759
0 10 42 5 51 4 3 760
0 12 48 8 50 8 3 761
1 63 41 8 47 8 2 762
1 46 50 6 54 5 1 763
0 53 45 7 47 7 3 764
1 97 46 7 46 7 1 765
1 111 43 7 41 8 1 766
1 54 46 7 41 8 1 767
1 141 44 8 41 8 1 768
1 78 48 7 44 10 1 769
0 128 46 9 45 9 3 770
0 10 42 8 43 8 6 771
0 140 50 6 48 8 4 772
1 141 48 7 48 6 1 773
0 138 50 6 51 6 3 774
1 143 45 9 39 11 1 775
0 36 45 4 47 3 3 776
1 75 49 6 48 7 2 777
0 10 51 6 43 8 3 778
1 140 35 8 36 7 1 779
0 87 48 8 53 5 3 780
0 67 51 4 50 5 3 781
1 141 50 6 48 8 1 782
0 130 44 7 45 8 3 783
0 97 47 7 53 6 3 784
0 138 42 10 52 6 3 785
0 141 51 6 51 6 3 786
0 63 49 6 52 6 3 787
0 135 47 7 42 8 3 788
0 29 46 7 14 11 3 789
0 98 50 7 47 8 3 790
0 6 43 8 41 8 3 791
0 10 52 4 41 9 3 792
0 97 43 8 49 8 3 793
0 54 53 6 36 7 5 794
0 97 46 7 39 9 3 795
1 10 44 3 39 3 2 796
0 127 46 7 53 5 3 797
0 10 51 7 48 7 3 798
0 130 46 8 43 8 3 799
0 55 51 6 51 7 3 800
0 10 42 8 48 8 3 801
1 21 53 6 50 7 1 802
0 95 48 8 48 6 3 803
1 141 48 8 53 6 4 804
1 10 48 8 49 6 2 805
1 97 50 6 53 5 6 806
1 97 45 7 48 6 3 807
0 10 42 7 42 5 3 808
0 97 48 7 47 7 5 809
0 96 42 8 39 9 4 810
1 10 47 7 49 6 2 811
1 141 51 4 44 8 1 812
1 97 45 7 45 7 5 813
1 133 51 4 49 4 1 814
0 10 49 5 34 8 6 815
1 10 45 7 47 7 1 816
0 5 44 9 41 8 3 817
0 97 46 9 42 8 3 818
0 97 54 5 47 7 3 819
0 97 54 5 52 7 5 820
1 141 47 8 46 8 1 821
0 72 50 6 47 5 3 822
1 62 54 6 48 6 2 823
0 54 46 4 50 6 5 824
1 141 42 9 44 9 5 825
0 39 35 7 31 7 3 826
0 10 50 5 50 7 5 827
1 2 44 7 47 8 3 828
1 10 49 6 47 8 2 829
0 10 50 6 50 7 3 830
0 54 54 5 47 8 3 831
0 6 52 6 51 7 3 832
1 141 45 7 48 8 5 833
1 10 45 7 47 7 6 834
0 131 45 2 44 4 3 835
0 54 36 7 36 7 5 836
1 97 42 8 42 8 1 837
1 141 48 8 45 7 1 838
1 60 51 6 47 7 1 839
1 97 46 9 49 6 1 840
1 54 53 6 48 6 1 841
0 54 46 7 47 7 3 842
1 135 45 4 38 9 2 843
1 76 42 5 51 5 1 844
0 54 43 8 48 8 3 845
1 54 49 7 48 8 1 846
0 54 42 7 40 5 3 847
1 40 43 8 42 9 1 848
1 141 48 8 47 7 3 849
0 10 41 8 41 8 5 850
1 54 49 7 47 7 2 851
0 105 49 7 45 7 3 852
1 54 50 6 42 8 1 853
1 141 49 7 44 8 1 854
0 54 51 6 49 7 3 855
1 54 45 9 47 8 2 856
1 29 47 7 40 9 1 857
0 10 42 8 32 7 3 858
1 54 50 6 50 7 5 859
0 10 49 8 46 8 6 860
0 141 47 7 43 8 5 861
0 0 46 7 50 7 3 862
1 141 50 7 49 7 5 863
0 57 47 8 47 9 4 864
0 100 51 6 51 4 3 865
0 10 48 6 55 5 3 866
1 109 47 7 49 7 2 867
1 48 47 7 49 6 2 868
0 92 49 7 51 7 3 869
0 143 45 7 35 8 3 870
1 133 29 7 36 7 3 871
1 27 50 6 53 6 4 872
0 97 46 4 41 5 5 873
0 111 49 6 52 6 3 874
0 3 43 8 47 7 3 875
0 27 48 6 46 7 3 876
0 47 41 8 48 8 3 877
0 10 50 7 49 6 3 878
0 97 47 8 42 8 3 879
1 46 52 6 51 5 2 880
1 97 49 8 40 7 6 881
0 141 43 8 47 8 3 882
0 97 42 8 46 9 3 883
0 97 51 6 45 7 3 884
0 48 46 7 50 7 3 885
0 97 48 6 36 9 6 886
1 89 49 7 42 6 1 887
1 97 44 9 48 4 1 888
0 97 44 8 48 8 5 889
1 38 46 9 48 8 2 890
1 124 46 7 52 6 3 891
1 67 46 9 43 8 1 892
1 19 53 6 52 6 2 893
0 0 55 5 43 8 3 894
1 97 44 8 49 7 1 895
0 10 49 7 42 8 5 896
1 141 42 8 36 8 1 897
1 59 39 9 44 9 1 898
0 31 47 9 48 8 3 899
1 54 49 8 43 3 4 900
1 137 51 6 48 6 1 901
1 54 47 7 49 6 1 902
1 10 48 3 35 7 1 903
0 6 49 8 51 8 3 904
0 141 49 6 47 7 3 905
1 53 45 7 48 7 1 906
1 54 54 6 50 8 2 907
0 54 47 7 46 8 3 908
1 10 50 5 50 5 5 909
1 67 50 7 44 7 3 910
0 57 45 7 8 8 3 911
1 54 52 7 50 7 6 912
0 104 39 5 43 5 3 913
1 18 53 7 52 7 1 914
1 10 51 6 51 6 2 915
1 48 51 6 50 7 1 916
1 141 45 7 45 7 1 917
0 31 45 8 46 9 3 918
0 10 53 5 39 5 5 919
0 141 50 7 49 6 3 920
1 31 48 8 44 7 1 921
0 141 28 10 39 9 3 922
0 21 51 6 47 7 3 923
1 141 44 10 47 9 1 924
0 126 47 7 49 7 3 925
1 141 43 10 46 8 1 926
0 65 42 8 50 6 3 927
1 26 47 7 46 7 2 928
0 97 54 6 47 7 5 929
1 10 47 8 44 9 1 930
0 141 47 7 47 7 3 931
1 10 48 7 47 7 1 932
0 97 53 7 50 8 3 933
0 101 47 7 41 8 3 934
0 127 45 7 24 13 3 935
0 43 46 7 34 8 3 936
1 12 48 8 41 8 1 937
1 97 51 7 44 8 1 938
0 39 46 9 44 9 3 939
1 54 45 9 43 10 5 940
0 97 53 6 51 7 3 941
1 47 43 8 55 5 1 942
1 105 51 5 51 5 2 943
0 141 45 7 48 1 3 944
1 16 43 6 49 4 2 945
1 112 36 5 52 4 2 946
1 104 49 7 49 7 2 947
1 97 47 7 50 6 1 948
1 54 38 9 42 10 1 949
1 141 41 8 47 6 2 950
1 54 43 7 52 6 1 951
0 141 51 6 42 8 3 952
1 54 41 5 43 6 5 953
0 32 52 7 47 8 3 954
1 27 48 6 53 6 3 955
1 97 49 7 46 7 5 956
1 97 44 8 46 9 2 957
1 22 48 6 53 5 1 958
0 140 52 6 50 6 3 959
1 108 42 8 40 8 1 960
1 13 51 7 52 7 1 961
0 3 49 4 53 5 3 962
0 141 54 5 46 7 3 963
0 112 45 4 45 7 3 964
0 97 45 7 45 7 3 965
0 10 51 4 45 4 3 966
0 113 53 5 51 8 3 967
0 137 49 6 51 6 3 968
0 35 44 8 48 8 3 969
0 54 50 7 50 7 3 970
0 70 45 7 45 7 3 971
0 141 53 6 53 6 3 972
1 26 24 6 23 5 2 973
0 97 50 7 49 7 3 974
1 21 42 8 54 6 1 975
1 12 53 6 53 6 1 976
0 97 53 7 48 8 3 977
0 57 47 7 43 8 3 978
0 97 49 6 50 6 3 979
0 83 54 5 50 3 4 980
1 54 42 4 35 8 1 981
0 85 43 8 43 8 3 982
0 54 44 8 41 8 3 983
1 141 44 7 47 8 1 984
0 110 55 5 49 6 3 985
0 97 41 8 45 7 3 986
0 100 44 7 45 9 3 987
1 141 49 7 48 8 5 988
1 97 36 8 31 7 1 989
1 116 51 6 48 6 2 990
1 97 47 7 48 6 1 991
1 2 41 5 52 6 1 992
0 91 49 6 46 6 3 993
1 97 52 7 50 7 1 994
0 141 49 6 54 5 3 995
1 141 49 7 48 7 1 996
0 39 53 6 53 6 3 997
1 135 53 6 47 8 2 998
1 104 47 8 44 7 1 999
0 16 51 7 27 8 3 1000
1 54 35 7 28 6 1 1001
0 9 51 6 49 6 3 1002
0 54 47 8 47 8 3 1003
1 24 47 8 42 8 1 1004
1 97 53 6 48 7 1 1005
1 141 48 3 45 2 1 1006
1 70 42 7 43 6 4 1007
1 141 49 6 49 7 1 1008
0 74 48 8 46 8 3 1009
1 54 45 7 28 6 2 1010
0 54 52 7 39 5 3 1011
0 131 47 6 50 6 3 1012
0 73 45 7 47 7 3 1013
0 68 49 6 24 8 3 1014
0 141 46 8 43 9 6 1015
1 130 49 7 42 8 4 1016
1 78 43 8 47 7 1 1017
0 97 50 7 50 6 3 1018
0 127 47 8 48 8 3 1019
0 120 49 6 49 6 3 1020
1 29 54 6 48 6 1 1021
0 141 52 6 47 7 3 1022
0 54 46 8 46 8 3 1023
1 97 47 4 48 6 2 1024
0 120 44 5 53 7 3 1025
1 54 47 7 55 5 4 1026
0 121 54 5 50 7 3 1027
1 10 43 8 44 7 5 1028
1 54 47 7 50 6 4 1029
1 10 55 5 47 6 1 1030
0 80 50 5 46 5 3 1031
1 38 44 7 47 6 1 1032
0 10 47 7 50 7 3 1033
0 54 44 7 48 6 5 1034
0 54 49 7 42 8 3 1035
1 54 48 8 50 7 1 1036
0 54 44 5 44 9 3 1037
0 10 30 13 33 12 3 1038
1 10 46 8 41 8 2 1039
0 129 48 7 50 7 3 1040
0 100 45 8 42 8 3 1041
1 63 45 9 50 6 4 1042
1 97 51 7 50 6 1 1043
0 46 42 8 41 8 3 1044
1 97 48 7 44 7 6 1045
1 54 50 8 42 8 5 1046
1 97 54 5 43 9 2 1047
1 10 50 6 47 7 1 1048
1 5 47 7 45 9 4 1049
1 98 49 6 47 6 4 1050
1 97 51 7 52 7 1 1051
0 54 48 7 51 6 3 1052
1 118 49 4 50 6 1 1053
0 137 48 8 43 8 3 1054
0 10 51 7 47 7 5 1055
0 54 45 7 45 7 3 1056
0 97 42 7 50 8 3 1057
0 50 41 8 42 8 3 1058
0 10 44 8 49 8 3 1059
1 54 50 8 50 8 1 1060
1 54 43 8 41 8 1 1061
1 43 48 8 46 9 2 1062
1 97 53 6 42 8 2 1063
0 97 43 9 42 8 3 1064
1 41 49 7 44 8 1 1065
1 105 47 9 45 7 1 1066
1 54 53 7 46 7 1 1067
0 49 43 9 49 6 3 1068
0 141 44 7 43 5 3 1069
0 141 42 6 49 4 3 1070
0 141 45 7 46 7 5 1071
0 10 43 9 40 11 3 1072
0 8 47 7 50 6 3 1073
0 20 46 7 50 8 3 1074
1 97 47 8 49 6 2 1075
1 141 40 10 40 11 1 1076
0 108 47 8 45 7 3 1077
0 97 43 8 44 8 3 1078
1 10 50 5 49 6 1 1079
0 32 49 7 53 7 3 1080
1 54 43 8 38 9 5 1081
0 54 46 9 47 8 3 1082
0 54 45 9 45 9 3 1083
1 54 53 5 47 7 1 1084
0 97 48 7 40 8 3 1085
0 92 49 6 43 6 3 1086
1 118 49 6 41 8 1 1087
1 90 37 7 26 7 4 1088
0 97 47 7 46 7 5 1089
0 109 50 6 30 7 3 1090
0 54 48 7 49 6 3 1091
1 54 40 9 44 9 1 1092
0 67 54 6 45 7 3 1093
1 10 47 7 52 6 1 1094
1 27 51 7 52 6 2 1095
0 54 46 9 47 8 3 1096
1 78 47 6 46 7 1 1097
1 13 42 8 38 11 1 1098
1 54 52 7 42 8 5 1099
1 54 53 6 50 6 1 1100
0 54 46 7 47 6 6 1101
1 10 51 6 44 9 1 1102
0 141 49 4 41 5 3 1103
1 16 41 8 41 8 1 1104
1 40 50 7 48 6 2 1105
0 10 45 9 32 12 3 1106
0 54 47 4 51 4 3 1107
1 10 47 7 37 5 5 1108
1 116 43 8 48 8 1 1109
0 97 43 8 41 8 3 1110
0 118 45 9 52 7 3 1111
1 141 54 5 35 8 3 1112
0 9 50 7 43 8 3 1113
1 54 50 5 43 4 4 1114
0 90 52 6 55 6 4 1115
1 5 49 8 47 6 2 1116
1 54 42 8 43 10 1 1117
1 10 52 6 43 8 1 1118
0 97 48 6 48 6 5 1119
1 10 46 4 48 4 1 1120
0 5 39 7 39 7 3 1121
0 0 53 6 54 5 3 1122
0 141 50 7 45 7 3 1123
1 80 35 12 41 9 1 1124
1 104 50 4 43 6 3 1125
1 141 47 7 55 5 5 1126
0 80 43 8 52 7 3 1127
1 54 42 8 43 8 6 1128
1 54 45 9 48 7 1 1129
1 141 45 7 51 7 1 1130
1 141 51 7 53 6 1 1131
0 141 50 5 50 5 3 1132
0 10 48 7 47 8 5 1133
0 73 53 6 49 8 3 1134
0 42 53 6 52 6 3 1135
0 10 47 8 43 9 3 1136
0 141 54 6 50 7 3 1137
0 84 52 7 47 8 3 1138
0 97 39 7 42 6 6 1139
1 97 49 6 46 7 5 1140
1 15 51 6 40 8 4 1141
0 41 46 7 36 11 3 1142
0 54 47 7 44 7 5 1143
0 97 56 5 42 8 5 1144
0 119 54 5 50 6 3 1145
0 74 41 9 48 6 3 1146
1 54 44 9 41 8 2 1147
0 97 50 6 48 6 3 1148
0 141 39 9 39 9 5 1149
1 10 45 7 45 7 2 1150
1 141 50 8 41 8 1 1151
1 59 42 8 49 6 4 1152
0 142 50 6 43 7 3 1153
0 13 48 8 44 9 3 1154
1 43 44 9 36 11 3 1155
1 54 47 7 45 4 1 1156
1 10 44 7 42 8 1 1157
0 18 50 6 42 10 3 1158
1 97 47 9 53 6 2 1159
0 125 54 6 43 8 3 1160
0 5 42 8 21 7 3 1161
0 80 39 7 24 7 3 1162
0 143 36 7 30 7 3 1163
0 54 51 7 41 10 3 1164
1 10 45 8 52 7 1 1165
0 119 46 7 47 8 4 1166
1 97 49 6 19 8 1 1167
1 102 49 7 49 5 2 1168
0 24 49 8 51 7 3 1169
0 97 43 8 45 7 3 1170
1 10 50 6 48 8 1 1171
0 27 49 7 43 6 3 1172
1 59 48 7 49 7 2 1173
0 141 43 8 51 6 6 1174
1 141 42 8 46 7 6 1175
0 141 47 4 52 6 3 1176
0 10 53 5 52 6 3 1177
0 141 47 7 34 12 3 1178
0 54 48 6 47 8 3 1179
0 97 38 7 41 6 3 1180
0 10 53 6 51 6 3 1181
1 103 45 7 48 8 3 1182
0 10 48 7 42 8 3 1183
1 10 46 7 42 8 5 1184
0 97 53 6 48 6 3 1185
0 10 49 7 48 6 6 1186
0 141 48 6 50 6 3 1187
0 54 51 7 48 6 3 1188
0 62 52 4 49 7 3 1189
1 54 50 7 48 6 1 1190
0 54 47 7 55 5 3 1191
1 127 45 7 42 8 1 1192
1 54 43 8 45 7 5 1193
1 10 46 9 34 12 4 1194
0 10 47 7 52 6 3 1195
1 103 53 6 50 6 1 1196
0 97 44 6 43 5 4 1197
0 10 52 6 49 7 4 1198
1 97 52 7 52 6 2 1199
1 122 53 7 52 6 1 1200
0 54 43 8 47 7 5 1201
1 53 46 7 44 8 1 1202
0 19 45 7 53 7 3 1203
0 21 45 8 53 6 3 1204
1 81 41 8 48 6 1 1205
1 114 50 6 50 8 1 1206
0 103 51 7 54 5 3 1207
0 119 48 6 52 6 3 1208
1 141 52 7 49 6 1 1209
0 54 53 6 48 6 5 1210
1 97 50 6 42 8 3 1211
0 39 46 7 48 4 3 1212
0 24 44 7 48 3 3 1213
0 54 47 7 52 7 3 1214
1 70 50 8 53 7 1 1215
1 63 45 7 46 7 2 1216
0 124 45 8 33 7 3 1217
0 13 54 5 49 6 3 1218
1 54 51 6 41 8 2 1219
0 54 52 6 49 6 3 1220
1 141 48 6 51 7 1 1221
1 54 47 8 47 8 1 1222
0 141 51 6 49 6 3 1223
0 97 42 9 44 9 3 1224
0 89 52 7 50 8 3 1225
1 10 48 6 51 6 1 1226
1 97 45 7 43 8 1 1227
1 23 55 5 53 7 1 1228
1 54 43 8 53 6 1 1229
0 44 50 6 41 8 4 1230
0 81 51 6 53 6 3 1231
1 43 49 8 29 10 1 1232
0 104 50 6 49 6 3 1233
1 141 50 8 45 8 6 1234
1 10 48 7 47 7 6 1235
0 141 44 7 49 7 3 1236
0 109 50 8 47 8 3 1237
1 64 44 7 50 4 2 1238
1 97 49 7 48 8 5 1239
1 141 49 7 54 6 1 1240
1 44 49 8 53 5 1 1241
0 10 47 7 45 9 3 1242
0 66 40 9 41 9 3 1243
0 133 42 10 42 10 3 1244
1 97 52 6 51 7 2 1245
0 104 22 7 35 10 4 1246
0 38 53 6 46 7 3 1247
1 96 53 4 48 4 1 1248
1 141 53 5 50 5 1 1249
0 133 53 7 53 7 3 1250
1 16 36 7 28 7 2 1251
0 54 41 8 40 11 3 1252
0 97 44 8 34 7 6 1253
0 10 51 7 53 6 3 1254
0 10 53 6 49 6 3 1255
1 97 49 5 47 7 1 1256
0 100 40 5 54 5 3 1257
1 10 40 9 46 7 3 1258
1 141 51 7 45 7 1 1259
0 54 43 6 42 6 3 1260
0 92 51 7 50 7 3 1261
0 97 48 7 50 6 3 1262
0 96 46 8 44 7 3 1263
1 14 52 7 50 7 1 1264
0 30 47 7 50 6 3 1265
0 54 45 8 41 8 3 1266
1 27 49 7 46 6 1 1267
0 97 42 7 53 4 3 1268
0 54 45 7 49 6 3 1269
1 97 47 7 51 7 3 1270
0 54 48 6 41 8 5 1271
1 97 53 6 53 6 2 1272
1 10 39 10 42 10 1 1273
1 128 53 6 50 6 1 1274
0 80 43 8 41 8 3 1275
1 116 43 8 47 7 3 1276
0 32 49 6 47 7 3 1277
0 54 50 6 35 7 3 1278
0 11 45 7 48 8 3 1279
0 97 48 7 46 7 3 1280
1 52 48 8 52 7 1 1281
0 141 48 8 43 8 4 1282
0 54 43 8 43 8 6 1283
1 97 55 6 52 6 1 1284
0 3 49 4 51 4 3 1285
1 10 50 4 43 7 1 1286
1 133 53 7 53 7 3 1287
1 54 44 7 44 8 5 1288
0 81 47 8 51 7 3 1289
0 10 42 8 47 7 3 1290
0 27 44 7 46 9 3 1291
0 139 41 6 50 6 3 1292
0 34 51 8 50 7 3 1293
1 54 47 7 40 8 1 1294
0 54 53 6 49 7 4 1295
0 12 45 9 46 9 3 1296
0 25 42 8 43 7 3 1297
0 141 47 7 50 7 3 1298
0 37 49 3 59 1 3 1299
0 54 52 6 53 5 5 1300
0 99 48 8 50 7 3 1301
0 20 50 6 49 3 3 1302
1 97 51 7 41 10 1 1303
1 63 51 7 46 7 2 1304
1 10 42 8 42 8 2 1305
0 62 52 6 49 6 3 1306
1 84 48 6 39 10 1 1307
1 86 51 7 42 4 1 1308
0 73 51 3 42 8 3 1309
1 141 43 8 35 8 2 1310
0 8 46 8 50 6 3 1311
0 54 50 6 53 5 3 1312
0 141 52 7 50 7 3 1313
0 54 48 6 38 11 3 1314
0 119 41 8 50 6 3 1315
0 141 48 8 39 7 3 1316
1 141 51 6 50 7 1 1317
0 17 47 8 50 6 3 1318
1 10 50 8 48 8 1 1319
1 10 42 8 49 6 1 1320
1 54 42 8 44 8 1 1321
1 79 48 7 42 8 3 1322
1 131 41 8 50 7 1 1323
0 10 45 9 47 8 3 1324
0 97 43 8 49 8 5 1325
0 97 51 7 53 5 3 1326
0 125 44 7 45 7 3 1327
1 54 52 6 47 7 5 1328
1 100 43 8 46 9 1 1329
0 141 51 6 49 6 5 1330
1 22 9 3 9 3 1 1331
1 51 45 8 41 8 1 1332
1 97 48 3 50 4 1 1333
0 141 50 6 55 5 3 1334
0 97 50 6 36 8 3 1335
0 127 51 6 53 6 3 1336
0 97 53 7 49 6 3 1337
1 34 50 7 46 9 1 1338
0 10 43 8 50 6 6 1339
0 141 45 8 50 7 3 1340
0 97 52 6 51 7 5 1341
1 141 44 7 42 8 1 1342
1 10 50 8 44 8 1 1343
0 54 54 6 46 7 3 1344
1 141 52 6 52 7 4 1345
1 29 53 6 42 8 4 1346
1 97 48 6 46 7 1 1347
1 141 51 6 51 7 1 1348
0 10 50 8 43 8 3 1349
1 141 46 7 47 6 1 1350
1 97 53 6 55 5 1 1351
1 10 54 6 48 8 1 1352
0 125 47 8 47 7 3 1353
1 97 47 9 46 7 1 1354
1 104 53 6 52 6 1 1355
0 20 42 5 45 5 3 1356
1 108 44 8 47 8 1 1357
1 10 39 5 47 3 5 1358
0 54 43 5 39 4 3 1359
1 141 44 5 30 7 1 1360
1 43 50 6 41 10 2 1361
1 10 47 8 52 6 5 1362
1 54 46 7 46 7 1 1363
0 97 48 8 46 8 5 1364
1 54 41 8 49 8 5 1365
0 54 48 6 45 7 3 1366
1 72 45 8 49 8 3 1367
1 141 47 8 48 8 5 1368
0 10 42 7 37 5 6 1369
0 84 52 7 43 6 3 1370
0 116 44 8 51 6 3 1371
1 15 53 6 50 7 1 1372
0 54 40 10 44 9 3 1373
1 71 48 6 47 3 1 1374
0 141 54 5 51 7 5 1375
0 61 43 9 41 9 3 1376
1 10 52 6 47 6 3 1377
1 10 44 9 41 8 1 1378
1 129 47 8 50 7 3 1379
0 97 47 7 52 7 3 1380
0 78 45 7 51 6 3 1381
0 74 48 7 47 6 4 1382
0 75 45 9 44 9 3 1383
0 97 52 7 42 2 3 1384
0 54 49 8 49 8 6 1385
0 116 49 6 43 8 3 1386
1 77 48 8 46 7 2 1387
0 10 37 8 42 6 4 1388
1 54 43 8 44 9 5 1389
1 141 46 7 52 6 1 1390
0 59 52 6 53 6 3 1391
1 10 53 7 47 8 6 1392
0 54 39 9 46 9 3 1393
0 97 47 7 24 8 3 1394
0 0 45 8 46 7 3 1395
1 10 47 8 49 8 3 1396
1 141 46 7 49 7 5 1397
1 86 42 8 30 6 1 1398
0 78 49 7 44 9 3 1399
0 46 52 7 49 8 4 1400
1 49 35 5 37 5 3 1401
0 66 49 7 48 4 3 1402
1 97 51 7 54 5 1 1403
0 4 51 7 43 8 3 1404
0 141 37 7 43 5 3 1405
1 97 31 6 28 7 1 1406
0 141 49 6 46 4 3 1407
0 1 49 7 53 5 3 1408
1 97 49 6 45 7 1 1409
0 96 49 8 52 6 3 1410
1 114 49 3 50 4 2 1411
1 54 49 7 51 6 5 1412
1 97 53 6 41 8 1 1413
1 23 41 5 48 6 3 1414
1 128 51 7 45 7 1 1415
1 54 48 8 42 8 2 1416
0 107 48 8 44 9 3 1417
1 10 46 8 53 7 4 1418
0 51 35 8 33 5 3 1419
0 69 52 6 49 6 3 1420
1 54 51 7 51 7 1 1421
1 141 40 8 38 5 1 1422
0 54 45 7 41 8 6 1423
0 138 42 8 43 8 3 1424
1 97 48 7 45 7 1 1425
1 57 42 10 44 9 1 1426
0 48 7 2 21 6 3 1427
0 97 46 7 45 9 3 1428
0 97 42 4 49 6 5 1429
1 10 49 6 49 6 2 1430
1 10 46 7 49 7 1 1431
1 137 49 6 50 8 4 1432
0 141 53 6 51 7 4 1433
1 5 44 5 45 9 1 1434
0 97 46 7 46 5 3 1435
1 27 44 8 42 8 3 1436
0 106 50 8 47 7 3 1437
1 35 41 8 49 6 3 1438
0 0 44 6 41 8 3 1439
1 53 53 6 54 5 1 1440
0 10 49 8 41 8 3 1441
0 120 51 6 51 6 4 1442
1 43 47 8 50 4 2 1443
0 10 49 6 40 8 3 1444
0 141 52 6 59 6 3 1445
0 117 46 7 52 6 3 1446
1 124 52 6 52 6 1 1447
1 54 51 6 43 8 1 1448
1 141 45 7 42 8 3 1449
0 70 48 6 43 7 3 1450
0 54 49 7 49 6 3 1451
0 54 54 5 55 5 3 1452
1 62 50 7 48 8 1 1453
1 137 37 7 48 7 2 1454
0 105 44 8 41 8 3 1455
1 141 41 8 45 7 1 1456
1 54 45 7 47 7 1 1457
0 97 48 6 48 6 3 1458
1 49 45 7 50 8 1 1459
1 54 36 11 36 11 4 1460
1 128 50 7 48 8 1 1461
0 81 40 10 40 10 3 1462
1 65 48 7 51 7 1 1463
1 54 50 5 39 5 1 1464
0 77 39 5 47 7 3 1465
0 78 47 4 50 7 3 1466
1 48 45 9 45 9 1 1467
0 54 53 6 51 7 5 1468
1 97 51 7 7 8 1 1469
1 54 55 5 51 6 1 1470
0 57 43 8 34 7 3 1471
1 54 50 7 52 6 2 1472
0 60 37 5 43 5 3 1473
0 97 44 8 42 8 3 1474
1 114 49 7 48 6 1 1475
0 92 43 8 46 7 3 1476
0 10 45 7 49 6 3 1477
0 10 41 8 42 8 3 1478
1 54 46 7 42 8 1 1479
1 124 47 8 54 6 1 1480
0 141 36 7 37 8 3 1481
1 86 47 8 47 7 1 1482
0 141 44 8 40 10 3 1483
0 97 53 6 52 6 3 1484
1 54 50 8 50 7 1 1485
1 54 45 7 44 7 1 1486
1 141 46 8 45 9 2 1487
0 141 29 7 27 7 6 1488
0 43 45 7 43 8 3 1489
0 55 47 4 49 5 3 1490
1 141 49 6 45 7 3 1491
1 10 46 9 43 8 5 1492
1 141 42 8 48 6 1 1493
1 54 46 4 42 5 1 1494
1 54 48 6 52 6 1 1495
1 130 43 8 44 3 1 1496
1 97 48 8 44 8 1 1497
0 105 46 9 49 8 3 1498
1 141 48 7 43 8 1 1499
0 87 53 7 51 7 3 1500
0 105 47 7 43 8 3 1501
0 57 50 7 53 7 3 1502
0 141 49 7 50 7 3 1503
1 55 54 6 53 6 2 1504
1 0 50 6 50 7 1 1505
0 97 47 7 47 7 3 1506
0 97 49 8 51 7 3 1507
0 10 52 6 51 6 3 1508
0 38 47 4 45 4 3 1509
1 13 48 8 42 8 1 1510
1 97 43 8 50 6 1 1511
0 36 49 6 50 6 3 1512
0 66 42 8 48 7 3 1513
0 97 48 8 50 7 3 1514
0 10 51 6 54 5 5 1515
1 141 46 7 48 6 6 1516
0 141 26 7 25 7 3 1517
1 54 52 6 47 7 3 1518
0 141 50 7 45 9 3 1519
1 10 42 8 41 8 1 1520
0 10 54 7 51 7 3 1521
1 19 44 8 48 8 1 1522
0 97 42 10 39 11 3 1523
1 10 49 6 46 7 1 1524
0 64 52 6 52 6 3 1525
1 100 53 5 36 7 2 1526
1 127 45 8 50 8 2 1527
0 10 46 7 50 6 3 1528
0 54 46 7 48 7 5 1529
1 10 45 9 48 6 1 1530
1 10 41 8 42 8 6 1531
1 141 48 7 46 7 1 1532
0 141 35 10 50 6 3 1533
0 72 44 8 49 6 3 1534
1 138 46 9 47 9 1 1535
0 32 53 6 42 8 3 1536
0 54 48 7 52 7 5 1537
0 141 53 6 50 5 3 1538
0 101 44 7 45 7 3 1539
1 54 47 8 48 6 1 1540
1 67 41 8 53 7 1 1541
0 54 46 7 46 7 3 1542
1 54 44 8 46 9 5 1543
0 141 48 7 42 7 3 1544
0 24 54 6 39 11 3 1545
1 97 53 6 48 8 1 1546
1 54 47 6 51 7 6 1547
0 115 43 8 42 8 3 1548
1 54 42 8 43 8 1 1549
1 54 48 6 35 6 1 1550
1 10 43 8 47 9 2 1551
1 141 44 8 53 3 1 1552
0 10 6 3 20 12 3 1553
1 50 41 9 40 10 1 1554
0 141 50 7 42 8 3 1555
0 54 48 6 46 7 3 1556
0 118 35 8 35 8 3 1557
0 21 50 8 56 5 3 1558
0 97 46 8 41 8 3 1559
0 97 42 8 43 8 3 1560
0 97 49 7 50 6 4 1561
0 65 48 8 46 9 3 1562
0 141 49 6 41 5 3 1563
0 7 49 6 49 6 3 1564
1 141 40 8 47 7 2 1565
0 54 40 9 32 11 3 1566
0 97 48 6 50 6 6 1567
1 141 49 6 49 6 3 1568
1 84 50 8 47 9 1 1569
1 22 23 6 37 6 1 1570
0 54 45 8 41 10 3 1571
0 140 52 7 45 8 3 1572
0 48 49 7 51 7 3 1573
1 54 49 6 48 6 1 1574
0 70 53 7 47 7 3 1575
1 10 43 5 43 5 1 1576
1 10 43 8 44 7 1 1577
1 35 46 7 48 8 1 1578
0 35 50 5 51 5 3 1579
1 141 51 6 47 6 1 1580
1 141 43 8 47 8 1 1581
1 97 49 8 47 7 1 1582
0 77 49 7 47 7 3 1583
0 97 45 8 47 8 3 1584
0 113 50 7 49 6 3 1585
0 97 48 6 54 5 5 1586
0 97 46 6 48 7 3 1587
0 65 49 6 53 7 3 1588
0 138 40 6 51 6 3 1589
1 54 35 7 33 6 1 1590
1 21 49 6 48 3 4 1591
0 56 48 6 46 7 3 1592
0 119 32 8 34 8 4 1593
0 97 49 6 42 8 3 1594
1 98 53 6 43 7 2 1595
1 76 45 9 41 8 1 1596
1 10 44 8 53 6 3 1597
0 141 52 6 47 7 3 1598
0 137 45 7 46 9 3 1599
0 18 45 7 51 6 3 1600
0 54 27 7 35 6 3 1601
1 54 47 6 49 6 2 1602
1 119 44 7 43 8 2 1603
1 10 46 8 42 8 1 1604
1 133 44 8 44 8 2 1605
0 89 51 7 59 1 3 1606
1 54 50 7 53 6 2 1607
0 141 43 6 52 6 3 1608
1 54 51 4 46 7 1 1609
0 141 48 7 52 6 3 1610
0 97 47 7 52 6 3 1611
1 54 42 8 41 8 1 1612
0 27 47 7 41 8 3 1613
1 10 39 11 41 9 1 1614
1 54 53 6 48 8 4 1615
0 141 49 6 47 8 3 1616
0 141 45 7 37 4 3 1617
0 143 47 8 48 7 3 1618
0 141 42 10 51 7 3 1619
1 141 44 7 47 8 1 1620
0 27 52 6 53 7 3 1621
1 36 42 8 46 8 1 1622
1 97 49 8 42 8 2 1623
1 38 45 9 50 7 1 1624
1 54 41 8 45 7 1 1625
1 16 54 6 49 6 4 1626
0 16 49 6 47 8 3 1627
0 86 49 7 48 7 3 1628
0 87 44 8 50 7 3 1629
0 54 45 7 46 9 3 1630
0 19 39 9 39 9 3 1631
0 24 51 6 50 5 3 1632
1 97 49 7 53 7 3 1633
0 10 54 5 49 6 3 1634
1 10 49 6 48 7 1 1635
1 141 44 7 26 7 1 1636
0 97 50 6 46 7 3 1637
0 54 46 9 45 8 4 1638
0 48 39 6 50 3 3 1639
0 81 43 8 43 7 3 1640
0 24 52 7 51 6 3 1641
0 10 53 6 49 6 4 1642
1 85 42 7 22 5 1 1643
0 54 48 8 49 6 3 1644
0 40 45 7 43 8 3 1645
0 10 47 4 53 4 3 1646
1 60 42 9 41 9 3 1647
1 97 42 8 50 7 1 1648
0 97 49 6 51 7 3 1649
0 137 49 6 46 7 3 1650
0 141 50 4 37 5 3 1651
0 121 38 5 32 5 3 1652
1 97 51 6 49 7 1 1653
1 141 51 7 46 7 2 1654
1 97 47 8 44 9 1 1655
1 97 49 6 48 7 1 1656
0 97 47 6 52 5 3 1657
0 141 53 7 54 5 3 1658
1 10 48 6 39 9 1 1659
0 141 47 7 46 7 5 1660
0 44 43 8 47 7 4 1661
0 34 47 8 52 6 3 1662
0 10 45 7 48 6 3 1663
0 54 51 6 48 6 3 1664
0 54 47 8 50 6 3 1665
0 124 47 7 46 7 3 1666
1 22 46 7 46 7 1 1667
1 10 43 8 42 8 1 1668
0 2 45 8 48 8 3 1669
0 97 48 6 50 7 5 1670
1 141 52 7 49 7 1 1671
0 10 50 7 42 8 3 1672
0 97 48 8 48 6 6 1673
1 54 30 7 30 6 2 1674
0 141 50 6 49 5 3 1675
1 54 45 8 40 9 5 1676
0 10 49 7 50 6 3 1677
0 90 46 7 47 7 3 1678
1 41 45 7 48 6 1 1679
1 97 41 8 48 7 1 1680
1 59 35 5 43 6 1 1681
1 10 44 9 45 9 1 1682
1 97 50 7 50 6 1 1683
0 10 41 8 41 8 3 1684
1 43 48 8 46 8 1 1685
0 34 48 7 42 8 3 1686
0 122 49 7 53 6 3 1687
0 97 50 5 47 5 3 1688
1 10 42 8 41 8 3 1689
1 54 49 7 50 7 1 1690
0 10 43 10 44 8 3 1691
1 100 43 8 45 7 2 1692
1 49 48 8 49 6 2 1693
1 10 44 6 43 5 1 1694
0 141 50 7 47 6 5 1695
1 97 44 9 49 7 1 1696
1 48 48 7 47 6 2 1697
0 8 48 7 47 6 3 1698
0 10 48 7 48 7 5 1699
1 90 50 6 52 6 1 1700
1 45 46 4 41 8 2 1701
0 10 43 8 45 7 3 1702
1 111 54 6 48 7 4 1703
1 54 48 7 54 5 5 1704
1 139 46 7 46 7 1 1705
0 117 54 5 51 7 3 1706
1 10 50 7 49 6 5 1707
0 54 42 8 48 7 3 1708
1 97 50 6 37 8 1 1709
1 67 49 6 46 7 1 1710
1 40 53 6 55 5 1 1711
1 54 42 8 41 2 1 1712
0 21 42 8 49 8 3 1713
0 16 54 5 49 7 3 1714
0 97 46 7 42 8 3 1715
1 97 42 8 50 7 5 1716
0 51 52 6 47 6 3 1717
1 29 49 6 48 7 1 1718
0 130 46 7 49 7 3 1719
1 54 47 7 43 8 4 1720
1 141 43 9 39 10 1 1721
0 63 48 7 49 6 3 1722
1 141 50 6 47 7 4 1723
1 97 37 7 47 7 1 1724
1 16 49 4 51 3 2 1725
1 54 46 9 45 9 6 1726
1 10 28 11 47 7 5 1727
1 56 46 7 52 6 2 1728
1 69 50 7 47 8 1 1729
0 10 49 7 45 7 3 1730
0 141 42 8 47 8 3 1731
0 10 47 7 48 7 3 1732
0 58 39 5 38 7 3 1733
0 54 43 8 47 8 3 1734
0 120 52 6 40 11 3 1735
1 10 48 4 50 4 1 1736
1 0 54 5 7 5 1 1737
1 10 41 8 49 7 5 1738
1 97 44 9 47 8 5 1739
0 54 53 5 41 8 3 1740
0 141 45 7 33 8 3 1741
0 97 48 7 46 8 3 1742
0 35 49 8 42 9 3 1743
1 49 47 8 48 6 2 1744
1 27 47 6 37 7 1 1745
1 14 54 6 38 4 2 1746
1 10 51 5 47 4 3 1747
0 10 52 6 48 6 3 1748
1 54 51 4 57 2 1 1749
0 3 45 7 50 7 3 1750
0 141 52 6 48 7 3 1751
1 11 48 7 43 8 1 1752
0 141 52 7 50 7 3 1753
0 97 50 6 49 6 3 1754
0 141 47 4 55 5 5 1755
1 97 51 7 50 7 1 1756
0 97 53 5 43 8 3 1757
1 97 46 7 49 6 3 1758
0 141 53 6 53 6 3 1759
0 97 47 7 48 6 3 1760
1 65 46 7 53 6 2 1761
0 46 42 8 44 7 3 1762
1 97 41 8 33 10 5 1763
0 97 39 9 47 6 6 1764
1 97 48 8 42 8 1 1765
0 97 52 7 53 6 3 1766
0 127 44 9 41 10 3 1767
0 122 51 4 51 7 3 1768
0 27 54 6 44 7 3 1769
0 141 46 7 48 8 5 1770
1 10 50 6 47 6 5 1771
1 10 47 6 41 8 1 1772
0 84 48 5 31 7 3 1773
1 97 46 7 44 7 5 1774
1 18 42 8 39 9 4 1775
0 126 51 7 53 6 3 1776
0 99 53 5 48 7 3 1777
0 131 42 8 44 7 3 1778
1 10 47 7 43 8 1 1779
1 10 51 6 53 6 1 1780
0 10 47 7 48 7 3 1781
1 86 42 8 50 8 1 1782
1 54 50 6 41 8 1 1783
0 141 48 8 30 5 3 1784
1 108 50 7 53 7 2 1785
1 10 48 7 49 8 1 1786
0 54 48 4 41 5 3 1787
1 10 50 7 51 6 1 1788
0 141 47 7 53 6 3 1789
1 97 50 6 47 8 3 1790
0 141 54 6 51 6 3 1791
0 90 45 5 49 6 3 1792
0 10 47 7 43 8 3 1793
0 81 54 5 43 5 3 1794
1 97 48 6 44 9 1 1795
0 97 46 7 42 8 3 1796
0 59 44 8 46 9 3 1797
0 27 50 7 40 9 3 1798
1 111 48 6 45 9 1 1799
0 31 47 7 43 8 3 1800
0 9 44 5 42 4 3 1801
0 107 51 8 49 7 3 1802
1 141 53 7 51 7 1 1803
0 10 41 8 40 8 3 1804
0 83 48 8 47 7 3 1805
1 141 48 8 42 10 1 1806
0 54 50 7 50 6 3 1807
0 91 48 6 53 6 3 1808
0 141 52 7 50 6 3 1809
1 141 49 6 51 6 1 1810
0 97 43 10 38 11 3 1811
1 141 42 8 53 6 6 1812
0 97 42 5 43 6 3 1813
0 133 38 5 49 6 4 1814
1 54 41 8 46 8 6 1815
1 54 48 6 47 7 4 1816
0 10 49 7 52 7 3 1817
1 54 42 5 58 2 1 1818
0 43 48 7 48 6 3 1819
0 57 46 7 46 7 3 1820
1 54 99 0 98 0 1 1821
1 10 42 8 42 8 4 1822
0 54 49 7 49 7 3 1823
1 89 46 7 53 7 3 1824
0 67 53 7 50 6 3 1825
1 92 48 8 42 8 1 1826
1 54 47 2 41 4 2 1827
1 54 55 5 71 2 1 1828
0 109 45 7 43 7 4 1829
1 10 41 8 44 9 1 1830
0 54 45 9 48 8 5 1831
1 10 47 6 51 7 1 1832
1 94 49 6 56 5 1 1833
1 90 54 6 51 6 2 1834
1 109 46 7 44 8 1 1835
0 105 53 6 48 6 4 1836
0 105 46 9 42 8 3 1837
0 141 43 8 46 9 3 1838
0 138 48 6 41 8 3 1839
0 141 44 7 48 6 3 1840
1 95 46 7 41 10 1 1841
1 54 47 6 36 8 1 1842
1 97 40 8 40 8 2 1843
0 54 47 8 49 6 5 1844
1 132 52 6 53 6 2 1845
0 54 49 6 35 7 3 1846
1 67 48 6 52 6 4 1847
1 10 43 8 42 9 4 1848
0 141 51 6 44 9 3 1849
1 54 45 7 45 7 1 1850
1 125 48 6 50 7 4 1851
0 141 50 8 48 6 3 1852
0 135 43 7 47 8 3 1853
1 54 50 7 47 7 1 1854
1 139 48 7 52 6 2 1855
1 34 46 9 41 10 3 1856
0 141 44 9 48 8 3 1857
0 51 54 5 53 6 3 1858
1 97 49 7 46 7 1 1859
0 16 51 8 50 7 3 1860
1 95 47 7 52 6 2 1861
0 97 41 8 49 8 6 1862
0 92 48 8 32 7 3 1863
1 5 47 9 44 8 1 1864
0 97 45 8 48 6 3 1865
1 132 41 9 38 7 1 1866
0 57 45 7 48 7 3 1867
1 141 41 8 40 9 1 1868
1 87 47 8 45 9 1 1869
0 10 49 6 53 6 3 1870
0 59 45 7 52 6 3 1871
0 10 53 6 50 7 5 1872
1 41 44 7 47 8 4 1873
1 54 48 6 43 8 1 1874
0 107 44 8 48 8 3 1875
0 141 42 8 42 8 6 1876
0 141 52 6 45 7 3 1877
1 10 50 7 51 7 1 1878
1 97 43 8 44 8 1 1879
1 21 45 5 53 6 1 1880
1 82 44 8 49 8 1 1881
1 66 49 7 33 8 1 1882
1 143 34 8 41 7 1 1883
0 127 50 6 40 11 3 1884
1 10 50 6 49 6 1 1885
0 10 45 7 49 7 3 1886
1 54 40 8 15 11 1 1887
0 30 43 5 53 6 3 1888
0 97 44 7 36 7 3 1889
0 10 48 7 54 5 3 1890
1 120 50 6 47 7 1 1891
0 97 47 7 50 7 3 1892
0 124 48 7 50 7 3 1893
1 97 51 7 52 6 1 1894
1 103 47 6 47 7 1 1895
0 77 50 7 53 7 3 1896
0 10 44 8 43 8 3 1897
0 54 45 9 44 9 6 1898
1 45 40 11 42 10 1 1899
1 65 52 7 46 9 3 1900
1 14 44 7 46 7 1 1901
0 10 51 7 47 8 3 1902
0 60 47 6 36 3 3 1903
0 141 49 5 49 6 3 1904
0 113 44 8 50 6 3 1905
0 97 47 8 41 9 3 1906
0 54 49 8 49 6 3 1907
0 10 51 6 40 6 3 1908
1 29 49 6 52 6 2 1909
0 95 44 6 54 6 3 1910
0 54 46 9 44 9 3 1911
1 10 43 8 46 7 1 1912
0 97 50 7 48 7 3 1913
0 10 21 5 36 7 3 1914
1 97 53 6 48 7 1 1915
1 54 13 5 26 7 1 1916
0 54 42 6 52 6 3 1917
1 97 49 7 46 9 1 1918
0 54 54 6 54 6 3 1919
0 10 53 5 54 6 3 1920
1 87 49 7 53 7 4 1921
1 54 52 7 45 8 1 1922
1 97 45 9 48 8 6 1923
1 54 42 6 44 6 1 1924
0 97 48 6 50 7 3 1925
0 97 44 7 47 9 3 1926
0 35 42 8 49 6 3 1927
0 138 47 7 51 6 3 1928
0 54 44 8 47 8 5 1929
1 10 50 8 48 8 2 1930
0 33 50 7 50 7 3 1931
1 54 51 6 47 7 6 1932
0 97 53 5 50 6 3 1933
0 71 48 6 41 8 4 1934
0 10 47 7 48 6 3 1935
1 54 47 7 48 7 2 1936
0 10 46 7 45 9 3 1937
1 58 49 6 38 5 1 1938
0 35 49 5 44 8 3 1939
0 32 53 7 22 6 3 1940
1 38 48 6 50 6 4 1941
0 97 42 10 41 10 3 1942
0 97 45 9 48 8 3 1943
0 10 43 5 43 5 3 1944
0 51 48 6 48 7 3 1945
0 89 54 6 52 6 3 1946
1 141 43 8 48 7 1 1947
1 138 41 8 38 10 1 1948
0 125 41 5 44 6 3 1949
1 54 43 8 48 7 6 1950
0 54 50 99 50 7 3 1951
0 10 46 7 48 7 3 1952
0 0 53 6 50 7 3 1953
1 101 42 9 28 12 3 1954
1 97 51 7 46 8 2 1955
0 13 48 7 48 7 3 1956
0 122 47 7 47 7 3 1957
0 7 51 6 53 6 3 1958
1 71 45 8 42 8 2 1959
0 62 42 5 45 5 3 1960
0 54 42 8 42 8 3 1961
1 54 42 8 40 5 5 1962
1 97 42 8 28 7 2 1963
1 141 42 8 38 5 3 1964
1 95 37 11 40 9 1 1965
0 97 39 5 39 5 5 1966
0 73 53 7 54 5 3 1967
1 20 48 6 50 6 4 1968
0 54 50 3 44 4 3 1969
0 10 50 7 54 6 3 1970
1 97 51 6 52 7 1 1971
1 42 48 8 50 6 1 1972
1 54 47 9 28 7 1 1973
1 141 41 9 42 10 4 1974
0 10 43 9 39 10 3 1975
1 6 45 7 47 8 3 1976
1 54 44 8 43 8 1 1977
1 59 48 8 42 7 3 1978
0 118 54 5 49 7 3 1979
0 29 45 9 24 8 3 1980
0 141 44 9 42 8 3 1981
1 68 48 8 43 8 4 1982
1 73 47 8 50 6 1 1983
0 54 41 8 48 8 3 1984
0 108 48 7 0 5 3 1985
1 76 49 7 48 3 2 1986
0 54 55 5 50 7 3 1987
0 97 52 7 52 6 3 1988
1 84 44 7 48 6 4 1989
1 84 49 6 48 8 2 1990
0 141 49 6 47 8 3 1991
1 118 51 7 50 6 1 1992
0 97 31 6 41 5 5 1993
0 97 51 6 52 6 5 1994
0 141 54 5 37 8 5 1995
0 97 50 6 48 6 3 1996
0 16 47 7 50 6 3 1997
1 10 49 6 47 7 2 1998
0 141 37 9 37 9 3 1999
