0 7 5 35 5 79 3 0
1 23 56 40 54 41 1 1
1 128 54 46 51 31 1 2
0 49 47 68 36 99 3 3
0 36 58 36 57 38 3 4
0 26 51 51 50 53 5 5
0 38 56 29 58 28 3 6
0 4 58 43 50 48 3 7
0 128 53 33 55 27 6 8
1 121 36 40 41 34 2 9
1 96 58 38 58 35 1 10
0 6 69 73 71 67 3 11
1 69 37 13 41 12 1 12
1 7 48 45 41 78 1 13
0 37 7 48 6 46 3 14
1 107 49 40 48 45 1 15
0 26 61 31 59 39 3 16
1 63 69 68 70 72 3 17
0 33 51 35 38 23 3 18
0 76 7 28 7 25 3 19
1 130 51 47 52 44 3 20
1 129 52 80 48 80 2 21
1 34 48 34 60 39 1 22
0 86 53 80 50 79 3 23
1 128 50 36 58 30 1 24
0 66 54 33 60 28 4 25
0 2 63 1 53 2 3 26
1 91 57 46 49 54 1 27
1 70 64 16 48 20 1 28
1 97 26 0 56 2 2 29
1 93 56 43 62 34 1 30
1 73 45 4 36 4 1 31
1 14 58 18 54 20 6 32
1 63 56 44 61 43 1 33
0 80 92 27 91 31 3 34
1 102 50 66 49 69 1 35
0 118 52 2 45 2 3 36
0 119 66 32 68 33 3 37
1 78 91 23 92 28 2 38
1 79 68 39 69 35 1 39
0 32 64 16 56 14 3 40
0 73 47 52 48 50 3 41
0 66 55 43 62 33 3 42
1 128 58 24 60 27 1 43
0 127 6 35 5 47 3 44
1 39 71 33 72 36 2 45
1 13 65 43 50 45 1 46
1 34 31 78 57 76 1 47
0 121 57 26 58 31 3 48
1 71 39 12 40 14 4 49
0 118 55 55 56 52 3 50
1 23 58 20 55 13 2 51
1 142 44 64 50 54 2 52
0 22 43 18 52 42 3 53
1 141 44 35 55 34 4 54
0 95 67 73 70 72 5 55
1 120 58 41 54 41 1 56
0 121 59 43 44 40 3 57
1 108 61 1 51 1 6 58
1 21 66 74 64 77 1 59
1 53 47 51 38 72 1 60
1 15 56 22 51 27 3 61
0 44 49 2 26 2 3 62
1 48 44 10 40 14 1 63
1 46 59 30 58 33 3 64
1 58 69 38 60 62 2 65
0 29 48 60 48 55 3 66
1 19 66 50 58 64 1 67
1 16 62 58 71 38 1 68
1 143 66 92 59 90 1 69
1 51 31 49 33 46 2 70
1 101 60 23 58 24 1 71
0 73 61 37 58 41 3 72
1 68 50 49 52 48 1 73
1 80 58 2 53 2 1 74
1 49 54 39 53 35 5 75
0 35 51 27 50 29 6 76
0 17 53 44 57 35 3 77
1 0 57 34 61 29 1 78
1 115 61 37 56 42 3 79
0 32 47 30 50 32 3 80
1 79 67 41 68 39 4 81
1 143 61 69 51 76 1 82
1 39 70 39 67 19 1 83
1 17 47 59 46 57 1 84
0 39 92 30 91 40 3 85
0 1 61 17 52 19 3 86
0 5 51 16 45 21 3 87
1 104 57 41 60 38 1 88
0 16 67 37 65 41 3 89
1 41 52 46 53 57 1 90
0 66 57 18 53 19 3 91
1 54 51 45 45 46 4 92
0 114 54 75 50 78 3 93
0 119 65 33 67 40 4 94
0 99 59 29 56 31 3 95
1 10 21 19 45 52 2 96
1 76 82 5 62 2 1 97
1 86 6 60 7 38 1 98
0 72 98 16 98 12 3 99
1 116 59 25 59 18 2 100
0 126 51 50 49 56 3 101
1 101 64 27 56 43 1 102
0 88 66 79 40 58 3 103
1 118 61 2 64 1 2 104
0 30 57 41 52 42 3 105
0 16 33 46 30 35 3 106
1 26 47 57 52 55 1 107
0 123 6 35 5 39 3 108
1 57 89 92 88 94 1 109
0 85 52 53 23 63 3 110
0 15 66 42 68 36 3 111
0 44 61 18 62 16 3 112
0 143 92 27 91 34 3 113
1 9 68 38 70 30 1 114
0 126 39 38 43 32 3 115
0 137 41 35 41 28 3 116
1 4 58 45 60 43 1 117
0 41 62 46 60 44 3 118
0 40 56 41 51 42 3 119
1 126 59 18 57 19 4 120
1 57 57 78 54 65 3 121
1 62 61 1 64 1 1 122
1 126 60 38 55 41 1 123
1 40 50 80 46 58 2 124
1 109 62 39 51 46 3 125
1 129 41 13 38 14 1 126
1 36 59 30 57 24 1 127
0 55 64 1 61 1 3 128
0 118 83 4 80 5 3 129
1 23 39 14 41 13 2 130
0 78 55 44 58 39 3 131
0 32 59 48 58 46 3 132
1 131 30 61 27 59 1 133
1 24 52 55 50 47 3 134
0 40 58 19 62 17 3 135
1 91 87 3 85 4 1 136
0 115 98 16 98 19 5 137
0 74 46 20 49 20 3 138
1 32 6 40 5 44 1 139
1 63 45 4 39 2 1 140
1 138 57 77 48 79 1 141
1 94 5 69 6 67 1 142
1 103 63 20 60 27 1 143
0 64 22 19 14 43 3 144
0 0 31 42 30 47 3 145
0 59 44 30 43 33 3 146
1 46 55 52 53 70 6 147
1 24 55 80 51 80 1 148
1 88 1 21 46 58 1 149
1 0 52 54 50 65 5 150
1 67 59 25 54 28 2 151
1 52 41 41 36 45 1 152
1 111 50 52 49 57 1 153
0 132 62 38 52 44 3 154
0 53 52 52 53 57 3 155
0 81 41 3 49 2 3 156
0 9 57 39 57 36 4 157
0 127 47 56 44 65 6 158
1 97 50 27 51 25 1 159
0 72 60 36 56 36 3 160
1 12 54 35 55 33 1 161
1 66 44 32 42 31 1 162
1 5 68 40 53 68 3 163
1 67 3 95 2 97 1 164
0 133 49 64 49 54 3 165
1 143 45 52 41 63 1 166
1 108 60 33 53 43 1 167
0 130 48 50 50 47 3 168
1 52 35 55 44 31 1 169
0 64 59 23 55 36 3 170
1 40 6 69 6 66 1 171
1 9 62 32 95 28 1 172
1 108 61 30 59 34 6 173
0 63 62 27 63 30 3 174
1 138 57 76 63 69 1 175
0 84 46 3 51 2 3 176
0 105 64 16 54 19 5 177
0 108 71 25 66 25 3 178
1 38 52 53 56 47 1 179
0 90 59 29 60 22 3 180
1 88 48 44 53 59 2 181
1 46 66 93 65 91 1 182
1 16 30 44 35 41 5 183
1 82 48 42 53 33 3 184
0 16 71 34 67 40 3 185
1 19 50 20 43 24 5 186
0 81 54 26 50 27 3 187
1 26 67 41 72 40 4 188
1 81 51 49 55 45 3 189
0 25 62 26 60 27 3 190
0 53 49 52 52 48 3 191
1 120 69 35 66 34 1 192
0 112 42 13 41 11 3 193
1 126 67 8 54 46 1 194
1 112 16 21 62 31 2 195
0 118 49 23 61 19 5 196
1 60 98 18 98 26 2 197
1 16 64 75 68 77 1 198
0 137 31 45 33 49 3 199
0 39 47 60 41 46 3 200
1 133 35 41 32 48 1 201
1 109 57 68 61 71 1 202
1 134 26 51 24 53 1 203
1 53 55 79 57 74 2 204
1 101 68 43 69 41 1 205
0 10 92 27 92 32 3 206
0 136 50 45 60 38 3 207
0 80 48 3 38 5 3 208
1 82 59 24 62 26 1 209
1 67 60 35 95 28 1 210
1 103 57 19 32 17 2 211
0 121 62 17 58 17 4 212
1 72 59 46 61 40 1 213
0 36 30 46 33 46 3 214
0 37 56 42 57 38 3 215
1 64 40 12 35 13 1 216
0 123 32 50 33 52 3 217
1 38 50 2 53 1 1 218
1 86 55 45 50 45 1 219
1 93 92 33 91 29 1 220
1 68 55 36 54 40 2 221
0 29 60 35 55 43 3 222
1 28 54 48 53 45 1 223
1 112 44 18 66 39 1 224
0 79 83 93 87 94 3 225
0 132 57 37 53 43 5 226
0 11 65 46 64 49 4 227
0 66 39 38 40 44 3 228
0 48 42 9 40 10 3 229
1 76 28 47 27 50 3 230
1 0 98 24 98 27 2 231
0 36 88 93 85 89 3 232
1 58 54 29 41 32 1 233
0 90 53 42 51 25 3 234
0 98 84 4 82 3 3 235
0 134 54 43 57 36 3 236
1 93 38 32 43 38 4 237
1 16 32 4 36 4 2 238
0 65 33 46 20 54 6 239
1 128 50 44 56 37 1 240
0 21 58 58 62 43 3 241
1 88 60 32 53 43 1 242
0 56 69 34 69 41 5 243
0 127 65 51 61 53 6 244
1 66 6 28 6 32 2 245
0 15 63 1 59 2 3 246
0 10 61 1 57 2 3 247
1 95 69 71 66 73 1 248
1 110 45 20 48 17 1 249
1 32 52 36 41 19 1 250
0 98 58 48 60 50 3 251
0 24 43 18 46 15 3 252
1 39 69 37 69 45 1 253
1 35 53 80 49 81 5 254
0 67 53 42 52 46 3 255
1 106 44 53 45 50 1 256
1 53 54 38 50 35 1 257
1 0 56 40 55 42 3 258
1 37 6 51 6 30 6 259
1 43 47 60 44 27 1 260
1 96 46 54 39 54 1 261
1 24 98 17 98 24 1 262
1 19 59 73 57 71 1 263
1 93 91 31 91 36 1 264
1 83 62 36 58 38 1 265
1 57 60 38 65 26 1 266
0 53 53 43 53 52 5 267
0 70 55 31 38 20 3 268
0 50 49 28 55 25 3 269
1 22 31 49 27 58 1 270
1 43 98 23 98 20 1 271
0 35 98 16 98 21 3 272
0 14 50 34 52 46 3 273
0 138 30 45 28 50 3 274
1 120 60 45 65 39 2 275
1 35 5 69 5 72 2 276
0 143 53 16 50 16 3 277
0 48 36 13 41 9 5 278
0 25 6 48 6 52 3 279
1 104 6 50 6 58 2 280
1 33 91 42 88 27 5 281
0 128 42 12 41 10 3 282
0 96 45 64 59 41 3 283
1 125 57 71 50 71 1 284
0 34 41 34 42 21 3 285
0 39 57 40 58 37 5 286
1 29 70 39 68 43 1 287
0 16 49 41 47 32 3 288
1 92 76 14 67 24 1 289
0 98 54 41 56 38 3 290
1 116 57 59 60 50 1 291
1 18 90 35 91 39 1 292
0 98 69 40 63 44 3 293
0 14 57 19 54 20 3 294
1 16 43 12 34 16 1 295
0 32 62 44 55 38 5 296
0 92 59 17 62 17 3 297
0 117 43 64 56 44 3 298
1 123 46 40 45 42 2 299
1 0 56 39 61 36 1 300
0 73 86 92 88 93 3 301
0 82 30 61 30 58 3 302
0 113 32 42 32 46 3 303
1 57 6 46 6 41 1 304
0 80 40 78 43 78 3 305
0 133 50 9 38 16 3 306
1 76 64 41 61 48 1 307
0 29 58 44 63 40 3 308
1 17 52 41 52 57 1 309
0 36 30 54 30 49 3 310
0 39 53 51 58 36 4 311
0 117 63 35 54 43 3 312
1 79 59 31 44 40 2 313
1 97 41 43 38 29 1 314
0 101 53 42 50 50 3 315
0 80 59 71 55 75 5 316
0 14 52 54 54 40 3 317
0 104 55 49 44 67 3 318
1 57 69 75 67 76 1 319
1 63 66 92 65 94 2 320
0 44 54 80 52 79 3 321
1 56 48 69 50 46 1 322
1 46 52 49 53 31 1 323
1 124 60 1 63 1 1 324
0 137 52 25 52 30 3 325
1 93 70 70 73 68 1 326
0 0 51 58 49 56 3 327
0 106 5 38 6 33 3 328
1 104 42 4 17 2 3 329
1 56 48 79 54 80 1 330
0 51 92 24 92 28 4 331
1 35 81 5 62 2 2 332
0 115 63 54 68 31 3 333
1 73 63 37 58 47 1 334
0 143 44 21 48 21 5 335
0 97 54 42 49 52 3 336
1 139 54 38 51 46 3 337
1 72 57 42 53 49 5 338
0 91 61 24 63 26 3 339
1 43 86 3 81 3 1 340
1 39 52 29 54 23 6 341
1 5 47 20 49 19 1 342
0 7 7 42 6 48 3 343
1 64 62 26 59 21 5 344
0 60 53 46 48 54 3 345
1 57 48 80 52 80 1 346
0 91 56 37 55 30 3 347
0 142 63 49 48 52 3 348
1 31 6 54 6 50 1 349
1 28 40 55 47 57 1 350
1 12 88 93 86 94 2 351
0 143 87 93 84 93 3 352
1 68 67 43 35 16 1 353
1 102 46 62 48 67 1 354
1 126 54 38 49 27 1 355
0 103 6 36 6 28 3 356
1 75 39 37 43 33 1 357
0 124 68 37 69 40 3 358
0 72 49 36 59 27 3 359
1 10 32 34 41 35 1 360
1 22 27 64 28 69 1 361
0 38 39 38 42 40 3 362
1 12 30 58 33 51 1 363
1 71 79 7 80 5 1 364
1 117 68 36 68 42 5 365
0 107 54 46 53 48 3 366
0 27 5 67 0 60 5 367
1 76 6 67 7 46 3 368
1 66 40 36 41 33 1 369
0 97 55 24 46 30 3 370
1 128 53 23 55 24 1 371
1 39 59 33 60 28 2 372
1 60 52 45 55 52 1 373
0 97 44 18 38 18 3 374
0 39 55 49 57 47 3 375
1 105 56 18 64 17 1 376
1 40 54 75 32 78 5 377
0 26 52 27 48 28 3 378
1 46 54 57 51 61 5 379
0 122 5 69 6 64 3 380
1 53 91 32 92 30 2 381
1 55 87 3 93 3 1 382
0 72 58 34 51 50 3 383
1 27 6 69 5 67 1 384
1 53 43 68 50 60 3 385
0 81 77 6 61 2 3 386
0 115 41 4 30 4 3 387
0 81 50 24 56 21 3 388
0 58 59 38 51 28 3 389
1 141 53 58 50 61 4 390
1 65 57 41 48 52 1 391
1 8 32 46 28 59 2 392
0 115 98 15 98 19 5 393
1 13 64 45 68 39 1 394
0 133 49 36 50 34 3 395
0 4 50 56 53 44 4 396
1 13 74 67 66 78 1 397
1 27 6 54 6 48 1 398
1 9 48 56 55 47 1 399
0 18 60 32 55 52 3 400
1 26 50 47 58 40 1 401
1 67 50 47 27 24 2 402
1 117 56 42 50 47 2 403
1 67 61 1 64 2 2 404
0 11 53 51 51 53 3 405
0 115 52 24 54 26 3 406
1 96 46 31 50 28 1 407
0 139 98 19 98 23 3 408
1 74 56 47 60 49 4 409
0 26 70 32 73 32 3 410
0 14 57 19 52 21 5 411
1 128 61 2 58 1 1 412
0 21 41 4 38 3 3 413
0 140 50 40 52 22 3 414
1 38 37 42 42 34 1 415
0 132 70 43 64 44 5 416
1 111 6 33 6 16 5 417
1 37 47 59 50 34 1 418
1 66 50 36 54 37 1 419
1 119 66 29 63 39 1 420
1 72 50 43 57 40 1 421
0 63 69 70 67 78 3 422
0 93 61 2 54 2 3 423
1 100 87 93 85 94 2 424
1 83 5 39 6 33 1 425
1 48 54 41 52 42 1 426
1 92 52 20 55 21 1 427
1 105 43 58 44 65 1 428
0 143 70 72 67 73 3 429
1 28 39 5 35 4 1 430
1 0 30 46 28 50 2 431
0 60 47 22 48 19 3 432
0 140 60 19 62 16 3 433
0 111 62 1 55 2 3 434
1 77 71 32 69 33 1 435
0 72 51 48 46 48 3 436
0 31 55 41 53 43 3 437
1 65 55 40 23 47 4 438
1 45 90 18 92 16 1 439
1 34 29 53 34 42 1 440
1 142 51 54 53 45 1 441
0 79 28 61 31 59 3 442
1 88 52 32 59 32 1 443
1 38 71 71 68 72 1 444
0 30 60 42 56 51 3 445
0 121 46 46 47 44 3 446
0 3 70 74 72 70 3 447
0 40 55 73 59 73 3 448
1 87 61 29 64 31 1 449
0 141 98 27 98 14 3 450
1 78 47 62 50 57 5 451
0 68 55 44 53 46 3 452
1 0 53 41 53 54 1 453
0 9 7 40 6 53 4 454
1 100 98 16 98 20 1 455
0 76 52 45 47 55 3 456
1 34 62 26 59 26 1 457
0 101 50 51 43 48 3 458
0 40 5 65 5 68 5 459
1 94 52 43 63 40 2 460
1 87 70 72 69 74 2 461
1 11 61 1 58 1 4 462
1 74 68 33 75 13 1 463
0 76 53 29 48 29 3 464
1 32 56 34 20 57 3 465
1 19 48 2 52 1 1 466
0 18 90 37 91 30 3 467
1 66 46 20 44 23 2 468
1 10 64 37 57 31 4 469
0 130 6 50 7 31 3 470
0 13 6 68 3 76 3 471
0 20 49 54 47 57 3 472
1 68 52 50 55 47 2 473
0 79 47 48 44 53 3 474
0 70 70 74 69 69 3 475
0 63 40 37 37 40 3 476
0 63 3 96 1 95 3 477
1 51 33 43 29 43 5 478
0 143 44 65 42 71 3 479
0 122 49 55 51 56 3 480
1 28 51 49 49 53 4 481
0 63 59 45 50 48 3 482
1 126 58 66 53 67 1 483
0 53 48 25 48 22 3 484
1 120 63 18 57 19 1 485
0 57 98 16 98 21 5 486
0 28 60 34 51 34 3 487
0 94 5 69 4 76 4 488
1 43 29 53 27 51 1 489
1 48 63 18 60 18 1 490
0 99 47 31 53 27 3 491
1 74 78 6 80 5 1 492
1 109 42 66 43 64 1 493
1 46 91 31 90 36 1 494
1 103 31 4 36 4 5 495
0 71 85 4 87 3 3 496
0 36 49 1 34 1 3 497
0 132 58 75 56 67 3 498
1 132 54 24 49 33 2 499
1 131 6 35 5 40 1 500
0 61 46 58 49 58 3 501
0 73 46 47 43 38 3 502
0 96 52 41 50 43 4 503
0 13 50 42 41 44 3 504
1 42 68 36 67 39 2 505
0 86 59 70 58 75 3 506
0 48 69 35 66 46 5 507
0 53 55 30 55 35 3 508
1 81 50 32 47 29 1 509
0 42 46 60 42 59 4 510
1 51 67 40 67 33 1 511
0 87 49 65 50 61 3 512
0 122 86 95 88 93 3 513
0 141 59 27 54 35 5 514
1 11 46 45 46 48 1 515
1 96 55 42 16 21 1 516
0 143 53 43 41 45 3 517
1 127 70 68 65 67 5 518
0 100 98 24 98 19 3 519
1 72 51 47 53 52 1 520
0 11 48 56 46 59 3 521
0 26 60 72 58 75 3 522
0 5 21 19 44 51 3 523
1 126 40 40 41 67 1 524
1 123 49 19 45 20 1 525
0 43 41 4 45 4 3 526
0 119 59 36 57 37 3 527
0 130 48 19 46 20 3 528
0 15 55 34 54 41 3 529
1 87 61 41 64 37 5 530
0 24 49 44 59 37 3 531
0 96 58 39 48 59 3 532
0 39 46 46 47 44 6 533
1 93 55 31 63 21 1 534
1 81 65 94 66 90 1 535
1 40 63 77 69 74 1 536
1 33 90 38 91 35 1 537
1 98 55 41 57 42 2 538
0 32 67 35 64 51 6 539
0 42 48 34 46 50 3 540
1 70 30 14 65 27 2 541
0 65 81 5 80 7 3 542
0 132 42 3 38 3 3 543
1 57 75 30 68 39 2 544
0 88 46 47 47 49 3 545
1 101 32 56 32 53 2 546
1 96 58 34 56 37 1 547
1 8 42 61 45 45 4 548
1 8 68 38 62 47 2 549
1 43 43 55 36 68 1 550
1 83 61 32 62 36 1 551
0 19 69 40 62 52 3 552
1 93 55 2 60 2 1 553
1 72 55 45 53 42 1 554
1 65 33 48 30 31 1 555
1 80 32 44 30 46 2 556
1 46 67 93 65 95 1 557
1 111 67 44 67 49 5 558
1 17 57 35 16 21 1 559
1 22 62 29 62 35 1 560
1 60 60 1 54 2 1 561
1 105 66 41 69 44 6 562
0 10 63 33 59 41 5 563
0 115 89 92 90 90 3 564
1 58 6 38 5 28 1 565
1 7 29 63 33 50 4 566
1 80 28 48 33 43 5 567
1 116 59 25 60 27 1 568
1 9 37 39 39 37 1 569
1 120 58 40 50 42 4 570
0 28 87 93 86 96 3 571
0 60 59 2 54 2 3 572
0 90 38 52 43 58 3 573
1 139 91 21 92 12 3 574
0 75 63 20 60 13 3 575
0 46 57 49 55 55 6 576
1 22 48 43 47 54 6 577
1 35 53 28 52 25 3 578
1 126 31 45 32 43 2 579
1 5 50 19 52 18 6 580
1 28 51 43 53 49 1 581
1 67 32 50 31 45 2 582
1 140 54 55 47 53 1 583
0 72 72 31 71 36 3 584
0 128 67 93 65 96 3 585
1 8 47 43 55 35 1 586
0 102 50 48 48 33 3 587
1 132 66 42 64 46 5 588
0 86 56 71 31 78 3 589
1 132 57 40 59 37 1 590
0 124 92 29 91 31 3 591
0 66 72 37 70 35 5 592
0 49 51 27 53 26 3 593
1 95 68 72 64 78 1 594
0 63 43 4 40 4 3 595
0 88 59 34 61 47 3 596
1 67 6 33 5 40 1 597
0 85 34 45 26 51 3 598
0 113 54 32 48 38 3 599
0 51 52 80 49 80 3 600
1 72 40 59 47 71 1 601
0 124 48 45 47 49 3 602
0 53 70 36 62 13 3 603
1 80 24 4 38 3 1 604
1 59 49 18 45 21 3 605
0 54 63 40 64 43 3 606
0 128 58 29 55 28 5 607
1 12 60 17 55 21 5 608
0 130 5 22 6 27 5 609
1 23 82 6 80 5 1 610
0 48 58 39 55 41 6 611
1 74 44 12 37 13 1 612
0 98 5 41 5 55 3 613
0 63 90 37 92 35 3 614
1 108 57 40 59 41 1 615
1 91 6 65 5 68 1 616
0 130 48 2 14 0 3 617
1 0 45 57 42 44 1 618
0 7 41 12 39 13 3 619
0 47 6 50 6 38 4 620
0 118 55 19 58 19 5 621
0 74 50 2 46 2 3 622
0 105 55 2 61 2 3 623
1 48 68 37 67 45 1 624
0 19 49 20 32 18 3 625
1 132 56 80 50 81 1 626
1 65 88 94 82 94 4 627
0 98 71 35 70 32 3 628
1 62 40 14 36 13 3 629
0 8 6 32 3 27 3 630
1 62 85 93 89 93 1 631
0 143 98 22 98 18 3 632
1 32 30 45 30 51 1 633
1 94 59 31 61 37 2 634
0 78 50 81 43 80 3 635
1 28 58 75 57 78 1 636
0 68 69 38 63 41 5 637
1 19 68 34 61 23 1 638
1 87 41 3 37 4 2 639
1 115 98 19 98 33 3 640
1 107 59 26 55 33 1 641
0 111 13 10 48 6 3 642
1 29 60 41 63 35 2 643
1 41 47 30 52 30 1 644
1 81 6 64 5 60 1 645
1 65 48 80 44 80 1 646
1 68 57 38 56 40 1 647
0 53 54 38 59 46 3 648
1 120 62 27 59 26 1 649
1 79 88 94 84 94 1 650
1 112 59 41 55 39 6 651
1 106 52 46 53 44 1 652
1 138 41 66 40 64 4 653
1 132 71 29 67 31 6 654
0 20 88 94 86 91 3 655
0 63 72 69 70 72 3 656
0 41 43 68 51 54 3 657
1 129 64 27 55 20 1 658
1 24 55 80 51 81 1 659
0 77 59 2 52 2 3 660
1 111 6 37 6 28 1 661
0 39 57 34 62 22 3 662
1 123 38 30 36 8 1 663
0 6 67 70 70 72 3 664
0 68 53 34 56 30 3 665
1 82 57 44 55 51 4 666
0 101 58 34 53 43 3 667
1 51 43 39 41 34 1 668
0 25 91 31 92 24 3 669
0 0 69 73 39 58 3 670
1 39 71 40 72 32 3 671
0 35 53 29 47 34 6 672
0 121 40 64 42 59 3 673
1 106 50 48 57 21 1 674
0 1 50 42 53 44 3 675
1 109 52 44 41 50 3 676
1 88 49 84 54 67 3 677
1 115 55 49 59 33 1 678
0 35 55 40 49 39 3 679
0 97 27 51 27 41 3 680
0 108 67 37 67 24 3 681
1 60 6 31 5 35 1 682
0 49 44 4 34 4 3 683
1 107 4 66 4 69 1 684
0 40 50 36 56 49 4 685
1 78 55 44 51 54 1 686
0 5 56 50 58 54 3 687
1 23 41 30 39 40 1 688
1 97 54 50 54 43 1 689
0 52 41 28 43 23 3 690
0 109 63 46 61 41 3 691
1 48 5 61 5 64 1 692
1 90 61 28 53 42 2 693
0 60 62 18 56 18 3 694
0 68 51 25 58 9 3 695
0 122 31 44 31 48 3 696
0 52 65 45 70 42 3 697
0 98 55 28 55 36 3 698
1 37 53 44 48 30 1 699
1 109 51 78 55 78 1 700
1 124 51 80 56 80 4 701
0 128 50 28 47 29 5 702
0 28 33 49 32 44 3 703
0 75 54 58 54 69 3 704
1 13 48 48 51 52 1 705
1 44 61 30 59 36 1 706
1 41 54 57 49 52 6 707
1 35 46 31 50 26 1 708
1 3 92 30 91 28 1 709
0 105 68 42 70 11 6 710
0 113 87 4 85 3 3 711
0 36 57 74 98 67 3 712
0 105 44 17 43 19 3 713
1 32 55 34 51 33 1 714
1 40 26 2 52 2 2 715
0 85 46 54 47 50 4 716
1 85 53 54 49 49 2 717
0 80 86 4 88 3 3 718
1 39 49 54 50 49 5 719
1 54 58 75 55 75 1 720
1 7 57 42 61 42 4 721
1 13 65 42 65 45 1 722
0 59 32 44 30 47 3 723
0 101 53 49 28 25 3 724
0 38 52 45 45 37 3 725
1 139 52 2 54 1 1 726
1 61 72 39 68 35 1 727
1 32 66 26 64 23 6 728
1 125 81 6 62 2 5 729
1 67 5 70 3 76 2 730
0 116 49 18 33 19 6 731
0 24 27 33 32 38 3 732
0 78 64 40 48 51 3 733
1 26 67 35 66 41 1 734
1 68 52 49 44 48 1 735
0 25 57 2 62 1 3 736
0 24 31 43 30 46 3 737
0 130 57 63 54 66 6 738
1 78 35 11 42 12 1 739
1 127 43 4 38 3 2 740
1 2 70 72 68 70 1 741
0 22 29 56 28 60 3 742
0 18 52 53 55 53 3 743
0 139 92 24 91 34 3 744
1 128 28 47 30 50 1 745
0 134 52 26 55 23 3 746
1 80 40 12 43 12 1 747
0 48 50 2 40 1 3 748
0 33 49 19 52 18 6 749
1 74 39 5 43 4 6 750
0 131 33 42 27 48 3 751
1 76 61 46 63 41 6 752
1 26 41 13 42 11 2 753
1 72 43 71 38 83 2 754
1 77 52 18 47 30 1 755
0 143 32 45 31 43 3 756
1 83 78 6 81 6 6 757
1 63 60 72 49 78 1 758
1 1 52 49 45 46 3 759
0 14 46 4 43 4 3 760
1 73 60 44 56 53 1 761
1 32 51 45 50 48 1 762
0 60 5 27 6 39 3 763
0 132 54 44 57 41 3 764
0 1 61 41 54 40 3 765
0 135 57 2 54 2 3 766
0 111 68 69 70 72 3 767
1 8 67 44 67 35 1 768
1 5 51 60 54 57 1 769
0 77 54 42 48 56 4 770
0 106 5 39 5 56 3 771
1 43 28 57 31 58 1 772
0 130 61 39 58 41 3 773
1 69 78 6 81 5 1 774
0 100 5 69 6 63 3 775
1 78 68 28 66 40 1 776
0 126 54 43 55 38 3 777
0 100 98 20 98 23 3 778
1 62 43 2 49 2 1 779
0 128 33 45 32 48 3 780
0 73 58 41 53 45 3 781
1 139 51 46 37 50 2 782
0 26 55 41 54 43 3 783
0 111 6 28 5 22 3 784
0 140 49 70 50 66 3 785
0 73 45 63 22 19 3 786
1 3 61 38 43 40 2 787
1 34 6 46 6 41 2 788
0 142 47 27 46 45 3 789
1 136 67 33 88 17 1 790
1 100 6 55 5 63 1 791
0 17 6 44 5 59 3 792
0 132 53 44 54 42 3 793
1 91 58 36 54 46 3 794
1 31 6 65 6 68 1 795
0 88 56 39 46 44 3 796
1 19 57 33 60 29 4 797
1 118 54 41 54 44 1 798
0 60 45 20 49 19 3 799
1 129 67 37 65 41 1 800
1 29 59 38 60 35 5 801
0 76 42 18 67 35 3 802
0 110 56 28 51 27 3 803
1 120 69 6 81 6 1 804
1 8 54 33 56 30 1 805
1 128 32 37 28 37 6 806
0 25 68 71 72 71 3 807
1 68 61 39 62 43 1 808
0 21 60 53 57 59 3 809
0 44 32 4 44 4 3 810
0 141 57 35 47 48 3 811
0 133 98 24 98 21 3 812
0 31 50 29 52 24 3 813
0 128 48 57 27 61 3 814
0 117 57 46 57 39 3 815
0 101 47 56 43 66 3 816
0 0 63 44 61 46 3 817
0 15 72 70 70 68 3 818
1 50 55 38 58 31 1 819
0 126 59 36 55 47 3 820
1 97 54 34 48 67 5 821
0 86 89 93 87 91 3 822
0 138 49 41 48 48 3 823
0 74 50 46 43 61 5 824
0 76 61 28 69 26 3 825
1 105 69 39 66 41 1 826
1 39 50 50 48 53 1 827
0 141 66 36 67 39 3 828
1 93 53 56 52 60 1 829
0 128 43 12 45 11 3 830
1 77 65 94 67 92 1 831
0 37 6 40 6 43 3 832
1 74 48 44 57 39 2 833
0 46 65 1 62 1 3 834
1 12 49 79 51 78 1 835
1 44 54 42 58 44 5 836
0 122 56 80 47 80 3 837
0 76 92 34 91 27 3 838
1 112 57 39 40 46 1 839
0 104 62 24 54 28 3 840
0 11 50 53 56 42 5 841
0 76 6 53 6 43 3 842
0 71 87 4 93 3 3 843
0 48 57 39 39 42 3 844
1 61 57 18 59 17 1 845
0 76 52 50 61 46 5 846
0 19 69 34 67 39 3 847
0 65 45 34 50 30 3 848
0 14 67 49 68 46 3 849
0 125 67 41 65 45 3 850
0 141 80 6 61 2 3 851
0 89 85 4 83 3 3 852
1 135 31 47 27 60 1 853
0 127 66 46 62 44 3 854
0 140 52 29 50 21 3 855
0 102 6 40 6 29 3 856
1 117 58 38 57 45 1 857
0 25 42 56 50 38 3 858
0 132 51 33 50 37 3 859
0 31 60 50 50 45 3 860
1 54 60 42 59 45 1 861
1 143 52 19 59 18 1 862
0 59 66 93 62 93 4 863
0 84 62 25 53 44 3 864
1 50 51 27 46 30 5 865
1 48 36 13 31 17 6 866
0 1 91 30 91 34 3 867
1 1 59 38 54 41 1 868
0 136 58 41 61 33 3 869
0 93 90 35 85 26 3 870
1 77 87 3 85 4 1 871
0 52 58 48 53 58 3 872
1 108 54 80 51 81 2 873
0 19 42 58 43 60 3 874
1 56 41 13 40 9 2 875
0 102 31 43 26 41 3 876
0 76 38 24 41 23 3 877
1 0 51 57 55 40 2 878
1 140 47 69 48 67 1 879
1 11 68 38 70 36 1 880
0 12 52 28 34 30 3 881
1 46 32 46 31 15 1 882
1 108 30 54 24 74 1 883
0 88 56 20 53 20 3 884
1 74 63 22 60 33 2 885
1 42 6 55 5 58 2 886
0 93 92 35 91 39 5 887
0 78 55 25 47 30 4 888
1 128 46 53 31 55 1 889
0 31 63 1 61 2 3 890
1 122 44 65 42 68 1 891
1 66 75 31 73 30 1 892
0 130 61 41 57 32 3 893
1 105 70 33 69 38 1 894
1 111 47 28 52 27 1 895
1 52 56 1 61 1 2 896
0 37 71 30 68 40 3 897
1 128 44 11 36 10 5 898
0 143 58 25 51 33 3 899
1 48 38 13 34 14 5 900
0 43 98 26 98 21 3 901
0 62 61 22 61 26 3 902
0 17 50 80 32 78 3 903
0 113 57 28 36 32 3 904
1 104 61 31 57 28 1 905
0 141 47 32 51 31 3 906
1 116 58 80 54 80 2 907
1 7 70 39 73 38 1 908
0 13 32 47 27 54 3 909
0 85 56 30 60 22 3 910
1 114 73 67 68 72 1 911
1 123 32 51 34 42 1 912
0 69 18 2 48 3 3 913
0 73 61 35 59 36 4 914
0 27 79 6 81 5 3 915
0 44 60 44 57 58 3 916
1 44 38 58 42 70 1 917
1 17 67 40 71 36 1 918
1 64 66 36 63 44 1 919
0 1 58 36 61 35 3 920
0 65 58 41 57 39 3 921
1 103 49 3 47 4 1 922
1 65 6 49 6 45 1 923
0 49 51 26 47 30 3 924
1 83 3 13 6 21 1 925
0 88 50 2 47 2 6 926
0 32 56 40 59 40 3 927
1 134 80 5 78 6 2 928
1 82 6 29 6 32 1 929
0 93 62 51 56 49 3 930
1 127 67 35 50 34 1 931
1 49 61 39 74 53 2 932
0 120 49 3 42 3 3 933
1 18 6 32 5 39 1 934
0 21 55 43 42 41 3 935
1 63 91 36 90 31 6 936
0 49 60 30 63 32 3 937
0 22 57 29 65 26 3 938
1 52 44 74 41 74 1 939
0 31 66 1 53 2 3 940
1 62 45 38 43 37 4 941
0 131 59 28 57 49 3 942
1 88 54 65 56 48 1 943
1 141 57 30 59 28 1 944
1 30 44 20 37 19 3 945
0 0 68 42 62 48 3 946
0 19 86 92 88 93 3 947
0 77 45 41 59 43 3 948
1 58 36 13 38 12 2 949
0 72 68 73 67 76 3 950
0 27 50 65 51 60 3 951
1 128 48 29 52 27 1 952
0 107 55 80 52 80 3 953
1 141 45 59 47 50 1 954
1 141 63 39 61 44 3 955
1 118 51 20 56 18 5 956
1 56 54 46 48 54 1 957
1 17 46 2 49 2 1 958
1 55 6 31 6 27 1 959
1 57 61 30 40 32 1 960
0 88 49 20 52 19 3 961
1 46 6 29 6 33 1 962
0 4 91 38 91 34 3 963
0 119 60 1 56 2 3 964
1 68 62 35 54 43 2 965
1 103 49 30 44 28 1 966
0 35 52 16 50 32 3 967
0 91 59 46 61 40 3 968
1 109 58 41 52 44 3 969
1 0 56 78 38 83 6 970
0 95 47 46 50 37 3 971
1 46 48 20 49 18 2 972
0 40 56 40 57 38 3 973
0 22 61 36 52 44 3 974
0 39 52 55 54 50 3 975
1 44 64 42 59 45 1 976
0 69 55 36 57 30 3 977
1 79 62 41 60 33 1 978
0 26 54 46 43 42 3 979
1 24 55 43 52 42 1 980
0 8 55 37 60 40 3 981
1 97 61 37 61 41 1 982
1 72 63 34 52 24 6 983
1 57 60 76 98 66 2 984
0 74 62 2 82 6 3 985
1 135 54 51 53 32 6 986
0 57 89 93 86 94 3 987
0 37 6 29 6 34 6 988
0 53 55 30 50 38 3 989
1 97 58 36 53 43 1 990
0 74 67 40 49 37 3 991
0 139 57 75 59 71 3 992
1 70 61 40 62 46 2 993
0 29 5 66 5 71 3 994
1 108 48 2 63 2 2 995
0 16 91 31 90 14 3 996
0 48 90 37 92 34 3 997
1 23 56 34 58 31 1 998
1 27 64 16 58 17 5 999
0 27 5 67 4 62 3 1000
1 53 52 48 52 51 1 1001
0 17 48 33 46 35 3 1002
1 0 70 37 69 39 1 1003
0 111 5 30 6 26 3 1004
1 133 44 12 42 11 2 1005
0 117 5 73 2 64 3 1006
1 100 61 41 53 56 1 1007
0 91 54 44 53 42 3 1008
0 81 50 2 40 4 3 1009
0 96 51 49 50 47 3 1010
1 111 32 50 30 60 1 1011
0 19 49 29 31 25 3 1012
0 56 43 64 44 66 3 1013
0 57 6 48 6 51 3 1014
1 119 72 21 70 42 1 1015
1 88 57 39 65 32 1 1016
0 90 55 2 52 2 3 1017
1 105 68 41 71 33 1 1018
1 86 53 49 54 47 1 1019
1 83 58 30 55 29 5 1020
0 76 53 47 44 48 3 1021
1 82 31 43 28 48 2 1022
0 68 62 35 59 34 5 1023
1 2 55 80 52 80 5 1024
0 90 87 4 83 4 3 1025
0 48 42 12 40 11 3 1026
0 110 90 37 91 29 3 1027
1 124 85 13 92 27 2 1028
1 16 37 12 40 12 2 1029
0 86 49 79 52 78 3 1030
1 132 56 42 60 37 1 1031
1 36 59 19 15 16 1 1032
0 48 62 32 55 40 3 1033
1 78 53 48 53 37 2 1034
1 51 70 70 73 67 1 1035
1 56 57 40 36 42 6 1036
0 113 58 28 51 33 5 1037
0 28 47 33 45 34 3 1038
1 29 50 50 38 52 2 1039
0 132 58 75 56 76 5 1040
1 50 65 94 66 92 2 1041
0 44 54 22 52 42 3 1042
0 117 58 40 53 50 5 1043
0 130 56 41 58 43 3 1044
1 72 98 25 98 28 1 1045
0 83 45 4 35 4 3 1046
0 115 98 20 98 14 5 1047
0 39 69 40 70 38 3 1048
1 104 55 37 53 39 1 1049
0 82 54 42 53 37 3 1050
0 13 6 63 5 69 3 1051
1 78 54 80 47 80 1 1052
1 65 5 36 6 42 1 1053
0 110 92 32 92 27 3 1054
1 113 59 40 54 50 3 1055
0 42 68 44 43 42 3 1056
0 132 59 34 56 39 3 1057
1 44 53 44 45 41 5 1058
1 23 63 43 67 37 1 1059
1 113 58 73 53 76 1 1060
1 42 6 31 6 34 1 1061
0 1 98 26 98 30 3 1062
0 6 60 32 63 33 3 1063
1 80 88 93 86 92 1 1064
1 41 55 44 52 51 5 1065
1 26 70 41 65 45 5 1066
0 43 98 20 98 23 3 1067
1 77 5 45 5 42 1 1068
0 126 46 81 52 76 3 1069
0 19 53 46 54 44 3 1070
0 52 48 2 42 1 5 1071
0 139 49 40 42 34 3 1072
1 92 60 72 56 72 5 1073
1 63 92 30 92 24 5 1074
0 90 88 3 93 3 3 1075
1 102 87 2 88 4 3 1076
1 26 69 39 71 43 1 1077
1 78 31 46 23 39 1 1078
1 117 51 52 50 54 1 1079
0 108 66 39 63 44 3 1080
1 7 26 63 27 57 2 1081
0 52 58 30 48 37 3 1082
0 64 61 30 58 28 3 1083
1 133 46 47 45 63 2 1084
0 97 48 3 45 4 3 1085
0 79 53 19 51 24 3 1086
1 79 70 33 73 36 2 1087
1 64 47 21 43 23 1 1088
0 97 63 69 30 78 3 1089
1 57 62 51 62 55 1 1090
0 50 50 26 46 31 3 1091
1 40 5 71 6 68 1 1092
1 118 6 32 4 48 1 1093
0 137 29 53 25 65 3 1094
1 39 7 49 6 58 2 1095
1 92 68 42 69 36 6 1096
1 55 40 41 37 35 2 1097
1 130 52 46 49 49 1 1098
1 132 59 41 56 40 4 1099
1 35 87 94 85 95 5 1100
1 99 51 31 50 33 1 1101
0 9 68 33 62 27 3 1102
1 48 72 31 37 16 1 1103
1 84 56 2 59 1 2 1104
1 56 48 49 44 32 1 1105
1 72 46 59 50 48 5 1106
1 133 51 26 52 30 2 1107
0 93 6 32 6 36 3 1108
1 52 33 48 33 52 2 1109
1 63 65 32 61 30 1 1110
1 92 69 36 69 26 1 1111
0 12 48 39 49 37 3 1112
1 92 58 50 61 41 1 1113
1 115 61 29 60 32 1 1114
1 97 30 55 30 48 2 1115
0 74 59 60 55 49 3 1116
0 121 69 69 68 74 3 1117
0 39 57 43 49 64 3 1118
1 38 57 29 58 32 1 1119
0 72 48 70 53 47 3 1120
0 83 43 23 49 44 3 1121
1 20 59 38 62 35 1 1122
1 68 59 31 56 27 1 1123
0 102 5 39 5 35 3 1124
0 77 63 33 61 32 3 1125
1 139 92 24 91 40 1 1126
1 50 39 30 32 28 6 1127
1 62 28 25 39 66 1 1128
0 97 81 5 83 4 3 1129
0 132 44 66 41 72 3 1130
1 46 52 45 55 45 1 1131
0 35 59 16 58 19 3 1132
1 14 69 73 67 76 4 1133
1 68 55 47 53 41 1 1134
0 141 59 30 59 24 4 1135
0 128 38 12 44 12 3 1136
0 91 55 50 49 50 3 1137
1 23 48 3 44 3 1 1138
1 28 61 69 29 77 1 1139
0 127 67 47 71 41 3 1140
1 140 60 40 62 46 1 1141
0 40 50 45 52 42 3 1142
1 134 67 34 67 39 1 1143
0 39 42 2 46 2 3 1144
0 28 88 93 86 94 3 1145
0 65 69 45 38 15 3 1146
0 116 41 20 36 15 3 1147
1 10 35 49 38 53 1 1148
1 128 55 26 51 24 1 1149
0 63 68 72 67 74 3 1150
1 133 31 53 31 50 1 1151
0 26 62 48 50 46 3 1152
0 22 6 27 6 38 3 1153
1 33 52 18 47 21 1 1154
1 2 51 43 48 43 1 1155
0 60 49 20 50 17 6 1156
1 61 40 36 53 28 2 1157
1 116 48 19 46 20 2 1158
1 20 58 54 58 61 1 1159
1 78 42 38 41 32 3 1160
0 44 63 21 59 36 3 1161
0 102 47 58 51 61 3 1162
1 50 52 23 48 28 1 1163
0 48 58 2 65 1 3 1164
1 112 29 47 29 52 1 1165
1 19 44 4 48 4 1 1166
1 102 6 32 5 36 1 1167
1 28 54 76 49 78 3 1168
0 16 31 40 31 46 3 1169
0 10 37 41 41 41 3 1170
1 21 43 11 37 13 1 1171
1 124 56 80 54 81 1 1172
0 7 53 51 52 58 4 1173
0 86 60 31 57 19 6 1174
1 107 31 15 32 17 2 1175
1 134 71 74 70 72 1 1176
1 68 55 31 50 30 1 1177
1 76 71 74 70 61 6 1178
0 63 53 40 52 42 3 1179
1 142 68 77 39 58 1 1180
0 137 55 31 55 27 3 1181
0 10 67 93 66 91 3 1182
0 51 80 6 70 6 3 1183
1 105 54 80 50 81 3 1184
0 122 38 22 33 27 3 1185
0 82 50 52 52 42 3 1186
1 84 33 45 25 44 1 1187
0 132 69 38 64 45 3 1188
0 36 43 66 46 62 3 1189
0 17 56 71 52 70 3 1190
1 115 50 50 52 55 2 1191
1 66 6 65 6 69 1 1192
1 70 59 33 59 16 1 1193
1 34 66 91 65 94 1 1194
0 119 42 74 45 53 3 1195
0 134 66 73 70 72 3 1196
1 53 60 18 50 17 1 1197
1 2 5 65 5 61 2 1198
0 46 53 69 55 51 3 1199
1 39 65 44 71 39 1 1200
0 7 50 39 59 38 3 1201
1 131 55 20 50 19 1 1202
1 21 70 35 67 34 1 1203
1 91 56 80 26 80 1 1204
1 66 55 21 62 18 1 1205
1 102 47 28 54 34 5 1206
0 65 27 60 30 46 3 1207
0 109 51 2 47 2 5 1208
1 122 69 69 66 63 2 1209
1 43 62 31 62 40 1 1210
0 124 91 34 92 23 3 1211
1 78 41 45 49 36 5 1212
1 64 69 73 67 76 4 1213
1 16 33 49 37 48 1 1214
0 76 54 29 50 28 3 1215
0 81 47 31 50 28 5 1216
1 64 49 55 51 58 2 1217
1 136 52 62 49 58 2 1218
1 130 78 6 80 5 1 1219
1 16 48 3 46 4 1 1220
1 65 27 59 28 57 6 1221
1 21 25 42 21 39 1 1222
1 94 68 73 67 76 1 1223
1 99 44 4 34 3 3 1224
0 102 53 44 28 36 5 1225
1 51 31 51 30 53 1 1226
0 0 65 41 62 55 3 1227
1 102 52 2 47 2 2 1228
1 115 66 76 67 74 1 1229
0 91 88 4 83 4 3 1230
0 14 63 34 54 29 3 1231
0 65 27 59 28 55 3 1232
0 4 43 33 37 50 3 1233
1 38 67 72 70 73 1 1234
1 108 33 51 25 63 1 1235
0 81 47 30 51 32 5 1236
1 95 60 35 58 39 1 1237
0 94 33 51 24 82 3 1238
1 11 60 52 55 65 1 1239
1 115 71 74 63 83 2 1240
1 8 60 41 61 49 2 1241
0 98 57 29 60 24 3 1242
0 65 6 37 6 27 3 1243
1 34 6 36 6 32 1 1244
1 86 53 48 47 47 5 1245
1 39 71 35 64 43 1 1246
1 10 39 39 41 32 3 1247
0 131 63 17 58 18 5 1248
0 32 38 14 30 18 3 1249
1 15 4 68 2 62 1 1250
0 137 54 75 56 78 3 1251
1 111 73 35 69 44 1 1252
1 55 55 49 52 46 3 1253
1 93 58 1 56 2 3 1254
1 58 64 75 65 80 1 1255
1 129 42 71 22 94 1 1256
0 88 68 26 68 31 3 1257
0 32 30 46 34 39 6 1258
0 23 53 46 47 46 3 1259
1 12 33 42 33 46 1 1260
0 136 29 39 28 42 3 1261
0 94 33 45 31 51 3 1262
1 11 47 54 42 63 6 1263
0 64 87 93 89 92 3 1264
1 41 56 75 52 76 2 1265
1 53 40 13 36 13 4 1266
1 57 52 42 51 48 1 1267
0 44 61 41 54 31 3 1268
1 16 86 3 84 4 1 1269
0 115 98 22 98 19 3 1270
0 43 59 27 56 32 3 1271
1 60 91 34 91 29 1 1272
1 72 46 3 42 4 3 1273
0 60 60 47 56 51 3 1274
0 52 65 49 68 43 5 1275
0 102 69 75 67 74 3 1276
1 130 51 63 54 65 1 1277
0 36 33 49 31 55 3 1278
0 26 62 39 60 32 3 1279
1 41 54 51 50 47 5 1280
0 143 46 20 49 20 6 1281
1 63 91 27 91 35 1 1282
0 80 44 12 41 12 3 1283
0 31 70 69 71 67 3 1284
1 91 61 36 58 39 1 1285
0 57 98 15 98 9 3 1286
1 38 40 35 42 32 1 1287
1 32 85 3 87 2 6 1288
0 90 66 26 60 62 3 1289
0 69 56 74 61 71 3 1290
0 48 92 28 90 38 5 1291
0 53 54 41 55 38 3 1292
1 10 56 37 50 36 2 1293
1 122 6 49 7 37 1 1294
0 5 46 31 52 29 3 1295
1 35 54 44 60 54 1 1296
0 84 60 2 43 1 3 1297
1 60 54 66 52 50 1 1298
1 68 56 40 58 35 1 1299
1 23 71 39 68 36 2 1300
1 77 51 42 55 48 1 1301
1 130 49 19 52 18 1 1302
0 22 68 40 59 42 3 1303
1 111 47 4 43 4 1 1304
1 102 54 58 52 61 2 1305
0 17 50 53 49 55 3 1306
0 115 53 35 49 34 3 1307
0 46 57 78 52 77 3 1308
0 28 89 93 87 94 3 1309
1 117 48 31 49 28 2 1310
0 72 52 53 50 52 3 1311
1 44 64 34 60 38 5 1312
1 16 62 47 52 45 1 1313
0 6 56 21 62 17 4 1314
0 59 60 17 58 18 3 1315
0 87 57 50 51 49 3 1316
0 96 49 59 51 58 5 1317
1 4 77 6 79 5 1 1318
0 136 52 27 53 24 3 1319
0 108 6 63 7 57 6 1320
0 35 53 80 56 80 3 1321
0 96 40 11 32 10 3 1322
0 68 60 37 53 46 3 1323
0 7 6 58 5 65 4 1324
0 99 43 4 49 4 3 1325
1 57 98 18 98 21 1 1326
1 64 57 41 58 39 3 1327
1 57 70 73 61 79 1 1328
1 92 73 33 72 35 2 1329
0 122 44 66 44 61 3 1330
1 71 69 44 66 50 1 1331
1 136 30 46 33 42 1 1332
0 22 33 44 29 51 3 1333
0 88 58 60 59 47 3 1334
1 96 57 41 15 20 2 1335
1 2 91 26 91 32 4 1336
0 72 31 42 55 36 5 1337
0 2 53 41 57 40 3 1338
1 90 44 34 54 26 1 1339
0 53 52 38 50 37 3 1340
1 101 52 54 47 65 1 1341
0 122 61 41 50 54 3 1342
1 72 58 22 61 10 1 1343
1 32 54 39 54 43 1 1344
0 13 54 26 52 29 3 1345
1 86 52 43 50 59 2 1346
0 28 46 4 42 3 3 1347
0 93 63 1 61 2 3 1348
1 102 70 42 64 44 1 1349
1 52 68 39 73 31 1 1350
1 24 37 40 41 35 1 1351
1 54 61 42 60 54 6 1352
1 28 47 62 42 70 4 1353
1 124 46 22 41 24 1 1354
1 31 55 2 58 2 3 1355
0 62 5 71 6 65 3 1356
0 67 53 50 48 51 5 1357
1 15 70 75 67 76 4 1358
0 13 16 21 53 41 3 1359
0 18 6 33 5 40 6 1360
1 4 68 74 65 76 4 1361
1 53 60 24 55 26 1 1362
0 60 55 56 49 68 5 1363
1 80 53 44 54 40 1 1364
1 20 47 52 48 46 1 1365
1 9 49 53 53 46 2 1366
1 1 66 49 64 24 1 1367
1 121 59 44 32 15 2 1368
0 48 63 1 52 1 3 1369
1 21 87 93 85 95 1 1370
0 58 5 23 5 28 3 1371
0 98 54 54 51 62 3 1372
0 3 30 3 27 3 3 1373
1 127 68 72 70 73 1 1374
0 10 67 93 65 94 3 1375
0 46 65 48 35 15 3 1376
0 22 31 57 30 59 3 1377
0 74 56 55 52 42 3 1378
0 130 48 2 28 2 3 1379
1 33 49 52 53 47 5 1380
0 79 66 42 77 15 4 1381
1 115 47 80 52 77 5 1382
0 18 30 51 27 49 3 1383
0 100 0 99 90 99 5 1384
1 0 49 58 53 52 1 1385
1 83 61 31 64 15 2 1386
0 93 5 43 6 39 3 1387
1 114 50 32 53 21 1 1388
1 92 5 67 6 69 1 1389
1 13 74 31 71 39 4 1390
0 62 61 44 45 79 3 1391
1 93 65 1 59 1 5 1392
1 17 6 48 7 44 1 1393
0 44 43 54 47 50 3 1394
0 143 98 29 98 21 3 1395
1 102 50 20 47 21 5 1396
0 119 37 32 33 33 3 1397
1 66 91 33 91 36 1 1398
0 32 73 33 71 40 3 1399
0 68 66 37 70 33 3 1400
1 9 51 56 54 43 3 1401
1 70 50 1 53 1 1 1402
1 0 71 33 68 44 2 1403
0 112 49 30 45 32 3 1404
1 113 6 38 5 43 1 1405
1 57 31 45 33 41 3 1406
1 55 29 55 30 51 1 1407
1 37 6 35 5 32 2 1408
0 57 57 74 60 76 3 1409
1 79 60 1 64 1 1 1410
1 143 69 69 72 69 1 1411
0 21 31 47 33 50 3 1412
0 115 47 44 47 50 3 1413
1 80 17 47 31 43 5 1414
0 32 46 27 42 27 3 1415
0 134 52 47 38 52 3 1416
0 48 90 35 92 25 3 1417
0 136 6 43 6 50 3 1418
1 98 67 34 67 37 1 1419
0 11 63 32 61 44 3 1420
1 91 60 42 48 60 1 1421
1 92 50 37 53 32 2 1422
0 97 54 75 57 74 3 1423
0 60 53 61 40 53 3 1424
1 108 91 31 92 33 2 1425
1 27 5 51 5 59 1 1426
1 139 5 39 6 42 1 1427
0 143 40 9 38 10 5 1428
1 9 51 43 53 41 2 1429
0 74 6 37 6 32 6 1430
1 58 53 75 56 75 2 1431
1 70 53 47 36 38 1 1432
0 15 62 1 66 1 3 1433
1 138 16 43 16 28 1 1434
1 126 47 59 47 72 4 1435
1 0 60 44 58 49 1 1436
1 57 59 19 54 19 1 1437
1 135 62 20 55 30 1 1438
0 36 46 45 45 51 3 1439
1 56 49 42 52 43 1 1440
1 117 55 40 59 43 1 1441
0 139 57 36 64 36 3 1442
0 120 51 78 52 76 3 1443
1 122 6 66 5 71 1 1444
0 63 31 51 31 48 3 1445
1 99 49 48 43 54 1 1446
0 38 56 26 56 31 6 1447
0 117 44 22 39 28 3 1448
1 81 51 29 51 25 1 1449
0 14 58 18 59 15 3 1450
1 68 30 14 39 65 1 1451
0 43 5 64 6 61 3 1452
0 19 71 69 72 73 5 1453
1 71 59 18 57 17 1 1454
0 134 66 93 65 95 3 1455
1 8 13 10 52 10 1 1456
0 58 59 36 64 28 3 1457
1 43 5 39 5 42 3 1458
1 54 54 64 62 44 3 1459
0 93 43 20 43 26 3 1460
1 87 54 52 53 50 1 1461
1 79 58 19 61 18 1 1462
0 50 55 43 52 45 3 1463
0 108 59 27 69 28 3 1464
1 118 57 18 64 16 2 1465
0 28 46 3 49 3 5 1466
1 128 33 46 31 42 1 1467
1 27 5 68 6 65 1 1468
0 3 58 72 54 74 3 1469
0 4 56 23 46 31 3 1470
1 93 56 53 52 60 1 1471
0 40 54 25 52 33 5 1472
1 79 52 19 59 17 1 1473
0 63 91 18 92 20 5 1474
0 83 4 39 4 29 3 1475
1 10 44 33 42 32 1 1476
1 0 80 5 83 4 3 1477
0 36 6 42 5 36 3 1478
0 71 61 29 69 33 3 1479
1 31 47 42 47 56 1 1480
0 30 17 2 31 4 3 1481
0 85 63 16 58 18 3 1482
0 106 72 30 50 46 3 1483
0 50 49 28 48 30 3 1484
0 78 92 27 90 35 3 1485
0 76 56 51 59 54 3 1486
1 31 57 40 52 41 1 1487
1 128 55 80 38 80 1 1488
0 4 47 30 47 34 3 1489
1 33 52 43 28 25 1 1490
0 111 68 36 58 42 3 1491
0 127 47 20 49 19 3 1492
0 66 47 2 43 3 3 1493
1 66 46 61 48 65 2 1494
0 77 67 74 63 77 3 1495
0 80 38 14 20 11 3 1496
0 80 61 39 55 42 3 1497
1 43 51 49 48 51 5 1498
1 82 50 51 49 48 2 1499
0 91 71 33 69 32 3 1500
0 75 71 36 71 29 3 1501
1 91 64 1 59 2 1 1502
1 16 43 59 47 50 2 1503
1 143 27 49 19 46 1 1504
1 16 67 40 68 42 2 1505
1 107 46 31 41 43 1 1506
0 132 51 49 49 54 3 1507
1 54 54 1 51 2 1 1508
1 143 63 44 69 40 1 1509
1 84 57 43 53 50 4 1510
0 108 91 29 91 32 3 1511
0 10 60 31 62 39 3 1512
0 25 60 23 62 27 3 1513
0 93 35 13 38 14 3 1514
0 35 64 43 70 35 3 1515
1 18 57 50 55 55 5 1516
1 65 60 52 54 60 2 1517
1 7 28 55 33 49 1 1518
0 12 86 93 87 91 3 1519
1 43 65 42 55 63 2 1520
0 17 49 51 50 48 3 1521
1 105 59 16 64 16 1 1522
1 92 67 41 60 38 1 1523
1 124 60 1 63 1 1 1524
0 104 58 43 51 47 3 1525
1 12 44 38 37 40 1 1526
1 44 57 33 57 39 1 1527
1 99 51 64 51 60 2 1528
1 69 43 12 40 12 3 1529
1 11 44 4 34 5 1 1530
1 40 47 36 48 40 3 1531
0 0 47 43 22 20 3 1532
1 42 28 2 50 2 2 1533
0 32 56 61 54 34 3 1534
0 53 62 34 60 37 3 1535
0 128 67 35 58 33 3 1536
1 12 59 32 58 34 1 1537
1 50 44 54 22 20 1 1538
0 124 90 36 92 32 3 1539
1 95 55 40 54 43 1 1540
1 77 29 53 32 49 1 1541
1 141 54 46 54 43 1 1542
1 30 37 11 38 14 1 1543
0 56 64 28 63 35 3 1544
1 100 98 24 98 17 2 1545
0 0 71 22 65 43 3 1546
0 40 4 75 5 70 3 1547
1 19 48 36 55 40 1 1548
0 19 51 31 56 23 3 1549
0 97 46 34 47 37 3 1550
1 60 57 59 54 57 1 1551
0 63 56 80 51 80 3 1552
0 18 55 65 57 60 3 1553
0 65 6 38 6 42 3 1554
0 89 46 51 42 31 3 1555
0 142 68 41 66 42 3 1556
0 65 26 42 28 43 3 1557
0 51 41 4 35 5 3 1558
1 75 25 40 26 50 2 1559
1 57 61 33 63 31 5 1560
0 92 68 40 51 69 3 1561
0 48 98 21 98 11 3 1562
0 36 59 33 63 26 3 1563
0 97 42 27 40 39 6 1564
0 80 91 29 92 26 3 1565
0 97 43 34 50 23 3 1566
1 5 41 43 43 37 2 1567
1 129 98 16 98 22 2 1568
1 97 54 36 57 44 5 1569
0 7 61 27 60 25 3 1570
1 58 65 29 67 28 2 1571
0 92 56 36 57 39 3 1572
0 89 68 39 66 42 4 1573
1 140 49 18 42 20 1 1574
1 57 71 68 70 72 1 1575
1 25 57 38 54 51 2 1576
1 22 30 59 29 63 1 1577
0 26 92 35 91 33 4 1578
0 10 55 39 56 46 3 1579
0 58 70 43 71 38 3 1580
1 0 6 53 6 50 4 1581
0 73 46 43 42 60 3 1582
1 57 80 6 77 7 1 1583
0 139 61 51 51 62 3 1584
0 126 52 45 54 42 3 1585
1 67 70 70 63 66 1 1586
0 116 59 26 51 26 3 1587
0 129 47 48 46 52 3 1588
1 83 40 30 32 28 1 1589
0 0 27 50 29 53 3 1590
0 111 69 36 63 48 5 1591
1 66 53 20 45 19 2 1592
1 1 63 16 58 17 1 1593
1 117 51 51 51 55 3 1594
0 80 31 44 33 43 5 1595
0 126 51 48 33 70 3 1596
1 22 57 39 62 32 4 1597
0 52 68 39 66 42 3 1598
0 50 63 31 55 53 3 1599
1 82 53 42 56 40 3 1600
0 31 50 37 47 44 3 1601
0 38 52 41 49 50 6 1602
0 130 44 35 41 35 3 1603
0 14 60 32 39 62 3 1604
1 52 55 49 49 48 6 1605
0 1 55 18 47 11 3 1606
1 111 49 40 51 36 1 1607
0 117 48 63 49 61 3 1608
0 139 59 2 53 2 3 1609
1 74 54 43 57 48 1 1610
1 79 68 41 65 45 1 1611
0 66 84 4 86 3 3 1612
0 76 44 35 43 31 3 1613
1 42 53 44 60 35 1 1614
0 65 79 7 82 5 3 1615
0 32 52 50 53 48 3 1616
0 103 50 49 53 44 3 1617
0 29 61 32 64 36 3 1618
0 43 65 38 58 33 4 1619
1 76 69 41 68 39 5 1620
0 115 98 19 98 23 4 1621
1 1 56 18 47 18 1 1622
0 96 91 25 92 32 3 1623
1 77 63 48 60 47 1 1624
1 116 7 47 6 52 3 1625
1 130 54 49 54 28 5 1626
1 67 47 44 34 75 1 1627
0 64 60 37 54 41 3 1628
1 62 53 42 55 41 2 1629
0 113 6 68 5 70 3 1630
1 106 58 41 55 39 2 1631
0 0 98 15 98 18 3 1632
1 105 59 42 51 34 1 1633
1 88 64 37 58 48 1 1634
0 0 64 32 63 28 3 1635
0 143 67 93 65 92 3 1636
0 120 29 53 22 45 3 1637
0 117 59 56 62 42 3 1638
0 108 55 80 49 81 3 1639
0 117 33 54 44 57 6 1640
1 94 27 59 31 49 2 1641
1 0 65 74 72 71 2 1642
0 132 70 35 69 38 5 1643
0 27 41 12 38 12 3 1644
1 107 44 33 40 37 1 1645
1 140 49 69 57 48 4 1646
0 24 51 59 45 59 3 1647
0 13 6 65 5 67 6 1648
0 79 32 48 27 57 3 1649
1 98 98 19 98 16 1 1650
1 23 56 34 54 27 4 1651
0 130 6 29 6 32 3 1652
1 21 54 19 57 18 2 1653
1 22 47 49 47 55 1 1654
1 60 80 6 69 6 1 1655
0 11 98 19 98 22 3 1656
0 77 53 48 52 55 3 1657
0 48 91 22 92 26 5 1658
1 89 50 51 53 47 1 1659
1 63 72 33 72 38 1 1660
1 116 58 32 59 27 6 1661
1 46 58 59 56 55 1 1662
1 104 51 40 54 40 1 1663
0 79 31 57 33 45 3 1664
0 31 73 67 52 75 3 1665
1 95 37 41 41 33 3 1666
1 1 59 46 43 45 2 1667
0 37 6 51 6 42 3 1668
0 58 56 50 55 40 3 1669
1 68 60 26 56 37 2 1670
1 39 60 35 30 14 2 1671
0 128 60 30 60 21 3 1672
0 58 59 57 55 50 3 1673
0 26 60 39 56 41 3 1674
1 95 52 43 59 31 2 1675
0 83 77 6 61 2 3 1676
0 135 68 71 70 72 3 1677
1 124 70 36 68 39 2 1678
0 20 70 32 62 23 5 1679
1 110 57 45 49 45 1 1680
0 115 88 93 86 94 3 1681
1 48 44 52 47 56 1 1682
1 138 43 41 47 42 1 1683
0 113 3 96 1 95 3 1684
0 96 29 54 31 50 3 1685
0 14 57 38 59 36 3 1686
0 17 46 2 51 2 3 1687
0 39 50 78 52 77 3 1688
1 136 6 42 5 59 2 1689
1 117 39 3 46 3 4 1690
0 58 54 44 47 40 3 1691
0 31 54 41 54 46 3 1692
1 39 55 38 17 41 1 1693
1 108 55 79 51 83 1 1694
1 49 68 34 63 54 1 1695
1 62 54 42 45 45 6 1696
0 78 6 29 3 37 3 1697
1 3 48 2 53 1 3 1698
1 97 59 76 54 75 1 1699
0 128 58 27 51 30 3 1700
1 65 34 45 32 46 2 1701
1 54 52 40 57 36 1 1702
0 66 67 41 68 44 6 1703
0 77 58 18 60 16 3 1704
0 101 51 2 82 1 3 1705
0 72 69 93 68 96 3 1706
0 123 6 31 6 28 3 1707
0 102 55 59 55 55 3 1708
1 115 42 61 33 57 1 1709
1 52 69 40 67 43 1 1710
1 120 70 37 60 41 1 1711
1 10 39 41 37 40 6 1712
1 101 6 62 6 50 1 1713
0 37 7 45 6 51 3 1714
1 92 61 39 68 39 1 1715
0 92 68 40 70 38 3 1716
1 100 6 49 6 34 1 1717
1 121 43 19 37 33 1 1718
1 128 55 32 58 28 1 1719
1 77 53 46 54 44 1 1720
1 50 55 26 54 24 1 1721
0 26 46 62 56 38 3 1722
0 125 50 49 50 56 5 1723
1 117 43 39 38 40 1 1724
0 132 68 42 68 39 3 1725
0 26 68 36 36 20 6 1726
0 132 44 54 43 57 3 1727
0 117 59 36 63 33 3 1728
0 27 30 46 24 49 3 1729
0 137 6 30 6 27 3 1730
0 88 51 62 45 61 3 1731
1 98 43 45 38 48 1 1732
1 122 50 50 49 52 1 1733
1 3 69 44 48 44 5 1734
1 42 56 44 53 41 3 1735
0 128 32 17 42 12 3 1736
1 140 65 75 68 72 1 1737
1 78 59 73 54 76 3 1738
0 31 57 2 65 1 3 1739
1 38 39 45 50 48 1 1740
1 72 49 39 32 57 1 1741
0 33 44 45 52 50 5 1742
0 12 38 42 40 37 3 1743
1 112 43 12 40 13 6 1744
0 3 60 22 53 34 3 1745
1 108 52 1 55 1 1 1746
1 62 87 3 85 4 2 1747
1 78 45 64 42 68 3 1748
1 27 55 65 61 51 1 1749
1 14 40 38 40 35 1 1750
1 53 52 19 47 21 4 1751
1 116 61 26 59 25 2 1752
0 23 27 51 26 57 4 1753
1 89 55 38 49 36 2 1754
0 52 68 39 64 32 3 1755
1 16 56 39 58 36 1 1756
0 139 46 52 32 57 3 1757
0 134 63 31 60 33 3 1758
0 117 56 40 17 37 3 1759
0 45 45 59 33 57 3 1760
0 5 51 26 60 24 3 1761
0 16 67 41 66 47 3 1762
0 101 6 31 4 23 3 1763
1 117 53 42 57 25 1 1764
0 12 51 13 54 14 3 1765
1 46 61 43 27 21 1 1766
1 32 65 41 64 32 2 1767
0 139 6 37 6 41 3 1768
1 19 49 17 46 17 1 1769
1 126 32 37 27 37 1 1770
0 59 44 11 41 11 3 1771
0 53 53 46 54 48 3 1772
0 120 52 47 49 38 3 1773
1 39 37 31 38 17 2 1774
0 96 29 47 29 51 4 1775
0 99 6 69 6 60 3 1776
1 32 57 52 56 57 1 1777
0 97 78 7 70 6 3 1778
1 8 59 29 57 32 1 1779
0 139 3 13 6 39 3 1780
1 128 55 37 50 36 5 1781
0 81 65 96 64 92 3 1782
1 135 57 37 64 40 1 1783
1 10 57 29 60 31 1 1784
0 98 49 40 53 43 3 1785
1 116 81 5 78 6 1 1786
1 140 30 77 49 71 2 1787
0 85 83 4 62 2 3 1788
0 112 56 24 55 15 3 1789
0 26 45 57 45 60 3 1790
0 120 91 38 90 36 3 1791
1 143 63 55 62 52 1 1792
0 87 59 55 51 71 3 1793
0 136 69 32 72 32 3 1794
0 47 55 65 50 76 3 1795
1 132 49 78 52 75 1 1796
0 52 54 44 56 35 3 1797
0 45 47 3 12 1 3 1798
1 109 55 77 32 78 3 1799
0 47 49 33 46 34 3 1800
0 48 60 18 62 25 3 1801
0 27 50 22 53 20 5 1802
1 82 67 43 70 36 1 1803
0 104 51 41 50 43 6 1804
1 119 52 48 50 60 4 1805
1 18 54 55 48 69 3 1806
0 22 47 2 51 2 3 1807
0 12 41 70 42 68 3 1808
0 1 71 39 74 31 3 1809
0 109 54 81 48 81 3 1810
1 131 38 13 40 12 3 1811
0 38 33 3 36 4 3 1812
0 139 55 42 57 41 3 1813
1 26 70 41 69 44 1 1814
0 48 44 11 40 11 3 1815
0 52 31 15 57 29 3 1816
1 13 49 48 54 51 1 1817
1 20 53 50 54 47 2 1818
1 139 6 33 6 26 1 1819
1 131 70 64 67 70 1 1820
1 102 42 46 56 38 1 1821
1 69 61 30 64 35 1 1822
0 96 55 40 58 41 3 1823
0 12 91 37 90 39 3 1824
0 143 58 17 52 19 3 1825
1 56 62 2 58 1 1 1826
0 141 57 42 53 43 3 1827
1 95 66 50 63 44 5 1828
0 111 55 36 52 40 3 1829
0 10 61 50 61 46 3 1830
1 95 43 63 48 60 3 1831
1 103 57 29 41 42 5 1832
1 91 68 37 59 17 1 1833
0 24 50 49 52 48 3 1834
1 130 29 20 34 19 3 1835
1 126 53 54 44 78 2 1836
0 108 6 50 6 53 3 1837
1 139 47 31 49 28 2 1838
0 105 98 19 98 22 3 1839
1 118 57 20 51 20 2 1840
1 66 3 96 1 95 2 1841
0 132 56 40 51 46 3 1842
0 129 57 29 56 27 3 1843
1 14 55 41 62 29 2 1844
0 32 32 38 28 33 3 1845
1 81 44 2 50 2 1 1846
0 76 60 46 61 40 3 1847
0 83 49 45 67 37 3 1848
1 28 56 74 57 76 5 1849
1 111 38 41 42 39 1 1850
1 79 87 4 83 4 1 1851
1 13 5 69 5 72 1 1852
0 90 86 1 87 3 3 1853
0 119 39 53 40 37 3 1854
1 2 55 80 52 80 5 1855
1 46 52 50 49 56 3 1856
0 53 47 42 33 57 3 1857
0 97 48 3 42 5 3 1858
1 51 58 50 58 57 2 1859
0 91 59 54 61 27 3 1860
1 126 91 18 91 13 2 1861
0 108 29 55 31 50 3 1862
1 57 55 39 54 36 1 1863
0 120 62 48 66 48 3 1864
1 122 57 39 54 40 4 1865
1 80 62 45 68 39 1 1866
0 55 6 31 6 27 3 1867
0 11 50 52 52 55 4 1868
0 24 46 2 49 2 3 1869
1 119 65 31 65 49 1 1870
0 9 90 42 91 37 4 1871
1 76 6 49 7 42 1 1872
0 120 48 21 45 22 3 1873
0 111 46 41 34 22 3 1874
1 37 6 36 7 31 1 1875
1 53 50 35 45 51 1 1876
1 136 6 43 6 46 1 1877
1 116 54 56 61 42 2 1878
1 102 6 36 6 33 5 1879
1 13 68 47 65 49 1 1880
0 130 54 47 50 52 3 1881
0 11 47 4 50 3 6 1882
0 113 49 37 50 35 3 1883
1 7 56 40 33 43 2 1884
1 123 32 53 29 65 2 1885
0 16 66 48 68 36 6 1886
0 29 49 53 50 47 3 1887
0 50 50 33 45 36 3 1888
1 79 39 46 35 46 1 1889
0 47 43 48 58 45 3 1890
0 73 57 76 98 67 3 1891
0 35 32 41 28 41 3 1892
0 96 31 43 33 44 3 1893
0 23 67 36 69 39 3 1894
1 128 45 39 53 30 5 1895
0 52 59 24 56 31 3 1896
0 128 28 50 30 35 3 1897
1 65 60 44 62 46 1 1898
1 2 53 2 50 2 4 1899
1 29 55 31 57 28 2 1900
1 130 55 48 54 56 2 1901
0 130 60 27 49 28 3 1902
0 64 34 12 36 11 6 1903
1 132 39 4 36 5 4 1904
1 121 41 35 42 38 2 1905
1 83 53 39 57 34 5 1906
0 117 17 15 59 21 3 1907
1 134 66 48 63 54 1 1908
1 127 50 25 49 30 2 1909
1 142 60 18 63 18 1 1910
0 69 38 3 48 4 3 1911
1 38 32 24 37 21 2 1912
1 64 61 29 57 37 1 1913
1 137 59 16 57 17 3 1914
0 99 56 2 59 2 3 1915
1 103 49 33 51 32 1 1916
0 67 2 97 3 95 3 1917
1 50 48 34 45 38 3 1918
1 83 53 19 35 24 2 1919
1 129 21 19 47 54 3 1920
1 47 6 57 6 44 1 1921
0 38 80 5 77 6 3 1922
1 114 51 2 53 1 3 1923
1 84 36 13 39 14 1 1924
0 143 39 14 37 13 5 1925
0 0 71 35 70 41 5 1926
0 63 57 39 54 39 3 1927
1 2 98 16 98 19 1 1928
0 119 66 41 56 30 3 1929
1 88 64 28 65 35 1 1930
1 88 49 20 46 20 1 1931
0 119 85 94 88 93 3 1932
0 14 98 18 98 21 3 1933
1 80 45 3 48 3 1 1934
0 52 46 34 41 43 3 1935
0 141 58 40 59 34 3 1936
0 133 98 20 98 15 3 1937
0 104 55 41 59 41 5 1938
0 38 59 26 56 30 3 1939
0 92 58 76 60 72 3 1940
1 59 50 46 57 43 1 1941
0 124 50 78 57 76 3 1942
1 84 86 94 83 91 1 1943
0 98 61 45 64 43 3 1944
0 86 56 48 54 52 4 1945
0 63 91 31 91 36 3 1946
1 90 58 29 56 32 1 1947
0 26 60 18 58 20 3 1948
1 50 45 23 48 28 1 1949
1 44 88 93 86 94 3 1950
1 137 53 2 46 2 1 1951
1 24 39 37 44 30 3 1952
0 116 72 69 68 73 3 1953
0 91 56 18 60 17 3 1954
0 3 55 62 49 80 3 1955
1 15 60 39 60 44 1 1956
0 17 47 3 40 5 3 1957
0 106 57 76 53 77 3 1958
1 37 6 51 4 57 2 1959
1 107 60 36 62 35 1 1960
0 99 55 37 57 36 3 1961
0 130 49 18 45 20 3 1962
1 137 33 53 33 49 1 1963
0 74 6 32 5 13 3 1964
1 108 61 1 56 1 1 1965
0 13 64 34 63 31 3 1966
0 92 70 33 74 33 3 1967
0 85 57 39 58 36 3 1968
1 37 6 27 3 31 5 1969
1 130 6 32 5 46 2 1970
0 17 64 44 61 49 3 1971
0 129 55 35 50 36 3 1972
0 65 56 31 54 39 3 1973
0 47 48 38 48 45 3 1974
0 9 55 52 54 55 3 1975
1 48 49 42 56 36 1 1976
0 15 63 36 62 31 3 1977
1 113 29 48 27 46 1 1978
1 141 59 27 58 25 1 1979
1 53 49 35 53 38 1 1980
0 128 58 44 71 41 3 1981
1 46 62 35 63 37 1 1982
0 98 53 42 51 45 3 1983
1 89 86 4 83 4 2 1984
0 1 54 14 64 16 3 1985
0 132 71 34 69 26 3 1986
0 29 66 46 68 41 3 1987
1 81 63 49 48 44 1 1988
1 4 51 37 48 38 2 1989
0 108 72 67 70 70 3 1990
1 124 69 32 61 32 1 1991
1 102 52 61 58 44 6 1992
0 35 60 23 58 27 3 1993
1 79 41 42 40 45 1 1994
1 64 56 51 54 55 1 1995
0 101 53 40 38 52 3 1996
0 140 87 92 85 96 3 1997
1 0 70 38 66 38 1 1998
1 38 52 36 49 36 1 1999
