1 13 3 28 3 40 1 0
0 116 3 29 3 27 3 1
0 125 3 40 3 41 3 2
0 29 3 41 3 45 3 3
1 125 3 57 3 63 1 4
1 61 3 46 3 45 5 5
0 108 3 53 3 40 3 6
0 138 3 33 3 46 3 7
1 43 3 43 3 48 1 8
0 61 3 43 3 42 3 9
1 29 3 38 3 40 1 10
1 130 3 47 3 43 1 11
1 61 3 38 3 47 1 12
0 61 3 47 3 54 6 13
1 74 3 41 3 46 1 14
0 14 3 42 3 36 4 15
0 125 3 40 3 41 3 16
0 61 3 45 3 48 3 17
1 99 3 43 3 44 1 18
1 29 3 50 3 49 2 19
0 139 3 52 3 49 3 20
1 9 3 37 3 44 3 21
1 112 3 50 3 52 2 22
0 133 3 44 3 38 3 23
1 61 3 43 3 45 1 24
0 97 3 42 3 49 3 25
1 64 3 41 3 40 1 26
0 90 3 49 3 47 3 27
1 67 3 42 3 36 4 28
0 48 3 48 3 48 3 29
0 61 3 59 3 68 3 30
1 63 3 36 3 42 1 31
1 117 3 56 3 52 2 32
0 29 3 28 3 51 5 33
1 55 3 36 3 37 1 34
0 9 3 37 3 37 3 35
0 44 3 41 3 45 3 36
1 61 3 42 0 39 1 37
1 36 3 37 3 30 1 38
0 61 3 41 3 45 3 39
1 55 3 40 3 45 1 40
0 11 3 44 3 45 3 41
0 29 3 45 3 41 5 42
0 92 3 51 3 47 3 43
0 59 3 48 3 43 3 44
1 61 3 46 3 50 3 45
0 61 3 25 3 45 4 46
1 100 3 38 3 29 1 47
0 61 3 39 3 14 3 48
1 93 3 46 3 31 2 49
0 93 3 38 3 45 3 50
1 18 3 33 3 45 1 51
0 113 3 41 3 41 3 52
1 125 3 48 3 48 1 53
0 37 3 42 3 70 3 54
1 142 3 50 3 32 3 55
0 104 3 47 3 47 3 56
1 93 3 43 3 39 2 57
1 29 3 53 3 50 2 58
0 29 3 51 3 49 4 59
1 138 3 38 3 42 2 60
1 85 3 43 3 41 1 61
1 12 1 37 2 48 1 62
1 1 3 49 2 44 1 63
1 76 3 58 3 47 1 64
1 83 3 30 2 27 1 65
1 42 3 51 3 53 1 66
1 28 3 49 2 73 1 67
1 125 3 36 3 54 3 68
1 68 3 43 3 48 2 69
0 125 3 51 3 54 3 70
0 93 3 38 3 43 3 71
1 125 3 37 3 42 1 72
1 35 3 43 3 44 2 73
0 61 3 37 3 48 3 74
0 112 2 51 3 35 3 75
0 93 3 47 3 46 3 76
0 48 2 49 2 50 3 77
0 125 3 39 3 41 5 78
1 25 3 47 3 47 1 79
1 93 3 35 3 35 1 80
1 125 3 35 3 47 6 81
1 93 3 48 3 32 5 82
1 101 3 52 3 46 1 83
0 38 3 45 3 55 3 84
1 125 3 43 3 39 1 85
1 62 3 39 3 44 1 86
0 29 3 45 4 10 3 87
0 29 3 44 3 25 3 88
1 42 3 50 3 52 1 89
1 61 3 43 3 48 1 90
0 93 3 46 3 41 5 91
0 115 3 37 3 38 3 92
0 3 3 42 3 39 3 93
0 85 3 54 3 44 3 94
1 9 3 50 3 51 1 95
0 132 3 42 3 34 3 96
1 28 3 47 3 34 1 97
0 43 3 45 3 46 3 98
1 76 3 59 3 60 1 99
1 61 3 51 3 52 1 100
0 12 3 45 3 35 3 101
0 106 3 45 3 38 3 102
1 3 3 41 3 51 1 103
1 80 3 55 3 53 1 104
0 29 3 48 3 45 3 105
0 99 3 42 2 50 3 106
1 61 3 49 3 37 3 107
0 125 3 33 3 47 3 108
0 29 3 24 3 37 4 109
1 93 3 52 3 59 1 110
1 29 3 51 3 52 1 111
0 14 3 54 3 60 3 112
0 29 3 37 3 44 3 113
0 131 3 40 3 39 4 114
1 93 3 47 3 48 2 115
0 93 3 39 3 39 3 116
0 101 3 33 4 34 3 117
0 29 3 45 3 52 3 118
0 67 3 45 3 42 3 119
0 93 3 42 3 44 3 120
0 94 3 39 3 39 3 121
1 61 3 41 3 40 1 122
1 93 3 56 3 37 1 123
1 61 3 43 3 34 1 124
1 19 3 46 3 61 1 125
1 29 3 37 3 33 1 126
0 44 3 39 3 43 3 127
0 61 3 51 3 44 5 128
1 93 3 48 3 50 1 129
1 125 3 45 3 45 2 130
0 29 3 40 3 48 3 131
1 29 3 49 3 44 1 132
0 61 3 49 3 45 3 133
0 114 3 47 3 43 3 134
1 61 2 42 3 41 1 135
0 133 3 45 3 43 3 136
0 52 3 42 3 44 3 137
1 125 3 52 3 39 1 138
1 11 3 42 3 42 2 139
0 60 3 42 3 44 3 140
0 125 3 51 3 51 5 141
1 99 3 48 3 47 1 142
0 53 3 51 3 52 3 143
1 94 3 47 2 50 2 144
1 93 3 42 3 41 1 145
1 34 3 48 3 51 1 146
0 130 3 55 3 56 3 147
1 4 3 40 3 41 4 148
1 142 3 44 3 41 2 149
1 102 3 53 3 55 2 150
1 64 3 40 3 54 1 151
0 40 3 49 3 44 3 152
1 52 3 42 3 50 1 153
1 125 3 47 3 57 5 154
1 68 3 42 3 43 2 155
1 125 3 47 3 48 2 156
0 139 3 43 3 55 3 157
1 61 0 17 1 29 5 158
1 61 3 43 3 47 1 159
0 125 3 41 3 47 3 160
0 64 3 38 3 46 3 161
0 61 3 48 3 47 3 162
1 93 3 36 3 48 3 163
1 80 3 62 3 60 1 164
0 139 3 51 3 42 3 165
1 93 3 46 3 53 5 166
0 40 3 38 3 52 3 167
1 29 3 52 1 39 4 168
1 125 3 39 3 37 1 169
0 85 3 38 3 42 3 170
0 93 3 44 3 39 3 171
0 42 3 37 3 49 3 172
1 61 3 36 3 35 1 173
1 91 3 39 2 37 1 174
0 114 3 42 3 39 4 175
1 23 3 49 3 50 1 176
1 66 3 43 3 27 1 177
0 61 3 36 3 34 3 178
0 114 3 41 3 56 3 179
1 29 3 39 99 66 5 180
1 61 3 38 3 39 1 181
1 93 3 53 3 49 4 182
0 70 3 35 3 34 3 183
0 124 3 44 3 45 3 184
0 132 3 46 3 41 3 185
0 107 3 49 3 48 3 186
0 125 3 28 3 26 3 187
0 59 3 49 3 53 3 188
1 50 3 37 3 47 1 189
1 93 3 41 3 43 5 190
1 29 3 42 3 51 2 191
0 49 3 49 3 50 3 192
0 88 3 52 3 51 4 193
1 125 3 41 3 40 1 194
0 61 3 33 3 45 3 195
1 125 3 43 3 37 1 196
0 125 3 54 3 44 4 197
0 68 3 28 3 25 3 198
0 29 3 43 3 42 3 199
1 125 3 47 3 43 1 200
1 19 3 39 3 45 1 201
1 61 3 42 3 45 1 202
1 125 3 44 3 64 1 203
1 125 3 48 3 53 1 204
1 61 3 48 3 52 5 205
0 29 3 43 3 45 6 206
1 81 3 36 3 54 2 207
0 61 3 42 3 48 3 208
0 127 3 47 3 46 3 209
0 125 3 45 3 51 5 210
0 73 3 36 3 34 3 211
1 125 3 42 3 39 2 212
1 121 3 51 3 53 2 213
1 114 3 59 3 53 3 214
1 125 3 39 3 43 6 215
0 62 3 43 3 36 3 216
0 91 3 56 2 57 3 217
0 38 3 48 3 32 3 218
1 61 2 51 2 51 4 219
1 102 3 56 3 50 1 220
1 29 2 45 2 48 2 221
0 93 3 35 2 32 3 222
1 35 3 45 2 52 1 223
0 61 3 48 3 53 3 224
0 93 3 53 3 43 3 225
1 34 3 50 3 56 2 226
1 125 0 17 3 44 2 227
1 125 3 32 3 43 6 228
1 142 3 40 3 36 3 229
1 125 3 49 3 46 1 230
0 125 3 33 3 50 6 231
1 41 3 43 3 45 1 232
0 37 3 52 3 57 3 233
1 29 3 43 3 44 1 234
1 38 3 50 3 48 1 235
0 47 3 47 3 35 3 236
0 29 3 49 3 50 3 237
1 76 3 52 3 40 2 238
1 90 3 40 2 33 3 239
0 93 3 50 3 40 3 240
1 29 3 41 3 26 1 241
0 54 3 45 3 44 3 242
0 125 3 48 3 28 3 243
0 93 3 51 3 46 3 244
0 12 3 39 3 41 3 245
1 125 3 44 3 49 4 246
1 20 3 37 3 29 1 247
0 61 1 26 1 25 4 248
1 130 3 48 3 54 1 249
1 29 3 48 3 45 1 250
0 102 3 54 3 44 3 251
1 29 3 50 3 56 5 252
0 73 3 51 3 44 3 253
1 125 3 54 3 44 1 254
1 1 3 50 3 41 1 255
1 125 3 50 3 53 1 256
0 93 3 50 3 59 3 257
1 72 3 44 3 45 2 258
1 85 3 47 3 51 3 259
0 24 3 52 3 56 3 260
1 29 3 41 3 38 6 261
0 31 2 30 3 35 3 262
0 113 3 44 3 52 3 263
0 14 3 51 3 36 3 264
1 103 3 49 3 51 2 265
0 59 3 58 3 43 3 266
0 29 3 46 2 43 3 267
0 140 3 41 3 37 3 268
0 103 3 51 3 44 3 269
1 34 3 38 3 37 1 270
1 133 3 45 3 41 1 271
0 116 1 19 3 43 3 272
1 93 3 56 3 51 1 273
1 104 3 38 3 51 1 274
1 93 3 50 3 50 1 275
1 6 3 51 3 40 1 276
0 52 3 54 3 53 3 277
1 118 3 48 3 44 1 278
1 93 3 51 3 50 1 279
0 89 3 59 3 54 3 280
0 93 3 50 3 49 3 281
1 31 2 49 2 51 1 282
1 61 3 46 3 43 1 283
0 61 3 55 3 53 3 284
1 93 3 47 3 47 1 285
0 9 3 51 3 49 3 286
1 136 3 45 3 44 1 287
1 93 3 42 3 45 1 288
0 93 3 63 3 61 3 289
1 64 3 47 3 43 2 290
0 29 3 40 3 53 3 291
0 93 3 42 3 39 6 292
0 19 3 35 3 50 3 293
0 63 3 49 3 45 3 294
0 59 3 38 3 37 3 295
1 43 3 37 3 38 2 296
1 29 3 50 5 99 1 297
0 61 3 49 3 46 3 298
0 124 3 39 3 42 3 299
1 97 3 50 3 54 1 300
1 73 3 33 3 44 2 301
0 51 3 49 3 49 3 302
1 61 3 55 3 50 1 303
0 125 3 46 3 47 3 304
1 101 2 30 3 39 1 305
0 93 3 46 3 50 3 306
0 11 3 46 3 65 3 307
1 124 3 48 3 46 1 308
0 61 3 50 2 51 3 309
0 104 3 46 3 2 3 310
0 125 3 39 3 34 3 311
1 91 3 46 3 45 2 312
1 110 3 43 3 51 1 313
1 143 3 42 3 39 1 314
0 0 3 35 3 38 3 315
1 61 3 51 2 81 1 316
0 130 3 45 3 37 3 317
1 125 3 38 3 28 1 318
1 93 3 50 3 54 1 319
1 29 3 44 3 52 1 320
0 132 3 41 3 40 4 321
1 61 3 42 3 44 2 322
0 61 3 54 3 57 3 323
0 94 3 37 3 33 4 324
1 49 3 38 3 40 1 325
1 125 3 48 3 45 3 326
1 61 3 48 3 45 1 327
0 22 3 48 3 46 3 328
1 125 3 56 2 43 5 329
1 43 3 43 3 52 1 330
0 29 3 54 3 54 3 331
1 61 3 56 3 51 2 332
0 85 3 27 4 15 3 333
0 69 3 54 3 44 3 334
1 132 3 42 3 36 1 335
1 47 3 44 3 37 4 336
1 43 3 45 3 52 3 337
0 93 3 34 3 43 6 338
1 29 3 49 3 54 1 339
0 61 3 46 3 49 5 340
0 29 3 52 3 43 3 341
0 69 3 36 3 50 3 342
0 29 3 45 3 47 3 343
1 25 3 46 3 46 1 344
1 29 3 36 3 42 1 345
0 93 3 50 3 44 3 346
0 58 3 44 3 52 3 347
0 29 3 47 3 49 3 348
1 61 3 48 3 52 2 349
0 29 3 43 3 45 3 350
1 40 3 47 3 49 1 351
1 3 3 42 3 44 4 352
1 29 3 48 3 51 5 353
0 140 2 51 3 38 3 354
1 80 3 45 3 44 1 355
0 125 3 43 3 47 5 356
0 29 2 35 3 37 3 357
1 64 3 36 2 31 2 358
1 88 3 45 3 38 2 359
1 141 3 42 3 50 2 360
1 125 3 45 3 44 1 361
1 29 3 47 3 46 1 362
0 32 3 38 3 35 3 363
0 29 3 44 3 42 3 364
1 125 3 27 3 38 2 365
1 41 3 42 3 43 2 366
0 102 3 32 3 44 3 367
1 14 3 42 3 30 2 368
1 100 3 54 3 43 3 369
1 106 3 36 3 41 2 370
0 61 3 46 3 23 5 371
1 139 3 56 3 53 1 372
1 125 3 25 3 29 2 373
1 61 3 38 3 35 1 374
1 105 3 54 3 55 1 375
1 29 3 42 3 41 1 376
1 125 3 50 3 39 1 377
1 125 3 45 3 39 1 378
1 130 3 28 3 28 1 379
1 94 3 46 3 53 4 380
0 125 3 42 3 42 3 381
0 125 3 51 3 54 3 382
0 80 3 41 3 36 3 383
0 31 3 9 3 9 3 384
1 0 3 45 3 33 1 385
0 39 3 51 3 39 3 386
1 27 3 51 3 36 2 387
0 29 2 51 1 40 3 388
0 93 3 53 2 59 6 389
0 61 3 43 3 33 3 390
1 93 3 46 3 51 2 391
1 29 3 24 0 33 2 392
1 61 2 51 2 44 2 393
1 61 3 38 3 37 1 394
1 16 3 47 3 45 2 395
1 99 3 44 3 48 1 396
1 68 3 34 3 53 1 397
1 125 3 50 2 46 1 398
1 121 3 40 3 40 1 399
1 79 3 45 3 44 2 400
0 11 3 43 3 40 3 401
0 67 0 17 3 27 3 402
1 125 3 44 3 44 1 403
1 131 3 40 3 36 1 404
0 92 3 39 3 39 3 405
1 61 3 36 3 38 1 406
0 16 3 46 2 41 3 407
0 54 3 42 3 49 3 408
0 77 3 35 3 42 3 409
0 74 3 52 3 53 3 410
0 132 3 49 3 45 3 411
0 120 3 40 3 46 3 412
0 93 3 63 3 59 3 413
0 125 3 46 3 47 3 414
1 101 3 44 3 40 1 415
1 61 3 48 3 55 1 416
0 141 3 38 3 36 3 417
1 93 3 65 2 47 3 418
1 69 3 43 3 38 4 419
1 93 3 36 3 42 3 420
1 93 3 45 3 41 1 421
1 125 3 52 3 56 1 422
1 128 3 38 3 28 1 423
0 24 3 47 3 42 3 424
1 141 2 51 11 18 4 425
1 122 3 41 3 53 2 426
1 60 3 39 3 44 1 427
1 61 3 43 3 43 1 428
0 8 3 47 3 46 3 429
1 29 2 47 2 47 3 430
0 29 3 52 3 55 3 431
0 93 3 53 3 51 3 432
0 104 3 49 3 42 3 433
1 29 3 37 3 38 1 434
1 125 3 57 3 53 1 435
1 56 3 45 3 53 1 436
0 49 3 43 3 53 3 437
1 92 3 42 3 33 3 438
1 61 3 58 3 64 1 439
0 109 3 38 3 39 3 440
1 125 3 40 3 42 5 441
1 125 3 47 3 54 1 442
1 60 3 45 3 34 1 443
1 11 3 41 3 43 2 444
1 61 3 40 3 47 1 445
0 139 3 59 3 36 3 446
1 61 3 48 3 51 1 447
0 61 3 47 3 42 3 448
0 143 3 23 2 46 3 449
1 93 3 36 3 42 1 450
0 22 3 48 3 42 3 451
1 82 3 43 3 49 3 452
0 93 3 36 3 43 3 453
0 93 3 36 3 34 4 454
0 72 3 56 3 64 3 455
0 11 3 40 3 54 3 456
1 113 3 36 4 35 1 457
1 93 3 46 3 43 1 458
1 102 3 45 3 48 3 459
0 29 3 46 0 15 3 460
0 131 3 47 3 40 3 461
0 125 3 42 3 36 3 462
0 69 3 46 3 46 3 463
0 93 3 34 3 40 3 464
1 29 3 40 3 57 1 465
0 57 3 51 3 49 3 466
1 61 3 41 3 48 1 467
1 104 3 38 3 44 1 468
0 35 3 46 3 43 3 469
1 29 3 47 2 75 4 470
1 16 3 48 3 42 1 471
1 66 3 43 3 45 2 472
0 45 0 17 0 54 3 473
0 6 3 45 3 52 3 474
1 125 3 37 3 40 2 475
1 29 3 43 3 57 1 476
1 93 3 39 2 47 4 477
0 93 3 44 3 45 3 478
1 61 3 49 3 53 1 479
0 125 3 37 3 35 3 480
1 132 3 42 3 48 4 481
0 93 3 56 3 58 3 482
0 101 3 37 2 47 3 483
1 52 3 51 3 49 1 484
1 29 3 47 2 51 1 485
1 5 3 48 2 69 1 486
1 54 3 38 3 44 1 487
1 29 3 42 3 56 1 488
1 125 3 41 3 43 1 489
1 61 3 41 3 42 1 490
0 29 3 48 3 45 3 491
0 66 3 45 3 37 3 492
1 61 3 45 3 51 1 493
0 93 3 48 3 50 3 494
0 75 3 37 3 40 3 495
1 51 3 39 3 44 2 496
0 3 3 51 3 48 3 497
0 33 3 59 3 62 3 498
0 125 3 45 3 50 3 499
0 29 3 40 3 37 3 500
0 125 3 35 3 36 3 501
1 126 3 56 3 39 2 502
1 125 3 50 3 43 2 503
0 61 3 27 3 25 6 504
0 92 3 46 3 42 3 505
0 58 3 39 3 44 3 506
1 125 3 44 3 49 3 507
0 29 3 49 3 46 3 508
0 30 3 51 3 43 3 509
1 125 3 49 3 48 2 510
1 125 3 43 3 45 2 511
1 17 3 47 3 35 1 512
1 93 3 40 3 43 2 513
0 93 3 41 3 49 3 514
0 139 3 48 3 57 3 515
0 4 3 48 3 35 3 516
0 19 3 56 3 49 3 517
0 51 3 53 3 56 3 518
0 125 3 40 3 41 3 519
0 61 3 43 3 39 3 520
1 89 3 42 3 50 2 521
1 72 3 46 3 51 1 522
0 79 3 51 3 41 3 523
0 125 3 59 3 44 3 524
1 93 3 51 3 53 1 525
0 6 3 38 3 44 3 526
1 29 3 56 3 51 1 527
1 29 3 27 3 35 5 528
0 29 3 49 3 44 3 529
0 25 3 50 3 51 3 530
1 29 3 37 3 59 1 531
0 89 3 38 3 49 3 532
1 29 3 59 3 52 1 533
0 2 3 52 3 46 3 534
1 94 3 42 3 34 2 535
0 14 3 43 3 35 3 536
0 29 3 38 3 47 3 537
1 93 3 41 3 41 5 538
1 125 3 23 3 19 6 539
1 62 3 42 3 44 1 540
1 128 3 36 3 40 1 541
0 80 3 52 3 54 3 542
1 41 3 54 3 53 2 543
0 129 3 38 3 42 3 544
0 61 3 39 3 32 3 545
0 37 3 38 3 40 3 546
1 29 3 47 3 51 1 547
1 49 3 39 3 44 3 548
0 73 3 43 3 36 3 549
0 137 3 50 3 37 3 550
1 119 3 48 3 52 1 551
0 143 3 39 3 48 3 552
1 18 3 58 2 70 1 553
1 93 3 38 3 52 4 554
1 93 3 54 3 51 5 555
0 125 2 65 3 59 3 556
1 42 3 50 3 48 2 557
1 75 3 47 3 51 2 558
0 11 3 49 3 46 3 559
0 125 3 54 3 51 3 560
0 93 3 38 3 33 3 561
0 78 3 45 3 52 3 562
0 29 3 49 3 46 3 563
0 61 3 48 3 43 5 564
0 125 3 47 3 45 3 565
0 101 3 36 3 58 3 566
0 93 3 35 3 33 3 567
0 26 3 49 3 43 3 568
0 116 3 39 3 53 3 569
0 61 4 34 4 14 3 570
0 50 3 51 3 41 3 571
0 29 3 34 3 39 5 572
0 11 3 48 3 54 3 573
0 141 3 49 3 52 3 574
0 11 3 50 3 50 3 575
0 53 3 56 3 53 3 576
0 69 3 49 3 44 3 577
1 93 3 53 3 51 1 578
0 130 3 53 3 52 3 579
0 61 3 36 3 37 5 580
0 84 3 43 3 51 3 581
1 137 3 48 3 38 2 582
0 29 3 52 3 49 3 583
1 61 3 47 3 48 4 584
1 61 3 39 3 47 1 585
1 61 3 41 3 30 6 586
1 93 3 42 3 51 4 587
1 96 3 55 3 53 1 588
0 29 3 42 3 38 3 589
0 84 3 35 3 24 3 590
0 61 3 49 3 50 5 591
0 93 3 41 3 53 3 592
0 51 3 41 3 32 3 593
1 8 3 50 3 45 2 594
1 68 3 35 3 37 3 595
1 62 3 41 3 54 2 596
0 19 3 44 3 55 3 597
1 25 3 49 3 43 1 598
1 118 3 33 3 43 1 599
0 29 3 57 3 48 3 600
0 140 3 43 3 39 3 601
0 44 2 30 3 17 3 602
1 93 3 52 3 52 1 603
0 48 3 54 2 69 3 604
1 1 3 52 3 49 1 605
1 133 3 50 3 44 2 606
1 106 3 41 3 42 2 607
0 64 3 48 3 36 3 608
0 121 3 42 3 38 3 609
0 29 3 48 3 45 3 610
0 77 3 55 2 69 3 611
1 89 2 51 3 54 3 612
0 125 3 41 3 50 3 613
1 93 3 44 3 36 2 614
0 0 3 50 2 72 3 615
0 61 3 36 3 46 3 616
0 24 3 46 3 47 3 617
1 29 3 43 3 41 1 618
1 42 3 39 2 27 1 619
0 117 3 37 3 47 3 620
1 29 3 38 3 42 2 621
1 125 3 51 3 47 6 622
1 50 3 58 2 52 1 623
0 29 3 44 3 39 3 624
1 12 3 46 4 33 3 625
1 61 3 47 3 45 4 626
1 93 3 42 3 45 1 627
0 93 3 42 3 45 5 628
1 99 3 27 3 43 1 629
1 10 3 57 3 43 1 630
0 61 3 43 3 39 3 631
0 128 3 34 3 37 3 632
0 29 3 39 3 48 3 633
0 61 3 47 2 42 5 634
1 125 3 37 3 44 1 635
1 29 3 44 3 51 6 636
0 68 3 39 3 37 3 637
1 142 3 51 2 33 2 638
0 103 3 59 3 62 3 639
1 93 3 42 3 45 1 640
1 94 3 42 3 38 1 641
0 61 3 48 2 31 3 642
1 62 0 18 3 52 1 643
1 95 3 39 3 37 1 644
1 93 3 48 3 41 1 645
0 61 3 41 3 43 5 646
0 29 3 46 3 46 3 647
0 93 3 39 3 37 4 648
0 2 3 38 3 49 3 649
1 45 3 61 3 54 1 650
0 93 3 50 3 46 3 651
0 59 3 42 3 40 3 652
0 113 3 38 3 42 3 653
0 89 3 47 3 37 3 654
0 55 3 50 3 47 3 655
0 82 3 46 2 50 3 656
1 125 3 37 3 38 2 657
0 125 3 45 3 43 3 658
1 125 3 49 3 45 2 659
0 29 3 46 3 42 3 660
0 29 3 44 3 45 6 661
1 61 3 42 3 36 1 662
0 125 3 50 3 43 3 663
0 98 3 35 3 52 4 664
0 19 3 51 3 44 3 665
0 103 3 54 3 57 3 666
1 102 3 48 3 52 2 667
0 61 0 17 3 51 3 668
1 139 3 39 3 32 1 669
0 61 3 36 3 44 3 670
1 122 3 49 3 48 1 671
0 68 3 39 3 42 3 672
0 101 3 51 3 44 3 673
1 139 3 47 3 34 1 674
1 29 3 38 3 39 2 675
1 61 3 54 3 39 4 676
1 114 3 37 3 60 2 677
0 63 3 51 3 52 3 678
0 116 3 51 3 47 3 679
1 29 3 46 1 25 1 680
0 61 2 51 1 37 3 681
0 125 3 37 3 44 3 682
1 29 3 52 3 52 5 683
0 125 3 44 3 36 5 684
1 135 3 38 3 52 2 685
1 139 3 51 3 50 2 686
0 14 3 48 2 41 3 687
1 25 3 43 3 46 2 688
1 21 3 39 2 24 1 689
0 50 3 57 3 59 3 690
1 93 3 43 3 58 1 691
0 29 3 41 3 33 3 692
1 89 3 51 3 44 2 693
1 29 3 51 3 50 1 694
0 93 3 38 3 38 3 695
1 125 3 41 3 40 5 696
0 16 3 47 3 47 3 697
0 125 3 50 3 49 5 698
0 29 3 42 3 43 6 699
0 73 3 48 3 53 3 700
0 125 3 35 3 37 3 701
0 61 3 48 3 40 5 702
0 125 3 37 3 43 3 703
0 37 3 49 3 61 3 704
1 29 3 37 3 44 1 705
1 129 3 51 3 43 2 706
1 93 3 49 3 55 1 707
0 61 3 48 3 41 4 708
1 29 3 44 3 37 1 709
0 93 3 50 3 47 3 710
0 97 3 41 3 37 4 711
0 29 3 38 3 42 3 712
1 125 3 45 3 45 1 713
0 129 3 46 3 50 3 714
1 26 3 27 3 25 1 715
1 61 3 37 3 50 1 716
0 61 3 45 3 52 3 717
0 34 3 42 3 41 3 718
0 125 3 45 3 51 3 719
1 125 3 48 3 44 2 720
1 125 2 36 0 51 1 721
0 93 3 44 3 47 3 722
0 93 3 53 3 53 3 723
0 134 3 36 3 40 3 724
1 73 3 41 2 52 2 725
1 29 3 36 3 38 3 726
1 93 3 38 3 56 1 727
0 29 3 39 3 42 3 728
0 61 3 37 3 40 3 729
1 61 3 50 3 45 1 730
0 138 3 40 3 43 3 731
0 131 3 51 3 47 3 732
0 93 3 47 3 46 3 733
1 61 3 36 3 35 2 734
0 51 3 37 3 33 3 735
0 61 3 49 3 45 5 736
1 29 3 39 3 29 1 737
1 40 3 52 3 47 1 738
1 106 3 41 3 48 2 739
1 93 3 52 3 39 1 740
0 93 3 59 3 58 3 741
0 61 3 39 3 71 3 742
1 29 3 47 3 50 2 743
1 93 3 41 3 39 1 744
1 73 3 42 3 44 2 745
1 33 3 47 3 53 4 746
0 116 3 42 3 46 3 747
0 29 2 43 2 43 5 748
1 61 3 31 3 47 1 749
1 125 3 42 3 39 1 750
1 61 3 27 3 23 1 751
1 12 3 53 3 67 2 752
0 125 3 37 3 48 3 753
0 130 3 36 3 50 3 754
1 125 3 45 3 40 1 755
1 93 3 49 3 53 1 756
1 93 3 41 3 39 1 757
0 80 3 48 3 32 4 758
0 61 3 40 3 41 3 759
0 125 3 50 3 52 3 760
0 95 3 52 3 52 3 761
0 100 3 37 3 35 3 762
0 93 3 47 3 43 5 763
0 61 3 43 3 42 3 764
1 133 3 37 3 34 1 765
0 18 3 45 3 37 3 766
0 25 3 49 3 48 3 767
0 29 3 39 3 48 3 768
1 29 3 53 3 53 1 769
0 125 3 42 3 48 3 770
0 22 3 34 3 36 3 771
1 98 4 33 3 33 1 772
0 110 3 41 3 44 3 773
0 90 3 62 2 44 3 774
1 60 3 42 3 43 1 775
0 61 3 38 3 33 5 776
1 29 3 38 3 44 5 777
0 134 3 58 3 55 3 778
1 61 3 39 3 48 1 779
0 93 3 44 3 44 3 780
0 49 3 49 3 45 3 781
1 139 3 51 3 51 3 782
1 93 3 37 3 49 2 783
0 76 3 42 3 45 3 784
0 29 3 38 3 36 3 785
0 61 3 55 3 53 3 786
0 93 3 39 3 38 5 787
1 82 3 49 3 47 1 788
1 23 3 43 3 36 1 789
0 14 3 37 3 36 3 790
1 99 3 46 3 36 1 791
1 14 3 42 3 40 1 792
1 125 3 24 3 34 2 793
0 54 3 48 3 44 3 794
0 125 3 44 3 37 3 795
0 125 3 45 2 47 3 796
0 30 3 46 3 52 3 797
0 47 3 40 3 53 3 798
0 8 3 44 3 48 3 799
0 29 3 39 3 47 3 800
0 75 3 37 3 43 3 801
0 118 3 33 3 37 3 802
0 29 3 38 3 47 3 803
0 64 3 48 3 47 3 804
0 93 3 49 3 56 3 805
0 41 3 48 3 45 3 806
0 16 2 43 2 42 3 807
1 61 3 40 3 44 5 808
1 125 3 40 3 40 5 809
1 1 3 42 3 50 1 810
0 109 3 48 3 48 3 811
0 71 3 38 3 39 3 812
1 101 3 52 3 46 1 813
0 93 3 50 3 39 3 814
0 125 3 44 3 43 3 815
1 99 3 50 3 48 1 816
0 15 3 44 3 45 3 817
0 89 3 51 3 48 3 818
1 34 3 47 3 47 2 819
0 48 3 47 0 43 3 820
1 60 3 42 3 37 1 821
1 104 3 52 3 36 2 822
1 93 3 49 3 57 1 823
0 93 3 36 3 54 3 824
0 61 3 54 3 44 3 825
1 93 3 40 3 46 1 826
0 54 3 50 3 58 4 827
1 91 3 45 3 39 1 828
1 61 3 46 3 61 1 829
1 61 3 59 3 51 5 830
1 10 3 43 2 48 3 831
1 67 2 60 2 59 2 832
0 29 3 52 3 52 3 833
1 117 3 48 3 39 2 834
1 116 3 38 3 36 2 835
0 125 3 37 3 37 3 836
1 93 3 46 3 46 3 837
0 125 3 52 3 52 3 838
0 93 3 50 3 55 3 839
1 61 3 50 3 48 1 840
0 93 2 59 3 58 3 841
1 29 3 45 3 43 1 842
0 138 3 42 3 47 3 843
0 125 3 51 3 55 3 844
0 29 3 47 3 27 3 845
1 29 3 51 3 43 3 846
1 92 3 36 3 42 3 847
0 125 3 41 3 49 3 848
0 61 3 50 3 43 3 849
0 133 3 43 3 47 3 850
0 29 3 43 3 39 3 851
0 53 3 46 2 56 3 852
1 125 3 40 3 52 6 853
1 125 3 47 3 47 1 854
1 59 3 37 3 36 3 855
0 13 3 47 3 27 3 856
1 93 3 53 3 41 5 857
0 93 3 44 3 46 3 858
1 93 3 50 3 53 2 859
1 125 3 45 3 42 1 860
1 37 3 45 3 38 1 861
1 61 3 46 3 56 6 862
1 30 3 52 3 52 1 863
0 26 3 36 3 39 3 864
1 93 3 40 3 45 1 865
0 125 3 41 3 45 3 866
1 78 3 51 3 51 2 867
1 59 3 43 3 44 1 868
0 29 2 29 3 35 5 869
0 58 3 46 3 52 3 870
1 88 3 34 3 35 4 871
0 11 3 48 1 50 3 872
1 92 3 38 3 45 2 873
1 20 3 45 3 52 1 874
0 29 3 48 3 51 3 875
1 125 3 41 3 52 1 876
0 121 3 52 3 47 3 877
0 61 3 47 3 53 3 878
0 93 3 48 3 51 4 879
0 109 3 51 3 44 4 880
1 125 3 43 3 44 1 881
1 45 3 56 2 48 1 882
1 56 3 39 3 36 4 883
0 89 3 53 3 43 3 884
1 107 3 45 3 42 1 885
1 93 3 43 3 43 1 886
0 80 3 27 3 37 3 887
1 1 3 38 3 42 1 888
1 65 3 28 3 33 1 889
1 61 3 48 3 44 1 890
0 61 3 41 3 45 3 891
0 59 3 43 3 46 3 892
1 29 3 52 3 53 1 893
1 61 3 36 3 47 2 894
1 29 3 42 3 44 1 895
1 29 3 41 3 40 5 896
1 93 3 48 1 24 1 897
1 16 3 58 3 47 1 898
0 61 3 52 3 58 3 899
1 25 3 50 2 79 1 900
0 29 3 36 3 38 3 901
1 74 3 46 3 60 1 902
0 93 3 53 3 55 5 903
1 127 3 47 3 43 1 904
1 37 3 41 3 52 4 905
0 86 3 42 3 38 3 906
1 141 3 48 3 43 1 907
1 125 3 41 3 44 3 908
1 93 3 39 3 32 4 909
1 139 3 46 3 45 2 910
0 93 3 45 3 38 6 911
0 93 3 35 3 39 3 912
0 29 3 36 3 38 3 913
0 75 3 36 3 56 3 914
1 73 3 52 3 49 2 915
0 77 3 50 3 49 3 916
1 93 3 54 3 42 5 917
0 83 0 17 3 44 3 918
0 125 3 48 3 46 3 919
1 61 3 55 3 37 2 920
1 125 3 42 2 67 1 921
0 100 3 40 3 42 3 922
1 128 3 48 3 30 1 923
1 29 3 53 3 34 1 924
0 61 2 39 2 39 4 925
0 125 3 46 3 45 3 926
0 93 3 40 3 37 3 927
1 125 3 36 3 34 5 928
1 79 3 42 3 42 1 929
0 118 3 37 3 58 3 930
0 29 3 38 3 52 3 931
0 127 3 41 3 36 3 932
1 110 3 47 3 45 1 933
1 138 3 39 2 34 3 934
0 11 3 48 2 67 3 935
1 115 3 45 3 34 2 936
0 137 3 48 3 51 4 937
1 93 3 49 3 39 5 938
0 57 3 55 3 34 3 939
0 29 3 36 3 33 3 940
0 6 3 43 3 39 3 941
1 29 3 51 3 38 6 942
0 131 3 54 3 49 3 943
0 125 3 43 3 49 3 944
0 61 3 41 3 51 3 945
0 29 3 49 3 47 3 946
1 98 3 45 3 43 4 947
1 125 3 54 3 51 4 948
0 23 3 50 3 56 3 949
0 52 3 39 3 39 3 950
1 61 2 46 3 47 1 951
0 93 3 43 3 47 3 952
1 61 3 38 2 43 6 953
0 7 3 44 3 40 3 954
1 97 3 40 3 67 1 955
0 51 3 49 3 34 3 956
1 54 3 52 3 54 2 957
1 115 3 59 3 55 2 958
0 125 3 40 3 39 3 959
1 48 3 52 2 60 1 960
1 61 3 38 3 43 1 961
1 125 3 43 3 49 1 962
1 61 3 47 3 41 1 963
1 76 3 48 3 38 1 964
0 90 3 43 2 79 3 965
0 29 3 48 3 50 3 966
1 29 3 40 3 55 1 967
1 93 3 40 3 38 2 968
1 61 3 43 3 34 2 969
0 93 3 47 3 50 3 970
0 121 3 43 3 51 3 971
1 78 3 44 3 56 1 972
1 61 3 43 3 45 1 973
0 125 3 50 3 48 5 974
0 29 3 45 3 41 3 975
1 125 3 40 3 49 2 976
0 93 3 44 3 40 3 977
1 86 3 49 3 51 1 978
0 94 3 41 3 44 3 979
1 136 3 43 2 58 2 980
0 20 3 39 3 44 3 981
0 61 3 47 3 49 3 982
0 29 3 56 3 52 6 983
1 58 3 39 3 45 1 984
0 30 3 34 3 34 4 985
0 125 3 35 4 34 6 986
0 125 3 40 2 58 3 987
1 93 3 46 3 51 2 988
0 125 3 44 3 54 6 989
0 93 3 39 3 44 3 990
1 42 3 36 3 38 1 991
0 46 3 39 3 39 3 992
1 93 3 35 2 34 5 993
0 125 3 45 3 43 3 994
0 25 3 38 3 50 3 995
1 93 3 42 3 45 2 996
1 93 3 48 3 56 5 997
1 62 3 45 3 43 2 998
0 47 3 42 3 48 3 999
1 61 3 50 3 41 5 1000
1 93 3 37 2 62 1 1001
0 108 3 40 3 38 3 1002
1 29 3 41 3 36 2 1003
0 5 3 46 3 51 3 1004
1 29 3 43 3 37 1 1005
1 32 3 45 3 40 3 1006
1 125 3 44 3 50 1 1007
0 134 3 39 3 44 3 1008
0 105 3 51 3 49 3 1009
0 109 3 51 3 53 3 1010
0 118 3 52 3 40 3 1011
1 122 3 57 3 54 1 1012
0 44 3 35 3 24 3 1013
0 54 3 37 3 43 3 1014
0 19 3 43 3 41 3 1015
0 98 3 61 2 57 3 1016
0 92 3 37 3 48 3 1017
1 116 3 49 3 47 2 1018
0 125 0 17 1 36 6 1019
1 29 3 50 3 50 5 1020
0 52 3 40 3 35 3 1021
1 33 3 48 3 50 2 1022
0 23 3 43 3 50 3 1023
0 125 3 45 2 43 3 1024
0 139 3 42 3 37 3 1025
0 61 3 37 3 43 3 1026
0 54 3 48 3 49 3 1027
0 125 3 43 3 48 3 1028
1 29 2 51 3 48 1 1029
1 29 3 50 3 42 1 1030
0 125 3 52 2 60 3 1031
1 14 3 39 3 52 2 1032
1 83 3 44 3 44 1 1033
1 29 3 46 3 33 1 1034
0 61 3 49 3 55 3 1035
0 125 3 38 3 49 3 1036
1 125 3 40 3 21 1 1037
0 112 3 52 3 53 3 1038
1 113 3 47 2 47 2 1039
1 93 3 33 3 34 6 1040
0 61 3 43 3 43 5 1041
0 21 3 46 3 53 3 1042
0 105 3 42 3 44 4 1043
0 35 3 49 3 47 3 1044
0 93 3 45 3 45 3 1045
1 46 3 49 3 58 1 1046
1 61 1 17 4 40 2 1047
1 66 2 51 3 54 2 1048
1 120 3 42 3 41 4 1049
1 61 3 41 3 44 1 1050
0 76 3 40 3 30 3 1051
0 83 3 38 3 50 3 1052
0 125 3 47 3 47 3 1053
1 105 3 51 3 45 1 1054
0 61 3 55 3 38 3 1055
1 77 3 52 3 55 1 1056
1 1 3 42 3 42 1 1057
1 60 3 42 3 39 2 1058
1 125 3 40 3 52 5 1059
0 27 3 46 3 49 3 1060
1 29 3 45 3 41 5 1061
0 93 3 45 3 45 3 1062
1 91 3 42 3 38 3 1063
0 61 3 48 3 46 3 1064
1 34 3 52 3 55 3 1065
0 109 3 44 3 37 3 1066
1 29 3 47 3 56 6 1067
0 61 3 38 3 43 3 1068
0 61 3 36 3 50 4 1069
1 93 3 40 3 16 1 1070
0 22 3 48 3 46 3 1071
0 61 3 48 3 30 3 1072
1 29 3 48 3 47 2 1073
0 114 3 47 3 59 3 1074
0 120 4 34 3 39 4 1075
0 96 3 44 3 45 3 1076
1 61 3 46 3 44 2 1077
0 61 3 50 3 56 5 1078
1 26 3 40 3 49 2 1079
0 107 3 46 3 46 3 1080
0 29 2 58 3 34 3 1081
1 61 3 38 3 39 1 1082
0 125 3 47 3 38 5 1083
0 93 3 33 3 47 3 1084
0 61 3 39 3 36 3 1085
0 113 3 53 3 51 3 1086
1 125 3 45 2 46 1 1087
0 125 3 50 3 50 3 1088
0 24 3 47 3 35 4 1089
0 103 3 57 1 72 3 1090
1 125 3 48 2 46 1 1091
0 125 3 37 3 47 3 1092
1 29 3 48 3 32 5 1093
1 142 3 44 3 34 2 1094
0 81 3 47 3 40 4 1095
0 125 3 37 3 36 3 1096
0 42 3 38 3 40 3 1097
0 138 3 59 3 57 3 1098
0 93 3 34 2 34 3 1099
0 88 3 41 3 44 3 1100
0 19 3 40 3 48 3 1101
0 61 3 47 3 52 4 1102
1 29 3 38 3 56 1 1103
0 110 0 17 3 24 3 1104
1 72 3 61 3 56 1 1105
1 114 3 45 3 46 1 1106
0 137 3 55 3 53 3 1107
0 125 3 42 3 37 3 1108
0 40 3 43 3 45 3 1109
0 118 3 43 3 41 3 1110
0 95 3 46 3 48 3 1111
1 93 3 47 3 51 3 1112
0 93 3 50 3 37 3 1113
0 125 3 46 3 47 3 1114
0 29 3 40 3 40 3 1115
1 75 3 43 3 40 1 1116
1 126 3 37 3 43 1 1117
1 95 3 48 3 44 1 1118
1 54 3 46 2 64 1 1119
0 61 3 40 3 41 3 1120
1 77 3 55 2 67 2 1121
1 29 3 51 3 46 2 1122
1 113 3 43 3 38 1 1123
0 93 3 45 3 52 3 1124
1 64 3 46 3 64 2 1125
0 61 3 43 3 45 3 1126
1 69 3 42 4 14 1 1127
0 61 3 46 3 43 3 1128
1 107 3 54 2 49 1 1129
1 93 3 49 3 38 1 1130
1 61 2 42 2 46 3 1131
1 45 3 52 3 53 3 1132
1 8 3 48 3 48 1 1133
0 45 3 29 3 30 3 1134
0 93 3 47 3 52 3 1135
0 125 3 53 3 50 3 1136
1 107 3 47 3 37 2 1137
0 64 3 50 3 54 3 1138
0 29 2 70 2 70 3 1139
0 88 3 55 1 39 3 1140
0 61 3 47 3 52 4 1141
0 137 3 51 3 41 3 1142
1 47 3 34 2 35 2 1143
1 109 3 42 3 39 2 1144
0 113 3 33 3 50 3 1145
0 4 3 47 3 49 3 1146
1 61 3 49 3 39 2 1147
1 125 3 39 3 45 2 1148
1 79 3 62 3 64 1 1149
0 61 3 49 3 51 3 1150
0 93 3 38 3 55 3 1151
0 57 3 39 3 48 4 1152
0 40 3 47 3 17 3 1153
0 61 3 55 3 52 3 1154
1 125 3 53 3 46 3 1155
0 29 3 41 3 33 3 1156
0 58 3 59 3 39 3 1157
1 6 3 46 3 43 3 1158
0 30 3 59 3 56 3 1159
1 125 3 38 3 53 2 1160
1 93 3 50 3 59 4 1161
1 2 3 46 3 46 1 1162
1 16 3 50 3 51 2 1163
1 3 3 39 3 33 1 1164
1 81 3 61 3 63 1 1165
0 82 3 49 3 37 3 1166
0 61 3 48 3 57 3 1167
0 1 3 51 3 45 4 1168
0 61 3 42 3 36 3 1169
1 11 3 47 3 46 2 1170
1 61 3 39 3 40 2 1171
1 93 3 48 3 44 2 1172
1 91 3 36 3 44 2 1173
0 29 3 40 3 25 6 1174
0 93 3 46 3 43 3 1175
0 61 3 40 3 40 3 1176
1 69 3 48 3 45 1 1177
0 138 3 42 3 44 3 1178
1 136 3 32 3 28 1 1179
1 91 3 43 3 42 1 1180
1 125 3 43 3 49 1 1181
0 29 3 53 3 45 3 1182
0 93 3 40 3 39 3 1183
0 93 3 50 3 46 3 1184
1 30 3 51 3 58 1 1185
0 45 3 49 3 51 3 1186
1 93 3 40 3 36 1 1187
0 134 3 48 2 72 3 1188
1 93 3 49 3 42 1 1189
1 64 3 39 3 54 2 1190
1 61 3 47 3 43 1 1191
1 29 3 39 3 43 1 1192
0 20 3 39 3 38 3 1193
1 125 2 32 2 33 3 1194
1 61 3 48 3 52 1 1195
1 125 0 22 0 24 6 1196
0 11 3 44 3 45 3 1197
1 121 3 50 3 51 1 1198
0 47 3 45 4 13 3 1199
1 51 3 51 3 56 1 1200
0 29 3 42 3 42 3 1201
0 125 3 45 3 35 3 1202
1 125 3 41 3 43 1 1203
0 93 3 39 3 47 4 1204
1 6 3 41 3 37 1 1205
1 32 3 46 3 42 3 1206
1 61 3 36 3 42 1 1207
1 125 3 40 2 43 1 1208
1 29 2 47 2 72 6 1209
1 35 3 33 3 34 2 1210
1 27 3 45 3 41 2 1211
0 61 3 43 3 36 5 1212
0 122 3 39 3 38 3 1213
1 125 3 43 3 46 1 1214
0 61 3 42 3 47 3 1215
0 93 3 43 3 45 3 1216
1 61 3 40 3 36 1 1217
0 100 3 54 3 53 3 1218
1 16 2 51 3 56 1 1219
0 93 3 55 3 50 6 1220
0 125 3 47 3 47 3 1221
1 64 3 43 3 45 1 1222
0 125 3 56 2 72 3 1223
1 125 3 35 3 34 4 1224
1 1 3 41 3 37 1 1225
0 46 3 38 3 44 3 1226
0 29 3 37 3 36 3 1227
1 61 3 37 3 39 1 1228
1 18 3 42 3 47 2 1229
0 80 3 54 3 46 3 1230
0 61 3 37 3 47 3 1231
1 102 3 37 3 40 1 1232
1 125 2 59 3 59 1 1233
0 12 3 37 2 49 3 1234
0 133 3 37 3 49 3 1235
0 37 3 53 3 58 3 1236
0 105 3 46 3 38 3 1237
0 61 3 67 3 62 5 1238
0 36 3 36 3 35 3 1239
1 93 3 38 3 44 1 1240
1 61 3 35 3 53 5 1241
1 29 3 42 3 54 3 1242
0 125 3 46 3 48 5 1243
0 29 3 51 3 54 5 1244
1 125 3 52 3 44 2 1245
0 125 3 42 3 45 3 1246
0 61 3 41 3 52 6 1247
0 93 3 39 3 41 3 1248
1 33 3 47 3 37 2 1249
1 120 3 45 3 54 2 1250
0 101 3 32 3 53 3 1251
1 19 3 55 3 40 2 1252
1 10 3 44 3 23 2 1253
0 117 3 45 3 40 3 1254
0 93 3 43 3 61 3 1255
1 105 3 61 3 35 1 1256
0 125 3 48 3 43 3 1257
1 125 3 36 3 50 4 1258
0 61 3 48 2 51 3 1259
0 125 3 52 3 55 5 1260
1 61 3 37 3 36 1 1261
1 61 3 43 3 55 1 1262
1 125 3 53 3 43 5 1263
1 133 3 43 3 49 2 1264
1 86 3 48 3 41 4 1265
0 125 2 70 2 71 3 1266
1 109 3 54 3 41 1 1267
1 99 3 46 3 42 1 1268
1 40 3 45 3 34 2 1269
1 125 3 36 3 37 1 1270
0 102 3 52 3 52 3 1271
0 97 3 55 3 49 3 1272
0 87 3 48 3 41 3 1273
1 116 3 46 3 44 1 1274
0 61 3 48 3 50 3 1275
0 56 3 44 3 34 3 1276
1 29 2 46 3 39 3 1277
1 49 3 37 3 53 3 1278
0 114 3 51 3 50 3 1279
1 81 3 35 3 48 4 1280
0 7 3 38 3 43 3 1281
1 93 3 39 3 50 1 1282
0 93 3 64 3 49 3 1283
0 130 3 46 3 41 3 1284
0 102 3 43 3 44 3 1285
0 93 3 48 3 49 3 1286
1 93 3 30 3 43 5 1287
1 125 3 49 3 38 1 1288
0 126 3 53 3 48 3 1289
1 125 3 41 3 52 5 1290
0 44 3 40 3 37 3 1291
1 1 3 50 3 46 1 1292
0 93 1 33 1 33 5 1293
0 119 3 45 3 43 3 1294
0 123 3 42 3 24 3 1295
0 45 3 53 3 48 3 1296
1 29 3 38 3 57 1 1297
1 19 3 46 3 46 1 1298
1 29 2 51 3 38 2 1299
1 93 3 45 3 48 2 1300
1 51 3 43 3 48 2 1301
0 133 3 41 3 49 3 1302
0 93 1 16 1 37 5 1303
0 93 3 33 3 33 3 1304
0 80 3 50 3 51 3 1305
1 125 3 42 3 51 1 1306
0 125 3 38 3 41 5 1307
1 0 3 51 3 50 1 1308
0 123 3 46 3 38 3 1309
0 125 3 50 3 46 3 1310
0 76 3 49 3 50 4 1311
1 1 3 47 3 41 2 1312
1 29 3 45 3 37 1 1313
0 29 3 42 3 43 3 1314
1 93 0 17 3 45 1 1315
1 61 3 42 3 41 1 1316
1 125 3 60 3 60 3 1317
0 93 3 53 3 51 3 1318
0 73 3 49 3 38 3 1319
1 128 3 42 3 41 2 1320
1 119 3 39 2 33 1 1321
1 141 3 43 3 45 1 1322
1 93 3 45 3 54 1 1323
0 61 3 44 3 39 3 1324
1 100 3 41 3 43 3 1325
1 125 3 43 3 44 5 1326
0 29 3 45 3 43 3 1327
1 61 3 41 3 38 2 1328
0 132 3 42 4 34 3 1329
1 93 3 43 3 41 1 1330
0 125 3 57 1 37 3 1331
0 12 3 43 3 46 3 1332
1 117 3 36 3 40 2 1333
1 29 3 55 3 57 5 1334
1 125 3 48 3 60 1 1335
1 11 3 43 3 40 2 1336
1 125 3 50 3 57 5 1337
0 107 3 51 3 36 3 1338
1 125 3 49 2 71 6 1339
1 55 3 37 3 46 3 1340
1 94 3 38 3 33 1 1341
0 121 3 43 3 60 3 1342
1 84 3 39 3 36 2 1343
0 72 3 39 3 15 3 1344
1 61 3 60 3 61 5 1345
0 63 3 39 3 44 3 1346
0 19 3 53 3 49 3 1347
1 120 3 42 3 38 1 1348
1 35 3 47 3 46 1 1349
0 137 3 47 3 55 3 1350
1 125 3 49 3 49 5 1351
1 61 3 49 3 52 1 1352
1 93 3 49 3 54 4 1353
0 61 3 46 3 43 3 1354
1 125 3 37 3 43 3 1355
0 86 3 47 3 36 3 1356
0 93 3 34 3 44 3 1357
0 141 3 54 3 52 4 1358
1 125 3 47 3 46 6 1359
0 84 3 46 3 45 3 1360
0 125 3 25 2 34 5 1361
0 93 3 38 3 49 3 1362
0 61 3 38 3 39 5 1363
0 30 3 43 3 42 3 1364
0 125 3 56 3 41 3 1365
0 118 3 49 3 46 3 1366
1 125 3 44 3 48 4 1367
0 73 3 59 3 49 3 1368
0 125 3 37 4 14 3 1369
0 29 3 39 3 44 3 1370
1 102 3 37 3 39 1 1371
0 69 3 50 3 40 3 1372
1 126 3 47 3 44 4 1373
0 93 3 50 3 42 3 1374
1 125 3 45 3 40 1 1375
1 72 3 43 3 36 4 1376
1 28 3 41 3 51 1 1377
0 8 3 42 3 48 3 1378
1 93 3 47 3 47 6 1379
1 125 3 51 3 61 1 1380
1 16 3 39 3 48 2 1381
0 81 3 44 3 53 3 1382
1 61 3 46 3 46 1 1383
0 2 3 42 3 53 3 1384
0 122 3 48 3 50 3 1385
0 125 3 39 3 37 3 1386
0 29 3 42 3 43 6 1387
1 37 3 40 3 45 1 1388
0 77 3 49 3 48 4 1389
0 29 3 40 3 49 3 1390
1 30 3 42 3 44 1 1391
0 125 3 45 3 43 3 1392
1 61 3 46 2 33 1 1393
0 125 3 42 3 46 3 1394
1 32 3 46 3 44 1 1395
1 125 3 42 3 41 1 1396
1 13 3 42 3 41 1 1397
1 61 3 51 3 55 1 1398
1 35 3 42 3 44 1 1399
0 88 3 50 3 57 3 1400
1 93 3 39 3 44 3 1401
0 61 3 35 3 45 3 1402
1 131 3 53 3 45 1 1403
0 21 3 48 3 37 3 1404
0 29 3 54 3 44 3 1405
1 130 3 51 3 49 1 1406
0 21 3 56 3 60 4 1407
1 61 3 49 3 50 2 1408
0 61 3 50 3 54 3 1409
0 56 3 46 3 48 3 1410
0 61 3 47 3 43 3 1411
0 29 3 49 3 50 3 1412
0 118 2 51 2 40 3 1413
0 93 3 46 3 45 3 1414
1 61 3 38 3 33 3 1415
1 143 3 40 3 36 1 1416
0 61 3 39 3 36 6 1417
0 93 2 51 3 44 3 1418
1 61 3 47 3 45 1 1419
0 128 3 36 3 58 3 1420
0 73 3 43 3 41 3 1421
1 104 3 49 3 48 1 1422
0 11 3 45 3 38 3 1423
0 61 3 38 3 43 5 1424
1 101 3 44 3 38 2 1425
0 107 3 47 3 40 3 1426
0 17 3 46 3 26 3 1427
0 142 3 35 3 37 3 1428
1 91 3 36 3 42 1 1429
1 93 3 42 3 57 1 1430
1 93 3 53 3 51 1 1431
0 93 3 40 2 43 5 1432
0 131 3 39 3 48 3 1433
1 6 3 50 3 40 3 1434
1 82 3 39 3 52 1 1435
0 41 3 41 3 38 3 1436
1 93 3 45 3 50 2 1437
1 136 3 66 2 74 1 1438
0 72 3 43 3 45 3 1439
1 125 3 37 3 53 1 1440
0 61 3 42 3 47 5 1441
0 135 3 48 3 59 3 1442
0 29 3 39 3 35 3 1443
0 61 3 38 3 36 3 1444
0 93 3 51 3 52 3 1445
0 96 3 45 3 42 3 1446
1 6 3 51 3 56 1 1447
1 125 3 52 3 54 1 1448
0 60 3 36 3 42 3 1449
0 131 3 45 3 43 3 1450
0 29 3 50 3 38 3 1451
1 133 3 53 3 31 2 1452
0 125 3 49 3 56 3 1453
0 102 3 42 3 54 3 1454
0 27 3 40 3 34 3 1455
0 61 3 42 3 41 3 1456
0 93 3 52 3 44 3 1457
0 93 2 51 2 44 3 1458
0 89 3 36 3 39 3 1459
1 125 3 41 3 40 1 1460
0 52 3 38 3 40 3 1461
0 36 3 38 3 44 3 1462
0 138 0 17 3 50 3 1463
1 61 3 37 3 45 1 1464
1 48 3 46 3 44 4 1465
0 61 3 44 3 42 6 1466
1 121 3 54 3 55 2 1467
1 109 3 43 3 41 2 1468
0 125 3 40 3 43 3 1469
1 100 3 42 3 47 1 1470
0 61 3 43 2 47 3 1471
0 93 3 40 3 47 3 1472
1 123 3 49 3 44 4 1473
0 29 3 49 3 54 5 1474
0 125 3 51 3 47 5 1475
1 36 3 55 3 51 1 1476
0 89 3 49 3 52 3 1477
1 109 3 54 3 55 1 1478
0 16 3 36 3 48 3 1479
0 142 3 51 3 48 3 1480
0 125 3 36 3 42 3 1481
0 61 3 41 3 37 3 1482
0 29 3 42 3 70 3 1483
1 73 3 50 3 26 2 1484
1 125 3 39 3 37 1 1485
1 61 3 51 3 64 1 1486
0 29 3 47 2 43 3 1487
1 29 3 41 3 58 3 1488
1 109 3 50 3 39 1 1489
1 60 3 42 3 37 1 1490
0 93 3 48 3 46 3 1491
0 101 3 41 2 60 3 1492
1 28 3 44 3 37 1 1493
0 125 3 52 3 51 3 1494
1 73 3 54 3 51 1 1495
0 35 3 43 3 40 4 1496
0 105 3 37 3 38 3 1497
0 29 3 45 3 50 3 1498
0 93 3 36 3 45 3 1499
1 128 3 47 2 46 1 1500
1 78 3 9 3 9 2 1501
0 142 3 36 3 56 3 1502
0 61 3 59 3 58 3 1503
1 78 3 45 3 42 1 1504
0 92 3 51 3 53 3 1505
0 93 3 34 3 47 3 1506
1 93 3 48 3 49 1 1507
0 116 3 45 3 42 3 1508
1 93 3 50 3 53 1 1509
0 93 3 52 3 60 3 1510
1 44 3 49 3 54 2 1511
0 125 3 50 3 46 3 1512
1 125 3 37 3 44 3 1513
0 57 3 49 3 46 3 1514
1 61 3 46 3 48 1 1515
0 125 3 38 3 37 3 1516
0 22 3 49 3 45 3 1517
0 29 3 53 3 48 3 1518
1 125 3 52 3 53 1 1519
0 140 3 33 3 46 3 1520
0 61 3 40 3 49 5 1521
0 29 3 58 3 56 5 1522
1 37 3 48 3 38 1 1523
1 125 3 48 3 40 6 1524
0 97 3 35 3 39 3 1525
1 110 3 44 3 37 1 1526
1 29 3 42 3 47 1 1527
1 33 3 37 2 42 3 1528
1 50 3 38 3 32 1 1529
1 9 3 47 3 49 1 1530
0 122 3 43 3 42 3 1531
1 61 3 49 3 48 1 1532
0 11 3 41 3 51 3 1533
1 121 3 43 3 45 2 1534
0 125 3 54 3 50 3 1535
1 70 3 38 3 43 4 1536
1 125 3 39 2 48 4 1537
0 70 3 39 3 40 3 1538
0 21 3 37 3 38 3 1539
1 78 3 50 3 48 1 1540
1 93 2 51 2 72 5 1541
0 29 3 56 3 56 3 1542
0 29 3 51 3 48 3 1543
1 125 3 48 3 33 5 1544
1 24 3 43 3 48 2 1545
1 29 3 44 3 53 3 1546
1 62 3 46 3 53 5 1547
0 61 3 56 3 54 3 1548
0 61 3 29 3 46 6 1549
0 29 3 64 3 61 3 1550
1 29 3 39 3 56 1 1551
1 93 3 37 3 28 4 1552
1 125 3 59 3 57 3 1553
0 125 3 39 3 45 3 1554
1 125 3 49 3 32 2 1555
0 29 3 38 3 39 3 1556
1 66 3 34 3 35 2 1557
1 17 3 45 3 45 2 1558
0 6 3 42 3 51 3 1559
1 125 3 44 3 35 1 1560
0 29 3 45 3 42 3 1561
1 35 3 41 3 42 1 1562
0 57 3 56 3 57 3 1563
0 93 3 41 3 48 3 1564
0 54 3 42 3 45 3 1565
1 93 3 39 3 50 5 1566
1 125 3 50 3 49 1 1567
1 44 3 36 3 39 1 1568
0 42 3 47 3 45 3 1569
1 29 3 52 3 54 1 1570
0 125 3 48 3 52 3 1571
1 29 3 43 3 45 6 1572
0 61 3 66 3 45 6 1573
1 68 3 47 3 48 2 1574
1 58 3 61 3 57 1 1575
0 91 3 40 3 40 3 1576
0 113 3 46 3 39 3 1577
0 125 3 49 3 53 3 1578
0 29 3 42 3 60 3 1579
1 71 3 54 3 51 3 1580
0 29 3 49 3 53 3 1581
0 136 3 48 3 53 3 1582
0 22 3 42 3 42 3 1583
0 125 3 46 3 51 5 1584
1 29 3 39 3 46 1 1585
1 98 3 42 3 44 1 1586
1 29 3 43 3 47 1 1587
0 40 3 42 3 43 3 1588
0 104 3 45 3 49 3 1589
0 32 3 45 3 52 3 1590
0 115 3 40 3 50 3 1591
1 29 3 54 3 55 2 1592
0 93 2 51 2 31 3 1593
0 40 3 43 3 35 3 1594
0 66 3 36 3 36 3 1595
1 29 3 35 3 33 1 1596
1 29 3 56 3 48 1 1597
1 125 3 41 3 42 2 1598
0 121 3 46 3 37 3 1599
0 76 3 61 3 55 3 1600
1 124 3 51 3 48 3 1601
0 93 3 51 3 50 3 1602
1 12 3 37 3 46 1 1603
0 90 3 41 3 30 3 1604
0 33 3 46 4 59 3 1605
0 29 3 38 3 48 3 1606
1 93 3 53 3 49 2 1607
0 125 3 37 3 45 3 1608
0 21 3 42 3 35 3 1609
1 97 3 40 2 33 1 1610
1 29 3 47 3 33 5 1611
0 51 3 42 3 46 3 1612
1 94 3 49 3 45 2 1613
1 29 3 57 2 76 1 1614
1 99 3 44 3 57 2 1615
1 61 3 50 3 53 3 1616
1 93 3 56 3 48 1 1617
1 93 3 58 3 50 5 1618
0 125 3 43 3 45 5 1619
0 136 3 54 3 54 3 1620
0 139 3 51 3 52 3 1621
1 114 3 56 3 45 2 1622
1 125 3 40 3 42 1 1623
1 13 3 25 2 33 4 1624
0 70 3 43 3 45 3 1625
0 35 3 40 3 40 3 1626
1 61 3 40 3 44 2 1627
0 93 3 39 2 77 3 1628
1 61 3 51 3 53 1 1629
1 93 3 42 3 36 1 1630
0 134 3 54 3 50 3 1631
0 92 3 57 3 65 3 1632
1 61 3 52 3 39 1 1633
1 110 3 48 3 34 4 1634
1 85 3 37 3 35 1 1635
0 93 3 38 3 36 3 1636
1 24 3 42 3 0 4 1637
0 29 3 46 3 54 3 1638
1 94 3 51 3 38 4 1639
0 61 3 53 3 58 6 1640
1 125 3 37 3 39 1 1641
1 41 3 50 3 48 1 1642
0 61 3 58 3 53 5 1643
0 125 3 42 3 44 3 1644
0 93 3 25 3 39 3 1645
1 130 3 48 3 42 1 1646
1 93 3 40 3 39 1 1647
0 125 3 46 2 48 3 1648
0 93 3 38 3 37 5 1649
0 131 3 36 3 55 4 1650
0 126 3 48 3 62 3 1651
1 28 3 53 3 52 2 1652
0 24 3 39 3 43 3 1653
0 93 3 39 3 44 3 1654
0 93 3 46 3 37 3 1655
0 125 3 52 3 57 3 1656
0 29 3 41 3 44 3 1657
1 125 3 46 3 33 1 1658
0 125 3 42 3 48 3 1659
1 45 3 48 3 43 2 1660
1 29 3 43 3 54 1 1661
1 36 3 49 3 47 2 1662
0 61 3 51 3 52 3 1663
1 40 3 41 3 44 2 1664
1 93 3 47 3 47 1 1665
0 125 2 51 3 42 3 1666
1 93 3 43 3 34 4 1667
0 81 3 42 3 50 3 1668
1 29 3 40 3 40 2 1669
1 58 3 43 3 44 1 1670
1 132 3 27 3 26 3 1671
0 93 3 54 3 51 5 1672
1 113 3 48 2 48 1 1673
1 61 3 45 3 38 5 1674
1 65 3 37 3 45 3 1675
1 12 2 57 1 47 1 1676
0 37 3 43 3 54 3 1677
0 57 2 51 3 44 3 1678
0 62 3 39 3 36 3 1679
1 125 3 45 3 49 6 1680
0 93 3 38 2 63 5 1681
1 115 3 42 3 49 1 1682
0 29 3 45 3 45 3 1683
0 131 3 49 3 54 3 1684
0 125 3 45 3 34 3 1685
1 44 3 46 1 54 1 1686
0 29 3 54 3 42 3 1687
0 125 3 50 3 39 3 1688
1 68 3 51 3 52 1 1689
1 95 3 43 3 43 2 1690
1 61 3 52 2 49 6 1691
0 128 3 40 3 52 3 1692
0 129 3 39 3 40 3 1693
1 125 3 36 3 37 1 1694
1 60 3 47 3 44 1 1695
0 93 3 46 3 42 3 1696
1 106 3 52 3 53 1 1697
0 93 3 39 3 26 5 1698
0 118 3 49 3 42 3 1699
1 29 3 49 3 39 2 1700
1 85 3 44 3 40 1 1701
0 121 3 50 3 49 3 1702
0 110 3 46 3 30 3 1703
1 101 3 26 3 40 1 1704
1 93 3 47 3 41 2 1705
1 125 3 31 3 31 5 1706
1 61 3 47 3 38 6 1707
1 125 3 30 3 51 2 1708
1 61 3 49 3 54 2 1709
1 29 3 45 4 15 1 1710
0 93 3 46 3 51 3 1711
1 12 3 40 3 40 3 1712
1 117 3 42 3 46 1 1713
1 93 3 42 3 39 1 1714
1 93 3 45 3 46 5 1715
0 31 3 52 3 56 3 1716
1 29 3 46 3 34 1 1717
1 53 3 52 3 55 1 1718
0 29 3 38 3 44 3 1719
1 29 3 51 3 32 3 1720
1 125 3 41 3 65 2 1721
1 29 3 37 3 36 1 1722
1 5 3 39 3 41 1 1723
0 29 3 37 3 44 6 1724
0 29 3 39 3 44 3 1725
1 124 3 46 1 43 4 1726
1 93 3 39 3 36 1 1727
1 2 3 43 3 39 2 1728
1 96 3 53 3 45 2 1729
1 29 3 43 3 37 1 1730
0 125 3 46 3 51 3 1731
0 61 3 40 3 36 5 1732
1 24 3 52 3 37 3 1733
0 125 3 48 3 51 3 1734
0 125 3 43 3 39 6 1735
0 29 3 44 3 34 3 1736
1 112 3 49 3 49 1 1737
1 122 3 36 3 41 1 1738
0 61 3 45 3 41 5 1739
0 46 3 55 3 58 4 1740
0 20 3 49 3 47 3 1741
0 125 3 47 3 39 3 1742
0 138 3 48 3 46 3 1743
1 83 3 28 3 39 1 1744
1 20 3 48 3 45 3 1745
1 29 3 40 3 37 2 1746
1 26 3 60 3 59 1 1747
0 81 3 39 3 46 3 1748
0 125 3 32 3 41 5 1749
0 61 3 52 3 55 3 1750
0 29 3 45 3 40 3 1751
1 67 3 47 1 37 2 1752
1 125 3 37 4 44 2 1753
1 23 3 39 2 48 1 1754
1 61 3 55 3 41 1 1755
1 125 3 50 3 53 1 1756
1 106 3 46 3 43 1 1757
1 52 3 48 2 69 1 1758
1 142 3 44 3 44 1 1759
1 120 3 42 4 14 1 1760
0 125 3 45 3 45 3 1761
0 36 3 42 3 48 3 1762
1 11 3 44 3 38 4 1763
0 125 3 36 3 39 3 1764
0 29 3 56 3 50 6 1765
1 93 3 46 3 50 1 1766
1 61 3 42 2 70 1 1767
1 93 2 51 3 36 1 1768
0 123 3 38 3 42 3 1769
1 56 3 59 3 58 2 1770
0 65 3 47 3 48 4 1771
0 110 3 45 3 46 4 1772
0 135 3 44 3 36 3 1773
0 74 3 51 3 36 3 1774
0 93 3 55 3 52 3 1775
0 29 4 34 3 23 5 1776
1 29 3 51 3 49 2 1777
0 108 3 45 3 34 3 1778
0 122 3 53 3 42 3 1779
1 125 3 54 3 48 1 1780
0 125 3 47 3 53 5 1781
1 105 3 44 3 39 2 1782
0 125 3 49 3 47 3 1783
0 125 3 38 3 44 3 1784
1 125 3 42 3 45 5 1785
0 93 3 39 3 38 3 1786
1 27 3 40 3 39 1 1787
0 61 3 48 3 48 5 1788
0 93 3 44 3 46 3 1789
0 61 3 51 3 46 3 1790
0 61 3 41 3 39 3 1791
0 11 3 35 3 35 3 1792
1 61 3 48 3 39 4 1793
0 96 3 44 3 44 3 1794
0 29 3 51 3 50 3 1795
0 93 3 51 3 43 3 1796
1 62 3 47 3 44 1 1797
1 61 3 43 3 42 1 1798
1 128 0 17 3 70 5 1799
1 48 3 41 3 44 1 1800
0 98 3 39 3 37 3 1801
0 125 3 40 3 44 3 1802
1 142 3 46 3 39 2 1803
0 61 3 53 3 58 3 1804
1 93 3 49 3 48 4 1805
0 106 3 51 3 50 3 1806
0 80 3 43 3 43 3 1807
0 61 3 42 3 40 3 1808
0 61 3 44 3 48 3 1809
1 87 3 39 3 37 3 1810
1 107 3 44 3 36 1 1811
0 21 3 40 1 28 3 1812
0 93 3 57 3 57 5 1813
0 65 3 47 3 50 3 1814
0 125 3 48 3 48 3 1815
0 125 3 48 3 41 5 1816
0 95 3 38 3 52 3 1817
1 93 3 53 3 36 6 1818
1 125 3 38 3 59 1 1819
1 88 3 36 3 35 1 1820
1 120 3 52 3 39 1 1821
0 29 3 37 3 47 3 1822
1 16 3 37 3 44 1 1823
1 61 3 51 3 55 1 1824
0 93 2 33 3 33 3 1825
1 29 3 48 3 52 1 1826
1 125 3 44 3 45 3 1827
0 5 3 42 3 48 3 1828
0 93 3 40 3 39 3 1829
0 93 3 44 1 38 3 1830
0 29 3 43 3 49 5 1831
0 74 3 59 3 54 3 1832
1 93 3 55 3 50 5 1833
1 93 3 46 2 57 3 1834
1 53 3 42 3 42 4 1835
1 57 3 36 3 43 1 1836
1 75 3 39 3 42 1 1837
0 82 3 38 3 50 3 1838
0 29 3 44 3 52 3 1839
1 8 3 29 3 29 2 1840
1 93 3 43 3 51 5 1841
1 93 3 40 3 15 1 1842
0 17 3 46 3 44 3 1843
0 61 3 53 3 45 3 1844
1 125 3 37 3 42 1 1845
0 21 3 46 3 46 3 1846
0 89 3 49 1 66 3 1847
1 93 3 51 3 52 5 1848
1 31 3 49 3 48 1 1849
1 128 3 56 3 52 1 1850
1 61 3 47 3 36 1 1851
0 93 3 41 3 51 3 1852
1 10 3 47 3 44 1 1853
0 78 3 38 3 55 3 1854
1 125 3 49 3 53 1 1855
1 29 3 43 3 45 5 1856
0 102 3 40 3 44 3 1857
0 93 2 56 3 50 3 1858
0 61 3 51 3 49 5 1859
1 125 3 41 3 50 5 1860
1 129 3 47 3 42 1 1861
1 136 3 41 3 52 2 1862
1 29 3 55 3 54 1 1863
0 93 3 39 3 41 6 1864
1 21 3 52 3 49 1 1865
0 125 3 37 3 33 3 1866
1 29 3 37 3 37 1 1867
0 74 3 61 3 65 3 1868
0 132 3 52 3 53 3 1869
0 8 3 35 3 42 3 1870
1 61 3 53 3 53 2 1871
0 110 3 52 3 49 3 1872
0 61 3 37 3 48 3 1873
0 125 3 58 3 60 3 1874
1 29 3 36 3 38 5 1875
0 29 3 56 3 51 3 1876
0 90 3 43 3 38 3 1877
1 93 3 49 3 42 2 1878
0 100 3 43 3 37 3 1879
1 29 2 51 3 41 1 1880
0 93 3 46 3 42 3 1881
0 66 3 50 3 50 3 1882
1 29 3 46 3 43 2 1883
0 32 3 45 3 44 3 1884
1 54 3 40 3 45 3 1885
0 73 3 34 3 32 3 1886
0 61 3 42 3 35 3 1887
1 125 3 42 3 43 1 1888
0 96 3 40 3 45 3 1889
1 18 3 39 3 62 2 1890
0 134 3 46 3 38 3 1891
0 20 3 49 3 47 3 1892
0 113 3 38 3 44 3 1893
1 84 2 43 2 49 2 1894
0 61 3 55 3 51 3 1895
1 29 3 51 3 45 1 1896
1 93 3 42 3 47 5 1897
0 105 3 53 3 47 3 1898
1 125 3 41 3 44 1 1899
0 50 3 50 3 47 3 1900
1 125 3 46 3 49 5 1901
1 89 3 45 3 47 2 1902
1 55 3 43 3 41 2 1903
1 125 3 49 3 37 1 1904
1 125 3 40 3 13 2 1905
1 93 3 39 3 54 1 1906
1 125 3 45 3 43 1 1907
1 46 3 43 3 43 2 1908
0 61 3 37 3 37 3 1909
1 93 3 49 3 40 1 1910
1 29 3 42 3 39 1 1911
0 78 3 48 3 49 3 1912
0 2 3 36 3 47 3 1913
1 93 3 41 3 41 2 1914
1 29 3 58 3 54 6 1915
1 61 3 37 3 43 5 1916
1 125 3 53 3 51 1 1917
0 48 3 53 3 52 3 1918
1 42 3 44 3 38 3 1919
1 61 3 55 3 35 1 1920
1 61 3 39 3 39 1 1921
1 80 3 46 3 31 2 1922
1 61 3 53 1 39 3 1923
1 80 3 48 3 37 1 1924
1 125 3 55 3 47 1 1925
1 28 3 43 3 39 2 1926
1 61 3 39 3 44 5 1927
0 93 3 40 3 33 3 1928
1 93 3 53 3 55 2 1929
1 142 3 43 3 36 1 1930
1 29 3 47 3 50 5 1931
0 11 3 39 3 43 3 1932
1 66 3 47 3 36 2 1933
0 61 3 53 3 33 3 1934
1 93 3 41 3 37 1 1935
0 125 3 40 3 43 3 1936
0 10 3 47 3 43 3 1937
1 36 3 52 3 48 1 1938
0 43 3 43 2 52 3 1939
0 29 3 41 2 32 3 1940
0 93 3 39 3 39 5 1941
0 122 3 43 3 45 3 1942
1 93 3 38 3 46 6 1943
1 93 3 37 2 41 1 1944
1 56 3 48 3 39 2 1945
0 121 3 52 2 50 3 1946
1 98 3 51 3 56 4 1947
0 93 3 39 3 46 5 1948
1 86 3 43 3 52 1 1949
0 29 4 34 3 37 3 1950
0 125 3 41 3 41 6 1951
1 142 3 42 3 44 1 1952
1 125 3 44 3 42 1 1953
0 125 0 35 3 59 3 1954
0 71 3 47 3 54 3 1955
1 36 3 48 3 45 1 1956
0 61 3 36 3 35 5 1957
1 29 3 46 3 36 3 1958
0 106 3 52 3 48 4 1959
1 134 3 47 2 62 1 1960
0 61 3 39 3 44 3 1961
0 59 3 38 3 33 3 1962
1 29 3 53 3 50 3 1963
0 17 3 47 3 57 3 1964
1 125 3 48 3 44 1 1965
0 22 3 49 3 48 3 1966
0 125 3 54 3 51 3 1967
1 123 3 51 3 53 4 1968
0 6 3 50 2 47 3 1969
0 125 3 50 3 52 3 1970
1 91 3 50 3 48 1 1971
1 93 3 44 3 52 2 1972
1 134 3 42 3 45 1 1973
0 48 3 47 3 44 4 1974
0 93 3 56 3 42 4 1975
1 26 3 47 2 47 4 1976
1 34 3 47 1 49 2 1977
1 125 3 48 3 44 3 1978
1 29 2 45 2 42 1 1979
0 29 3 49 3 38 3 1980
0 93 3 45 3 37 3 1981
0 52 3 51 2 26 3 1982
1 93 3 42 3 38 6 1983
0 13 3 37 3 54 3 1984
1 125 3 46 3 37 1 1985
1 61 3 37 3 38 1 1986
0 112 3 40 3 52 3 1987
1 29 3 48 3 43 2 1988
0 70 3 52 3 59 3 1989
1 93 2 43 2 41 1 1990
1 143 3 42 3 50 1 1991
1 61 3 51 2 63 1 1992
1 18 3 49 3 43 1 1993
0 5 3 61 3 57 3 1994
0 125 3 49 3 46 3 1995
0 58 3 35 2 34 3 1996
0 29 3 37 3 39 5 1997
1 37 3 36 3 38 1 1998
0 33 3 38 3 43 3 1999
