1 14 54 44 58 37 4 0
0 132 56 39 53 43 3 1
0 72 98 21 98 16 3 2
1 130 43 35 43 31 1 3
0 46 31 45 28 57 3 4
1 103 53 32 55 26 1 5
1 106 6 41 5 53 1 6
1 98 56 55 51 44 1 7
0 95 50 79 52 77 3 8
1 3 91 33 92 26 2 9
1 69 60 75 57 73 1 10
1 21 58 29 49 46 1 11
0 21 51 49 48 59 3 12
1 18 49 17 43 22 1 13
0 56 50 49 51 45 5 14
0 116 7 47 6 55 5 15
1 113 90 40 90 36 1 16
0 84 65 33 63 32 3 17
0 13 57 80 52 80 3 18
1 126 5 64 4 79 2 19
0 56 38 49 43 57 3 20
0 115 69 43 64 45 3 21
0 130 6 34 5 40 3 22
0 106 29 53 28 56 3 23
1 47 47 45 48 40 2 24
0 27 49 56 55 50 3 25
0 121 36 47 34 56 3 26
0 125 60 21 60 1 3 27
1 132 56 78 59 71 1 28
1 80 69 40 64 43 2 29
1 15 54 26 57 34 1 30
0 78 6 42 6 58 3 31
1 104 61 34 62 32 1 32
1 122 56 41 61 38 3 33
1 19 54 40 52 54 1 34
1 99 55 42 50 49 3 35
0 0 57 22 63 25 3 36
0 143 31 43 28 49 3 37
1 89 43 64 47 56 4 38
0 10 63 38 62 42 3 39
1 2 5 70 5 74 1 40
0 80 68 35 69 40 3 41
0 68 56 25 51 18 3 42
0 112 66 37 62 39 3 43
1 105 47 44 46 52 1 44
0 18 62 34 57 45 5 45
1 103 51 24 47 30 2 46
0 75 63 30 61 34 3 47
0 24 68 26 67 23 3 48
0 140 38 14 44 12 3 49
0 111 65 43 66 41 4 50
1 42 55 25 49 36 1 51
1 70 51 19 48 21 2 52
0 138 62 45 58 48 3 53
0 2 85 96 87 94 3 54
0 68 56 29 59 25 3 55
1 32 39 10 42 12 1 56
1 52 58 16 54 22 1 57
0 16 65 28 66 46 3 58
1 16 31 13 29 11 1 59
1 24 62 1 59 1 2 60
0 84 92 26 89 35 3 61
0 119 72 32 68 40 3 62
0 114 48 1 58 2 3 63
1 73 46 54 45 43 1 64
1 106 6 49 3 42 2 65
0 66 56 41 71 39 3 66
1 36 61 43 63 49 3 67
0 126 37 43 45 27 3 68
1 82 46 3 42 4 2 69
1 0 59 29 58 33 1 70
0 60 62 2 78 7 3 71
0 38 56 30 53 32 3 72
1 96 51 77 54 79 1 73
1 139 6 37 6 34 5 74
0 143 34 41 31 44 3 75
0 94 61 44 58 40 3 76
1 9 53 56 49 54 1 77
0 26 67 40 59 40 3 78
0 96 56 40 59 41 3 79
1 101 92 24 90 40 2 80
0 120 64 41 54 38 3 81
1 96 88 94 86 95 1 82
0 39 56 45 52 45 3 83
1 69 28 60 30 61 1 84
0 121 42 29 39 45 3 85
0 41 55 80 51 80 3 86
0 5 67 48 63 56 3 87
1 27 50 48 53 39 1 88
0 91 40 38 39 56 3 89
0 48 61 32 58 23 3 90
1 120 59 40 56 34 1 91
1 25 57 28 47 57 2 92
1 64 88 93 86 94 1 93
1 72 7 53 7 38 2 94
0 8 61 25 58 31 3 95
1 130 54 51 47 53 1 96
0 62 63 1 56 1 3 97
1 27 57 18 56 20 1 98
1 1 59 19 53 19 2 99
1 6 67 44 70 37 1 100
0 47 6 52 6 33 3 101
0 130 47 4 45 3 3 102
1 70 54 53 49 47 1 103
1 104 61 27 54 26 1 104
0 117 40 16 42 19 3 105
1 15 58 1 65 1 1 106
0 111 43 4 46 4 3 107
1 18 29 35 26 41 1 108
0 136 98 17 98 14 3 109
0 126 32 49 30 50 3 110
0 67 49 2 54 1 4 111
1 6 56 42 31 42 1 112
0 133 52 80 56 80 3 113
1 128 34 16 39 14 5 114
1 22 62 19 59 19 1 115
0 119 41 30 46 35 3 116
0 27 6 52 6 45 3 117
0 16 57 37 53 46 3 118
0 140 62 48 60 64 3 119
0 15 61 1 57 2 5 120
1 130 62 35 47 52 1 121
0 92 52 20 49 21 3 122
0 63 90 36 92 30 3 123
0 54 6 30 6 34 3 124
1 45 45 50 42 39 1 125
1 132 48 45 46 49 1 126
0 37 68 36 68 44 3 127
0 143 46 4 41 4 3 128
1 131 92 30 92 27 1 129
1 112 42 32 45 28 1 130
0 18 91 33 90 42 6 131
0 22 86 5 84 4 3 132
1 2 92 31 92 27 1 133
0 12 68 33 69 35 3 134
1 47 7 44 6 69 1 135
1 86 55 45 53 28 1 136
0 87 57 38 62 35 3 137
1 136 48 59 49 57 1 138
0 128 57 41 57 34 6 139
1 93 56 30 58 29 1 140
0 141 62 42 59 47 3 141
1 96 68 43 66 40 1 142
0 74 6 38 6 30 3 143
1 80 59 35 58 45 1 144
0 125 69 36 70 33 3 145
0 119 64 53 65 49 3 146
0 126 45 62 43 63 3 147
0 2 5 39 6 32 4 148
1 33 92 29 91 27 5 149
0 95 47 44 50 19 3 150
1 126 5 39 6 27 1 151
0 5 49 79 51 77 3 152
0 24 48 54 54 38 3 153
0 25 55 32 56 35 4 154
0 7 53 27 55 24 3 155
0 97 51 25 56 23 3 156
0 71 32 53 27 74 3 157
0 115 39 29 43 31 3 158
0 102 43 2 47 3 3 159
1 34 40 37 31 34 1 160
1 110 52 32 49 28 1 161
0 24 50 41 62 38 3 162
1 34 46 31 54 26 3 163
0 119 72 32 70 35 3 164
1 105 58 36 59 34 2 165
0 97 44 30 45 27 3 166
0 0 56 50 54 46 3 167
1 103 49 38 55 36 1 168
0 89 43 11 37 13 3 169
1 128 51 31 53 29 1 170
1 143 36 59 51 27 2 171
1 37 7 45 6 57 3 172
1 72 47 60 50 53 5 173
1 77 59 25 61 26 2 174
0 108 68 33 61 51 3 175
1 121 55 35 55 40 3 176
1 42 33 50 30 53 1 177
0 5 57 52 60 56 3 178
1 128 51 29 53 24 5 179
0 77 57 51 56 49 3 180
1 124 59 1 62 1 5 181
1 32 55 51 56 39 1 182
1 98 60 28 55 27 1 183
0 74 58 31 56 46 5 184
0 7 33 46 26 69 5 185
1 100 6 50 3 52 2 186
1 115 53 79 53 76 1 187
0 107 51 47 49 51 3 188
0 11 48 3 36 4 5 189
1 79 71 39 66 41 1 190
1 61 70 6 80 5 1 191
1 3 60 34 55 42 2 192
0 107 45 50 32 57 6 193
1 70 34 41 30 44 1 194
0 80 16 50 22 65 5 195
0 105 61 17 59 18 3 196
1 23 51 37 53 34 2 197
0 124 91 33 92 28 3 198
0 78 5 64 5 71 3 199
1 46 68 36 68 41 2 200
0 32 57 78 54 77 3 201
0 101 53 60 63 44 3 202
0 44 51 48 24 28 5 203
1 108 69 38 63 47 1 204
1 122 5 67 3 52 2 205
0 17 43 57 39 54 3 206
1 111 80 5 78 6 1 207
1 143 33 44 28 49 1 208
0 110 34 41 31 44 3 209
1 132 57 49 53 46 3 210
0 112 64 45 53 43 3 211
1 42 38 14 41 13 1 212
0 33 51 16 50 18 3 213
0 0 73 31 69 41 3 214
0 61 61 35 52 39 3 215
0 68 57 48 59 36 3 216
0 19 48 19 51 19 3 217
0 41 46 58 48 56 3 218
0 25 48 54 47 56 5 219
0 56 54 80 48 79 3 220
1 108 29 54 30 48 1 221
1 13 43 4 47 4 4 222
1 41 55 41 56 39 2 223
1 0 71 37 72 35 1 224
0 4 88 92 87 94 3 225
0 73 61 40 58 36 5 226
1 41 50 53 52 59 6 227
0 128 47 3 42 2 3 228
0 99 45 21 37 19 3 229
0 41 67 42 65 44 3 230
1 60 54 69 58 50 2 231
1 112 67 73 74 67 1 232
0 102 59 50 58 47 3 233
1 67 6 44 6 50 1 234
1 91 49 47 54 42 1 235
0 52 43 30 42 33 3 236
0 14 60 34 61 38 3 237
1 42 48 54 43 45 4 238
0 17 55 72 49 77 3 239
0 110 65 38 60 38 3 240
0 41 55 49 52 60 3 241
1 13 69 46 68 44 2 242
1 133 49 55 52 53 1 243
1 104 67 37 69 36 5 244
1 0 52 46 46 67 1 245
0 32 37 13 39 12 3 246
0 85 26 25 30 38 3 247
0 141 38 56 45 55 3 248
1 104 68 40 66 41 2 249
0 24 50 47 51 55 4 250
1 126 7 43 5 35 2 251
0 91 56 39 56 44 3 252
1 74 41 29 23 21 1 253
0 90 63 18 58 19 3 254
0 44 52 45 58 37 3 255
1 26 51 29 56 38 1 256
0 141 62 51 64 41 3 257
1 87 50 53 43 45 3 258
1 62 67 1 58 1 5 259
1 44 43 57 40 58 1 260
1 84 69 35 72 37 2 261
1 40 55 18 38 18 1 262
1 139 52 49 38 51 5 263
0 130 68 35 48 44 5 264
1 98 52 48 48 53 3 265
1 80 67 43 72 30 2 266
1 75 63 31 30 14 3 267
1 65 55 52 56 50 5 268
0 68 55 38 53 39 3 269
1 41 30 48 26 52 1 270
1 60 61 49 55 66 1 271
0 62 46 69 52 56 3 272
1 114 6 44 6 21 1 273
1 141 61 30 60 27 2 274
0 35 88 93 85 94 3 275
1 54 66 41 72 32 1 276
0 86 59 1 64 1 3 277
1 24 28 48 31 51 2 278
0 50 45 62 42 61 3 279
0 32 60 34 61 38 3 280
0 29 58 18 61 17 3 281
1 7 6 45 6 42 6 282
1 98 54 32 50 35 1 283
1 21 56 42 59 42 1 284
0 46 91 38 90 41 3 285
0 18 91 35 92 24 6 286
0 49 57 39 54 41 3 287
0 9 57 40 50 51 3 288
1 50 64 52 67 36 2 289
0 22 62 1 54 2 3 290
1 53 56 20 51 20 2 291
1 77 49 50 55 42 1 292
1 87 32 54 32 47 1 293
0 108 56 80 51 81 3 294
0 24 67 33 66 39 3 295
0 91 54 43 50 49 3 296
1 116 6 68 4 55 1 297
1 24 70 39 68 38 1 298
0 60 69 37 62 30 3 299
0 111 57 32 56 27 3 300
0 110 64 16 55 18 3 301
0 51 67 40 59 26 3 302
1 142 60 38 61 35 2 303
0 64 67 38 62 46 3 304
1 106 31 41 32 47 1 305
0 3 57 42 57 53 3 306
1 45 61 40 58 42 1 307
0 117 6 36 5 38 3 308
0 38 51 55 52 47 3 309
0 140 73 66 69 72 3 310
0 55 5 69 6 64 3 311
0 86 59 73 51 78 3 312
0 115 98 25 98 31 3 313
1 117 60 33 54 42 2 314
0 133 56 80 45 80 3 315
1 50 48 34 47 29 3 316
0 46 54 67 45 71 3 317
0 82 51 57 53 54 3 318
1 15 6 69 5 67 1 319
1 142 52 45 54 40 2 320
0 131 56 58 55 46 3 321
1 23 51 36 50 25 1 322
0 139 61 1 40 1 5 323
1 80 70 43 73 33 1 324
0 138 63 80 67 73 3 325
0 62 48 44 61 52 3 326
1 79 41 31 42 36 1 327
1 107 33 2 36 2 3 328
1 77 6 33 6 24 1 329
0 134 46 71 49 63 3 330
0 126 59 75 32 78 3 331
1 96 44 2 47 3 1 332
1 108 60 36 63 38 1 333
1 11 61 29 63 37 1 334
1 88 62 45 54 56 1 335
1 64 42 10 36 12 5 336
1 140 62 37 99 71 1 337
0 75 55 38 54 41 3 338
0 53 54 41 53 44 3 339
1 139 6 29 6 33 5 340
1 65 50 51 50 55 1 341
0 7 31 45 27 49 3 342
0 111 54 46 57 35 3 343
0 85 63 48 57 57 4 344
1 113 57 38 54 24 2 345
1 24 67 35 66 39 5 346
0 116 52 60 50 62 3 347
1 3 51 48 36 39 1 348
1 37 50 46 46 73 1 349
0 102 38 41 32 37 3 350
0 96 47 67 49 60 5 351
1 82 39 4 43 4 1 352
0 132 59 43 55 44 3 353
1 56 54 43 33 44 1 354
0 36 30 61 27 61 3 355
1 0 52 38 56 42 1 356
0 69 56 43 60 37 3 357
1 3 91 33 90 36 4 358
0 66 56 50 62 48 3 359
1 80 37 13 40 13 1 360
0 80 6 40 4 47 3 361
1 108 35 15 54 58 2 362
1 115 51 27 45 38 1 363
1 21 45 59 52 55 1 364
1 109 50 2 47 2 2 365
1 53 57 40 55 43 1 366
0 17 44 11 39 11 3 367
0 104 67 39 67 35 3 368
1 108 89 30 91 40 2 369
1 5 56 53 61 44 1 370
0 40 42 41 42 24 3 371
0 39 44 10 43 12 3 372
0 86 35 16 71 37 3 373
1 7 31 53 31 39 2 374
0 74 55 55 50 64 3 375
0 50 50 27 52 25 3 376
0 97 49 80 51 81 4 377
0 108 73 32 70 37 3 378
1 44 54 41 47 41 1 379
0 32 4 31 17 65 3 380
0 55 72 37 71 40 3 381
0 16 64 35 50 57 3 382
1 4 53 20 52 18 6 383
0 97 61 30 62 33 3 384
1 1 6 43 7 38 1 385
0 14 31 13 41 11 3 386
0 10 35 2 41 3 3 387
1 48 43 76 61 73 1 388
1 138 68 77 66 79 1 389
1 19 5 24 5 27 1 390
1 58 68 36 65 42 1 391
0 114 57 30 61 16 3 392
1 24 42 41 46 40 1 393
0 27 59 18 47 19 3 394
1 106 51 64 56 49 1 395
1 35 55 31 51 36 1 396
1 91 59 46 55 37 1 397
0 113 52 34 55 30 3 398
1 79 41 36 38 40 5 399
1 37 67 93 65 91 5 400
0 124 63 41 58 38 3 401
0 25 87 3 85 4 3 402
0 29 69 43 63 47 3 403
0 29 29 58 23 41 3 404
1 86 56 73 31 78 2 405
1 34 52 76 46 75 1 406
0 84 62 46 63 44 3 407
0 46 49 3 46 4 6 408
1 51 42 4 35 4 1 409
0 141 6 62 6 57 3 410
1 130 50 20 52 17 1 411
0 130 6 29 6 33 5 412
1 109 49 4 47 3 1 413
0 128 46 31 41 36 3 414
0 108 63 32 43 18 3 415
0 57 31 4 20 4 3 416
0 139 52 41 53 47 5 417
0 54 31 44 28 48 3 418
0 0 39 73 43 64 5 419
0 120 59 76 55 75 3 420
0 130 68 40 71 39 3 421
0 74 29 55 32 57 3 422
1 43 46 36 52 45 1 423
1 39 56 40 52 29 5 424
1 29 58 45 63 36 1 425
0 7 54 52 51 49 3 426
0 79 40 13 28 11 3 427
1 123 31 59 27 65 1 428
0 52 67 34 50 45 3 429
1 14 88 93 86 95 6 430
1 76 67 40 70 39 1 431
0 64 28 47 30 48 3 432
1 36 49 79 57 75 1 433
0 95 98 18 98 29 4 434
1 87 30 58 30 62 1 435
0 69 55 80 57 75 3 436
0 5 52 76 57 76 3 437
1 1 59 22 54 24 1 438
1 19 68 40 64 44 1 439
1 92 71 38 69 37 1 440
1 64 70 32 73 33 2 441
1 73 51 50 53 48 1 442
1 44 91 39 90 37 1 443
0 141 56 29 57 31 3 444
1 78 91 21 92 25 5 445
1 93 51 51 49 55 3 446
0 76 98 17 98 23 3 447
0 103 60 22 55 33 3 448
1 65 61 24 60 33 1 449
1 29 56 43 52 44 1 450
0 9 53 33 48 36 3 451
1 132 40 12 34 14 2 452
1 5 66 47 65 53 1 453
1 60 81 5 70 6 1 454
0 113 58 30 60 25 3 455
0 131 66 38 68 36 3 456
1 18 64 43 63 45 1 457
1 51 52 22 53 43 5 458
1 102 65 28 58 40 5 459
0 28 98 18 98 27 3 460
0 92 54 19 28 24 3 461
0 116 62 22 62 28 3 462
1 120 90 36 91 32 1 463
0 141 45 52 24 19 4 464
0 103 28 56 25 65 3 465
1 124 57 40 55 42 1 466
0 108 49 56 44 62 3 467
1 13 5 67 6 61 2 468
0 104 54 48 61 40 3 469
1 6 61 31 61 37 1 470
1 119 70 37 68 36 1 471
0 10 42 3 47 2 3 472
1 57 54 50 53 46 6 473
1 5 61 33 69 40 2 474
0 59 45 61 47 57 3 475
0 128 54 31 60 27 4 476
1 102 6 30 6 20 5 477
1 141 46 40 46 47 1 478
1 22 42 12 44 11 1 479
0 51 28 55 31 57 3 480
1 65 28 42 27 58 1 481
1 137 54 25 61 19 1 482
0 106 60 41 57 47 3 483
1 114 39 44 42 40 1 484
0 37 57 43 58 39 3 485
1 124 58 2 61 1 1 486
1 81 43 54 47 54 6 487
1 20 71 35 64 46 1 488
0 103 57 66 60 64 5 489
1 89 49 37 55 28 2 490
0 40 60 18 52 15 3 491
1 48 40 11 38 13 1 492
1 136 6 49 7 38 2 493
0 79 40 43 36 41 3 494
0 43 43 65 50 51 3 495
0 125 58 57 62 35 3 496
0 58 52 31 59 31 3 497
0 133 35 47 38 48 3 498
1 23 57 35 60 22 1 499
1 84 62 40 66 46 1 500
0 96 40 12 38 13 3 501
1 34 46 53 47 47 1 502
1 0 56 42 51 47 1 503
0 100 98 21 98 18 6 504
1 63 66 92 64 96 1 505
1 139 6 31 6 34 1 506
0 14 42 32 38 46 3 507
0 135 51 27 46 31 3 508
1 19 48 51 45 36 1 509
0 53 56 41 53 52 3 510
0 67 52 45 36 48 3 511
1 38 49 42 54 38 1 512
1 60 29 58 28 61 2 513
1 14 98 21 98 2 5 514
1 17 6 65 5 67 1 515
0 17 47 3 49 2 3 516
1 92 66 40 62 40 5 517
1 90 26 50 32 49 1 518
0 39 57 40 27 30 3 519
0 66 52 80 55 80 4 520
0 9 59 34 61 37 3 521
0 41 34 40 32 44 3 522
0 79 61 17 63 18 3 523
1 140 58 48 49 50 2 524
0 92 45 4 42 4 3 525
1 141 68 39 68 43 2 526
1 128 47 56 52 47 3 527
1 80 62 44 60 43 4 528
0 94 31 51 24 50 3 529
0 79 49 23 53 19 3 530
0 123 53 77 55 76 3 531
0 0 68 40 67 43 6 532
1 55 53 43 47 40 2 533
0 102 3 13 5 31 3 534
0 80 33 12 18 10 3 535
1 25 57 29 55 31 1 536
0 99 62 29 65 33 3 537
0 58 44 11 41 9 4 538
1 64 52 42 58 32 1 539
0 43 63 39 60 39 3 540
0 87 49 67 49 57 3 541
0 82 67 37 66 40 3 542
0 68 63 32 54 55 3 543
1 108 6 65 4 76 1 544
0 32 65 51 69 45 3 545
1 122 52 80 47 80 1 546
0 61 5 68 5 73 3 547
0 100 67 35 55 58 5 548
0 1 45 4 41 4 3 549
1 64 57 31 58 37 2 550
1 117 52 54 49 60 4 551
0 94 43 56 47 52 3 552
1 129 53 50 55 41 1 553
1 72 28 48 32 45 1 554
1 13 57 39 52 35 1 555
1 32 58 33 54 38 2 556
1 50 88 92 86 94 3 557
1 108 92 27 90 26 1 558
1 128 54 27 48 19 2 559
0 96 67 38 64 52 3 560
0 54 71 33 74 31 3 561
0 109 55 53 48 78 3 562
0 113 67 33 67 42 3 563
1 135 46 2 49 2 2 564
0 4 48 30 50 31 3 565
0 39 60 36 58 38 3 566
1 116 69 46 64 46 2 567
1 67 5 71 6 65 1 568
1 111 78 6 73 6 2 569
0 20 83 4 82 2 6 570
0 28 55 63 64 46 3 571
0 121 66 73 70 72 6 572
0 1 91 21 88 28 3 573
1 40 54 39 56 38 1 574
1 121 71 35 67 36 2 575
1 41 49 19 47 21 2 576
0 129 54 36 57 44 3 577
0 108 47 59 49 50 3 578
1 80 66 92 65 94 1 579
0 56 31 42 50 43 3 580
0 122 67 42 68 39 3 581
1 131 60 15 58 19 2 582
0 141 61 43 61 48 3 583
0 63 55 76 50 79 3 584
1 94 58 43 50 46 1 585
1 108 91 36 91 40 1 586
1 13 54 80 46 80 5 587
0 80 35 11 43 11 3 588
1 121 30 46 34 39 1 589
1 47 6 45 5 78 1 590
1 124 6 28 7 24 1 591
0 92 57 76 93 69 3 592
1 48 58 80 55 80 1 593
1 29 64 33 59 38 1 594
0 136 6 40 6 52 3 595
1 59 58 17 54 16 1 596
1 79 64 34 62 40 2 597
1 94 6 65 5 67 6 598
1 112 32 45 34 44 2 599
1 96 48 58 59 40 1 600
0 48 91 30 92 35 3 601
0 24 51 47 42 35 3 602
1 109 56 74 54 76 3 603
0 117 59 41 58 45 3 604
0 130 52 19 48 19 3 605
0 53 48 62 53 54 3 606
1 92 53 40 45 45 2 607
0 42 41 36 49 49 3 608
0 56 47 57 48 55 3 609
1 74 53 62 53 58 3 610
1 63 6 54 4 46 1 611
0 16 67 34 59 46 3 612
1 132 68 48 66 42 1 613
1 16 44 3 52 2 1 614
1 19 52 17 45 21 1 615
0 13 69 38 55 39 3 616
0 57 38 5 28 5 5 617
1 97 53 28 41 31 2 618
0 79 60 1 57 1 3 619
1 93 68 35 67 33 1 620
1 8 58 38 59 40 1 621
1 38 60 19 63 18 3 622
0 7 28 44 29 52 3 623
1 126 63 70 30 78 5 624
0 34 45 4 48 3 3 625
0 10 69 75 72 74 4 626
1 115 53 43 52 53 2 627
1 34 58 76 48 78 3 628
0 116 56 66 53 58 3 629
0 47 60 43 59 56 3 630
1 13 47 55 45 62 1 631
0 35 53 51 51 50 3 632
0 70 37 40 39 37 3 633
1 58 45 38 43 50 1 634
1 121 5 44 6 40 5 635
1 19 58 41 59 43 2 636
1 116 51 48 55 50 1 637
1 11 55 80 51 80 2 638
1 24 42 2 50 2 2 639
1 8 43 66 43 61 1 640
0 10 91 30 92 28 3 641
0 93 87 94 89 92 3 642
0 64 49 28 51 26 3 643
1 49 54 66 55 64 1 644
1 96 68 38 68 33 6 645
0 22 33 53 31 57 3 646
0 35 52 24 48 36 3 647
1 31 13 0 53 2 5 648
0 128 32 47 34 44 3 649
0 18 50 41 59 37 3 650
1 56 53 46 54 50 2 651
1 105 52 49 58 13 3 652
0 26 54 36 52 46 3 653
0 25 46 18 50 17 3 654
1 115 46 4 39 4 2 655
1 3 91 18 92 25 1 656
0 23 56 2 48 2 3 657
1 73 26 54 25 57 1 658
0 27 81 6 74 6 3 659
0 74 50 18 46 20 3 660
1 132 5 54 3 50 3 661
0 35 52 80 49 80 3 662
0 112 34 42 28 48 3 663
0 93 38 29 42 30 3 664
0 88 61 52 54 56 3 665
1 64 61 29 59 25 1 666
0 139 71 27 60 29 3 667
0 69 69 76 68 73 3 668
0 135 43 45 55 51 3 669
1 101 61 37 53 43 1 670
1 76 42 21 42 32 2 671
0 115 42 19 35 19 3 672
1 2 56 80 59 80 1 673
1 70 59 16 57 18 2 674
0 69 59 41 28 40 3 675
0 29 59 40 60 30 3 676
0 84 40 11 44 11 3 677
0 34 6 35 6 26 3 678
1 19 58 19 54 19 1 679
0 11 45 64 31 93 3 680
1 68 55 51 55 36 1 681
1 27 5 60 5 65 1 682
0 104 67 41 69 40 3 683
1 64 31 44 33 45 1 684
0 10 53 57 51 59 3 685
1 14 52 17 46 20 2 686
1 50 57 48 53 46 1 687
0 133 44 3 49 2 3 688
1 115 40 3 36 4 1 689
0 105 49 15 53 19 3 690
1 54 40 56 22 49 2 691
0 34 49 4 44 4 3 692
1 133 51 58 48 53 3 693
0 13 69 37 74 33 3 694
1 105 39 18 57 19 4 695
0 76 5 59 7 36 3 696
0 132 45 4 29 5 3 697
0 3 30 51 25 55 3 698
0 2 60 41 62 35 3 699
0 71 56 76 10 77 3 700
0 0 63 52 49 71 3 701
1 94 5 69 5 61 1 702
1 53 54 31 43 52 6 703
0 131 73 35 71 33 3 704
0 22 33 47 31 45 3 705
0 72 53 40 48 42 3 706
0 107 53 45 47 69 3 707
0 97 53 44 50 49 3 708
1 72 41 4 29 4 1 709
0 28 47 41 50 26 5 710
1 112 54 26 46 30 1 711
0 14 98 18 98 22 3 712
1 6 41 3 49 2 4 713
0 38 57 40 59 38 3 714
0 27 51 17 63 17 6 715
0 108 91 34 91 38 3 716
0 100 54 14 59 17 3 717
0 105 70 36 69 33 5 718
1 64 33 12 39 13 1 719
0 36 44 38 19 37 3 720
0 143 45 18 53 15 3 721
0 6 72 36 72 32 4 722
1 5 49 19 47 20 5 723
1 126 4 39 5 43 1 724
1 130 54 50 46 44 2 725
0 67 34 45 28 47 3 726
0 0 38 14 40 12 3 727
0 64 50 48 57 45 3 728
1 78 55 41 61 37 6 729
0 23 59 36 57 34 3 730
0 25 61 2 64 1 3 731
0 0 54 57 49 62 3 732
1 17 34 10 40 11 1 733
1 8 40 52 44 30 1 734
0 88 55 41 50 41 3 735
1 46 49 78 57 76 1 736
0 5 41 42 30 34 3 737
1 0 57 15 60 16 2 738
1 130 53 18 46 20 2 739
1 30 92 30 91 35 2 740
0 35 56 80 53 80 3 741
0 117 56 31 55 27 3 742
1 116 7 39 6 57 1 743
1 95 72 72 69 70 1 744
1 13 68 42 74 32 3 745
1 97 60 41 57 39 3 746
0 91 55 41 61 34 3 747
1 68 60 24 51 36 2 748
1 26 58 44 48 36 6 749
1 129 30 51 29 53 2 750
1 43 53 23 58 23 1 751
0 46 91 34 90 37 3 752
0 59 53 42 53 46 3 753
0 51 37 11 34 11 3 754
1 47 87 93 86 95 2 755
0 66 51 29 4 38 3 756
1 2 49 36 53 41 3 757
1 15 56 2 53 2 1 758
0 94 64 33 55 27 3 759
1 108 47 50 48 55 1 760
1 76 6 42 5 57 1 761
1 37 6 31 6 35 1 762
1 137 32 45 31 56 1 763
1 95 47 2 42 3 1 764
0 5 50 20 47 19 5 765
1 81 5 69 5 75 2 766
0 71 53 17 49 18 4 767
0 133 6 34 6 26 3 768
1 141 5 65 5 68 2 769
1 76 28 12 32 12 3 770
0 133 51 64 51 51 3 771
0 55 63 53 48 44 3 772
0 74 52 2 49 1 3 773
0 9 51 59 54 41 3 774
0 100 88 92 85 94 6 775
0 135 56 58 55 64 3 776
0 92 61 32 63 36 4 777
1 9 60 39 59 36 1 778
1 56 31 51 31 47 2 779
0 93 55 55 54 57 3 780
1 137 55 37 53 27 1 781
0 113 54 40 42 46 3 782
1 66 42 36 41 34 2 783
1 73 55 40 47 36 4 784
1 128 27 54 31 43 1 785
0 91 91 37 90 35 3 786
0 8 33 49 33 42 3 787
1 132 66 41 69 34 6 788
1 132 28 30 25 29 6 789
1 45 59 37 49 49 1 790
1 65 67 37 63 45 1 791
1 77 50 26 40 23 3 792
0 14 56 27 55 30 3 793
1 58 62 36 62 28 1 794
0 60 81 2 84 4 3 795
1 118 61 15 50 14 1 796
0 3 90 36 92 29 6 797
1 12 62 24 59 31 1 798
0 104 33 43 58 29 3 799
0 78 90 38 92 30 3 800
0 89 71 71 70 74 3 801
0 97 56 43 53 41 3 802
1 88 47 46 49 44 1 803
1 104 52 27 50 33 1 804
0 35 41 3 52 1 3 805
0 3 1 95 3 96 3 806
1 112 53 43 57 47 1 807
0 14 53 40 56 36 3 808
1 143 58 18 46 19 5 809
0 23 66 16 63 16 3 810
1 126 52 45 55 47 1 811
1 99 68 36 69 40 2 812
1 114 71 68 74 67 1 813
1 139 6 31 6 34 1 814
0 40 63 70 59 70 3 815
1 39 63 30 60 16 6 816
1 81 55 47 61 35 1 817
1 18 52 73 51 79 3 818
1 90 65 41 43 17 3 819
0 115 98 23 98 20 3 820
0 102 59 45 61 35 3 821
0 59 51 2 48 2 6 822
0 73 68 73 71 74 3 823
0 76 63 40 62 45 3 824
0 37 6 58 7 53 3 825
0 14 55 50 58 45 3 826
1 5 46 20 52 19 5 827
1 130 53 70 57 46 1 828
0 107 44 30 45 33 3 829
1 24 41 34 40 36 1 830
0 0 60 48 61 50 3 831
1 115 46 31 46 34 2 832
0 40 6 65 5 62 3 833
0 80 98 20 98 17 3 834
0 22 98 25 98 32 3 835
1 27 66 16 43 15 1 836
0 54 46 53 47 50 3 837
0 95 69 33 65 23 3 838
0 138 44 4 41 4 3 839
0 51 87 93 86 89 3 840
0 128 53 29 50 27 5 841
1 53 53 40 58 32 3 842
0 109 59 56 56 59 3 843
1 24 65 50 68 39 4 844
1 78 55 75 59 77 2 845
0 36 29 54 32 46 3 846
1 35 3 96 1 95 2 847
1 96 61 31 57 36 1 848
0 132 65 76 67 74 3 849
1 0 67 33 68 40 1 850
0 143 74 34 67 43 3 851
0 103 43 54 38 48 3 852
0 51 48 3 36 4 6 853
0 60 66 44 64 32 3 854
1 136 67 42 68 38 1 855
1 116 65 49 44 17 2 856
0 27 6 66 5 68 5 857
1 107 55 38 51 36 1 858
1 140 60 34 61 32 1 859
0 39 73 35 71 42 3 860
0 93 42 20 46 15 3 861
1 32 60 2 57 2 2 862
1 136 60 31 42 37 1 863
0 33 51 50 51 54 3 864
1 3 59 26 53 16 1 865
1 135 39 40 42 39 1 866
0 16 37 13 22 11 3 867
1 66 67 48 55 40 2 868
0 120 55 40 50 33 3 869
1 139 5 20 6 17 1 870
0 3 6 45 6 49 3 871
0 46 98 14 98 21 3 872
1 37 6 34 6 29 1 873
0 15 46 48 50 38 3 874
1 5 55 66 56 60 2 875
0 118 57 40 53 46 3 876
0 93 6 30 6 34 3 877
0 9 57 39 61 32 3 878
0 67 62 50 61 48 3 879
1 8 52 78 58 75 2 880
0 87 48 43 59 27 3 881
1 15 61 1 55 2 5 882
1 105 68 36 61 39 1 883
1 21 62 49 54 55 1 884
1 135 55 43 52 42 6 885
0 57 67 74 69 76 3 886
1 58 23 22 14 20 1 887
1 101 3 13 6 40 1 888
1 78 59 45 61 46 1 889
1 12 55 78 52 76 1 890
0 39 54 50 49 51 3 891
0 103 44 4 41 4 3 892
0 53 47 2 51 2 3 893
1 30 55 41 59 33 1 894
1 88 53 30 53 33 2 895
1 3 77 6 80 7 1 896
1 48 29 53 35 30 1 897
1 143 47 4 44 4 2 898
0 93 39 28 43 22 3 899
1 1 51 75 67 72 1 900
1 39 31 4 28 4 1 901
1 43 70 39 70 35 2 902
0 142 80 6 62 2 3 903
1 32 57 40 55 41 3 904
0 19 77 6 80 6 3 905
0 32 35 40 22 59 3 906
1 54 63 40 61 47 1 907
0 16 29 47 27 50 3 908
1 141 62 42 63 39 1 909
0 137 58 33 53 37 3 910
0 15 59 1 55 2 3 911
1 105 6 61 7 47 4 912
1 0 59 39 59 45 1 913
0 105 60 18 55 18 3 914
1 74 43 24 49 21 6 915
1 0 67 42 70 15 1 916
0 27 80 5 74 6 3 917
0 138 60 23 57 29 3 918
0 71 55 25 47 25 3 919
0 53 61 35 58 36 3 920
0 121 65 76 70 70 3 921
1 104 30 14 25 21 3 922
0 10 80 5 76 7 3 923
1 18 51 42 49 39 1 924
1 12 63 31 60 28 1 925
1 41 62 54 62 50 1 926
1 107 54 30 50 37 3 927
1 102 72 72 68 77 1 928
1 40 67 41 66 38 2 929
0 111 55 45 48 60 5 930
0 90 44 25 46 27 3 931
1 66 67 46 67 49 1 932
1 46 5 39 6 43 1 933
1 38 6 58 5 56 1 934
0 119 65 76 70 68 3 935
1 139 61 2 63 1 2 936
0 113 35 41 32 37 3 937
1 14 98 19 98 16 1 938
1 77 58 2 62 2 3 939
0 15 58 1 61 1 3 940
1 112 50 32 48 33 3 941
0 48 70 36 69 38 3 942
1 26 48 69 44 62 1 943
0 123 34 42 29 64 3 944
0 28 58 53 56 51 3 945
0 136 7 36 5 71 3 946
1 63 76 7 78 6 1 947
0 78 55 80 53 81 3 948
0 40 39 33 43 40 3 949
0 37 91 32 91 35 3 950
0 13 6 63 5 68 3 951
1 100 98 18 98 25 2 952
0 8 6 49 6 52 3 953
0 73 32 56 46 52 3 954
1 140 41 32 40 30 1 955
0 35 89 93 85 96 3 956
1 0 66 39 64 44 1 957
1 65 57 33 56 49 2 958
0 74 48 20 50 19 3 959
0 77 39 47 36 25 3 960
1 46 6 31 4 29 3 961
1 87 53 42 56 43 2 962
1 117 49 28 42 26 1 963
0 96 62 50 63 47 3 964
1 107 88 94 86 92 5 965
0 43 48 49 43 53 3 966
1 70 52 45 44 51 1 967
1 111 68 35 69 38 1 968
0 128 57 40 55 39 3 969
0 128 6 47 7 45 3 970
1 65 58 49 55 53 1 971
0 47 58 36 59 34 3 972
0 24 40 4 45 3 3 973
1 143 30 48 32 52 1 974
1 96 54 38 57 39 1 975
0 13 74 32 68 39 3 976
1 115 69 24 60 29 2 977
1 22 53 44 43 38 1 978
1 80 45 4 28 4 1 979
0 36 57 30 55 31 3 980
1 31 60 1 57 1 1 981
1 98 91 32 92 30 1 982
0 74 61 49 61 41 3 983
0 52 69 40 65 43 3 984
1 16 66 47 62 51 1 985
1 128 28 54 30 45 1 986
1 9 29 48 33 42 2 987
1 65 53 18 49 16 3 988
1 65 59 36 61 38 1 989
1 115 98 16 98 21 1 990
0 34 30 45 28 48 3 991
1 118 60 17 49 21 2 992
1 45 51 27 54 28 2 993
0 1 35 15 31 16 3 994
0 109 46 57 39 74 3 995
0 84 46 48 43 63 3 996
0 83 61 35 64 27 3 997
0 130 7 51 6 54 3 998
0 134 56 39 58 38 3 999
1 116 59 29 61 28 5 1000
1 54 53 36 61 39 1 1001
0 103 39 14 36 13 3 1002
1 11 83 4 85 2 2 1003
0 75 48 57 48 65 3 1004
1 49 53 25 60 30 3 1005
0 57 46 58 47 56 4 1006
0 114 74 6 73 8 3 1007
1 112 36 13 34 15 1 1008
0 8 61 2 79 6 3 1009
1 112 30 45 33 45 1 1010
0 79 31 45 28 57 3 1011
0 117 52 32 50 34 3 1012
0 28 55 73 98 67 3 1013
0 81 51 28 47 21 3 1014
1 18 60 0 57 0 1 1015
0 78 56 80 48 80 3 1016
0 121 6 33 6 29 3 1017
1 18 44 3 39 5 1 1018
1 111 65 45 68 47 2 1019
1 48 6 64 5 69 2 1020
0 38 44 37 41 44 3 1021
0 40 5 68 6 64 3 1022
1 102 6 31 6 25 1 1023
1 91 49 72 59 54 1 1024
1 42 89 92 87 93 1 1025
1 141 51 76 49 71 3 1026
0 137 27 58 27 61 3 1027
0 37 72 39 63 24 3 1028
1 9 41 12 43 11 1 1029
1 38 54 32 48 38 5 1030
1 93 91 40 91 35 2 1031
1 103 59 30 57 34 2 1032
0 119 46 31 47 29 3 1033
0 42 59 80 50 81 3 1034
1 79 86 4 87 2 1 1035
1 104 73 32 73 36 2 1036
0 70 87 94 89 92 3 1037
0 51 50 53 53 51 3 1038
1 93 39 43 44 33 1 1039
0 10 48 57 47 60 3 1040
0 3 76 5 81 5 3 1041
1 35 55 23 55 26 2 1042
0 7 60 23 59 25 3 1043
0 7 57 38 44 37 3 1044
1 128 29 53 23 49 1 1045
0 38 59 32 59 26 3 1046
1 26 66 33 76 16 3 1047
0 109 5 68 4 66 3 1048
1 41 49 47 41 68 1 1049
1 29 57 17 53 16 2 1050
0 8 5 73 3 71 3 1051
1 91 88 92 80 92 3 1052
0 57 6 57 5 55 3 1053
0 65 31 49 14 41 3 1054
1 5 43 12 40 13 3 1055
0 65 33 47 34 40 4 1056
0 100 59 41 56 33 3 1057
1 31 54 36 46 29 1 1058
1 67 53 80 40 81 1 1059
0 12 39 40 41 33 3 1060
1 112 55 41 16 19 1 1061
1 93 6 35 6 32 2 1062
1 130 58 50 61 44 1 1063
0 83 49 40 48 31 3 1064
1 126 44 4 33 4 4 1065
1 43 55 38 47 52 3 1066
1 92 58 75 59 77 1 1067
0 0 71 43 77 37 3 1068
1 64 52 39 55 40 1 1069
1 79 65 47 64 50 1 1070
0 94 66 47 61 53 3 1071
0 46 52 77 49 79 3 1072
0 104 69 37 65 39 3 1073
0 85 32 50 31 52 3 1074
0 125 51 2 53 1 3 1075
1 76 73 39 72 41 1 1076
0 94 54 80 49 80 3 1077
1 7 32 49 31 51 1 1078
1 43 98 17 98 22 3 1079
1 95 42 45 53 56 2 1080
1 127 70 36 60 60 1 1081
0 48 31 44 23 49 3 1082
0 135 37 40 39 39 3 1083
1 57 87 94 85 96 5 1084
1 129 98 16 98 8 1 1085
0 32 62 48 63 50 5 1086
1 111 50 50 52 58 2 1087
1 73 55 45 54 41 1 1088
0 142 51 41 57 39 3 1089
0 97 63 69 48 79 5 1090
0 37 46 60 43 60 3 1091
1 100 88 92 85 92 5 1092
1 24 49 51 54 47 1 1093
0 128 52 42 55 38 6 1094
0 41 40 63 41 66 3 1095
0 38 99 36 58 34 3 1096
1 6 62 31 53 43 1 1097
1 119 33 41 31 45 1 1098
0 100 31 45 32 43 3 1099
0 14 47 46 45 28 6 1100
1 48 36 10 31 13 1 1101
1 26 61 44 60 52 1 1102
1 49 63 20 59 26 2 1103
0 78 39 12 36 11 3 1104
0 46 58 38 62 39 3 1105
0 54 58 27 55 30 3 1106
0 88 52 62 55 58 3 1107
0 63 69 75 68 73 5 1108
1 94 5 67 5 64 1 1109
0 94 30 52 32 49 3 1110
1 33 46 54 32 57 1 1111
1 35 88 91 88 94 1 1112
1 90 39 56 24 29 2 1113
0 67 54 41 59 33 3 1114
1 47 45 45 49 55 1 1115
1 17 44 3 40 3 3 1116
0 106 46 32 49 29 3 1117
1 124 68 35 65 39 1 1118
1 32 55 19 38 18 2 1119
0 14 98 20 98 24 3 1120
1 60 58 80 54 80 2 1121
1 23 30 78 60 66 2 1122
1 72 46 4 44 3 1 1123
0 81 43 4 31 5 3 1124
1 65 62 34 59 41 1 1125
0 11 47 52 45 51 3 1126
0 65 52 58 54 60 3 1127
1 108 32 14 61 36 1 1128
0 24 53 45 48 55 3 1129
1 91 54 45 55 43 2 1130
1 58 31 60 31 51 1 1131
1 5 60 53 50 66 1 1132
1 13 63 13 58 20 3 1133
1 14 50 48 49 52 1 1134
0 26 53 37 48 42 3 1135
0 87 59 33 53 44 3 1136
0 40 60 18 56 18 3 1137
1 58 61 38 53 42 1 1138
1 92 43 4 45 3 2 1139
0 103 59 77 56 77 3 1140
1 35 86 91 88 93 1 1141
1 134 58 46 60 47 4 1142
1 137 68 39 63 47 1 1143
1 137 28 59 31 59 2 1144
0 91 66 41 63 46 3 1145
1 110 6 8 6 1 4 1146
0 78 50 49 52 54 3 1147
0 17 51 50 52 48 3 1148
0 14 62 38 59 44 3 1149
0 116 49 51 50 55 3 1150
0 101 61 36 55 49 3 1151
1 138 90 34 91 28 1 1152
1 121 52 42 49 52 2 1153
0 20 86 4 87 2 3 1154
0 139 6 36 5 40 4 1155
0 20 67 35 67 38 3 1156
1 1 62 17 65 16 3 1157
1 106 7 46 7 40 1 1158
0 137 41 36 41 31 3 1159
1 93 55 2 61 1 1 1160
0 106 72 36 74 30 3 1161
0 32 26 3 31 4 3 1162
1 120 58 49 57 56 3 1163
1 7 30 53 27 57 2 1164
0 122 5 71 6 67 3 1165
0 16 33 45 32 47 3 1166
1 117 56 39 60 36 3 1167
1 34 53 52 49 56 1 1168
0 88 52 43 54 41 3 1169
1 94 49 80 55 80 2 1170
0 30 60 44 53 58 3 1171
0 130 55 47 54 52 3 1172
1 4 49 23 47 20 1 1173
1 78 56 47 58 43 1 1174
0 99 54 51 48 49 3 1175
1 79 45 60 47 50 5 1176
1 16 72 30 69 20 1 1177
1 128 30 46 26 50 1 1178
0 16 58 48 59 43 3 1179
0 108 90 25 92 26 6 1180
0 57 6 54 7 38 3 1181
1 104 47 44 43 57 1 1182
0 130 52 44 54 35 3 1183
1 99 68 72 70 70 1 1184
1 47 5 38 6 54 1 1185
0 88 60 32 57 36 5 1186
0 10 37 40 35 55 3 1187
1 6 59 37 57 35 1 1188
0 93 91 28 90 36 3 1189
0 46 56 51 57 47 5 1190
1 108 69 43 65 44 1 1191
0 42 57 54 54 59 3 1192
1 38 41 3 44 3 1 1193
1 28 91 19 92 22 2 1194
0 77 58 29 60 18 3 1195
1 57 6 46 6 42 5 1196
1 23 48 38 57 28 1 1197
0 40 71 32 69 35 3 1198
1 102 54 58 49 41 1 1199
0 117 39 13 36 13 3 1200
1 140 39 40 43 38 1 1201
0 46 69 34 69 37 3 1202
1 128 55 30 57 27 5 1203
1 17 7 39 6 47 4 1204
0 117 58 36 52 33 3 1205
0 87 61 45 58 38 3 1206
0 5 56 54 56 50 3 1207
0 13 67 92 66 94 3 1208
1 103 51 61 55 55 4 1209
1 0 37 18 50 43 1 1210
1 41 57 17 56 13 2 1211
1 42 64 40 63 44 1 1212
0 141 63 25 69 25 4 1213
1 74 87 4 81 2 1 1214
1 24 68 39 69 45 1 1215
0 69 51 76 48 78 3 1216
1 124 64 52 59 61 3 1217
1 82 54 39 58 48 1 1218
0 111 52 65 56 65 3 1219
0 76 63 49 57 70 3 1220
1 122 5 70 6 68 5 1221
0 78 98 13 98 17 3 1222
1 88 53 45 57 48 2 1223
1 26 56 40 59 36 1 1224
1 113 57 40 61 23 2 1225
0 46 52 76 53 80 6 1226
1 22 59 35 61 30 1 1227
1 52 30 50 34 41 1 1228
1 102 52 60 58 58 5 1229
0 86 78 90 87 92 3 1230
1 57 61 29 58 36 2 1231
1 139 92 34 91 30 3 1232
1 135 54 41 53 29 6 1233
0 123 29 58 30 56 3 1234
0 9 55 47 51 54 3 1235
0 4 54 27 56 22 3 1236
0 135 38 4 45 3 3 1237
0 99 51 51 53 53 3 1238
0 66 52 22 65 16 4 1239
1 59 4 38 5 22 1 1240
1 23 71 37 66 43 2 1241
0 88 63 43 62 48 3 1242
0 2 69 37 65 42 3 1243
0 102 49 35 55 38 4 1244
0 133 54 50 50 48 3 1245
0 86 98 13 98 23 3 1246
1 137 51 62 47 57 1 1247
0 74 5 38 6 30 3 1248
1 126 52 41 54 39 1 1249
1 46 62 18 65 16 1 1250
0 126 40 11 42 13 3 1251
1 34 47 44 40 40 3 1252
0 127 62 2 56 2 3 1253
1 135 28 49 34 46 2 1254
0 83 6 30 6 33 3 1255
0 39 61 34 56 48 3 1256
1 31 53 75 63 56 1 1257
1 73 92 27 92 30 1 1258
0 66 54 50 49 27 3 1259
0 8 42 55 44 53 3 1260
0 8 56 31 49 37 3 1261
1 30 67 42 68 39 1 1262
1 56 55 43 54 41 1 1263
0 26 56 47 53 45 3 1264
1 32 51 48 49 51 1 1265
0 53 59 17 62 18 3 1266
1 141 32 43 30 48 2 1267
0 16 68 42 66 41 3 1268
0 120 82 4 80 6 3 1269
0 69 55 42 62 37 3 1270
0 128 56 29 57 27 4 1271
0 108 5 66 6 64 3 1272
0 65 59 1 56 2 3 1273
1 88 32 47 31 45 1 1274
1 38 43 38 40 45 4 1275
0 68 79 6 70 6 4 1276
1 140 67 33 68 39 1 1277
0 70 59 30 63 25 3 1278
1 129 35 14 41 12 2 1279
0 21 36 11 44 12 3 1280
0 64 50 19 48 21 3 1281
0 128 37 11 36 9 3 1282
1 32 58 54 55 56 1 1283
1 14 56 18 48 23 3 1284
1 22 46 22 51 25 3 1285
1 97 50 28 54 22 5 1286
1 123 55 44 53 37 2 1287
1 83 59 43 53 46 2 1288
0 92 62 31 57 38 3 1289
1 88 53 60 58 39 1 1290
1 24 53 28 58 44 1 1291
1 68 54 30 60 22 1 1292
0 128 56 29 62 20 3 1293
0 44 52 17 50 15 3 1294
0 24 55 80 51 80 3 1295
1 72 55 51 55 45 1 1296
0 77 58 1 55 2 5 1297
0 141 52 49 58 31 4 1298
0 20 68 34 60 27 3 1299
1 48 46 52 44 58 1 1300
1 104 56 38 62 32 1 1301
0 105 98 18 98 14 3 1302
1 64 33 44 32 47 2 1303
1 56 88 4 86 3 1 1304
1 74 55 53 58 51 5 1305
1 130 75 6 83 4 2 1306
0 132 56 2 59 2 3 1307
0 107 59 37 59 34 3 1308
0 23 57 30 49 36 3 1309
0 143 57 80 54 80 3 1310
1 65 49 39 56 38 1 1311
0 1 29 57 29 53 3 1312
0 57 57 45 56 43 3 1313
1 128 63 43 65 44 3 1314
1 53 55 40 47 54 1 1315
1 143 52 18 50 19 1 1316
0 57 7 36 6 62 3 1317
1 65 56 46 53 35 1 1318
1 60 63 45 56 43 2 1319
0 62 22 19 38 32 3 1320
1 107 42 39 31 37 1 1321
1 100 98 25 98 18 5 1322
0 48 45 57 49 53 3 1323
0 78 6 41 6 53 3 1324
1 24 62 39 56 39 1 1325
0 92 29 47 27 49 3 1326
1 5 42 3 27 4 3 1327
1 124 48 54 47 52 1 1328
0 47 52 2 48 2 3 1329
1 129 87 95 82 94 1 1330
1 121 67 74 69 72 1 1331
0 37 6 39 6 34 3 1332
1 124 62 51 60 46 1 1333
0 50 51 54 51 49 3 1334
0 130 59 42 57 47 5 1335
0 51 41 69 42 66 3 1336
0 126 55 41 52 44 3 1337
1 68 63 45 63 54 2 1338
0 51 29 55 30 52 3 1339
0 24 53 50 54 46 3 1340
0 9 66 79 64 80 3 1341
0 41 55 50 54 48 4 1342
1 84 31 42 57 36 2 1343
1 86 98 19 98 15 1 1344
0 101 53 25 60 31 3 1345
0 105 62 46 62 28 3 1346
0 108 60 31 59 34 3 1347
0 41 51 26 56 22 3 1348
1 63 5 64 5 71 1 1349
0 31 44 54 70 32 3 1350
1 107 40 34 37 40 1 1351
0 51 63 22 61 28 3 1352
0 97 49 54 51 57 3 1353
0 46 66 93 63 93 6 1354
0 18 84 4 87 4 3 1355
1 74 6 31 6 42 1 1356
1 22 72 69 70 73 1 1357
1 72 47 58 46 62 1 1358
0 116 6 54 7 50 3 1359
0 10 57 52 56 57 3 1360
1 93 51 20 47 19 1 1361
1 106 55 50 50 47 1 1362
1 33 40 14 36 13 1 1363
1 12 88 93 86 91 1 1364
1 88 59 24 58 26 1 1365
1 132 61 38 62 41 5 1366
0 36 45 51 43 61 3 1367
0 94 33 47 30 47 3 1368
0 15 62 2 53 2 3 1369
1 112 51 27 53 23 1 1370
1 136 68 41 68 32 2 1371
1 63 67 73 70 72 1 1372
0 60 55 80 52 80 3 1373
1 89 54 81 45 80 1 1374
0 36 55 40 54 38 3 1375
1 68 55 40 55 47 1 1376
0 108 59 76 51 70 3 1377
1 120 91 27 92 22 1 1378
0 116 6 33 6 27 3 1379
0 125 87 4 81 2 5 1380
1 44 3 96 1 95 1 1381
0 24 56 41 52 46 3 1382
0 123 31 57 31 49 3 1383
0 66 56 39 62 36 3 1384
1 53 51 13 66 9 6 1385
1 26 50 48 56 50 1 1386
1 80 38 14 32 13 6 1387
0 135 44 35 42 39 3 1388
1 26 98 14 98 23 1 1389
0 121 58 55 59 44 3 1390
1 34 54 51 35 55 3 1391
0 94 3 67 5 70 3 1392
0 51 65 44 62 54 3 1393
1 12 6 62 4 57 1 1394
1 102 61 50 67 39 1 1395
1 51 91 40 90 50 1 1396
0 50 55 25 48 30 3 1397
1 33 47 4 36 4 1 1398
0 78 52 45 59 41 3 1399
1 53 64 16 63 18 1 1400
0 88 53 43 56 40 3 1401
0 79 28 59 29 57 3 1402
0 88 47 20 46 16 5 1403
0 127 58 49 59 56 3 1404
0 102 60 46 58 58 3 1405
1 29 54 43 59 43 1 1406
0 46 54 58 38 58 3 1407
1 68 47 2 52 2 1 1408
0 36 43 22 47 23 3 1409
1 87 89 93 86 92 1 1410
0 139 51 20 40 20 4 1411
1 133 44 64 50 53 1 1412
0 97 49 28 47 30 3 1413
0 52 62 43 53 19 3 1414
0 48 67 41 68 26 3 1415
1 97 46 3 48 4 1 1416
0 52 51 18 47 22 3 1417
0 38 82 4 80 5 3 1418
0 116 46 56 48 51 3 1419
0 76 69 70 70 73 3 1420
0 60 60 30 59 40 3 1421
0 106 56 32 44 23 3 1422
0 52 49 2 45 2 3 1423
1 119 59 17 52 19 1 1424
0 68 60 24 56 30 4 1425
0 72 38 41 44 62 3 1426
1 76 56 76 53 81 1 1427
0 22 48 54 31 55 3 1428
1 18 90 32 89 36 2 1429
0 119 48 54 46 61 3 1430
1 111 51 61 49 51 1 1431
0 16 31 42 29 51 6 1432
0 39 56 39 53 50 3 1433
1 96 5 38 6 42 1 1434
0 49 69 42 98 27 3 1435
0 111 38 29 41 31 3 1436
0 97 47 23 47 32 3 1437
1 86 56 50 53 61 1 1438
1 130 6 37 6 33 1 1439
1 103 52 76 55 74 1 1440
0 8 55 36 47 47 4 1441
0 100 48 3 29 4 3 1442
1 29 5 37 6 30 1 1443
1 71 46 3 42 3 1 1444
1 91 61 1 53 2 1 1445
0 48 46 20 41 20 3 1446
0 57 63 30 56 25 3 1447
0 117 61 51 57 49 3 1448
0 37 6 55 6 47 3 1449
0 27 46 15 50 16 5 1450
0 18 56 53 61 42 5 1451
1 84 54 44 57 43 2 1452
0 104 38 12 40 13 3 1453
1 80 39 13 42 13 1 1454
1 72 48 52 43 51 1 1455
0 0 61 44 27 22 3 1456
0 84 62 17 59 19 3 1457
1 77 61 23 61 18 1 1458
0 111 53 49 55 40 3 1459
0 98 6 48 1 57 3 1460
0 53 54 42 50 52 3 1461
1 129 6 61 5 68 1 1462
0 23 53 19 56 18 3 1463
1 27 56 14 52 16 1 1464
1 51 59 27 61 28 1 1465
0 131 52 21 60 16 3 1466
0 79 92 27 92 33 3 1467
0 136 62 30 59 42 3 1468
0 67 50 30 46 31 3 1469
1 131 60 51 51 73 1 1470
0 55 6 30 5 37 3 1471
1 60 51 18 46 18 1 1472
1 33 50 18 40 20 3 1473
0 132 6 32 6 37 3 1474
0 40 63 16 57 17 3 1475
1 88 73 67 67 75 4 1476
1 37 52 82 46 82 1 1477
1 79 69 6 72 6 2 1478
0 57 57 38 55 42 3 1479
0 69 50 77 55 78 3 1480
0 140 42 18 64 20 3 1481
1 38 44 62 42 61 1 1482
1 90 31 42 29 47 1 1483
0 61 84 94 82 96 4 1484
1 96 52 53 49 49 1 1485
1 4 53 29 50 28 1 1486
0 52 39 29 35 25 5 1487
0 38 52 23 40 29 3 1488
1 77 51 31 55 22 1 1489
1 46 60 30 43 35 6 1490
0 112 30 59 29 61 3 1491
0 34 67 41 64 51 3 1492
1 3 60 24 59 26 1 1493
1 33 48 19 50 18 1 1494
0 7 5 72 5 77 3 1495
0 39 54 28 50 25 3 1496
0 96 33 45 30 43 6 1497
0 54 60 50 66 37 3 1498
0 43 55 40 41 47 3 1499
0 66 69 46 68 48 3 1500
1 120 60 42 59 45 1 1501
0 0 41 4 28 4 3 1502
1 88 55 42 53 44 6 1503
0 72 46 61 50 52 3 1504
1 60 86 4 88 3 1 1505
0 57 52 80 59 80 3 1506
1 121 68 44 69 40 5 1507
1 56 88 93 86 92 4 1508
0 64 56 18 60 16 3 1509
1 92 62 17 51 19 4 1510
0 114 68 42 73 11 3 1511
0 86 6 55 6 62 3 1512
1 51 30 51 32 55 2 1513
1 80 36 13 39 12 6 1514
1 102 32 56 40 25 1 1515
0 36 6 49 6 52 3 1516
0 58 53 44 57 38 3 1517
1 143 57 73 59 72 1 1518
1 121 72 31 72 38 1 1519
1 133 54 56 57 43 1 1520
0 76 6 43 8 64 3 1521
0 115 51 80 40 81 3 1522
0 69 52 52 50 53 3 1523
1 1 70 36 69 34 1 1524
0 74 30 62 28 57 3 1525
0 42 54 19 58 17 3 1526
0 40 63 18 60 15 3 1527
1 124 68 33 70 37 2 1528
1 141 54 54 48 54 3 1529
1 133 61 32 60 40 1 1530
0 99 5 36 6 43 3 1531
0 76 68 74 71 74 3 1532
1 33 50 46 53 45 2 1533
0 46 53 76 49 78 3 1534
1 95 58 49 56 53 1 1535
0 39 62 30 42 39 3 1536
1 80 86 4 82 3 1 1537
1 118 57 20 42 25 1 1538
0 17 43 4 28 4 3 1539
1 72 52 53 54 54 1 1540
0 137 31 51 30 59 3 1541
1 62 40 12 38 13 1 1542
0 136 6 54 6 49 5 1543
1 114 7 40 5 67 3 1544
1 97 56 48 56 39 2 1545
0 0 65 40 63 43 3 1546
1 15 51 1 55 1 1 1547
0 13 51 47 52 45 3 1548
1 77 49 38 48 52 3 1549
0 3 59 36 57 38 3 1550
0 82 68 77 69 73 3 1551
0 120 50 50 52 49 3 1552
1 42 52 56 54 51 2 1553
0 129 31 15 34 15 3 1554
1 36 50 49 54 52 3 1555
0 67 53 36 49 15 3 1556
0 62 62 52 36 15 3 1557
0 103 57 28 59 25 5 1558
1 79 60 39 58 43 1 1559
0 42 69 72 72 74 3 1560
1 35 54 42 55 51 2 1561
0 108 63 1 58 2 4 1562
0 111 53 80 50 80 3 1563
1 120 47 80 49 79 1 1564
1 75 59 26 60 28 1 1565
0 88 57 35 59 40 3 1566
1 66 52 24 54 25 3 1567
0 130 46 21 49 19 3 1568
1 80 61 36 63 35 1 1569
1 142 59 38 66 29 4 1570
0 115 52 78 57 74 5 1571
1 79 58 17 54 19 1 1572
0 28 47 3 44 3 5 1573
0 8 53 42 48 55 3 1574
0 4 48 45 47 42 3 1575
0 143 31 42 49 45 5 1576
0 41 55 80 51 80 3 1577
0 36 7 45 7 24 3 1578
1 81 53 26 53 29 1 1579
1 72 51 59 48 69 1 1580
0 88 52 44 52 47 5 1581
0 99 45 4 42 4 3 1582
1 38 5 63 6 66 3 1583
1 93 91 39 91 42 2 1584
0 128 56 29 50 42 3 1585
0 128 51 25 54 25 5 1586
0 113 63 44 49 45 3 1587
0 113 42 54 40 47 3 1588
1 98 32 47 34 44 1 1589
1 128 30 51 31 49 1 1590
0 137 65 1 62 1 3 1591
0 94 58 1 62 1 3 1592
1 48 49 45 51 42 1 1593
1 107 37 42 40 38 6 1594
0 131 3 96 1 95 3 1595
0 33 52 48 41 46 3 1596
0 115 62 26 59 24 3 1597
0 98 60 46 60 28 5 1598
0 79 61 45 55 57 3 1599
0 68 53 26 47 30 3 1600
1 17 6 54 5 51 5 1601
0 56 15 20 34 36 3 1602
0 26 49 54 53 49 3 1603
1 39 50 51 52 41 1 1604
0 103 49 78 13 60 6 1605
1 133 56 57 56 53 1 1606
1 105 51 26 50 32 1 1607
0 13 68 42 66 44 3 1608
1 21 61 29 50 36 1 1609
0 68 53 54 49 51 3 1610
1 89 62 26 59 27 1 1611
1 125 53 54 50 50 1 1612
0 64 55 16 59 18 3 1613
1 58 50 53 51 56 4 1614
0 68 30 50 32 48 3 1615
0 5 38 14 41 13 4 1616
1 12 68 37 64 41 2 1617
0 113 6 37 5 33 3 1618
0 16 30 46 22 49 3 1619
0 52 55 38 58 40 6 1620
0 103 48 28 51 27 3 1621
1 38 50 79 55 79 2 1622
1 62 64 1 61 1 1 1623
0 110 47 50 33 57 3 1624
0 136 59 17 46 18 3 1625
1 24 52 48 49 51 2 1626
0 76 61 27 62 25 3 1627
1 111 50 56 52 52 1 1628
0 93 61 30 54 44 3 1629
0 130 6 34 5 39 6 1630
0 141 59 28 49 29 3 1631
1 69 45 21 47 22 1 1632
0 104 55 41 61 36 3 1633
1 95 68 44 71 38 5 1634
0 103 56 80 49 81 3 1635
1 124 57 80 53 80 1 1636
0 125 52 47 44 51 3 1637
0 101 49 52 28 25 3 1638
1 102 46 58 51 55 5 1639
0 30 69 35 66 34 3 1640
0 66 64 78 68 77 3 1641
1 65 33 45 30 51 1 1642
0 142 60 49 29 38 3 1643
0 23 62 45 67 33 5 1644
1 112 23 49 29 48 5 1645
1 82 61 38 55 17 1 1646
1 66 7 42 7 37 1 1647
0 56 49 67 38 61 3 1648
1 42 50 33 54 27 1 1649
1 57 7 37 7 43 1 1650
1 101 35 15 70 26 1 1651
1 119 92 28 89 37 2 1652
0 67 88 94 84 97 3 1653
0 97 49 56 49 52 3 1654
0 74 44 2 42 3 3 1655
1 34 60 34 56 38 1 1656
1 97 45 4 39 4 3 1657
0 40 56 23 55 25 3 1658
0 29 55 31 60 31 5 1659
1 81 52 2 48 2 1 1660
0 62 60 2 50 2 3 1661
0 134 51 28 52 25 3 1662
0 79 47 46 47 50 6 1663
0 38 60 22 63 25 3 1664
0 16 27 51 35 40 3 1665
0 41 54 40 51 47 3 1666
0 0 40 12 36 13 3 1667
1 69 78 6 80 5 2 1668
1 120 52 81 59 77 3 1669
0 73 92 25 89 20 4 1670
1 20 68 40 59 56 1 1671
0 62 50 19 47 20 3 1672
1 115 46 3 39 3 1 1673
0 6 42 56 38 58 3 1674
0 66 51 26 53 28 3 1675
1 37 52 40 50 42 1 1676
0 92 48 43 47 50 3 1677
0 117 53 45 39 63 3 1678
0 19 69 73 74 67 3 1679
0 71 53 50 50 52 3 1680
1 125 52 26 47 27 2 1681
1 7 68 36 71 39 2 1682
1 119 64 55 55 39 1 1683
1 44 40 58 68 76 1 1684
1 110 48 2 26 2 2 1685
0 31 70 68 63 67 3 1686
1 43 58 34 56 37 1 1687
0 99 91 39 90 36 3 1688
1 5 52 18 48 21 1 1689
1 112 48 31 52 26 2 1690
1 89 38 12 40 13 1 1691
1 124 66 39 50 46 2 1692
1 36 60 42 60 39 2 1693
0 125 65 49 63 54 3 1694
0 128 29 53 32 46 3 1695
0 81 53 81 50 80 3 1696
1 108 62 35 30 14 5 1697
1 96 6 54 6 49 4 1698
0 117 58 38 57 43 3 1699
1 75 59 17 56 18 1 1700
1 52 56 46 60 43 1 1701
1 16 44 10 36 13 1 1702
1 57 68 74 70 72 1 1703
1 37 61 50 58 56 3 1704
0 68 59 28 57 29 3 1705
1 63 91 34 90 37 1 1706
0 119 69 44 69 40 3 1707
1 95 52 75 41 63 1 1708
0 16 30 50 35 40 3 1709
0 71 45 58 43 37 3 1710
0 2 51 19 53 18 3 1711
1 88 65 32 53 44 1 1712
1 134 55 2 61 1 1 1713
0 68 42 13 43 11 3 1714
0 90 62 33 59 36 3 1715
0 86 55 29 59 27 3 1716
0 99 51 77 58 75 3 1717
0 78 5 44 6 34 3 1718
1 8 54 31 59 30 1 1719
1 54 55 50 56 46 1 1720
0 83 59 31 44 23 3 1721
0 19 48 45 42 10 5 1722
1 87 57 46 52 47 1 1723
0 84 54 80 51 80 3 1724
0 7 61 35 59 34 3 1725
0 64 58 32 51 26 3 1726
1 60 32 56 30 44 1 1727
1 18 92 27 90 36 5 1728
0 100 67 42 68 39 3 1729
0 74 6 56 6 66 3 1730
0 58 46 3 42 2 3 1731
1 115 43 41 42 39 1 1732
0 49 53 27 51 28 3 1733
0 130 42 3 36 3 3 1734
1 22 57 48 55 42 2 1735
0 110 50 37 22 20 5 1736
1 106 50 53 56 45 1 1737
0 10 50 57 57 39 3 1738
0 30 49 54 45 61 3 1739
1 143 6 55 7 46 2 1740
0 25 41 37 38 48 3 1741
0 80 5 31 28 47 3 1742
0 53 44 50 48 56 3 1743
0 79 88 94 85 95 3 1744
0 15 51 58 34 98 3 1745
1 37 98 14 98 17 2 1746
1 120 43 32 41 35 2 1747
0 124 55 41 56 39 3 1748
1 5 63 56 62 54 1 1749
0 128 34 44 31 46 3 1750
1 103 28 2 52 1 1 1751
1 117 50 36 60 36 2 1752
1 101 63 34 42 39 4 1753
0 93 41 30 41 34 3 1754
1 135 39 37 24 35 5 1755
1 70 55 42 53 44 2 1756
0 24 65 48 60 60 3 1757
0 17 45 4 30 4 3 1758
1 119 37 11 38 9 3 1759
0 4 48 28 52 27 3 1760
1 9 58 41 56 44 1 1761
1 31 66 39 63 57 1 1762
1 56 56 36 53 40 1 1763
1 4 58 45 54 51 2 1764
1 26 52 49 53 45 1 1765
1 52 36 42 35 55 2 1766
1 47 6 55 6 59 1 1767
0 95 6 35 6 29 4 1768
0 68 50 60 49 52 3 1769
1 39 73 34 63 48 1 1770
1 33 92 30 89 37 1 1771
0 118 91 38 91 41 3 1772
1 66 50 27 48 28 3 1773
0 53 53 51 54 55 5 1774
0 58 64 92 66 94 3 1775
0 101 48 20 52 19 4 1776
1 121 6 28 6 37 1 1777
0 85 67 40 68 42 3 1778
0 93 61 1 53 1 3 1779
0 55 79 6 83 4 4 1780
0 133 62 26 60 30 3 1781
1 37 6 54 6 41 1 1782
0 40 85 4 81 2 3 1783
0 29 27 48 29 49 3 1784
1 28 43 4 37 4 1 1785
1 107 38 39 41 28 6 1786
1 13 46 43 38 44 1 1787
1 30 32 55 32 52 2 1788
1 53 58 39 50 44 2 1789
1 79 35 16 41 33 2 1790
0 52 66 40 68 42 3 1791
0 135 87 3 85 4 3 1792
1 81 6 65 5 69 5 1793
0 0 60 30 59 25 3 1794
0 80 36 13 39 13 3 1795
0 13 69 37 71 34 4 1796
1 25 56 28 55 30 1 1797
0 110 46 45 33 57 3 1798
1 48 55 30 57 15 1 1799
1 59 29 56 24 57 1 1800
1 71 59 41 60 38 4 1801
0 118 62 40 58 56 3 1802
0 101 36 15 42 24 3 1803
0 14 48 18 56 18 3 1804
1 88 52 79 41 80 1 1805
0 39 62 34 56 17 3 1806
0 56 44 78 47 71 3 1807
1 96 46 34 36 15 2 1808
0 119 65 95 66 93 3 1809
0 100 62 48 66 38 3 1810
1 9 55 39 57 40 1 1811
0 66 42 33 21 30 6 1812
0 65 58 59 59 55 3 1813
1 65 68 41 67 43 2 1814
0 29 37 13 40 12 3 1815
0 18 60 44 55 55 3 1816
0 75 62 40 50 49 3 1817
1 96 54 44 52 55 4 1818
1 74 53 75 61 70 1 1819
0 54 58 18 62 16 3 1820
1 24 66 40 91 27 1 1821
1 114 72 70 73 68 5 1822
0 7 59 14 56 13 3 1823
0 52 55 66 53 58 3 1824
1 33 91 36 92 26 1 1825
1 96 62 33 14 21 1 1826
0 43 98 16 98 24 5 1827
1 29 32 54 31 47 2 1828
0 129 62 35 62 29 3 1829
1 139 49 54 57 59 2 1830
0 56 57 80 54 80 3 1831
1 107 98 19 98 16 1 1832
1 100 98 19 98 25 1 1833
0 133 61 34 62 25 3 1834
1 132 79 6 82 5 2 1835
1 102 6 32 6 29 1 1836
0 21 60 50 53 63 3 1837
1 132 64 36 59 36 4 1838
1 134 68 76 65 79 5 1839
1 25 57 29 43 42 1 1840
0 43 59 55 53 69 3 1841
1 136 68 34 67 37 1 1842
0 74 44 4 36 5 3 1843
1 88 51 19 50 13 1 1844
1 38 56 28 53 32 1 1845
0 70 60 42 34 16 3 1846
0 12 69 40 66 39 3 1847
1 127 37 41 37 7 2 1848
1 102 44 63 51 50 3 1849
1 65 33 47 29 56 1 1850
1 120 45 4 35 4 1 1851
1 105 55 15 43 19 2 1852
1 141 49 52 54 48 5 1853
0 20 57 75 59 76 3 1854
0 120 92 31 91 28 3 1855
1 112 46 36 44 34 1 1856
1 72 98 19 98 15 1 1857
0 122 81 2 86 3 3 1858
0 23 91 38 92 28 3 1859
0 55 56 80 52 80 3 1860
1 98 56 34 51 17 5 1861
0 46 4 38 6 22 6 1862
1 112 31 42 27 30 5 1863
1 12 42 12 36 13 1 1864
1 122 46 31 51 24 1 1865
1 62 90 36 91 29 1 1866
0 44 68 42 70 31 3 1867
1 84 31 50 27 60 2 1868
1 48 60 48 56 29 1 1869
0 110 91 30 92 32 3 1870
1 0 68 38 70 34 1 1871
1 1 61 31 59 39 1 1872
1 124 92 21 91 28 2 1873
0 139 33 48 31 43 3 1874
0 80 34 40 34 45 6 1875
1 131 6 29 4 32 3 1876
0 83 43 30 45 29 3 1877
1 0 49 50 51 47 1 1878
0 59 45 54 21 20 3 1879
1 108 29 54 19 45 1 1880
0 32 30 47 27 51 3 1881
1 111 57 45 59 49 1 1882
1 102 65 28 62 31 1 1883
0 88 54 38 55 35 3 1884
1 48 51 49 44 45 1 1885
0 116 6 56 5 60 3 1886
1 50 58 80 55 80 1 1887
0 14 98 20 98 25 3 1888
1 76 64 43 56 58 1 1889
1 79 88 93 84 94 1 1890
0 79 32 54 26 64 3 1891
0 27 55 18 61 17 3 1892
0 141 54 48 50 52 3 1893
1 6 58 54 59 52 4 1894
0 106 6 51 6 54 3 1895
0 57 55 43 53 47 5 1896
0 52 52 45 57 40 3 1897
0 129 42 31 44 34 3 1898
1 35 47 3 43 3 2 1899
1 85 67 48 61 50 2 1900
0 90 69 76 68 73 3 1901
0 77 62 25 38 20 5 1902
1 134 80 80 91 79 2 1903
0 91 69 68 73 67 3 1904
1 92 42 76 46 76 2 1905
1 108 61 1 65 1 1 1906
1 54 56 38 51 28 4 1907
0 4 51 31 52 29 3 1908
1 42 61 1 55 2 3 1909
1 125 66 93 62 94 3 1910
1 143 55 80 46 81 1 1911
1 124 55 38 48 50 2 1912
1 120 50 25 52 23 4 1913
1 80 62 33 60 36 1 1914
1 4 61 46 59 56 1 1915
1 96 59 27 58 16 1 1916
0 64 61 29 59 31 5 1917
1 132 45 22 47 21 1 1918
1 38 40 42 37 40 2 1919
0 138 58 38 58 42 3 1920
1 79 64 32 65 44 1 1921
1 86 58 45 59 42 1 1922
1 106 40 44 40 48 5 1923
1 32 57 49 52 43 1 1924
0 117 65 30 60 33 3 1925
0 80 71 38 68 44 3 1926
1 73 38 46 32 43 2 1927
1 50 50 27 53 25 1 1928
0 34 36 13 34 14 4 1929
1 43 51 54 36 42 1 1930
0 96 61 44 62 16 3 1931
0 98 6 52 5 79 3 1932
0 66 53 19 57 17 3 1933
1 54 5 70 2 64 1 1934
1 117 52 56 40 57 1 1935
0 60 88 92 87 94 3 1936
0 143 67 42 63 44 3 1937
0 92 87 4 81 2 3 1938
0 21 55 52 66 37 3 1939
0 82 55 39 50 38 3 1940
0 55 6 36 6 31 5 1941
0 64 60 17 59 24 4 1942
1 113 54 29 56 25 1 1943
1 73 47 60 46 63 1 1944
0 32 58 46 50 61 3 1945
1 3 63 31 59 42 1 1946
1 120 80 6 77 6 1 1947
1 0 32 13 36 13 5 1948
1 64 35 39 31 43 1 1949
0 93 53 40 51 41 4 1950
0 61 37 28 43 22 3 1951
1 63 92 32 90 39 4 1952
1 128 55 30 57 34 5 1953
1 130 42 49 47 36 1 1954
1 14 50 16 62 17 5 1955
0 38 59 24 57 27 3 1956
0 92 54 77 56 75 3 1957
0 27 69 25 65 36 3 1958
1 36 92 27 91 30 1 1959
0 60 55 39 58 34 3 1960
1 143 44 23 39 24 1 1961
1 27 67 72 70 73 1 1962
1 11 6 69 6 64 2 1963
0 132 70 43 70 35 3 1964
1 113 58 27 57 35 1 1965
1 83 91 37 92 31 2 1966
1 3 68 36 63 47 1 1967
0 8 57 27 49 37 3 1968
1 31 58 39 59 41 1 1969
1 87 49 62 48 57 1 1970
1 18 68 36 63 44 3 1971
1 77 50 3 52 2 1 1972
0 97 6 21 6 25 3 1973
1 32 56 46 66 43 5 1974
0 15 65 1 59 2 6 1975
0 39 57 40 50 51 3 1976
1 14 70 31 53 43 1 1977
0 66 36 41 37 28 3 1978
1 102 87 4 83 4 1 1979
0 128 60 27 60 24 3 1980
1 74 62 69 56 73 2 1981
0 18 98 20 98 17 3 1982
0 104 46 44 32 56 3 1983
1 14 98 14 98 19 1 1984
1 22 92 35 89 35 1 1985
0 54 38 48 44 33 3 1986
1 97 60 34 61 41 5 1987
1 68 50 35 51 33 1 1988
0 106 4 39 6 25 3 1989
0 46 70 6 78 6 3 1990
0 94 12 1 37 1 3 1991
1 74 51 76 49 78 1 1992
1 58 58 46 63 40 1 1993
0 30 51 75 66 74 3 1994
0 139 54 2 63 1 5 1995
1 90 46 3 44 4 1 1996
1 68 56 26 54 30 1 1997
1 79 43 35 43 29 4 1998
0 35 68 22 63 44 3 1999
