1 98 52 35 59 23 4 0
1 35 83 94 85 92 1 1
0 79 43 35 38 39 6 2
0 45 43 3 47 2 3 3
1 27 87 3 84 5 1 4
0 13 40 46 40 49 3 5
0 28 60 48 62 42 3 6
0 120 58 39 58 32 3 7
0 39 63 34 59 43 3 8
0 108 33 41 33 27 6 9
1 4 56 39 54 49 1 10
1 136 88 94 84 93 1 11
1 56 52 61 52 57 2 12
0 110 66 34 61 29 4 13
0 7 52 60 49 48 3 14
1 138 53 75 57 74 1 15
1 68 74 18 77 14 3 16
0 114 63 47 73 12 3 17
1 129 6 48 7 41 2 18
0 23 61 68 58 76 3 19
0 28 62 29 60 40 3 20
1 124 68 34 62 23 6 21
0 102 68 46 69 43 3 22
1 39 29 51 31 50 3 23
0 51 58 33 57 35 3 24
1 88 59 38 53 43 1 25
0 47 7 46 9 28 3 26
0 26 61 42 59 45 3 27
0 119 69 45 68 38 3 28
1 8 55 30 49 35 1 29
0 140 68 43 35 15 3 30
1 128 44 22 52 24 1 31
0 47 68 73 73 66 3 32
0 35 56 24 53 20 3 33
1 22 44 2 50 2 1 34
0 64 54 40 57 36 3 35
1 111 64 46 69 38 3 36
1 100 55 80 59 80 1 37
0 36 48 54 54 51 3 38
0 14 60 18 50 23 3 39
0 98 57 49 54 52 3 40
0 139 49 52 49 27 3 41
1 68 63 31 63 11 3 42
1 72 67 92 60 93 1 43
0 93 12 22 0 33 3 44
0 102 46 42 48 44 3 45
1 58 28 41 33 44 4 46
1 108 32 49 32 55 1 47
0 32 56 38 62 31 5 48
1 139 54 48 23 39 1 49
0 26 54 53 50 54 3 50
1 8 53 42 45 49 1 51
1 12 56 35 56 38 1 52
1 35 61 73 57 77 1 53
1 108 32 49 30 59 2 54
0 55 46 18 42 17 3 55
0 16 47 57 45 54 3 56
1 105 70 37 27 38 1 57
1 63 73 67 63 84 5 58
0 54 61 44 65 40 3 59
1 97 57 75 55 74 1 60
0 1 59 17 56 18 3 61
1 54 49 45 44 44 1 62
1 3 90 39 92 34 4 63
1 96 27 26 50 35 1 64
1 115 46 4 43 4 1 65
1 105 68 73 70 71 2 66
0 126 49 3 38 3 3 67
0 36 64 43 68 39 3 68
1 45 51 80 56 80 1 69
0 14 98 22 98 16 3 70
1 10 60 29 51 31 2 71
1 117 32 13 26 12 1 72
1 16 39 13 36 14 1 73
0 72 43 61 47 59 3 74
0 46 42 22 44 23 3 75
1 35 53 28 50 28 1 76
1 55 47 80 42 80 1 77
1 94 80 5 70 6 1 78
0 29 56 43 51 48 3 79
0 102 85 4 87 3 3 80
1 51 53 23 52 20 5 81
1 74 6 40 5 44 6 82
0 57 6 42 5 51 3 83
1 7 98 23 98 16 3 84
0 121 43 34 37 40 3 85
0 33 91 32 92 18 5 86
0 96 6 43 5 60 5 87
1 82 74 30 70 35 2 88
0 82 57 35 49 51 3 89
0 26 57 39 58 36 3 90
0 46 66 93 65 95 6 91
0 92 55 38 54 50 3 92
0 94 33 51 32 45 3 93
1 5 57 2 63 2 1 94
0 83 69 43 68 40 3 95
0 78 79 5 63 2 4 96
1 133 52 46 44 65 3 97
1 37 58 41 53 49 1 98
0 91 52 46 49 51 3 99
0 87 50 51 44 63 3 100
1 19 53 26 49 49 1 101
0 84 36 2 41 2 3 102
0 105 57 18 60 18 3 103
0 76 62 42 60 41 3 104
1 117 38 42 33 38 1 105
1 23 78 6 81 6 1 106
1 27 42 4 11 3 2 107
1 66 87 4 80 3 1 108
0 1 54 37 61 25 3 109
0 5 69 38 91 5 4 110
0 53 52 19 49 23 3 111
1 104 47 52 56 38 1 112
0 131 54 76 62 69 4 113
1 95 69 74 72 66 2 114
0 79 61 33 55 27 3 115
1 15 55 2 59 1 2 116
1 54 78 6 70 6 2 117
1 80 32 55 31 57 1 118
0 53 40 5 37 5 3 119
1 100 50 31 48 29 1 120
1 98 63 38 55 53 1 121
0 127 57 38 53 46 3 122
1 23 57 22 57 19 6 123
0 12 68 74 72 71 3 124
1 51 55 75 56 73 1 125
1 139 6 36 6 29 6 126
0 72 6 32 6 28 3 127
1 12 6 64 5 67 1 128
0 142 6 61 6 57 3 129
1 8 62 23 57 34 5 130
0 43 40 46 47 48 3 131
0 45 40 20 44 23 3 132
0 17 43 55 47 50 3 133
1 29 7 43 7 46 1 134
0 33 55 2 58 1 3 135
0 122 42 20 41 34 3 136
0 92 42 34 32 35 3 137
1 6 6 66 6 63 3 138
0 8 53 19 48 20 3 139
1 124 66 39 70 31 1 140
1 143 36 11 34 12 2 141
1 42 69 40 55 26 1 142
0 22 56 20 52 19 3 143
0 63 55 80 58 80 3 144
0 120 59 45 49 50 3 145
1 63 51 24 48 18 1 146
1 98 62 31 53 68 2 147
0 63 91 28 91 33 3 148
0 88 57 52 58 47 5 149
1 37 5 28 6 22 1 150
0 38 54 42 53 47 3 151
1 41 49 53 51 50 2 152
1 122 50 33 50 26 1 153
1 62 49 78 58 75 1 154
0 110 26 51 28 47 3 155
1 115 65 31 59 35 1 156
1 129 52 39 60 28 1 157
1 141 51 32 49 33 1 158
0 53 31 50 29 47 3 159
0 59 98 21 98 18 3 160
1 65 58 47 52 46 1 161
1 65 56 54 53 65 1 162
1 20 87 4 84 4 1 163
1 36 56 31 38 37 4 164
1 137 30 54 28 58 1 165
0 41 48 70 46 58 3 166
1 100 30 59 27 64 3 167
0 121 1 95 5 97 4 168
1 50 54 26 51 26 5 169
0 32 65 44 66 33 3 170
0 118 67 33 69 38 3 171
0 51 59 18 55 15 5 172
1 94 53 18 51 19 1 173
1 8 65 48 63 53 2 174
1 129 6 35 6 31 2 175
0 46 53 60 56 58 3 176
1 128 52 40 55 41 6 177
0 39 21 19 56 29 3 178
0 18 45 51 47 52 3 179
0 74 52 2 47 3 3 180
0 21 55 36 58 34 3 181
0 97 57 75 54 78 3 182
1 74 53 75 50 77 2 183
1 72 50 57 51 55 1 184
1 110 51 79 44 91 1 185
1 64 59 22 54 29 1 186
1 40 53 81 56 79 1 187
1 48 78 6 81 6 1 188
1 61 66 46 68 39 1 189
0 82 60 22 59 24 3 190
0 79 57 76 60 76 3 191
1 141 6 36 6 27 2 192
0 143 98 7 97 13 3 193
0 96 5 31 5 38 3 194
1 37 6 40 4 46 1 195
0 43 46 35 30 14 3 196
1 88 50 18 47 19 6 197
1 93 30 51 29 53 2 198
0 103 59 29 60 27 3 199
0 91 55 49 55 43 4 200
0 72 53 46 51 48 3 201
0 116 67 93 60 95 4 202
0 72 67 93 65 95 3 203
1 86 53 43 84 0 5 204
0 57 58 77 56 76 3 205
0 25 53 41 54 39 3 206
1 103 6 32 5 36 1 207
1 76 61 40 62 46 4 208
0 139 6 28 6 21 3 209
0 77 54 43 57 35 3 210
0 27 7 45 6 55 3 211
0 118 84 3 83 6 3 212
0 126 71 74 74 67 4 213
0 83 41 4 32 7 3 214
1 85 60 79 38 80 1 215
0 37 6 30 6 39 3 216
0 0 64 41 55 54 3 217
0 42 65 50 53 43 4 218
1 41 46 62 48 56 1 219
0 121 63 76 68 71 6 220
0 63 59 75 53 76 3 221
1 80 54 42 47 35 1 222
0 139 68 77 65 76 3 223
0 28 57 30 60 28 3 224
0 143 31 48 28 49 5 225
1 3 48 54 47 50 1 226
1 126 61 37 62 35 1 227
0 54 6 65 5 67 3 228
1 3 59 39 63 52 1 229
1 67 6 33 6 29 1 230
0 47 54 58 49 85 3 231
0 89 56 80 52 80 3 232
1 7 6 40 7 46 2 233
0 118 69 70 70 73 3 234
0 69 43 30 42 32 3 235
1 86 62 35 54 46 3 236
1 16 46 24 43 29 3 237
0 48 29 47 31 46 3 238
0 123 64 28 61 31 3 239
0 134 71 37 69 35 3 240
1 143 53 44 54 41 1 241
1 141 63 46 65 37 1 242
1 121 6 37 6 33 1 243
1 130 6 33 6 36 1 244
0 64 60 22 61 29 5 245
1 65 33 48 28 56 5 246
0 88 53 38 57 41 3 247
0 65 31 53 32 47 3 248
0 49 58 27 59 24 3 249
1 36 6 51 6 48 1 250
0 61 55 24 53 29 3 251
1 120 63 45 76 23 3 252
0 143 49 20 48 18 4 253
1 70 56 43 53 51 1 254
0 67 61 71 58 70 3 255
0 24 31 42 55 37 3 256
1 74 53 17 48 19 1 257
1 8 54 31 57 30 2 258
0 83 32 57 28 58 3 259
0 16 32 17 30 16 3 260
1 10 63 42 66 39 4 261
1 9 59 72 53 77 2 262
1 93 50 62 50 52 1 263
1 15 70 6 77 6 1 264
0 24 62 57 62 54 6 265
0 26 52 50 44 43 3 266
0 82 69 46 66 52 3 267
0 16 43 57 47 47 3 268
1 0 55 31 57 29 1 269
0 72 98 22 98 15 3 270
0 103 59 30 59 22 3 271
1 68 98 22 98 14 2 272
0 103 5 37 5 48 3 273
0 121 49 2 45 2 3 274
1 9 50 50 56 39 5 275
1 116 54 32 55 34 6 276
0 87 44 48 40 42 5 277
1 40 46 41 54 41 1 278
0 79 53 15 59 16 3 279
0 0 39 45 40 42 3 280
1 83 56 30 59 29 1 281
0 22 59 19 52 19 3 282
0 109 50 2 47 2 3 283
1 18 60 32 53 32 2 284
1 142 67 42 69 43 1 285
0 14 55 49 62 33 3 286
0 132 69 37 59 29 3 287
1 128 42 12 29 16 1 288
1 28 50 49 51 47 1 289
1 15 61 27 58 29 1 290
0 14 98 11 98 16 3 291
0 121 66 42 71 30 3 292
0 51 54 75 58 70 3 293
0 87 48 38 50 36 3 294
0 37 50 48 52 43 3 295
0 28 54 16 60 18 3 296
0 12 58 29 61 21 3 297
0 104 61 31 66 14 3 298
0 86 86 95 88 93 3 299
0 116 55 74 59 75 3 300
0 83 92 35 90 43 3 301
0 140 68 69 70 72 5 302
1 38 12 0 18 1 1 303
0 15 61 41 59 17 3 304
1 23 56 32 60 23 2 305
1 46 57 29 59 23 1 306
0 113 52 34 57 32 3 307
0 99 53 46 38 52 3 308
0 77 57 33 62 25 3 309
0 36 48 44 51 44 3 310
0 55 72 5 80 5 5 311
0 85 89 92 87 93 3 312
0 114 87 95 88 93 3 313
0 111 6 28 6 33 3 314
1 143 45 48 49 36 1 315
0 66 49 2 46 2 6 316
1 137 6 45 5 58 1 317
1 10 42 41 38 48 3 318
0 55 65 50 67 44 3 319
1 52 62 34 42 33 1 320
1 17 59 16 51 20 4 321
1 82 69 71 70 73 1 322
1 115 86 94 88 93 3 323
0 88 47 57 45 61 3 324
0 128 50 32 52 29 3 325
0 76 48 52 33 38 6 326
1 135 60 40 49 59 1 327
0 73 58 44 60 41 3 328
1 47 6 44 6 53 1 329
0 43 57 58 60 44 4 330
0 91 82 5 80 6 3 331
1 108 31 58 24 85 2 332
0 98 58 29 59 26 4 333
1 43 3 13 6 37 1 334
0 87 60 48 55 51 3 335
1 63 32 78 28 74 1 336
1 78 56 43 53 44 4 337
0 132 62 38 59 32 4 338
1 46 32 50 31 56 3 339
0 41 60 22 61 26 3 340
0 2 26 50 30 46 3 341
1 38 39 38 44 35 1 342
1 13 71 38 73 31 1 343
1 96 39 37 41 34 4 344
0 55 58 80 53 80 3 345
1 123 51 60 53 57 1 346
1 139 53 43 40 45 4 347
1 46 61 33 58 36 5 348
1 5 52 61 58 54 1 349
1 29 64 34 61 35 2 350
1 66 35 24 39 22 1 351
0 66 40 42 40 35 3 352
0 48 53 41 33 38 6 353
1 128 46 31 51 31 1 354
1 106 51 42 54 40 1 355
0 73 50 78 55 74 3 356
0 38 50 31 53 40 3 357
1 26 53 39 43 46 1 358
0 22 55 44 39 49 3 359
0 55 68 42 68 39 4 360
1 72 68 36 66 40 2 361
0 120 57 15 69 11 3 362
1 132 67 34 64 32 2 363
0 60 42 20 55 14 3 364
0 5 49 3 40 5 3 365
0 129 41 35 38 38 3 366
0 93 42 41 38 41 3 367
0 136 83 94 89 90 3 368
0 52 37 42 41 35 3 369
0 101 6 67 6 64 3 370
0 8 52 53 54 50 3 371
0 25 48 3 34 5 3 372
1 13 5 59 6 66 1 373
0 112 34 43 29 46 3 374
0 28 58 75 63 69 3 375
1 10 64 29 61 32 1 376
0 12 71 73 69 71 3 377
1 65 65 46 64 49 3 378
1 97 53 44 40 47 1 379
0 90 5 45 6 40 3 380
0 21 57 27 60 39 3 381
0 143 98 23 98 19 3 382
1 68 53 61 50 61 1 383
1 102 57 40 61 38 1 384
1 13 56 47 62 38 6 385
0 120 59 36 56 40 4 386
0 102 6 36 6 32 6 387
0 94 63 44 61 61 3 388
1 88 58 40 49 44 1 389
0 52 49 48 51 46 3 390
0 135 42 33 43 35 3 391
0 73 62 31 62 37 3 392
0 133 57 76 12 60 3 393
1 57 46 43 39 38 1 394
1 88 54 38 57 38 6 395
1 44 28 2 49 2 1 396
1 85 48 2 53 1 1 397
1 48 58 40 57 50 2 398
1 47 6 43 6 61 1 399
1 117 43 11 32 10 1 400
0 130 44 22 46 20 3 401
1 116 6 44 7 38 1 402
0 33 43 45 38 47 5 403
0 10 54 26 46 30 3 404
0 91 60 48 46 52 3 405
0 128 31 50 25 61 5 406
1 79 30 58 33 49 1 407
1 66 53 45 47 59 1 408
1 121 39 38 38 41 1 409
0 93 91 33 91 30 6 410
1 128 55 41 52 45 3 411
0 19 50 49 52 56 3 412
1 76 50 2 24 3 1 413
0 129 64 43 66 35 3 414
1 119 44 2 49 2 1 415
1 112 6 33 6 23 1 416
1 131 67 36 68 32 1 417
0 6 53 27 49 27 3 418
0 112 50 47 47 48 3 419
1 45 58 43 59 45 1 420
0 107 48 53 47 47 3 421
0 96 57 34 53 41 3 422
1 127 47 28 57 38 2 423
1 91 58 38 56 41 3 424
1 19 51 19 48 19 2 425
1 52 56 42 58 32 4 426
0 57 98 23 98 19 3 427
0 98 43 38 57 39 3 428
1 65 33 49 34 40 2 429
0 51 38 48 44 51 3 430
0 65 45 49 46 45 3 431
0 78 39 37 37 40 3 432
0 78 49 33 51 31 3 433
1 36 63 30 64 24 1 434
0 84 77 7 79 6 3 435
1 66 50 2 13 1 6 436
0 96 37 39 37 53 3 437
1 58 46 54 33 44 1 438
0 113 53 33 50 36 6 439
0 102 49 40 46 36 3 440
1 120 68 75 66 74 1 441
1 82 52 19 47 20 1 442
1 48 35 14 39 14 6 443
1 45 46 54 31 55 1 444
0 107 58 27 58 32 3 445
1 91 48 52 54 50 2 446
0 86 52 52 47 47 3 447
1 137 67 25 64 44 1 448
1 47 7 46 6 59 1 449
0 136 7 45 6 49 3 450
0 115 69 76 71 68 3 451
1 123 51 50 32 39 1 452
1 71 57 24 59 32 2 453
1 29 51 41 54 41 1 454
1 66 45 65 46 60 1 455
1 86 53 22 46 24 1 456
1 77 5 65 6 69 1 457
0 46 61 1 56 2 5 458
1 34 65 43 69 27 1 459
0 79 58 13 56 15 3 460
0 56 53 68 51 66 3 461
0 52 67 41 68 47 3 462
0 3 70 36 64 2 5 463
1 138 27 52 33 35 1 464
0 131 50 67 47 69 3 465
0 141 55 38 57 42 5 466
0 140 68 71 67 74 3 467
0 65 32 52 28 47 3 468
1 64 49 52 54 43 1 469
1 103 98 20 98 31 2 470
1 139 63 39 56 52 2 471
1 119 71 29 67 41 1 472
1 66 5 47 2 54 1 473
1 74 60 22 56 28 1 474
1 70 57 57 55 48 1 475
0 96 31 44 20 45 3 476
0 72 58 38 53 42 5 477
1 98 56 42 58 32 1 478
1 98 51 36 38 29 2 479
0 87 49 65 50 54 3 480
1 13 60 1 55 2 4 481
1 71 70 38 64 46 2 482
0 42 37 13 40 12 3 483
0 22 55 80 51 80 3 484
0 87 49 67 50 65 3 485
0 122 39 14 40 12 3 486
0 76 64 42 56 60 3 487
0 25 58 28 55 32 3 488
1 21 30 14 38 36 2 489
0 97 54 43 53 54 3 490
0 125 47 52 44 52 3 491
1 64 55 40 58 34 1 492
1 118 74 5 71 5 1 493
0 65 52 27 55 32 3 494
1 98 60 55 56 37 1 495
0 115 98 20 98 25 4 496
1 136 53 38 33 43 2 497
0 102 43 2 39 1 3 498
0 4 79 6 70 6 3 499
1 61 31 41 20 39 1 500
0 68 59 35 47 58 5 501
0 102 6 40 6 43 3 502
1 79 29 52 31 45 1 503
0 46 63 22 60 22 3 504
0 141 58 26 60 22 3 505
0 46 58 52 56 54 4 506
0 112 51 36 61 11 4 507
0 140 65 76 67 74 3 508
0 106 6 53 6 50 3 509
1 108 65 92 67 93 5 510
1 62 57 46 57 59 3 511
0 17 50 42 62 33 3 512
1 138 73 33 62 22 3 513
0 53 61 44 60 55 3 514
1 26 92 33 92 30 1 515
1 9 47 29 45 33 1 516
1 38 57 39 42 39 1 517
1 2 56 35 53 33 2 518
0 50 31 49 32 44 3 519
0 40 56 38 92 32 5 520
1 48 53 45 47 64 5 521
1 87 50 54 52 59 1 522
1 34 31 56 30 62 1 523
1 48 43 37 45 32 2 524
0 139 62 49 62 46 3 525
1 15 55 2 59 1 2 526
1 132 69 38 55 39 2 527
1 68 66 47 55 45 1 528
0 102 55 65 53 58 3 529
0 46 59 77 48 79 3 530
0 136 48 80 36 80 3 531
1 114 51 49 26 46 1 532
0 80 50 20 51 18 3 533
1 33 64 28 46 36 1 534
0 136 6 59 5 56 5 535
1 89 70 72 67 78 1 536
0 131 64 82 66 80 3 537
1 99 6 43 6 46 1 538
0 136 57 28 48 49 6 539
0 9 48 47 48 43 3 540
1 123 6 39 5 43 1 541
1 66 69 46 67 43 1 542
1 1 52 16 47 18 2 543
0 81 45 31 47 29 3 544
0 49 48 37 50 39 3 545
1 78 56 33 57 37 1 546
1 68 67 46 69 40 1 547
0 35 64 40 60 40 3 548
1 102 65 77 71 73 4 549
1 86 49 79 52 77 1 550
0 127 43 57 47 52 3 551
1 26 30 54 30 46 1 552
1 22 52 45 49 53 1 553
1 52 68 46 73 39 5 554
0 56 49 55 49 48 3 555
0 93 70 31 60 28 3 556
0 120 57 38 32 15 3 557
1 114 56 38 61 26 3 558
0 106 83 4 80 5 3 559
1 81 52 51 54 50 1 560
0 62 71 32 49 45 3 561
0 24 43 33 39 36 3 562
1 54 56 38 55 28 1 563
1 19 73 67 68 71 5 564
1 122 28 50 27 54 1 565
1 101 52 42 52 47 4 566
0 56 47 42 46 50 3 567
1 134 67 77 70 72 1 568
1 6 64 75 69 75 5 569
0 126 52 55 51 60 3 570
1 82 48 19 50 20 1 571
1 92 64 45 66 38 1 572
0 64 55 34 61 33 3 573
1 105 91 34 90 38 2 574
0 40 63 38 68 38 3 575
0 38 6 53 6 44 3 576
0 10 62 37 26 38 3 577
1 126 6 47 5 82 1 578
0 74 66 80 67 77 3 579
1 3 71 33 64 26 1 580
1 62 90 37 91 25 1 581
1 95 51 45 53 46 1 582
1 67 45 36 43 38 3 583
1 18 58 28 59 26 2 584
0 45 43 3 46 2 3 585
0 104 49 42 52 37 5 586
0 54 46 47 44 66 3 587
0 138 51 50 44 62 3 588
0 131 61 43 59 42 3 589
0 27 39 38 44 35 3 590
1 85 60 41 64 34 1 591
0 17 67 33 61 49 3 592
0 64 37 13 32 12 3 593
0 23 47 39 46 53 3 594
1 120 6 52 5 59 1 595
1 97 56 40 46 47 1 596
0 132 64 49 61 49 3 597
0 96 33 43 34 45 3 598
0 70 19 14 23 20 3 599
0 4 45 45 43 37 3 600
0 118 59 17 55 18 3 601
0 98 65 75 70 72 3 602
0 24 42 33 45 28 3 603
0 50 54 77 60 71 3 604
0 56 65 39 68 40 6 605
1 111 48 49 50 31 4 606
0 106 56 26 60 29 3 607
1 6 55 57 56 37 1 608
1 117 46 60 50 54 1 609
0 62 57 2 65 1 3 610
1 127 46 4 40 4 2 611
0 106 46 62 49 56 3 612
1 1 64 45 66 39 1 613
1 55 61 49 62 45 1 614
1 52 48 2 44 2 6 615
1 118 51 48 48 55 2 616
0 58 44 65 51 48 3 617
0 1 70 74 69 69 3 618
0 32 26 50 30 46 3 619
0 36 67 41 66 25 5 620
0 109 60 41 60 45 3 621
0 58 67 34 69 36 3 622
1 32 67 35 64 42 1 623
0 102 45 21 48 19 3 624
1 36 67 42 48 40 1 625
0 77 67 35 66 26 4 626
0 3 61 22 58 25 3 627
0 13 71 37 64 45 5 628
1 12 60 30 60 23 1 629
0 43 70 33 65 44 3 630
0 124 69 34 70 40 3 631
0 72 55 42 59 43 3 632
0 105 65 28 58 39 3 633
1 45 44 53 47 47 6 634
0 117 49 59 50 63 3 635
1 120 52 49 48 45 2 636
1 14 64 17 56 18 4 637
1 117 63 1 66 1 3 638
0 78 66 40 68 39 3 639
1 50 30 46 28 53 1 640
0 130 48 19 39 18 3 641
1 39 46 4 48 3 1 642
0 25 52 41 48 43 3 643
0 32 70 6 69 9 3 644
1 7 63 36 52 44 2 645
0 6 87 4 83 4 3 646
1 90 57 31 51 43 1 647
0 26 70 27 62 29 3 648
1 82 57 76 54 79 1 649
1 26 7 52 7 46 2 650
1 25 72 69 66 73 4 651
1 36 60 37 61 29 2 652
1 0 51 48 49 47 6 653
1 104 69 37 68 41 1 654
1 142 44 2 48 2 1 655
0 16 68 34 70 24 3 656
0 110 6 33 6 28 3 657
0 122 54 45 52 46 3 658
1 74 56 43 58 45 1 659
1 100 52 53 47 58 1 660
0 80 54 77 60 76 5 661
1 26 49 52 50 50 4 662
0 38 64 76 70 74 3 663
1 41 80 6 70 6 1 664
0 38 48 2 13 1 3 665
0 57 53 21 36 43 3 666
1 79 41 44 36 40 1 667
0 140 31 57 30 60 4 668
1 76 46 41 36 42 1 669
1 94 54 77 55 74 2 670
1 113 63 1 60 1 1 671
0 44 51 45 53 34 3 672
0 97 64 75 66 73 3 673
0 85 92 31 91 35 3 674
0 75 53 16 53 21 3 675
0 29 55 48 58 30 5 676
1 96 54 41 56 40 1 677
1 16 50 50 53 48 1 678
0 63 5 67 6 63 3 679
0 136 54 19 58 18 3 680
1 130 49 50 58 45 1 681
0 112 89 36 90 34 3 682
0 60 47 21 52 19 3 683
0 48 51 36 54 37 3 684
1 37 6 51 8 15 1 685
0 71 41 12 35 13 3 686
1 53 50 58 53 51 1 687
1 58 56 49 54 45 2 688
1 79 59 28 44 31 1 689
0 46 6 33 5 39 3 690
0 99 6 43 6 35 3 691
1 28 69 74 70 72 1 692
0 64 57 29 60 32 3 693
0 90 52 58 53 56 3 694
0 100 56 80 52 80 3 695
1 18 91 43 89 34 2 696
1 51 61 28 59 26 1 697
1 125 68 36 57 29 1 698
1 133 42 29 41 36 1 699
0 24 49 52 54 41 3 700
0 66 6 47 6 36 5 701
1 28 33 26 33 38 2 702
1 130 92 25 90 42 1 703
0 45 69 70 70 72 3 704
1 16 58 42 65 43 5 705
0 14 47 44 46 47 3 706
0 98 71 33 67 36 3 707
1 122 87 93 80 92 3 708
0 72 53 27 50 27 3 709
1 131 29 65 25 78 1 710
0 80 50 77 48 81 3 711
0 64 68 41 62 58 5 712
0 131 57 30 58 32 3 713
0 127 6 34 6 40 3 714
1 91 48 53 53 43 1 715
1 0 53 20 51 18 5 716
1 118 69 42 59 66 1 717
1 107 43 37 37 28 2 718
0 81 53 27 52 25 3 719
1 4 48 51 53 52 1 720
1 71 55 48 53 41 1 721
0 9 69 37 63 49 3 722
0 25 59 28 66 26 4 723
0 119 52 32 55 35 3 724
0 2 57 28 45 39 3 725
1 90 59 29 60 27 6 726
1 142 38 40 40 43 2 727
1 103 49 78 57 76 2 728
0 127 31 45 30 47 3 729
1 1 42 38 45 34 1 730
0 32 61 43 62 39 3 731
0 87 47 58 46 62 5 732
1 73 55 45 53 50 1 733
1 90 51 48 54 47 1 734
0 112 52 46 51 53 3 735
1 28 48 4 36 4 1 736
1 67 42 80 46 80 1 737
1 122 55 80 58 80 1 738
0 15 59 34 50 55 3 739
0 135 47 58 46 60 3 740
1 5 51 80 53 81 1 741
0 90 59 26 56 25 6 742
1 62 60 1 53 2 5 743
1 92 87 3 84 6 1 744
1 132 69 37 60 38 1 745
0 8 49 42 54 33 3 746
1 66 5 59 5 78 2 747
0 36 47 50 46 48 3 748
0 39 51 36 48 32 3 749
0 123 60 18 61 14 3 750
1 98 50 36 56 37 1 751
0 38 56 42 57 45 3 752
0 141 51 63 52 69 3 753
1 88 55 45 53 48 1 754
0 133 57 19 50 16 3 755
0 78 58 80 45 80 5 756
1 133 55 58 48 50 1 757
0 64 30 46 32 45 3 758
1 84 47 47 40 34 1 759
0 25 68 78 65 77 3 760
1 23 4 38 4 29 1 761
0 108 55 39 32 14 3 762
1 5 91 18 91 15 1 763
0 122 69 6 81 6 4 764
1 86 52 76 28 52 1 765
1 2 53 2 49 3 1 766
0 140 60 34 62 32 3 767
1 23 55 30 56 16 5 768
0 16 60 31 56 34 3 769
0 40 60 16 58 18 4 770
1 69 47 3 44 3 1 771
0 28 47 41 46 46 3 772
1 120 69 36 60 43 1 773
1 10 58 37 31 15 1 774
0 139 42 10 36 12 3 775
0 22 33 45 28 44 3 776
1 40 59 18 51 22 1 777
1 59 69 37 67 45 1 778
0 15 65 1 57 2 3 779
1 57 98 26 98 29 1 780
1 103 55 71 57 72 1 781
1 128 50 25 49 27 1 782
0 133 52 60 48 57 3 783
0 68 52 46 62 45 3 784
0 0 61 39 59 47 3 785
1 88 46 31 45 33 4 786
1 0 58 30 55 36 2 787
0 112 59 34 58 28 3 788
0 99 50 51 62 47 3 789
0 66 68 41 73 37 3 790
1 132 70 36 71 38 5 791
1 112 62 36 60 38 1 792
0 66 60 17 57 14 5 793
1 0 59 23 58 32 1 794
0 28 56 54 61 42 3 795
0 18 45 2 48 2 3 796
1 33 91 31 91 28 1 797
1 111 51 40 58 38 1 798
1 10 62 30 59 45 1 799
1 82 65 1 60 2 1 800
1 37 5 68 6 64 1 801
0 134 6 33 5 40 3 802
0 66 67 39 68 10 3 803
1 1 60 24 60 27 1 804
1 32 44 59 52 57 1 805
0 38 69 71 68 76 3 806
0 107 45 36 46 34 3 807
0 96 5 38 4 28 3 808
1 40 45 4 39 4 1 809
0 97 88 94 85 94 3 810
0 79 38 41 36 27 3 811
1 45 39 55 38 52 1 812
1 112 59 24 57 30 1 813
0 143 62 32 59 33 3 814
0 88 51 48 52 45 3 815
1 93 50 49 45 43 1 816
0 101 6 66 6 57 3 817
0 132 91 37 90 45 3 818
1 64 44 62 47 53 1 819
0 90 45 29 41 70 3 820
1 78 43 42 44 44 1 821
1 35 47 80 53 80 6 822
0 96 25 13 17 11 3 823
0 53 64 42 52 69 3 824
0 53 56 46 48 37 5 825
0 100 45 4 41 4 3 826
0 133 47 61 55 52 3 827
1 143 47 20 32 18 4 828
1 130 58 47 51 43 1 829
1 133 50 62 49 56 1 830
1 117 49 36 36 43 1 831
0 86 55 77 56 74 6 832
0 116 6 50 4 72 3 833
1 96 6 36 6 27 2 834
0 10 60 50 64 41 3 835
1 44 31 50 30 52 1 836
0 136 33 46 31 42 3 837
1 69 71 70 69 71 1 838
1 67 56 40 57 38 1 839
1 39 58 34 54 40 1 840
1 16 27 44 26 42 2 841
1 83 68 43 68 39 1 842
1 40 5 68 6 66 2 843
1 7 31 50 29 53 5 844
0 80 41 11 44 11 3 845
0 129 58 72 50 77 3 846
0 67 43 67 49 58 3 847
1 8 42 18 63 31 1 848
1 48 28 61 29 63 4 849
1 123 59 26 55 35 1 850
0 49 71 39 60 56 3 851
1 65 31 57 28 59 1 852
1 143 47 56 42 73 1 853
1 23 55 79 57 76 1 854
0 6 68 33 69 37 3 855
1 79 40 36 43 34 5 856
0 117 83 4 81 6 3 857
1 41 46 4 29 4 1 858
0 18 54 57 58 57 3 859
0 124 92 29 91 39 3 860
0 73 57 20 60 18 3 861
1 78 80 5 98 4 2 862
0 10 61 45 60 49 3 863
0 86 69 42 71 28 3 864
1 16 32 43 27 49 1 865
0 9 46 32 45 34 3 866
1 124 45 54 46 50 1 867
1 10 67 40 63 49 1 868
0 29 27 41 31 43 3 869
0 65 67 38 59 42 3 870
1 82 53 55 53 42 5 871
0 84 86 4 82 3 3 872
0 27 6 66 5 64 3 873
0 126 51 81 56 77 3 874
1 16 57 39 95 29 1 875
0 53 53 44 49 51 3 876
1 40 55 74 52 77 1 877
1 32 30 47 27 48 1 878
0 121 46 54 41 75 3 879
1 97 70 71 73 72 1 880
0 132 57 41 54 41 3 881
1 102 60 54 57 52 1 882
1 33 58 80 53 81 1 883
1 120 98 25 98 22 1 884
1 117 52 44 57 40 1 885
1 56 47 80 51 80 2 886
1 98 59 38 55 40 1 887
1 74 48 19 45 20 1 888
1 46 64 1 55 2 2 889
1 141 56 49 56 40 1 890
0 79 69 38 66 44 3 891
1 125 55 80 51 80 2 892
1 118 56 42 61 38 3 893
1 86 46 4 36 4 2 894
1 57 46 50 44 51 5 895
1 115 62 92 64 93 1 896
0 137 32 45 32 42 3 897
0 78 28 51 34 41 3 898
0 36 36 43 39 39 3 899
0 35 50 81 56 80 3 900
1 48 92 27 91 34 3 901
1 17 69 38 68 43 1 902
1 46 67 89 66 92 1 903
1 128 18 46 30 48 2 904
1 76 6 57 6 66 6 905
0 81 34 46 27 48 3 906
1 72 50 57 52 52 1 907
0 51 80 5 82 4 3 908
1 69 44 11 42 13 1 909
0 5 53 44 56 62 3 910
0 135 43 26 47 15 3 911
1 61 57 36 61 36 1 912
0 2 46 4 42 4 3 913
0 79 73 33 73 37 3 914
0 124 49 54 45 63 3 915
1 74 70 34 71 38 1 916
0 42 54 52 56 44 3 917
0 86 6 57 4 71 3 918
1 33 38 59 48 53 1 919
1 27 59 17 64 16 5 920
1 73 48 52 51 47 1 921
0 49 46 18 41 17 3 922
1 108 64 1 55 2 6 923
1 109 45 3 47 2 1 924
1 111 6 41 5 44 1 925
0 35 35 4 30 4 3 926
1 127 70 71 68 72 1 927
0 14 56 34 60 29 3 928
1 88 14 0 47 2 5 929
1 110 58 45 61 43 2 930
1 69 55 79 57 77 1 931
0 79 65 43 54 39 3 932
1 0 33 45 28 53 2 933
1 129 49 2 53 1 2 934
0 66 56 19 61 15 3 935
0 92 62 28 56 39 3 936
0 31 60 43 53 45 3 937
0 39 55 77 54 79 3 938
1 43 49 61 44 64 1 939
1 104 50 78 55 74 1 940
1 48 91 27 89 24 1 941
0 14 98 21 98 16 3 942
1 104 53 74 56 77 1 943
1 27 62 39 62 35 2 944
1 23 67 43 62 48 1 945
0 139 69 26 66 42 3 946
1 84 59 42 42 39 1 947
1 139 62 25 45 26 1 948
0 112 59 35 56 37 3 949
0 124 57 2 54 2 3 950
0 0 36 13 40 11 3 951
0 8 32 45 25 58 3 952
0 88 66 40 67 35 3 953
0 113 45 54 48 42 3 954
1 76 61 40 55 51 1 955
1 3 91 32 90 36 1 956
1 77 54 47 51 45 1 957
0 143 51 19 44 21 3 958
0 118 68 33 63 47 3 959
1 48 98 20 98 6 2 960
0 76 62 45 61 53 3 961
1 40 59 17 52 19 1 962
0 25 58 27 59 24 3 963
0 76 56 76 60 77 3 964
1 69 6 44 6 56 1 965
0 121 59 37 60 40 3 966
1 21 91 35 89 55 1 967
0 102 55 50 50 63 3 968
1 126 40 4 28 5 1 969
0 39 58 37 56 40 3 970
1 112 63 34 56 40 2 971
1 3 56 39 54 46 1 972
0 106 53 40 51 48 3 973
1 76 6 54 5 56 1 974
0 120 56 80 53 80 3 975
0 111 53 80 42 80 4 976
1 139 58 33 60 29 1 977
0 57 68 36 49 21 3 978
0 59 26 72 26 68 3 979
0 32 31 43 33 45 3 980
0 10 53 41 56 40 3 981
1 91 54 45 54 48 3 982
1 94 92 23 90 35 2 983
1 64 32 13 29 13 1 984
0 76 67 41 62 46 3 985
0 104 46 49 46 56 3 986
0 28 48 54 48 44 4 987
0 132 45 3 40 4 5 988
0 69 56 77 58 75 3 989
1 34 30 77 50 70 1 990
0 34 59 2 56 2 4 991
0 102 56 39 58 46 6 992
1 3 91 39 90 44 5 993
0 66 60 31 55 42 3 994
1 42 69 33 63 32 2 995
1 77 98 19 98 16 1 996
1 92 63 16 58 19 3 997
1 44 64 37 63 40 5 998
1 50 60 29 64 20 1 999
1 47 48 68 49 66 2 1000
0 40 48 59 55 52 3 1001
0 73 56 31 59 31 3 1002
1 100 60 37 30 36 1 1003
1 92 30 59 29 62 3 1004
0 61 46 47 43 57 3 1005
0 9 6 53 6 56 3 1006
0 0 46 44 45 48 3 1007
0 100 98 21 98 15 3 1008
0 68 49 3 42 2 3 1009
1 143 98 25 98 21 1 1010
0 118 54 19 2 19 3 1011
0 69 51 48 55 43 3 1012
0 7 33 48 31 47 3 1013
0 63 98 20 98 23 3 1014
1 46 49 28 52 24 4 1015
1 107 29 46 30 44 1 1016
0 68 55 46 53 45 3 1017
1 130 52 42 55 38 1 1018
0 2 5 71 4 73 3 1019
0 46 62 46 55 46 3 1020
0 132 46 47 47 52 3 1021
1 3 77 8 79 7 1 1022
1 131 30 41 29 46 1 1023
1 14 58 37 61 35 3 1024
0 101 53 49 47 59 3 1025
1 21 55 74 57 75 1 1026
0 92 68 33 64 42 3 1027
0 44 58 33 59 44 3 1028
0 0 61 27 61 30 3 1029
0 83 5 46 5 49 3 1030
1 106 45 32 40 37 3 1031
1 102 63 33 57 38 5 1032
1 10 43 2 48 2 1 1033
0 113 45 21 56 18 4 1034
0 27 62 48 65 40 3 1035
1 143 60 24 62 25 1 1036
0 56 6 40 6 35 3 1037
0 1 64 2 61 2 3 1038
1 31 57 72 57 76 1 1039
1 136 6 43 6 56 1 1040
0 53 52 48 52 45 3 1041
0 86 57 38 55 36 3 1042
0 137 61 41 58 45 3 1043
1 79 54 44 60 18 1 1044
1 11 57 43 51 53 1 1045
0 3 64 36 44 40 3 1046
0 82 50 57 52 53 3 1047
1 86 6 41 6 33 1 1048
0 57 60 40 56 38 3 1049
0 104 55 45 53 40 3 1050
0 70 46 57 47 59 3 1051
0 81 50 27 52 23 3 1052
0 106 59 27 53 38 3 1053
1 44 63 33 60 38 1 1054
0 14 58 18 53 19 5 1055
1 70 88 93 86 95 1 1056
1 23 61 1 64 1 2 1057
1 126 47 4 49 3 1 1058
1 57 6 64 6 67 1 1059
0 15 61 1 50 2 5 1060
0 65 62 48 59 54 3 1061
1 108 67 28 62 47 2 1062
0 136 30 77 58 73 3 1063
1 136 5 57 7 51 2 1064
0 9 56 39 58 37 3 1065
1 7 21 23 36 57 1 1066
1 19 52 45 55 42 1 1067
1 125 63 94 66 91 1 1068
1 23 55 38 53 31 1 1069
1 124 45 52 49 37 2 1070
0 23 59 19 55 19 3 1071
0 70 64 34 52 44 3 1072
0 58 50 50 47 44 3 1073
1 5 42 2 50 2 1 1074
0 111 32 46 33 50 3 1075
1 60 49 62 54 52 1 1076
1 70 7 44 6 35 1 1077
0 111 58 47 58 43 3 1078
0 26 69 46 63 9 3 1079
1 21 92 34 92 23 1 1080
0 56 58 74 56 75 3 1081
0 17 61 69 60 72 5 1082
1 52 64 45 74 29 2 1083
0 24 50 50 53 40 3 1084
1 79 43 38 38 41 1 1085
0 109 55 52 66 37 3 1086
0 24 55 80 47 80 3 1087
1 96 37 11 40 11 3 1088
1 76 45 48 47 50 1 1089
1 66 62 39 59 41 1 1090
0 119 6 38 6 35 4 1091
0 90 59 27 61 25 3 1092
0 108 53 19 59 17 4 1093
0 100 98 22 98 17 6 1094
0 83 53 32 57 35 3 1095
1 55 56 74 59 72 1 1096
0 83 59 28 54 14 3 1097
0 0 31 45 33 44 4 1098
1 51 68 73 65 76 1 1099
0 93 6 45 6 48 3 1100
1 18 6 22 5 27 1 1101
1 54 62 37 53 55 1 1102
1 88 49 54 45 53 1 1103
0 94 49 66 42 66 3 1104
0 74 52 18 47 20 3 1105
0 108 30 56 28 62 3 1106
0 45 91 30 92 32 4 1107
1 116 56 39 32 48 1 1108
1 137 61 41 49 66 1 1109
0 35 56 80 53 81 5 1110
0 37 52 33 47 57 4 1111
0 111 50 46 59 65 3 1112
0 91 57 41 56 39 3 1113
1 40 54 46 45 59 1 1114
1 120 53 38 56 35 5 1115
1 5 53 57 55 53 1 1116
0 102 49 64 46 63 3 1117
1 108 2 63 6 65 1 1118
0 23 53 47 51 45 3 1119
1 112 27 49 31 41 3 1120
0 25 53 27 48 33 3 1121
1 119 80 5 77 6 1 1122
1 7 53 1 51 2 1 1123
1 72 53 42 54 46 5 1124
0 112 59 34 54 43 3 1125
0 37 44 28 48 31 3 1126
1 20 56 18 52 19 2 1127
1 75 98 13 98 29 3 1128
1 135 60 41 60 33 2 1129
1 0 73 36 69 39 6 1130
1 124 71 39 67 42 2 1131
0 106 6 34 6 29 3 1132
1 93 6 28 6 40 5 1133
1 19 92 36 90 25 1 1134
1 66 45 63 35 89 1 1135
0 138 32 57 35 39 5 1136
1 40 57 39 59 41 4 1137
0 130 58 56 56 55 3 1138
1 73 56 50 57 40 5 1139
0 120 27 50 30 45 3 1140
0 31 58 18 50 35 3 1141
0 38 55 29 48 37 3 1142
1 130 65 52 64 44 1 1143
1 114 91 42 90 51 1 1144
1 0 54 42 58 33 1 1145
1 38 38 38 37 41 4 1146
1 111 48 53 47 55 2 1147
1 5 57 25 57 31 1 1148
1 141 45 31 51 27 3 1149
1 26 48 57 50 64 2 1150
0 26 48 54 46 58 3 1151
1 81 43 3 50 2 6 1152
1 72 58 43 55 42 1 1153
1 112 37 13 42 11 1 1154
1 80 44 10 39 12 1 1155
1 72 40 23 36 27 1 1156
1 2 34 40 31 46 2 1157
0 13 66 27 59 47 3 1158
0 10 55 80 51 70 3 1159
1 127 56 54 57 51 1 1160
1 77 62 1 65 1 1 1161
0 8 48 52 50 48 3 1162
0 68 52 44 46 47 3 1163
1 4 67 38 66 36 1 1164
1 15 50 18 49 20 2 1165
0 134 59 39 57 47 3 1166
0 56 45 45 54 48 3 1167
0 47 59 54 54 66 4 1168
0 120 49 42 53 45 3 1169
1 9 65 31 70 33 1 1170
0 86 6 48 6 59 3 1171
0 33 55 28 52 50 3 1172
1 49 87 4 85 5 1 1173
1 13 58 80 55 80 2 1174
0 23 54 58 57 53 3 1175
1 103 41 41 38 45 1 1176
1 54 57 48 64 40 1 1177
0 38 54 42 51 49 3 1178
1 131 30 48 31 46 1 1179
0 14 65 40 63 41 3 1180
0 45 61 36 57 39 3 1181
0 32 55 47 54 38 3 1182
1 32 87 3 85 4 2 1183
1 23 56 30 48 26 5 1184
1 135 98 23 98 18 1 1185
1 73 62 23 59 34 2 1186
0 1 54 19 61 18 3 1187
0 74 6 29 6 39 3 1188
1 48 68 41 67 37 1 1189
0 32 42 57 47 52 3 1190
0 113 57 38 55 40 3 1191
1 59 33 46 28 56 2 1192
1 65 31 58 21 51 1 1193
0 105 63 16 57 19 3 1194
0 51 51 42 57 34 3 1195
1 19 54 32 51 27 4 1196
1 101 57 48 55 45 1 1197
1 63 53 75 56 76 3 1198
0 29 70 37 74 29 3 1199
0 45 69 39 64 45 3 1200
1 14 59 17 62 17 1 1201
0 117 61 35 55 49 3 1202
1 32 58 38 65 28 1 1203
0 56 39 37 43 36 3 1204
1 27 61 40 58 37 1 1205
0 40 5 60 6 63 3 1206
0 24 45 80 40 80 6 1207
0 9 60 18 45 15 3 1208
0 110 53 50 49 57 3 1209
1 27 57 37 60 40 2 1210
0 56 56 80 53 81 6 1211
0 130 55 42 58 36 6 1212
1 53 45 39 54 21 1 1213
0 21 48 46 45 7 3 1214
1 19 53 27 50 20 3 1215
1 116 47 21 50 19 3 1216
1 73 52 44 63 40 1 1217
0 16 65 40 63 44 3 1218
1 44 67 71 65 75 1 1219
1 65 49 47 61 38 1 1220
1 18 50 20 46 21 1 1221
0 23 50 35 59 34 3 1222
1 123 28 57 30 55 1 1223
0 56 60 75 65 76 3 1224
0 71 30 14 55 24 3 1225
0 101 53 42 48 54 3 1226
1 130 63 46 57 45 1 1227
1 96 48 44 58 33 1 1228
0 50 51 57 51 49 3 1229
0 16 56 59 54 57 3 1230
1 97 47 41 46 39 1 1231
0 103 59 23 54 31 3 1232
1 61 60 29 53 38 1 1233
1 133 68 41 53 68 3 1234
1 134 60 30 50 30 2 1235
1 6 71 39 66 50 3 1236
0 23 55 33 58 46 3 1237
1 25 52 17 40 19 3 1238
1 46 53 71 49 70 5 1239
1 100 54 80 48 80 1 1240
1 85 65 42 58 57 1 1241
1 123 46 2 43 3 1 1242
0 6 55 57 55 65 3 1243
1 93 59 29 56 27 1 1244
0 10 56 42 44 40 3 1245
0 5 60 46 59 51 6 1246
1 36 67 34 69 37 5 1247
0 56 40 44 41 34 3 1248
1 44 47 57 44 62 3 1249
1 36 56 37 57 43 1 1250
0 87 49 56 55 41 3 1251
0 52 38 40 38 46 6 1252
0 64 41 12 36 13 3 1253
1 89 88 92 84 96 3 1254
1 116 6 70 5 74 1 1255
1 65 31 48 24 50 3 1256
1 68 67 42 67 35 1 1257
1 65 70 38 63 45 1 1258
1 48 50 50 50 54 1 1259
0 115 87 93 85 94 3 1260
0 0 6 54 6 35 3 1261
1 91 56 21 59 32 1 1262
1 76 69 76 68 73 1 1263
1 140 56 53 60 52 1 1264
1 58 53 28 50 26 3 1265
1 64 44 54 42 61 2 1266
1 63 3 31 33 46 1 1267
0 2 92 26 91 33 3 1268
0 27 56 19 60 19 3 1269
0 132 31 40 32 37 3 1270
0 103 57 28 58 26 3 1271
0 0 54 47 49 59 5 1272
1 83 50 34 53 32 1 1273
1 82 50 49 52 50 1 1274
1 1 61 25 56 36 1 1275
0 32 32 51 31 47 3 1276
0 138 50 2 46 2 3 1277
1 107 56 42 58 46 1 1278
0 32 52 63 58 54 3 1279
1 108 63 1 60 1 2 1280
0 141 50 50 49 52 6 1281
0 68 68 42 66 38 3 1282
0 38 31 45 28 41 3 1283
1 5 50 77 62 71 2 1284
1 75 87 2 87 5 1 1285
0 24 55 42 57 44 3 1286
1 44 79 6 81 5 1 1287
1 84 91 31 91 34 1 1288
1 40 30 55 31 51 1 1289
1 1 84 4 82 3 1 1290
0 102 69 68 71 69 3 1291
0 115 61 73 58 72 3 1292
0 106 6 36 5 42 3 1293
0 71 53 48 47 57 3 1294
0 128 50 50 48 53 3 1295
1 74 46 21 50 20 1 1296
1 68 43 47 47 62 2 1297
0 108 91 33 92 28 3 1298
0 139 59 1 62 1 3 1299
0 66 98 16 98 19 3 1300
1 69 79 7 81 5 5 1301
1 128 59 38 48 34 4 1302
1 121 5 39 6 34 6 1303
0 22 28 64 27 66 3 1304
0 90 66 93 63 93 3 1305
1 19 47 45 47 50 1 1306
1 108 69 72 71 74 1 1307
1 33 47 47 45 48 5 1308
1 133 49 35 60 41 1 1309
0 97 48 80 51 77 3 1310
0 61 42 31 37 40 3 1311
1 18 92 25 92 29 1 1312
1 68 87 4 83 4 2 1313
1 68 61 42 62 48 2 1314
1 32 62 40 61 50 1 1315
1 41 45 60 49 54 2 1316
1 128 31 47 27 60 1 1317
1 16 69 39 69 45 2 1318
0 108 58 2 66 1 3 1319
1 139 53 44 52 46 1 1320
0 82 37 42 43 39 3 1321
1 76 57 28 51 26 1 1322
1 77 64 1 62 2 1 1323
0 102 72 66 51 75 5 1324
1 100 98 12 99 14 1 1325
1 54 34 41 33 45 1 1326
1 56 45 62 52 60 3 1327
1 16 68 35 67 38 2 1328
1 68 53 43 47 67 1 1329
0 91 52 54 61 44 3 1330
1 136 62 25 56 34 1 1331
1 4 65 41 68 39 1 1332
1 35 52 50 53 55 1 1333
1 9 57 42 56 47 2 1334
1 35 49 28 34 27 5 1335
0 26 58 39 60 37 3 1336
0 51 58 75 54 80 6 1337
1 14 52 16 56 20 2 1338
1 115 64 40 59 47 1 1339
1 83 33 38 38 46 1 1340
1 132 54 30 46 28 1 1341
1 77 32 78 58 74 1 1342
1 118 62 45 61 41 2 1343
1 110 45 4 30 4 1 1344
0 92 56 76 58 75 3 1345
0 51 65 43 64 45 3 1346
1 48 51 55 45 64 1 1347
0 131 61 17 58 17 3 1348
1 46 49 19 45 21 4 1349
0 70 49 37 56 28 3 1350
1 51 57 36 53 40 2 1351
0 62 49 63 49 66 3 1352
1 106 46 31 49 28 3 1353
1 101 68 37 62 39 1 1354
0 16 34 45 34 41 3 1355
1 99 30 52 29 55 1 1356
1 34 61 31 58 38 3 1357
1 13 6 66 5 69 1 1358
1 55 55 38 62 35 1 1359
1 102 62 40 50 71 4 1360
0 15 59 53 64 44 3 1361
0 45 45 52 40 79 3 1362
0 110 6 43 6 53 3 1363
1 74 46 3 41 3 5 1364
0 25 58 17 54 16 3 1365
1 13 58 44 66 38 5 1366
1 100 67 35 66 38 1 1367
0 120 60 74 57 74 3 1368
1 112 50 20 45 20 3 1369
0 13 63 49 59 44 3 1370
1 110 16 2 47 4 1 1371
0 48 36 11 47 7 3 1372
0 51 58 33 55 32 3 1373
1 52 63 50 67 42 1 1374
1 23 35 15 54 19 1 1375
0 111 52 47 50 53 3 1376
1 141 3 13 5 20 2 1377
0 131 30 17 37 17 3 1378
1 10 46 54 35 43 1 1379
1 74 56 53 58 50 6 1380
1 51 56 79 57 76 1 1381
1 83 14 1 40 0 1 1382
1 34 46 2 49 2 1 1383
0 1 50 20 47 21 3 1384
0 52 52 56 53 44 3 1385
1 9 55 41 55 45 1 1386
1 71 48 49 54 52 3 1387
1 31 67 36 64 42 2 1388
1 132 42 4 17 2 2 1389
0 29 62 36 61 57 3 1390
1 2 57 80 46 80 3 1391
1 102 42 2 40 3 1 1392
1 24 53 41 53 44 6 1393
0 116 49 18 53 17 3 1394
1 14 37 41 45 34 2 1395
1 72 68 5 80 6 1 1396
0 80 55 77 98 67 3 1397
1 136 67 33 61 29 1 1398
0 75 50 26 55 17 3 1399
1 128 33 45 30 34 1 1400
0 9 56 47 52 45 3 1401
1 43 49 40 52 43 1 1402
1 84 6 64 5 72 1 1403
0 91 55 23 46 33 3 1404
1 143 69 6 82 3 2 1405
0 57 6 61 6 48 3 1406
0 8 6 59 4 48 4 1407
1 117 59 36 61 38 1 1408
0 51 98 25 98 28 3 1409
1 24 66 38 43 19 1 1410
0 54 6 44 6 50 3 1411
0 104 61 31 63 32 3 1412
1 143 98 14 98 20 1 1413
1 88 50 17 46 18 1 1414
1 37 56 39 60 54 2 1415
0 80 32 44 28 49 3 1416
0 128 57 24 56 27 3 1417
0 62 49 19 47 20 3 1418
0 0 44 65 52 58 3 1419
0 32 33 44 30 44 4 1420
0 143 31 43 30 46 5 1421
1 50 69 70 69 73 1 1422
0 101 52 49 27 24 3 1423
0 5 64 77 66 74 3 1424
1 80 56 76 60 74 1 1425
1 48 29 46 26 52 1 1426
0 23 6 65 6 61 3 1427
1 57 61 31 61 34 2 1428
1 28 62 35 51 37 1 1429
1 128 33 42 30 45 1 1430
1 102 47 2 39 3 2 1431
0 14 64 17 60 17 3 1432
0 137 47 32 47 36 3 1433
0 23 81 5 62 2 3 1434
0 132 64 46 39 40 3 1435
1 138 60 71 61 74 1 1436
1 35 88 93 86 94 1 1437
0 125 53 54 54 56 3 1438
0 100 69 37 59 29 3 1439
1 33 46 33 47 53 1 1440
1 108 65 47 65 44 3 1441
0 26 56 38 60 42 3 1442
1 96 6 52 6 61 1 1443
0 42 44 54 21 19 3 1444
0 44 65 41 61 54 3 1445
1 45 47 99 46 2 2 1446
1 67 53 43 58 23 1 1447
0 28 98 16 98 21 3 1448
0 56 44 50 42 52 3 1449
1 74 41 23 44 23 2 1450
0 0 69 38 71 34 3 1451
0 118 42 18 65 25 3 1452
0 112 31 49 29 48 3 1453
1 104 59 34 50 44 1 1454
1 74 42 2 28 2 1 1455
0 12 45 27 43 36 3 1456
1 40 56 52 55 56 1 1457
1 32 53 56 55 53 1 1458
0 10 98 13 98 22 3 1459
1 108 59 36 31 13 6 1460
1 13 55 40 59 41 1 1461
0 137 66 37 66 40 3 1462
1 40 5 75 5 70 1 1463
1 73 61 47 60 50 2 1464
0 98 63 45 61 43 3 1465
0 142 58 33 62 49 3 1466
1 75 60 38 56 36 1 1467
0 112 55 25 47 25 3 1468
1 64 29 48 27 50 5 1469
1 71 63 1 60 1 1 1470
1 0 56 51 63 43 1 1471
1 6 68 33 67 35 1 1472
1 7 54 77 52 76 1 1473
1 83 68 38 65 48 1 1474
1 28 50 41 49 28 1 1475
0 100 52 45 57 43 3 1476
0 9 52 47 56 40 5 1477
1 113 60 53 56 49 1 1478
1 130 54 46 57 44 1 1479
1 85 67 41 70 37 3 1480
1 79 43 33 44 31 1 1481
1 131 60 22 60 17 2 1482
1 25 66 93 62 94 2 1483
1 30 55 43 48 49 2 1484
0 14 98 20 98 24 3 1485
0 137 47 45 43 45 3 1486
0 15 56 28 60 29 3 1487
0 28 5 76 6 53 3 1488
1 82 52 30 55 47 1 1489
0 43 54 61 53 59 5 1490
1 134 62 40 60 41 1 1491
0 15 53 39 55 40 3 1492
0 128 47 42 48 36 3 1493
0 83 78 6 82 5 3 1494
1 97 54 44 56 43 1 1495
1 16 32 43 30 37 4 1496
0 25 91 28 91 34 3 1497
0 16 39 14 35 11 3 1498
0 39 47 49 26 39 5 1499
1 124 90 25 92 17 1 1500
1 31 66 41 70 41 3 1501
1 34 69 35 64 41 1 1502
1 131 56 41 51 47 1 1503
1 121 44 52 47 50 1 1504
1 48 53 47 54 44 1 1505
0 15 31 49 13 42 3 1506
0 94 49 33 45 31 3 1507
1 56 49 50 48 53 5 1508
0 141 52 54 52 41 3 1509
1 4 48 55 48 65 1 1510
1 0 44 66 43 70 5 1511
0 82 64 1 69 0 3 1512
0 115 54 40 55 38 3 1513
0 105 98 22 98 19 3 1514
0 5 64 44 61 49 3 1515
0 11 55 20 53 17 3 1516
0 51 60 50 64 42 3 1517
1 68 50 59 54 38 2 1518
1 143 55 54 57 52 1 1519
0 105 72 34 60 29 3 1520
0 143 44 4 40 4 6 1521
0 33 61 32 57 38 3 1522
1 13 55 41 33 43 2 1523
0 77 87 3 82 3 5 1524
0 51 55 49 56 41 3 1525
1 38 61 30 59 27 5 1526
1 28 98 12 98 21 5 1527
0 19 52 27 46 30 3 1528
0 58 58 48 56 53 3 1529
0 20 69 34 63 49 3 1530
1 142 59 45 57 48 1 1531
0 34 87 4 84 4 3 1532
0 14 53 40 54 43 4 1533
0 68 49 51 49 54 6 1534
0 67 54 46 54 36 3 1535
0 21 85 92 78 90 3 1536
1 31 6 47 7 42 2 1537
0 28 98 17 98 24 3 1538
0 127 67 36 65 66 3 1539
0 88 51 41 62 31 4 1540
0 59 49 34 43 43 3 1541
0 135 66 36 68 38 3 1542
1 65 31 57 29 63 1 1543
1 84 39 40 45 33 1 1544
1 120 54 18 57 19 1 1545
0 115 98 20 98 17 3 1546
0 7 52 18 40 19 3 1547
0 2 41 74 58 73 3 1548
0 10 91 33 90 18 3 1549
1 60 6 67 6 63 1 1550
0 66 50 2 27 4 3 1551
1 66 32 44 34 41 2 1552
1 93 6 35 6 39 2 1553
1 79 72 69 73 66 1 1554
0 18 46 58 44 53 3 1555
0 66 6 44 6 53 3 1556
0 99 60 75 58 74 3 1557
1 18 92 32 92 28 1 1558
1 79 47 70 59 66 1 1559
1 21 64 43 64 47 5 1560
0 47 67 38 65 41 4 1561
1 77 55 41 59 34 1 1562
1 63 55 1 62 1 2 1563
0 89 61 46 59 54 3 1564
0 38 6 66 5 68 3 1565
1 97 55 73 59 72 1 1566
1 129 6 38 6 33 1 1567
1 135 40 45 37 41 1 1568
1 54 36 43 40 44 1 1569
0 53 52 34 49 37 5 1570
1 42 87 94 88 92 1 1571
0 24 49 35 53 33 3 1572
0 3 6 43 6 57 3 1573
1 8 49 46 47 45 2 1574
1 18 68 48 70 36 1 1575
1 104 56 40 60 37 5 1576
1 38 6 68 5 70 1 1577
1 28 49 49 45 62 1 1578
0 112 49 79 55 76 3 1579
0 41 91 33 91 29 3 1580
1 50 31 50 28 59 1 1581
0 82 55 49 56 45 3 1582
0 95 55 32 61 28 3 1583
0 100 85 3 86 5 5 1584
1 103 6 45 5 74 1 1585
0 40 59 18 63 16 6 1586
0 139 83 4 80 5 3 1587
1 79 29 55 30 58 1 1588
1 34 43 4 34 2 1 1589
1 26 52 50 45 22 1 1590
1 77 60 28 59 26 1 1591
1 7 48 21 50 18 1 1592
1 51 46 4 39 4 1 1593
0 49 45 52 42 59 3 1594
0 60 57 18 59 17 3 1595
0 16 39 14 36 13 3 1596
0 35 42 56 45 62 3 1597
0 47 67 41 58 38 3 1598
1 138 98 19 98 22 1 1599
0 129 88 93 85 93 3 1600
0 65 33 51 32 47 3 1601
1 128 53 26 55 25 1 1602
0 116 43 18 52 42 3 1603
0 56 55 28 95 28 3 1604
1 117 53 45 55 49 2 1605
1 104 52 45 56 40 4 1606
0 58 60 37 32 47 6 1607
0 131 50 66 57 48 3 1608
0 71 35 14 42 12 3 1609
1 110 61 42 62 38 1 1610
0 39 51 48 47 58 6 1611
0 23 47 24 44 22 3 1612
0 48 67 35 63 44 3 1613
1 120 26 42 31 44 3 1614
1 3 91 33 92 30 2 1615
1 46 49 3 44 3 5 1616
1 80 42 13 39 14 1 1617
1 137 48 78 56 74 1 1618
1 98 60 30 59 27 5 1619
1 115 59 17 51 20 1 1620
0 65 61 48 66 37 3 1621
0 31 46 45 48 44 3 1622
1 128 54 27 59 23 1 1623
0 12 5 69 5 73 3 1624
1 3 6 53 6 49 1 1625
0 60 66 41 69 40 3 1626
0 27 42 84 44 78 3 1627
0 138 56 51 60 51 3 1628
1 27 6 28 5 26 5 1629
0 36 54 40 56 38 3 1630
0 139 62 26 59 25 3 1631
0 136 53 34 46 65 3 1632
1 82 65 42 68 38 1 1633
1 86 98 17 98 21 5 1634
1 100 54 37 48 39 1 1635
0 128 26 51 27 56 3 1636
1 81 71 38 69 35 4 1637
0 44 54 80 58 80 3 1638
0 90 98 21 98 24 3 1639
0 98 51 37 49 36 3 1640
1 48 39 11 42 12 6 1641
1 92 32 57 30 51 1 1642
0 120 47 4 44 4 3 1643
1 84 22 19 46 40 1 1644
1 68 49 38 48 40 1 1645
0 3 52 46 49 50 3 1646
1 117 63 48 68 40 1 1647
0 102 59 37 27 36 3 1648
0 56 48 44 54 37 3 1649
0 19 43 38 43 31 3 1650
0 32 60 45 57 50 3 1651
0 112 32 44 26 49 6 1652
0 82 48 54 52 55 5 1653
0 56 64 31 70 36 3 1654
0 20 72 36 64 44 3 1655
0 33 29 37 34 41 3 1656
1 90 56 53 57 51 1 1657
1 52 59 43 54 44 2 1658
0 60 47 56 44 61 3 1659
1 53 42 56 45 48 5 1660
1 38 53 43 59 37 2 1661
1 30 54 26 50 32 1 1662
0 76 61 25 60 23 3 1663
1 3 53 45 55 39 1 1664
0 35 79 6 98 4 3 1665
0 2 54 50 55 44 3 1666
0 40 51 56 47 57 4 1667
1 95 81 2 87 4 2 1668
0 122 56 48 50 46 3 1669
1 47 54 42 60 33 4 1670
0 8 55 32 53 30 5 1671
1 32 55 52 59 49 2 1672
0 40 50 53 54 44 3 1673
1 140 55 21 60 15 1 1674
1 13 59 80 51 80 4 1675
1 64 27 55 29 53 1 1676
1 76 60 38 62 35 1 1677
1 25 53 50 55 49 1 1678
1 89 49 19 45 20 4 1679
1 63 89 45 90 41 1 1680
0 128 33 16 35 15 3 1681
1 85 54 50 49 54 2 1682
0 80 56 42 52 40 5 1683
1 53 54 45 53 47 1 1684
1 73 38 13 30 13 2 1685
0 17 6 64 5 26 5 1686
0 93 91 34 91 10 3 1687
0 100 58 80 51 80 3 1688
1 35 57 76 52 76 2 1689
1 130 55 43 55 46 1 1690
1 63 91 33 90 35 1 1691
1 91 54 46 59 46 2 1692
0 98 53 29 52 26 3 1693
0 43 98 16 98 19 5 1694
0 50 55 22 50 27 3 1695
1 116 51 19 48 19 5 1696
1 86 46 3 38 4 1 1697
0 44 60 17 54 19 3 1698
0 82 54 75 69 73 3 1699
1 107 48 55 49 53 1 1700
1 103 59 28 60 23 1 1701
1 105 50 44 57 38 1 1702
0 141 47 70 49 66 3 1703
1 12 58 38 61 41 2 1704
0 49 46 4 42 4 3 1705
0 12 62 34 55 36 3 1706
1 10 48 2 45 2 5 1707
1 13 5 71 6 67 1 1708
0 73 59 41 57 45 3 1709
1 5 59 71 56 71 1 1710
0 139 6 48 7 37 3 1711
1 72 98 24 98 31 2 1712
0 82 54 31 57 35 3 1713
0 137 54 2 47 3 3 1714
1 43 98 23 98 16 6 1715
0 124 46 53 32 57 3 1716
0 65 92 28 96 15 3 1717
1 10 61 51 59 55 2 1718
1 106 6 66 5 68 1 1719
0 111 57 80 54 80 5 1720
0 94 43 31 40 43 3 1721
1 21 64 38 63 49 1 1722
0 54 62 49 60 52 3 1723
0 37 61 31 60 34 3 1724
0 25 73 67 68 72 3 1725
1 29 55 22 52 28 1 1726
0 26 58 43 57 40 3 1727
0 112 40 45 45 27 3 1728
1 24 57 44 54 43 2 1729
0 44 67 38 67 42 3 1730
0 99 50 81 52 80 3 1731
0 16 44 11 41 12 3 1732
0 52 55 41 39 64 4 1733
1 12 58 19 52 19 1 1734
0 26 5 74 6 63 3 1735
0 93 6 27 6 32 3 1736
1 96 47 58 23 63 2 1737
0 64 60 33 55 39 3 1738
0 74 59 1 65 1 3 1739
1 121 40 45 41 41 6 1740
1 57 69 34 69 37 1 1741
0 108 69 68 66 75 3 1742
1 136 67 34 61 48 1 1743
0 123 49 2 53 1 3 1744
0 23 58 31 58 34 3 1745
0 22 87 4 85 6 3 1746
0 69 53 23 49 28 3 1747
1 58 58 39 42 39 2 1748
0 41 57 29 55 31 3 1749
1 109 64 44 59 55 2 1750
0 15 29 48 38 29 3 1751
0 25 53 45 51 35 3 1752
1 5 48 44 41 76 1 1753
0 49 65 27 60 30 3 1754
1 16 67 28 65 49 1 1755
0 33 56 29 61 22 3 1756
1 28 98 16 98 22 5 1757
0 79 47 55 49 47 3 1758
1 17 35 42 37 35 1 1759
0 65 67 92 66 94 3 1760
0 57 52 24 52 28 3 1761
0 130 62 23 56 38 3 1762
0 117 59 26 53 45 3 1763
0 24 41 40 37 31 3 1764
0 90 56 22 59 23 3 1765
0 61 60 45 61 41 3 1766
0 125 5 65 4 70 3 1767
1 91 39 45 42 38 1 1768
1 83 47 4 45 3 1 1769
1 50 49 34 46 34 3 1770
1 36 31 48 34 42 1 1771
0 136 33 41 31 46 3 1772
0 17 52 40 56 39 5 1773
0 122 55 41 57 38 3 1774
0 3 66 40 69 33 3 1775
0 102 6 60 6 41 3 1776
0 74 6 32 6 28 4 1777
1 102 65 29 52 44 1 1778
1 34 67 38 64 42 1 1779
0 133 49 67 52 61 3 1780
1 78 90 42 91 44 1 1781
1 104 55 37 51 42 2 1782
0 65 67 36 62 46 3 1783
0 70 70 22 62 58 3 1784
1 91 58 43 58 33 1 1785
0 52 68 35 67 25 3 1786
0 124 91 35 92 30 3 1787
0 36 48 40 70 33 5 1788
1 121 61 41 57 41 2 1789
0 77 40 43 41 39 3 1790
1 73 53 38 58 37 2 1791
1 22 30 50 31 56 1 1792
1 140 53 46 56 39 1 1793
1 112 42 57 46 60 2 1794
0 32 60 45 63 40 4 1795
1 14 69 46 65 42 1 1796
1 33 52 42 53 47 2 1797
1 46 43 3 46 4 1 1798
0 93 90 35 87 59 6 1799
0 25 56 51 54 10 3 1800
1 7 57 30 57 34 1 1801
0 102 55 65 53 58 3 1802
0 85 58 44 59 53 3 1803
1 40 55 78 61 75 6 1804
0 60 58 56 58 47 3 1805
1 35 44 33 46 31 2 1806
0 16 39 12 37 13 3 1807
0 25 68 72 67 76 4 1808
1 66 48 2 51 2 5 1809
1 9 57 34 53 39 1 1810
0 8 38 14 40 12 3 1811
1 102 52 1 49 2 1 1812
0 81 5 36 7 37 3 1813
0 102 51 72 57 62 3 1814
1 19 51 78 62 69 2 1815
1 117 57 40 52 53 1 1816
1 120 50 64 53 57 3 1817
1 56 50 33 56 23 1 1818
0 113 57 37 60 39 3 1819
0 118 67 32 63 47 3 1820
0 23 58 25 49 37 3 1821
1 66 38 40 30 62 1 1822
1 18 59 31 54 58 5 1823
1 5 39 14 25 13 1 1824
1 99 58 17 50 19 2 1825
0 79 38 4 44 4 3 1826
1 53 48 45 48 42 2 1827
0 24 70 6 80 6 3 1828
1 6 43 29 41 35 1 1829
1 136 58 29 60 24 2 1830
1 120 63 50 64 45 5 1831
1 105 42 59 45 60 1 1832
0 7 88 3 82 2 3 1833
1 128 40 12 37 13 2 1834
0 85 60 18 57 22 3 1835
1 132 63 1 59 1 1 1836
1 94 52 42 57 39 1 1837
1 143 54 19 59 17 1 1838
0 64 57 75 55 77 3 1839
0 73 56 42 57 38 5 1840
1 122 62 38 61 41 1 1841
0 128 42 25 38 27 5 1842
0 128 48 20 41 18 3 1843
0 121 6 33 6 36 3 1844
0 84 46 51 22 18 3 1845
1 32 59 41 60 35 2 1846
1 102 6 38 6 30 1 1847
1 120 52 47 48 53 1 1848
1 48 32 12 30 11 1 1849
1 130 5 40 6 33 1 1850
0 12 69 38 71 42 4 1851
1 132 42 47 38 46 2 1852
1 90 65 94 67 92 5 1853
0 86 47 4 40 4 3 1854
1 36 61 32 64 14 1 1855
0 58 18 14 56 24 5 1856
0 30 47 3 41 4 3 1857
1 125 65 76 68 72 1 1858
0 74 42 2 45 2 3 1859
0 137 55 42 46 53 3 1860
1 6 42 46 57 31 1 1861
1 140 61 36 57 28 1 1862
1 33 55 26 53 29 2 1863
1 109 91 19 92 21 2 1864
1 72 61 35 57 34 1 1865
1 24 40 68 49 65 1 1866
0 24 57 35 55 32 3 1867
1 131 41 62 40 64 1 1868
0 1 57 43 49 43 6 1869
0 20 48 39 50 23 3 1870
0 116 7 54 5 56 5 1871
0 72 88 1 86 0 3 1872
0 38 59 29 62 25 3 1873
0 53 55 37 50 36 5 1874
0 39 67 40 70 33 6 1875
0 106 6 40 6 70 5 1876
0 108 67 92 65 93 3 1877
1 47 45 20 43 21 1 1878
0 21 6 30 5 57 3 1879
1 52 59 2 56 2 2 1880
0 72 62 38 57 39 3 1881
0 38 52 48 48 56 3 1882
1 31 60 1 56 2 1 1883
1 21 58 31 59 29 1 1884
1 122 55 80 50 80 1 1885
1 96 26 41 25 39 5 1886
1 93 64 1 61 1 1 1887
0 13 53 31 59 29 3 1888
1 55 60 24 50 28 1 1889
1 102 42 2 47 3 5 1890
1 117 45 32 51 50 5 1891
1 143 51 20 45 22 5 1892
0 84 68 40 58 38 3 1893
1 11 69 41 61 56 1 1894
1 128 52 54 48 60 1 1895
0 26 55 44 55 41 3 1896
1 87 61 41 56 51 5 1897
1 10 45 34 43 37 6 1898
1 116 59 24 62 25 3 1899
0 32 69 34 69 40 3 1900
0 124 47 80 49 79 3 1901
0 46 43 33 46 31 3 1902
1 80 60 72 37 75 1 1903
0 96 48 53 51 47 3 1904
0 66 52 31 47 31 5 1905
1 88 55 63 56 61 2 1906
1 14 66 27 60 31 3 1907
0 69 55 44 58 45 4 1908
1 94 30 56 31 50 5 1909
1 23 44 4 38 5 4 1910
0 49 91 25 91 30 3 1911
1 112 32 45 33 47 2 1912
1 139 63 1 60 1 2 1913
1 32 64 42 69 30 5 1914
1 90 59 37 57 35 4 1915
0 127 68 32 68 35 3 1916
0 101 70 42 68 46 3 1917
1 129 52 18 45 20 2 1918
1 81 52 51 53 53 1 1919
1 90 60 38 60 30 1 1920
0 85 58 36 61 41 3 1921
0 78 62 45 61 40 3 1922
0 113 60 24 49 45 3 1923
1 44 55 38 66 38 5 1924
1 41 49 55 52 53 1 1925
0 102 54 43 44 41 3 1926
0 29 54 20 59 19 3 1927
1 66 52 27 54 28 1 1928
0 19 3 96 1 95 3 1929
1 50 53 25 52 30 2 1930
1 13 53 45 58 46 2 1931
1 56 49 63 43 73 3 1932
1 19 49 42 57 38 1 1933
0 102 26 2 42 3 6 1934
1 95 65 76 66 74 1 1935
0 83 49 40 46 35 3 1936
0 30 40 3 43 3 3 1937
1 79 52 62 53 57 1 1938
0 112 71 41 63 58 3 1939
1 38 51 27 47 30 1 1940
1 93 42 38 45 27 1 1941
1 121 6 32 6 39 5 1942
1 19 49 21 32 19 1 1943
1 97 46 23 51 24 2 1944
0 97 54 46 52 43 3 1945
0 62 58 42 66 43 5 1946
1 0 55 37 56 28 2 1947
0 54 52 45 54 42 3 1948
1 72 54 46 57 39 1 1949
1 74 51 64 21 62 3 1950
0 48 45 52 17 22 3 1951
0 126 53 54 55 47 3 1952
0 83 47 32 55 21 3 1953
0 132 49 81 57 80 3 1954
1 27 45 48 43 64 1 1955
0 64 50 49 50 56 3 1956
1 130 57 38 51 60 1 1957
1 5 53 56 58 61 1 1958
1 86 98 20 98 23 3 1959
0 50 46 53 44 64 3 1960
1 102 59 42 61 43 2 1961
0 136 54 80 58 75 3 1962
0 26 36 14 39 12 3 1963
1 132 54 60 58 66 1 1964
1 117 34 44 32 43 1 1965
0 5 32 48 27 54 3 1966
0 140 70 75 70 72 3 1967
1 86 54 45 48 58 3 1968
1 81 47 31 27 39 3 1969
0 111 70 6 77 4 3 1970
1 78 91 37 92 32 1 1971
0 47 42 62 43 53 3 1972
1 120 6 37 6 17 2 1973
1 80 32 55 33 41 1 1974
0 54 70 6 80 6 3 1975
0 130 73 30 70 38 3 1976
1 7 6 42 6 50 1 1977
1 54 56 52 52 57 2 1978
0 14 87 4 84 4 3 1979
1 50 54 39 51 54 2 1980
1 61 30 56 29 66 1 1981
0 63 70 72 72 70 3 1982
1 9 38 14 36 13 1 1983
0 116 51 43 61 46 3 1984
0 38 54 39 55 28 5 1985
1 3 57 37 50 42 2 1986
0 57 63 54 59 56 3 1987
1 104 47 21 45 20 1 1988
1 141 57 39 54 43 1 1989
0 72 52 34 53 40 3 1990
1 121 48 29 53 30 4 1991
0 137 5 65 5 68 3 1992
1 86 56 76 31 78 1 1993
0 7 46 2 49 2 3 1994
0 122 5 68 3 65 3 1995
1 21 6 44 6 41 1 1996
0 14 52 22 37 18 3 1997
0 54 67 93 65 90 3 1998
1 139 90 42 91 26 1 1999
