1 39 63 42 61 55 6 0
0 119 59 49 57 52 3 1
1 87 56 54 60 60 1 2
1 79 55 53 58 51 4 3
1 39 62 55 64 44 5 4
0 39 56 46 45 49 3 5
0 39 40 46 42 44 3 6
0 0 37 48 41 48 3 7
1 39 61 48 61 45 1 8
1 0 68 41 66 43 2 9
0 79 61 48 63 48 3 10
0 114 68 47 62 44 3 11
1 0 65 46 57 55 3 12
1 119 62 56 62 49 1 13
0 69 60 60 63 53 3 14
1 29 63 46 66 50 3 15
1 29 55 58 55 54 1 16
0 84 64 44 63 57 3 17
1 0 53 62 55 63 5 18
0 0 63 44 60 58 3 19
0 39 65 38 64 43 3 20
1 76 67 44 65 49 1 21
1 39 64 42 55 54 6 22
0 129 64 54 60 46 3 23
1 27 55 54 60 48 2 24
0 32 60 48 66 46 3 25
1 76 53 65 55 63 1 26
1 106 67 50 56 52 1 27
0 0 64 37 40 44 3 28
1 39 43 44 45 45 6 29
0 128 63 41 64 44 3 30
0 16 48 49 47 52 3 31
1 79 59 50 70 41 5 32
0 80 55 54 64 43 4 33
0 119 21 39 38 42 3 34
1 79 61 49 29 81 1 35
1 0 66 44 67 44 1 36
1 79 70 42 72 36 1 37
1 23 57 53 62 46 1 38
1 79 64 42 65 40 1 39
0 104 63 42 63 40 3 40
0 82 70 37 59 48 3 41
1 119 57 65 33 69 1 42
1 14 66 46 59 49 2 43
0 65 60 48 66 46 3 44
1 65 69 44 61 50 1 45
1 119 68 48 59 63 1 46
0 39 15 19 58 60 3 47
1 134 52 32 36 30 4 48
0 120 69 42 67 43 3 49
1 39 62 42 56 52 1 50
0 79 59 52 64 44 5 51
1 0 63 54 60 47 3 52
1 117 71 34 68 39 1 53
1 79 66 43 59 52 2 54
1 85 61 46 65 40 1 55
1 39 63 52 65 45 3 56
0 119 57 56 69 38 3 57
0 126 52 37 67 45 3 58
0 41 61 51 59 49 3 59
1 0 65 39 47 87 1 60
0 41 64 55 69 39 3 61
1 119 67 44 58 51 2 62
1 79 54 57 67 49 4 63
0 119 58 38 65 42 3 64
1 39 62 47 61 48 6 65
1 6 57 54 64 40 1 66
0 119 63 52 52 47 3 67
0 101 57 61 70 37 3 68
0 79 61 47 63 46 5 69
0 64 61 49 64 45 3 70
1 23 63 45 63 49 1 71
0 0 62 50 61 50 6 72
0 40 56 52 62 57 3 73
1 115 60 36 65 41 1 74
0 0 59 50 63 45 6 75
1 119 53 48 53 48 1 76
1 67 57 52 62 47 1 77
1 39 26 30 21 39 5 78
1 119 63 43 67 46 5 79
0 51 58 39 66 12 3 80
0 0 59 49 60 57 3 81
0 0 58 51 58 50 3 82
1 0 65 39 65 47 5 83
1 21 62 45 63 29 1 84
1 119 70 39 67 49 1 85
1 79 57 52 47 51 5 86
1 127 62 54 59 53 1 87
0 79 57 50 60 49 3 88
1 112 59 51 66 47 4 89
1 79 64 51 68 43 1 90
1 51 64 41 63 54 1 91
0 108 58 52 58 50 3 92
0 45 67 47 74 47 3 93
0 114 61 47 64 38 3 94
0 81 69 39 69 45 3 95
0 79 62 28 64 42 3 96
1 0 69 42 67 40 4 97
1 70 59 63 67 46 2 98
1 119 61 48 60 48 1 99
1 63 57 51 62 58 1 100
1 2 57 51 66 40 2 101
1 39 63 54 64 55 1 102
0 39 64 43 63 45 3 103
1 45 63 47 56 66 1 104
1 79 57 63 62 49 3 105
0 115 63 45 65 42 3 106
0 136 64 38 67 40 3 107
1 0 63 55 58 53 1 108
1 79 60 48 60 59 5 109
0 55 65 53 62 47 3 110
0 0 55 67 57 65 3 111
1 119 66 51 55 67 1 112
0 79 67 43 56 56 3 113
0 79 67 39 69 42 3 114
1 79 64 54 65 50 1 115
1 39 70 45 56 54 3 116
0 82 64 44 67 39 3 117
0 119 64 44 70 44 3 118
1 40 63 45 65 46 3 119
1 0 66 41 63 45 1 120
1 79 71 34 60 57 2 121
1 119 63 43 57 53 1 122
1 97 64 48 64 48 1 123
0 0 56 38 64 40 3 124
1 53 63 39 60 48 1 125
1 119 51 63 53 67 3 126
1 128 61 59 59 59 1 127
0 79 63 42 65 40 3 128
1 39 58 53 57 53 1 129
1 134 55 55 66 40 1 130
0 31 69 41 64 32 3 131
1 17 53 61 53 60 1 132
0 0 65 43 59 50 3 133
1 119 59 51 57 53 1 134
1 119 57 28 56 39 1 135
1 0 64 32 57 55 1 136
1 79 44 34 49 35 5 137
1 119 61 27 55 38 1 138
1 50 61 46 57 51 4 139
1 119 57 54 54 59 1 140
0 39 54 71 54 69 3 141
1 0 68 41 68 27 6 142
0 79 56 54 72 37 3 143
1 63 62 42 64 46 1 144
1 44 66 50 62 46 2 145
0 119 61 45 65 47 4 146
0 76 67 43 69 49 3 147
0 80 57 52 63 42 3 148
0 39 58 52 70 34 3 149
0 116 64 44 64 43 3 150
1 39 66 40 64 43 1 151
0 45 61 59 56 61 3 152
1 39 66 38 60 36 5 153
1 53 57 31 66 24 1 154
1 79 56 54 65 50 1 155
1 89 68 45 68 39 1 156
1 39 62 58 62 53 1 157
0 0 67 44 63 45 3 158
1 37 65 46 64 40 1 159
1 79 62 55 63 55 1 160
1 118 56 54 64 51 1 161
0 119 67 49 63 54 3 162
0 23 57 53 57 66 3 163
0 31 60 48 63 44 3 164
1 0 65 38 64 45 1 165
1 119 58 53 58 53 1 166
1 0 65 50 61 58 2 167
1 137 63 56 67 45 1 168
0 59 61 47 63 50 3 169
1 60 69 38 69 41 1 170
1 8 66 48 66 52 1 171
1 7 67 50 79 36 1 172
0 58 54 28 68 31 3 173
1 60 58 63 59 60 1 174
1 119 57 53 58 50 1 175
0 0 60 51 61 59 3 176
0 142 69 44 67 43 3 177
1 79 63 46 60 47 5 178
1 78 56 55 47 51 1 179
1 79 65 39 71 37 1 180
1 70 56 55 68 48 1 181
1 79 60 49 63 47 3 182
1 39 60 58 62 56 1 183
1 39 60 58 63 54 5 184
0 50 65 38 64 40 3 185
0 119 60 47 67 50 3 186
0 48 60 48 66 46 3 187
0 124 51 75 51 73 3 188
0 72 70 45 61 48 3 189
1 102 61 48 60 48 1 190
1 142 69 46 62 48 1 191
1 79 60 61 58 63 1 192
1 136 61 47 64 39 1 193
1 59 63 27 58 52 1 194
1 107 67 31 63 29 2 195
0 142 66 48 69 44 3 196
0 0 67 31 46 29 3 197
0 39 70 45 64 44 4 198
1 52 66 40 56 53 2 199
0 119 67 48 69 44 5 200
1 59 61 45 69 44 1 201
0 39 62 57 66 41 3 202
1 119 36 39 56 40 1 203
0 0 58 54 59 52 3 204
0 47 55 53 57 53 3 205
0 79 56 33 59 37 3 206
0 0 64 44 68 40 3 207
0 0 61 48 65 45 3 208
1 7 63 48 62 47 1 209
0 35 60 29 56 39 3 210
0 0 53 64 54 56 3 211
1 79 61 56 49 45 1 212
0 141 14 19 68 43 3 213
0 39 59 61 50 49 3 214
0 0 61 57 62 56 3 215
1 69 57 53 62 45 1 216
1 94 58 52 51 31 4 217
1 0 71 34 64 41 1 218
1 54 63 45 63 42 2 219
1 93 63 44 65 40 2 220
0 79 65 39 60 47 3 221
1 42 66 46 63 47 2 222
1 40 62 45 66 39 1 223
0 0 65 45 64 38 3 224
0 65 60 60 60 50 3 225
1 130 60 57 65 51 4 226
0 33 56 39 64 39 3 227
0 58 52 36 70 42 3 228
0 100 63 52 65 49 3 229
1 39 64 36 63 38 1 230
1 119 70 43 64 40 3 231
0 0 66 50 68 48 3 232
1 138 57 65 54 69 3 233
1 127 72 36 70 35 2 234
0 0 63 54 59 52 3 235
0 25 62 53 62 49 3 236
0 69 59 59 52 60 3 237
1 39 70 42 69 44 1 238
1 110 51 52 48 50 1 239
0 92 63 55 64 43 3 240
1 119 71 34 53 62 1 241
0 8 62 41 62 47 3 242
1 124 70 40 67 49 1 243
0 3 63 45 61 48 3 244
1 79 68 42 57 52 1 245
0 86 60 49 63 47 3 246
0 86 62 50 56 52 3 247
0 79 94 0 99 1 3 248
0 119 68 31 66 46 3 249
0 119 65 37 67 39 3 250
1 0 70 41 66 52 1 251
0 39 63 46 55 54 3 252
1 106 70 43 65 48 1 253
1 0 65 40 33 40 5 254
1 41 68 42 63 53 1 255
1 106 69 42 68 40 1 256
0 116 65 44 66 48 3 257
1 79 64 44 64 45 2 258
0 31 61 48 66 45 3 259
1 0 56 55 57 54 1 260
1 119 65 51 62 55 5 261
1 0 56 37 58 22 1 262
0 109 59 48 55 54 3 263
1 121 63 44 60 48 1 264
0 46 66 47 63 43 3 265
1 79 64 45 62 48 3 266
1 7 62 25 56 15 1 267
1 119 27 41 58 50 1 268
1 132 63 50 66 49 1 269
0 133 67 46 63 47 3 270
1 134 63 54 62 58 1 271
0 119 56 51 57 51 3 272
1 33 63 46 61 47 1 273
0 141 61 56 61 60 3 274
1 119 65 38 62 45 2 275
1 5 72 36 68 48 1 276
1 79 65 52 63 55 1 277
0 78 63 49 65 42 3 278
1 117 66 46 65 43 4 279
0 71 66 47 63 48 3 280
0 119 61 48 70 37 3 281
0 119 64 54 70 45 3 282
0 0 63 42 59 58 6 283
0 116 57 54 57 51 3 284
1 79 60 49 69 44 3 285
0 13 32 42 30 39 3 286
0 72 64 53 67 41 3 287
1 116 64 37 65 40 1 288
0 63 58 53 55 54 3 289
0 119 64 45 60 49 5 290
1 126 59 50 57 52 2 291
0 39 63 39 47 50 3 292
1 5 66 50 72 34 1 293
1 51 60 49 67 31 1 294
1 46 64 48 61 58 2 295
0 65 42 46 39 51 3 296
1 23 69 38 67 39 1 297
0 112 63 50 62 57 3 298
1 51 60 58 62 55 1 299
0 97 55 54 66 43 4 300
0 0 68 45 64 43 5 301
0 140 65 41 52 33 3 302
1 39 40 31 70 37 1 303
1 79 53 59 55 55 1 304
1 79 63 41 67 46 1 305
1 39 58 35 66 39 5 306
1 2 64 45 59 51 2 307
0 79 66 40 59 51 5 308
0 7 66 46 58 55 3 309
0 106 64 54 47 51 3 310
0 67 61 46 56 52 3 311
1 39 70 37 65 40 1 312
0 114 66 42 63 47 3 313
1 100 69 40 69 47 2 314
1 94 70 38 60 48 2 315
1 39 65 42 60 48 6 316
1 0 69 46 65 51 3 317
1 28 64 45 65 45 1 318
0 79 54 38 53 34 3 319
1 81 56 35 64 31 1 320
1 0 66 46 56 52 6 321
0 5 65 43 70 44 3 322
0 28 65 45 59 49 3 323
0 5 65 44 57 55 3 324
0 141 43 48 38 48 4 325
0 39 15 19 58 8 3 326
1 42 56 39 54 37 2 327
0 79 61 50 58 53 3 328
0 0 70 39 65 54 5 329
1 79 67 48 57 52 1 330
0 119 70 42 63 42 3 331
1 132 60 52 56 55 1 332
0 0 55 69 55 68 3 333
1 15 61 56 63 55 1 334
1 119 57 65 54 64 3 335
1 119 63 46 71 34 1 336
0 119 57 52 56 53 3 337
1 119 62 49 68 38 1 338
0 0 65 39 65 47 3 339
0 0 67 45 71 37 3 340
1 0 59 53 71 34 1 341
1 72 65 38 42 46 1 342
1 2 68 39 50 34 1 343
0 86 67 39 66 39 3 344
0 0 70 37 64 40 3 345
0 140 65 41 72 36 3 346
0 119 64 44 70 42 3 347
0 0 69 39 68 42 3 348
1 111 55 46 52 43 1 349
1 119 68 49 62 48 2 350
1 116 65 51 56 55 1 351
0 119 63 56 67 48 3 352
1 119 62 58 65 50 1 353
1 79 61 48 56 52 6 354
1 79 57 37 56 54 1 355
1 39 63 46 65 43 2 356
1 42 68 41 64 45 1 357
0 39 66 42 63 44 5 358
0 79 64 51 55 54 3 359
1 61 63 48 59 50 1 360
0 39 70 42 70 44 3 361
1 0 57 55 63 45 1 362
0 18 59 50 62 47 3 363
0 39 64 39 62 45 3 364
1 25 61 48 68 45 1 365
0 3 67 44 69 38 3 366
0 129 68 49 71 34 3 367
0 39 60 58 56 53 3 368
0 96 54 33 63 46 3 369
1 0 61 46 56 54 1 370
1 13 61 27 62 30 3 371
1 119 48 49 57 45 3 372
1 39 61 27 65 40 1 373
0 72 62 46 67 43 3 374
1 39 63 54 58 53 6 375
1 78 55 47 55 39 1 376
1 79 68 41 58 64 1 377
0 6 60 59 66 47 3 378
1 20 56 54 56 55 1 379
0 0 59 54 61 47 3 380
0 71 58 62 59 60 3 381
0 119 14 19 62 43 3 382
1 39 65 38 69 35 6 383
1 0 66 42 66 48 1 384
1 79 56 67 53 65 1 385
0 84 70 37 69 43 3 386
1 79 63 46 70 35 1 387
0 0 59 51 54 57 3 388
1 129 53 65 46 63 1 389
0 88 54 46 59 37 3 390
1 116 61 29 69 37 1 391
0 71 66 48 71 35 3 392
0 64 56 40 56 45 3 393
1 65 57 41 36 35 2 394
0 39 66 47 66 46 4 395
0 79 60 50 55 60 3 396
1 0 59 49 62 45 1 397
0 50 60 49 64 45 3 398
0 94 66 46 47 53 3 399
1 0 54 59 56 57 1 400
1 0 72 36 61 59 5 401
1 64 60 47 66 42 1 402
0 119 62 47 64 40 3 403
0 125 62 55 65 51 3 404
1 89 60 48 36 48 1 405
0 53 70 34 67 48 3 406
0 119 67 28 48 50 3 407
0 119 60 48 63 39 3 408
1 119 63 55 56 55 1 409
0 119 64 43 51 73 3 410
0 125 64 46 64 42 3 411
0 119 57 53 42 47 3 412
0 119 63 42 67 49 3 413
0 39 60 47 59 48 5 414
1 79 58 60 69 46 1 415
1 45 60 50 57 55 4 416
1 119 61 50 57 53 5 417
1 27 55 25 65 40 4 418
1 140 58 55 61 56 2 419
0 39 60 52 70 44 3 420
0 119 60 51 63 49 3 421
0 41 64 32 67 42 3 422
1 119 60 52 63 48 1 423
0 69 63 47 56 56 3 424
1 79 66 46 65 36 5 425
0 0 58 55 56 52 3 426
0 119 58 50 63 53 3 427
1 118 61 51 66 45 3 428
1 119 65 39 57 40 1 429
1 79 64 42 55 23 1 430
0 119 59 37 57 38 3 431
1 52 57 53 68 40 1 432
0 39 56 40 53 33 6 433
0 49 63 43 62 56 3 434
0 79 58 49 24 37 6 435
0 119 68 48 63 46 3 436
1 0 56 56 58 50 2 437
0 39 61 59 57 61 3 438
1 119 61 48 56 62 6 439
1 142 59 51 59 51 2 440
0 79 64 41 64 46 3 441
0 119 70 42 62 48 3 442
0 65 62 46 63 48 3 443
1 39 14 19 65 34 1 444
0 79 63 45 65 46 3 445
0 33 65 25 62 30 3 446
1 8 63 50 53 60 1 447
1 32 59 49 62 45 1 448
0 130 65 42 71 36 3 449
0 39 58 36 51 41 3 450
0 30 65 38 65 40 3 451
1 0 60 48 62 45 1 452
0 79 57 52 47 48 3 453
1 118 64 48 64 48 1 454
0 79 54 60 60 57 3 455
1 79 60 57 70 43 1 456
0 111 62 57 57 53 3 457
1 0 56 53 64 47 2 458
0 119 62 31 62 18 3 459
0 79 52 33 59 38 3 460
0 120 64 44 66 42 4 461
1 25 70 37 65 42 1 462
0 143 66 40 63 47 3 463
0 39 61 50 66 43 3 464
1 79 55 69 53 61 1 465
1 114 63 45 68 43 1 466
1 79 64 39 68 27 1 467
0 32 56 52 62 54 3 468
0 19 65 50 67 47 3 469
0 35 56 57 55 59 4 470
0 119 67 37 63 45 3 471
1 21 64 46 65 45 1 472
1 0 60 49 69 35 2 473
1 0 60 48 62 45 2 474
0 81 70 44 63 42 4 475
0 39 66 39 60 57 3 476
1 54 66 49 61 46 2 477
0 79 53 71 53 73 3 478
1 39 61 56 57 55 1 479
1 39 63 45 63 44 6 480
1 59 69 36 62 47 1 481
1 79 57 53 57 53 1 482
0 119 59 37 57 37 3 483
1 55 53 35 60 37 1 484
1 39 63 45 67 41 1 485
1 119 65 51 68 46 1 486
0 86 66 51 63 39 3 487
1 39 71 38 56 53 1 488
1 71 69 44 68 44 1 489
0 33 62 49 66 43 3 490
0 49 66 49 64 46 3 491
0 88 50 53 57 54 3 492
1 39 65 39 57 51 5 493
0 2 59 49 64 45 3 494
0 86 56 55 59 49 4 495
0 0 64 53 68 39 3 496
0 51 67 49 57 55 3 497
1 79 59 54 59 51 5 498
0 57 55 53 57 56 3 499
1 79 60 58 60 48 6 500
0 0 64 45 61 50 3 501
1 119 57 55 63 46 1 502
0 76 53 60 53 66 3 503
1 109 15 31 29 30 2 504
0 79 63 45 57 55 4 505
1 79 61 58 63 53 5 506
0 79 51 34 49 45 3 507
0 76 62 56 64 52 3 508
0 18 62 57 69 40 3 509
0 12 61 47 74 12 3 510
0 79 64 54 62 57 3 511
1 39 67 50 57 52 5 512
0 119 69 37 57 53 3 513
0 15 66 50 68 49 3 514
1 140 57 55 64 46 1 515
0 119 70 42 52 74 3 516
0 119 55 57 55 60 5 517
1 79 67 49 63 51 1 518
1 0 61 50 62 47 1 519
1 119 60 51 69 44 6 520
0 39 64 40 64 43 3 521
0 119 60 53 67 40 5 522
1 0 65 45 36 42 1 523
1 19 63 41 66 37 2 524
0 119 56 54 60 48 3 525
0 67 67 38 66 46 3 526
0 0 60 54 58 55 3 527
0 111 64 44 63 55 3 528
0 39 64 44 65 39 3 529
0 0 56 56 56 54 3 530
0 79 59 50 58 51 3 531
1 39 61 50 52 50 2 532
1 39 63 54 64 39 1 533
1 140 67 51 62 49 4 534
1 5 63 48 70 35 3 535
0 78 69 45 69 39 3 536
0 0 67 42 60 50 3 537
1 0 58 59 57 56 2 538
1 39 65 41 69 46 6 539
0 60 46 52 55 62 3 540
1 119 60 61 68 49 1 541
0 84 64 43 64 53 3 542
1 79 18 23 62 45 1 543
1 119 71 36 58 36 5 544
1 100 70 38 65 48 1 545
1 79 60 52 66 42 4 546
0 119 64 54 58 52 4 547
1 123 65 53 57 37 1 548
0 79 66 50 63 48 3 549
0 43 66 46 56 55 3 550
1 119 64 44 69 46 5 551
1 33 59 52 57 53 2 552
1 119 63 44 42 45 1 553
1 106 59 49 63 20 1 554
1 108 63 49 64 51 1 555
0 125 53 35 56 55 4 556
1 4 63 41 66 46 1 557
1 79 59 61 71 36 2 558
1 79 66 42 65 47 3 559
0 79 59 58 58 52 3 560
1 138 66 38 58 26 2 561
1 70 62 45 60 49 1 562
0 35 64 43 59 50 3 563
0 39 66 40 63 46 3 564
1 107 60 58 61 57 1 565
0 48 66 39 70 44 3 566
1 0 63 45 66 47 1 567
1 79 72 37 64 51 2 568
0 79 68 38 60 58 3 569
0 0 67 38 66 40 3 570
1 40 60 50 57 54 3 571
1 116 58 52 51 31 1 572
1 79 64 37 61 59 2 573
1 79 60 61 63 55 1 574
0 51 59 51 64 36 3 575
0 79 69 39 68 38 3 576
1 25 52 34 58 35 1 577
0 113 64 53 65 51 3 578
0 22 58 63 60 60 3 579
0 119 63 47 65 41 3 580
0 39 58 52 57 53 6 581
1 39 58 51 59 53 1 582
0 0 67 48 65 46 3 583
1 0 50 62 69 47 1 584
1 39 64 45 61 48 1 585
0 84 65 51 63 44 3 586
0 79 63 41 63 46 3 587
1 84 66 30 64 30 2 588
1 79 60 60 58 60 3 589
0 55 69 37 68 48 3 590
0 39 69 44 66 43 3 591
0 39 57 66 65 50 3 592
0 85 61 49 63 40 3 593
1 119 70 34 58 44 1 594
1 39 59 54 60 27 1 595
1 119 67 38 63 47 1 596
0 56 64 45 66 40 3 597
1 0 62 57 64 54 1 598
0 131 66 52 47 51 3 599
0 106 55 28 53 36 3 600
0 59 61 57 62 56 3 601
0 79 57 51 56 55 3 602
0 39 57 54 57 54 3 603
0 15 58 52 57 54 4 604
1 119 61 48 64 45 1 605
0 0 56 35 66 38 3 606
0 98 63 56 61 60 3 607
1 61 67 40 67 40 2 608
0 30 56 57 49 34 3 609
1 118 61 58 72 35 1 610
1 119 39 51 70 44 3 611
0 47 57 64 59 60 3 612
0 39 67 39 57 51 3 613
0 43 61 47 62 55 3 614
0 25 65 40 69 45 3 615
0 24 55 68 57 64 3 616
1 0 63 44 58 52 3 617
1 79 59 48 66 43 2 618
0 85 49 77 70 37 3 619
0 33 60 48 64 45 3 620
0 127 62 45 68 40 3 621
1 81 61 56 57 64 4 622
1 79 67 48 64 42 4 623
0 19 66 45 63 46 3 624
0 39 63 42 60 48 3 625
1 64 53 61 55 58 1 626
0 39 70 39 70 45 3 627
1 14 64 24 69 21 2 628
1 119 61 30 64 32 5 629
1 79 60 48 71 38 2 630
0 79 70 40 55 54 5 631
0 39 63 50 61 50 4 632
1 119 64 39 68 43 3 633
0 48 69 47 66 41 3 634
1 0 64 43 54 73 1 635
1 5 46 45 42 45 2 636
1 13 56 58 70 38 3 637
1 120 15 19 59 19 3 638
1 119 57 54 50 62 1 639
1 39 59 52 70 46 2 640
0 39 59 37 57 40 3 641
0 1 62 47 61 48 3 642
0 76 66 38 67 49 3 643
0 0 55 57 54 68 3 644
0 60 66 33 58 28 4 645
0 126 57 53 61 45 3 646
1 68 67 44 61 47 1 647
0 119 67 51 54 47 3 648
0 79 58 64 55 68 4 649
0 45 60 53 63 48 3 650
1 19 59 51 39 45 2 651
1 59 63 47 40 68 2 652
0 39 56 55 58 51 6 653
1 79 62 49 54 47 2 654
0 114 62 55 63 53 3 655
1 129 65 37 56 52 1 656
1 79 65 38 68 45 1 657
0 81 30 70 31 81 3 658
1 119 58 36 63 54 2 659
0 119 58 59 66 43 5 660
0 124 64 54 56 52 3 661
0 0 65 43 61 49 5 662
1 114 72 35 63 52 2 663
0 0 62 46 60 48 5 664
0 59 60 49 56 55 3 665
1 0 60 48 55 56 1 666
1 65 62 56 43 85 2 667
1 0 54 36 52 37 2 668
0 65 65 41 70 45 3 669
0 64 66 40 68 40 3 670
0 119 57 52 56 54 6 671
0 80 63 42 66 50 3 672
1 79 67 50 61 48 1 673
0 63 62 44 65 44 3 674
0 86 57 52 58 54 3 675
0 79 50 50 69 35 3 676
0 78 61 47 66 46 3 677
0 119 46 53 56 57 6 678
0 120 53 35 50 35 3 679
1 110 68 43 64 51 1 680
1 119 61 49 67 43 1 681
0 16 70 37 66 40 3 682
1 52 65 40 61 48 1 683
1 65 65 42 64 45 2 684
1 0 58 36 65 40 3 685
0 79 57 54 61 47 3 686
1 79 61 47 66 42 2 687
1 79 33 68 35 68 2 688
1 76 65 46 56 54 1 689
1 119 54 69 54 62 2 690
1 0 64 43 61 50 5 691
1 39 56 38 56 38 5 692
1 108 66 41 66 46 2 693
0 1 64 46 57 52 3 694
1 39 64 43 55 54 5 695
1 38 57 39 64 31 1 696
0 67 58 52 63 42 3 697
0 0 60 48 64 51 3 698
0 119 67 47 66 40 3 699
1 83 66 45 63 50 1 700
0 79 63 45 68 43 3 701
0 39 70 38 63 54 3 702
1 136 61 59 63 56 2 703
0 119 69 44 55 64 3 704
0 142 68 41 66 46 3 705
1 138 60 48 55 54 1 706
1 119 58 51 58 51 1 707
0 0 65 38 65 49 3 708
1 39 67 48 67 45 2 709
0 9 68 42 63 41 3 710
1 43 63 50 57 55 1 711
0 17 66 45 68 49 3 712
0 119 66 46 68 40 3 713
0 110 56 55 57 52 3 714
1 0 59 58 61 56 1 715
1 79 72 35 62 47 1 716
1 79 64 40 67 37 1 717
0 112 49 49 63 46 3 718
0 119 66 50 63 54 3 719
1 0 61 56 59 51 1 720
1 39 69 42 63 45 5 721
1 39 59 54 66 46 1 722
1 143 43 83 44 94 2 723
1 123 66 51 67 46 4 724
1 119 62 48 63 50 1 725
0 39 69 44 65 46 3 726
0 63 53 49 56 28 3 727
0 0 61 47 62 45 3 728
0 119 64 46 64 46 5 729
1 79 19 36 26 33 1 730
1 79 63 47 56 53 1 731
0 28 59 61 53 61 3 732
0 0 15 19 60 18 3 733
0 0 24 34 49 44 3 734
0 69 56 36 65 41 3 735
0 39 58 52 63 54 3 736
0 79 64 45 67 47 3 737
1 39 55 53 63 44 2 738
0 119 67 44 61 56 3 739
1 72 66 48 58 39 1 740
0 119 64 41 63 44 3 741
0 94 70 37 60 26 3 742
0 25 64 42 57 54 3 743
1 39 62 28 57 45 2 744
0 39 71 34 48 11 3 745
1 71 67 50 65 53 1 746
1 79 65 24 76 11 1 747
1 13 60 47 60 48 1 748
1 79 44 51 46 53 1 749
0 39 60 51 64 46 3 750
1 138 59 49 49 51 2 751
0 39 64 43 65 41 5 752
0 67 60 50 57 54 3 753
0 39 71 38 64 37 4 754
0 39 69 42 66 46 3 755
0 39 62 57 58 52 3 756
0 0 67 43 63 40 3 757
1 79 72 36 69 45 1 758
0 39 49 44 63 44 5 759
0 27 47 53 41 50 3 760
0 104 67 39 61 50 3 761
0 79 64 40 56 55 3 762
0 119 54 47 62 47 3 763
0 119 53 72 68 38 4 764
0 0 66 23 62 42 3 765
0 119 55 47 40 44 3 766
1 119 62 49 62 48 1 767
0 39 54 33 64 38 5 768
0 143 68 43 65 41 3 769
1 138 63 44 69 40 1 770
0 79 66 44 63 46 3 771
1 0 58 62 55 64 1 772
1 41 67 43 63 46 1 773
1 119 64 54 59 58 1 774
0 2 54 38 60 28 3 775
0 128 69 44 65 50 3 776
1 12 69 44 65 46 1 777
0 15 62 55 55 53 3 778
0 136 60 59 63 56 3 779
0 94 64 41 65 42 3 780
0 119 67 47 66 44 3 781
0 98 59 48 56 26 3 782
1 49 62 46 65 44 1 783
0 111 62 55 62 48 3 784
0 80 63 28 67 39 3 785
0 119 74 50 74 50 3 786
1 79 56 52 60 48 1 787
0 0 64 45 63 47 3 788
0 25 66 48 57 51 3 789
0 119 65 41 64 42 5 790
0 119 60 48 66 45 3 791
0 119 63 39 62 55 3 792
1 0 62 46 65 39 2 793
0 0 67 44 63 45 3 794
0 0 15 19 45 53 3 795
0 39 61 49 59 52 3 796
0 39 71 34 66 48 3 797
1 119 66 47 67 49 4 798
1 3 70 37 63 44 2 799
0 105 61 56 62 53 3 800
0 42 64 51 55 52 3 801
0 0 63 50 47 51 3 802
1 28 66 49 62 57 1 803
1 0 65 45 57 66 2 804
0 131 60 47 63 48 3 805
1 119 64 50 57 45 3 806
0 106 59 50 62 45 3 807
0 25 61 47 56 56 3 808
1 39 56 54 58 52 1 809
1 0 62 50 66 44 5 810
1 2 64 36 63 48 1 811
1 0 50 49 46 50 5 812
0 0 68 41 68 41 3 813
0 41 56 47 69 40 3 814
1 39 71 34 66 49 1 815
0 0 57 54 57 53 3 816
1 79 60 51 69 43 1 817
0 105 63 44 52 51 3 818
1 39 63 57 58 54 5 819
1 79 64 52 70 36 1 820
1 115 41 43 19 24 1 821
0 6 58 36 64 40 3 822
0 39 63 47 68 37 3 823
0 105 63 45 58 52 3 824
1 0 63 45 42 76 1 825
1 0 49 54 53 47 1 826
1 137 67 28 57 27 2 827
0 0 61 46 64 26 3 828
0 118 65 49 66 51 3 829
1 79 66 45 51 77 1 830
1 39 57 54 65 46 5 831
0 114 62 55 66 40 3 832
1 14 57 56 60 47 1 833
1 54 59 49 71 35 1 834
0 47 66 46 57 52 3 835
0 0 65 53 57 53 3 836
0 119 49 51 56 45 5 837
1 1 68 44 64 43 2 838
1 130 67 44 56 66 1 839
0 79 55 52 70 36 3 840
1 39 63 39 66 45 1 841
0 119 66 43 67 47 3 842
1 61 62 56 58 54 1 843
0 60 63 40 68 42 3 844
1 0 56 55 58 54 1 845
0 69 66 18 59 52 3 846
1 106 64 42 29 38 2 847
1 23 65 50 67 49 2 848
0 109 63 40 71 35 3 849
1 79 64 39 69 36 3 850
0 37 64 52 62 57 3 851
0 39 58 37 48 34 3 852
1 136 61 49 60 57 1 853
0 119 55 38 66 46 3 854
0 72 62 58 61 56 3 855
0 47 57 53 62 53 3 856
1 119 60 61 63 38 1 857
0 10 69 42 64 47 3 858
0 0 66 44 58 50 3 859
0 79 53 58 56 61 3 860
0 39 67 46 65 40 3 861
0 0 68 46 68 46 3 862
1 119 61 49 60 50 2 863
0 90 53 32 58 37 3 864
0 0 32 69 32 69 3 865
1 86 59 48 57 51 3 866
1 79 55 52 65 40 4 867
1 119 60 48 66 39 3 868
1 39 58 37 64 39 5 869
0 98 65 39 64 41 3 870
0 128 68 47 69 43 3 871
0 102 69 39 69 42 4 872
1 65 69 36 52 73 2 873
1 122 69 42 70 43 1 874
1 73 62 49 58 52 1 875
0 79 67 47 62 46 3 876
1 141 60 52 64 47 4 877
1 79 59 49 60 48 1 878
1 119 61 58 63 55 1 879
1 87 64 55 57 53 3 880
0 103 63 44 64 51 3 881
0 21 68 50 52 74 4 882
0 25 57 54 57 56 3 883
1 134 56 54 53 61 1 884
0 86 63 45 56 55 3 885
1 41 60 49 54 56 1 886
0 119 40 47 40 47 3 887
1 55 55 61 69 45 3 888
0 0 70 45 64 51 4 889
0 79 70 45 61 50 3 890
0 116 58 53 68 41 3 891
0 39 68 36 64 48 3 892
0 31 66 31 66 42 3 893
1 106 63 47 57 51 1 894
0 0 71 36 69 44 3 895
0 65 62 49 63 42 3 896
0 0 67 45 69 41 6 897
0 0 64 40 66 38 6 898
0 92 57 53 63 46 3 899
1 79 70 45 66 48 3 900
0 89 61 47 53 71 3 901
0 119 57 56 66 52 3 902
1 119 63 26 67 31 1 903
1 134 63 54 69 44 1 904
1 39 63 55 64 51 2 905
0 73 68 41 67 43 3 906
1 119 62 28 56 35 2 907
0 39 64 42 64 34 4 908
1 15 61 57 57 62 1 909
1 119 63 39 56 63 6 910
0 112 60 60 61 59 3 911
1 25 57 45 48 45 2 912
0 68 59 51 56 53 3 913
1 68 56 55 49 78 2 914
0 82 57 52 64 40 3 915
0 74 15 19 49 62 3 916
1 0 64 45 62 46 2 917
0 112 63 45 58 45 3 918
0 79 67 48 59 49 3 919
1 55 63 53 63 45 1 920
0 22 54 39 54 36 3 921
0 106 48 50 63 22 3 922
1 88 62 57 65 40 2 923
1 0 60 59 59 63 2 924
1 79 63 49 57 55 5 925
1 9 53 57 54 60 1 926
1 66 57 53 59 50 1 927
0 79 65 43 55 54 3 928
0 79 58 63 53 71 3 929
1 0 61 59 58 54 2 930
0 79 68 42 59 49 3 931
0 126 62 53 58 52 3 932
1 119 65 30 51 33 1 933
0 79 63 30 59 53 3 934
1 119 68 43 62 45 1 935
1 119 63 47 66 46 1 936
0 84 60 26 59 22 3 937
0 0 66 52 63 50 3 938
0 18 43 45 43 48 3 939
0 0 66 50 70 42 3 940
1 33 66 43 65 40 1 941
1 38 62 45 64 40 2 942
1 0 53 58 57 54 1 943
1 79 69 38 60 57 1 944
0 120 67 50 62 56 3 945
0 63 57 57 63 57 3 946
0 21 56 58 52 58 3 947
1 59 69 43 65 46 1 948
0 79 58 54 62 53 3 949
1 82 56 39 60 37 2 950
0 119 53 72 59 59 3 951
1 142 57 61 72 34 2 952
1 74 62 55 66 40 1 953
0 53 67 39 67 39 3 954
0 79 65 39 61 49 3 955
0 79 59 36 64 29 3 956
0 16 49 48 47 50 3 957
1 119 72 36 57 53 1 958
1 50 59 49 57 61 2 959
1 47 58 53 44 45 1 960
0 116 61 45 58 50 3 961
1 86 56 55 65 50 2 962
1 42 64 54 59 52 1 963
1 39 27 37 23 36 6 964
0 119 63 56 64 54 3 965
0 39 66 39 58 53 3 966
0 39 69 43 55 53 3 967
0 112 63 47 59 48 3 968
0 0 67 46 45 83 5 969
1 39 59 38 52 35 2 970
1 142 60 47 59 51 2 971
0 39 63 41 61 58 3 972
1 0 68 40 70 37 1 973
0 119 63 41 64 41 3 974
1 0 63 46 63 41 1 975
0 133 64 40 65 42 3 976
0 79 64 44 62 42 5 977
0 96 68 37 65 40 3 978
1 76 65 38 60 47 4 979
0 130 66 44 66 40 3 980
1 86 63 56 64 53 1 981
0 79 68 42 68 49 3 982
0 39 66 46 68 47 3 983
0 79 66 43 64 44 3 984
0 79 61 58 57 57 3 985
0 9 63 45 49 49 3 986
0 39 64 45 62 49 3 987
1 39 59 51 62 55 5 988
1 53 58 63 69 47 1 989
0 79 65 39 69 42 5 990
1 0 67 39 67 43 5 991
0 119 48 49 57 42 6 992
1 39 56 40 67 39 6 993
1 4 56 55 62 45 1 994
0 0 57 38 75 16 5 995
1 0 60 47 63 44 1 996
0 29 57 52 55 55 3 997
1 38 56 54 51 74 1 998
0 119 52 75 44 88 3 999
1 99 63 55 65 50 4 1000
1 26 74 49 74 49 2 1001
1 85 57 52 70 40 1 1002
0 119 60 51 60 48 5 1003
0 35 66 52 62 47 3 1004
0 0 57 52 61 47 3 1005
0 79 69 37 56 21 3 1006
1 39 66 45 69 42 1 1007
1 7 64 44 59 50 2 1008
1 47 59 49 64 53 3 1009
1 59 69 44 67 47 2 1010
1 110 62 56 54 72 2 1011
0 120 65 41 65 47 3 1012
1 119 63 47 64 44 1 1013
1 79 62 26 46 32 3 1014
1 29 61 50 58 45 2 1015
1 0 58 59 54 66 1 1016
0 0 57 55 47 53 3 1017
0 119 58 39 64 39 6 1018
0 0 55 66 53 59 3 1019
0 3 65 41 63 39 3 1020
1 79 58 55 66 47 1 1021
0 70 72 35 70 36 3 1022
1 134 65 45 69 47 1 1023
0 119 61 47 57 27 3 1024
1 141 68 37 67 39 1 1025
0 0 60 57 63 47 3 1026
0 39 56 40 54 38 3 1027
0 120 67 42 70 39 3 1028
1 122 60 49 57 52 1 1029
1 0 64 43 72 37 1 1030
1 119 61 49 58 55 5 1031
0 39 54 33 59 37 3 1032
0 119 72 33 71 32 3 1033
1 39 61 59 64 53 2 1034
0 61 57 62 57 64 3 1035
1 0 59 38 53 46 3 1036
1 79 69 37 55 55 1 1037
1 3 59 26 63 17 4 1038
0 9 63 45 58 52 3 1039
0 58 62 57 42 45 3 1040
1 31 56 52 56 52 1 1041
0 76 67 38 60 48 3 1042
0 11 57 53 62 56 4 1043
0 30 55 38 55 38 3 1044
0 119 53 62 69 39 3 1045
1 79 64 39 66 46 1 1046
0 39 56 63 54 60 4 1047
0 135 66 45 63 49 3 1048
1 119 65 38 65 38 1 1049
1 39 66 47 60 47 6 1050
0 0 66 52 66 43 3 1051
0 79 64 44 64 24 3 1052
0 119 57 56 63 45 3 1053
1 0 59 53 59 49 6 1054
0 39 40 44 6 46 3 1055
1 79 55 37 60 31 5 1056
0 0 63 45 55 50 3 1057
0 104 68 43 63 46 4 1058
1 79 65 50 65 50 1 1059
1 79 65 44 57 51 1 1060
0 79 56 53 63 39 3 1061
1 119 64 51 59 50 2 1062
1 25 69 36 62 45 1 1063
0 45 59 53 65 41 4 1064
1 61 67 43 62 40 1 1065
0 40 63 40 66 46 3 1066
0 39 63 48 64 45 3 1067
1 24 59 49 56 52 1 1068
1 104 63 54 57 54 2 1069
0 39 61 49 63 46 3 1070
0 142 66 50 64 54 3 1071
1 88 70 34 56 56 1 1072
1 79 64 51 61 58 5 1073
1 119 64 44 68 41 1 1074
0 0 15 19 64 26 3 1075
0 123 58 38 66 37 3 1076
0 36 69 44 66 49 3 1077
1 39 64 40 57 45 3 1078
1 82 57 36 68 42 1 1079
1 0 64 45 61 48 3 1080
1 79 64 46 63 47 6 1081
1 41 67 47 64 40 4 1082
1 0 64 45 62 45 1 1083
1 39 62 56 61 50 1 1084
0 72 65 38 62 39 3 1085
1 122 65 39 53 33 1 1086
1 108 56 38 67 45 1 1087
0 119 63 44 66 40 5 1088
1 85 66 47 65 43 3 1089
0 7 63 30 65 42 3 1090
0 79 70 35 64 27 3 1091
1 125 34 70 27 99 1 1092
0 5 65 41 65 45 3 1093
1 87 63 45 60 48 1 1094
1 53 60 52 63 46 1 1095
1 79 56 53 66 47 4 1096
0 0 63 27 66 30 3 1097
0 0 61 48 59 51 3 1098
0 0 65 42 63 45 6 1099
0 0 53 74 59 29 3 1100
0 0 56 37 36 37 5 1101
0 97 65 50 61 56 3 1102
1 90 56 55 61 49 1 1103
0 12 65 38 67 43 3 1104
0 119 57 52 61 46 3 1105
0 27 70 42 58 50 3 1106
1 78 67 40 70 43 1 1107
0 0 62 56 65 54 3 1108
1 39 57 56 60 49 5 1109
0 53 57 57 63 40 3 1110
1 0 63 53 62 47 1 1111
1 135 63 47 66 42 1 1112
1 63 72 11 58 28 4 1113
0 0 51 77 52 74 3 1114
0 79 58 65 22 43 5 1115
1 118 56 53 68 45 2 1116
1 39 64 44 61 47 5 1117
1 13 59 52 58 52 1 1118
0 26 61 27 60 16 3 1119
0 141 57 52 46 47 3 1120
0 45 58 50 56 52 3 1121
0 119 69 45 56 52 3 1122
0 120 60 60 56 66 3 1123
0 72 62 47 64 44 3 1124
0 39 60 53 54 58 6 1125
0 29 14 19 60 59 3 1126
1 21 66 49 66 49 1 1127
0 21 69 42 72 37 3 1128
1 110 59 51 59 52 1 1129
0 16 61 30 64 39 3 1130
1 122 73 19 63 10 2 1131
1 119 59 51 72 36 6 1132
0 119 64 38 62 47 4 1133
1 79 69 38 67 39 1 1134
1 140 67 49 63 43 2 1135
1 39 57 61 69 45 1 1136
0 119 58 51 56 53 6 1137
0 79 17 19 60 49 5 1138
0 23 66 44 69 40 3 1139
0 108 60 48 73 15 3 1140
1 135 65 43 65 40 1 1141
1 139 64 44 62 47 4 1142
1 15 63 55 57 55 1 1143
1 75 69 42 65 50 1 1144
1 79 53 59 58 65 4 1145
1 119 63 55 68 44 5 1146
1 48 59 50 58 51 2 1147
0 39 58 31 56 36 3 1148
0 98 64 50 54 66 3 1149
0 0 47 51 43 52 3 1150
0 119 64 45 64 44 4 1151
1 119 57 62 60 49 1 1152
0 5 66 40 64 51 3 1153
0 79 70 35 64 46 3 1154
1 67 59 49 69 43 3 1155
1 129 67 49 57 52 1 1156
1 11 58 51 59 59 1 1157
0 119 68 39 57 53 5 1158
0 35 60 58 52 73 3 1159
0 30 65 45 62 46 3 1160
1 45 55 54 63 43 1 1161
1 134 65 51 61 47 2 1162
0 0 68 49 72 36 3 1163
1 9 67 46 65 51 1 1164
1 39 61 49 55 38 1 1165
0 27 57 53 56 53 3 1166
1 112 66 30 65 32 2 1167
1 119 54 35 64 41 5 1168
0 138 57 65 49 77 3 1169
1 106 62 56 66 28 2 1170
1 0 62 49 58 51 6 1171
1 28 56 53 55 54 1 1172
0 120 55 54 52 71 3 1173
0 0 62 46 64 44 3 1174
0 131 35 51 35 51 3 1175
0 0 64 54 55 69 5 1176
0 94 56 53 63 45 3 1177
1 119 62 46 62 46 1 1178
1 108 61 58 56 56 4 1179
1 60 65 46 63 41 3 1180
0 79 67 41 58 52 4 1181
0 29 66 52 70 42 4 1182
0 119 64 53 56 55 3 1183
1 126 71 34 56 52 1 1184
1 39 64 45 57 25 1 1185
0 79 59 39 68 39 3 1186
1 39 56 56 61 46 5 1187
0 119 55 54 66 43 5 1188
0 0 62 46 67 45 3 1189
0 0 64 41 57 51 3 1190
1 0 59 48 65 46 1 1191
0 0 63 53 68 49 3 1192
0 22 72 37 62 47 3 1193
1 2 66 46 68 41 1 1194
1 11 63 47 64 52 1 1195
1 123 66 40 64 45 1 1196
0 39 64 41 62 44 3 1197
1 99 63 46 57 54 1 1198
0 44 68 45 55 55 3 1199
0 67 69 35 68 27 3 1200
0 1 55 62 57 61 3 1201
1 13 65 38 59 38 2 1202
1 108 57 52 65 39 1 1203
0 79 62 46 66 39 3 1204
1 45 58 52 56 54 1 1205
0 96 69 44 63 44 3 1206
1 39 63 53 60 57 1 1207
1 0 64 47 63 45 1 1208
0 119 59 63 48 49 3 1209
0 39 58 52 58 53 3 1210
0 119 57 54 45 52 3 1211
0 115 57 55 63 46 3 1212
0 90 63 43 56 55 3 1213
0 111 66 46 59 50 3 1214
1 107 70 39 68 44 1 1215
0 39 65 44 59 51 3 1216
1 39 68 44 64 50 1 1217
1 42 61 59 60 48 4 1218
1 119 62 56 68 44 1 1219
1 1 53 35 49 35 1 1220
0 114 63 50 57 52 3 1221
0 0 55 53 59 50 3 1222
0 119 56 36 65 37 3 1223
0 119 61 48 59 48 3 1224
0 79 67 39 62 46 3 1225
0 79 58 52 59 48 3 1226
0 96 55 62 58 54 4 1227
0 39 55 52 65 41 3 1228
0 79 56 54 62 57 3 1229
0 39 64 52 65 41 5 1230
0 84 59 62 54 59 3 1231
1 37 57 56 67 37 2 1232
1 23 65 39 65 43 1 1233
1 85 56 55 58 52 3 1234
1 39 62 47 64 47 6 1235
0 23 62 57 64 52 3 1236
1 105 59 51 60 48 3 1237
1 39 65 45 56 55 1 1238
0 27 67 43 62 39 3 1239
1 79 60 49 66 47 2 1240
1 39 65 43 64 45 1 1241
0 79 62 27 63 23 3 1242
0 39 61 47 65 39 3 1243
1 39 70 37 68 38 6 1244
1 119 58 52 67 41 1 1245
1 128 65 41 66 40 2 1246
0 39 69 35 62 44 3 1247
0 122 65 52 62 57 3 1248
0 119 71 41 65 50 3 1249
0 60 62 47 61 48 3 1250
1 46 62 48 55 65 1 1251
1 55 62 45 56 55 2 1252
0 79 63 45 58 53 3 1253
0 119 67 40 65 45 5 1254
1 119 57 56 64 46 2 1255
1 39 67 46 63 50 6 1256
0 0 66 33 66 38 3 1257
1 56 64 40 69 44 4 1258
1 119 53 49 67 48 3 1259
0 74 63 43 67 38 3 1260
1 0 61 49 62 48 1 1261
1 0 49 67 63 55 1 1262
0 79 64 41 64 40 3 1263
1 134 70 41 69 47 2 1264
1 36 56 55 60 48 2 1265
0 119 62 44 52 58 3 1266
1 51 67 49 66 46 2 1267
0 118 69 42 70 41 4 1268
1 70 60 48 56 54 1 1269
1 79 63 40 64 23 1 1270
0 51 62 43 66 46 3 1271
0 119 58 35 46 41 3 1272
0 119 66 44 64 25 6 1273
0 0 59 36 55 36 3 1274
0 39 65 41 69 39 3 1275
1 16 48 50 36 51 2 1276
1 79 56 38 65 25 6 1277
1 96 60 50 58 52 3 1278
1 119 53 60 45 83 1 1279
0 119 56 37 52 32 3 1280
0 79 59 50 66 36 5 1281
1 138 61 46 63 50 1 1282
1 21 61 46 57 51 1 1283
1 39 63 45 65 41 1 1284
0 39 64 53 58 53 3 1285
0 50 66 42 62 45 3 1286
0 74 66 32 47 54 3 1287
0 96 59 48 63 44 3 1288
1 8 46 83 54 66 1 1289
1 119 58 50 71 37 1 1290
0 119 63 41 66 46 6 1291
1 84 63 46 63 42 1 1292
0 135 64 43 49 50 3 1293
1 119 56 55 57 52 1 1294
1 118 64 54 56 55 2 1295
0 79 64 41 64 37 3 1296
1 120 66 44 62 46 1 1297
0 11 65 46 65 43 3 1298
1 23 64 53 60 60 2 1299
0 79 64 44 64 41 3 1300
1 119 60 58 52 73 1 1301
1 39 55 37 65 25 1 1302
0 0 68 45 67 48 3 1303
1 79 55 54 64 43 1 1304
1 0 61 58 69 35 2 1305
1 79 55 52 57 55 2 1306
1 15 62 41 65 50 1 1307
1 30 27 50 64 48 2 1308
1 119 57 53 35 85 1 1309
1 143 68 38 68 43 3 1310
1 119 58 53 65 51 1 1311
1 39 65 25 62 30 2 1312
0 30 58 51 56 55 3 1313
1 39 63 47 68 46 1 1314
1 39 66 33 67 30 5 1315
1 84 65 46 64 47 3 1316
0 79 59 58 54 66 3 1317
0 0 60 48 58 51 5 1318
1 11 60 60 53 68 1 1319
0 0 71 38 65 42 6 1320
1 119 56 54 55 55 1 1321
0 119 66 46 67 49 3 1322
1 79 66 51 65 50 1 1323
1 0 60 49 61 31 1 1324
0 22 27 49 68 40 3 1325
1 0 60 48 60 48 2 1326
0 119 63 57 56 54 3 1327
0 79 56 55 61 48 5 1328
0 79 58 55 61 59 5 1329
1 136 61 49 42 38 1 1330
1 79 61 58 64 54 1 1331
1 79 59 38 59 37 2 1332
1 39 63 45 65 42 1 1333
0 73 57 53 56 55 3 1334
1 60 66 46 63 44 1 1335
0 39 49 76 63 54 3 1336
1 39 64 54 57 65 2 1337
1 119 57 52 55 54 1 1338
1 39 69 44 61 57 1 1339
1 89 68 44 69 38 2 1340
0 0 61 48 69 42 3 1341
1 138 63 45 69 35 1 1342
1 57 65 50 57 61 1 1343
0 117 61 48 62 48 3 1344
1 119 60 60 55 68 1 1345
0 0 60 60 69 44 5 1346
0 67 67 48 52 47 3 1347
0 40 53 67 51 65 3 1348
0 0 69 46 68 48 3 1349
1 88 50 45 68 43 3 1350
1 39 56 25 52 34 1 1351
1 119 44 41 57 41 4 1352
1 119 64 46 54 69 2 1353
0 0 68 37 72 37 3 1354
0 0 68 43 57 52 3 1355
1 0 63 41 68 43 6 1356
0 0 54 59 55 52 3 1357
0 49 65 38 60 36 3 1358
0 81 57 53 55 55 3 1359
0 119 61 47 63 24 4 1360
1 17 66 46 61 19 1 1361
0 36 53 36 59 37 4 1362
0 39 59 50 64 24 5 1363
1 0 70 42 60 28 1 1364
0 17 57 61 65 47 3 1365
0 66 66 46 65 38 3 1366
0 57 66 47 60 36 3 1367
1 86 59 52 59 52 1 1368
1 128 64 52 46 81 1 1369
1 0 66 47 59 61 2 1370
0 79 66 40 71 35 3 1371
0 53 62 57 65 54 3 1372
0 79 59 20 51 21 6 1373
1 44 63 54 54 61 1 1374
0 0 65 40 62 45 3 1375
1 21 70 38 70 40 1 1376
0 13 63 44 65 28 3 1377
1 0 69 45 62 48 5 1378
1 39 63 46 64 40 3 1379
0 79 66 49 64 41 3 1380
1 39 61 50 64 40 1 1381
1 129 65 45 63 49 1 1382
1 80 55 53 57 56 4 1383
0 3 68 43 63 54 3 1384
0 5 62 55 49 50 3 1385
0 39 60 60 53 73 3 1386
0 39 59 36 53 58 4 1387
0 131 62 58 61 56 3 1388
1 32 67 23 69 29 2 1389
0 3 59 49 60 57 4 1390
1 79 66 46 63 45 1 1391
1 15 70 43 58 38 4 1392
1 104 67 39 65 41 1 1393
1 119 59 53 53 66 1 1394
0 0 62 46 66 45 3 1395
1 94 65 50 66 42 1 1396
0 39 59 60 53 72 3 1397
1 124 66 40 48 52 1 1398
1 79 63 47 69 45 1 1399
1 79 55 48 49 49 1 1400
1 87 30 39 33 43 1 1401
0 0 14 19 64 26 3 1402
0 39 65 33 54 33 3 1403
1 0 64 37 64 38 6 1404
0 0 39 48 25 36 3 1405
0 109 64 53 57 53 3 1406
0 119 54 46 45 53 3 1407
1 88 56 66 56 63 1 1408
0 0 63 42 69 42 3 1409
1 78 65 34 65 45 1 1410
1 89 61 47 63 46 1 1411
1 0 59 51 61 56 3 1412
0 39 67 40 54 39 3 1413
1 138 63 50 66 46 2 1414
0 79 52 37 66 47 3 1415
0 79 68 40 55 38 5 1416
1 39 51 32 49 62 1 1417
1 39 63 56 67 32 1 1418
1 79 72 36 57 50 5 1419
0 112 54 68 69 40 3 1420
0 0 70 39 63 41 4 1421
0 6 62 47 62 49 3 1422
1 79 62 45 63 43 1 1423
1 119 67 47 62 40 1 1424
0 11 63 41 66 40 3 1425
0 96 56 53 62 47 4 1426
1 0 58 50 64 52 1 1427
1 79 63 46 54 71 1 1428
0 15 65 25 58 38 3 1429
1 7 61 47 64 42 1 1430
1 79 65 54 60 59 1 1431
1 119 64 53 52 34 1 1432
1 24 61 58 58 63 2 1433
1 39 67 42 63 46 1 1434
1 74 67 31 64 41 2 1435
0 0 66 24 58 51 3 1436
0 0 65 49 43 45 3 1437
0 39 63 46 27 57 3 1438
0 79 66 44 64 42 3 1439
1 0 59 37 57 39 1 1440
1 0 60 50 64 41 1 1441
0 19 58 36 50 34 3 1442
1 86 63 41 59 50 4 1443
1 136 66 46 64 46 1 1444
1 119 64 39 70 43 5 1445
0 0 56 58 57 53 5 1446
0 39 63 56 59 50 3 1447
0 119 66 50 66 51 3 1448
1 74 63 45 60 49 1 1449
0 67 64 47 71 36 4 1450
1 127 62 58 63 56 2 1451
1 59 62 46 63 39 1 1452
0 123 60 48 66 47 3 1453
1 63 66 41 63 39 1 1454
1 12 63 47 58 49 1 1455
1 0 72 35 62 56 1 1456
0 39 65 41 65 42 3 1457
1 119 64 45 69 46 5 1458
1 119 60 49 58 41 1 1459
1 0 69 43 65 47 1 1460
1 79 59 26 70 28 1 1461
1 105 68 44 66 48 1 1462
1 119 62 56 61 58 1 1463
0 140 63 51 59 53 3 1464
1 29 68 46 72 18 1 1465
1 119 65 43 61 55 1 1466
1 99 64 52 46 54 1 1467
1 0 60 54 60 54 6 1468
0 79 64 54 58 52 5 1469
0 79 65 39 66 46 3 1470
1 119 59 50 59 52 1 1471
0 0 42 46 63 26 3 1472
0 0 72 37 68 43 3 1473
0 130 66 42 64 40 3 1474
1 21 55 52 57 56 1 1475
1 0 57 55 29 95 1 1476
0 79 60 48 68 43 5 1477
1 79 66 47 63 44 5 1478
1 124 67 47 63 46 1 1479
1 0 64 26 62 54 1 1480
0 79 61 49 62 55 3 1481
0 56 66 43 72 38 3 1482
1 79 58 37 63 51 2 1483
0 64 68 45 68 41 3 1484
0 39 67 48 66 39 3 1485
0 39 56 52 60 60 3 1486
0 61 61 58 42 82 3 1487
1 0 63 45 31 40 3 1488
0 79 62 57 54 64 5 1489
1 0 57 50 57 54 1 1490
1 103 60 57 55 53 1 1491
0 47 66 44 65 46 3 1492
1 61 56 53 55 37 1 1493
0 79 56 63 58 53 5 1494
1 118 57 60 61 46 2 1495
1 15 68 44 69 41 1 1496
0 58 42 46 27 33 3 1497
1 73 65 38 66 46 3 1498
1 107 63 47 65 45 1 1499
1 119 65 34 67 29 2 1500
0 101 63 47 57 54 3 1501
1 79 67 43 62 45 3 1502
0 9 62 47 60 50 3 1503
0 63 60 61 62 57 3 1504
0 43 62 58 61 60 3 1505
1 73 60 60 54 68 1 1506
1 119 64 42 69 39 3 1507
1 65 64 48 63 41 3 1508
0 119 67 48 57 51 3 1509
0 79 64 53 66 41 5 1510
0 39 65 38 52 35 4 1511
0 30 60 48 69 41 3 1512
0 110 72 37 44 27 4 1513
1 45 57 35 64 44 1 1514
1 79 56 53 58 52 1 1515
0 65 71 37 69 35 3 1516
1 47 71 41 69 46 2 1517
1 39 56 54 62 57 1 1518
0 39 70 39 69 40 3 1519
1 54 71 38 74 41 3 1520
0 119 62 45 62 46 3 1521
1 79 56 53 57 53 1 1522
1 39 62 45 50 50 1 1523
0 119 55 38 45 52 3 1524
1 119 62 45 65 39 1 1525
1 84 59 50 69 39 1 1526
0 39 64 51 56 56 3 1527
0 25 64 40 67 38 3 1528
0 77 51 76 53 72 3 1529
0 91 65 46 65 42 3 1530
1 21 68 47 62 56 1 1531
1 31 64 48 62 48 1 1532
0 65 69 43 69 40 3 1533
0 117 64 39 62 40 3 1534
0 79 67 39 70 43 3 1535
0 39 68 41 62 39 3 1536
1 0 62 56 65 40 1 1537
1 39 14 19 70 38 1 1538
1 39 65 34 51 33 2 1539
0 136 63 37 56 24 3 1540
0 79 66 47 66 45 3 1541
1 119 69 46 65 44 2 1542
0 0 68 31 62 41 6 1543
0 39 64 42 60 59 3 1544
0 100 68 41 38 43 3 1545
1 0 56 53 54 56 6 1546
1 126 58 53 57 55 1 1547
1 65 48 52 44 37 1 1548
0 94 55 68 65 45 4 1549
0 119 63 48 64 51 6 1550
0 110 57 54 51 62 3 1551
1 119 58 63 53 61 1 1552
0 0 58 64 56 62 3 1553
0 37 61 55 58 55 3 1554
1 39 71 41 61 51 3 1555
0 39 57 53 68 45 3 1556
0 33 66 25 38 41 3 1557
1 0 69 35 62 30 3 1558
1 122 56 53 59 48 3 1559
1 126 59 52 56 54 1 1560
1 39 60 52 62 45 5 1561
0 71 69 45 70 35 3 1562
1 28 63 50 60 50 1 1563
1 119 70 40 77 39 1 1564
0 39 57 52 60 50 3 1565
0 0 54 70 43 64 3 1566
0 79 58 51 59 48 3 1567
1 119 56 52 63 57 1 1568
1 79 63 41 68 39 1 1569
1 39 64 41 62 47 1 1570
1 110 67 43 70 42 1 1571
0 79 67 45 62 56 6 1572
1 119 59 38 70 35 1 1573
0 1 63 43 62 47 3 1574
1 0 64 55 62 56 4 1575
1 39 67 39 71 41 1 1576
0 39 52 43 70 36 5 1577
1 114 63 47 64 51 1 1578
0 39 67 48 67 49 3 1579
0 119 63 56 62 58 6 1580
1 102 45 53 48 55 1 1581
1 99 65 45 58 39 1 1582
0 143 67 44 67 49 3 1583
1 119 58 57 58 57 3 1584
0 39 69 45 64 48 3 1585
1 119 55 53 62 56 1 1586
1 87 52 37 66 22 2 1587
0 96 32 40 3 37 3 1588
0 82 66 50 57 66 3 1589
1 39 57 53 69 37 1 1590
0 2 60 50 68 43 3 1591
1 91 49 76 63 54 3 1592
0 39 66 40 71 35 3 1593
1 19 58 51 40 46 3 1594
1 79 66 45 66 44 1 1595
0 0 57 52 59 51 3 1596
0 0 53 72 44 83 5 1597
0 0 69 44 67 45 3 1598
1 11 58 52 57 55 2 1599
0 27 68 40 67 43 3 1600
1 79 61 27 57 53 5 1601
1 119 50 52 50 49 1 1602
0 103 62 57 68 41 3 1603
0 0 65 41 57 53 3 1604
1 0 60 48 67 39 1 1605
1 119 53 34 68 41 2 1606
0 119 65 39 61 47 3 1607
1 108 53 35 57 50 1 1608
0 119 70 42 67 30 5 1609
0 39 57 53 57 55 3 1610
1 33 62 39 63 48 1 1611
1 97 58 53 65 42 1 1612
1 11 57 53 57 52 1 1613
0 138 63 56 67 46 4 1614
1 39 57 38 65 39 2 1615
1 79 58 53 61 56 6 1616
1 0 62 55 62 42 2 1617
1 0 79 45 63 49 4 1618
1 119 61 48 59 51 1 1619
1 119 43 46 36 51 2 1620
1 6 62 28 59 37 1 1621
0 79 71 34 66 50 3 1622
0 39 59 50 50 49 3 1623
1 118 63 46 67 48 2 1624
1 119 66 50 66 51 1 1625
0 79 57 51 55 55 4 1626
1 15 66 38 59 49 1 1627
0 39 46 79 53 73 6 1628
1 119 61 48 57 54 5 1629
0 69 63 54 56 52 3 1630
0 128 71 37 63 50 3 1631
1 115 62 45 57 21 3 1632
1 23 63 45 63 45 2 1633
0 119 67 42 54 58 3 1634
1 102 56 38 59 38 1 1635
0 39 57 65 53 64 5 1636
1 124 67 45 64 25 4 1637
0 79 65 41 53 3 6 1638
0 119 57 63 49 76 6 1639
0 0 60 58 68 36 3 1640
0 39 57 37 64 31 3 1641
1 69 62 46 57 54 1 1642
0 79 59 50 63 54 3 1643
0 36 70 45 65 38 3 1644
0 43 69 37 65 42 3 1645
1 119 70 45 58 55 1 1646
0 39 69 41 62 47 3 1647
0 0 61 60 53 71 5 1648
1 39 61 46 56 52 5 1649
1 34 65 51 62 48 1 1650
0 0 67 40 63 38 3 1651
1 98 63 55 57 56 1 1652
1 126 62 57 60 61 1 1653
1 39 62 46 65 46 1 1654
1 63 65 39 66 46 2 1655
1 119 64 50 65 50 1 1656
0 0 63 41 63 44 3 1657
1 0 63 43 67 45 5 1658
1 119 51 33 56 37 1 1659
0 39 64 56 64 54 3 1660
0 5 59 50 64 39 3 1661
1 39 65 41 58 53 5 1662
0 119 67 46 65 40 3 1663
0 87 68 49 55 58 3 1664
0 0 69 40 64 44 3 1665
0 118 64 40 66 40 3 1666
0 17 70 35 65 38 3 1667
1 124 68 48 70 46 1 1668
1 39 54 35 65 38 6 1669
1 50 69 39 67 41 1 1670
1 119 60 48 62 45 2 1671
1 0 64 43 61 47 1 1672
1 119 65 38 70 35 1 1673
1 119 69 42 71 37 1 1674
0 0 63 47 60 51 3 1675
1 0 61 56 70 35 1 1676
1 94 58 50 50 45 4 1677
1 6 70 37 64 50 2 1678
0 0 63 44 54 58 6 1679
1 91 61 49 63 40 3 1680
1 119 65 41 56 50 6 1681
1 1 60 49 65 45 4 1682
0 119 62 46 66 46 3 1683
0 119 67 29 63 29 3 1684
1 119 65 50 41 46 1 1685
1 19 60 48 69 42 1 1686
0 119 63 47 60 50 3 1687
1 133 63 56 67 41 1 1688
1 39 54 56 72 36 3 1689
1 109 67 41 66 45 1 1690
1 79 68 46 65 52 1 1691
0 79 65 46 60 46 3 1692
0 43 57 52 65 42 3 1693
0 1 65 43 63 55 3 1694
1 0 68 42 68 42 1 1695
1 22 48 52 52 52 1 1696
0 55 64 44 62 45 3 1697
0 39 63 43 65 40 3 1698
1 64 65 52 42 68 2 1699
1 39 65 50 69 46 1 1700
0 133 61 47 60 49 3 1701
1 119 15 19 65 30 1 1702
1 0 59 52 70 35 1 1703
1 79 66 42 55 38 5 1704
1 64 57 42 60 32 1 1705
0 65 69 35 71 34 3 1706
0 131 63 43 58 63 3 1707
0 96 64 51 55 66 3 1708
0 0 58 52 62 41 3 1709
1 134 47 53 43 52 4 1710
0 0 66 39 70 37 3 1711
1 79 60 26 67 36 1 1712
1 80 66 38 60 36 1 1713
1 79 60 47 66 39 2 1714
1 0 64 55 64 55 1 1715
1 29 63 44 66 44 1 1716
0 39 62 47 57 54 4 1717
0 49 69 40 65 40 3 1718
0 11 65 42 63 44 3 1719
0 79 56 56 53 57 3 1720
1 110 62 57 57 65 1 1721
1 0 58 54 62 48 1 1722
1 50 66 46 0 41 2 1723
1 21 57 53 65 40 2 1724
0 119 53 61 51 62 3 1725
1 39 59 29 66 27 1 1726
0 39 64 24 59 30 3 1727
1 119 65 46 63 45 2 1728
0 0 69 44 57 59 3 1729
0 138 67 39 62 28 3 1730
1 119 69 44 63 47 1 1731
1 79 63 56 56 52 1 1732
1 0 64 55 60 48 1 1733
1 39 58 52 64 52 5 1734
0 0 60 50 64 46 3 1735
1 39 66 41 60 48 1 1736
1 39 70 38 60 50 1 1737
1 95 61 47 64 43 1 1738
0 21 55 52 56 53 3 1739
0 110 63 40 68 28 3 1740
1 119 66 25 68 28 4 1741
0 114 61 56 63 54 3 1742
1 79 60 57 61 59 5 1743
0 21 70 42 57 26 3 1744
1 79 59 59 58 53 5 1745
1 79 62 57 63 55 1 1746
0 0 60 51 54 45 4 1747
1 79 64 42 57 52 1 1748
0 33 71 41 67 47 3 1749
0 72 57 65 53 50 3 1750
0 119 56 55 55 64 3 1751
0 35 65 34 52 35 3 1752
1 39 59 36 58 37 1 1753
1 119 55 58 63 41 5 1754
0 22 66 46 49 35 3 1755
0 119 66 39 71 34 3 1756
0 122 60 53 67 46 3 1757
0 110 67 49 57 67 3 1758
0 39 66 38 65 40 3 1759
1 87 67 49 54 64 1 1760
0 142 69 40 64 54 3 1761
1 109 63 45 63 41 1 1762
1 103 59 53 66 42 2 1763
0 119 59 36 50 33 5 1764
1 119 66 50 63 47 5 1765
0 119 62 58 60 58 3 1766
1 121 65 41 66 37 4 1767
1 39 70 38 59 48 1 1768
1 51 64 53 65 46 1 1769
1 4 67 49 68 41 3 1770
0 79 56 31 61 29 3 1771
1 39 62 48 66 41 1 1772
0 119 65 45 64 39 3 1773
1 138 63 41 58 50 1 1774
0 79 66 40 66 41 5 1775
0 31 45 45 41 46 3 1776
0 39 63 47 65 46 3 1777
1 119 60 48 66 41 1 1778
1 39 59 54 55 40 6 1779
0 21 63 53 56 52 3 1780
0 104 58 54 57 56 3 1781
1 79 58 50 67 40 1 1782
0 79 57 52 68 43 6 1783
1 0 60 48 65 45 3 1784
0 79 65 36 66 50 3 1785
0 39 66 32 68 48 3 1786
1 15 60 50 58 52 1 1787
0 57 60 49 54 58 3 1788
1 111 62 57 61 59 1 1789
0 119 65 42 37 53 3 1790
0 141 64 45 67 50 3 1791
0 135 52 34 63 40 3 1792
1 0 56 56 64 43 5 1793
0 74 64 31 42 40 3 1794
1 85 63 43 65 41 3 1795
1 79 67 47 66 43 5 1796
1 76 53 73 55 63 1 1797
1 119 56 55 65 43 1 1798
1 39 65 43 69 44 5 1799
1 79 57 65 40 77 1 1800
1 39 61 50 60 60 1 1801
1 119 66 51 55 64 1 1802
1 79 58 38 68 43 1 1803
0 35 69 45 60 50 3 1804
0 39 66 44 66 40 3 1805
0 39 66 43 62 44 3 1806
0 39 55 55 55 55 3 1807
1 79 65 40 61 56 2 1808
0 119 58 52 62 49 3 1809
1 39 63 45 62 47 1 1810
0 119 54 66 55 64 3 1811
1 119 62 45 55 14 6 1812
0 119 56 53 55 54 3 1813
0 119 61 48 61 56 3 1814
1 39 65 46 70 36 1 1815
0 0 64 53 56 67 4 1816
0 0 57 52 69 42 3 1817
0 102 57 52 58 50 3 1818
1 120 65 39 67 31 2 1819
1 0 56 59 52 75 2 1820
1 119 60 52 70 35 1 1821
1 115 62 56 56 53 2 1822
1 119 59 23 53 27 2 1823
0 90 63 55 57 50 3 1824
1 97 58 53 57 62 1 1825
0 79 64 54 60 29 3 1826
1 61 56 56 60 48 1 1827
1 0 57 57 57 46 1 1828
1 26 63 46 59 48 2 1829
0 0 66 38 69 41 4 1830
0 112 57 41 55 39 3 1831
1 39 64 47 69 38 5 1832
0 84 57 29 55 36 3 1833
0 0 64 41 63 43 3 1834
0 0 64 51 69 44 5 1835
1 119 55 54 50 49 3 1836
1 76 69 47 59 49 3 1837
0 132 64 43 57 51 3 1838
0 79 55 29 68 30 4 1839
1 11 57 37 58 38 1 1840
1 25 58 36 56 56 1 1841
0 125 67 42 62 41 3 1842
1 83 61 56 63 50 2 1843
1 0 56 54 54 57 1 1844
0 0 68 46 57 55 3 1845
1 12 57 54 50 50 1 1846
1 79 68 44 62 46 3 1847
1 119 69 39 59 51 2 1848
1 119 62 50 50 77 6 1849
0 8 62 48 56 55 3 1850
0 0 60 58 61 56 3 1851
1 79 60 61 57 54 5 1852
0 79 50 52 53 48 3 1853
0 39 61 50 58 51 3 1854
1 39 61 49 63 51 1 1855
0 80 57 52 65 41 3 1856
1 79 65 39 59 50 6 1857
1 39 67 47 55 54 3 1858
0 55 67 46 61 56 3 1859
0 0 14 19 58 54 3 1860
0 79 64 48 57 53 4 1861
1 65 63 56 59 52 1 1862
0 6 63 25 55 39 3 1863
1 86 63 56 60 61 2 1864
1 46 60 61 63 55 2 1865
1 39 63 53 40 47 1 1866
1 49 65 51 64 41 2 1867
0 39 70 37 65 41 3 1868
1 122 64 40 65 46 1 1869
0 9 56 53 56 54 4 1870
1 119 70 37 68 42 1 1871
1 0 56 55 59 50 2 1872
0 105 63 45 66 45 4 1873
1 39 66 52 61 46 2 1874
1 39 56 59 55 63 1 1875
0 98 64 43 68 41 3 1876
0 0 60 51 67 38 5 1877
1 119 65 46 47 45 1 1878
1 27 57 51 63 40 1 1879
1 79 67 48 62 50 2 1880
0 122 67 42 62 47 3 1881
1 39 64 45 63 52 3 1882
0 39 66 47 67 50 5 1883
1 15 67 40 61 47 1 1884
1 0 68 38 58 61 1 1885
0 39 61 49 60 48 3 1886
1 119 62 48 58 51 3 1887
0 79 67 45 69 41 3 1888
0 73 67 43 65 38 3 1889
0 0 56 54 67 40 3 1890
0 45 61 56 57 55 3 1891
0 82 64 38 63 40 3 1892
1 94 61 56 63 55 1 1893
1 29 67 45 70 44 1 1894
0 119 69 46 65 51 5 1895
0 17 68 42 32 43 3 1896
0 124 68 49 59 64 3 1897
0 0 50 52 51 51 5 1898
1 0 70 37 64 41 3 1899
0 2 56 54 57 52 3 1900
1 9 65 52 64 54 1 1901
1 84 62 47 60 57 1 1902
1 9 61 47 54 58 2 1903
0 79 60 48 62 46 3 1904
0 39 69 46 66 52 3 1905
1 75 69 44 63 54 2 1906
1 39 55 57 59 50 1 1907
1 115 60 50 58 52 2 1908
1 79 60 48 62 50 1 1909
1 0 60 48 64 44 1 1910
0 79 65 36 66 42 3 1911
1 79 64 47 59 38 1 1912
1 12 66 50 70 36 1 1913
0 0 60 57 62 48 3 1914
0 52 57 45 66 40 3 1915
0 119 70 40 57 29 3 1916
0 70 49 35 65 50 3 1917
1 95 66 30 69 39 2 1918
1 119 60 47 55 57 1 1919
0 0 57 37 58 41 3 1920
1 39 54 36 64 25 3 1921
1 79 62 45 63 47 1 1922
1 39 60 48 58 50 5 1923
0 0 59 52 67 49 3 1924
0 104 62 45 65 45 3 1925
0 0 63 49 63 26 3 1926
1 39 60 56 61 47 3 1927
1 13 69 43 63 45 2 1928
1 79 57 53 67 39 4 1929
1 79 67 40 68 44 1 1930
1 0 51 33 57 38 2 1931
1 84 66 38 58 38 2 1932
0 129 60 58 63 55 3 1933
0 79 58 52 63 52 3 1934
1 73 65 46 65 54 3 1935
1 86 63 45 70 37 1 1936
1 119 62 47 59 59 1 1937
0 39 58 54 60 57 3 1938
1 63 65 38 61 47 3 1939
1 128 41 43 33 40 2 1940
0 105 59 52 64 45 3 1941
1 96 51 50 63 42 4 1942
1 9 53 64 55 62 4 1943
0 17 68 41 66 46 3 1944
0 0 63 44 66 50 3 1945
1 100 58 60 57 65 1 1946
0 79 50 52 45 39 3 1947
0 0 58 63 59 59 3 1948
1 88 58 35 63 38 1 1949
1 119 65 50 63 41 4 1950
1 119 69 41 63 45 6 1951
0 79 59 49 61 48 3 1952
0 0 62 48 66 44 3 1953
1 39 65 40 49 52 6 1954
1 121 64 40 62 48 2 1955
1 14 71 37 56 53 1 1956
1 100 56 56 55 63 1 1957
1 39 67 38 32 1 5 1958
1 79 61 47 69 42 2 1959
0 0 55 58 56 67 3 1960
1 39 64 52 67 47 1 1961
1 0 59 38 50 45 1 1962
1 138 56 56 53 73 2 1963
1 79 63 43 57 53 6 1964
0 79 72 36 66 46 3 1965
1 77 65 45 62 41 2 1966
0 0 56 36 56 52 3 1967
0 114 30 39 39 48 3 1968
1 119 70 39 62 40 5 1969
1 79 63 45 61 56 6 1970
0 83 56 54 63 20 3 1971
0 0 68 45 47 45 3 1972
0 39 65 50 60 61 5 1973
0 10 64 45 70 37 3 1974
1 19 55 55 66 46 1 1975
0 79 54 57 40 68 3 1976
0 79 56 56 59 52 3 1977
1 54 59 58 66 50 2 1978
0 119 60 49 68 44 3 1979
1 79 63 42 56 53 2 1980
1 119 68 42 56 56 3 1981
0 39 65 38 70 36 3 1982
0 64 70 42 61 50 3 1983
0 123 65 54 48 54 3 1984
1 124 49 35 48 34 1 1985
1 109 64 51 63 54 1 1986
1 13 60 48 63 46 3 1987
1 79 62 42 60 48 1 1988
1 22 62 45 30 38 2 1989
1 39 63 43 63 48 4 1990
1 43 66 42 67 31 1 1991
1 79 64 48 67 49 4 1992
0 45 60 48 62 47 3 1993
1 55 57 53 62 47 1 1994
0 17 67 46 67 46 3 1995
0 29 56 60 54 61 3 1996
0 39 55 54 67 40 3 1997
0 13 68 49 62 57 3 1998
0 102 62 48 57 53 3 1999
