0 39 57 45 58 37 3 0
0 20 68 36 66 40 3 1
0 74 6 35 6 28 3 2
1 105 64 43 67 48 1 3
0 109 6 28 6 37 4 4
0 109 55 75 58 74 3 5
1 4 52 16 59 16 2 6
0 57 98 11 98 16 3 7
0 76 51 27 47 30 3 8
0 78 49 48 53 50 3 9
1 7 51 35 54 29 1 10
1 129 49 55 50 53 1 11
1 35 31 48 32 46 1 12
0 135 43 55 47 50 3 13
0 130 6 32 6 41 3 14
1 58 60 25 64 32 4 15
0 135 40 37 41 33 3 16
1 132 71 27 71 31 2 17
0 85 59 40 48 50 3 18
0 3 53 32 56 38 3 19
1 66 69 36 61 62 1 20
1 74 52 81 49 80 1 21
1 54 65 14 65 31 2 22
1 134 66 93 63 94 2 23
1 102 51 62 50 76 1 24
1 49 62 35 63 31 1 25
1 44 65 39 53 36 1 26
0 74 50 18 48 17 5 27
0 141 6 48 4 41 3 28
1 34 64 1 62 2 1 29
1 57 47 21 49 25 1 30
0 42 56 39 56 48 3 31
1 79 98 18 98 23 1 32
1 40 4 73 6 67 5 33
0 135 48 52 50 48 3 34
0 63 34 44 32 46 3 35
1 93 89 93 87 92 1 36
0 11 39 33 46 33 3 37
0 64 60 29 60 32 5 38
0 128 62 25 60 30 3 39
0 19 67 43 58 28 3 40
0 9 58 36 54 51 3 41
0 101 52 44 57 39 3 42
0 138 65 44 68 45 3 43
1 36 60 40 62 37 1 44
0 14 52 65 58 48 3 45
1 95 61 18 61 29 4 46
0 136 6 46 7 25 3 47
0 20 6 60 6 52 3 48
0 77 60 25 53 39 3 49
1 36 48 50 48 56 1 50
1 13 70 28 70 35 2 51
1 79 43 29 46 27 1 52
0 88 57 39 59 37 5 53
0 120 44 68 51 54 3 54
1 115 82 5 80 6 1 55
1 18 61 18 50 22 1 56
0 1 69 75 67 77 3 57
1 20 85 5 83 4 1 58
0 82 49 51 49 37 6 59
0 45 47 41 44 51 3 60
0 94 6 52 6 62 3 61
0 114 64 31 57 38 3 62
0 63 65 74 68 72 3 63
1 108 57 2 46 3 2 64
0 83 61 38 60 31 3 65
0 107 47 56 47 50 3 66
0 105 5 68 6 60 3 67
1 16 64 34 56 46 1 68
1 93 6 42 6 31 1 69
0 11 59 73 55 73 3 70
0 102 44 17 52 42 3 71
1 116 64 1 57 1 1 72
0 33 23 47 27 38 3 73
1 67 58 18 55 18 1 74
1 80 32 42 32 48 2 75
1 75 65 47 62 49 1 76
0 12 41 62 42 56 3 77
0 73 58 37 55 41 3 78
1 120 31 42 58 36 1 79
1 139 6 35 6 29 5 80
1 33 45 18 53 17 1 81
0 4 58 44 64 46 3 82
0 121 30 46 30 50 3 83
1 35 51 19 50 23 1 84
1 101 57 36 61 34 1 85
1 114 5 67 6 65 1 86
1 113 81 6 61 2 1 87
0 83 61 31 52 38 3 88
0 143 48 54 44 62 3 89
0 67 46 49 47 47 3 90
0 34 32 78 53 65 3 91
1 97 53 40 54 43 2 92
0 81 47 31 49 28 3 93
1 124 64 47 67 43 2 94
1 115 98 16 98 23 2 95
0 56 80 6 70 6 4 96
0 51 69 6 78 4 3 97
1 35 55 51 51 61 2 98
1 113 49 37 34 29 5 99
0 136 6 33 6 37 3 100
0 64 36 13 41 13 3 101
0 39 57 47 51 57 3 102
0 51 53 14 56 14 3 103
0 39 60 46 59 49 3 104
1 28 61 42 56 30 1 105
0 26 55 41 63 35 3 106
0 114 58 51 53 56 3 107
1 113 5 76 6 56 2 108
0 53 65 16 53 19 3 109
0 90 69 72 74 66 4 110
0 11 44 4 46 3 5 111
0 84 55 42 53 44 3 112
0 79 86 5 87 3 3 113
1 46 54 57 56 52 5 114
0 11 49 65 47 60 5 115
1 124 63 1 59 1 1 116
1 54 64 93 62 94 2 117
0 93 6 41 5 39 3 118
0 126 56 76 56 79 3 119
1 109 3 96 1 95 1 120
1 28 59 77 54 81 1 121
0 101 55 60 51 65 3 122
0 123 98 22 98 18 3 123
1 0 61 29 65 7 2 124
1 16 29 41 27 43 2 125
0 128 67 35 67 28 3 126
0 28 43 56 42 61 3 127
0 92 44 4 41 4 3 128
0 114 65 77 70 72 5 129
1 69 65 31 72 31 1 130
0 25 48 66 52 54 3 131
1 79 43 57 31 55 5 132
0 9 70 32 66 39 3 133
0 130 7 36 6 65 3 134
1 89 54 80 48 80 1 135
0 130 58 62 59 57 3 136
0 21 57 56 65 42 3 137
1 43 30 53 33 48 1 138
0 0 56 39 54 45 3 139
1 90 62 37 59 21 2 140
0 23 50 37 51 34 5 141
0 76 49 1 61 1 3 142
0 53 32 41 30 45 3 143
0 138 46 53 50 38 3 144
1 80 54 43 61 32 1 145
0 75 54 39 58 43 3 146
0 38 6 49 7 42 3 147
0 66 48 2 44 3 3 148
1 112 33 42 27 48 1 149
0 43 98 19 98 30 3 150
1 80 80 3 82 6 2 151
0 106 59 57 55 53 3 152
1 21 52 17 49 20 2 153
0 125 53 42 53 46 3 154
1 48 43 56 45 51 1 155
1 81 49 2 46 3 1 156
0 72 56 44 53 57 3 157
1 13 47 38 42 40 1 158
0 72 5 47 5 42 3 159
0 12 36 43 50 38 3 160
1 33 60 32 72 30 1 161
1 46 58 2 61 2 1 162
1 111 29 57 28 66 1 163
0 12 68 40 71 40 3 164
0 56 6 49 6 55 3 165
0 56 38 61 37 57 3 166
0 121 50 17 50 20 3 167
0 9 63 31 48 57 3 168
1 24 33 49 42 39 1 169
1 123 47 3 43 2 1 170
0 13 55 80 50 80 5 171
0 59 59 46 61 51 3 172
0 47 61 35 58 36 3 173
1 24 39 38 37 40 1 174
0 37 42 2 46 2 3 175
1 6 67 37 69 38 2 176
0 32 42 13 39 12 5 177
0 80 50 44 52 33 5 178
1 72 50 27 53 24 1 179
1 12 55 32 54 35 6 180
0 126 48 32 46 27 3 181
0 8 47 4 75 5 3 182
0 1 66 93 64 91 3 183
0 32 54 66 55 49 3 184
0 106 53 40 56 29 3 185
1 49 86 4 83 5 1 186
0 62 66 39 48 44 3 187
0 124 49 2 39 2 3 188
1 86 98 16 98 19 1 189
1 48 28 30 27 41 1 190
1 100 60 41 53 47 1 191
1 123 71 38 68 34 1 192
1 89 52 50 43 35 1 193
1 104 51 30 46 25 1 194
0 30 43 30 43 35 3 195
0 112 54 44 54 51 3 196
1 28 98 12 98 15 1 197
1 43 61 50 52 47 6 198
1 48 55 45 52 51 3 199
1 132 87 93 84 92 2 200
0 82 48 54 52 47 3 201
0 4 59 29 57 10 3 202
1 116 54 45 52 47 1 203
0 123 46 3 27 2 3 204
1 121 61 27 59 25 2 205
0 24 37 40 36 42 3 206
1 44 30 31 20 31 2 207
0 48 60 33 57 34 3 208
0 57 52 74 71 68 3 209
0 10 50 53 53 50 3 210
1 40 6 28 6 16 1 211
0 112 51 25 42 29 3 212
0 102 68 71 72 72 3 213
0 80 43 38 36 41 3 214
1 64 28 50 32 44 1 215
1 0 34 41 33 45 1 216
1 83 23 63 30 45 1 217
1 53 55 47 53 44 3 218
0 99 52 25 46 31 3 219
1 14 67 34 67 24 3 220
1 121 46 56 48 50 1 221
1 126 52 40 53 46 1 222
0 35 38 28 43 29 3 223
0 5 57 59 59 58 3 224
1 124 60 48 53 57 1 225
0 45 54 80 43 80 5 226
0 72 98 25 98 17 3 227
0 52 46 47 47 49 3 228
0 126 48 50 56 37 3 229
0 122 57 48 58 54 3 230
0 126 62 37 62 40 3 231
0 38 58 42 55 51 3 232
1 107 42 58 36 48 1 233
1 6 88 92 86 94 6 234
1 68 60 29 55 28 4 235
0 82 54 47 53 39 3 236
0 24 51 51 57 46 3 237
0 126 53 28 44 25 3 238
1 40 5 68 6 65 1 239
1 89 70 69 67 77 1 240
1 26 29 56 30 60 1 241
0 105 53 59 41 65 3 242
1 96 6 34 6 37 1 243
0 128 56 35 14 20 3 244
0 51 66 75 70 70 3 245
1 123 54 42 53 44 4 246
0 0 68 42 65 46 5 247
1 24 53 81 51 80 1 248
1 94 54 44 55 53 1 249
0 23 53 76 57 75 4 250
1 66 60 30 69 48 1 251
1 75 92 35 91 41 1 252
1 128 52 42 56 38 1 253
1 53 45 60 45 63 1 254
1 44 54 41 57 39 1 255
1 91 64 44 66 40 5 256
0 64 62 31 59 34 3 257
1 79 59 18 54 21 5 258
1 106 89 92 89 89 1 259
1 81 6 64 5 70 1 260
0 0 71 28 70 43 3 261
0 136 53 40 33 43 3 262
1 95 59 75 68 73 2 263
1 56 68 27 63 27 5 264
0 23 57 1 54 2 3 265
1 38 52 75 66 59 1 266
1 35 55 38 58 34 1 267
0 11 50 31 48 30 3 268
1 29 18 14 59 19 2 269
0 57 65 48 63 45 3 270
1 88 57 59 57 63 1 271
0 62 42 56 42 59 3 272
1 37 40 12 37 13 1 273
0 1 61 31 58 34 5 274
1 115 58 75 55 78 1 275
1 78 52 80 56 80 5 276
1 39 44 45 51 59 1 277
1 23 40 38 41 34 1 278
1 12 60 25 58 29 1 279
1 26 63 39 56 32 1 280
1 65 27 57 30 53 1 281
0 105 47 41 44 34 3 282
1 36 48 39 48 53 1 283
0 76 61 50 50 49 3 284
0 16 28 47 27 49 3 285
1 19 98 17 98 9 3 286
1 88 57 25 47 42 1 287
0 104 55 19 49 14 3 288
1 11 51 79 63 68 1 289
0 20 59 54 66 36 3 290
0 111 52 57 50 54 3 291
0 84 55 21 52 18 3 292
0 83 6 33 6 29 3 293
1 83 53 25 50 27 2 294
1 116 40 35 41 31 1 295
0 92 64 15 58 19 3 296
0 130 42 3 49 2 3 297
0 89 52 80 56 80 3 298
1 88 88 94 83 97 2 299
1 100 63 58 66 53 1 300
1 65 43 3 48 2 1 301
0 109 52 32 56 24 3 302
0 93 58 1 60 2 5 303
1 78 62 39 60 49 2 304
1 51 31 49 30 37 2 305
0 49 54 19 52 20 3 306
1 51 43 4 46 3 2 307
0 134 40 12 32 13 3 308
0 35 51 31 49 33 6 309
0 108 91 27 92 31 3 310
0 130 64 47 62 44 5 311
0 64 56 40 47 59 3 312
0 42 29 55 30 51 3 313
1 43 53 50 77 35 6 314
1 80 33 43 35 39 5 315
0 40 61 35 60 41 3 316
0 52 60 41 47 52 3 317
1 65 61 37 52 46 1 318
0 121 6 36 6 33 3 319
1 42 50 50 56 42 2 320
0 131 63 56 63 48 3 321
0 4 51 32 47 30 3 322
0 121 61 52 63 42 3 323
1 131 62 16 57 18 2 324
0 48 30 42 31 44 3 325
1 75 67 26 59 29 5 326
0 117 60 36 54 54 3 327
1 7 51 75 66 58 1 328
1 102 57 54 55 66 1 329
1 48 91 37 91 16 5 330
0 74 45 23 48 21 5 331
0 105 58 20 59 17 3 332
1 80 31 45 31 41 1 333
0 39 69 46 63 55 3 334
0 2 61 34 59 47 3 335
0 120 56 37 54 45 3 336
1 98 88 4 89 1 2 337
1 5 48 20 52 18 3 338
1 88 55 54 59 54 1 339
1 135 38 41 41 43 2 340
0 117 47 70 48 66 6 341
0 28 49 81 51 82 3 342
0 50 48 31 51 27 5 343
0 112 31 45 30 53 3 344
1 141 57 20 51 19 2 345
1 19 45 34 52 29 5 346
1 60 52 18 49 18 5 347
0 88 54 64 58 51 3 348
1 56 53 20 55 21 1 349
0 130 65 41 64 44 3 350
1 112 54 37 36 40 1 351
1 140 41 30 42 21 1 352
0 115 29 45 46 51 3 353
0 111 6 33 6 24 3 354
1 128 50 42 48 38 2 355
1 6 6 57 7 17 2 356
1 17 54 43 50 44 1 357
1 112 31 45 31 34 1 358
0 19 57 40 50 41 3 359
0 93 62 1 67 1 5 360
1 128 51 30 51 25 5 361
1 120 61 33 54 41 1 362
1 104 31 42 57 40 4 363
1 3 59 14 62 14 1 364
0 41 47 23 53 19 3 365
0 134 67 42 60 60 3 366
1 93 92 24 92 29 1 367
0 29 69 40 65 50 3 368
0 85 22 19 43 21 3 369
0 40 37 77 29 76 3 370
1 88 55 55 52 62 5 371
1 39 55 19 52 19 2 372
0 62 46 46 32 57 5 373
1 27 6 64 5 71 1 374
1 28 51 42 46 42 1 375
0 64 57 41 55 38 3 376
1 52 3 13 5 40 1 377
1 98 70 34 59 43 1 378
0 1 56 20 62 17 5 379
0 32 45 3 47 4 3 380
1 102 73 66 71 73 1 381
0 111 47 21 51 33 3 382
1 107 32 38 36 40 2 383
1 63 60 71 70 73 1 384
0 57 98 20 98 23 3 385
1 59 57 50 51 64 1 386
1 72 92 26 89 24 1 387
0 77 54 29 52 32 3 388
1 66 48 2 45 2 1 389
0 0 69 24 64 27 3 390
1 24 67 36 66 38 6 391
1 120 70 6 82 5 1 392
1 46 68 24 66 32 1 393
0 5 57 56 55 54 5 394
1 29 56 42 58 46 1 395
1 48 49 66 45 71 1 396
1 21 70 76 65 74 1 397
1 69 42 3 50 3 1 398
1 117 46 2 49 2 2 399
0 109 51 2 47 2 3 400
0 76 53 40 62 46 3 401
0 124 30 48 28 50 3 402
0 130 51 18 45 23 3 403
1 86 98 25 98 22 2 404
0 90 50 30 24 22 3 405
1 114 51 80 57 80 1 406
1 42 67 47 65 50 1 407
1 117 69 44 66 43 1 408
0 117 54 45 54 40 3 409
0 9 61 29 61 26 3 410
0 125 66 92 64 96 3 411
0 106 42 12 44 11 3 412
0 32 31 42 23 63 3 413
0 1 62 17 26 13 4 414
1 73 27 50 29 46 1 415
1 115 28 25 52 45 3 416
1 25 49 29 28 19 2 417
0 37 88 93 86 94 3 418
1 92 49 79 32 78 1 419
0 138 98 16 98 20 3 420
0 17 6 52 6 58 3 421
1 105 65 43 68 40 5 422
1 72 67 39 60 62 1 423
0 113 49 54 48 47 3 424
1 0 43 3 40 3 1 425
1 92 1 95 3 96 1 426
0 35 49 32 47 36 3 427
0 59 43 4 46 4 3 428
1 62 60 32 64 36 3 429
1 108 63 1 54 1 1 430
0 29 67 49 63 52 3 431
0 105 61 39 62 35 3 432
1 24 68 36 69 40 1 433
0 8 68 41 65 40 3 434
1 117 52 53 44 65 1 435
1 44 63 31 65 40 3 436
0 141 46 20 45 23 3 437
0 128 56 22 38 25 5 438
1 38 34 20 39 19 3 439
0 119 60 73 58 75 3 440
1 143 52 37 58 45 1 441
0 24 56 50 54 45 3 442
0 16 52 18 48 18 3 443
0 24 53 80 56 80 3 444
1 99 55 40 58 34 2 445
0 130 49 18 46 20 3 446
0 74 6 32 5 23 3 447
1 62 5 69 5 66 1 448
0 79 47 3 44 2 3 449
0 143 32 48 34 43 3 450
0 101 37 13 42 12 3 451
0 80 37 13 42 11 6 452
0 143 56 20 42 17 3 453
1 75 70 36 69 40 2 454
1 130 80 6 82 4 1 455
1 135 55 2 59 1 1 456
1 0 98 23 98 20 1 457
1 22 42 11 40 12 2 458
0 31 54 76 58 75 3 459
1 84 56 41 62 37 1 460
0 79 69 40 73 33 3 461
1 126 58 38 14 21 1 462
0 133 54 80 51 80 5 463
1 78 55 47 23 19 1 464
1 76 58 48 58 14 1 465
1 11 41 50 22 20 1 466
1 68 53 47 47 48 1 467
0 33 27 25 44 71 3 468
0 46 62 32 31 15 3 469
0 126 61 62 36 74 5 470
1 118 58 19 61 18 1 471
0 134 67 77 70 72 3 472
0 81 59 1 64 1 3 473
0 65 6 33 5 65 3 474
0 43 91 35 92 27 3 475
1 38 53 42 45 38 1 476
0 23 6 42 6 53 3 477
0 56 56 19 52 19 3 478
1 79 39 38 42 40 6 479
0 67 50 78 57 76 3 480
1 125 60 17 51 19 1 481
0 92 46 30 50 32 3 482
1 138 47 4 63 5 2 483
1 102 71 69 72 71 1 484
0 0 49 78 58 75 3 485
1 131 98 19 98 13 1 486
0 83 6 33 6 14 3 487
1 9 53 44 55 47 1 488
0 143 49 53 54 38 3 489
0 121 40 44 37 40 3 490
0 96 55 67 56 65 3 491
0 50 51 76 57 76 3 492
1 140 60 44 63 46 1 493
0 117 51 53 55 52 3 494
1 70 64 76 65 74 1 495
1 108 92 29 90 37 5 496
0 88 62 38 65 29 3 497
1 3 51 47 52 42 1 498
0 95 67 38 68 41 3 499
0 14 54 51 55 44 3 500
1 143 47 51 36 73 1 501
0 120 69 38 69 41 3 502
1 111 49 28 51 27 1 503
0 66 7 42 5 31 3 504
0 132 14 61 59 71 3 505
0 104 53 38 51 34 4 506
1 13 56 41 58 46 3 507
0 124 61 53 58 49 3 508
1 35 55 80 47 80 1 509
0 32 88 93 86 94 3 510
0 3 91 40 91 36 3 511
1 32 67 74 72 70 1 512
0 37 66 4 75 6 5 513
1 70 56 51 54 56 4 514
0 68 52 46 51 49 3 515
1 135 29 48 31 45 2 516
0 5 62 30 55 21 3 517
0 11 71 70 70 73 3 518
0 10 57 48 63 38 3 519
1 134 70 74 68 73 2 520
0 115 68 45 62 47 3 521
0 37 7 51 7 42 3 522
0 51 58 76 56 74 3 523
0 9 52 56 52 46 3 524
0 68 36 44 33 18 3 525
1 67 44 63 45 59 1 526
0 63 45 4 48 3 3 527
1 126 50 70 54 67 1 528
0 82 49 51 46 57 3 529
1 13 68 47 65 50 1 530
0 75 58 39 53 41 3 531
0 53 57 29 48 32 3 532
1 87 66 67 75 56 1 533
0 29 64 32 61 37 3 534
0 122 54 42 55 38 3 535
1 96 56 41 57 39 1 536
0 81 47 2 51 2 3 537
0 30 56 2 63 1 3 538
0 130 77 6 83 4 3 539
1 53 53 19 51 20 1 540
0 52 55 43 48 33 3 541
1 100 98 23 98 18 1 542
0 141 61 27 60 25 3 543
1 59 52 52 35 41 1 544
0 96 55 39 58 40 3 545
1 110 66 39 63 48 2 546
1 97 60 20 54 23 1 547
1 135 51 47 41 46 1 548
0 56 52 40 49 43 3 549
1 32 71 40 70 43 1 550
1 136 59 42 51 45 1 551
1 16 68 43 62 54 1 552
1 30 50 2 41 3 1 553
1 117 47 26 50 25 2 554
1 96 52 41 49 40 2 555
1 106 6 69 5 79 1 556
1 46 54 43 52 60 4 557
1 4 49 29 49 34 6 558
0 94 43 62 55 49 3 559
0 94 6 63 5 61 3 560
0 60 52 46 44 45 3 561
1 37 6 33 5 37 1 562
0 80 67 42 68 38 3 563
0 38 56 21 57 18 3 564
1 130 56 52 51 43 5 565
1 62 55 57 61 38 2 566
1 40 30 78 30 89 3 567
0 96 29 45 31 50 3 568
0 47 5 77 5 81 3 569
0 0 57 29 53 27 3 570
0 132 70 6 69 3 3 571
1 67 46 61 47 70 1 572
1 106 53 50 51 56 2 573
0 112 44 46 46 74 3 574
0 60 47 88 50 58 3 575
0 76 62 38 55 58 3 576
0 5 47 42 47 49 3 577
1 134 45 35 42 41 1 578
1 14 88 93 87 91 1 579
1 76 68 41 66 39 1 580
1 140 48 16 51 16 1 581
1 111 61 40 70 29 1 582
0 13 47 20 45 19 3 583
0 85 36 15 60 51 3 584
1 56 44 67 48 68 1 585
0 68 46 42 44 52 3 586
0 71 85 92 87 93 5 587
0 97 57 72 61 73 3 588
0 91 48 19 50 20 3 589
1 13 81 6 78 6 6 590
1 26 57 31 53 50 1 591
1 73 53 45 57 43 3 592
1 66 6 39 6 61 1 593
0 105 57 47 55 65 3 594
1 35 55 24 48 31 1 595
1 133 54 33 47 42 2 596
1 100 48 54 54 24 1 597
1 107 87 93 82 97 3 598
1 102 78 7 80 5 3 599
0 72 59 29 50 36 3 600
1 42 43 69 44 57 2 601
0 13 61 40 62 36 3 602
1 77 54 81 55 79 1 603
1 40 50 3 37 3 6 604
0 61 54 43 54 38 3 605
0 97 51 77 53 75 3 606
1 21 54 56 56 52 1 607
1 57 98 25 97 14 1 608
1 135 31 51 32 55 2 609
1 10 57 73 61 73 1 610
0 72 52 50 45 46 6 611
1 73 50 20 46 20 1 612
0 83 59 24 54 21 3 613
0 7 30 47 32 46 3 614
1 28 88 93 86 94 1 615
0 2 45 50 46 32 3 616
1 94 5 67 6 65 1 617
0 53 62 31 52 44 3 618
1 138 64 41 69 36 1 619
0 23 53 21 51 23 3 620
0 103 58 29 54 33 3 621
0 9 57 33 55 41 3 622
0 55 66 50 48 44 5 623
1 0 67 35 71 32 2 624
1 40 55 41 57 40 1 625
0 102 49 56 45 64 6 626
0 48 43 38 43 29 3 627
0 81 54 24 52 27 3 628
1 111 55 80 57 79 5 629
0 83 59 1 57 2 3 630
1 50 47 24 53 27 2 631
1 92 80 7 78 6 5 632
1 28 67 37 54 40 1 633
0 29 41 12 44 11 3 634
1 140 92 28 90 18 3 635
0 24 61 50 57 24 3 636
1 121 37 41 43 37 1 637
0 134 44 19 40 20 3 638
1 83 59 28 56 27 2 639
1 47 6 69 7 46 4 640
1 85 61 49 62 43 3 641
1 128 31 42 28 49 2 642
1 40 46 4 45 2 2 643
0 118 59 23 62 22 3 644
1 7 66 46 61 61 1 645
0 118 57 37 63 34 3 646
1 138 57 29 66 9 1 647
1 111 50 49 22 35 1 648
0 114 31 50 32 52 3 649
0 4 69 35 64 45 3 650
0 53 49 53 50 39 3 651
1 17 33 45 27 66 2 652
0 139 54 34 32 35 3 653
1 37 7 37 7 41 5 654
1 83 56 28 48 40 2 655
0 140 69 40 62 30 3 656
0 36 46 46 42 56 3 657
0 65 61 42 55 51 3 658
0 142 49 78 52 76 3 659
0 102 45 21 51 18 5 660
0 17 5 34 6 48 3 661
1 101 45 4 41 4 1 662
0 27 56 28 49 36 3 663
1 23 58 27 48 36 1 664
0 78 62 33 56 40 3 665
0 133 60 38 61 35 3 666
1 61 60 41 58 45 1 667
0 80 57 76 55 77 3 668
0 30 6 21 5 13 3 669
1 33 55 2 59 2 1 670
1 143 51 76 46 62 1 671
1 76 40 66 33 57 1 672
0 58 56 63 54 70 3 673
1 63 65 76 70 73 1 674
0 36 29 58 30 55 3 675
0 13 53 46 59 46 3 676
1 109 55 45 48 61 2 677
0 4 66 42 69 19 3 678
0 26 67 47 75 31 3 679
0 119 70 38 69 36 6 680
0 139 90 43 90 32 5 681
0 14 32 51 31 44 3 682
0 130 53 36 55 33 3 683
0 70 55 31 60 29 3 684
0 17 59 29 59 26 3 685
0 4 48 52 49 50 3 686
0 107 6 32 5 37 3 687
0 124 82 6 83 3 3 688
0 39 59 44 58 41 3 689
1 70 53 81 55 80 1 690
0 114 69 74 68 72 3 691
1 72 53 46 53 43 1 692
0 80 57 34 57 40 5 693
1 132 67 42 58 58 5 694
1 40 68 38 57 38 1 695
0 102 50 20 45 22 3 696
0 136 7 41 6 54 3 697
0 139 71 39 70 35 3 698
0 112 70 35 63 43 3 699
0 113 33 50 29 55 3 700
1 48 53 34 50 35 2 701
1 40 55 72 57 73 1 702
1 133 5 40 5 36 1 703
0 51 54 34 48 47 5 704
0 57 54 33 48 36 4 705
1 19 54 50 53 45 1 706
0 73 58 46 59 18 3 707
0 67 5 67 6 64 3 708
0 55 33 47 30 45 3 709
1 48 3 68 4 66 2 710
0 68 47 2 52 2 3 711
0 43 61 46 57 61 5 712
0 3 6 52 6 47 3 713
0 143 40 3 46 3 3 714
1 90 59 37 54 42 1 715
1 120 43 12 38 14 2 716
1 83 50 35 48 36 1 717
0 58 54 43 61 40 4 718
0 124 91 35 91 29 5 719
1 43 61 29 59 14 5 720
0 37 45 80 49 80 3 721
0 1 59 28 56 38 3 722
0 60 53 45 54 53 4 723
1 39 55 37 54 31 2 724
1 62 68 33 62 49 5 725
1 4 53 43 62 34 4 726
1 117 55 39 60 38 1 727
1 136 42 18 69 27 3 728
1 4 28 50 27 48 2 729
0 72 40 3 44 2 3 730
1 44 66 39 69 40 1 731
1 72 56 39 57 44 3 732
0 39 53 54 51 59 5 733
1 135 54 80 51 80 1 734
1 17 69 37 61 61 2 735
0 10 39 32 42 33 3 736
0 28 88 93 80 92 3 737
0 30 62 31 65 28 3 738
1 37 64 76 72 70 1 739
0 40 55 18 53 16 3 740
0 24 68 34 69 40 3 741
0 121 38 46 36 42 3 742
0 115 55 45 54 49 3 743
0 92 52 38 51 29 3 744
0 124 91 34 90 36 3 745
0 91 49 54 54 56 3 746
0 3 5 55 3 43 3 747
1 91 66 42 58 53 2 748
1 78 91 30 90 36 1 749
0 14 6 66 6 63 3 750
1 136 48 44 57 40 1 751
0 32 38 12 41 12 3 752
1 46 80 5 76 5 1 753
1 62 55 2 60 1 1 754
1 54 57 48 55 52 1 755
1 92 59 38 54 39 1 756
1 126 53 25 50 27 1 757
0 14 61 19 59 16 3 758
0 113 51 65 36 78 3 759
1 142 60 37 54 43 1 760
1 21 65 36 60 33 4 761
0 17 60 33 49 42 3 762
0 51 52 25 50 32 3 763
1 55 70 39 66 40 3 764
0 66 54 28 49 29 3 765
0 24 66 40 63 28 3 766
1 88 45 20 44 18 2 767
0 132 56 73 58 75 6 768
1 126 51 47 45 45 1 769
1 28 88 93 84 93 5 770
1 0 45 49 48 56 1 771
0 19 42 12 39 12 3 772
1 61 79 7 82 5 1 773
1 63 4 38 6 22 1 774
1 97 54 42 52 47 3 775
1 85 39 58 64 57 1 776
1 78 56 39 60 42 2 777
0 38 80 6 98 4 3 778
0 74 57 51 56 58 5 779
0 137 30 46 29 63 3 780
0 140 69 71 67 77 3 781
0 0 45 4 42 4 3 782
0 114 55 35 33 43 3 783
1 88 98 23 98 20 1 784
1 58 63 37 57 36 1 785
1 46 34 45 31 46 1 786
0 60 69 37 66 40 3 787
1 130 57 77 55 72 1 788
1 142 41 4 29 5 2 789
1 109 32 4 47 4 1 790
1 54 5 66 3 65 3 791
1 137 41 1 45 1 1 792
1 0 26 50 31 45 2 793
1 136 86 3 83 4 1 794
0 0 61 40 55 54 3 795
1 96 43 8 31 13 2 796
1 103 53 21 54 28 1 797
1 37 44 11 40 13 2 798
1 117 49 47 58 40 1 799
0 108 46 4 41 4 3 800
1 16 67 93 60 92 1 801
1 100 4 39 6 28 2 802
1 120 63 30 61 43 1 803
1 22 87 3 85 4 5 804
0 4 6 42 6 49 3 805
1 92 91 31 92 29 1 806
0 1 55 45 48 44 3 807
1 46 62 1 60 2 2 808
0 19 48 48 42 64 3 809
0 68 55 38 56 26 3 810
1 108 91 36 90 41 1 811
1 3 70 33 69 24 1 812
1 0 52 52 58 42 2 813
1 84 55 44 49 44 1 814
0 87 67 93 65 94 3 815
1 33 59 16 63 18 1 816
0 96 63 1 56 2 3 817
1 62 6 30 6 18 2 818
1 38 53 40 60 29 1 819
0 9 57 43 55 47 5 820
0 67 58 31 55 30 3 821
0 132 15 60 58 73 6 822
0 92 57 19 58 17 3 823
1 63 70 70 64 75 1 824
0 65 59 36 50 43 3 825
1 0 51 44 53 43 2 826
1 90 47 48 46 45 1 827
1 87 60 44 51 60 5 828
0 32 56 59 57 51 3 829
0 102 45 21 48 21 3 830
0 130 68 33 69 42 3 831
1 28 67 34 57 66 1 832
1 19 68 37 66 38 1 833
0 69 52 36 55 32 3 834
0 114 71 73 67 74 3 835
0 58 63 35 65 33 4 836
1 11 55 73 58 70 1 837
0 143 45 61 51 55 3 838
0 72 55 42 53 50 3 839
0 100 63 42 59 38 6 840
1 63 51 75 67 64 1 841
1 102 61 37 64 36 1 842
0 128 29 46 26 47 3 843
0 57 98 17 98 14 3 844
0 117 54 42 50 52 3 845
0 136 5 39 6 31 3 846
1 10 45 33 44 31 1 847
0 40 61 18 71 19 3 848
0 80 44 10 42 13 5 849
0 87 48 47 49 37 3 850
1 29 58 27 61 26 1 851
1 137 35 16 66 25 5 852
0 5 42 2 53 1 4 853
0 68 33 47 30 59 3 854
1 116 45 2 12 0 1 855
0 66 6 42 6 45 3 856
1 40 37 4 29 4 6 857
1 46 59 30 56 33 1 858
0 117 61 32 33 32 5 859
1 102 6 40 5 45 2 860
0 88 63 30 56 40 3 861
0 126 6 40 6 44 4 862
1 130 55 28 49 41 2 863
1 20 89 92 88 94 1 864
1 8 49 37 55 28 1 865
1 128 60 27 30 29 1 866
0 67 53 34 55 31 3 867
1 85 53 32 51 27 1 868
1 77 55 23 47 30 6 869
0 5 31 46 26 44 3 870
1 43 56 29 60 29 2 871
0 0 55 52 55 55 3 872
0 96 43 9 32 13 3 873
1 16 61 32 71 39 2 874
0 52 63 36 58 43 3 875
1 97 53 28 55 25 1 876
1 24 63 44 66 41 5 877
0 54 71 37 71 41 3 878
0 132 60 41 54 55 3 879
1 39 56 42 50 50 5 880
0 23 52 24 53 27 3 881
1 21 62 41 61 44 1 882
1 79 66 46 69 45 1 883
1 74 52 63 51 61 1 884
0 19 51 30 49 34 5 885
0 87 62 51 62 47 5 886
1 12 62 24 59 28 2 887
0 1 52 2 46 2 3 888
1 15 41 9 43 12 2 889
1 38 60 23 56 30 1 890
0 59 49 18 50 20 3 891
1 113 58 17 52 16 1 892
0 121 67 73 64 76 3 893
0 25 63 35 62 37 6 894
1 135 51 57 50 59 1 895
1 51 60 39 59 36 1 896
1 67 37 13 40 13 1 897
1 96 7 37 6 43 1 898
1 110 92 28 91 32 3 899
1 134 63 44 45 45 2 900
1 132 49 47 47 68 2 901
0 32 54 38 62 33 3 902
1 117 57 39 60 36 2 903
1 105 59 1 55 1 1 904
1 83 54 29 56 35 4 905
1 122 56 80 53 80 1 906
1 26 58 40 55 41 1 907
0 80 40 12 43 11 3 908
0 17 57 31 55 27 3 909
0 0 59 34 52 45 3 910
0 130 77 6 70 6 5 911
0 0 52 46 41 43 3 912
1 38 67 72 69 70 6 913
0 81 53 29 51 30 6 914
1 113 57 80 53 81 1 915
1 17 51 2 13 1 1 916
1 142 26 12 34 14 1 917
0 5 49 20 46 20 3 918
0 0 64 76 67 74 4 919
0 93 42 33 38 38 3 920
0 138 6 49 6 56 3 921
1 63 91 27 90 36 4 922
0 20 71 34 73 38 3 923
1 52 98 16 98 20 1 924
1 122 63 45 63 49 1 925
0 134 48 3 43 4 3 926
1 140 58 58 57 56 1 927
1 133 54 38 48 40 1 928
1 82 65 76 67 73 2 929
1 116 52 54 50 48 2 930
1 142 62 19 60 18 1 931
0 48 30 43 30 47 3 932
1 52 53 42 52 45 1 933
0 31 60 2 55 2 5 934
0 13 59 28 54 30 3 935
0 79 60 15 63 16 3 936
1 79 67 49 63 56 1 937
0 96 58 39 61 35 3 938
1 53 29 47 31 49 3 939
1 11 46 58 44 63 1 940
1 102 59 55 56 53 3 941
1 91 56 76 13 60 2 942
0 91 98 21 98 16 3 943
1 48 30 46 31 44 1 944
1 14 59 18 63 16 3 945
0 57 50 80 48 83 3 946
1 65 52 45 60 39 1 947
0 39 57 45 57 32 3 948
0 96 69 36 68 38 3 949
0 55 45 31 35 54 3 950
1 122 59 30 57 33 1 951
1 9 50 52 53 57 2 952
0 115 6 29 6 33 3 953
0 48 53 43 40 46 4 954
0 96 72 38 71 40 3 955
0 81 47 22 52 28 3 956
0 123 60 42 54 45 3 957
1 31 54 42 60 42 2 958
0 80 56 41 50 42 3 959
0 82 53 34 47 42 3 960
0 54 56 51 44 46 3 961
0 121 70 6 77 6 3 962
0 133 50 81 58 80 6 963
1 87 49 60 48 57 1 964
1 31 54 44 58 48 2 965
1 136 5 48 2 51 1 966
0 67 60 32 55 42 3 967
0 142 50 29 46 31 3 968
1 39 61 42 55 55 1 969
0 6 85 92 87 93 3 970
1 130 6 35 6 31 1 971
1 14 44 50 31 55 2 972
0 25 56 62 55 57 3 973
1 59 56 49 61 41 1 974
0 3 54 45 55 39 3 975
1 114 66 41 68 42 2 976
1 31 55 47 57 40 2 977
1 18 62 42 58 53 2 978
0 120 66 36 64 42 3 979
0 129 64 41 66 32 3 980
0 16 60 64 65 43 3 981
0 73 54 21 31 15 3 982
1 6 50 48 53 49 3 983
0 64 55 44 57 34 3 984
0 59 61 40 61 33 3 985
0 66 63 35 55 51 3 986
1 46 64 37 53 41 1 987
0 115 6 64 5 67 3 988
1 48 68 40 67 42 1 989
0 132 57 38 60 32 3 990
1 14 57 40 51 45 3 991
1 93 5 35 5 39 1 992
0 139 6 38 6 30 3 993
1 0 50 52 61 36 6 994
0 102 56 63 55 65 3 995
0 86 6 53 7 36 6 996
1 81 50 38 47 53 1 997
0 8 52 80 56 80 3 998
1 11 54 76 51 83 1 999
0 48 50 63 51 77 3 1000
1 67 30 51 28 57 1 1001
1 108 70 65 72 67 1 1002
1 85 7 46 6 55 1 1003
0 120 54 36 55 29 3 1004
0 14 63 32 61 29 3 1005
1 109 66 1 56 2 2 1006
0 139 54 44 54 41 3 1007
1 42 49 48 57 46 1 1008
0 62 6 50 6 62 3 1009
1 16 38 12 41 12 1 1010
0 117 50 51 55 44 3 1011
0 86 58 39 54 46 3 1012
1 81 42 2 44 3 1 1013
0 63 73 33 71 27 3 1014
1 67 85 92 88 92 2 1015
0 18 49 50 51 53 3 1016
1 5 45 3 48 3 5 1017
1 74 52 19 48 21 1 1018
0 44 55 43 58 37 3 1019
1 48 58 47 55 45 1 1020
0 25 68 74 73 66 5 1021
0 141 56 1 62 1 4 1022
0 59 45 31 54 24 3 1023
0 70 6 49 7 52 3 1024
0 103 54 74 56 72 3 1025
0 76 49 54 53 57 3 1026
1 33 91 28 90 37 3 1027
1 63 52 55 48 53 1 1028
1 92 71 40 66 41 3 1029
0 120 59 38 55 44 3 1030
1 134 69 6 80 6 5 1031
1 27 82 6 74 5 2 1032
0 11 6 42 6 46 3 1033
1 68 48 54 52 45 6 1034
1 51 58 76 32 78 1 1035
1 132 69 36 60 41 2 1036
0 73 58 44 55 42 5 1037
1 124 90 46 90 42 1 1038
1 43 61 45 61 41 1 1039
0 128 55 36 49 44 3 1040
1 26 48 67 54 51 6 1041
1 124 43 57 45 59 1 1042
0 81 48 36 49 38 3 1043
1 50 46 31 48 20 1 1044
1 5 56 48 56 32 2 1045
1 139 57 2 65 1 5 1046
1 71 50 29 55 22 1 1047
1 111 52 80 50 81 1 1048
0 14 57 28 56 24 5 1049
1 17 59 41 55 25 1 1050
1 12 62 24 60 26 6 1051
1 46 52 46 53 41 4 1052
0 85 44 12 41 13 3 1053
1 6 68 36 65 41 1 1054
0 14 50 29 46 32 3 1055
0 121 88 3 81 2 3 1056
1 21 6 55 6 41 2 1057
0 41 89 36 90 34 3 1058
0 94 5 69 6 66 5 1059
1 26 60 41 54 42 1 1060
1 143 61 38 60 34 1 1061
1 0 87 3 85 4 1 1062
1 120 60 46 37 24 3 1063
1 111 6 28 6 33 5 1064
1 31 62 39 54 44 1 1065
0 3 92 29 92 25 3 1066
0 96 41 13 37 13 3 1067
0 9 91 33 91 30 3 1068
1 88 61 37 61 33 1 1069
0 89 64 31 60 35 3 1070
0 60 51 19 42 24 5 1071
0 11 63 17 53 19 3 1072
0 110 50 38 22 17 3 1073
0 19 50 18 47 19 5 1074
1 70 55 17 52 20 4 1075
1 7 33 46 30 53 6 1076
0 122 5 71 4 75 3 1077
1 15 49 43 54 41 1 1078
0 5 49 78 52 76 3 1079
0 124 90 42 90 47 3 1080
0 40 51 50 48 52 3 1081
0 97 48 55 54 51 3 1082
1 13 58 1 56 2 1 1083
1 49 5 70 4 77 2 1084
1 109 55 52 42 30 2 1085
0 65 88 93 86 94 3 1086
1 76 56 54 60 52 4 1087
1 94 32 48 32 51 1 1088
1 93 42 31 45 28 1 1089
0 51 60 26 56 30 3 1090
1 139 52 41 50 48 1 1091
0 25 61 1 54 2 3 1092
0 57 58 16 62 27 3 1093
0 70 58 16 56 18 3 1094
1 40 48 54 48 57 1 1095
1 138 59 47 56 65 2 1096
1 135 43 12 41 9 2 1097
1 83 33 48 31 45 1 1098
1 38 67 77 69 75 1 1099
1 67 62 38 64 28 1 1100
1 137 30 44 28 41 2 1101
0 54 84 4 87 4 3 1102
0 129 88 93 85 96 3 1103
0 121 6 49 5 75 3 1104
0 88 45 20 48 19 3 1105
0 14 65 35 60 33 3 1106
1 92 59 19 50 21 2 1107
1 1 58 20 57 16 1 1108
1 98 30 50 32 48 1 1109
0 112 28 40 31 45 3 1110
1 3 87 3 85 4 1 1111
0 8 42 33 40 37 3 1112
0 88 53 44 54 40 3 1113
1 77 48 53 47 57 1 1114
1 36 47 3 37 4 2 1115
0 48 57 47 32 62 3 1116
1 32 59 38 68 39 1 1117
0 71 5 45 6 37 3 1118
0 75 44 17 64 42 3 1119
0 139 91 25 91 42 4 1120
1 44 53 75 64 68 1 1121
1 140 62 48 65 43 1 1122
0 118 52 29 49 28 3 1123
1 132 63 46 62 56 1 1124
0 12 59 29 62 20 5 1125
1 48 33 43 54 40 1 1126
1 107 42 31 36 40 1 1127
0 4 53 29 51 28 3 1128
0 19 66 92 65 95 4 1129
1 22 41 45 56 38 1 1130
0 26 70 40 69 44 3 1131
1 22 31 50 32 52 2 1132
1 140 55 44 55 41 2 1133
1 48 90 27 89 37 3 1134
1 132 47 3 43 4 6 1135
0 76 59 38 54 44 3 1136
1 19 66 80 68 77 6 1137
0 91 52 45 93 4 3 1138
0 76 38 39 43 35 3 1139
0 12 32 57 31 45 3 1140
1 26 57 28 38 41 1 1141
1 66 48 2 11 1 1 1142
0 64 43 11 40 12 3 1143
0 35 55 26 55 22 4 1144
1 6 67 34 69 36 1 1145
0 65 54 51 49 42 3 1146
0 133 56 80 52 81 3 1147
1 132 58 47 62 34 1 1148
1 78 92 33 90 37 4 1149
0 116 47 20 49 19 3 1150
1 67 43 55 45 50 1 1151
1 100 56 30 58 31 1 1152
1 137 64 42 67 42 1 1153
0 69 98 20 98 25 3 1154
1 128 54 50 46 63 2 1155
1 2 77 6 81 5 4 1156
1 92 82 4 99 3 1 1157
1 54 52 20 54 19 2 1158
0 12 1 95 2 97 3 1159
1 52 50 36 49 38 1 1160
0 109 66 94 65 91 3 1161
0 29 80 5 83 4 3 1162
0 18 91 42 92 34 3 1163
0 60 50 16 50 19 3 1164
0 117 55 46 50 44 6 1165
0 52 39 12 43 11 3 1166
0 15 56 47 51 53 3 1167
1 115 49 39 42 43 2 1168
1 57 48 4 40 4 2 1169
1 117 61 37 59 38 1 1170
0 108 24 55 23 51 3 1171
1 101 64 29 63 38 1 1172
0 56 57 38 51 40 3 1173
0 11 56 76 53 77 5 1174
0 123 50 64 45 61 3 1175
1 32 58 49 57 61 1 1176
0 104 61 40 63 50 3 1177
1 56 69 40 70 36 1 1178
0 99 55 38 57 39 3 1179
1 77 98 15 98 19 1 1180
1 141 54 34 63 21 2 1181
0 64 41 11 40 13 3 1182
1 37 6 52 6 45 1 1183
1 74 49 20 46 20 1 1184
0 135 42 31 41 36 3 1185
1 37 46 3 42 5 1 1186
1 0 62 25 58 26 3 1187
0 129 57 28 59 32 3 1188
0 0 37 13 40 12 3 1189
1 90 32 42 33 44 2 1190
1 67 70 38 70 31 2 1191
0 111 51 80 55 80 3 1192
1 74 45 4 30 6 3 1193
1 24 91 39 92 31 1 1194
1 2 30 50 26 49 1 1195
1 20 57 31 59 27 3 1196
0 72 50 53 31 88 3 1197
1 49 60 1 58 2 2 1198
0 137 6 28 5 25 3 1199
1 117 41 3 47 2 1 1200
1 112 50 42 60 32 6 1201
0 30 59 52 57 50 3 1202
1 82 49 38 53 55 1 1203
0 68 98 20 98 15 3 1204
1 40 61 72 55 76 1 1205
0 0 61 51 66 43 3 1206
1 25 41 31 59 38 1 1207
0 14 98 16 98 19 5 1208
1 12 49 53 47 56 3 1209
1 66 64 44 65 53 1 1210
1 123 42 2 48 2 1 1211
1 58 55 80 52 80 1 1212
1 82 56 28 59 26 1 1213
0 103 98 23 98 18 3 1214
1 47 68 41 73 37 1 1215
1 41 35 16 62 48 1 1216
1 135 37 43 32 39 3 1217
1 16 56 18 53 19 1 1218
1 11 64 42 57 31 1 1219
1 29 41 2 53 1 2 1220
1 82 50 49 53 39 1 1221
0 57 98 15 98 20 5 1222
1 40 45 4 40 4 1 1223
1 66 42 34 41 40 1 1224
1 114 55 43 53 49 1 1225
0 133 55 47 52 47 3 1226
1 116 50 60 48 68 3 1227
1 95 5 40 6 30 1 1228
0 62 48 36 57 28 3 1229
0 123 46 4 40 4 3 1230
1 39 61 40 57 45 1 1231
1 8 52 45 51 47 1 1232
1 34 40 4 44 3 1 1233
0 108 51 37 47 33 3 1234
0 113 30 47 31 37 3 1235
1 0 72 37 69 36 2 1236
0 135 40 46 40 43 3 1237
0 128 28 48 31 51 3 1238
1 13 67 41 69 36 6 1239
0 128 28 47 30 45 5 1240
0 100 63 17 53 21 3 1241
0 111 6 29 6 26 3 1242
0 104 54 44 50 43 3 1243
0 108 53 56 50 62 3 1244
1 63 69 38 71 39 1 1245
0 53 58 33 56 35 3 1246
0 52 41 34 38 42 3 1247
0 75 63 47 60 52 6 1248
0 20 48 40 67 39 3 1249
0 97 65 39 66 36 3 1250
0 90 48 53 33 44 3 1251
0 103 53 45 48 58 3 1252
0 98 55 32 52 34 3 1253
1 136 48 63 55 49 1 1254
0 36 88 93 86 94 3 1255
0 15 55 2 60 1 3 1256
0 27 39 3 42 3 3 1257
1 82 51 57 46 73 1 1258
0 39 10 35 7 37 3 1259
1 106 56 22 50 29 3 1260
1 63 58 74 53 77 1 1261
1 51 31 37 32 34 1 1262
0 114 68 46 50 46 3 1263
1 41 98 21 98 11 1 1264
1 11 52 46 51 49 2 1265
1 121 6 35 6 31 3 1266
1 68 51 35 55 36 5 1267
1 0 69 42 61 10 1 1268
0 51 30 60 29 64 3 1269
1 38 5 29 6 34 1 1270
0 80 60 33 58 34 3 1271
1 13 67 42 72 40 1 1272
1 60 48 20 45 20 2 1273
0 73 65 76 72 74 3 1274
0 62 89 92 87 93 3 1275
0 128 52 24 50 27 3 1276
0 38 6 64 5 66 3 1277
0 31 6 36 6 29 3 1278
1 143 26 49 29 47 4 1279
0 117 42 68 45 60 3 1280
1 13 67 50 69 44 2 1281
1 32 55 38 62 46 1 1282
1 48 53 61 57 51 1 1283
0 66 42 31 44 32 3 1284
1 85 86 94 82 95 1 1285
0 86 48 20 34 20 3 1286
1 73 59 44 60 34 1 1287
0 45 51 80 56 80 3 1288
0 124 49 21 45 21 3 1289
1 9 57 37 53 45 5 1290
0 36 47 46 45 48 3 1291
1 114 63 35 53 37 1 1292
0 67 55 42 47 55 3 1293
1 115 53 43 56 37 3 1294
1 79 70 34 68 17 1 1295
1 38 52 29 50 30 5 1296
0 19 55 27 53 24 3 1297
1 102 60 38 59 34 1 1298
1 21 53 50 47 59 1 1299
0 68 45 34 42 41 3 1300
0 140 65 75 67 73 3 1301
1 82 55 39 54 43 2 1302
0 62 92 29 91 31 3 1303
1 98 87 3 83 4 6 1304
1 114 59 36 55 37 1 1305
0 57 32 47 31 51 3 1306
0 11 49 2 46 3 3 1307
0 105 69 37 70 35 4 1308
0 12 55 31 58 29 3 1309
0 40 60 18 44 18 3 1310
0 64 60 47 57 51 3 1311
0 106 53 18 59 16 4 1312
1 106 28 52 28 49 1 1313
1 28 88 92 86 94 3 1314
1 27 35 16 57 45 2 1315
1 105 71 43 71 36 1 1316
1 138 44 4 36 3 2 1317
1 109 46 4 44 3 1 1318
0 63 29 52 33 48 3 1319
0 89 66 41 43 18 3 1320
1 100 86 3 85 5 2 1321
0 9 51 52 49 53 3 1322
1 47 51 75 66 73 2 1323
0 97 63 34 63 29 6 1324
0 75 41 58 43 54 3 1325
0 37 63 46 57 42 3 1326
1 65 62 30 58 6 1 1327
1 38 44 35 44 38 1 1328
1 96 32 41 29 48 1 1329
1 68 51 61 49 63 1 1330
0 74 51 20 45 21 5 1331
1 126 5 36 5 63 2 1332
1 122 5 61 5 64 2 1333
0 20 67 34 66 46 3 1334
0 116 67 41 66 39 3 1335
0 136 6 52 6 47 3 1336
1 143 41 13 28 18 5 1337
0 96 61 1 65 1 3 1338
1 95 57 34 55 39 1 1339
1 38 57 30 47 39 5 1340
0 60 6 44 5 83 3 1341
0 46 59 54 55 53 3 1342
0 103 57 34 57 30 3 1343
0 66 59 42 61 41 3 1344
0 100 68 45 35 16 3 1345
0 53 54 43 55 47 3 1346
0 32 27 44 31 42 3 1347
1 93 59 37 51 30 1 1348
0 93 59 1 56 2 3 1349
0 62 43 54 44 51 3 1350
1 120 47 51 45 54 1 1351
0 5 50 19 53 17 4 1352
1 128 58 30 60 26 1 1353
1 123 53 61 57 54 1 1354
1 84 61 30 60 35 2 1355
0 141 51 14 50 16 3 1356
0 84 54 81 51 81 3 1357
0 91 51 25 39 30 3 1358
1 0 70 35 68 38 1 1359
0 38 59 26 52 20 3 1360
0 24 41 32 45 27 5 1361
0 123 29 56 22 50 3 1362
1 121 69 38 68 42 1 1363
0 98 44 52 43 56 3 1364
1 8 55 32 46 24 1 1365
1 34 67 79 68 75 4 1366
0 58 55 80 52 81 3 1367
1 46 55 80 48 79 1 1368
1 102 71 74 65 74 1 1369
1 36 47 3 43 3 1 1370
1 17 52 61 58 55 1 1371
0 13 69 37 69 28 3 1372
0 103 58 27 65 8 3 1373
1 92 58 45 61 36 1 1374
1 14 63 33 57 39 2 1375
0 69 48 3 44 4 5 1376
0 38 49 31 57 29 3 1377
0 31 25 46 21 43 4 1378
1 16 36 13 44 11 1 1379
1 138 48 20 43 24 1 1380
1 98 59 38 69 16 2 1381
1 102 71 32 74 24 4 1382
1 24 45 31 38 32 1 1383
0 18 56 51 58 48 3 1384
0 55 64 43 68 38 3 1385
0 108 5 66 6 63 6 1386
1 65 56 30 60 30 1 1387
0 116 7 40 6 44 3 1388
1 14 88 94 81 92 1 1389
0 82 59 37 61 44 3 1390
0 6 55 32 57 36 3 1391
1 68 49 26 49 16 1 1392
0 106 57 39 61 38 3 1393
0 115 42 12 38 13 3 1394
0 41 49 50 50 46 3 1395
1 15 12 1 42 2 1 1396
1 57 51 46 43 59 1 1397
1 140 47 4 38 3 1 1398
1 30 46 50 39 47 2 1399
0 32 57 45 59 33 3 1400
0 24 37 51 32 56 3 1401
0 96 70 37 64 22 3 1402
0 143 46 4 44 2 3 1403
0 65 54 47 53 43 3 1404
0 54 6 66 5 70 3 1405
1 64 59 23 48 26 2 1406
0 50 50 28 54 26 3 1407
1 118 98 25 98 21 4 1408
1 30 65 28 63 34 1 1409
0 119 50 76 57 76 3 1410
0 28 54 76 60 69 6 1411
0 72 69 39 49 45 3 1412
0 96 39 13 28 12 3 1413
0 128 53 27 52 30 4 1414
0 143 67 93 64 93 3 1415
1 1 69 68 70 73 1 1416
1 46 6 27 6 32 2 1417
0 31 70 73 74 67 5 1418
1 68 53 34 34 32 1 1419
1 79 58 18 53 19 1 1420
1 31 64 36 58 38 4 1421
0 130 56 39 62 22 3 1422
1 74 51 2 47 2 5 1423
0 115 63 36 53 43 3 1424
1 78 66 41 66 38 1 1425
0 16 70 71 71 74 3 1426
0 28 52 44 54 46 3 1427
1 5 43 18 65 48 1 1428
1 98 55 38 43 43 1 1429
1 91 55 42 60 37 1 1430
1 23 57 76 59 58 1 1431
0 97 54 27 51 27 3 1432
1 88 69 41 51 34 1 1433
0 139 6 42 5 39 3 1434
0 71 31 47 31 39 3 1435
0 4 65 1 58 1 3 1436
0 96 42 45 40 47 3 1437
1 38 51 33 52 35 2 1438
1 26 69 43 69 40 2 1439
1 41 52 33 58 29 2 1440
0 77 47 27 59 31 3 1441
1 34 56 42 53 41 1 1442
1 84 69 33 65 26 5 1443
1 139 81 5 83 6 4 1444
0 135 39 40 40 38 3 1445
1 132 68 39 64 34 1 1446
1 129 56 54 56 49 1 1447
1 55 63 32 63 27 1 1448
1 27 62 17 55 20 3 1449
0 50 85 94 87 92 3 1450
0 96 63 54 64 51 3 1451
0 28 38 12 43 12 3 1452
1 42 66 41 55 45 2 1453
1 19 52 41 47 54 1 1454
1 62 63 2 60 1 2 1455
1 123 89 92 83 96 2 1456
0 44 69 33 69 26 3 1457
0 141 64 74 67 73 3 1458
1 1 54 40 59 41 1 1459
0 136 63 29 72 38 3 1460
1 136 44 45 37 43 4 1461
0 134 27 54 28 48 3 1462
1 69 56 44 54 40 2 1463
0 19 48 19 45 21 3 1464
0 87 50 48 55 39 3 1465
0 41 42 82 51 59 3 1466
0 68 62 33 48 33 4 1467
0 9 87 3 91 2 3 1468
1 66 57 44 50 39 1 1469
0 113 55 36 50 35 5 1470
1 132 17 15 54 49 1 1471
0 39 62 1 55 2 3 1472
1 141 52 41 46 42 2 1473
1 97 55 39 58 16 1 1474
1 23 42 4 35 4 1 1475
1 19 53 42 45 37 1 1476
1 96 58 41 54 40 1 1477
0 37 58 31 43 54 3 1478
0 28 67 92 65 93 3 1479
0 102 6 34 5 38 5 1480
0 94 34 44 29 55 3 1481
0 47 30 58 27 58 3 1482
1 60 56 64 52 60 1 1483
0 46 66 93 60 93 3 1484
1 13 54 43 59 42 2 1485
1 24 48 44 57 39 6 1486
1 13 69 40 70 38 1 1487
1 111 6 43 6 28 4 1488
0 112 29 47 27 49 4 1489
0 34 63 43 58 22 3 1490
1 88 46 20 49 21 1 1491
0 126 54 81 52 77 3 1492
0 11 61 33 59 35 3 1493
1 49 5 55 4 58 2 1494
1 107 40 39 45 35 4 1495
1 48 42 11 39 12 3 1496
0 73 45 47 47 26 3 1497
0 22 30 53 26 54 3 1498
0 33 91 38 92 19 3 1499
1 89 46 80 50 80 1 1500
0 108 30 46 30 53 3 1501
1 39 87 4 86 6 4 1502
0 28 47 4 50 3 3 1503
1 79 73 37 70 33 5 1504
0 115 51 54 48 51 3 1505
1 0 55 54 56 59 1 1506
1 5 59 59 55 54 1 1507
0 75 42 29 41 32 3 1508
0 142 6 43 6 35 3 1509
0 37 70 6 78 6 3 1510
0 113 55 30 49 44 3 1511
1 18 46 55 43 55 1 1512
0 60 49 16 50 18 3 1513
1 135 41 35 41 41 1 1514
0 139 59 1 62 1 3 1515
0 27 66 39 68 43 3 1516
1 75 59 38 31 15 2 1517
0 51 55 74 58 75 3 1518
0 80 42 11 40 12 3 1519
1 132 39 38 41 35 1 1520
1 64 63 20 57 36 1 1521
0 5 59 72 56 73 3 1522
1 9 55 40 56 42 1 1523
0 40 43 18 68 27 3 1524
0 130 59 40 57 43 3 1525
1 140 43 51 53 41 4 1526
1 24 51 48 18 43 1 1527
1 6 87 94 82 93 4 1528
0 40 61 32 62 30 3 1529
1 46 46 20 49 19 2 1530
1 40 44 21 40 23 3 1531
0 103 55 77 54 80 3 1532
1 29 57 38 64 29 1 1533
1 11 54 49 52 45 2 1534
1 73 44 44 45 50 2 1535
0 44 54 80 48 80 3 1536
1 72 60 36 61 20 2 1537
0 90 55 41 52 40 3 1538
0 32 54 46 52 52 3 1539
0 44 68 34 61 41 3 1540
0 56 55 40 52 47 3 1541
0 51 57 28 55 31 6 1542
0 138 60 41 54 50 3 1543
1 58 56 46 58 54 1 1544
0 57 51 49 51 46 3 1545
1 57 42 34 44 33 2 1546
0 95 30 14 59 35 3 1547
0 32 53 57 51 62 3 1548
0 111 62 1 54 2 3 1549
1 80 52 48 27 59 1 1550
0 43 60 41 57 47 3 1551
0 11 67 39 62 19 3 1552
1 35 63 34 55 30 1 1553
0 130 60 26 56 26 3 1554
1 93 57 41 28 65 1 1555
1 136 62 17 60 19 2 1556
1 94 47 4 29 5 1 1557
1 5 46 4 41 4 1 1558
0 89 61 51 54 67 3 1559
1 27 61 13 61 18 2 1560
0 60 39 18 20 18 3 1561
1 108 67 38 63 45 1 1562
0 137 42 3 49 2 3 1563
0 53 51 59 54 42 3 1564
1 135 67 41 65 46 4 1565
1 114 42 2 45 2 1 1566
0 29 56 42 58 39 3 1567
0 135 5 69 5 72 3 1568
1 22 36 29 33 37 1 1569
0 141 64 16 53 19 3 1570
0 53 61 25 60 31 3 1571
0 123 34 41 27 59 6 1572
0 5 53 80 56 80 3 1573
0 89 6 36 6 30 3 1574
1 93 45 27 44 29 1 1575
0 65 28 67 27 73 3 1576
1 92 70 44 69 38 3 1577
1 85 47 60 50 51 3 1578
0 12 54 34 57 29 3 1579
1 130 47 20 49 19 1 1580
1 136 7 53 6 49 2 1581
1 129 46 46 48 50 1 1582
1 50 62 35 56 42 6 1583
0 135 37 41 42 39 3 1584
1 103 52 60 45 52 2 1585
0 131 55 43 49 48 3 1586
1 18 32 45 28 65 1 1587
1 132 48 3 41 3 1 1588
0 47 5 38 6 34 3 1589
1 20 42 42 37 42 2 1590
0 104 81 5 79 6 3 1591
0 62 70 33 69 40 4 1592
1 50 49 33 48 29 1 1593
0 103 62 27 62 21 3 1594
0 83 6 36 5 43 5 1595
0 1 33 43 58 36 5 1596
0 27 90 37 91 18 3 1597
1 111 6 38 6 43 1 1598
0 139 65 1 59 1 3 1599
1 33 6 45 6 19 1 1600
0 124 66 47 67 45 3 1601
0 39 43 18 32 39 3 1602
0 63 55 41 59 34 3 1603
0 96 45 34 46 27 3 1604
0 132 53 75 54 77 3 1605
1 88 40 12 42 11 4 1606
0 43 47 15 51 14 3 1607
1 128 50 25 55 23 1 1608
0 121 70 71 70 66 3 1609
0 38 58 34 40 47 3 1610
0 82 43 51 41 53 3 1611
0 10 50 28 49 53 3 1612
0 56 48 21 49 18 3 1613
1 107 46 31 44 35 1 1614
0 62 45 53 23 19 3 1615
1 32 46 4 49 2 1 1616
0 67 50 37 46 49 3 1617
1 32 56 35 51 21 5 1618
0 72 52 49 64 36 3 1619
1 109 62 51 59 47 6 1620
1 92 52 20 59 17 5 1621
0 138 43 4 40 5 3 1622
1 45 49 49 55 42 1 1623
1 56 49 55 54 50 1 1624
1 50 53 29 51 24 1 1625
1 104 5 66 6 64 1 1626
1 64 55 40 57 41 1 1627
0 99 55 2 61 1 3 1628
1 32 34 44 30 46 1 1629
0 141 56 58 55 66 3 1630
0 126 60 38 57 37 5 1631
0 20 67 36 51 35 3 1632
0 130 52 59 56 59 3 1633
1 143 34 15 37 14 5 1634
0 44 98 22 98 10 3 1635
0 87 53 59 51 46 3 1636
0 141 47 2 51 2 3 1637
1 64 41 12 33 13 1 1638
0 33 45 18 51 20 3 1639
0 81 51 25 52 23 3 1640
1 121 38 39 39 37 1 1641
1 102 52 35 45 28 3 1642
1 128 44 12 40 13 6 1643
0 112 30 52 31 43 3 1644
0 80 31 45 17 67 4 1645
0 138 60 23 55 30 4 1646
0 13 55 80 58 80 5 1647
1 17 71 68 70 71 1 1648
1 139 52 45 54 43 2 1649
0 87 70 42 65 38 3 1650
1 43 98 16 98 21 1 1651
0 14 54 47 52 50 3 1652
1 62 47 21 45 18 1 1653
0 28 98 16 98 19 6 1654
1 14 55 40 42 38 5 1655
1 83 53 31 49 36 3 1656
0 133 57 80 54 80 6 1657
1 44 51 49 44 59 1 1658
1 25 53 49 52 52 1 1659
0 38 40 13 36 13 3 1660
0 65 59 44 54 45 3 1661
1 74 50 76 56 72 1 1662
1 50 66 94 67 92 2 1663
1 143 46 18 41 20 1 1664
0 109 48 54 54 51 3 1665
0 27 44 18 47 19 3 1666
1 78 50 16 46 18 1 1667
1 23 48 3 40 3 1 1668
0 74 48 19 45 21 3 1669
0 98 98 15 98 21 4 1670
0 4 32 51 31 48 3 1671
0 14 70 37 68 39 3 1672
0 118 51 37 49 57 3 1673
1 25 48 46 43 50 4 1674
1 102 58 46 52 54 2 1675
1 111 5 46 6 27 1 1676
0 121 67 40 64 30 3 1677
0 67 29 54 30 57 3 1678
0 0 64 46 67 41 3 1679
0 29 68 36 69 40 3 1680
1 1 42 3 51 2 2 1681
0 26 57 34 54 40 3 1682
0 38 41 2 49 2 3 1683
0 83 6 30 6 26 6 1684
0 19 54 39 51 56 3 1685
1 97 52 25 46 31 6 1686
1 124 60 41 62 38 2 1687
0 111 47 57 53 45 3 1688
0 27 56 49 48 56 3 1689
0 69 47 31 49 29 3 1690
1 51 59 74 56 77 1 1691
0 134 92 21 91 12 3 1692
0 37 6 63 1 28 3 1693
1 97 57 59 52 65 1 1694
1 66 59 18 33 22 5 1695
0 0 28 41 30 50 3 1696
1 81 49 33 44 33 4 1697
1 44 68 32 44 18 1 1698
0 143 51 61 55 52 3 1699
0 19 62 51 56 52 3 1700
0 139 6 33 6 37 3 1701
0 79 70 42 73 38 3 1702
1 48 91 30 92 24 1 1703
1 29 50 27 52 32 1 1704
0 115 31 48 32 52 3 1705
0 88 44 30 41 39 3 1706
0 87 51 49 50 52 3 1707
0 131 55 19 59 17 6 1708
0 142 52 40 57 39 3 1709
0 78 55 31 22 35 3 1710
0 138 78 7 82 5 3 1711
1 93 63 32 67 26 1 1712
1 23 54 38 57 14 2 1713
1 16 50 2 46 2 1 1714
0 49 36 15 63 15 3 1715
0 102 57 47 56 59 3 1716
1 84 36 13 40 12 1 1717
0 0 61 50 62 39 4 1718
0 126 57 38 58 36 3 1719
1 96 6 32 4 35 3 1720
1 10 60 45 55 53 1 1721
0 10 50 55 43 62 3 1722
1 100 61 42 64 37 3 1723
0 31 98 17 98 20 3 1724
0 26 67 40 58 38 3 1725
0 8 57 38 59 44 3 1726
1 132 72 41 70 39 1 1727
1 116 48 1 40 1 1 1728
1 136 82 6 76 3 2 1729
0 56 60 31 35 42 3 1730
0 42 30 45 32 43 3 1731
0 117 91 39 92 30 3 1732
0 97 49 28 46 31 5 1733
1 130 62 23 61 29 2 1734
0 112 47 30 49 34 3 1735
1 134 70 73 67 72 1 1736
0 5 51 63 27 74 3 1737
0 77 50 30 53 28 3 1738
1 34 63 44 65 40 2 1739
0 72 47 2 53 1 4 1740
1 26 69 34 72 40 1 1741
1 52 54 49 46 62 1 1742
0 104 44 61 49 56 4 1743
0 68 44 45 46 43 3 1744
1 32 82 4 78 6 1 1745
1 58 45 29 63 25 1 1746
0 23 52 33 57 31 3 1747
0 43 64 33 56 50 3 1748
0 79 69 44 71 33 3 1749
0 70 68 77 70 72 3 1750
0 77 55 2 62 1 3 1751
1 0 69 39 64 31 5 1752
0 1 50 42 55 38 3 1753
0 52 64 43 63 45 3 1754
0 125 51 49 51 46 3 1755
1 31 47 58 49 59 1 1756
1 92 47 39 49 38 2 1757
0 123 47 2 50 2 3 1758
1 119 59 43 70 42 2 1759
1 48 56 40 54 41 5 1760
1 2 62 44 63 47 1 1761
0 52 50 48 55 42 3 1762
0 56 47 52 46 59 3 1763
0 43 98 17 98 20 3 1764
1 24 52 37 32 14 3 1765
0 63 51 77 51 82 3 1766
0 66 57 20 56 18 3 1767
1 31 69 6 81 4 1 1768
0 16 29 55 25 54 3 1769
1 5 60 54 60 41 1 1770
0 32 64 43 42 43 5 1771
0 18 90 37 89 42 3 1772
0 61 55 44 53 46 3 1773
0 94 31 59 31 45 3 1774
1 53 57 20 35 18 1 1775
0 45 53 1 44 2 3 1776
1 28 76 7 78 6 1 1777
1 125 61 38 47 28 3 1778
0 121 67 74 70 72 3 1779
1 142 54 78 58 75 1 1780
1 101 71 36 69 43 1 1781
1 37 64 44 93 33 2 1782
1 113 87 4 81 2 5 1783
0 1 47 44 46 49 3 1784
0 123 29 60 29 65 3 1785
0 15 42 19 43 15 3 1786
1 79 30 53 32 52 1 1787
1 86 64 38 55 52 1 1788
0 36 49 49 47 71 3 1789
1 124 56 61 62 53 1 1790
1 143 68 35 64 31 1 1791
1 143 30 46 28 47 4 1792
0 135 11 15 12 19 3 1793
1 8 54 33 54 30 1 1794
1 143 49 44 54 39 1 1795
0 70 60 42 59 51 3 1796
0 57 57 39 53 45 3 1797
1 96 55 41 56 58 2 1798
0 37 70 6 81 5 3 1799
1 86 60 33 54 44 5 1800
0 46 59 36 43 35 5 1801
0 0 42 67 49 65 5 1802
0 48 30 46 34 39 3 1803
0 76 44 57 43 52 3 1804
0 132 58 72 55 75 3 1805
0 65 64 45 58 47 3 1806
1 109 53 45 50 53 2 1807
0 16 52 17 50 18 3 1808
1 71 30 50 15 44 2 1809
1 46 58 61 55 53 1 1810
0 67 47 4 49 3 3 1811
1 71 52 19 48 19 1 1812
0 83 53 39 45 14 3 1813
1 128 55 65 55 52 3 1814
1 4 58 48 52 48 1 1815
0 35 52 17 46 18 3 1816
1 97 48 54 46 61 1 1817
0 138 40 58 32 65 3 1818
1 39 71 39 68 38 5 1819
1 120 39 3 40 5 4 1820
0 80 32 45 33 47 3 1821
1 87 61 36 63 32 1 1822
1 61 54 80 50 81 1 1823
1 79 9 27 31 38 1 1824
1 50 82 93 78 92 1 1825
0 128 49 27 53 27 6 1826
0 126 55 72 61 70 3 1827
1 72 5 38 6 26 2 1828
0 50 42 4 35 4 3 1829
0 40 51 62 55 67 3 1830
1 131 48 49 52 52 1 1831
1 31 55 58 33 36 1 1832
1 132 32 57 47 52 1 1833
1 110 6 50 6 56 1 1834
0 62 60 24 60 28 3 1835
0 23 57 36 55 43 3 1836
0 5 47 4 43 4 5 1837
1 65 6 37 6 32 1 1838
0 83 53 45 49 32 3 1839
0 107 40 22 34 22 3 1840
0 86 98 15 98 6 3 1841
1 50 56 54 61 42 1 1842
0 40 5 67 1 66 3 1843
1 126 56 76 51 79 5 1844
0 0 53 47 48 53 3 1845
0 16 91 37 92 28 3 1846
0 116 58 29 60 28 3 1847
1 96 67 92 64 93 2 1848
1 33 47 20 53 17 1 1849
0 130 54 44 60 40 3 1850
1 35 51 80 45 80 1 1851
1 46 6 42 6 37 5 1852
1 97 52 55 51 46 2 1853
1 28 46 3 44 4 2 1854
1 96 6 53 5 51 5 1855
0 116 57 52 54 56 3 1856
1 83 49 33 42 42 1 1857
1 37 91 36 92 24 3 1858
0 47 58 17 53 16 3 1859
1 136 91 33 90 35 2 1860
0 82 56 54 54 57 3 1861
1 17 54 73 11 61 1 1862
0 56 38 39 53 45 3 1863
1 5 43 78 54 76 1 1864
0 46 6 28 6 32 3 1865
1 126 47 3 43 4 1 1866
0 123 31 50 29 58 3 1867
1 40 48 56 52 54 1 1868
1 38 52 45 54 47 1 1869
0 126 7 45 6 22 3 1870
0 104 47 34 40 47 3 1871
0 99 6 30 6 13 3 1872
1 43 62 30 56 16 2 1873
1 26 29 65 29 62 1 1874
1 9 51 56 54 48 1 1875
0 143 49 30 36 29 3 1876
0 90 59 39 57 41 3 1877
1 0 62 39 56 49 5 1878
0 103 57 29 58 27 3 1879
0 9 80 4 75 6 3 1880
0 79 39 46 31 38 3 1881
0 92 50 74 53 68 3 1882
1 90 63 20 59 22 1 1883
1 131 54 18 59 18 1 1884
1 36 64 32 66 34 1 1885
1 53 50 37 48 54 2 1886
0 142 67 43 62 57 3 1887
1 141 53 46 50 50 1 1888
0 111 29 55 30 50 3 1889
1 36 58 41 55 45 1 1890
1 47 6 66 5 62 3 1891
1 41 80 6 62 2 1 1892
1 40 47 53 41 65 2 1893
0 4 38 43 38 37 5 1894
0 127 70 69 68 73 3 1895
1 51 53 81 56 78 3 1896
0 57 39 14 42 13 3 1897
1 102 6 37 6 34 1 1898
0 27 53 27 49 54 3 1899
1 135 43 54 47 50 6 1900
0 131 59 16 54 13 3 1901
0 19 55 19 37 18 3 1902
0 74 45 21 48 18 3 1903
0 66 59 37 60 35 3 1904
0 97 55 26 52 24 3 1905
0 113 33 36 50 43 5 1906
0 132 61 36 57 40 3 1907
1 120 53 30 47 53 4 1908
1 54 80 5 82 4 1 1909
0 99 60 27 31 29 3 1910
1 87 56 51 56 58 1 1911
1 67 6 39 6 53 1 1912
1 74 52 45 54 64 3 1913
0 45 31 58 24 81 3 1914
0 32 27 16 39 12 5 1915
0 78 55 80 48 80 3 1916
1 25 60 24 55 31 1 1917
1 117 30 57 39 59 3 1918
1 81 44 52 42 55 1 1919
0 112 29 48 23 63 5 1920
1 40 68 35 54 44 1 1921
1 91 56 39 49 48 5 1922
0 0 55 53 60 40 3 1923
0 114 69 44 68 40 5 1924
0 6 7 39 6 49 3 1925
0 43 98 21 98 17 3 1926
1 94 55 52 55 41 1 1927
0 107 45 34 37 40 3 1928
0 19 66 93 65 96 3 1929
0 29 52 44 59 44 3 1930
1 34 45 4 40 5 1 1931
0 115 51 79 54 75 3 1932
1 54 98 23 98 19 1 1933
1 88 46 3 51 2 1 1934
1 73 38 40 39 36 1 1935
1 97 54 51 53 45 2 1936
0 83 48 36 54 37 6 1937
0 133 57 80 62 80 3 1938
0 32 61 41 62 38 3 1939
1 74 50 19 49 21 5 1940
1 102 77 6 74 6 5 1941
1 37 7 50 6 53 1 1942
0 123 47 3 49 2 3 1943
0 132 40 12 39 14 3 1944
1 24 53 46 51 40 1 1945
0 13 60 38 60 42 3 1946
1 81 56 36 57 32 1 1947
0 143 92 32 91 30 3 1948
0 8 45 35 48 37 3 1949
1 101 51 80 54 81 1 1950
1 112 55 41 16 20 1 1951
1 85 56 63 58 55 2 1952
0 39 57 38 49 53 3 1953
0 35 56 38 60 37 3 1954
0 18 6 34 5 49 3 1955
0 73 56 39 47 36 3 1956
0 25 59 28 53 43 5 1957
1 14 98 20 98 25 1 1958
0 10 57 80 49 80 3 1959
1 88 61 34 59 41 2 1960
0 97 56 62 56 56 3 1961
1 110 51 59 50 48 2 1962
0 132 69 40 39 17 3 1963
0 50 54 26 52 27 3 1964
0 107 84 94 88 93 3 1965
1 116 67 41 53 68 1 1966
1 74 6 30 5 38 1 1967
0 81 56 73 59 69 3 1968
0 123 31 50 30 52 3 1969
1 73 61 21 60 32 1 1970
1 17 67 40 42 59 1 1971
1 56 48 54 42 78 2 1972
1 102 55 41 59 32 1 1973
0 64 73 35 70 35 3 1974
1 40 43 54 37 55 1 1975
0 23 48 53 49 57 3 1976
0 100 56 80 53 81 3 1977
0 59 63 31 72 30 3 1978
1 53 51 55 47 56 1 1979
0 65 59 47 60 45 3 1980
1 93 52 40 53 38 2 1981
0 96 31 47 33 42 3 1982
1 22 46 54 41 74 1 1983
1 52 52 43 51 56 1 1984
0 21 89 92 87 94 3 1985
1 101 48 53 52 46 2 1986
0 33 52 19 48 20 3 1987
0 123 27 60 33 50 3 1988
0 12 67 38 53 43 4 1989
1 28 56 37 47 64 2 1990
1 100 36 80 30 80 1 1991
1 29 60 34 61 37 1 1992
1 127 67 34 67 27 1 1993
0 76 7 48 3 60 5 1994
0 105 59 46 61 51 3 1995
1 27 6 36 5 38 1 1996
0 19 54 44 52 40 3 1997
1 89 30 78 50 78 2 1998
0 23 61 23 60 29 3 1999
