0 18 79 5 62 2 3 0
0 16 43 12 41 13 3 1
1 96 53 57 58 54 1 2
1 134 30 50 25 53 1 3
1 36 51 37 55 42 1 4
1 61 47 34 44 39 2 5
1 143 55 77 60 74 1 6
0 78 49 35 56 27 3 7
1 86 98 19 98 25 1 8
1 68 60 28 61 25 5 9
0 9 29 48 33 43 3 10
0 141 49 3 43 3 3 11
1 113 55 80 45 80 1 12
1 140 41 26 47 39 2 13
1 31 67 36 68 39 1 14
0 131 66 43 63 53 3 15
1 117 61 19 54 42 1 16
0 124 67 38 70 36 3 17
1 46 55 2 61 2 3 18
0 57 6 48 4 52 3 19
1 29 60 34 57 39 1 20
1 110 53 38 37 35 1 21
0 51 44 4 48 4 3 22
0 65 6 30 6 34 3 23
0 104 54 44 49 43 5 24
0 81 63 22 56 22 3 25
1 47 7 52 6 50 1 26
0 97 53 45 52 56 3 27
0 62 50 65 52 57 4 28
0 116 57 45 56 62 3 29
1 55 52 76 61 74 1 30
0 62 6 60 6 43 3 31
0 65 28 57 30 51 5 32
0 121 62 17 58 18 3 33
0 29 55 40 58 40 3 34
1 70 60 32 55 52 1 35
0 5 55 64 59 54 3 36
0 51 49 55 47 54 3 37
0 120 61 46 60 52 5 38
1 99 51 64 55 55 3 39
1 15 56 38 48 54 1 40
0 133 6 44 7 38 3 41
0 102 48 59 49 66 6 42
0 143 41 9 35 13 3 43
1 132 64 43 62 45 1 44
0 43 87 3 85 4 3 45
0 39 56 46 53 42 5 46
0 81 50 29 48 28 4 47
0 89 55 40 52 41 3 48
0 26 65 29 60 28 3 49
1 19 53 27 55 26 1 50
0 63 53 47 47 46 3 51
1 122 55 23 51 28 2 52
1 21 49 34 55 23 3 53
0 140 63 32 66 34 3 54
0 37 6 45 6 50 3 55
0 124 55 53 60 45 3 56
0 112 51 27 48 29 3 57
1 108 66 44 55 38 2 58
1 130 70 68 71 70 1 59
0 43 60 49 62 48 3 60
0 18 89 34 90 29 6 61
0 118 44 53 47 49 3 62
1 81 54 16 62 17 1 63
1 118 61 42 43 44 1 64
0 107 47 3 44 4 3 65
1 27 6 41 6 52 1 66
0 135 38 29 43 30 6 67
0 89 55 80 49 80 3 68
0 58 50 26 44 29 3 69
1 21 47 34 49 35 2 70
1 31 31 58 30 61 2 71
0 52 72 34 70 36 5 72
0 92 66 41 63 43 3 73
1 11 49 55 49 59 4 74
1 111 51 33 47 62 1 75
1 44 63 33 54 29 1 76
0 88 6 42 5 55 3 77
1 112 28 47 26 49 5 78
0 136 71 38 64 32 3 79
1 111 53 43 51 48 2 80
0 33 64 28 60 27 3 81
1 120 53 41 48 30 3 82
0 63 91 26 91 31 3 83
0 16 34 41 34 44 3 84
0 6 54 45 49 30 3 85
0 79 47 30 50 25 3 86
0 141 44 45 52 46 6 87
1 114 6 28 6 32 1 88
1 76 7 41 6 51 2 89
1 18 60 16 49 23 1 90
1 52 5 69 5 72 2 91
1 36 46 4 41 4 1 92
0 88 66 40 53 42 3 93
0 108 42 63 41 66 3 94
1 66 7 45 7 38 1 95
1 2 47 42 50 37 1 96
0 98 57 18 53 19 3 97
1 142 56 43 55 48 1 98
1 48 52 48 53 39 1 99
0 50 54 23 49 28 3 100
1 131 59 43 58 47 2 101
1 41 56 42 51 57 1 102
1 106 62 49 67 40 1 103
0 50 48 30 39 28 3 104
0 17 52 2 48 2 3 105
1 25 63 70 57 75 1 106
0 51 61 39 59 38 3 107
1 75 72 66 68 72 1 108
0 44 26 61 32 52 4 109
1 12 58 29 60 28 1 110
0 123 56 54 52 60 3 111
1 123 32 56 33 46 1 112
0 77 50 38 45 37 3 113
0 65 70 43 54 39 3 114
1 51 56 80 53 80 1 115
0 38 55 39 53 38 3 116
1 78 52 80 55 80 1 117
1 20 66 51 61 61 1 118
0 65 57 43 52 45 3 119
1 143 49 48 52 47 1 120
1 95 53 73 52 75 1 121
0 90 62 27 57 35 3 122
0 70 63 48 62 46 3 123
0 88 83 4 81 5 3 124
0 41 70 33 73 35 3 125
1 11 50 80 55 75 1 126
1 96 65 40 68 27 1 127
0 97 61 25 60 23 3 128
0 137 66 38 66 41 3 129
0 141 73 33 71 38 3 130
0 111 6 35 6 26 3 131
0 113 14 10 59 28 3 132
1 24 49 54 46 61 1 133
0 83 56 42 50 46 3 134
0 128 58 33 55 31 3 135
1 103 56 21 51 20 1 136
1 33 46 30 30 25 2 137
0 110 50 54 45 59 3 138
1 74 57 29 60 25 2 139
1 56 43 76 43 68 2 140
1 2 27 50 30 36 2 141
1 69 39 28 37 24 3 142
0 111 52 44 43 51 3 143
1 72 51 52 55 53 5 144
0 29 62 45 67 41 3 145
0 68 58 36 52 50 5 146
1 139 4 39 4 34 2 147
0 93 45 21 48 21 3 148
1 128 87 3 85 4 1 149
1 134 68 39 36 16 1 150
0 41 53 46 50 53 3 151
0 32 58 29 54 27 3 152
0 87 46 19 37 18 3 153
1 77 55 31 61 28 1 154
1 65 5 46 6 29 2 155
1 115 59 31 49 30 1 156
0 118 91 39 92 22 3 157
1 32 31 45 31 42 1 158
1 118 60 44 57 48 1 159
1 130 61 50 50 50 1 160
1 10 51 2 48 2 1 161
0 35 89 92 86 92 3 162
0 47 61 35 60 37 3 163
0 66 52 21 57 20 3 164
0 88 58 43 53 45 3 165
0 28 49 78 52 76 3 166
1 97 73 37 69 39 1 167
1 48 64 32 62 34 1 168
1 132 98 19 98 15 1 169
1 96 63 49 65 47 2 170
0 56 44 64 51 60 5 171
1 130 43 2 46 3 1 172
1 106 53 48 27 31 1 173
1 5 42 3 46 3 2 174
1 38 50 24 39 24 2 175
0 56 91 36 91 42 3 176
1 2 71 38 69 37 1 177
0 138 53 51 55 50 3 178
0 69 67 42 52 42 3 179
0 14 56 39 57 37 3 180
1 30 48 47 47 50 1 181
1 52 42 1 41 3 1 182
0 24 48 2 43 3 3 183
1 121 6 36 5 58 1 184
1 48 61 1 58 2 2 185
0 31 52 39 51 36 3 186
1 2 51 27 46 30 1 187
0 52 59 40 58 25 3 188
0 54 62 32 56 17 3 189
1 139 64 1 49 1 2 190
1 18 66 93 64 94 1 191
0 111 53 43 34 51 3 192
0 46 60 44 56 55 6 193
1 138 30 78 55 76 1 194
0 33 91 35 92 28 3 195
0 33 29 63 27 60 3 196
0 81 51 32 50 27 6 197
1 57 6 28 6 31 2 198
1 117 49 49 53 57 1 199
0 64 47 44 47 51 3 200
1 75 56 26 49 34 2 201
1 69 52 18 51 20 2 202
1 53 67 72 68 70 1 203
0 122 38 80 44 80 3 204
0 22 33 43 31 48 3 205
0 117 54 50 52 45 3 206
0 41 7 48 6 46 3 207
1 140 50 47 51 32 2 208
1 123 85 4 83 5 1 209
0 55 61 22 55 33 3 210
0 102 51 54 53 58 3 211
0 5 56 51 57 60 5 212
0 5 52 19 46 13 5 213
0 111 6 37 6 32 3 214
1 63 60 28 49 30 1 215
1 60 44 33 39 41 1 216
0 128 41 12 36 13 3 217
1 2 69 73 74 66 1 218
1 64 55 39 58 41 3 219
1 40 5 71 6 66 5 220
1 61 61 24 54 34 1 221
0 95 50 35 48 43 3 222
0 19 54 37 50 51 3 223
0 78 36 15 62 30 3 224
1 38 46 30 39 40 2 225
1 35 44 25 42 26 3 226
0 100 60 39 58 47 3 227
0 25 37 16 50 46 3 228
1 14 60 49 56 53 3 229
1 56 67 93 65 94 3 230
1 25 43 58 45 60 1 231
0 78 52 1 46 2 3 232
0 108 30 48 27 59 3 233
1 90 56 28 60 29 3 234
0 65 46 54 40 40 3 235
1 5 61 47 60 43 2 236
0 19 66 74 70 69 3 237
1 115 55 43 58 44 1 238
1 18 91 34 90 37 5 239
1 52 44 2 49 2 1 240
1 123 52 2 48 2 1 241
1 124 92 24 91 31 2 242
0 4 67 39 66 48 3 243
0 139 91 39 92 35 3 244
1 39 49 40 57 37 2 245
1 125 29 48 12 44 2 246
1 45 58 52 56 55 2 247
0 62 57 1 60 1 3 248
1 96 43 12 41 11 2 249
1 117 61 40 42 37 3 250
1 24 38 28 43 29 1 251
0 16 33 45 28 49 3 252
0 99 51 47 53 43 3 253
0 2 52 19 63 17 3 254
1 122 5 69 6 64 2 255
1 18 61 49 56 48 5 256
1 110 27 49 29 46 3 257
0 130 45 42 55 40 3 258
0 1 67 93 65 91 3 259
1 116 51 31 49 33 1 260
0 16 52 43 62 31 3 261
1 42 57 43 52 40 1 262
1 138 57 37 60 48 1 263
0 90 46 47 44 54 3 264
1 32 58 46 53 56 1 265
0 82 42 29 45 27 3 266
0 31 60 1 65 1 3 267
1 48 56 2 60 1 1 268
1 38 50 80 52 77 1 269
1 5 61 18 65 16 1 270
0 89 66 41 70 35 3 271
1 93 64 2 57 2 6 272
1 6 55 80 52 81 3 273
1 29 64 24 46 33 2 274
0 73 52 14 47 16 3 275
1 79 48 42 43 57 1 276
0 42 55 55 56 52 3 277
0 12 92 29 91 31 4 278
1 72 98 21 98 26 3 279
0 60 57 61 59 58 3 280
0 40 6 68 5 66 3 281
0 0 69 38 66 41 3 282
0 8 51 34 56 28 3 283
1 65 31 47 24 82 1 284
1 88 64 31 58 37 1 285
1 119 62 35 57 13 1 286
1 50 53 77 58 75 1 287
0 118 50 20 52 21 3 288
0 43 61 50 53 65 3 289
0 130 51 26 60 38 3 290
1 33 92 28 92 24 2 291
0 102 55 53 53 55 5 292
0 143 37 9 40 9 4 293
1 131 84 4 87 3 1 294
0 128 29 53 26 51 5 295
1 13 58 37 56 32 1 296
1 60 62 35 56 45 1 297
1 61 62 33 61 5 5 298
0 60 45 18 52 19 3 299
0 34 44 4 36 3 3 300
1 138 58 48 60 45 3 301
0 40 58 20 61 18 3 302
1 30 60 1 70 0 1 303
1 78 22 19 44 66 1 304
1 13 66 42 63 52 1 305
0 10 50 53 52 55 3 306
0 98 87 4 81 2 5 307
1 89 58 38 51 47 2 308
1 32 41 13 36 14 4 309
1 137 40 2 49 2 5 310
1 31 38 39 44 34 4 311
0 112 55 21 62 35 3 312
1 7 40 12 37 12 2 313
1 45 46 4 39 3 2 314
1 34 59 23 57 28 1 315
1 134 66 92 65 95 4 316
0 101 33 44 30 55 3 317
0 132 59 32 61 38 3 318
1 112 57 39 59 40 5 319
1 117 51 51 50 61 1 320
0 78 53 73 54 69 3 321
1 8 53 41 56 38 1 322
0 143 56 34 50 42 3 323
1 123 67 44 68 36 1 324
0 89 69 74 51 75 3 325
1 3 91 30 91 16 1 326
0 122 27 37 24 38 3 327
1 77 55 75 54 79 3 328
1 7 63 35 57 46 1 329
0 128 19 48 15 47 3 330
1 85 5 67 3 80 1 331
1 0 29 46 27 49 6 332
0 55 69 6 76 6 3 333
1 11 47 45 47 48 1 334
1 93 59 36 65 28 1 335
1 55 62 46 66 25 1 336
0 39 55 50 58 46 5 337
0 57 67 41 68 39 4 338
0 72 37 11 43 12 3 339
1 82 63 34 59 35 4 340
0 47 6 41 6 32 5 341
0 18 74 33 64 43 3 342
1 2 47 42 41 69 2 343
0 15 60 2 55 2 3 344
1 1 63 17 53 19 1 345
1 131 60 17 56 15 1 346
1 12 52 40 54 43 1 347
1 83 58 44 57 30 2 348
1 1 49 21 55 20 5 349
0 16 46 56 45 52 5 350
1 112 48 29 31 27 1 351
1 80 34 45 30 45 1 352
1 66 50 27 44 21 4 353
0 108 68 74 70 72 3 354
1 25 70 69 71 71 1 355
1 103 69 74 70 72 2 356
1 126 87 4 83 4 2 357
1 130 6 32 5 39 2 358
0 94 6 66 5 69 3 359
1 112 98 21 98 17 1 360
0 111 69 73 72 74 3 361
1 57 88 93 84 93 1 362
1 130 34 25 38 24 1 363
0 57 98 24 98 16 3 364
0 77 6 23 6 26 3 365
0 77 60 27 63 22 3 366
0 1 59 18 53 19 4 367
0 134 64 76 69 73 3 368
1 119 64 45 62 50 1 369
1 37 6 43 6 33 1 370
1 133 44 66 48 56 1 371
1 128 59 27 66 29 1 372
0 94 54 46 52 42 3 373
0 3 61 46 58 33 3 374
1 3 52 19 50 20 2 375
1 10 49 2 28 2 2 376
0 47 6 58 6 39 3 377
1 104 65 49 67 41 5 378
1 110 65 44 64 46 1 379
0 1 44 38 52 40 3 380
1 28 56 34 30 15 1 381
0 24 51 43 53 40 5 382
1 96 29 47 30 45 2 383
1 108 63 33 56 27 1 384
1 90 43 24 46 33 1 385
1 70 57 29 60 23 1 386
0 78 52 80 55 80 3 387
1 136 31 45 30 43 3 388
1 107 44 21 49 20 4 389
0 82 58 42 57 38 3 390
0 40 67 38 67 33 3 391
0 67 4 48 5 54 3 392
0 26 73 36 69 37 3 393
1 24 52 45 27 25 1 394
1 26 53 42 55 43 2 395
0 81 58 44 56 43 3 396
0 65 30 59 28 58 3 397
0 26 56 42 55 44 3 398
0 93 56 2 60 1 3 399
1 48 46 41 45 48 3 400
1 27 63 18 43 18 4 401
1 113 32 34 35 45 1 402
1 1 60 27 54 32 2 403
0 83 57 28 58 26 3 404
1 120 62 49 56 53 5 405
1 128 55 38 54 40 1 406
0 79 86 91 89 89 3 407
0 55 53 49 48 53 3 408
1 43 58 48 60 49 6 409
0 68 44 66 37 93 3 410
0 77 59 1 62 1 3 411
1 16 44 12 36 13 1 412
1 89 58 80 51 80 1 413
0 34 70 36 64 43 3 414
1 106 58 19 48 23 1 415
1 50 30 47 30 51 3 416
0 44 37 45 36 43 3 417
0 80 51 81 51 84 3 418
0 40 57 40 47 50 5 419
1 0 55 40 48 30 1 420
1 68 52 46 49 52 1 421
0 104 67 37 67 41 3 422
1 113 51 43 42 55 1 423
0 130 55 65 54 68 6 424
1 22 31 45 28 56 2 425
1 100 41 37 38 41 1 426
1 126 46 31 45 33 1 427
1 20 55 52 52 57 1 428
0 50 45 62 46 60 3 429
1 2 55 2 60 2 1 430
0 116 57 28 57 32 3 431
0 93 92 26 91 41 3 432
0 132 32 13 29 12 3 433
0 130 79 7 82 6 5 434
1 57 47 2 51 2 3 435
1 24 62 38 63 34 1 436
0 41 75 6 80 6 3 437
0 126 6 41 6 55 5 438
0 105 60 38 65 15 3 439
0 62 60 17 58 18 3 440
1 56 54 45 46 19 1 441
1 41 50 52 51 50 1 442
1 138 53 61 56 58 1 443
1 109 5 64 5 68 2 444
1 15 6 33 5 39 1 445
1 123 39 2 50 2 4 446
1 79 6 41 6 33 1 447
1 98 42 3 82 1 1 448
0 32 43 11 34 12 3 449
0 126 51 27 56 25 3 450
0 112 32 47 29 47 3 451
1 113 55 32 67 25 1 452
1 93 91 30 90 41 2 453
0 38 74 67 69 74 3 454
0 136 58 37 58 42 3 455
0 73 67 47 63 49 3 456
1 127 69 70 68 72 1 457
0 23 58 31 59 25 3 458
0 118 90 28 90 25 3 459
0 76 55 42 65 19 3 460
1 139 6 29 5 36 1 461
0 32 44 11 31 10 4 462
1 76 48 2 45 2 1 463
0 26 98 20 98 27 3 464
0 124 66 1 53 2 3 465
0 0 44 4 41 4 3 466
0 130 58 48 61 48 3 467
0 101 61 30 66 36 3 468
0 118 60 16 50 16 3 469
0 76 48 45 46 49 3 470
1 21 60 42 31 15 1 471
0 1 52 19 58 18 3 472
1 16 26 50 26 41 6 473
1 130 58 43 57 60 1 474
1 136 63 34 51 34 1 475
0 142 6 51 6 48 3 476
1 122 55 35 57 38 2 477
0 102 48 20 42 20 3 478
1 31 56 37 54 38 1 479
1 48 44 33 43 37 1 480
1 143 55 56 56 44 5 481
1 98 50 56 40 29 1 482
1 124 57 2 61 2 5 483
0 72 54 55 50 56 5 484
1 78 49 51 47 56 1 485
0 125 54 44 51 30 3 486
0 120 67 37 65 42 3 487
1 111 56 47 57 49 1 488
0 116 68 33 63 31 3 489
1 37 67 72 71 67 1 490
0 55 46 52 31 55 3 491
0 140 54 50 49 56 4 492
0 130 70 31 67 27 3 493
0 130 6 37 6 24 5 494
1 120 64 30 60 41 2 495
0 135 53 39 54 41 3 496
1 20 58 75 54 73 1 497
0 8 88 93 86 95 3 498
1 39 53 37 56 50 1 499
0 90 53 46 54 37 3 500
0 97 44 48 38 46 3 501
1 134 86 4 83 4 1 502
1 117 56 39 54 41 5 503
0 133 56 42 52 55 5 504
0 72 52 58 52 45 3 505
0 64 27 51 28 53 3 506
0 119 69 34 60 62 3 507
0 79 50 20 57 20 3 508
0 105 52 19 60 19 3 509
0 63 67 93 65 95 5 510
1 53 52 50 53 47 1 511
0 121 5 39 5 36 3 512
1 103 59 27 55 32 1 513
1 12 70 72 71 68 1 514
0 116 55 36 54 30 3 515
1 32 60 31 66 36 6 516
1 111 50 50 57 42 3 517
0 23 57 27 55 13 3 518
0 56 45 61 56 45 6 519
1 100 32 55 29 65 2 520
0 64 55 32 60 27 5 521
1 65 58 27 49 39 1 522
1 31 61 1 65 1 1 523
0 39 67 34 62 31 5 524
0 85 50 24 53 19 3 525
1 27 83 4 98 3 5 526
0 32 57 38 33 43 3 527
0 143 28 53 26 50 3 528
0 32 55 23 54 27 3 529
1 67 52 54 52 49 4 530
1 79 32 49 31 44 1 531
1 50 46 32 36 43 1 532
0 36 57 38 56 43 3 533
1 27 67 32 64 37 1 534
1 5 52 69 49 67 1 535
1 39 46 34 54 29 1 536
1 76 50 22 61 17 2 537
0 3 90 40 90 37 3 538
0 102 5 27 5 24 3 539
0 76 56 39 62 43 3 540
0 31 60 1 55 2 5 541
0 63 61 37 42 39 3 542
1 85 88 4 81 2 1 543
0 40 59 43 62 52 3 544
0 82 33 50 31 47 3 545
0 30 91 32 90 35 4 546
1 29 55 80 51 80 1 547
1 105 69 35 68 39 1 548
0 48 64 42 52 38 3 549
1 128 28 48 30 41 6 550
0 4 69 73 67 76 4 551
1 78 78 6 81 5 1 552
0 96 51 57 51 54 3 553
0 121 53 54 55 42 3 554
1 66 47 50 49 52 2 555
1 37 55 31 60 27 2 556
0 46 55 38 53 35 3 557
0 41 55 45 49 66 3 558
1 130 60 40 50 36 5 559
1 27 55 37 49 51 3 560
0 52 55 42 61 34 3 561
0 135 40 43 34 55 3 562
0 53 6 27 6 33 3 563
0 130 33 46 36 49 3 564
0 60 69 6 82 3 3 565
0 39 28 49 29 44 3 566
0 28 88 94 82 94 3 567
0 89 72 37 69 38 3 568
0 57 98 20 98 16 3 569
1 83 87 94 85 96 1 570
1 86 63 34 62 37 1 571
0 103 58 19 60 18 3 572
1 11 46 57 35 86 1 573
1 28 53 40 52 44 1 574
1 42 57 28 49 35 2 575
0 90 58 27 56 31 5 576
1 5 54 76 58 75 1 577
1 80 59 36 62 35 1 578
0 10 47 4 44 4 3 579
1 86 6 32 5 43 1 580
1 64 59 71 62 70 3 581
0 17 37 37 33 38 5 582
0 32 39 10 37 11 3 583
0 21 47 37 44 34 3 584
1 126 6 47 6 29 6 585
1 80 41 11 44 10 1 586
1 29 50 32 49 34 4 587
1 3 57 25 50 37 1 588
0 134 66 92 67 89 3 589
0 100 58 37 53 43 3 590
1 7 31 50 29 54 1 591
0 92 71 37 73 30 5 592
1 56 87 4 84 4 1 593
0 131 51 45 50 56 3 594
1 127 55 77 50 77 1 595
0 30 92 29 92 32 3 596
1 38 80 5 83 4 4 597
1 53 55 49 53 57 4 598
0 29 51 47 49 48 3 599
1 26 50 52 47 57 1 600
0 90 46 58 45 62 3 601
0 13 72 39 66 43 3 602
0 128 42 18 55 22 3 603
0 32 68 34 61 34 3 604
0 127 31 43 30 49 3 605
1 128 57 28 55 33 1 606
0 130 51 34 53 40 3 607
1 52 42 31 41 34 1 608
0 101 5 68 5 63 3 609
1 116 50 28 47 31 1 610
0 50 69 40 71 38 3 611
1 19 51 47 37 50 1 612
1 28 98 22 98 17 1 613
1 83 60 29 58 30 1 614
1 13 54 38 49 42 2 615
0 56 56 80 50 80 3 616
1 135 61 69 58 66 1 617
0 130 6 30 6 43 3 618
0 143 41 77 39 58 3 619
1 46 55 52 55 49 1 620
1 25 56 31 60 25 1 621
1 5 55 78 57 75 1 622
0 87 48 59 40 39 3 623
1 55 6 32 6 39 1 624
1 36 46 45 45 49 1 625
1 48 59 49 55 54 2 626
0 68 62 38 45 36 3 627
1 90 53 81 50 80 2 628
1 53 56 34 60 30 5 629
1 121 5 37 6 33 1 630
0 76 6 53 6 24 3 631
0 84 48 52 47 50 3 632
1 92 43 11 36 14 1 633
0 35 57 44 38 42 4 634
1 7 27 58 31 59 5 635
0 20 78 6 83 4 3 636
0 25 47 57 52 55 4 637
0 81 46 31 52 29 3 638
0 64 51 19 48 17 3 639
0 86 56 28 60 14 3 640
1 102 79 5 77 6 2 641
0 84 5 72 5 61 3 642
1 64 57 39 54 40 1 643
1 20 63 2 60 1 1 644
0 28 16 2 45 4 3 645
1 95 36 13 40 13 1 646
0 88 54 46 50 43 3 647
0 73 6 27 5 39 3 648
1 56 49 54 48 56 1 649
0 123 92 31 90 49 4 650
1 66 46 30 42 31 1 651
0 27 6 64 5 58 3 652
0 72 29 53 25 56 3 653
0 100 46 18 50 17 3 654
1 81 51 45 54 55 1 655
0 27 6 44 5 36 6 656
1 117 4 66 6 67 1 657
1 133 45 44 51 48 1 658
0 10 62 51 53 35 3 659
1 130 58 38 51 28 3 660
1 46 56 63 53 62 1 661
1 130 60 45 55 52 1 662
0 102 52 60 57 50 3 663
1 103 6 64 5 71 1 664
1 92 68 39 65 44 2 665
1 68 56 32 52 40 1 666
1 74 48 3 44 4 1 667
0 101 37 13 41 13 3 668
1 25 52 45 58 42 1 669
1 139 6 45 6 42 1 670
1 67 55 49 54 42 1 671
1 70 51 75 67 78 5 672
1 40 51 78 57 75 1 673
0 28 36 13 42 12 3 674
1 24 45 3 40 3 6 675
1 31 6 67 6 64 1 676
1 131 59 26 58 34 1 677
1 62 43 26 45 31 2 678
1 45 58 30 58 36 2 679
0 15 87 4 83 4 3 680
0 13 70 42 67 41 3 681
1 19 49 20 45 21 1 682
0 97 29 57 31 48 3 683
1 10 33 19 35 23 1 684
0 1 57 34 55 33 3 685
0 54 64 41 64 38 3 686
0 117 58 43 61 38 3 687
1 134 98 11 98 20 1 688
1 15 49 54 43 63 1 689
1 12 59 32 58 34 1 690
1 5 5 67 6 65 1 691
1 62 73 30 65 54 2 692
1 116 49 2 45 2 1 693
1 71 34 44 32 46 1 694
1 21 54 41 47 35 1 695
1 40 68 41 62 59 1 696
1 98 61 43 62 40 6 697
0 128 37 13 43 11 3 698
1 46 55 50 42 40 1 699
0 19 51 32 53 35 3 700
0 10 69 39 67 44 3 701
0 16 53 46 43 49 3 702
1 28 78 6 80 5 1 703
0 57 52 42 52 36 3 704
0 112 33 45 29 56 3 705
1 6 67 78 69 76 2 706
1 141 50 58 45 63 2 707
1 109 65 42 62 46 1 708
0 66 53 26 51 29 3 709
1 8 88 93 86 91 1 710
0 116 50 2 27 2 3 711
1 126 36 42 37 47 1 712
0 12 70 75 73 67 3 713
0 62 59 25 62 27 3 714
1 41 49 50 44 62 1 715
0 74 98 19 98 16 4 716
1 46 55 57 52 63 1 717
1 112 35 13 37 14 1 718
1 102 54 32 56 26 4 719
1 60 61 39 63 42 2 720
1 40 70 44 62 60 4 721
1 122 65 45 72 33 1 722
1 43 43 39 41 42 2 723
1 39 54 46 59 39 2 724
1 116 5 54 2 37 1 725
0 128 50 27 46 31 3 726
1 25 62 24 55 30 2 727
0 49 66 47 36 17 3 728
0 56 52 54 42 66 3 729
1 143 6 54 5 81 1 730
1 141 30 30 20 22 1 731
1 69 46 4 42 4 1 732
0 65 55 35 49 35 3 733
1 45 58 34 54 45 1 734
0 11 58 37 61 34 3 735
1 80 29 53 27 50 5 736
0 17 7 44 6 64 3 737
0 74 56 60 52 70 4 738
0 142 81 6 83 4 3 739
0 72 6 37 6 31 3 740
1 51 31 44 28 55 3 741
0 27 27 72 25 79 3 742
0 47 55 46 49 54 3 743
0 60 41 38 39 39 3 744
0 19 49 19 45 20 3 745
1 36 55 40 58 43 1 746
0 16 6 68 5 71 3 747
1 34 55 42 43 39 2 748
0 92 43 17 70 30 3 749
0 78 55 80 51 80 5 750
0 65 27 59 28 54 3 751
0 17 62 50 69 34 3 752
0 129 73 30 70 35 3 753
1 27 3 13 5 34 2 754
1 93 58 1 56 2 1 755
0 77 51 2 67 1 5 756
1 53 54 39 48 52 2 757
1 132 55 74 58 75 1 758
0 107 65 43 72 37 3 759
1 8 43 53 33 57 4 760
0 26 59 43 54 54 3 761
0 104 54 43 59 33 3 762
1 95 41 2 46 2 2 763
0 53 65 29 57 38 3 764
0 38 27 26 10 34 3 765
0 108 57 46 55 45 3 766
1 105 70 27 66 18 2 767
0 14 64 31 69 32 3 768
0 137 56 80 51 80 3 769
0 52 69 43 68 40 3 770
0 117 44 65 45 61 3 771
0 88 40 12 37 13 3 772
1 96 40 12 42 13 3 773
1 19 48 16 50 17 1 774
0 118 42 4 37 4 3 775
0 65 55 50 43 65 3 776
0 116 47 2 54 1 3 777
1 114 51 63 55 65 4 778
0 93 55 30 58 28 3 779
0 65 67 38 65 41 3 780
0 6 71 70 71 73 3 781
0 66 54 40 55 49 3 782
0 108 91 38 91 31 3 783
0 129 98 12 98 22 3 784
1 5 42 56 45 50 1 785
1 140 68 41 69 16 3 786
0 74 46 4 48 3 3 787
0 122 61 35 63 37 3 788
1 122 54 80 50 81 1 789
1 83 6 40 5 37 2 790
1 10 65 37 49 45 1 791
0 69 51 51 55 51 3 792
0 72 58 80 55 80 4 793
1 136 47 31 50 33 1 794
0 82 51 50 55 41 3 795
1 141 52 26 52 30 1 796
0 69 53 45 56 43 3 797
0 40 66 92 61 92 3 798
1 45 48 48 42 64 2 799
1 53 46 59 49 52 5 800
0 13 50 48 54 49 3 801
1 5 68 76 70 72 2 802
0 32 57 46 52 47 3 803
0 88 59 35 57 38 3 804
0 117 53 44 44 44 3 805
1 49 58 18 52 19 1 806
1 18 67 49 69 42 1 807
0 73 7 37 6 49 3 808
0 133 64 28 62 35 3 809
0 97 51 28 56 22 3 810
1 28 62 34 94 0 2 811
0 95 48 2 44 2 3 812
0 52 53 43 55 41 5 813
1 88 58 47 62 23 2 814
0 126 55 80 51 80 3 815
1 40 54 75 36 77 4 816
0 7 29 55 32 57 3 817
1 99 62 47 63 49 1 818
1 33 52 76 57 73 1 819
1 128 6 38 5 43 1 820
1 129 55 41 60 36 2 821
0 35 6 69 5 71 3 822
1 111 6 28 6 36 1 823
1 124 70 71 69 73 2 824
0 121 42 29 45 27 3 825
0 13 37 41 36 44 3 826
1 112 86 3 84 6 2 827
0 80 57 72 54 75 3 828
0 80 56 72 51 69 3 829
0 129 6 67 6 64 3 830
1 56 49 57 48 55 1 831
0 44 60 34 60 38 3 832
1 103 63 70 53 82 1 833
1 15 72 38 69 35 1 834
1 19 58 30 52 17 2 835
1 70 5 27 5 11 1 836
0 23 49 35 59 25 3 837
0 33 55 44 47 57 3 838
0 63 92 30 92 27 3 839
0 45 43 2 49 2 3 840
1 40 57 20 62 16 5 841
0 19 53 30 52 24 3 842
0 39 68 41 67 44 3 843
1 23 47 4 37 4 5 844
1 128 59 23 59 26 2 845
0 102 62 31 56 39 3 846
0 106 48 57 45 62 3 847
0 17 58 76 52 82 3 848
0 0 73 38 69 34 3 849
1 64 43 57 47 50 1 850
1 117 66 29 57 49 5 851
0 10 49 49 49 59 3 852
0 52 43 25 41 24 5 853
0 111 68 39 73 30 3 854
1 66 61 16 60 18 3 855
1 114 61 49 64 44 1 856
1 90 59 31 61 23 1 857
0 96 5 35 6 38 3 858
0 119 61 41 58 46 3 859
1 100 56 80 53 80 2 860
0 41 5 51 7 15 3 861
0 128 60 29 59 27 3 862
1 128 57 27 55 31 2 863
0 76 50 20 47 25 3 864
0 10 38 45 40 37 3 865
1 31 54 39 52 41 1 866
1 104 67 38 67 33 1 867
0 68 1 95 3 96 3 868
1 143 44 11 40 11 1 869
0 22 52 58 42 45 3 870
1 66 54 29 55 24 1 871
0 7 69 45 66 42 3 872
1 79 46 32 53 28 1 873
1 59 69 73 66 76 1 874
0 5 45 4 42 4 5 875
1 92 71 43 70 45 5 876
1 74 52 59 61 46 5 877
0 35 70 68 69 72 3 878
0 84 60 34 52 38 3 879
1 76 52 53 53 55 3 880
1 108 58 2 51 3 1 881
0 105 59 17 51 19 3 882
1 48 46 60 49 50 2 883
0 8 60 39 50 23 3 884
1 79 42 39 37 37 6 885
1 6 87 95 89 93 5 886
1 111 53 46 52 43 1 887
1 62 39 56 26 55 1 888
1 143 28 47 31 51 2 889
1 43 58 30 51 32 1 890
0 119 6 52 6 36 3 891
1 17 29 54 31 50 1 892
0 56 58 80 54 80 3 893
0 124 69 40 69 45 3 894
0 117 52 45 42 42 5 895
1 39 64 26 55 5 1 896
0 110 59 17 62 17 3 897
0 134 66 49 53 39 3 898
0 4 49 54 37 50 3 899
0 10 53 22 51 21 3 900
1 24 35 45 31 55 6 901
0 108 81 6 82 4 3 902
1 60 51 43 45 56 2 903
0 142 73 68 69 71 3 904
0 26 52 49 46 56 3 905
1 77 61 28 58 17 1 906
0 61 59 18 55 20 3 907
0 109 14 0 48 2 3 908
1 23 64 75 68 72 1 909
0 84 68 74 71 74 3 910
1 68 56 76 58 75 1 911
1 126 49 55 54 42 5 912
1 132 63 36 60 41 1 913
0 87 60 50 39 46 3 914
0 33 90 37 88 31 3 915
0 21 58 77 47 80 3 916
0 128 51 24 51 28 3 917
1 19 66 39 66 42 1 918
0 93 46 3 48 2 3 919
1 10 53 16 46 22 1 920
0 39 45 4 48 4 3 921
1 26 65 47 64 44 3 922
1 139 6 23 6 36 1 923
1 23 53 45 53 56 1 924
1 40 64 16 58 17 6 925
1 57 45 4 37 4 1 926
0 19 49 61 47 67 3 927
1 104 57 37 49 28 1 928
1 139 6 28 6 37 1 929
0 26 68 40 65 43 3 930
1 34 47 4 41 4 1 931
0 107 37 39 38 32 3 932
1 31 64 1 60 1 2 933
0 126 53 45 49 53 3 934
1 50 41 61 42 57 1 935
1 115 70 73 67 74 3 936
1 73 39 54 41 51 1 937
0 54 62 35 54 49 3 938
1 5 50 18 47 20 1 939
0 97 53 16 61 15 3 940
0 137 62 26 58 28 3 941
0 10 38 37 38 40 3 942
1 4 51 29 48 29 1 943
1 24 98 16 98 23 2 944
0 112 12 8 23 18 3 945
0 97 49 37 49 45 3 946
1 132 55 77 60 71 1 947
0 97 44 4 34 4 3 948
1 110 32 42 32 48 2 949
0 94 29 54 29 61 3 950
1 5 46 20 49 18 1 951
1 1 54 38 50 41 2 952
0 8 48 38 51 33 5 953
0 0 69 33 63 56 3 954
0 55 54 42 43 49 3 955
1 115 61 50 60 54 2 956
1 119 73 35 69 36 2 957
0 121 41 34 38 41 3 958
1 54 63 50 63 44 1 959
1 68 78 90 79 94 1 960
1 84 61 37 53 45 2 961
0 74 30 50 29 53 3 962
0 56 46 65 48 58 3 963
1 16 30 46 31 48 2 964
1 68 46 2 49 2 1 965
0 130 50 48 56 40 3 966
1 79 19 58 30 36 5 967
1 67 30 59 30 49 1 968
0 5 53 71 59 55 3 969
1 66 14 1 48 1 1 970
1 53 43 50 37 46 3 971
1 65 32 55 34 45 1 972
1 96 6 59 5 65 2 973
1 69 43 4 40 5 1 974
0 0 64 29 53 33 3 975
1 115 6 55 6 52 1 976
1 19 58 48 58 45 1 977
1 143 63 33 60 34 1 978
0 66 41 42 42 39 3 979
0 11 68 28 64 44 3 980
1 33 51 58 49 54 1 981
1 55 49 43 50 45 1 982
0 73 54 34 55 32 3 983
0 126 31 15 61 30 3 984
0 127 66 73 72 71 3 985
0 58 32 48 31 46 3 986
0 105 5 39 6 31 3 987
1 38 67 49 63 34 1 988
0 138 50 37 49 41 3 989
1 9 27 49 28 51 2 990
0 120 54 44 49 52 3 991
0 60 61 46 65 50 3 992
1 132 57 40 49 41 2 993
1 126 60 71 32 78 6 994
1 31 1 95 2 98 5 995
1 111 56 76 63 69 1 996
1 96 31 45 28 47 1 997
0 31 53 48 54 51 4 998
0 93 91 37 92 24 5 999
0 59 53 27 55 24 3 1000
1 96 56 37 61 32 1 1001
1 80 33 46 30 46 1 1002
0 27 6 39 7 45 3 1003
1 102 57 38 58 32 1 1004
1 9 55 50 56 46 6 1005
1 114 30 59 29 64 1 1006
1 95 71 74 58 76 1 1007
1 79 98 17 98 10 1 1008
1 74 6 35 6 38 1 1009
0 114 71 34 67 38 3 1010
1 99 46 45 43 57 3 1011
1 80 42 4 45 4 5 1012
1 74 51 19 47 22 1 1013
1 41 6 28 6 37 2 1014
0 59 45 21 48 21 3 1015
0 103 62 24 52 30 6 1016
1 30 86 5 88 4 2 1017
1 96 12 8 40 13 2 1018
0 30 31 44 35 40 3 1019
0 0 69 34 51 60 6 1020
1 80 28 33 24 59 1 1021
1 92 54 49 52 54 1 1022
1 38 38 40 41 42 2 1023
1 44 70 71 52 75 6 1024
1 56 61 29 61 33 1 1025
0 64 54 38 49 43 3 1026
1 130 61 46 64 46 1 1027
0 79 28 55 27 51 3 1028
0 78 61 29 57 23 3 1029
1 7 30 62 29 57 6 1030
0 13 68 26 64 15 3 1031
0 104 50 32 58 29 3 1032
1 33 51 59 45 60 1 1033
0 64 15 43 20 45 5 1034
1 49 51 42 49 44 1 1035
1 5 45 3 47 4 5 1036
0 120 55 42 51 46 3 1037
1 27 6 65 5 71 1 1038
1 124 46 43 46 39 2 1039
0 97 60 31 60 40 3 1040
1 128 59 26 60 29 5 1041
1 16 59 40 53 30 1 1042
0 111 68 34 67 37 3 1043
0 137 62 34 55 42 3 1044
0 88 54 42 58 35 3 1045
1 90 61 34 59 33 1 1046
1 113 54 27 55 29 4 1047
0 111 56 38 52 41 3 1048
0 92 54 44 48 53 3 1049
1 124 92 26 91 31 2 1050
1 136 51 56 55 38 1 1051
1 96 52 48 48 62 3 1052
0 107 33 49 32 45 3 1053
0 90 65 1 61 1 3 1054
1 83 50 60 53 58 4 1055
1 86 62 30 50 46 1 1056
0 64 45 3 40 3 3 1057
1 67 59 27 61 28 1 1058
1 51 24 57 23 50 2 1059
1 96 56 38 16 21 1 1060
1 88 61 38 60 31 1 1061
1 107 52 55 51 48 2 1062
0 0 57 78 57 75 3 1063
0 86 6 68 5 73 3 1064
0 10 62 39 54 53 3 1065
0 51 70 72 98 64 3 1066
0 81 54 26 55 24 4 1067
1 83 70 43 67 41 1 1068
0 133 48 57 51 60 6 1069
1 127 47 21 45 20 1 1070
1 96 52 28 54 25 2 1071
0 39 91 31 92 29 3 1072
0 64 59 31 61 26 6 1073
1 132 59 45 64 31 2 1074
1 112 87 3 84 4 1 1075
0 128 47 20 20 19 3 1076
1 44 46 47 45 42 1 1077
1 37 55 40 50 49 2 1078
0 74 6 32 5 26 3 1079
0 12 59 57 60 53 3 1080
1 44 61 37 62 40 5 1081
1 8 59 28 61 27 1 1082
0 129 47 47 50 44 3 1083
1 28 65 76 52 75 4 1084
1 111 6 28 6 37 2 1085
0 45 60 52 52 62 3 1086
1 67 47 53 48 39 1 1087
0 50 58 29 45 28 3 1088
1 63 50 61 50 47 2 1089
0 122 88 93 86 92 3 1090
0 105 44 63 46 52 3 1091
1 96 56 47 60 51 1 1092
0 26 69 37 48 44 3 1093
0 111 53 40 49 42 3 1094
1 112 48 37 47 52 5 1095
0 76 49 20 45 21 3 1096
0 95 1 95 3 96 5 1097
1 22 60 73 53 74 1 1098
0 16 40 12 43 11 3 1099
1 135 31 40 41 32 1 1100
1 105 55 18 57 15 3 1101
0 33 49 34 50 23 3 1102
1 108 68 40 53 55 1 1103
0 63 70 6 82 5 3 1104
1 141 6 66 6 63 1 1105
1 128 28 47 29 49 2 1106
0 115 59 2 56 2 3 1107
1 56 60 35 57 38 1 1108
1 78 49 28 51 27 2 1109
0 125 70 73 71 68 3 1110
1 50 54 26 51 31 6 1111
0 53 69 33 69 41 3 1112
1 130 6 34 6 29 1 1113
0 46 47 20 50 19 3 1114
0 68 57 21 60 27 3 1115
1 88 49 2 52 1 1 1116
0 129 91 37 90 40 3 1117
0 118 44 46 48 45 3 1118
1 48 91 18 90 27 2 1119
1 119 41 43 38 40 2 1120
0 9 53 42 56 44 5 1121
1 35 49 39 49 42 1 1122
0 31 66 74 69 72 3 1123
1 131 60 18 52 20 1 1124
0 48 88 94 78 90 3 1125
1 18 66 93 65 95 1 1126
0 115 33 45 30 48 3 1127
0 15 57 2 62 1 3 1128
1 107 44 34 37 41 1 1129
0 104 62 37 31 13 3 1130
0 122 48 19 50 18 3 1131
1 132 50 69 57 76 2 1132
1 119 47 48 47 31 1 1133
0 116 65 16 64 14 3 1134
1 113 6 38 5 56 2 1135
1 4 68 42 67 35 6 1136
1 13 50 53 51 59 1 1137
0 29 92 26 91 30 3 1138
1 137 31 51 28 54 1 1139
1 52 64 45 49 44 1 1140
1 52 59 39 55 42 2 1141
1 48 36 13 40 13 1 1142
1 95 57 58 52 75 2 1143
0 135 56 41 58 42 4 1144
0 67 47 35 36 29 3 1145
1 103 30 52 31 45 1 1146
1 20 69 34 67 33 2 1147
0 4 51 24 52 17 4 1148
1 42 6 63 6 57 2 1149
1 87 49 65 44 62 1 1150
1 9 51 27 47 27 4 1151
0 125 53 41 54 44 3 1152
0 25 57 30 58 27 6 1153
0 70 52 27 45 29 3 1154
1 13 61 37 51 46 1 1155
1 0 53 36 56 31 1 1156
0 24 50 27 55 39 6 1157
1 93 6 33 6 26 1 1158
1 41 53 44 54 56 1 1159
0 8 49 32 51 33 3 1160
1 65 34 42 27 46 6 1161
0 108 91 38 91 28 3 1162
1 33 40 37 44 34 1 1163
0 111 47 30 54 26 3 1164
1 13 70 38 64 44 1 1165
0 63 98 21 98 17 3 1166
1 48 54 60 52 51 1 1167
0 9 48 44 53 41 3 1168
0 126 6 49 5 60 6 1169
1 34 59 49 43 47 1 1170
0 16 41 11 35 14 3 1171
1 3 92 29 90 36 1 1172
1 11 51 49 52 54 1 1173
1 80 65 49 64 51 1 1174
0 36 7 49 6 54 3 1175
1 16 67 33 66 20 1 1176
1 32 40 12 36 13 5 1177
0 62 69 35 66 24 3 1178
1 51 57 28 61 22 1 1179
1 89 55 80 46 80 1 1180
1 143 57 80 54 81 2 1181
0 130 45 17 48 16 5 1182
0 131 88 93 86 94 3 1183
0 118 44 4 41 4 3 1184
1 129 60 37 41 30 1 1185
0 101 32 14 37 43 3 1186
1 1 46 2 42 2 1 1187
0 125 71 69 68 73 3 1188
0 65 50 66 38 76 3 1189
1 112 53 23 55 26 5 1190
0 66 39 38 37 40 3 1191
1 72 49 58 51 46 3 1192
0 14 88 93 86 94 3 1193
1 92 60 74 32 78 1 1194
1 32 57 45 52 39 1 1195
1 49 70 36 69 41 1 1196
1 130 48 48 51 45 3 1197
1 142 49 23 60 18 1 1198
0 142 67 36 68 39 3 1199
1 112 33 44 32 47 3 1200
1 37 86 5 84 4 1 1201
0 48 92 30 91 34 3 1202
1 135 41 39 43 38 1 1203
0 77 54 51 52 44 3 1204
1 1 60 37 96 28 1 1205
1 75 56 72 54 76 1 1206
1 76 7 43 6 53 1 1207
1 9 27 26 43 49 1 1208
1 9 50 63 57 46 2 1209
0 123 54 35 57 36 3 1210
0 65 67 36 63 44 3 1211
0 100 67 93 65 94 3 1212
0 60 59 55 57 45 3 1213
1 4 47 41 40 64 1 1214
0 103 98 18 98 13 3 1215
1 4 87 4 86 2 1 1216
1 98 56 29 57 34 1 1217
1 60 55 18 47 20 2 1218
1 4 47 50 43 54 1 1219
1 109 90 25 90 32 1 1220
0 86 52 80 49 79 3 1221
1 128 51 36 52 38 1 1222
0 48 50 78 54 75 3 1223
0 14 46 39 41 78 5 1224
1 69 32 78 56 70 6 1225
1 49 66 37 68 36 4 1226
0 80 49 3 39 3 3 1227
0 48 59 51 54 57 3 1228
0 100 67 93 65 94 3 1229
0 18 44 17 65 16 3 1230
0 31 55 75 60 70 3 1231
0 76 59 56 60 43 5 1232
0 64 34 40 30 45 3 1233
0 125 66 79 70 73 3 1234
1 81 41 3 37 3 1 1235
0 120 80 5 78 4 3 1236
1 126 64 28 61 30 6 1237
0 102 48 21 49 19 3 1238
1 10 64 43 56 52 1 1239
0 9 48 36 52 25 4 1240
0 124 68 39 48 44 3 1241
0 78 92 29 91 35 3 1242
1 70 42 35 42 38 1 1243
0 15 73 31 69 43 3 1244
1 19 55 72 58 75 2 1245
1 30 60 28 59 25 1 1246
0 126 53 43 53 54 3 1247
1 66 43 23 45 21 2 1248
0 62 52 82 47 85 3 1249
0 111 50 38 54 38 4 1250
1 59 43 11 40 12 1 1251
1 88 6 30 6 33 1 1252
0 55 51 45 46 43 3 1253
0 64 55 51 51 48 3 1254
1 55 82 5 80 6 1 1255
1 17 63 44 51 68 1 1256
0 11 86 94 86 91 3 1257
0 18 91 30 92 27 5 1258
0 15 60 1 62 2 3 1259
0 121 29 37 6 29 3 1260
1 112 57 39 55 40 2 1261
0 76 63 43 64 37 3 1262
1 50 50 27 56 22 4 1263
0 52 41 41 45 35 3 1264
1 64 58 36 57 43 1 1265
0 116 63 21 50 17 3 1266
1 43 56 58 56 52 1 1267
0 37 53 45 58 47 3 1268
1 22 30 52 33 50 1 1269
1 30 81 2 87 4 5 1270
1 92 67 48 53 57 1 1271
0 55 29 55 30 53 4 1272
0 0 59 39 54 50 5 1273
1 106 55 80 40 80 1 1274
1 96 51 64 52 59 1 1275
1 93 91 32 90 36 1 1276
1 22 31 45 29 54 1 1277
1 131 60 17 63 18 3 1278
1 86 53 44 60 47 1 1279
1 5 61 43 61 51 6 1280
1 117 55 39 42 42 1 1281
0 111 6 28 6 33 3 1282
1 47 55 29 51 33 1 1283
1 95 70 69 72 68 1 1284
0 11 58 18 58 14 3 1285
0 74 45 60 45 64 3 1286
0 53 51 49 52 57 3 1287
0 78 56 38 59 36 3 1288
1 26 91 31 92 35 2 1289
0 128 38 13 26 12 3 1290
1 126 57 75 54 77 1 1291
0 32 62 33 56 43 3 1292
0 9 47 3 49 2 3 1293
0 4 68 36 68 42 3 1294
1 38 45 2 51 1 1 1295
0 120 55 41 53 34 3 1296
1 72 51 58 50 53 1 1297
1 44 62 36 56 39 5 1298
1 72 52 50 48 69 1 1299
0 102 61 34 51 24 3 1300
1 89 56 27 59 27 1 1301
1 132 67 33 66 46 1 1302
1 24 63 43 68 43 1 1303
0 117 47 59 48 57 3 1304
0 127 70 71 71 69 3 1305
1 4 46 31 21 30 1 1306
0 120 56 34 58 39 3 1307
1 80 55 34 56 36 1 1308
1 0 41 11 34 15 1 1309
0 69 69 27 63 44 3 1310
0 9 87 3 85 2 5 1311
1 121 69 68 38 58 1 1312
1 112 70 38 69 40 1 1313
1 50 48 30 50 25 5 1314
0 66 33 38 35 36 3 1315
1 76 58 46 52 59 1 1316
0 36 29 64 30 52 3 1317
1 34 6 58 5 60 1 1318
1 140 51 41 43 40 6 1319
0 96 52 52 53 39 3 1320
1 112 48 49 46 50 1 1321
1 55 46 49 46 44 1 1322
1 29 6 45 4 48 1 1323
1 139 6 31 5 41 2 1324
1 52 68 47 65 46 2 1325
1 19 46 32 51 28 1 1326
0 96 46 53 43 56 3 1327
1 22 48 54 44 53 1 1328
1 111 79 5 82 6 1 1329
1 143 23 63 58 41 1 1330
0 87 42 58 43 54 3 1331
1 57 45 61 43 54 1 1332
0 32 54 39 54 44 3 1333
0 93 43 36 44 34 3 1334
0 127 56 41 53 45 3 1335
1 44 46 37 55 43 1 1336
1 117 65 28 59 33 1 1337
1 32 6 43 6 28 1 1338
0 104 32 52 28 65 3 1339
0 35 51 27 50 25 6 1340
1 68 6 32 6 35 1 1341
1 52 48 55 44 52 1 1342
0 88 6 67 5 69 3 1343
0 23 48 38 61 25 3 1344
1 91 28 25 38 52 1 1345
1 91 55 80 46 80 1 1346
0 0 59 27 51 29 3 1347
0 26 70 35 66 44 3 1348
1 29 28 56 27 59 1 1349
1 0 61 43 59 45 2 1350
0 29 58 43 49 42 3 1351
0 97 59 2 63 1 3 1352
1 1 36 15 26 12 1 1353
0 36 47 50 31 55 3 1354
0 27 5 41 5 37 5 1355
0 83 61 25 51 25 3 1356
1 4 50 28 51 26 1 1357
0 41 62 16 54 18 3 1358
1 35 43 64 54 52 2 1359
0 44 72 68 70 70 5 1360
1 106 6 53 5 48 6 1361
0 60 67 38 66 40 3 1362
0 101 52 45 49 51 3 1363
1 103 71 27 68 23 1 1364
1 71 28 49 27 51 1 1365
1 125 58 27 57 29 1 1366
1 16 31 44 33 45 4 1367
1 106 64 34 61 37 4 1368
1 112 61 50 62 47 1 1369
1 30 41 34 38 41 2 1370
0 130 49 57 53 53 3 1371
1 3 90 23 89 31 1 1372
0 62 6 42 6 45 3 1373
1 101 53 49 51 55 1 1374
0 93 45 31 42 32 3 1375
1 3 67 40 64 44 1 1376
1 116 56 31 58 28 3 1377
0 64 58 33 55 31 3 1378
1 112 32 47 33 45 1 1379
0 32 60 48 55 55 3 1380
0 42 66 40 57 39 3 1381
1 98 45 52 46 46 1 1382
1 79 59 17 56 18 1 1383
1 139 41 10 43 12 1 1384
1 4 55 43 41 38 1 1385
0 106 63 32 67 37 3 1386
0 115 88 93 86 91 5 1387
0 6 58 33 54 41 3 1388
0 38 41 36 45 33 3 1389
0 116 75 4 82 5 3 1390
1 115 54 38 58 33 1 1391
0 20 46 3 28 4 3 1392
1 128 66 44 66 38 5 1393
1 37 64 76 65 74 1 1394
0 67 40 24 43 36 3 1395
0 76 6 54 5 52 3 1396
0 26 57 40 61 32 3 1397
0 121 6 44 6 41 3 1398
0 72 47 66 45 60 3 1399
0 120 67 92 66 94 3 1400
0 55 60 42 66 37 3 1401
1 36 51 80 58 80 4 1402
1 47 90 35 92 27 1 1403
0 20 5 67 6 65 3 1404
0 63 60 29 62 23 3 1405
0 120 58 38 56 41 3 1406
0 12 86 5 88 4 3 1407
1 19 50 50 53 40 1 1408
1 66 54 25 45 31 6 1409
1 13 46 2 43 2 1 1410
1 112 67 42 62 51 1 1411
1 78 55 37 56 41 1 1412
0 127 72 70 73 67 3 1413
1 9 88 94 84 94 1 1414
1 86 66 93 63 93 1 1415
0 3 6 55 7 37 3 1416
1 33 5 48 5 55 2 1417
0 132 50 37 50 26 3 1418
0 120 55 79 57 76 3 1419
1 83 81 2 86 2 6 1420
0 29 60 14 45 19 3 1421
0 99 58 28 61 14 3 1422
0 138 53 58 53 44 3 1423
0 87 45 64 48 67 3 1424
0 78 51 41 56 32 3 1425
1 121 6 41 5 38 1 1426
1 28 43 4 29 4 1 1427
1 28 98 19 98 14 1 1428
0 27 80 6 82 5 3 1429
0 93 92 33 91 36 3 1430
1 39 58 37 62 37 1 1431
1 53 28 48 35 40 1 1432
0 106 57 38 61 31 3 1433
0 21 59 55 45 71 3 1434
1 87 64 40 61 43 2 1435
0 115 98 18 98 22 3 1436
0 143 27 48 30 50 3 1437
1 55 52 55 52 47 1 1438
1 1 63 16 58 15 1 1439
1 99 32 45 31 48 1 1440
0 45 52 55 50 29 3 1441
0 43 53 49 49 50 3 1442
0 118 40 42 37 40 3 1443
1 85 60 31 52 48 1 1444
1 64 63 22 52 44 1 1445
1 85 54 74 58 75 1 1446
0 108 69 71 72 73 3 1447
1 74 26 2 49 2 6 1448
0 81 6 32 5 36 3 1449
0 13 53 50 51 53 3 1450
0 95 56 76 60 74 3 1451
0 108 72 74 69 72 5 1452
1 139 57 80 52 80 3 1453
1 134 81 5 98 3 5 1454
1 81 44 27 41 30 1 1455
1 121 68 71 66 74 1 1456
1 92 59 15 48 16 1 1457
0 72 57 38 58 33 3 1458
1 25 49 43 48 50 1 1459
0 71 54 20 57 19 3 1460
1 139 55 2 59 1 1 1461
0 21 49 34 52 29 3 1462
1 115 50 40 44 40 1 1463
1 114 69 71 70 73 4 1464
0 133 53 81 55 80 3 1465
0 81 60 51 60 48 3 1466
0 143 44 60 44 65 3 1467
1 93 61 32 61 38 1 1468
0 14 62 35 57 39 5 1469
1 80 52 55 55 47 1 1470
1 124 68 37 63 30 1 1471
1 79 3 96 0 96 1 1472
0 84 70 42 69 37 3 1473
1 43 67 25 66 27 2 1474
0 38 67 92 65 94 3 1475
0 12 67 35 62 45 3 1476
1 111 37 41 40 37 1 1477
0 23 27 42 33 45 3 1478
0 98 53 40 53 32 3 1479
0 76 66 39 39 30 3 1480
0 129 98 18 98 21 3 1481
1 73 56 42 53 46 1 1482
1 80 91 31 92 27 1 1483
1 107 54 49 56 47 1 1484
1 0 63 40 54 52 2 1485
1 90 49 24 55 26 1 1486
1 37 40 45 39 40 2 1487
0 33 91 26 91 31 3 1488
1 136 53 54 51 48 2 1489
1 48 69 31 67 38 5 1490
1 24 59 35 54 40 1 1491
0 74 46 3 42 5 3 1492
1 132 62 38 60 33 3 1493
0 19 69 75 70 68 3 1494
1 51 16 2 49 2 6 1495
0 102 61 46 55 51 3 1496
1 113 49 79 57 76 1 1497
0 128 26 51 27 53 3 1498
0 26 65 92 67 93 3 1499
1 113 55 32 57 27 1 1500
0 35 50 50 52 44 3 1501
0 128 46 48 52 47 3 1502
1 87 54 64 47 40 1 1503
1 68 61 29 64 24 1 1504
1 1 51 41 57 42 1 1505
1 57 54 33 56 31 1 1506
1 131 56 20 58 18 1 1507
1 130 57 60 55 65 1 1508
1 88 48 38 46 49 1 1509
1 74 56 50 59 46 1 1510
0 66 45 18 39 18 3 1511
1 80 49 43 52 42 1 1512
1 74 57 72 61 70 1 1513
0 102 56 50 59 46 3 1514
1 47 31 59 32 55 1 1515
0 8 42 80 51 81 3 1516
0 28 61 37 58 36 3 1517
0 56 52 58 55 51 3 1518
0 119 72 31 67 28 3 1519
1 112 39 3 27 3 1 1520
0 19 43 38 40 56 3 1521
0 120 57 35 47 48 3 1522
0 140 52 42 54 40 3 1523
0 99 59 37 61 35 4 1524
0 0 74 35 65 45 3 1525
1 60 62 42 58 52 1 1526
1 135 37 42 42 36 1 1527
0 65 28 55 31 56 3 1528
1 88 61 38 57 4 1 1529
0 137 58 49 59 55 3 1530
1 41 46 60 45 63 1 1531
1 86 49 80 23 64 2 1532
1 93 37 39 36 41 1 1533
0 141 59 46 29 93 3 1534
1 106 58 49 61 51 1 1535
0 137 58 56 60 55 3 1536
1 31 49 37 55 26 4 1537
1 128 70 37 67 42 1 1538
0 93 53 18 48 19 3 1539
0 86 7 52 6 54 3 1540
0 120 61 37 57 38 3 1541
1 89 46 4 32 3 1 1542
0 120 53 45 51 43 3 1543
1 9 43 54 42 59 1 1544
0 46 45 20 49 20 3 1545
1 104 47 32 43 26 1 1546
1 105 51 19 40 20 1 1547
1 124 69 35 66 38 1 1548
1 28 31 78 62 69 1 1549
1 106 45 54 47 55 1 1550
1 52 53 34 55 31 2 1551
1 135 68 34 66 37 3 1552
1 23 47 3 40 3 1 1553
1 41 62 1 65 1 1 1554
1 46 57 2 60 2 1 1555
0 130 53 60 52 56 3 1556
0 10 43 33 38 41 3 1557
1 130 58 47 55 53 1 1558
0 70 60 74 58 75 3 1559
1 125 60 48 46 61 4 1560
1 24 53 80 47 80 6 1561
1 31 58 15 59 13 1 1562
0 47 6 41 6 33 3 1563
0 103 54 58 56 61 3 1564
1 74 6 51 7 43 1 1565
1 84 50 66 48 57 2 1566
1 59 31 51 30 48 2 1567
0 141 42 10 39 14 3 1568
0 120 60 48 60 51 3 1569
1 99 92 24 91 29 1 1570
0 73 69 45 65 52 3 1571
1 10 52 2 41 2 2 1572
1 22 43 54 46 46 1 1573
0 123 63 30 57 29 3 1574
1 102 64 52 68 42 1 1575
1 48 28 50 30 51 2 1576
1 132 62 30 32 0 5 1577
0 65 53 56 50 53 3 1578
1 68 56 26 58 24 1 1579
1 128 56 35 50 30 1 1580
0 81 47 34 52 27 3 1581
1 39 52 45 57 36 2 1582
1 137 59 38 54 45 1 1583
0 99 57 74 61 74 3 1584
1 4 55 46 55 43 4 1585
1 50 53 19 59 19 1 1586
0 134 66 40 61 15 3 1587
0 80 63 43 62 45 3 1588
0 141 54 21 61 10 3 1589
0 80 59 43 55 37 3 1590
1 17 51 77 48 81 1 1591
1 14 69 75 68 73 1 1592
1 107 44 22 41 19 1 1593
0 117 56 43 54 38 3 1594
0 54 69 71 68 69 3 1595
1 102 68 75 70 72 1 1596
0 76 52 30 50 32 3 1597
1 112 35 13 42 11 1 1598
0 97 45 63 48 69 3 1599
0 14 55 18 62 17 3 1600
0 7 30 50 28 58 4 1601
1 117 51 52 52 45 1 1602
0 60 67 34 69 30 3 1603
1 131 46 16 52 15 1 1604
1 126 57 45 53 50 1 1605
0 65 6 37 5 43 4 1606
0 93 44 22 43 20 3 1607
0 58 66 45 68 41 3 1608
0 32 49 45 57 38 3 1609
0 124 30 47 17 44 3 1610
1 76 66 38 69 40 1 1611
0 21 58 59 42 52 3 1612
0 74 81 6 77 5 3 1613
1 38 55 41 48 60 5 1614
0 64 59 26 54 33 3 1615
1 14 63 36 56 50 1 1616
1 6 27 58 29 51 2 1617
0 120 50 62 50 51 3 1618
0 50 52 17 45 19 3 1619
0 92 67 47 66 49 3 1620
1 96 57 45 55 46 2 1621
0 120 65 94 67 93 3 1622
0 28 45 63 46 58 3 1623
1 124 32 57 48 24 1 1624
0 87 56 50 54 54 3 1625
1 28 59 47 56 51 1 1626
1 135 6 65 4 76 6 1627
0 12 64 32 58 38 3 1628
1 5 47 20 49 19 1 1629
1 81 49 2 53 1 1 1630
0 102 55 67 56 62 3 1631
1 57 98 21 98 18 1 1632
0 60 50 18 48 19 4 1633
0 124 64 1 61 1 4 1634
0 21 65 38 60 48 3 1635
1 0 65 44 64 38 1 1636
0 128 51 26 45 28 3 1637
0 26 69 34 68 39 3 1638
0 79 65 47 67 49 3 1639
1 25 69 71 67 77 1 1640
1 10 51 36 61 38 1 1641
0 81 51 26 55 24 3 1642
1 7 38 40 40 44 1 1643
0 46 65 1 56 2 3 1644
0 122 69 46 65 45 4 1645
0 32 56 38 54 40 3 1646
1 47 54 42 59 34 1 1647
1 96 49 39 54 29 1 1648
0 93 67 40 64 44 3 1649
1 18 90 24 91 28 5 1650
1 60 67 39 62 49 5 1651
0 6 60 25 57 29 3 1652
0 117 62 34 63 32 3 1653
1 104 37 44 56 39 2 1654
1 88 64 43 65 41 1 1655
0 112 58 18 60 17 3 1656
1 143 31 42 29 46 1 1657
1 44 48 36 56 31 3 1658
1 69 90 41 90 30 1 1659
0 115 65 43 72 35 3 1660
1 49 92 27 92 32 1 1661
1 40 25 18 28 19 1 1662
0 83 59 55 54 54 3 1663
0 123 67 38 62 46 3 1664
1 3 50 39 46 48 1 1665
1 46 63 1 58 1 1 1666
1 120 41 36 38 42 2 1667
0 60 62 43 55 52 3 1668
0 66 42 31 38 28 5 1669
1 20 54 58 58 48 1 1670
0 42 46 53 48 55 3 1671
1 16 68 40 60 15 1 1672
1 84 59 34 59 30 1 1673
0 71 32 48 27 43 3 1674
0 131 57 18 54 19 3 1675
0 79 57 20 55 19 3 1676
1 68 70 43 68 37 2 1677
0 85 52 27 48 28 3 1678
0 57 87 93 85 94 5 1679
0 9 61 42 60 32 3 1680
0 39 56 37 51 53 3 1681
1 59 40 12 34 15 1 1682
1 53 53 46 56 43 3 1683
0 39 55 46 57 43 5 1684
1 97 98 17 98 22 1 1685
0 76 53 19 58 18 3 1686
0 82 51 48 53 47 3 1687
0 63 44 27 47 33 3 1688
0 94 33 50 32 56 3 1689
1 96 42 11 38 12 1 1690
1 106 87 4 84 4 5 1691
0 99 40 13 41 10 4 1692
0 121 41 35 45 33 3 1693
0 32 49 52 51 53 3 1694
1 115 50 2 47 2 1 1695
0 137 61 35 49 39 3 1696
0 76 4 47 4 52 3 1697
0 19 79 6 83 4 3 1698
1 0 42 39 40 44 1 1699
1 32 56 29 56 36 3 1700
1 39 57 38 66 40 1 1701
1 116 57 41 53 45 1 1702
1 48 40 13 36 14 2 1703
1 104 62 35 60 34 1 1704
1 119 58 18 61 19 1 1705
1 115 55 15 59 30 1 1706
1 120 58 75 56 77 5 1707
1 125 31 46 31 49 1 1708
1 108 61 69 50 77 1 1709
1 93 60 35 58 23 3 1710
1 1 59 44 55 53 1 1711
1 89 61 2 74 4 1 1712
0 23 59 27 48 42 3 1713
1 126 53 51 54 44 3 1714
0 11 6 65 6 68 3 1715
1 74 53 59 50 64 4 1716
0 108 6 64 5 61 3 1717
1 104 45 32 49 48 5 1718
0 117 41 35 42 33 4 1719
0 94 72 29 71 32 3 1720
0 83 54 36 55 29 6 1721
1 73 55 49 54 51 6 1722
0 89 56 49 53 54 3 1723
0 89 59 30 60 23 3 1724
0 82 6 44 6 54 3 1725
1 0 60 34 54 43 2 1726
0 108 66 1 57 1 3 1727
1 122 51 44 55 44 1 1728
1 79 42 34 36 38 1 1729
1 97 55 30 57 27 1 1730
1 34 71 68 69 73 1 1731
0 97 32 41 27 49 3 1732
0 108 56 2 43 1 3 1733
0 110 51 51 49 58 3 1734
1 63 91 28 91 32 1 1735
0 105 59 17 52 19 3 1736
1 20 51 41 48 44 1 1737
0 77 53 48 55 44 3 1738
1 42 63 20 61 26 4 1739
1 132 71 32 65 33 1 1740
1 55 43 71 46 33 1 1741
1 105 56 45 55 49 1 1742
0 101 57 45 63 48 3 1743
0 66 6 66 6 60 3 1744
1 9 65 94 64 92 2 1745
0 8 42 59 47 50 3 1746
1 97 6 57 7 44 1 1747
0 2 56 28 40 27 3 1748
0 80 59 75 61 73 3 1749
1 121 46 27 34 36 6 1750
1 96 6 35 6 30 1 1751
1 36 32 48 33 55 1 1752
0 55 88 93 85 93 3 1753
1 21 63 35 61 38 2 1754
1 122 54 80 51 81 1 1755
0 13 57 38 51 33 3 1756
1 43 86 5 87 3 1 1757
0 108 86 4 79 4 3 1758
1 0 57 37 56 41 1 1759
0 134 91 38 92 29 3 1760
0 13 56 41 57 45 6 1761
0 44 63 38 60 38 5 1762
1 69 45 4 48 3 1 1763
0 19 66 78 64 77 3 1764
0 66 51 44 54 40 4 1765
1 8 87 93 83 93 2 1766
1 51 55 32 60 29 2 1767
1 61 58 56 55 56 3 1768
1 88 62 2 57 2 1 1769
0 102 6 32 6 29 3 1770
1 53 55 47 50 52 1 1771
1 126 6 41 5 37 5 1772
0 54 48 53 53 51 3 1773
1 97 69 37 53 39 1 1774
1 16 27 41 33 38 1 1775
1 50 48 23 53 22 2 1776
0 80 48 21 43 24 3 1777
1 90 64 49 62 47 2 1778
1 92 70 43 71 41 1 1779
1 14 36 44 51 50 1 1780
1 110 55 23 59 19 1 1781
0 128 47 80 51 80 3 1782
1 104 57 40 61 38 1 1783
1 112 65 40 63 47 1 1784
1 93 90 36 91 38 5 1785
1 25 53 19 63 18 1 1786
1 76 88 91 87 93 1 1787
1 50 48 28 56 22 1 1788
0 120 63 48 55 55 6 1789
0 102 98 23 98 27 3 1790
0 128 91 35 90 42 3 1791
0 44 62 31 62 35 3 1792
1 38 41 43 40 40 1 1793
0 104 68 40 69 42 3 1794
0 103 56 80 53 80 3 1795
1 66 57 19 64 16 3 1796
0 6 69 70 67 77 3 1797
1 64 40 14 40 11 1 1798
1 123 48 80 50 78 1 1799
1 136 88 93 85 93 1 1800
0 110 53 51 40 48 3 1801
0 64 36 13 41 12 3 1802
1 32 98 27 98 20 4 1803
0 16 65 42 48 44 3 1804
1 59 50 2 43 2 6 1805
0 10 55 53 61 34 3 1806
1 57 68 40 67 44 1 1807
1 116 52 80 42 81 2 1808
1 47 6 63 5 68 5 1809
0 69 55 39 57 46 3 1810
0 4 77 6 81 6 3 1811
0 86 56 76 58 74 3 1812
1 101 6 60 5 88 1 1813
0 18 50 18 45 22 3 1814
0 86 85 93 88 92 3 1815
1 36 31 57 32 49 1 1816
0 133 45 60 44 63 3 1817
0 28 30 54 29 52 3 1818
0 54 61 49 63 46 5 1819
1 87 46 59 51 46 1 1820
0 23 39 37 41 32 3 1821
0 32 68 36 59 42 3 1822
1 69 58 38 64 35 1 1823
0 138 48 47 45 54 3 1824
1 120 50 42 53 41 1 1825
1 124 92 31 90 44 1 1826
1 128 41 11 37 13 1 1827
0 2 61 1 51 3 3 1828
0 73 70 35 69 38 3 1829
1 68 58 35 57 42 5 1830
0 9 51 50 54 42 3 1831
1 48 57 74 60 76 1 1832
1 25 56 50 51 49 1 1833
0 84 52 55 43 63 3 1834
0 39 52 50 48 52 3 1835
1 16 41 41 35 46 1 1836
0 44 58 39 54 40 3 1837
1 8 49 40 42 61 1 1838
1 86 87 95 88 93 4 1839
0 39 71 40 69 39 5 1840
1 132 51 46 66 29 3 1841
0 74 58 44 62 44 5 1842
0 10 59 44 59 48 3 1843
0 43 49 59 28 25 3 1844
1 96 33 46 31 43 1 1845
0 135 63 32 91 0 3 1846
0 13 42 12 40 13 3 1847
0 66 30 59 30 63 3 1848
1 116 6 41 6 54 1 1849
1 130 71 40 67 49 1 1850
1 53 50 49 53 44 1 1851
0 92 69 75 67 77 3 1852
0 53 46 43 42 58 3 1853
0 131 59 18 53 19 3 1854
1 34 70 35 67 35 3 1855
1 88 55 41 31 42 1 1856
0 103 48 19 42 19 3 1857
1 136 45 45 38 53 2 1858
0 25 60 30 57 37 3 1859
1 76 34 38 37 41 1 1860
1 10 45 41 57 40 2 1861
1 70 52 2 49 2 1 1862
1 80 62 31 52 44 2 1863
0 44 57 45 57 39 3 1864
1 22 19 14 52 17 3 1865
1 125 55 45 57 34 2 1866
1 70 1 95 3 96 1 1867
0 68 58 33 55 37 5 1868
0 92 60 38 64 33 3 1869
1 49 72 37 71 33 3 1870
1 86 27 50 31 49 2 1871
0 6 30 78 47 67 3 1872
1 98 34 42 26 59 2 1873
0 85 88 93 86 94 3 1874
0 126 53 40 53 47 3 1875
1 24 40 36 41 34 2 1876
0 8 55 36 49 37 3 1877
0 25 55 32 58 28 3 1878
1 56 49 66 55 49 5 1879
0 102 55 41 58 47 3 1880
1 90 6 35 5 38 1 1881
1 130 43 30 41 39 3 1882
1 18 86 28 91 35 1 1883
1 93 71 39 74 32 1 1884
1 4 60 30 60 11 1 1885
0 52 50 53 61 35 3 1886
0 142 54 19 58 11 3 1887
1 28 66 74 68 71 1 1888
1 143 32 41 28 41 1 1889
1 24 64 29 60 35 1 1890
1 73 7 10 7 7 1 1891
0 141 58 34 48 56 3 1892
0 86 46 69 49 65 3 1893
1 38 98 21 98 16 1 1894
0 82 48 51 51 50 3 1895
0 15 55 65 58 58 3 1896
0 1 50 54 54 52 3 1897
1 130 55 45 48 59 1 1898
0 58 59 34 52 44 3 1899
0 66 41 22 35 29 3 1900
0 16 28 47 32 44 3 1901
1 87 48 67 50 63 1 1902
1 0 40 12 43 12 1 1903
1 78 52 2 46 2 3 1904
1 101 53 51 51 47 1 1905
1 48 74 5 77 5 1 1906
0 15 63 32 63 54 3 1907
0 86 67 78 68 73 3 1908
1 42 46 63 51 48 4 1909
1 117 43 68 45 72 1 1910
0 76 56 41 56 46 3 1911
0 12 61 27 50 31 6 1912
1 141 56 28 68 18 1 1913
0 77 43 33 45 34 3 1914
1 130 49 45 32 46 1 1915
0 77 57 20 54 16 3 1916
0 100 67 93 65 94 3 1917
1 52 45 3 53 1 1 1918
0 18 77 6 81 5 3 1919
0 31 60 29 55 33 3 1920
0 93 51 49 54 44 3 1921
0 88 6 32 6 20 3 1922
1 122 6 65 6 68 6 1923
0 92 54 50 53 47 3 1924
0 102 69 74 72 66 3 1925
0 116 51 26 55 32 3 1926
0 94 29 58 29 54 3 1927
1 77 61 2 59 1 5 1928
1 83 47 32 57 39 2 1929
1 136 46 30 51 31 1 1930
0 102 70 70 68 72 3 1931
0 14 98 23 98 20 3 1932
1 14 62 31 57 8 2 1933
0 54 44 34 30 41 3 1934
1 78 47 52 14 27 2 1935
1 62 5 64 6 67 3 1936
0 104 47 54 60 39 3 1937
0 18 92 26 90 36 3 1938
1 99 29 53 28 55 4 1939
0 10 49 58 54 52 3 1940
1 62 71 68 70 71 1 1941
1 88 51 63 52 60 1 1942
0 36 55 21 63 34 3 1943
1 0 42 12 44 11 1 1944
0 46 58 57 57 49 3 1945
0 0 64 31 62 37 3 1946
1 124 6 43 6 58 1 1947
0 63 57 78 56 76 3 1948
0 96 31 44 27 45 3 1949
0 51 69 74 68 72 5 1950
0 80 56 64 50 73 3 1951
1 51 33 48 32 52 2 1952
0 28 61 34 63 33 3 1953
0 118 54 19 44 18 3 1954
1 104 6 30 5 24 2 1955
1 96 16 47 21 47 1 1956
1 97 43 55 43 58 1 1957
1 38 56 35 61 23 1 1958
1 106 6 44 6 53 2 1959
0 112 31 44 34 43 3 1960
1 104 52 44 49 48 5 1961
0 40 55 34 56 37 6 1962
0 0 39 13 37 14 3 1963
1 71 70 71 65 75 1 1964
0 34 47 4 45 3 4 1965
1 52 41 42 41 32 1 1966
1 96 69 70 68 72 2 1967
0 61 69 37 66 39 4 1968
1 93 41 36 41 32 5 1969
0 34 32 50 31 46 3 1970
1 18 91 32 91 27 1 1971
1 50 47 55 45 51 1 1972
1 46 45 20 48 21 1 1973
0 47 6 42 5 84 3 1974
1 132 70 40 69 44 1 1975
1 84 70 72 68 71 1 1976
1 64 67 33 60 28 1 1977
1 116 43 17 48 21 1 1978
0 9 70 37 67 33 3 1979
0 108 66 1 71 1 3 1980
0 104 85 96 86 94 3 1981
1 74 62 16 57 17 1 1982
0 86 6 41 7 38 3 1983
1 76 72 27 66 45 1 1984
0 110 47 45 46 50 3 1985
0 60 63 1 59 1 3 1986
1 76 40 36 40 39 1 1987
1 55 6 30 6 13 5 1988
1 0 28 41 31 43 2 1989
0 108 64 1 59 1 3 1990
1 78 90 38 91 40 1 1991
0 96 67 74 69 72 3 1992
0 52 35 44 40 44 3 1993
0 111 6 42 5 40 3 1994
0 24 60 43 55 53 3 1995
0 1 26 25 28 27 3 1996
0 7 32 56 33 46 3 1997
0 100 87 93 85 96 6 1998
0 32 62 48 58 46 3 1999
