0 88 76 43 68 57 3 0
1 140 69 57 70 55 6 1
1 64 70 68 72 63 1 2
1 29 77 38 67 36 1 3
1 15 72 54 76 55 1 4
1 90 76 51 73 53 2 5
1 64 79 37 76 45 1 6
1 102 76 47 77 47 1 7
1 64 74 50 77 39 4 8
1 68 70 57 68 58 1 9
0 140 78 42 74 64 3 10
0 26 77 35 75 38 3 11
1 140 71 56 75 52 2 12
1 140 72 66 71 58 2 13
1 26 69 57 63 52 5 14
1 110 75 59 78 53 2 15
0 140 81 41 76 45 3 16
0 64 74 61 75 61 3 17
1 26 76 59 80 43 6 18
0 89 70 54 61 46 3 19
1 143 79 29 78 42 3 20
0 26 76 51 74 64 3 21
0 110 81 38 80 50 3 22
1 140 82 43 83 40 6 23
1 102 62 50 69 47 1 24
0 140 77 44 70 54 3 25
0 26 80 51 82 40 3 26
0 26 78 46 79 39 3 27
0 50 74 62 78 55 3 28
0 140 75 56 69 56 3 29
1 64 75 47 71 51 5 30
0 140 71 54 69 58 3 31
1 140 71 54 76 55 2 32
0 26 69 58 67 66 3 33
1 100 74 52 77 53 1 34
1 102 81 47 77 42 5 35
0 140 82 45 80 28 6 36
0 64 71 34 71 34 3 37
0 26 83 46 54 84 3 38
1 140 77 38 79 43 6 39
1 140 74 52 81 45 6 40
1 26 74 48 78 48 1 41
1 64 46 82 48 84 5 42
1 26 74 63 76 59 4 43
0 140 61 54 64 52 3 44
0 126 78 39 80 50 4 45
0 140 70 71 71 65 3 46
1 64 70 46 70 57 1 47
1 140 75 52 73 51 1 48
0 140 73 50 61 44 3 49
1 102 73 51 75 19 1 50
0 101 76 57 69 55 3 51
1 42 80 42 77 48 2 52
0 132 69 57 75 41 3 53
1 20 64 67 69 62 2 54
0 140 77 45 79 47 3 55
0 64 77 38 69 40 3 56
1 64 75 58 77 42 1 57
0 102 80 42 77 57 5 58
0 72 80 47 82 45 3 59
0 57 70 59 46 49 3 60
1 64 75 48 77 36 6 61
0 102 79 48 78 44 3 62
0 140 80 37 76 43 3 63
1 102 10 34 6 36 1 64
1 120 80 44 82 45 1 65
0 140 70 56 81 49 4 66
0 102 79 32 76 53 3 67
1 140 80 47 69 36 5 68
0 102 78 48 82 45 5 69
0 70 78 53 81 46 3 70
0 64 70 71 65 81 3 71
1 140 79 53 73 64 4 72
0 82 79 48 82 39 3 73
1 140 77 55 83 36 1 74
1 142 68 56 76 53 1 75
0 45 75 40 74 60 3 76
1 102 68 58 69 60 1 77
0 61 74 64 71 67 3 78
1 61 77 38 82 8 2 79
1 64 70 56 74 60 1 80
1 100 73 26 84 36 1 81
0 64 76 42 69 22 3 82
1 140 74 49 62 55 1 83
0 139 52 48 58 49 3 84
0 84 77 45 75 48 3 85
0 102 76 42 79 47 3 86
0 101 70 55 72 52 3 87
0 64 78 53 76 43 3 88
1 140 80 40 76 41 4 89
0 113 72 51 28 58 3 90
1 62 76 48 75 42 1 91
0 137 67 70 73 65 3 92
0 26 77 55 79 52 3 93
0 19 75 27 71 37 3 94
0 74 73 55 69 54 3 95
0 64 78 38 46 33 3 96
0 64 77 35 76 48 5 97
1 131 70 56 76 45 2 98
1 64 74 49 83 33 1 99
1 112 77 49 69 55 4 100
0 26 80 51 77 55 3 101
0 104 79 44 74 52 3 102
1 122 72 52 62 44 1 103
1 26 70 57 60 71 2 104
0 140 78 40 79 46 4 105
1 81 74 51 77 54 1 106
1 138 69 57 62 55 1 107
0 143 79 49 77 45 3 108
0 131 72 55 75 57 3 109
1 140 73 66 76 53 1 110
1 102 77 40 77 40 1 111
1 102 79 48 76 44 5 112
1 140 76 48 68 52 1 113
0 64 76 41 71 51 3 114
0 72 73 51 80 51 3 115
1 105 73 54 79 43 1 116
1 42 82 45 76 48 2 117
1 102 66 49 88 12 1 118
1 140 74 60 72 54 1 119
1 98 77 40 75 56 1 120
0 94 75 40 81 45 3 121
1 26 67 61 68 57 1 122
1 55 83 33 69 55 1 123
1 102 71 64 73 64 1 124
0 140 82 37 78 42 3 125
0 0 69 55 77 54 3 126
0 102 73 52 59 80 3 127
0 140 76 50 51 49 3 128
1 102 77 41 81 41 2 129
0 26 82 45 79 52 5 130
0 9 75 60 72 51 3 131
0 64 69 57 76 45 3 132
0 24 73 52 72 52 3 133
1 26 81 52 79 52 1 134
0 141 72 52 77 46 3 135
0 10 76 60 78 53 3 136
1 9 77 45 80 38 1 137
0 26 80 26 76 25 3 138
1 36 83 40 68 55 1 139
1 131 79 48 70 59 3 140
0 64 75 47 0 37 3 141
1 9 77 30 81 37 1 142
1 133 77 44 71 64 1 143
0 100 68 57 75 61 3 144
0 89 76 46 75 48 3 145
0 24 75 45 79 48 3 146
0 121 81 39 83 42 3 147
0 140 73 52 51 38 3 148
1 142 75 52 73 50 1 149
0 64 74 50 80 30 3 150
1 140 83 37 67 29 1 151
0 102 69 55 75 58 3 152
1 61 74 50 68 62 2 153
1 26 68 35 75 21 4 154
0 80 68 57 71 54 3 155
1 133 70 56 70 54 1 156
1 102 68 62 69 58 1 157
0 102 73 50 83 35 6 158
0 40 80 37 68 57 3 159
0 135 74 63 75 28 3 160
1 102 70 56 75 43 5 161
1 140 77 41 78 39 1 162
0 116 73 51 61 53 3 163
1 140 74 52 72 53 1 164
0 102 78 41 68 56 3 165
0 64 70 57 82 45 5 166
0 96 83 41 79 46 3 167
0 102 70 35 78 37 6 168
1 64 74 51 76 51 1 169
1 57 73 64 70 57 1 170
0 140 83 35 68 60 3 171
1 57 73 50 70 56 1 172
0 139 79 48 75 47 3 173
0 64 78 54 73 63 4 174
0 26 80 53 79 49 5 175
0 140 77 46 70 56 3 176
1 140 82 47 52 45 5 177
1 26 77 43 80 37 5 178
0 38 70 56 81 42 3 179
0 108 73 50 76 44 3 180
0 72 75 56 69 55 3 181
1 140 77 42 79 38 4 182
1 102 82 45 80 51 3 183
1 64 83 38 78 29 2 184
1 54 74 59 72 64 2 185
1 63 77 38 78 41 1 186
0 40 77 41 71 53 3 187
0 140 71 56 70 56 3 188
1 27 70 57 69 58 1 189
0 117 76 57 77 55 3 190
0 0 69 54 77 49 3 191
1 26 66 80 68 67 5 192
0 115 72 26 78 33 3 193
0 64 75 47 74 49 3 194
1 17 75 50 66 65 1 195
1 73 85 35 77 44 2 196
0 26 80 48 80 39 6 197
0 140 72 52 65 53 3 198
0 26 70 56 59 51 3 199
1 26 79 43 76 48 5 200
1 84 74 50 78 48 1 201
0 26 76 27 81 42 3 202
0 57 83 41 72 49 3 203
1 140 70 56 79 48 1 204
1 102 79 42 77 45 1 205
0 64 81 46 68 60 3 206
0 86 75 45 66 64 3 207
0 12 70 58 61 46 3 208
0 69 75 58 75 60 3 209
1 124 69 37 69 46 1 210
0 100 80 50 80 50 3 211
1 44 82 46 74 62 2 212
1 64 74 47 66 82 3 213
1 26 76 46 73 63 2 214
0 94 69 60 70 56 3 215
1 12 71 58 81 27 1 216
0 0 72 56 68 57 3 217
0 26 74 52 73 52 3 218
1 109 78 38 75 49 1 219
1 64 80 41 74 47 2 220
0 102 78 38 78 48 3 221
1 79 79 48 77 45 1 222
0 26 77 55 78 52 3 223
1 140 72 51 72 52 1 224
1 118 70 57 72 56 1 225
1 102 70 54 66 29 1 226
0 102 72 56 71 58 3 227
0 124 69 60 82 39 3 228
1 31 77 53 74 50 1 229
1 64 63 46 62 52 1 230
1 19 78 39 68 56 2 231
0 140 70 34 76 55 3 232
0 117 73 66 71 68 3 233
1 102 74 51 76 50 1 234
0 26 69 56 71 53 3 235
1 102 76 42 79 30 3 236
1 20 70 56 71 54 3 237
1 140 78 39 69 55 2 238
0 68 81 51 73 51 3 239
0 140 81 30 71 61 3 240
1 26 81 43 81 43 2 241
0 68 80 26 76 48 3 242
0 26 77 41 75 45 3 243
0 6 69 56 68 60 3 244
0 140 81 51 83 41 3 245
0 102 85 35 76 46 3 246
0 129 66 63 56 48 3 247
1 26 81 38 70 54 2 248
0 140 75 57 69 55 3 249
1 64 76 46 68 57 1 250
1 140 74 49 74 53 1 251
1 102 78 39 79 48 3 252
1 126 73 64 75 61 1 253
0 102 72 56 83 45 3 254
0 117 71 52 70 58 3 255
0 140 74 62 71 11 3 256
0 140 68 57 74 59 3 257
0 61 82 48 72 55 3 258
1 140 68 65 83 41 4 259
1 5 75 51 77 47 1 260
1 64 76 47 73 52 1 261
1 19 66 71 76 42 1 262
1 48 70 55 75 47 4 263
0 56 73 62 75 60 3 264
1 124 67 75 63 84 3 265
0 113 75 48 76 47 3 266
1 119 77 49 77 41 2 267
1 140 76 57 78 32 2 268
1 64 70 55 81 39 1 269
0 106 74 47 78 40 3 270
0 20 82 27 72 36 3 271
0 140 67 61 69 56 5 272
1 64 73 62 79 42 1 273
1 94 76 44 74 50 3 274
1 26 74 62 63 84 5 275
1 135 71 54 78 42 2 276
0 111 74 52 69 62 3 277
1 140 72 49 72 49 2 278
0 63 78 57 80 48 4 279
1 140 75 60 73 61 2 280
0 64 69 59 74 47 3 281
1 102 73 61 40 87 6 282
0 140 78 29 61 54 6 283
1 102 63 52 63 85 2 284
1 140 75 59 77 42 1 285
1 64 72 51 78 48 1 286
0 26 79 52 81 47 6 287
1 26 83 41 70 55 1 288
0 106 76 59 75 49 3 289
1 143 75 48 75 58 2 290
0 64 70 56 71 69 3 291
0 63 76 46 76 46 3 292
1 45 81 47 80 42 1 293
1 105 77 42 67 59 2 294
1 140 75 61 76 59 1 295
0 26 72 51 79 49 3 296
1 64 71 63 75 59 1 297
0 53 79 48 68 7 3 298
0 64 75 59 76 57 3 299
1 102 72 55 79 48 4 300
1 140 77 54 77 58 5 301
1 26 74 63 78 40 1 302
1 6 70 55 73 63 1 303
0 57 71 37 84 6 3 304
1 83 76 41 75 45 2 305
1 68 80 37 79 44 1 306
0 102 78 53 81 46 3 307
0 54 79 54 75 60 3 308
0 28 71 36 69 54 3 309
1 64 67 67 76 53 1 310
0 64 76 49 76 47 3 311
1 38 77 57 77 44 3 312
0 140 70 56 71 68 3 313
0 140 77 46 75 45 3 314
1 80 80 54 78 53 1 315
0 32 82 34 83 45 3 316
0 139 81 44 81 42 3 317
1 101 71 52 69 56 1 318
1 64 79 48 75 48 4 319
0 140 76 52 67 40 3 320
0 102 74 60 75 59 3 321
1 140 69 40 74 62 5 322
1 22 78 39 78 39 1 323
0 102 77 46 78 41 3 324
0 111 76 46 75 46 3 325
0 140 68 59 68 68 3 326
0 64 70 46 71 64 3 327
1 49 74 49 70 56 1 328
1 126 74 48 81 36 1 329
1 47 50 43 52 33 1 330
1 39 70 54 82 41 1 331
1 140 66 63 70 54 5 332
0 140 78 35 82 35 5 333
0 26 73 50 70 55 5 334
0 73 74 50 68 37 3 335
1 26 75 51 83 35 2 336
1 63 68 57 65 82 2 337
0 64 73 65 73 65 3 338
1 26 78 44 78 42 5 339
0 32 74 51 81 45 3 340
1 22 73 65 78 47 3 341
1 75 75 47 74 50 1 342
1 40 69 37 77 25 2 343
0 86 77 47 75 44 3 344
0 135 80 51 83 35 3 345
1 53 76 57 76 47 2 346
0 140 71 23 76 46 5 347
1 64 69 59 74 62 1 348
0 64 79 54 75 46 3 349
1 102 77 58 80 10 1 350
1 121 81 37 61 54 3 351
1 96 71 57 75 56 1 352
0 140 73 50 80 50 3 353
1 0 76 40 78 40 3 354
1 64 82 44 77 46 2 355
1 140 72 37 76 44 1 356
0 95 55 49 69 37 3 357
1 56 70 65 72 63 1 358
0 102 77 46 77 57 4 359
0 140 74 60 77 42 3 360
1 3 83 36 80 39 2 361
0 140 78 38 74 48 3 362
0 26 73 65 45 40 3 363
1 81 76 50 80 39 1 364
1 97 81 50 77 45 1 365
0 64 75 48 79 46 6 366
1 26 79 31 68 47 6 367
0 64 73 60 78 31 3 368
0 102 65 65 57 46 3 369
1 64 77 50 71 64 5 370
0 71 75 28 77 39 3 371
0 140 67 62 68 61 3 372
0 102 73 64 79 49 3 373
0 26 78 39 75 48 3 374
1 102 83 36 83 43 1 375
1 64 69 54 71 51 2 376
0 102 71 51 79 40 3 377
1 141 72 52 83 41 1 378
1 64 81 47 76 48 1 379
1 64 73 65 68 67 1 380
0 56 66 77 69 66 3 381
1 46 72 56 76 58 4 382
1 140 79 48 73 49 2 383
1 12 76 44 62 51 2 384
0 140 68 64 65 71 3 385
1 98 77 45 83 34 4 386
1 140 71 68 76 56 1 387
1 102 77 47 71 65 1 388
1 135 80 51 80 41 3 389
1 26 72 63 64 83 2 390
0 102 66 70 69 72 4 391
1 8 76 55 80 51 1 392
1 64 82 47 78 52 1 393
0 129 46 41 38 49 3 394
0 102 79 37 77 46 3 395
0 64 76 45 73 51 3 396
0 140 46 48 50 51 6 397
0 8 71 56 76 58 3 398
0 2 73 60 79 40 3 399
1 141 75 48 69 55 2 400
1 140 63 52 69 55 1 401
0 19 83 44 82 38 3 402
0 140 83 33 42 38 3 403
0 140 69 73 64 86 3 404
0 64 66 78 69 70 3 405
0 90 76 41 72 49 4 406
1 102 80 44 77 45 4 407
0 26 78 57 85 35 3 408
0 26 79 42 76 43 3 409
0 63 65 31 74 61 3 410
1 100 70 57 77 40 3 411
1 125 70 55 74 50 1 412
0 92 82 44 76 60 3 413
0 110 73 52 76 47 3 414
0 26 80 39 80 40 3 415
1 140 69 56 69 56 2 416
0 47 66 34 65 33 4 417
1 26 77 46 77 55 1 418
1 26 75 45 75 45 2 419
0 35 82 49 72 15 3 420
1 19 80 42 78 52 1 421
0 140 77 47 73 64 3 422
0 64 66 77 68 75 3 423
0 105 72 52 70 54 3 424
0 47 77 21 71 24 4 425
0 107 76 45 79 42 3 426
0 93 77 44 81 44 3 427
1 4 77 45 76 48 2 428
0 140 77 42 76 39 6 429
0 140 69 36 68 40 5 430
1 140 74 50 76 58 1 431
1 26 63 31 67 63 1 432
1 64 80 51 76 48 1 433
0 26 69 34 78 38 5 434
0 84 76 41 82 41 3 435
1 64 70 57 71 53 1 436
0 64 62 53 65 77 3 437
1 26 76 59 80 24 5 438
0 21 77 42 68 58 3 439
1 64 71 24 80 39 6 440
0 140 79 48 77 44 3 441
0 7 74 49 74 49 3 442
1 54 73 60 70 58 1 443
1 93 73 52 74 50 1 444
1 102 79 21 69 46 1 445
0 140 74 48 65 62 5 446
0 64 71 52 71 52 6 447
0 56 77 41 80 45 3 448
1 61 74 63 63 84 1 449
0 33 74 52 37 61 4 450
0 140 79 48 61 54 3 451
1 26 77 39 62 74 1 452
1 102 73 61 73 52 1 453
0 64 76 47 79 28 3 454
1 48 78 44 75 46 2 455
0 78 75 47 78 39 3 456
1 64 68 55 71 53 1 457
1 70 77 53 80 47 1 458
0 136 78 40 68 60 4 459
0 72 68 40 79 38 3 460
1 102 76 53 70 60 1 461
1 140 81 51 74 52 2 462
0 26 80 53 74 52 3 463
0 119 72 53 71 58 3 464
0 7 73 50 79 47 3 465
1 26 83 37 83 37 2 466
1 26 73 49 76 49 1 467
1 102 76 46 77 49 1 468
0 64 76 46 78 42 3 469
1 140 78 43 80 36 2 470
1 44 82 46 68 59 1 471
1 102 73 53 82 34 5 472
1 64 69 57 76 53 5 473
0 64 83 39 79 48 3 474
1 102 69 46 78 47 5 475
0 3 78 53 79 51 3 476
0 68 76 59 76 44 4 477
0 72 67 49 65 53 3 478
1 102 99 61 98 51 1 479
0 12 78 47 62 50 3 480
0 64 67 35 69 41 3 481
0 140 74 62 74 61 3 482
0 128 72 51 69 54 3 483
0 64 73 49 72 50 3 484
1 4 80 39 75 46 1 485
0 102 78 40 66 32 3 486
1 60 60 52 63 56 2 487
1 87 74 47 80 46 3 488
0 64 78 38 78 43 5 489
1 54 79 51 82 39 4 490
0 64 74 28 77 57 3 491
0 20 74 61 70 66 3 492
1 44 79 47 75 59 1 493
0 102 78 39 72 53 3 494
1 26 74 63 75 46 1 495
1 49 78 39 74 47 2 496
1 64 71 52 77 40 3 497
0 64 68 70 68 72 3 498
1 84 76 27 84 35 2 499
0 102 73 52 82 39 3 500
1 64 76 45 60 57 2 501
0 83 79 49 82 40 3 502
1 102 79 38 82 46 5 503
0 138 72 49 70 54 3 504
0 140 65 33 73 30 5 505
0 140 83 42 64 51 3 506
1 64 69 67 70 70 1 507
0 107 73 64 72 38 3 508
0 26 75 60 72 52 5 509
1 64 76 45 78 41 1 510
1 26 82 43 79 48 5 511
1 63 70 59 75 63 1 512
1 26 75 61 75 61 1 513
1 37 74 49 71 55 1 514
1 140 78 23 62 52 5 515
1 98 69 56 80 38 4 516
0 7 79 55 78 44 3 517
0 140 71 55 74 62 4 518
1 64 74 62 69 59 1 519
0 51 76 47 79 42 4 520
0 21 79 54 77 53 3 521
1 53 63 66 58 83 1 522
0 140 79 53 49 98 3 523
0 140 70 58 82 46 3 524
1 26 82 35 76 46 4 525
0 91 71 36 71 38 3 526
1 102 85 35 73 64 1 527
0 102 79 45 77 46 3 528
1 64 76 40 76 44 6 529
0 14 79 40 78 36 4 530
1 89 77 55 76 43 1 531
1 47 74 63 75 59 2 532
0 64 73 51 70 55 3 533
0 100 76 53 73 61 3 534
0 118 62 53 65 31 3 535
1 37 66 66 62 79 1 536
1 140 75 46 75 48 3 537
0 140 39 82 39 82 3 538
0 64 72 51 75 49 3 539
1 102 71 55 68 62 2 540
1 102 72 36 77 31 1 541
1 140 71 54 75 50 1 542
1 86 77 48 72 52 3 543
0 123 79 44 73 50 3 544
0 114 76 55 73 65 3 545
1 102 74 62 75 44 6 546
0 64 67 62 71 57 3 547
0 140 77 43 79 48 3 548
1 26 78 44 71 30 6 549
1 140 80 40 75 59 2 550
1 140 68 73 82 45 1 551
1 102 82 49 73 60 1 552
1 107 80 43 63 34 3 553
0 84 78 39 78 43 3 554
1 64 72 53 71 58 1 555
0 26 75 49 77 37 3 556
0 37 79 47 82 37 3 557
0 102 76 48 72 50 3 558
0 102 84 34 73 50 3 559
1 82 73 64 78 53 3 560
1 37 77 47 75 49 1 561
0 24 82 38 82 34 3 562
0 26 76 44 79 46 3 563
0 102 73 35 78 32 5 564
0 140 72 54 74 58 3 565
0 102 82 39 79 48 3 566
1 102 73 26 82 44 2 567
1 102 75 48 77 51 5 568
0 26 77 44 81 42 6 569
0 137 76 52 61 87 3 570
0 29 78 45 76 46 3 571
0 140 69 58 79 51 5 572
0 131 71 35 69 57 3 573
1 64 82 40 76 59 1 574
1 96 76 44 76 48 1 575
1 26 70 59 73 60 1 576
0 64 83 44 78 43 3 577
0 140 81 45 76 42 3 578
1 64 82 42 76 47 2 579
0 49 69 72 76 41 3 580
1 119 81 44 75 52 4 581
1 26 80 50 77 42 1 582
1 102 81 37 79 39 5 583
1 26 77 57 69 55 1 584
0 130 80 44 69 53 3 585
1 64 70 55 78 43 4 586
0 54 80 51 79 49 3 587
0 48 70 54 76 51 3 588
1 25 76 48 68 60 1 589
0 48 66 63 76 53 3 590
1 14 76 58 77 53 1 591
0 52 77 36 72 54 3 592
1 82 78 42 68 57 3 593
1 61 77 52 73 60 1 594
0 98 70 55 78 53 3 595
0 26 58 46 58 46 6 596
0 21 82 39 78 44 3 597
1 140 79 54 46 79 1 598
1 102 73 64 74 62 1 599
1 26 77 45 79 49 1 600
0 102 70 55 82 34 3 601
1 140 77 37 77 39 2 602
0 115 71 68 68 58 3 603
0 29 69 59 74 49 3 604
1 64 78 42 88 48 2 605
1 70 73 48 60 32 1 606
1 102 72 35 68 29 4 607
1 102 79 40 77 39 1 608
0 68 64 81 70 70 4 609
0 102 76 46 77 42 3 610
0 96 76 46 84 32 3 611
1 133 81 47 82 42 3 612
1 90 82 43 82 42 3 613
0 105 69 67 65 63 3 614
0 143 79 52 81 46 3 615
0 86 71 52 68 58 3 616
0 102 75 59 76 43 3 617
1 19 75 49 74 51 1 618
1 27 72 50 79 55 1 619
0 61 77 39 74 48 3 620
1 102 71 52 78 52 5 621
0 49 62 50 72 51 3 622
0 40 76 38 79 40 3 623
0 82 72 61 69 59 3 624
0 26 65 33 79 21 3 625
1 129 76 46 84 32 2 626
0 102 71 55 70 55 6 627
1 121 70 55 59 56 1 628
0 56 72 37 67 41 3 629
0 102 77 30 71 68 4 630
1 26 74 62 70 60 2 631
0 102 77 48 78 46 3 632
1 64 75 60 79 42 5 633
0 102 77 49 77 49 6 634
1 64 60 53 52 48 1 635
1 45 74 62 72 63 1 636
0 140 79 46 82 43 5 637
1 2 80 42 76 41 1 638
1 76 78 42 79 47 1 639
0 140 82 46 80 38 3 640
0 102 78 53 85 36 3 641
1 41 69 34 67 39 3 642
1 26 77 42 81 44 5 643
1 140 81 38 70 56 1 644
0 38 72 51 75 50 4 645
0 102 75 52 69 55 3 646
0 54 70 55 64 53 3 647
0 26 76 56 70 56 3 648
0 102 78 43 82 49 3 649
1 70 76 52 68 58 1 650
0 64 82 40 82 40 5 651
1 32 76 59 75 48 1 652
0 85 78 39 77 52 3 653
1 139 80 46 83 34 1 654
1 102 77 54 80 49 1 655
1 26 83 41 74 52 4 656
0 70 71 69 62 86 3 657
0 64 72 35 75 60 3 658
1 30 71 35 81 40 1 659
1 104 74 63 75 58 2 660
0 140 73 50 79 48 3 661
0 127 75 25 81 41 3 662
1 26 81 45 81 44 2 663
1 28 83 39 79 52 4 664
1 58 51 47 52 50 1 665
1 86 78 38 77 40 1 666
1 140 78 30 57 39 1 667
1 26 70 53 79 48 5 668
1 140 80 45 74 52 1 669
1 64 74 48 73 49 1 670
0 68 72 51 65 23 3 671
0 26 69 56 73 51 5 672
1 61 71 56 77 57 3 673
1 130 74 49 69 54 1 674
1 89 81 40 77 47 3 675
1 140 77 42 70 54 1 676
1 27 80 51 77 57 4 677
1 126 79 28 68 33 1 678
0 33 74 24 74 47 3 679
0 71 71 70 74 63 3 680
1 71 79 43 77 41 4 681
0 102 78 40 78 40 3 682
0 34 67 67 65 28 3 683
1 26 78 48 76 49 1 684
1 37 81 37 80 48 2 685
1 140 70 55 53 45 3 686
0 64 75 48 76 40 5 687
1 35 74 49 78 40 2 688
1 140 61 85 79 45 1 689
0 141 79 40 68 56 3 690
1 64 80 41 77 53 6 691
0 140 77 47 81 44 3 692
1 49 71 36 80 20 4 693
1 64 82 44 70 54 6 694
1 85 68 38 69 45 1 695
1 26 69 59 70 57 1 696
1 68 84 40 80 43 1 697
0 140 77 47 77 49 3 698
1 128 75 60 74 60 3 699
0 102 76 58 77 55 3 700
1 26 74 63 76 50 5 701
0 91 76 44 70 53 3 702
1 1 76 46 78 45 1 703
0 117 78 41 79 40 3 704
1 91 76 57 76 46 1 705
0 102 69 57 68 59 3 706
0 140 76 61 72 52 5 707
0 140 75 57 80 48 3 708
0 140 67 63 70 65 6 709
1 102 70 71 70 70 1 710
1 107 78 42 82 40 1 711
1 102 68 66 69 55 1 712
1 102 59 81 59 81 1 713
0 140 77 42 76 41 3 714
1 64 76 27 78 28 1 715
1 84 80 50 82 39 1 716
1 102 73 65 68 72 3 717
0 49 77 49 75 45 3 718
0 116 76 59 61 91 3 719
0 107 69 57 68 61 3 720
0 3 76 40 76 48 3 721
1 102 83 39 75 44 1 722
1 106 75 60 73 63 1 723
1 43 80 47 70 65 1 724
1 86 79 48 78 37 2 725
0 64 75 49 77 44 3 726
0 140 79 37 70 54 3 727
1 64 78 47 77 49 1 728
1 26 79 46 76 42 2 729
1 140 79 48 44 39 1 730
1 52 79 48 76 45 1 731
0 26 71 52 80 38 5 732
0 26 80 49 82 48 3 733
0 140 79 46 84 38 3 734
1 9 79 49 71 53 1 735
0 47 75 45 76 51 3 736
1 0 71 65 68 58 1 737
0 102 77 53 71 52 5 738
0 93 82 40 82 42 4 739
1 131 77 49 75 53 3 740
0 31 51 44 72 38 3 741
0 64 77 46 43 82 3 742
1 47 65 33 82 43 1 743
0 135 65 33 69 39 3 744
0 17 82 37 72 53 3 745
0 26 74 52 78 42 3 746
0 73 82 39 76 53 3 747
1 50 77 40 75 57 1 748
0 102 82 47 83 38 3 749
1 102 76 53 84 35 4 750
1 99 78 46 78 46 1 751
0 119 76 48 71 52 3 752
1 136 80 48 75 45 4 753
1 5 82 49 82 46 1 754
1 26 76 52 73 51 5 755
0 102 28 14 81 27 3 756
0 102 76 59 65 79 3 757
0 19 85 35 74 46 3 758
0 64 71 65 71 69 3 759
0 45 71 56 70 58 3 760
1 140 83 37 82 38 1 761
0 102 72 51 75 36 3 762
1 102 78 56 82 45 3 763
0 64 74 50 82 46 3 764
1 20 89 44 89 44 1 765
1 140 81 44 80 52 1 766
1 64 76 60 78 53 1 767
1 102 84 33 78 39 1 768
0 140 70 29 78 28 3 769
0 7 74 49 81 37 3 770
0 96 79 49 79 39 3 771
0 70 63 55 60 56 4 772
1 140 80 25 73 36 1 773
1 96 80 50 81 38 2 774
1 102 83 38 72 53 1 775
0 102 78 38 80 45 3 776
1 102 81 46 74 46 2 777
1 102 82 47 74 25 5 778
1 116 77 47 78 51 2 779
1 140 79 41 76 46 1 780
1 28 82 49 77 48 2 781
0 64 80 39 76 46 5 782
0 52 74 63 76 57 3 783
1 4 67 60 82 48 1 784
0 119 76 41 73 23 3 785
0 140 80 51 75 53 3 786
1 140 71 52 69 56 1 787
0 140 74 63 88 9 3 788
1 140 77 49 77 49 6 789
1 102 78 43 75 46 2 790
1 38 80 45 76 45 1 791
1 10 49 45 64 82 2 792
1 26 73 65 80 46 2 793
0 105 72 54 70 55 3 794
1 102 70 55 70 55 2 795
1 102 83 37 71 56 1 796
0 140 72 56 76 53 3 797
0 45 79 46 75 61 3 798
0 26 77 46 65 81 3 799
0 26 77 47 80 52 3 800
0 14 70 46 63 46 3 801
0 140 78 48 76 57 3 802
0 26 73 50 74 49 3 803
0 140 75 48 76 51 3 804
1 73 73 50 70 56 4 805
1 63 80 38 69 56 4 806
1 10 82 34 70 53 1 807
1 140 81 45 78 52 1 808
1 24 72 51 75 52 1 809
1 64 70 53 80 47 1 810
0 93 83 37 65 36 4 811
1 26 82 40 63 50 1 812
0 26 71 52 75 51 3 813
1 26 78 42 79 48 5 814
0 102 78 46 79 49 3 815
0 73 75 61 73 65 3 816
0 134 71 52 76 49 3 817
0 51 70 71 70 66 3 818
0 86 71 54 71 54 3 819
1 86 76 59 68 57 2 820
0 26 77 22 70 53 3 821
1 64 69 35 70 38 2 822
0 102 79 46 69 54 3 823
0 41 69 46 40 33 3 824
1 64 75 52 78 41 1 825
0 102 82 37 77 44 3 826
0 79 81 41 81 23 3 827
0 140 73 51 75 59 3 828
0 82 81 44 75 53 3 829
1 64 77 47 76 45 1 830
1 47 73 52 81 39 2 831
1 140 69 55 73 62 6 832
0 64 68 57 77 38 3 833
1 26 72 54 78 46 2 834
1 64 71 55 75 49 5 835
0 50 79 42 76 4 3 836
1 64 79 47 74 63 2 837
0 135 73 51 77 53 3 838
0 88 72 56 70 55 3 839
1 26 75 59 75 47 1 840
1 7 71 52 75 24 2 841
0 137 71 36 70 56 3 842
1 77 73 53 69 56 2 843
1 26 70 30 75 28 3 844
0 102 28 14 37 22 3 845
1 64 81 52 83 35 1 846
0 64 77 45 81 35 3 847
0 116 83 36 76 42 3 848
1 135 76 49 68 55 2 849
0 64 68 58 61 54 3 850
1 134 75 46 74 46 1 851
0 140 72 36 69 57 3 852
1 140 76 49 80 44 1 853
0 102 67 38 67 38 3 854
1 102 78 46 76 43 5 855
0 3 66 64 61 66 3 856
0 119 74 62 69 58 3 857
1 26 69 56 68 56 5 858
0 112 75 59 78 56 3 859
0 140 77 31 80 47 5 860
1 26 79 45 77 50 1 861
1 102 69 58 71 67 5 862
1 8 69 67 76 55 3 863
0 26 76 41 78 38 5 864
1 64 82 36 80 52 1 865
0 64 83 31 84 27 3 866
0 140 78 30 68 70 3 867
0 53 82 34 70 64 3 868
0 49 73 36 76 47 3 869
1 64 77 37 83 35 5 870
0 74 69 41 69 21 3 871
1 26 80 40 79 50 1 872
0 121 70 56 75 62 3 873
0 26 71 36 70 39 3 874
0 140 75 57 71 38 3 875
1 102 76 48 74 52 2 876
1 140 82 42 75 48 1 877
1 140 75 49 82 49 1 878
1 117 77 53 76 61 1 879
1 140 73 50 75 47 1 880
1 64 82 42 82 45 1 881
0 85 80 48 77 44 3 882
0 64 79 43 75 57 3 883
1 30 74 47 73 51 2 884
0 3 75 60 81 26 3 885
1 140 70 66 72 62 1 886
1 63 62 54 60 59 1 887
0 26 82 45 78 20 3 888
1 140 77 54 74 61 2 889
1 102 80 47 82 37 1 890
1 26 73 50 77 47 1 891
0 140 75 48 65 46 3 892
1 26 76 48 61 56 3 893
0 57 79 40 75 25 3 894
1 102 70 42 69 35 5 895
0 26 71 54 61 82 3 896
1 64 82 48 69 60 1 897
1 22 83 36 73 51 1 898
0 140 76 28 67 54 3 899
1 72 77 32 71 38 2 900
1 95 81 46 78 47 1 901
0 75 74 46 75 48 3 902
1 140 78 47 79 24 4 903
1 86 76 52 71 52 1 904
1 64 79 51 79 51 1 905
0 86 80 43 76 56 3 906
1 26 74 58 68 63 1 907
1 122 78 50 59 40 4 908
0 26 78 43 78 52 3 909
1 64 78 52 83 46 1 910
0 71 71 67 80 49 3 911
0 81 77 44 72 56 3 912
0 64 72 67 75 62 3 913
0 8 81 44 80 48 3 914
0 102 78 38 80 44 3 915
0 102 74 62 68 75 6 916
0 64 72 51 75 47 3 917
1 10 83 45 82 45 1 918
1 17 69 57 73 53 3 919
0 140 68 9 18 31 3 920
0 108 78 47 78 46 3 921
1 91 76 48 80 19 1 922
1 64 71 64 76 38 1 923
1 28 71 55 75 58 1 924
0 64 72 51 76 56 3 925
0 31 75 59 76 49 3 926
0 107 78 53 76 60 3 927
0 112 79 54 66 69 3 928
1 102 82 42 85 37 1 929
0 91 72 63 79 42 3 930
1 140 70 56 78 40 1 931
0 26 71 39 75 60 6 932
0 66 77 58 77 45 3 933
1 4 77 56 75 60 1 934
1 140 73 51 75 61 2 935
0 26 69 64 63 66 3 936
0 108 80 46 68 40 3 937
1 140 70 56 68 72 1 938
1 93 79 51 82 45 2 939
0 26 76 44 79 48 3 940
1 4 78 44 84 17 3 941
1 26 81 41 80 44 1 942
0 61 76 46 76 60 3 943
1 26 70 59 80 42 2 944
1 101 70 54 70 55 1 945
0 140 77 41 75 48 3 946
0 64 76 43 78 41 3 947
1 64 78 43 71 56 5 948
1 64 78 43 70 54 1 949
0 56 79 53 75 52 3 950
1 61 74 51 75 49 2 951
1 104 70 56 66 53 1 952
1 112 69 56 60 46 4 953
1 59 74 62 60 46 2 954
1 26 51 50 55 49 2 955
0 27 78 38 71 52 3 956
0 140 82 46 81 43 3 957
0 122 80 49 80 40 3 958
0 140 77 44 68 58 3 959
1 102 83 36 76 26 5 960
1 95 77 40 82 37 1 961
1 26 71 54 70 56 6 962
0 64 85 35 72 57 3 963
1 12 72 53 77 41 1 964
1 47 77 45 82 46 1 965
0 28 79 43 76 47 3 966
0 26 57 39 78 39 5 967
0 140 70 56 72 52 3 968
0 140 75 48 78 38 3 969
1 140 73 50 81 41 1 970
0 91 73 66 74 60 3 971
0 102 74 62 72 64 3 972
1 125 63 51 75 50 2 973
1 64 78 39 77 46 3 974
0 65 76 52 74 48 3 975
1 35 81 46 69 66 1 976
0 64 81 52 80 47 5 977
1 10 74 52 76 47 1 978
1 64 76 46 76 45 2 979
0 26 77 48 69 58 4 980
1 26 71 51 78 40 1 981
0 22 77 47 71 54 3 982
1 46 67 63 66 60 1 983
1 26 77 41 83 43 1 984
0 31 78 42 68 55 3 985
1 64 80 50 82 45 5 986
0 90 72 51 62 52 3 987
1 64 70 56 81 46 2 988
1 26 83 37 76 46 5 989
0 102 75 50 79 48 3 990
1 4 81 43 76 49 4 991
0 3 72 53 73 51 3 992
1 66 71 57 73 64 1 993
0 64 63 46 80 50 3 994
0 26 76 57 72 65 3 995
1 84 77 54 76 58 1 996
0 98 78 48 82 42 3 997
1 136 75 59 77 45 1 998
0 64 70 52 68 61 3 999
0 102 67 36 78 46 3 1000
0 65 78 44 75 59 3 1001
0 64 71 54 67 62 3 1002
1 64 59 41 66 39 1 1003
0 102 79 49 77 53 3 1004
0 140 77 43 81 44 3 1005
0 64 61 70 67 71 3 1006
0 89 79 50 76 58 3 1007
1 138 81 42 79 52 2 1008
1 140 79 56 76 47 3 1009
1 141 66 36 79 31 3 1010
1 140 71 37 75 26 2 1011
1 64 76 45 68 58 1 1012
1 132 80 38 83 44 1 1013
1 85 80 53 80 39 1 1014
1 102 80 42 81 48 1 1015
1 140 82 43 78 53 1 1016
1 64 76 46 56 47 3 1017
0 87 77 48 79 39 3 1018
0 97 76 45 79 42 4 1019
1 140 76 60 70 58 1 1020
1 100 69 37 77 38 1 1021
1 64 75 52 77 45 1 1022
0 2 70 65 63 85 4 1023
0 102 75 40 75 44 5 1024
1 140 68 57 72 57 1 1025
1 26 73 50 79 48 1 1026
1 31 83 35 83 42 1 1027
0 91 81 41 83 41 3 1028
1 124 84 32 74 51 1 1029
1 106 82 45 79 39 1 1030
1 102 79 53 79 44 1 1031
1 140 72 51 76 44 1 1032
1 89 74 62 70 57 1 1033
1 140 72 37 72 37 5 1034
1 40 54 24 81 8 1 1035
1 64 83 43 82 44 2 1036
0 123 73 50 75 49 3 1037
1 26 83 36 79 46 1 1038
1 112 70 55 74 48 1 1039
0 1 82 46 82 45 3 1040
1 26 76 41 73 30 2 1041
1 26 74 51 70 58 1 1042
0 64 73 53 82 48 3 1043
1 1 76 48 69 56 2 1044
1 140 72 66 71 42 1 1045
1 133 82 39 77 40 1 1046
1 122 67 61 62 50 1 1047
1 64 76 49 69 57 1 1048
1 54 67 66 68 69 5 1049
1 122 77 46 81 41 1 1050
1 64 82 42 82 40 1 1051
1 119 85 37 78 56 1 1052
0 26 79 47 76 36 3 1053
0 64 71 34 77 31 3 1054
0 102 80 51 81 47 5 1055
1 68 78 49 50 47 1 1056
1 119 71 55 71 52 1 1057
0 8 74 49 81 41 3 1058
0 60 62 46 62 50 3 1059
0 102 82 40 72 55 3 1060
1 140 74 63 78 43 1 1061
0 102 75 52 77 46 3 1062
1 138 76 54 74 63 3 1063
0 26 79 51 76 56 3 1064
0 26 68 63 66 67 5 1065
0 87 75 49 43 39 3 1066
0 102 76 54 70 55 5 1067
0 125 61 67 64 49 3 1068
0 102 76 57 76 45 3 1069
1 106 73 51 79 48 2 1070
1 64 79 46 77 41 5 1071
0 19 78 55 74 51 3 1072
1 102 74 61 75 47 6 1073
0 64 75 60 73 65 3 1074
0 86 82 36 79 29 3 1075
0 64 75 56 77 47 3 1076
0 102 78 39 76 47 3 1077
0 140 81 51 84 35 3 1078
0 64 72 52 76 57 3 1079
1 140 83 45 78 57 6 1080
1 80 75 46 68 56 1 1081
0 64 70 66 72 65 3 1082
0 80 82 34 50 36 3 1083
1 140 61 54 63 52 1 1084
1 26 79 46 78 47 2 1085
0 64 75 57 69 55 3 1086
0 102 75 41 76 57 3 1087
0 64 77 49 78 53 3 1088
0 102 76 59 73 64 3 1089
1 140 68 61 58 73 2 1090
0 102 78 52 79 39 3 1091
1 14 74 52 72 53 1 1092
1 4 79 51 77 35 1 1093
0 64 80 39 77 26 3 1094
1 64 78 42 81 49 2 1095
0 102 60 32 63 56 3 1096
1 140 61 52 53 47 3 1097
0 68 73 64 62 51 3 1098
1 26 73 52 63 46 3 1099
0 24 76 57 54 47 3 1100
0 140 73 35 80 46 3 1101
1 85 74 59 77 42 4 1102
1 2 84 34 74 14 1 1103
1 124 78 42 76 46 2 1104
1 64 74 49 75 49 1 1105
1 102 79 46 81 39 1 1106
0 140 80 45 77 47 6 1107
0 0 77 41 76 57 3 1108
1 26 81 44 74 46 2 1109
1 26 75 25 64 8 1 1110
1 108 83 41 80 52 1 1111
1 102 75 28 77 40 1 1112
0 38 77 46 78 39 3 1113
1 35 82 36 71 58 1 1114
1 26 79 48 76 44 2 1115
0 22 79 48 69 37 3 1116
0 64 79 48 81 41 3 1117
1 26 62 29 66 35 1 1118
1 102 44 39 35 30 2 1119
0 102 75 53 74 51 5 1120
1 102 74 26 77 19 6 1121
0 64 72 62 57 99 3 1122
0 142 62 33 78 38 3 1123
0 126 82 45 76 39 3 1124
0 13 81 39 76 46 3 1125
1 140 68 56 71 54 1 1126
0 112 78 47 78 41 3 1127
0 131 79 43 75 46 3 1128
1 54 67 49 70 41 1 1129
1 26 66 62 68 63 5 1130
1 140 72 53 78 53 2 1131
0 52 76 24 78 41 3 1132
0 64 69 40 83 45 6 1133
0 64 81 41 75 41 3 1134
0 84 80 48 78 44 3 1135
0 140 70 54 74 46 3 1136
0 88 83 44 91 37 3 1137
1 102 82 45 82 45 1 1138
1 115 78 46 79 42 1 1139
1 66 76 42 77 39 1 1140
1 26 78 53 81 47 1 1141
1 26 76 42 69 55 1 1142
0 24 78 53 82 50 3 1143
1 22 75 49 75 49 1 1144
1 16 81 41 76 49 2 1145
1 26 74 52 72 62 1 1146
1 140 70 57 68 56 1 1147
0 26 76 59 70 56 3 1148
0 63 70 55 66 65 3 1149
0 64 81 41 72 55 3 1150
0 52 71 54 82 44 3 1151
0 26 61 53 40 32 3 1152
1 26 81 40 78 33 1 1153
1 19 77 53 75 61 4 1154
0 129 66 73 57 80 3 1155
0 12 76 49 62 86 3 1156
1 64 80 38 74 61 5 1157
0 0 82 49 74 50 4 1158
0 60 76 46 78 42 3 1159
0 140 77 44 73 60 4 1160
0 64 78 44 79 52 3 1161
1 43 75 49 76 46 1 1162
1 127 76 46 71 52 2 1163
1 64 84 34 71 24 1 1164
1 64 72 54 70 53 1 1165
1 32 70 64 77 40 4 1166
0 64 70 41 81 40 5 1167
1 96 73 60 78 43 2 1168
1 73 71 65 79 54 2 1169
0 96 75 40 74 46 3 1170
0 26 72 36 69 30 3 1171
1 140 69 60 71 69 1 1172
0 119 77 30 76 42 3 1173
1 140 73 66 68 59 5 1174
1 49 80 40 82 39 1 1175
0 111 83 43 75 39 3 1176
1 26 77 52 71 59 5 1177
1 110 85 34 83 35 1 1178
1 102 70 55 65 63 1 1179
0 43 71 52 76 49 3 1180
1 26 79 41 76 43 4 1181
0 140 74 49 75 48 3 1182
1 69 83 40 71 37 4 1183
1 102 80 51 74 61 1 1184
1 117 71 55 66 64 3 1185
0 26 76 46 76 47 3 1186
1 26 76 47 77 46 5 1187
1 89 69 67 78 33 1 1188
0 133 73 27 72 38 3 1189
1 102 70 56 72 51 5 1190
0 102 81 42 71 52 5 1191
1 128 72 36 78 41 1 1192
0 56 74 59 76 46 3 1193
1 7 73 51 70 55 2 1194
0 128 68 40 78 38 3 1195
1 26 79 38 81 49 1 1196
1 62 78 40 77 41 2 1197
0 64 80 49 78 55 3 1198
1 26 76 58 77 57 1 1199
1 140 69 36 79 37 1 1200
0 24 82 38 83 35 4 1201
0 140 76 57 73 64 3 1202
1 121 78 40 76 57 1 1203
0 34 81 47 77 41 3 1204
1 140 79 43 81 39 6 1205
1 107 80 51 74 62 1 1206
0 140 75 60 83 33 3 1207
1 26 85 35 80 44 5 1208
0 140 76 40 75 49 3 1209
0 49 77 25 71 35 3 1210
1 105 76 25 74 30 1 1211
1 94 64 82 81 42 1 1212
1 110 83 39 70 57 2 1213
0 102 76 47 76 51 6 1214
1 26 81 46 73 64 2 1215
0 140 73 62 72 38 3 1216
0 110 75 41 70 57 3 1217
1 67 69 59 68 58 1 1218
0 140 69 56 76 49 3 1219
0 140 74 50 72 50 3 1220
1 64 80 52 78 46 1 1221
1 64 78 38 82 34 1 1222
1 127 78 52 70 56 1 1223
0 26 77 47 78 57 3 1224
0 26 70 56 77 56 6 1225
1 26 77 42 76 41 1 1226
1 57 43 39 70 55 4 1227
0 104 77 43 77 40 3 1228
1 30 75 43 79 48 1 1229
0 0 76 48 73 50 3 1230
0 140 69 57 72 64 3 1231
0 93 74 51 76 58 3 1232
0 17 83 33 74 48 3 1233
1 64 73 50 23 43 1 1234
1 140 76 49 80 46 2 1235
0 64 83 46 80 50 3 1236
1 3 79 43 72 52 1 1237
0 143 70 55 74 64 3 1238
1 99 69 56 72 52 2 1239
0 26 69 73 70 71 3 1240
1 78 74 59 73 62 3 1241
0 26 78 30 81 41 3 1242
1 93 79 40 71 38 2 1243
0 17 69 65 73 63 3 1244
0 129 81 42 47 54 3 1245
1 98 80 40 72 51 2 1246
0 64 76 51 69 58 3 1247
0 99 75 45 76 48 3 1248
0 70 77 35 76 46 3 1249
1 18 79 50 77 54 1 1250
0 49 76 57 79 45 4 1251
1 64 76 45 80 31 3 1252
0 64 76 46 78 38 3 1253
1 142 75 46 77 42 1 1254
0 26 81 39 76 48 3 1255
1 91 68 61 68 73 1 1256
1 140 69 66 76 57 1 1257
1 64 73 51 62 53 1 1258
0 64 71 37 70 38 3 1259
0 26 76 46 74 46 3 1260
0 64 73 50 76 58 3 1261
0 102 85 33 83 45 6 1262
0 45 72 56 76 59 4 1263
0 117 71 37 73 36 3 1264
1 26 81 24 77 24 1 1265
1 26 77 25 76 52 1 1266
0 140 82 42 80 40 3 1267
1 80 76 40 72 50 2 1268
0 99 70 55 63 52 3 1269
1 20 81 46 81 47 1 1270
1 53 85 34 73 48 1 1271
0 140 71 22 75 22 3 1272
1 32 77 24 80 24 1 1273
0 140 76 44 69 55 3 1274
0 140 77 44 79 43 3 1275
0 140 76 43 76 45 3 1276
1 123 75 60 76 59 1 1277
1 140 76 59 72 52 5 1278
0 102 80 50 75 60 3 1279
0 140 79 48 71 54 3 1280
0 102 82 44 70 55 3 1281
1 24 71 68 73 64 1 1282
1 102 69 55 77 46 2 1283
0 124 77 37 83 36 3 1284
0 81 79 46 76 45 3 1285
0 82 77 42 67 59 3 1286
1 26 76 53 76 38 1 1287
0 102 76 57 76 46 3 1288
0 114 78 37 76 41 3 1289
1 102 75 60 72 65 1 1290
1 93 77 40 74 29 1 1291
0 26 72 56 72 65 5 1292
1 64 77 40 78 42 5 1293
1 102 74 53 84 34 1 1294
1 64 74 59 74 51 2 1295
1 73 68 58 66 63 1 1296
1 102 72 56 73 62 3 1297
0 68 80 48 77 46 3 1298
1 102 74 50 76 42 1 1299
1 64 46 45 44 59 1 1300
1 135 77 58 74 51 1 1301
0 75 75 49 75 48 3 1302
1 140 76 46 79 48 6 1303
1 13 76 45 78 44 2 1304
0 26 76 45 68 57 3 1305
0 42 76 44 78 43 3 1306
1 64 80 36 81 52 2 1307
0 85 75 46 77 44 3 1308
0 140 74 61 75 62 3 1309
1 26 77 47 73 55 2 1310
0 26 78 41 81 41 3 1311
1 102 76 45 71 52 5 1312
1 64 76 45 72 16 1 1313
1 29 78 47 79 44 1 1314
0 68 70 57 69 56 3 1315
0 105 70 56 82 41 3 1316
1 116 72 64 66 79 1 1317
1 117 72 53 70 54 1 1318
0 26 78 47 50 56 3 1319
1 95 65 36 82 44 4 1320
1 26 28 14 15 40 1 1321
1 140 75 52 77 48 1 1322
1 64 71 51 67 79 1 1323
0 71 78 53 74 60 3 1324
1 26 69 65 79 48 5 1325
1 64 68 68 67 68 1 1326
0 104 72 56 73 53 3 1327
1 35 77 44 81 41 3 1328
0 12 80 50 78 54 3 1329
0 102 78 38 50 55 3 1330
0 102 70 58 79 40 3 1331
1 140 74 51 76 53 6 1332
1 57 72 56 72 55 1 1333
1 140 80 46 77 44 1 1334
0 93 83 35 83 36 3 1335
0 142 73 51 74 59 3 1336
1 102 78 43 78 44 1 1337
1 110 78 54 81 45 1 1338
1 26 68 38 79 29 5 1339
0 57 76 50 79 47 3 1340
0 84 69 67 71 67 3 1341
0 96 78 46 79 28 3 1342
0 26 75 47 70 57 3 1343
1 102 77 44 68 57 1 1344
1 63 70 55 60 91 1 1345
0 77 71 55 72 64 3 1346
1 102 72 38 68 34 2 1347
1 140 83 26 78 29 1 1348
1 26 67 63 67 61 1 1349
1 0 69 59 69 57 2 1350
1 30 73 51 79 44 1 1351
0 58 77 56 78 53 4 1352
1 64 73 52 82 39 4 1353
1 50 71 52 77 40 1 1354
0 5 75 57 64 86 3 1355
0 26 74 49 75 46 3 1356
1 31 80 43 79 39 1 1357
1 37 77 40 79 44 4 1358
1 64 71 54 78 46 4 1359
0 64 81 41 74 50 3 1360
1 96 76 45 82 40 3 1361
0 53 71 52 69 56 3 1362
1 64 77 25 71 36 4 1363
1 47 80 44 78 42 1 1364
1 47 83 41 82 39 1 1365
1 84 81 26 81 27 2 1366
1 64 66 62 77 46 6 1367
0 102 72 66 76 49 3 1368
0 140 73 53 71 52 3 1369
1 26 74 60 72 62 1 1370
1 26 79 51 75 60 2 1371
1 64 77 39 70 36 5 1372
0 64 70 55 73 66 3 1373
1 26 71 63 80 40 1 1374
1 33 81 39 82 37 1 1375
1 102 68 61 79 48 1 1376
0 64 78 38 77 44 6 1377
1 8 73 56 73 56 1 1378
0 110 81 38 82 45 3 1379
1 26 79 46 69 11 1 1380
1 101 72 51 74 22 1 1381
1 26 73 64 71 57 2 1382
1 106 74 50 79 28 1 1383
0 102 72 51 76 45 3 1384
0 115 57 49 37 51 3 1385
1 134 71 55 77 53 2 1386
0 21 76 27 78 20 4 1387
0 26 78 42 61 52 3 1388
1 42 73 64 74 62 2 1389
1 140 79 45 77 44 1 1390
1 140 79 40 71 19 3 1391
0 64 80 48 74 63 3 1392
1 64 73 61 71 19 1 1393
1 113 83 44 83 40 1 1394
0 64 73 65 79 44 3 1395
1 64 75 47 75 44 1 1396
0 64 83 43 79 40 3 1397
1 66 67 63 69 61 1 1398
1 37 59 51 53 47 1 1399
1 26 77 43 76 39 1 1400
0 19 74 48 76 41 3 1401
0 45 75 25 77 41 4 1402
0 72 77 24 71 57 3 1403
0 101 79 42 76 48 3 1404
0 8 76 59 70 71 3 1405
1 26 73 51 83 42 1 1406
0 140 83 46 75 50 6 1407
1 142 74 60 70 54 1 1408
1 3 71 56 74 47 1 1409
0 26 76 50 78 56 3 1410
0 16 74 58 73 53 4 1411
1 140 72 63 63 85 1 1412
1 102 84 38 77 57 1 1413
1 26 85 35 78 52 2 1414
0 26 80 49 78 42 3 1415
0 73 77 40 75 48 3 1416
0 140 80 38 80 51 5 1417
0 115 79 52 75 47 3 1418
0 75 74 50 70 54 3 1419
1 83 81 43 81 46 2 1420
1 26 72 56 69 59 1 1421
0 96 74 59 68 58 3 1422
0 64 76 45 67 63 3 1423
0 2 79 27 81 28 3 1424
1 140 76 48 76 44 1 1425
1 26 72 35 79 37 1 1426
1 25 77 48 78 51 1 1427
1 26 78 38 74 53 3 1428
0 52 79 37 77 39 3 1429
0 64 76 44 77 42 5 1430
0 64 83 34 76 46 3 1431
0 114 67 36 78 31 3 1432
1 40 71 53 68 64 1 1433
1 64 77 42 76 39 4 1434
1 140 83 43 77 40 1 1435
1 56 75 46 78 41 2 1436
1 26 81 42 68 57 5 1437
0 59 69 72 74 60 3 1438
0 26 79 48 83 37 3 1439
1 124 74 48 69 59 2 1440
1 80 76 59 79 40 1 1441
0 87 77 35 80 48 3 1442
1 26 72 51 73 50 1 1443
1 73 73 50 64 81 1 1444
1 1 77 43 77 52 1 1445
1 102 72 57 69 42 5 1446
0 102 69 37 79 39 3 1447
1 140 74 60 78 53 1 1448
0 64 68 57 77 45 3 1449
1 5 83 41 81 52 1 1450
1 140 68 57 76 44 1 1451
1 64 71 57 79 37 5 1452
0 102 74 63 79 50 3 1453
1 102 81 48 75 36 6 1454
0 50 79 40 66 66 3 1455
0 7 77 23 81 26 3 1456
0 102 71 36 76 20 5 1457
0 63 82 45 76 53 4 1458
1 76 70 69 64 82 2 1459
0 102 76 48 83 42 3 1460
0 117 69 59 73 65 3 1461
0 3 83 40 83 33 3 1462
1 82 64 82 67 72 4 1463
1 94 74 50 78 44 1 1464
1 140 78 35 71 34 1 1465
0 102 83 36 81 40 3 1466
1 92 68 56 68 58 4 1467
1 64 80 48 84 37 1 1468
0 122 72 51 77 42 3 1469
1 26 66 66 68 56 2 1470
1 122 70 55 70 46 1 1471
1 135 71 56 83 40 2 1472
1 26 73 28 85 13 1 1473
1 135 81 28 78 21 4 1474
0 24 75 61 83 40 3 1475
0 121 82 41 79 47 3 1476
1 47 72 52 80 46 1 1477
1 26 71 64 70 36 6 1478
1 98 55 84 54 48 3 1479
1 64 76 47 77 46 1 1480
0 116 71 54 76 47 3 1481
0 64 76 47 70 56 3 1482
1 103 76 45 83 35 2 1483
1 79 70 57 65 64 2 1484
0 102 63 46 74 63 3 1485
1 140 75 48 50 56 2 1486
1 102 71 61 71 61 3 1487
1 140 71 36 78 22 1 1488
0 26 63 55 79 21 3 1489
0 128 76 22 70 52 3 1490
1 89 75 48 79 48 2 1491
1 64 78 28 62 26 1 1492
0 26 60 51 77 48 3 1493
0 64 76 45 73 49 3 1494
1 26 76 46 78 52 1 1495
1 143 78 38 78 43 1 1496
1 119 73 50 79 55 2 1497
1 102 66 81 63 64 6 1498
0 140 76 38 71 54 3 1499
0 102 68 56 71 58 5 1500
0 70 73 52 70 57 3 1501
1 26 68 57 77 39 1 1502
1 26 80 47 76 58 3 1503
0 140 65 33 68 35 5 1504
0 140 68 61 67 62 3 1505
1 64 70 26 64 30 1 1506
1 18 75 56 71 59 2 1507
1 136 79 45 75 41 2 1508
1 140 80 32 82 36 6 1509
1 102 79 54 75 57 1 1510
0 64 76 38 76 18 3 1511
1 26 76 40 82 40 5 1512
1 117 79 27 73 50 3 1513
1 78 73 62 82 35 1 1514
1 119 69 56 76 45 1 1515
0 26 74 48 82 40 5 1516
1 26 70 39 72 38 1 1517
1 140 78 38 80 40 1 1518
1 102 63 73 64 74 1 1519
0 59 66 63 66 76 3 1520
1 101 70 57 58 57 1 1521
1 81 70 46 58 46 1 1522
1 36 73 50 76 57 2 1523
1 110 68 56 78 54 2 1524
1 117 74 53 77 48 2 1525
1 64 76 44 78 43 3 1526
0 38 79 40 84 37 3 1527
1 140 78 42 73 54 2 1528
0 102 76 49 62 56 3 1529
1 102 77 40 82 38 2 1530
0 140 83 39 82 48 3 1531
1 106 79 45 76 48 4 1532
0 64 75 48 72 52 3 1533
1 21 77 39 72 54 1 1534
0 89 78 54 70 55 3 1535
0 40 78 41 68 72 3 1536
0 64 73 49 75 49 3 1537
0 140 78 38 76 46 3 1538
0 102 77 42 79 47 3 1539
0 52 76 47 78 44 3 1540
0 64 71 53 69 55 3 1541
1 140 62 51 68 59 3 1542
1 113 72 36 72 61 2 1543
0 38 79 46 75 14 3 1544
0 64 70 54 78 40 3 1545
0 111 77 42 73 35 3 1546
1 102 79 37 75 46 1 1547
0 64 76 46 68 58 3 1548
0 26 76 43 55 85 3 1549
0 140 79 43 78 38 3 1550
0 102 84 37 71 56 3 1551
1 140 81 36 71 29 1 1552
0 102 78 38 83 35 4 1553
0 142 77 48 72 53 3 1554
1 64 75 49 71 53 2 1555
1 102 70 22 76 32 1 1556
0 102 72 57 78 40 3 1557
0 79 76 46 68 57 3 1558
1 105 71 55 70 53 1 1559
1 62 77 48 74 50 2 1560
1 89 71 64 75 47 1 1561
0 26 28 14 97 0 3 1562
1 102 77 50 76 39 1 1563
1 135 70 58 68 57 1 1564
1 102 77 57 73 63 5 1565
1 140 77 47 62 50 1 1566
0 53 77 42 72 24 3 1567
0 64 71 56 66 61 3 1568
1 102 70 57 74 62 1 1569
1 26 79 48 77 56 6 1570
1 70 80 47 81 41 1 1571
0 64 76 58 69 58 3 1572
1 26 83 43 74 48 5 1573
1 140 74 44 84 36 6 1574
0 140 68 55 69 53 5 1575
1 108 70 57 75 62 1 1576
0 64 82 37 78 40 3 1577
0 138 64 81 67 76 3 1578
0 140 82 44 74 60 3 1579
1 5 72 37 80 48 2 1580
1 140 81 18 82 16 1 1581
0 26 77 42 76 46 3 1582
1 140 81 45 82 42 2 1583
0 26 68 61 80 51 3 1584
1 36 77 39 82 38 1 1585
0 90 78 38 81 40 3 1586
0 47 71 53 69 58 3 1587
0 64 82 34 71 36 6 1588
1 119 51 52 50 54 2 1589
0 26 67 61 75 60 3 1590
1 52 72 51 75 59 3 1591
0 102 63 54 47 50 3 1592
1 61 75 50 78 46 2 1593
1 33 76 51 79 51 2 1594
1 102 79 40 78 42 1 1595
0 102 73 49 80 47 5 1596
0 64 78 54 76 58 3 1597
1 96 72 52 77 54 1 1598
0 140 81 41 77 54 3 1599
0 31 75 60 70 58 3 1600
0 102 75 60 64 81 3 1601
1 102 76 37 81 52 1 1602
0 68 84 34 81 46 3 1603
0 64 70 57 68 56 3 1604
1 140 75 25 78 32 4 1605
0 72 81 51 69 59 3 1606
0 66 66 71 67 71 3 1607
0 74 69 56 70 56 3 1608
0 56 81 42 76 49 3 1609
1 9 76 49 72 52 2 1610
0 26 81 48 80 52 6 1611
1 140 71 39 75 46 5 1612
0 64 76 24 77 45 3 1613
0 102 79 43 77 39 3 1614
1 140 69 39 75 43 1 1615
0 106 75 49 77 47 3 1616
0 88 70 54 70 54 4 1617
1 61 69 56 70 60 1 1618
0 22 75 47 71 64 3 1619
1 102 78 44 71 52 1 1620
1 82 80 40 82 38 2 1621
1 26 76 47 79 48 1 1622
0 82 73 52 79 47 3 1623
1 26 76 45 70 57 1 1624
0 26 78 48 68 59 3 1625
1 72 73 50 71 53 1 1626
1 26 66 35 82 43 1 1627
0 26 77 24 80 20 3 1628
0 26 72 54 77 41 5 1629
0 93 79 53 73 65 3 1630
1 102 72 66 76 44 1 1631
0 112 77 46 74 63 3 1632
1 64 79 38 79 52 1 1633
1 91 55 49 70 38 2 1634
1 102 78 23 76 27 5 1635
0 140 76 44 73 50 3 1636
1 63 71 53 78 48 1 1637
0 102 72 54 69 59 3 1638
0 50 73 64 75 61 3 1639
1 102 79 51 82 45 1 1640
0 121 72 51 60 52 3 1641
0 101 74 50 76 43 3 1642
1 140 69 46 69 42 2 1643
1 119 76 40 75 60 1 1644
1 102 70 56 71 52 1 1645
0 118 79 42 77 59 3 1646
0 64 77 45 80 41 3 1647
0 14 69 57 71 46 3 1648
0 140 73 50 76 43 3 1649
0 140 78 51 74 48 3 1650
0 102 77 53 73 66 3 1651
1 26 82 40 72 53 1 1652
0 140 64 51 66 34 6 1653
1 142 79 39 76 43 2 1654
1 97 74 49 80 25 4 1655
0 116 76 43 73 50 3 1656
1 140 83 36 76 47 1 1657
1 26 77 39 68 59 1 1658
1 70 77 39 61 47 1 1659
0 29 83 34 70 53 3 1660
0 140 78 54 75 44 3 1661
0 26 84 33 75 53 3 1662
0 11 80 45 82 37 3 1663
1 102 70 55 78 57 2 1664
1 26 73 51 75 46 1 1665
0 64 69 37 78 18 6 1666
0 64 53 47 67 26 3 1667
0 115 82 45 78 42 3 1668
0 73 73 64 61 52 3 1669
0 70 76 51 84 35 3 1670
1 72 81 43 76 41 1 1671
1 26 69 57 69 58 1 1672
1 122 71 57 69 19 1 1673
0 140 76 45 76 48 5 1674
1 26 73 62 72 62 5 1675
1 142 77 41 82 39 1 1676
0 62 76 27 76 47 3 1677
0 64 79 43 79 39 3 1678
0 64 76 51 74 52 3 1679
1 140 76 57 77 53 4 1680
0 140 83 34 76 39 4 1681
1 112 79 54 79 37 2 1682
1 29 75 60 72 51 1 1683
0 93 78 42 79 53 3 1684
0 26 74 59 78 44 3 1685
1 140 74 60 65 63 1 1686
1 128 77 41 77 44 4 1687
0 101 76 57 73 65 3 1688
0 64 77 56 74 61 3 1689
1 143 78 39 70 57 3 1690
0 102 72 52 75 57 5 1691
1 114 83 44 72 26 2 1692
0 119 74 50 78 47 3 1693
0 57 73 53 71 58 3 1694
0 94 74 24 77 44 3 1695
1 68 76 56 78 53 2 1696
1 140 73 55 82 46 1 1697
0 30 75 60 60 53 3 1698
1 64 74 48 74 48 1 1699
0 26 83 35 78 53 3 1700
1 26 76 47 77 57 1 1701
1 140 78 52 79 50 1 1702
1 102 71 52 69 55 1 1703
1 25 67 59 70 55 3 1704
0 140 71 36 77 19 3 1705
1 126 78 40 75 48 1 1706
0 64 75 58 77 42 3 1707
0 102 61 55 73 64 3 1708
1 26 77 37 77 37 3 1709
0 47 69 68 69 57 3 1710
0 94 82 37 73 23 3 1711
1 64 72 38 71 37 1 1712
1 102 71 54 78 42 1 1713
0 64 72 56 82 35 5 1714
0 28 78 38 77 44 3 1715
0 64 66 51 68 50 3 1716
0 102 76 61 73 59 3 1717
0 14 60 28 65 31 3 1718
1 64 76 46 77 39 2 1719
0 85 74 63 77 54 3 1720
0 65 80 46 78 55 3 1721
0 140 82 38 80 49 3 1722
0 64 83 39 76 43 3 1723
0 121 79 54 79 51 3 1724
0 35 74 47 72 50 3 1725
1 102 78 22 88 10 1 1726
1 44 73 49 77 50 1 1727
1 100 74 46 75 48 1 1728
0 64 78 42 79 52 3 1729
1 47 79 36 72 50 1 1730
1 101 80 47 81 51 2 1731
0 140 75 48 68 55 3 1732
1 87 80 25 74 52 3 1733
0 102 78 53 69 46 5 1734
0 91 71 52 81 48 3 1735
1 26 75 44 75 46 1 1736
0 140 76 59 70 55 3 1737
0 26 75 59 65 66 3 1738
1 57 79 38 77 46 1 1739
1 112 80 44 69 64 1 1740
1 25 72 51 76 46 1 1741
1 140 71 63 72 61 6 1742
1 52 73 50 77 47 1 1743
1 64 49 55 49 55 2 1744
0 64 78 38 78 48 3 1745
0 69 79 44 75 51 3 1746
1 41 74 63 69 60 1 1747
0 26 85 35 69 58 3 1748
0 17 73 62 79 44 3 1749
0 140 76 21 78 29 3 1750
1 57 75 56 73 51 2 1751
1 102 74 24 78 32 1 1752
0 86 73 35 67 39 3 1753
1 1 77 24 69 35 2 1754
1 64 78 53 72 52 1 1755
0 64 75 43 79 48 3 1756
0 102 68 58 73 61 3 1757
1 23 79 52 82 40 3 1758
1 26 73 50 76 52 5 1759
0 74 79 43 76 46 3 1760
1 64 79 55 79 55 5 1761
0 42 72 49 69 58 3 1762
0 102 76 40 71 63 3 1763
0 115 76 58 75 62 3 1764
0 102 80 50 66 78 3 1765
0 100 71 69 68 65 3 1766
0 29 75 26 79 46 3 1767
1 56 79 46 74 50 2 1768
1 133 68 55 73 49 1 1769
0 3 63 52 61 54 3 1770
0 26 62 49 54 44 3 1771
1 140 72 51 70 58 6 1772
0 19 78 40 83 35 3 1773
1 26 76 49 77 47 1 1774
1 116 74 64 70 64 2 1775
1 140 68 40 65 36 2 1776
0 102 76 57 79 53 3 1777
1 102 72 54 73 52 5 1778
1 114 82 44 78 52 1 1779
1 45 68 35 63 32 4 1780
0 100 72 57 72 53 3 1781
1 102 78 41 74 48 2 1782
1 4 76 57 79 45 4 1783
1 136 79 48 83 44 1 1784
1 68 76 52 63 44 2 1785
0 102 74 60 76 54 5 1786
1 140 83 40 80 43 1 1787
0 43 83 38 72 53 3 1788
1 30 82 37 70 56 4 1789
1 26 79 48 65 27 6 1790
1 64 80 51 68 59 2 1791
0 64 70 57 65 65 3 1792
0 26 70 56 76 47 3 1793
0 64 76 40 73 3 3 1794
0 64 70 31 70 36 3 1795
0 26 69 58 73 62 3 1796
0 128 76 44 83 45 4 1797
0 45 69 73 78 57 3 1798
0 140 68 55 70 57 3 1799
0 50 71 36 67 34 4 1800
1 102 69 37 71 39 3 1801
1 2 82 46 75 41 1 1802
1 59 81 41 77 27 2 1803
1 64 80 39 77 44 1 1804
0 140 80 48 24 36 3 1805
1 19 74 52 71 58 1 1806
0 142 75 38 70 57 3 1807
0 64 88 5 65 4 3 1808
1 62 70 60 67 77 1 1809
0 64 76 55 73 64 3 1810
1 64 79 46 77 39 1 1811
0 122 68 46 53 47 3 1812
0 140 70 56 72 38 3 1813
1 68 71 51 61 78 1 1814
1 102 74 49 67 62 6 1815
1 102 77 42 79 47 1 1816
1 26 62 52 70 54 1 1817
0 140 82 34 79 53 3 1818
1 26 81 43 79 44 2 1819
1 26 75 46 76 57 1 1820
1 140 83 34 76 39 1 1821
0 64 70 54 79 48 3 1822
1 64 76 46 80 51 2 1823
1 102 77 42 70 58 1 1824
1 64 77 55 74 62 6 1825
0 74 75 52 75 49 3 1826
0 18 72 51 69 58 3 1827
1 40 73 52 55 45 1 1828
0 102 78 51 76 54 3 1829
1 123 82 41 80 39 1 1830
0 28 70 56 72 50 3 1831
1 0 69 57 69 59 2 1832
1 66 70 54 77 59 1 1833
0 64 82 45 78 39 3 1834
1 27 76 45 71 69 1 1835
0 64 77 42 73 50 5 1836
0 64 72 50 81 46 5 1837
0 102 71 54 75 41 3 1838
1 129 72 64 82 42 2 1839
0 44 78 45 75 61 3 1840
1 64 69 56 79 51 1 1841
0 12 73 63 73 65 3 1842
0 102 73 66 71 54 3 1843
0 64 71 56 75 60 3 1844
0 140 74 63 72 56 3 1845
1 64 85 35 76 46 1 1846
1 22 72 51 69 55 1 1847
0 140 83 39 78 55 3 1848
0 26 76 51 76 39 5 1849
0 107 77 46 61 52 3 1850
1 107 78 40 78 41 1 1851
1 102 68 57 67 59 5 1852
0 64 79 55 81 46 3 1853
0 14 79 53 79 45 3 1854
1 137 82 43 82 43 1 1855
1 102 73 64 70 67 1 1856
1 121 79 52 60 40 1 1857
1 26 68 58 69 57 1 1858
0 68 72 62 76 58 3 1859
1 140 80 44 74 62 1 1860
1 140 76 57 60 72 6 1861
1 26 71 68 73 62 2 1862
1 140 75 52 75 61 1 1863
0 54 70 57 67 61 3 1864
1 75 77 48 74 50 3 1865
1 136 75 46 58 45 1 1866
0 102 79 37 69 55 3 1867
1 26 75 48 74 51 5 1868
1 116 74 50 68 55 2 1869
0 140 77 41 80 48 6 1870
0 140 75 50 75 46 3 1871
1 64 83 33 69 35 3 1872
1 4 75 53 76 50 1 1873
0 61 71 23 70 34 3 1874
0 97 74 49 67 61 3 1875
1 140 70 54 76 53 3 1876
1 91 77 43 75 47 1 1877
0 26 83 45 79 43 3 1878
0 140 74 48 77 42 3 1879
0 8 83 34 76 20 3 1880
1 56 76 46 78 43 3 1881
0 102 78 46 76 56 3 1882
0 64 76 53 69 64 4 1883
0 102 70 55 44 39 5 1884
1 128 82 39 77 41 2 1885
1 79 80 41 78 38 1 1886
1 26 68 59 69 57 1 1887
0 23 76 48 69 56 3 1888
0 95 82 38 75 53 3 1889
1 64 80 48 75 48 1 1890
0 109 81 41 80 46 4 1891
0 47 82 43 85 35 3 1892
0 29 77 54 82 45 3 1893
0 66 72 51 69 56 3 1894
1 102 76 57 70 56 1 1895
1 102 28 14 59 82 1 1896
1 102 77 43 74 49 1 1897
0 43 76 47 78 43 3 1898
0 26 73 12 83 43 3 1899
1 102 77 53 74 48 4 1900
0 79 74 61 75 50 3 1901
1 140 83 36 73 51 1 1902
0 102 69 49 68 52 3 1903
1 136 78 55 77 25 2 1904
1 64 75 47 74 50 5 1905
0 31 76 42 66 68 3 1906
0 64 83 34 79 30 3 1907
0 75 69 54 60 46 3 1908
1 26 69 59 79 47 2 1909
1 26 82 46 80 47 1 1910
0 102 70 56 70 56 3 1911
1 112 83 44 79 40 1 1912
0 138 73 52 46 36 3 1913
0 26 79 54 77 58 3 1914
1 26 77 29 75 27 4 1915
1 64 66 34 79 38 1 1916
0 140 78 47 77 43 3 1917
1 140 75 61 66 76 1 1918
1 64 56 74 70 71 1 1919
0 138 74 61 61 54 3 1920
0 102 78 48 78 40 3 1921
0 26 78 41 78 33 3 1922
1 26 74 52 74 51 1 1923
0 140 76 54 74 51 3 1924
1 102 80 30 78 57 1 1925
1 131 55 47 57 47 1 1926
1 105 79 50 78 41 1 1927
1 83 67 73 79 51 4 1928
0 12 84 37 76 55 3 1929
0 26 77 41 82 45 3 1930
0 64 79 42 83 45 3 1931
1 86 40 37 47 41 1 1932
1 140 82 45 72 55 4 1933
0 26 79 51 68 58 3 1934
0 133 74 62 79 51 3 1935
0 37 73 53 70 56 3 1936
0 140 77 46 76 49 3 1937
1 116 73 60 84 37 3 1938
0 84 76 47 73 50 3 1939
0 26 69 59 79 48 3 1940
0 26 75 51 84 34 3 1941
1 108 75 60 33 55 2 1942
1 2 72 53 70 55 1 1943
0 102 83 38 70 55 3 1944
0 59 78 46 80 40 3 1945
1 104 75 48 76 49 1 1946
0 64 76 44 76 48 3 1947
0 66 73 55 76 42 3 1948
0 26 64 33 81 41 3 1949
1 140 72 65 78 53 1 1950
1 93 71 55 72 52 2 1951
0 25 71 55 76 61 3 1952
1 109 77 30 80 28 1 1953
0 64 75 40 78 43 3 1954
1 102 70 59 69 56 2 1955
1 16 78 41 81 44 2 1956
0 14 74 52 76 47 3 1957
1 93 56 45 63 46 1 1958
0 64 68 56 79 49 5 1959
1 46 80 44 76 49 1 1960
1 140 78 41 76 44 1 1961
1 7 70 55 89 3 1 1962
1 64 80 52 80 46 2 1963
1 5 77 30 77 44 3 1964
0 102 80 48 79 50 3 1965
0 64 85 34 76 45 3 1966
1 73 75 27 71 32 2 1967
0 135 82 38 71 52 3 1968
1 3 81 45 82 42 1 1969
1 140 78 37 78 38 1 1970
1 67 87 42 87 47 1 1971
1 60 75 61 76 48 1 1972
0 13 76 49 84 32 3 1973
0 140 74 62 66 79 3 1974
1 140 69 58 71 54 1 1975
1 26 75 48 78 48 1 1976
1 64 80 40 78 37 4 1977
1 19 74 52 79 44 2 1978
1 61 69 36 66 39 1 1979
1 14 74 24 54 48 2 1980
0 14 73 53 75 47 3 1981
0 26 77 47 82 40 3 1982
0 105 77 44 81 43 3 1983
1 64 77 43 77 43 1 1984
1 1 77 57 73 60 1 1985
1 126 79 38 79 40 2 1986
1 103 77 50 69 56 2 1987
1 30 71 35 68 57 1 1988
1 26 67 36 76 48 1 1989
1 56 79 50 94 92 3 1990
0 28 74 48 77 46 3 1991
1 35 78 53 76 56 4 1992
1 102 71 57 76 59 1 1993
0 111 81 44 76 41 3 1994
1 102 72 51 76 55 4 1995
0 77 77 42 76 46 3 1996
1 101 69 58 75 49 1 1997
0 26 79 46 78 42 4 1998
1 13 79 48 73 64 1 1999
