0 30 54 39 50 31 3 0
0 33 53 45 53 46 3 1
1 73 52 48 54 45 1 2
0 50 49 52 47 54 3 3
1 117 49 53 51 49 1 4
0 141 48 56 53 41 3 5
1 33 52 27 49 37 5 6
0 69 52 44 49 52 3 7
0 69 53 43 54 39 5 8
1 69 51 50 55 39 1 9
0 69 57 37 52 59 3 10
1 73 49 39 53 40 1 11
1 35 56 44 54 40 2 12
1 10 43 45 54 51 1 13
0 105 46 34 47 37 3 14
1 133 48 60 50 62 1 15
0 75 55 51 54 42 3 16
0 69 55 31 55 43 5 17
1 69 48 38 54 43 1 18
0 33 51 49 54 47 3 19
0 105 53 45 54 54 6 20
0 60 57 37 48 57 4 21
1 33 52 40 58 35 2 22
1 42 52 49 49 51 1 23
0 105 48 59 55 41 5 24
1 69 52 49 53 42 3 25
0 69 56 41 44 46 3 26
0 69 54 40 51 56 3 27
0 105 53 56 55 41 3 28
0 118 55 47 43 44 3 29
1 105 57 40 57 39 5 30
1 112 48 54 54 24 1 31
1 141 54 43 54 47 1 32
1 141 53 47 53 43 4 33
0 33 50 50 43 46 3 34
1 69 50 36 47 68 1 35
0 141 49 50 53 45 3 36
0 69 52 58 50 59 3 37
0 141 52 52 54 44 3 38
0 105 56 46 50 49 5 39
0 69 55 41 54 38 3 40
0 131 45 34 49 38 3 41
1 73 53 51 47 48 4 42
0 122 55 51 52 47 3 43
0 141 57 42 56 48 3 44
1 31 50 50 49 52 1 45
0 69 54 38 55 42 3 46
1 16 56 29 56 31 1 47
0 33 50 54 50 54 3 48
0 111 45 35 43 36 3 49
0 30 93 4 93 4 3 50
1 136 49 53 52 27 1 51
0 59 54 38 56 38 3 52
0 17 51 46 52 56 3 53
0 100 56 47 56 37 3 54
1 33 51 61 49 63 1 55
0 37 46 59 47 57 4 56
0 142 53 41 55 40 3 57
0 33 53 41 54 40 3 58
0 141 52 56 47 69 3 59
1 108 54 37 52 45 2 60
1 16 57 39 51 48 2 61
1 122 52 45 53 46 1 62
0 105 43 69 49 65 3 63
0 33 48 68 55 51 5 64
1 84 52 56 39 78 1 65
1 141 47 54 49 51 2 66
1 141 55 41 52 47 2 67
0 24 55 46 54 50 3 68
1 33 57 44 55 43 3 69
1 69 51 28 53 26 1 70
0 20 50 59 51 58 3 71
1 69 39 27 50 49 3 72
0 42 48 56 46 61 3 73
0 33 51 49 32 36 5 74
1 105 54 38 52 56 2 75
0 45 55 47 53 54 3 76
1 6 58 38 53 54 2 77
1 55 56 46 57 44 1 78
0 33 55 37 56 30 3 79
1 55 55 50 51 61 1 80
0 69 53 54 53 40 4 81
0 33 50 49 52 48 3 82
1 135 52 46 48 53 3 83
1 33 55 46 53 47 1 84
0 141 53 52 53 45 3 85
1 16 50 48 55 43 2 86
0 33 52 48 53 45 5 87
0 39 51 46 50 49 3 88
1 116 55 48 53 32 1 89
0 22 35 52 35 52 4 90
1 89 57 43 55 41 1 91
0 141 57 44 56 48 3 92
1 106 48 54 51 49 2 93
0 121 53 41 55 47 3 94
0 61 54 43 53 41 3 95
1 140 49 39 54 39 3 96
1 141 52 57 51 62 1 97
1 20 54 48 55 47 1 98
1 70 46 61 47 62 1 99
1 115 47 56 43 66 2 100
1 33 55 25 43 79 1 101
1 69 53 52 45 47 1 102
1 32 49 66 56 39 4 103
1 73 57 43 53 50 4 104
1 105 49 57 49 52 1 105
1 123 53 39 52 57 1 106
0 0 49 55 49 55 3 107
1 102 53 48 54 43 2 108
1 33 50 59 54 38 2 109
0 35 48 50 52 46 3 110
0 21 57 42 52 58 4 111
0 79 44 51 54 38 3 112
0 1 55 51 52 45 3 113
0 63 45 34 55 24 3 114
1 141 47 61 48 62 2 115
0 91 53 55 51 58 3 116
0 141 55 46 48 35 3 117
0 105 52 47 51 47 3 118
1 33 50 48 47 63 1 119
0 105 54 44 53 46 3 120
1 69 53 41 53 45 1 121
1 33 52 27 51 58 2 122
0 105 53 43 52 47 3 123
1 102 53 46 51 27 1 124
0 105 57 37 53 26 3 125
1 105 46 71 34 85 5 126
1 33 58 35 50 51 2 127
0 90 58 36 54 46 3 128
0 105 45 51 43 44 3 129
1 105 53 44 48 55 5 130
0 141 48 54 49 54 3 131
0 69 55 46 54 54 3 132
1 105 55 32 57 45 5 133
0 134 49 53 47 55 3 134
0 105 54 46 56 42 3 135
0 69 46 35 53 38 3 136
0 39 53 52 50 51 3 137
0 69 55 48 56 39 3 138
0 115 51 50 53 46 3 139
0 69 50 50 48 53 6 140
1 141 49 54 56 50 1 141
0 33 49 41 56 31 3 142
1 77 57 37 53 54 1 143
1 33 53 37 53 45 1 144
0 55 55 47 50 48 3 145
0 38 51 48 53 45 3 146
1 96 50 53 48 54 1 147
1 86 49 55 50 60 1 148
0 143 48 55 55 40 3 149
1 105 56 41 53 47 1 150
1 111 49 55 66 60 4 151
0 69 56 43 53 45 3 152
0 30 54 39 52 45 3 153
0 21 53 54 49 53 3 154
0 105 57 39 52 46 3 155
1 130 57 36 53 25 4 156
0 141 52 46 46 73 5 157
0 106 51 48 50 60 3 158
1 46 50 26 45 53 1 159
1 36 52 58 55 51 1 160
0 135 48 54 54 51 3 161
0 134 54 44 55 51 3 162
0 33 50 52 48 52 3 163
0 105 47 38 52 25 3 164
1 69 55 39 54 43 2 165
0 139 48 54 48 53 3 166
1 69 47 39 56 40 1 167
1 69 56 42 47 36 1 168
0 99 43 35 43 33 3 169
1 60 52 55 48 53 1 170
1 105 49 54 50 62 1 171
1 105 53 37 49 52 1 172
1 33 52 56 53 43 3 173
1 124 54 43 33 41 2 174
1 105 33 69 55 47 1 175
1 105 50 23 47 66 1 176
0 81 54 52 47 71 3 177
0 122 54 45 57 44 4 178
1 105 56 43 57 39 2 179
0 141 53 44 52 46 3 180
1 33 49 53 48 53 1 181
0 34 44 78 47 61 4 182
0 33 49 54 58 19 3 183
1 105 55 43 55 41 6 184
1 105 55 52 49 56 3 185
0 105 70 49 91 0 3 186
1 105 58 36 53 52 1 187
0 105 48 54 52 43 3 188
1 103 50 49 51 46 1 189
0 105 57 40 53 47 5 190
0 31 55 38 49 53 3 191
0 33 49 52 48 54 3 192
0 59 54 52 50 53 3 193
1 56 51 59 51 55 1 194
0 69 54 25 54 39 5 195
1 24 55 47 57 43 1 196
0 141 49 35 53 32 3 197
1 69 57 47 56 44 1 198
0 136 56 41 50 50 3 199
1 63 52 55 51 49 2 200
1 141 48 54 56 41 2 201
1 33 48 67 47 63 1 202
0 33 50 49 53 45 6 203
1 105 54 52 54 51 5 204
0 142 53 54 51 61 3 205
1 69 53 47 49 54 1 206
1 141 53 45 53 45 1 207
1 14 51 61 56 43 1 208
1 69 48 53 49 52 1 209
0 5 56 49 51 48 3 210
0 8 54 42 56 43 4 211
1 33 48 53 53 40 1 212
0 102 51 51 54 41 4 213
1 69 50 52 48 55 1 214
0 92 50 37 53 32 3 215
0 105 57 37 53 43 3 216
1 105 54 46 52 43 1 217
1 33 55 52 50 49 1 218
0 33 49 38 48 40 3 219
0 105 54 36 57 44 5 220
0 141 51 61 48 55 3 221
0 1 52 59 55 51 3 222
0 141 57 37 49 52 3 223
1 7 56 50 53 54 4 224
0 105 52 44 55 47 3 225
0 105 48 55 33 40 3 226
1 74 51 49 52 44 1 227
1 33 55 39 55 47 1 228
0 69 55 41 51 47 3 229
1 80 51 49 48 54 1 230
0 79 57 35 49 51 4 231
0 141 51 59 57 47 3 232
0 55 51 48 49 45 4 233
0 105 49 55 54 55 3 234
0 33 50 54 55 53 3 235
0 94 49 53 57 45 4 236
1 133 50 49 57 35 1 237
0 141 57 45 55 42 3 238
1 33 53 40 48 53 1 239
0 33 54 38 52 47 3 240
0 134 53 48 52 50 3 241
1 69 54 44 48 55 1 242
0 69 51 58 54 42 3 243
1 33 53 55 34 0 2 244
0 105 42 74 42 74 3 245
1 69 53 54 53 46 1 246
1 69 57 35 53 51 1 247
1 141 53 52 53 51 2 248
1 69 53 51 54 43 1 249
1 92 52 46 55 48 1 250
1 105 52 48 52 57 1 251
1 137 49 52 55 40 1 252
1 24 58 35 49 56 1 253
1 33 53 46 53 51 2 254
0 105 53 41 53 50 3 255
1 121 49 51 48 53 1 256
1 69 54 39 55 46 2 257
1 69 49 57 56 23 1 258
1 141 50 50 57 35 2 259
1 105 53 40 51 50 1 260
0 90 51 48 47 47 3 261
0 69 55 49 56 45 3 262
0 20 49 60 51 60 3 263
1 77 55 48 57 45 1 264
1 105 52 45 48 54 1 265
1 4 55 40 52 47 1 266
0 33 55 50 55 48 3 267
1 69 56 42 53 40 3 268
1 34 54 43 53 46 1 269
1 90 57 44 54 49 1 270
1 105 56 43 57 46 3 271
0 105 57 37 57 37 6 272
1 130 54 39 53 43 2 273
0 10 48 52 51 56 3 274
0 105 56 47 56 47 3 275
0 141 51 49 57 41 5 276
0 69 54 47 54 41 3 277
1 35 52 46 51 57 1 278
0 33 51 51 52 49 3 279
1 112 51 57 48 55 1 280
0 53 50 49 53 51 3 281
1 121 56 38 53 44 2 282
0 141 54 52 51 59 3 283
1 143 53 51 52 43 2 284
1 58 49 51 48 54 1 285
0 64 50 54 57 46 3 286
1 93 46 24 41 22 1 287
1 105 52 50 53 48 1 288
0 59 51 52 50 49 3 289
1 105 50 61 48 55 2 290
1 81 54 40 36 43 1 291
0 141 55 40 54 42 3 292
0 35 53 51 52 43 3 293
0 31 46 37 56 43 3 294
0 7 55 43 52 58 3 295
1 141 42 30 48 31 1 296
0 42 49 52 51 48 3 297
1 68 49 54 48 54 1 298
1 135 53 44 55 47 3 299
1 33 48 47 49 63 6 300
0 141 51 48 52 48 3 301
1 129 48 53 49 55 1 302
1 109 21 19 41 22 1 303
0 99 45 32 47 35 3 304
0 72 55 49 55 49 3 305
1 141 56 42 55 43 5 306
0 50 54 43 52 46 3 307
0 141 56 34 48 38 3 308
0 132 50 50 48 52 3 309
0 33 54 51 35 52 3 310
0 73 50 50 49 53 3 311
1 1 53 49 48 53 1 312
1 71 52 46 59 35 1 313
1 69 32 65 38 79 1 314
0 33 49 45 46 36 3 315
1 33 57 35 59 35 4 316
1 69 48 53 56 46 1 317
1 128 55 40 48 62 4 318
1 69 51 49 48 54 1 319
0 123 41 53 39 47 3 320
0 40 55 43 56 39 3 321
1 33 52 46 49 52 1 322
0 105 53 23 46 40 3 323
1 81 53 45 48 45 1 324
0 33 52 48 53 43 3 325
1 141 51 60 48 56 5 326
1 109 51 51 53 53 3 327
1 58 55 31 22 35 1 328
1 78 48 56 49 53 2 329
0 30 57 39 50 51 3 330
1 105 55 46 55 48 1 331
1 84 39 28 44 24 1 332
0 139 48 55 52 29 3 333
0 41 52 57 50 51 3 334
1 33 49 56 51 54 1 335
1 63 42 72 43 78 1 336
0 86 54 43 52 49 3 337
0 71 58 36 56 42 3 338
0 141 54 38 57 43 3 339
0 72 54 38 52 48 3 340
1 27 54 41 46 31 1 341
1 33 55 42 55 38 3 342
1 33 54 54 53 56 1 343
1 143 57 43 57 43 1 344
1 141 52 47 52 47 1 345
1 21 52 48 51 50 2 346
0 105 54 52 47 72 3 347
1 33 55 44 52 45 1 348
0 69 54 39 55 47 6 349
1 141 51 53 50 50 1 350
1 141 53 52 58 38 2 351
1 91 53 42 53 43 2 352
1 3 51 48 52 46 2 353
1 141 52 57 48 53 1 354
1 69 53 45 49 54 1 355
0 88 51 48 54 47 3 356
1 116 59 35 53 32 4 357
0 57 58 34 48 51 3 358
0 74 48 52 52 48 3 359
1 33 47 38 49 38 5 360
0 1 56 46 54 44 3 361
1 100 52 47 52 45 1 362
0 40 54 46 57 44 3 363
1 94 50 53 49 54 1 364
1 122 53 45 55 47 1 365
1 141 53 43 51 48 2 366
1 33 49 51 49 54 6 367
0 105 56 47 55 48 3 368
0 141 53 45 50 23 5 369
0 141 49 55 57 35 3 370
1 105 52 42 53 42 1 371
0 141 53 44 55 45 5 372
0 84 53 47 57 46 3 373
1 69 54 46 52 42 2 374
0 20 51 51 51 51 3 375
0 7 55 49 54 46 3 376
1 143 57 35 55 38 2 377
1 136 53 42 53 47 1 378
0 69 43 50 55 38 6 379
1 105 47 39 49 30 1 380
0 141 51 61 49 51 3 381
1 69 53 27 49 38 4 382
0 105 54 42 54 39 3 383
1 141 52 50 56 41 4 384
1 64 55 29 51 29 1 385
1 70 47 56 54 51 2 386
1 78 49 39 54 46 4 387
0 33 47 60 50 60 3 388
1 69 50 61 51 59 2 389
1 105 49 51 52 55 2 390
1 69 49 53 43 51 1 391
1 133 53 40 55 37 3 392
1 12 53 44 52 49 1 393
1 71 54 41 55 40 1 394
0 118 51 59 49 63 3 395
0 142 51 60 55 41 3 396
1 111 55 43 49 55 2 397
0 100 54 42 55 30 3 398
0 33 48 37 54 36 3 399
0 129 54 40 52 47 3 400
0 33 47 55 48 52 3 401
1 141 49 54 51 15 2 402
1 15 57 40 55 47 1 403
0 37 53 25 55 32 3 404
1 60 56 43 48 56 1 405
1 33 55 49 57 47 3 406
0 93 53 46 55 44 3 407
0 105 53 47 50 51 6 408
1 58 53 51 43 68 2 409
1 66 54 43 55 45 1 410
1 54 49 53 53 56 1 411
1 33 52 46 56 40 3 412
0 39 52 47 53 45 3 413
1 22 52 46 56 50 1 414
1 105 54 38 52 29 1 415
0 130 49 54 54 42 3 416
1 66 53 45 46 66 1 417
0 95 57 45 51 48 3 418
1 69 52 49 56 38 3 419
1 69 53 44 49 54 1 420
0 62 55 40 53 47 3 421
1 69 54 40 53 45 2 422
1 33 48 54 56 50 1 423
0 79 51 59 51 58 3 424
1 105 52 51 54 45 2 425
0 94 50 62 50 52 3 426
1 141 52 47 56 39 1 427
0 105 54 51 55 49 6 428
0 105 55 30 47 66 3 429
1 81 53 29 58 36 2 430
0 39 46 59 41 45 3 431
1 69 49 65 48 63 6 432
0 127 49 38 50 63 3 433
0 53 56 29 54 22 3 434
1 132 50 49 55 43 1 435
0 33 54 41 48 55 5 436
1 126 54 51 56 50 1 437
0 36 58 34 56 40 3 438
1 33 58 37 58 37 1 439
0 141 48 51 46 61 5 440
1 69 55 40 53 47 1 441
0 117 54 41 57 35 3 442
0 143 52 42 62 40 3 443
0 69 52 55 51 52 3 444
0 100 53 45 44 48 3 445
0 33 49 53 52 45 5 446
0 9 54 51 38 46 3 447
0 104 53 52 37 68 3 448
1 31 53 54 49 54 1 449
0 63 53 44 52 45 3 450
1 105 57 46 52 47 3 451
0 69 51 57 53 54 3 452
0 141 47 69 55 51 3 453
1 59 48 54 56 47 1 454
1 69 57 39 56 43 6 455
0 105 53 56 49 55 3 456
0 141 50 58 51 57 5 457
0 33 49 54 34 43 3 458
0 80 42 80 44 78 3 459
1 105 53 43 52 57 2 460
0 25 47 58 55 39 3 461
0 142 43 64 44 67 3 462
0 141 53 55 54 53 3 463
1 33 52 46 47 65 3 464
1 69 55 39 50 38 1 465
0 33 51 48 55 44 3 466
1 33 52 56 48 53 1 467
0 105 52 58 53 53 3 468
0 30 57 36 19 50 3 469
0 73 57 37 53 47 3 470
1 89 53 45 54 47 1 471
0 141 56 28 55 40 3 472
1 141 57 36 57 36 1 473
1 2 53 36 55 28 3 474
0 69 53 48 48 54 3 475
0 33 49 52 48 57 4 476
0 105 54 39 54 46 3 477
0 105 53 47 49 54 3 478
1 132 53 52 54 54 2 479
0 104 57 42 52 48 3 480
1 7 43 51 46 48 1 481
1 132 48 57 48 59 1 482
0 105 48 55 54 51 3 483
1 95 49 52 57 45 2 484
0 141 48 54 53 56 3 485
0 69 47 60 50 61 3 486
0 105 56 43 53 41 3 487
0 105 48 55 49 52 5 488
0 105 48 54 46 61 3 489
0 141 48 53 42 50 3 490
1 69 46 47 48 70 2 491
0 141 53 45 50 50 3 492
0 107 54 43 53 57 3 493
1 6 53 55 51 60 4 494
0 138 58 38 43 50 3 495
1 33 55 46 53 45 1 496
0 105 52 46 49 53 5 497
0 55 50 52 53 53 3 498
1 141 56 42 54 25 1 499
1 69 49 38 53 55 1 500
1 33 54 44 54 41 2 501
0 60 51 49 55 46 3 502
1 33 52 58 53 54 6 503
1 30 47 37 47 36 1 504
0 62 50 48 57 35 3 505
1 141 51 48 48 50 1 506
0 58 52 59 52 56 3 507
1 69 51 50 55 41 1 508
1 66 55 51 57 37 4 509
0 105 55 48 54 39 4 510
1 141 45 37 53 8 1 511
0 141 52 55 49 53 3 512
0 33 42 51 47 64 3 513
1 141 53 45 45 51 1 514
1 105 52 49 53 44 6 515
1 12 49 28 53 28 1 516
1 141 54 50 50 53 1 517
0 141 54 53 55 47 3 518
0 33 47 37 56 42 3 519
0 63 46 73 38 34 3 520
1 98 53 48 53 55 1 521
0 33 49 53 50 53 5 522
1 69 54 41 51 46 1 523
1 132 53 51 51 49 2 524
0 141 48 54 48 52 3 525
0 132 48 56 46 61 3 526
0 33 50 53 52 57 3 527
1 69 56 39 47 56 1 528
1 124 54 46 55 45 1 529
1 69 52 46 53 48 6 530
0 33 52 49 54 39 4 531
1 0 51 48 52 47 1 532
0 106 56 45 54 41 3 533
1 118 42 73 50 33 3 534
1 54 53 54 50 49 2 535
1 33 52 48 53 44 3 536
0 99 56 50 54 46 3 537
1 33 52 44 46 47 1 538
1 22 55 51 51 48 1 539
1 69 50 58 48 54 1 540
1 47 41 46 41 41 4 541
1 141 53 45 46 36 5 542
1 63 56 47 54 43 2 543
1 33 52 56 48 57 6 544
1 69 52 29 48 52 3 545
1 34 51 47 50 48 2 546
1 141 46 70 47 70 3 547
1 105 55 27 53 25 2 548
0 28 54 40 48 52 3 549
0 141 48 37 49 26 3 550
1 33 48 53 48 55 5 551
0 69 53 44 54 51 5 552
1 69 53 44 55 39 1 553
1 69 33 47 31 43 1 554
1 33 54 45 53 43 1 555
0 69 52 57 50 54 3 556
1 141 48 54 46 60 1 557
1 33 55 23 54 38 1 558
1 77 45 34 57 40 1 559
0 105 48 55 54 41 6 560
1 133 44 50 27 34 1 561
0 75 53 56 52 47 3 562
1 33 56 50 55 43 6 563
1 78 53 51 53 53 1 564
1 68 42 64 40 65 2 565
0 69 57 45 55 49 6 566
1 105 54 53 47 54 5 567
0 82 53 45 51 52 3 568
0 122 53 45 55 42 3 569
0 133 46 50 51 48 3 570
0 69 45 60 49 51 3 571
1 69 50 49 53 39 1 572
0 123 53 47 55 39 3 573
1 141 57 42 49 39 3 574
0 109 51 48 56 28 4 575
0 33 47 53 53 44 3 576
0 78 53 54 56 47 3 577
1 33 51 56 54 45 1 578
0 33 55 41 52 25 3 579
0 69 55 42 48 56 3 580
0 78 52 47 55 38 3 581
0 141 53 54 52 58 3 582
0 105 54 51 48 67 3 583
0 141 53 31 52 56 3 584
1 69 53 27 47 32 2 585
0 141 39 58 42 59 5 586
0 1 56 48 51 49 3 587
1 105 54 46 54 43 5 588
1 43 48 52 43 51 1 589
1 33 55 44 53 46 1 590
1 105 52 47 53 45 1 591
0 69 53 43 53 40 5 592
0 129 52 46 48 53 3 593
1 91 54 45 49 60 3 594
1 33 55 47 18 44 5 595
0 33 53 26 47 30 3 596
0 33 55 49 57 41 3 597
0 33 59 36 51 49 6 598
1 97 53 48 50 52 1 599
1 141 54 42 55 46 1 600
1 119 53 51 47 68 2 601
0 141 49 52 55 51 5 602
1 1 57 43 52 46 1 603
0 96 54 41 54 41 3 604
1 130 53 55 53 27 2 605
0 69 53 54 50 55 5 606
0 33 46 61 49 62 3 607
0 141 53 52 54 50 5 608
0 69 53 58 50 61 3 609
1 105 54 43 56 41 5 610
1 64 57 41 54 41 1 611
0 128 57 44 39 40 4 612
0 58 57 36 23 47 4 613
1 141 51 50 50 50 3 614
0 118 52 49 49 53 3 615
1 58 57 43 53 44 1 616
1 103 21 19 55 51 1 617
1 21 54 40 54 38 1 618
1 127 55 44 55 47 2 619
0 33 55 50 57 43 6 620
1 33 54 38 52 47 1 621
1 141 50 36 50 50 2 622
0 69 30 77 49 61 3 623
0 59 49 55 54 41 3 624
0 33 48 54 51 48 3 625
1 61 54 42 53 40 2 626
0 69 47 63 43 67 3 627
1 46 55 39 56 40 1 628
1 33 48 56 53 50 1 629
0 105 49 52 53 40 3 630
1 36 55 47 55 50 1 631
1 79 52 44 50 49 1 632
0 141 55 47 53 49 3 633
1 53 49 61 53 42 2 634
0 15 51 49 48 56 3 635
0 33 52 58 49 63 3 636
0 33 58 36 48 41 3 637
1 105 52 28 54 46 2 638
0 69 54 41 54 38 6 639
0 141 48 56 49 52 3 640
0 69 54 41 58 34 3 641
0 105 53 46 53 42 5 642
0 76 57 46 54 46 3 643
1 69 54 38 55 43 2 644
1 105 51 49 55 48 1 645
0 69 53 42 53 43 3 646
0 105 48 56 58 36 3 647
0 82 51 48 52 45 3 648
0 69 54 38 43 51 5 649
1 33 48 53 53 54 2 650
1 69 52 57 53 55 6 651
1 27 58 38 57 42 2 652
0 85 50 53 44 53 3 653
1 141 51 36 61 11 4 654
0 141 53 54 47 52 6 655
1 141 55 48 50 51 6 656
0 105 52 57 52 56 3 657
1 33 50 52 40 48 1 658
1 60 57 40 53 40 4 659
1 141 54 45 57 34 1 660
1 105 53 45 49 56 5 661
1 141 52 56 42 53 1 662
1 69 48 54 44 49 1 663
1 141 54 44 53 40 1 664
0 105 52 48 29 38 3 665
1 69 54 39 55 46 1 666
1 105 49 37 56 42 5 667
1 33 51 51 29 38 1 668
1 137 55 45 55 47 1 669
0 16 49 55 52 58 3 670
1 53 54 49 48 53 1 671
0 100 53 39 50 38 3 672
1 1 52 55 52 47 1 673
0 4 46 59 46 63 3 674
1 69 47 65 48 61 2 675
0 33 53 43 54 47 3 676
1 141 52 30 51 18 6 677
0 28 52 45 50 50 3 678
1 105 53 47 48 58 6 679
0 117 53 39 53 39 3 680
0 141 53 44 54 43 3 681
0 141 53 52 57 45 3 682
1 33 54 53 47 64 1 683
1 29 55 41 56 39 1 684
0 23 45 52 50 32 3 685
1 105 53 54 51 49 1 686
0 7 47 63 58 34 3 687
1 57 54 40 50 52 1 688
0 69 52 47 44 50 5 689
1 130 53 45 47 69 3 690
1 141 52 58 51 60 1 691
1 69 51 60 57 41 2 692
1 33 56 43 54 45 2 693
0 36 53 43 57 44 3 694
1 65 51 50 51 59 3 695
0 24 58 36 57 43 3 696
0 55 57 44 48 54 3 697
1 52 34 38 37 41 1 698
1 109 52 57 54 51 2 699
1 69 50 39 53 52 1 700
1 99 50 54 52 54 3 701
0 120 49 38 56 23 3 702
1 84 53 41 53 39 2 703
1 141 55 52 49 55 1 704
1 69 53 42 50 49 3 705
0 105 55 40 49 51 3 706
0 49 49 52 49 62 3 707
0 84 49 54 54 41 3 708
0 114 47 60 48 61 3 709
0 33 48 60 54 42 3 710
1 124 57 37 55 43 2 711
0 51 48 53 50 52 3 712
1 105 53 45 50 52 1 713
1 33 52 58 53 56 1 714
1 21 47 37 57 45 1 715
0 81 47 70 50 61 3 716
0 105 54 40 57 40 3 717
1 89 53 45 48 52 1 718
0 33 54 38 55 46 3 719
0 18 52 56 53 53 3 720
1 69 54 42 53 45 1 721
0 105 52 56 49 55 3 722
1 24 52 46 54 31 2 723
0 69 49 52 54 51 6 724
0 96 46 61 46 66 3 725
1 105 55 38 56 41 1 726
1 33 55 50 52 57 5 727
0 33 56 47 57 36 6 728
0 96 52 26 52 25 3 729
1 37 51 58 52 57 1 730
1 23 55 40 53 45 1 731
1 105 54 45 49 52 1 732
0 66 55 46 52 40 3 733
0 33 54 41 52 46 6 734
1 69 57 41 55 43 3 735
1 69 58 34 46 36 5 736
0 21 38 44 40 46 3 737
1 141 48 63 44 65 1 738
0 33 23 36 37 50 3 739
1 35 54 43 50 52 2 740
0 105 55 45 54 54 3 741
1 6 55 44 58 38 1 742
0 28 52 29 54 39 3 743
0 69 53 41 54 43 5 744
0 69 57 44 53 44 3 745
1 69 49 54 53 46 2 746
1 141 55 48 50 52 1 747
1 86 54 38 56 45 4 748
1 69 47 55 50 48 1 749
1 27 51 49 48 56 1 750
1 28 40 47 40 47 2 751
0 105 48 53 53 45 6 752
0 141 54 41 55 39 3 753
0 114 54 45 56 41 3 754
0 105 56 37 53 50 3 755
0 99 57 35 56 38 3 756
0 34 48 67 55 39 3 757
1 33 55 46 54 49 3 758
1 87 53 40 56 46 3 759
0 141 48 67 48 68 3 760
0 35 54 43 53 45 3 761
0 1 51 58 52 41 3 762
0 83 55 46 54 45 3 763
0 73 54 45 55 41 3 764
1 48 54 54 53 52 1 765
0 105 44 51 30 38 5 766
1 105 47 57 41 79 1 767
1 141 49 28 55 40 1 768
0 63 48 37 53 44 3 769
1 18 52 47 49 55 2 770
1 28 57 42 52 41 1 771
1 102 55 50 55 44 2 772
0 69 49 51 49 37 6 773
1 105 48 59 49 62 4 774
1 67 55 47 56 42 1 775
0 69 53 28 53 43 3 776
0 110 52 58 53 55 3 777
0 12 57 46 55 45 3 778
1 141 53 48 49 54 2 779
1 57 56 32 47 36 2 780
1 141 53 45 54 43 1 781
0 33 52 52 51 55 3 782
0 107 53 46 53 45 3 783
0 69 48 52 53 47 3 784
0 33 55 30 55 33 3 785
0 141 54 49 54 52 3 786
0 83 57 41 55 23 3 787
0 69 53 45 49 52 3 788
1 87 53 40 53 37 2 789
0 123 55 43 57 37 3 790
0 24 51 37 49 36 3 791
1 130 55 45 53 26 2 792
0 28 49 57 52 27 4 793
0 105 52 59 53 55 3 794
0 105 37 45 37 46 3 795
1 33 49 54 54 51 1 796
0 105 53 43 61 45 3 797
0 141 54 38 53 42 3 798
0 105 52 57 53 55 3 799
1 92 56 43 54 47 1 800
0 2 52 54 56 47 3 801
1 2 45 73 31 39 2 802
1 27 56 23 47 24 2 803
1 141 53 45 52 57 3 804
1 33 51 48 53 50 1 805
0 69 53 40 52 42 3 806
0 65 54 47 55 49 3 807
1 134 54 41 52 45 1 808
0 69 55 50 57 41 3 809
0 61 54 46 56 41 3 810
0 141 51 59 42 80 3 811
0 61 56 50 53 46 3 812
1 69 49 53 54 39 6 813
0 67 55 44 55 41 4 814
1 60 20 23 15 15 1 815
1 69 55 46 57 37 3 816
0 135 53 54 55 50 3 817
0 89 55 30 50 52 3 818
0 141 52 57 54 55 6 819
0 95 51 51 49 55 3 820
0 119 54 51 54 50 3 821
1 141 49 52 49 55 1 822
0 33 56 50 42 74 3 823
0 69 52 49 47 54 3 824
0 55 47 59 50 59 3 825
0 129 53 40 52 47 3 826
1 139 51 49 52 51 1 827
0 27 54 50 49 27 3 828
1 97 51 52 56 49 2 829
0 69 54 44 48 55 3 830
0 141 52 45 56 37 5 831
1 132 51 52 56 50 1 832
0 35 53 56 50 50 4 833
0 103 51 61 50 51 3 834
0 105 49 54 51 57 3 835
0 33 49 54 58 40 3 836
1 115 57 45 47 56 1 837
1 132 57 40 53 47 1 838
0 33 37 68 43 62 3 839
1 7 53 46 52 46 1 840
0 122 49 53 53 51 3 841
1 69 56 47 54 52 1 842
1 69 51 57 46 73 1 843
1 69 56 42 53 46 1 844
0 37 43 49 46 51 3 845
0 40 51 48 53 43 3 846
0 105 50 51 53 51 3 847
1 141 53 43 34 51 1 848
1 85 49 52 52 45 1 849
0 10 54 53 51 57 3 850
0 141 51 50 52 56 3 851
1 65 51 48 48 57 1 852
0 65 56 41 52 47 4 853
1 141 54 54 54 52 5 854
0 71 52 57 49 57 3 855
0 13 54 50 53 44 3 856
1 3 44 50 42 52 1 857
1 58 53 45 57 45 1 858
1 17 56 48 55 44 1 859
0 69 52 57 51 61 3 860
0 114 53 52 51 56 3 861
1 80 48 53 56 50 1 862
1 106 51 58 53 23 1 863
1 69 48 53 55 43 4 864
0 141 53 28 52 57 3 865
0 109 56 46 56 41 3 866
0 69 56 50 57 43 3 867
1 22 55 52 53 45 2 868
0 33 48 55 53 46 3 869
0 141 57 44 55 49 3 870
1 129 55 31 56 28 2 871
0 141 48 56 54 55 3 872
1 141 55 48 55 45 1 873
1 105 50 49 52 45 5 874
0 105 53 50 52 56 3 875
0 141 54 38 53 42 3 876
1 33 55 48 55 48 1 877
0 105 50 52 49 56 3 878
0 25 54 49 55 47 3 879
1 100 48 54 54 51 1 880
1 105 53 45 53 45 3 881
1 102 55 39 58 40 1 882
1 33 55 46 53 44 6 883
0 96 53 46 52 54 3 884
1 127 47 38 53 43 1 885
0 33 57 44 52 49 3 886
1 83 48 55 46 59 1 887
1 19 53 41 43 49 1 888
1 69 49 36 47 38 1 889
1 0 51 48 49 52 1 890
1 141 52 47 49 39 1 891
0 69 53 43 52 55 3 892
1 99 53 44 48 55 2 893
0 141 54 25 47 62 3 894
1 33 54 52 53 56 1 895
0 105 54 50 54 43 3 896
0 49 51 50 41 51 3 897
1 33 53 54 52 57 2 898
1 26 53 50 36 53 2 899
0 136 48 54 61 43 4 900
0 31 50 39 49 52 3 901
0 12 49 54 52 57 3 902
0 33 48 53 47 70 5 903
1 33 53 42 53 46 1 904
0 67 54 31 57 35 3 905
0 16 58 38 57 36 3 906
0 69 48 63 48 67 3 907
0 58 49 54 48 61 4 908
0 33 52 44 50 49 3 909
1 33 54 44 54 46 5 910
0 33 49 39 48 40 3 911
1 33 50 53 46 74 1 912
0 0 44 47 54 30 3 913
1 113 56 41 49 50 2 914
1 47 52 50 53 53 1 915
1 119 51 27 57 44 2 916
0 40 53 50 50 52 3 917
0 69 53 45 50 29 5 918
1 105 53 40 53 53 3 919
1 107 48 53 44 50 2 920
0 33 51 48 53 43 3 921
0 33 53 40 49 52 3 922
1 69 43 51 41 53 2 923
1 105 48 54 58 36 1 924
0 105 53 54 48 58 5 925
0 139 56 36 55 38 3 926
0 138 50 62 55 48 4 927
1 105 54 42 54 47 1 928
1 91 56 40 50 50 1 929
1 139 52 49 55 29 3 930
0 69 51 48 44 45 5 931
0 12 53 41 51 62 3 932
0 141 54 42 55 47 3 933
1 33 53 41 55 43 1 934
0 33 52 47 45 51 3 935
1 105 49 54 48 53 1 936
0 105 57 44 54 42 4 937
0 134 55 46 53 41 3 938
1 88 48 37 44 44 2 939
1 138 51 61 52 56 1 940
1 33 55 47 53 41 1 941
0 69 56 35 49 49 6 942
1 33 55 42 53 47 2 943
0 33 52 47 53 42 3 944
1 33 57 39 56 47 1 945
0 105 49 54 54 47 3 946
0 69 48 54 54 39 3 947
1 88 48 35 44 33 1 948
1 33 59 35 47 58 5 949
0 24 51 56 51 59 3 950
0 123 54 40 51 58 3 951
1 129 53 47 48 57 1 952
1 75 57 36 56 43 1 953
1 94 52 47 54 48 3 954
1 100 52 47 52 48 1 955
1 106 50 50 51 58 4 956
1 33 56 39 57 41 2 957
0 99 55 52 55 41 3 958
0 141 50 59 49 55 3 959
1 69 57 46 53 47 2 960
0 141 44 51 54 40 3 961
1 69 48 64 47 57 1 962
1 142 54 42 51 47 1 963
1 40 52 46 53 45 2 964
1 141 49 55 48 53 5 965
0 33 57 38 56 40 3 966
1 61 49 51 53 55 1 967
0 43 43 45 50 50 3 968
0 5 52 59 46 75 3 969
1 33 49 53 52 45 5 970
0 141 49 39 54 46 3 971
1 105 55 45 49 54 1 972
1 141 50 38 53 41 1 973
0 33 52 47 53 45 3 974
0 9 53 44 53 43 3 975
0 123 52 46 52 42 3 976
0 33 50 39 55 33 6 977
0 123 52 56 49 57 3 978
1 91 55 47 55 50 1 979
0 80 52 56 57 42 3 980
1 69 57 38 55 44 1 981
0 114 58 34 53 43 3 982
1 5 47 56 55 45 1 983
0 30 51 27 55 25 3 984
1 105 55 47 59 35 1 985
0 141 48 53 52 55 3 986
1 94 50 63 55 47 4 987
0 69 53 47 53 41 3 988
1 69 57 44 56 47 1 989
0 141 51 61 53 54 3 990
0 76 56 47 56 42 3 991
0 61 47 67 45 50 3 992
1 58 50 49 40 63 2 993
1 77 55 40 50 52 2 994
0 105 56 44 51 31 3 995
0 6 52 48 52 46 3 996
1 105 51 48 48 53 5 997
0 123 56 41 55 38 3 998
1 33 48 56 48 53 1 999
1 94 57 37 57 34 1 1000
0 48 49 41 50 29 3 1001
1 69 50 50 48 54 5 1002
1 76 54 39 52 47 2 1003
0 133 54 43 48 54 3 1004
0 30 55 41 57 35 3 1005
0 141 50 52 49 54 3 1006
1 33 48 54 51 48 1 1007
0 84 49 54 48 65 3 1008
1 33 47 69 44 77 1 1009
0 129 54 32 56 43 3 1010
0 13 47 59 47 60 3 1011
1 33 51 48 47 74 1 1012
1 69 57 35 49 51 2 1013
1 69 52 47 53 51 4 1014
1 65 52 57 54 53 1 1015
1 24 52 41 57 37 1 1016
0 33 45 33 56 48 3 1017
1 141 57 44 57 35 1 1018
1 9 52 46 49 55 1 1019
1 33 47 66 47 66 3 1020
1 124 54 30 52 30 1 1021
0 105 54 50 54 52 3 1022
1 64 56 42 56 39 2 1023
1 141 54 40 57 38 2 1024
1 141 54 38 49 55 4 1025
1 91 42 73 42 73 1 1026
0 33 46 47 48 48 3 1027
0 105 50 52 53 42 5 1028
0 76 57 39 58 36 3 1029
1 19 55 42 54 39 2 1030
0 63 56 49 53 54 3 1031
0 128 56 42 52 56 3 1032
1 141 45 37 52 46 1 1033
1 105 47 57 46 59 1 1034
0 73 49 61 49 57 3 1035
1 46 51 50 52 57 1 1036
0 33 49 50 52 46 3 1037
0 33 57 48 59 36 3 1038
1 81 49 50 49 52 1 1039
0 55 48 20 56 39 4 1040
0 75 53 42 52 47 3 1041
0 82 48 67 47 63 3 1042
1 92 47 39 49 38 2 1043
0 116 55 49 51 49 3 1044
1 33 49 53 52 56 1 1045
1 69 55 52 55 52 6 1046
0 97 55 42 57 40 3 1047
0 33 56 37 56 38 3 1048
1 139 55 43 55 39 1 1049
0 33 50 52 50 49 3 1050
0 16 52 46 55 46 3 1051
1 37 57 45 57 35 3 1052
1 73 52 47 55 42 2 1053
1 142 54 39 54 42 4 1054
0 105 48 54 53 42 3 1055
0 69 55 39 52 48 3 1056
1 69 48 54 52 55 5 1057
0 69 47 46 48 42 3 1058
0 33 52 41 54 42 6 1059
0 114 50 51 43 48 3 1060
1 93 53 42 54 46 2 1061
0 63 53 44 51 48 3 1062
0 33 51 61 51 49 6 1063
0 70 53 40 51 60 3 1064
0 61 53 45 53 45 4 1065
0 33 58 36 54 46 5 1066
0 141 52 45 52 58 3 1067
1 49 54 45 53 56 2 1068
0 103 57 40 46 72 4 1069
1 69 54 25 54 26 1 1070
1 27 55 45 53 43 1 1071
0 106 52 48 48 59 3 1072
0 69 52 30 55 47 3 1073
0 24 54 51 54 53 3 1074
1 4 48 63 54 42 3 1075
1 105 50 53 45 46 1 1076
0 105 53 40 54 43 3 1077
1 141 47 57 56 29 5 1078
0 105 54 53 52 25 3 1079
0 69 54 25 53 28 3 1080
0 141 43 30 43 30 3 1081
1 142 52 58 53 47 2 1082
1 141 53 54 48 53 1 1083
0 31 53 39 53 41 3 1084
0 69 43 48 52 48 3 1085
1 76 49 42 55 39 3 1086
1 69 51 50 53 31 1 1087
1 69 21 19 52 46 1 1088
0 83 53 54 35 75 3 1089
1 23 53 39 48 36 2 1090
0 33 54 50 45 45 3 1091
1 141 52 45 44 44 1 1092
1 105 55 45 53 45 1 1093
0 33 54 25 55 28 3 1094
1 30 56 42 53 42 1 1095
1 141 54 46 54 43 1 1096
0 105 52 47 54 40 3 1097
1 51 51 48 49 55 1 1098
1 85 53 53 49 57 1 1099
0 33 49 52 52 50 6 1100
1 141 53 43 52 50 1 1101
1 105 49 53 57 45 1 1102
1 141 54 50 53 43 5 1103
0 33 52 43 53 44 3 1104
1 90 56 32 56 32 2 1105
1 105 47 39 53 32 6 1106
0 91 56 39 57 43 3 1107
0 34 52 48 55 47 3 1108
1 78 56 39 53 50 4 1109
0 123 50 49 52 50 3 1110
1 113 48 54 48 56 1 1111
0 39 52 27 45 29 3 1112
1 33 48 54 52 45 6 1113
0 79 54 42 56 48 3 1114
1 105 52 45 51 56 1 1115
1 94 52 38 41 27 1 1116
0 81 56 42 53 49 3 1117
0 33 49 55 48 52 3 1118
1 109 55 49 44 78 1 1119
1 69 51 61 54 40 1 1120
0 8 55 47 49 54 3 1121
0 69 50 49 59 36 3 1122
1 139 48 36 52 31 2 1123
1 141 54 37 51 61 5 1124
1 33 52 59 54 47 2 1125
1 105 51 50 53 40 1 1126
1 66 47 70 48 67 1 1127
1 89 42 48 47 57 1 1128
0 141 53 44 52 56 3 1129
0 45 54 44 55 45 3 1130
1 33 47 63 52 56 4 1131
1 50 51 49 54 52 2 1132
1 40 55 41 52 46 1 1133
0 141 53 37 52 54 3 1134
0 105 49 55 47 55 3 1135
0 33 44 45 46 43 3 1136
1 19 51 50 50 49 2 1137
0 69 54 46 58 39 3 1138
1 141 51 49 54 52 1 1139
1 33 50 52 47 74 1 1140
0 69 43 52 55 33 3 1141
0 76 48 55 47 66 4 1142
1 56 54 42 48 56 4 1143
0 33 52 47 53 49 3 1144
1 141 50 50 49 53 1 1145
1 99 57 42 55 50 1 1146
1 131 54 42 47 59 2 1147
1 69 55 49 53 46 4 1148
0 141 55 41 49 55 3 1149
1 105 50 58 51 52 3 1150
1 48 52 45 54 50 1 1151
0 33 52 30 55 33 3 1152
1 93 51 61 57 45 1 1153
1 91 50 51 56 41 1 1154
1 84 52 47 57 44 1 1155
0 71 54 41 50 51 3 1156
1 141 50 50 52 58 2 1157
1 120 54 25 52 28 1 1158
1 141 42 50 51 31 1 1159
0 60 51 48 56 40 3 1160
1 105 51 49 54 46 2 1161
1 15 54 51 48 56 2 1162
0 110 55 40 58 34 3 1163
1 46 48 55 41 52 3 1164
0 33 52 47 57 44 3 1165
1 107 52 49 52 55 1 1166
1 69 53 51 52 58 4 1167
1 105 49 36 54 38 1 1168
0 33 52 49 56 38 3 1169
1 141 57 45 48 56 2 1170
1 33 54 50 48 54 1 1171
0 69 56 50 53 47 3 1172
1 42 56 39 57 44 3 1173
0 53 49 54 54 51 3 1174
0 43 53 46 54 46 3 1175
0 141 46 61 38 48 5 1176
0 33 53 37 46 74 6 1177
0 130 54 38 54 43 3 1178
1 105 48 66 46 60 2 1179
0 105 52 55 53 52 3 1180
0 10 50 49 53 42 3 1181
0 82 52 47 42 35 3 1182
1 33 55 40 55 47 1 1183
1 141 54 42 52 57 1 1184
0 69 53 47 55 44 3 1185
1 138 39 46 33 43 1 1186
1 141 55 44 54 43 1 1187
0 85 50 55 56 43 3 1188
1 141 47 58 48 54 5 1189
1 13 55 52 51 48 2 1190
0 141 52 51 53 48 4 1191
0 130 49 52 47 66 3 1192
1 12 57 44 53 44 1 1193
1 69 49 52 48 55 1 1194
0 61 55 43 53 57 3 1195
1 105 52 48 54 39 1 1196
0 105 51 50 48 53 5 1197
0 69 50 49 52 46 6 1198
0 141 54 39 55 45 3 1199
0 105 50 60 50 61 3 1200
1 105 57 35 53 43 1 1201
1 33 47 66 45 66 1 1202
1 69 46 58 43 64 1 1203
1 105 53 44 50 49 2 1204
1 33 54 38 34 51 5 1205
1 69 56 50 57 39 1 1206
0 52 45 73 45 75 3 1207
1 33 52 27 50 30 5 1208
0 10 53 51 56 50 3 1209
0 105 51 50 48 38 5 1210
0 81 57 44 53 43 3 1211
1 114 51 31 52 42 1 1212
1 24 54 44 53 50 2 1213
0 33 53 55 52 58 3 1214
0 33 54 46 54 48 3 1215
0 33 55 47 57 42 4 1216
0 141 53 42 51 59 3 1217
1 33 58 35 57 42 5 1218
0 93 55 47 50 52 3 1219
0 18 57 44 54 42 3 1220
1 18 56 46 53 39 2 1221
1 135 53 43 55 46 1 1222
0 141 51 50 51 48 5 1223
1 128 49 51 48 53 3 1224
1 33 50 54 52 50 1 1225
0 141 50 37 54 40 3 1226
1 141 52 47 50 53 1 1227
0 33 48 54 51 48 3 1228
0 33 54 25 52 29 3 1229
0 33 52 57 48 52 3 1230
0 85 53 50 56 42 3 1231
0 126 53 45 54 42 3 1232
0 105 56 46 59 35 3 1233
0 75 56 42 55 43 3 1234
1 98 54 43 55 48 3 1235
1 61 49 55 52 46 1 1236
0 57 51 49 53 50 3 1237
0 69 45 37 50 29 3 1238
1 71 50 53 54 41 1 1239
1 105 49 54 53 54 1 1240
0 55 54 43 57 35 3 1241
0 105 56 42 54 48 3 1242
0 105 54 42 55 33 3 1243
1 84 50 51 52 46 2 1244
1 105 53 45 54 43 1 1245
0 87 52 47 52 57 3 1246
1 120 50 54 53 54 1 1247
0 105 46 63 46 63 3 1248
0 141 50 38 54 38 4 1249
0 141 51 60 46 57 4 1250
0 69 52 47 49 53 3 1251
1 66 57 42 53 45 2 1252
1 105 42 35 43 35 4 1253
1 105 49 31 46 40 6 1254
1 72 47 35 49 37 1 1255
1 33 53 53 54 41 1 1256
1 69 54 46 53 47 1 1257
1 141 52 40 55 47 1 1258
1 69 51 51 53 55 1 1259
0 33 59 36 54 38 3 1260
0 33 53 47 54 45 3 1261
0 105 51 50 49 52 3 1262
0 133 57 34 50 49 3 1263
0 141 53 42 51 48 3 1264
0 33 48 56 44 54 3 1265
0 55 52 57 52 46 3 1266
1 33 35 53 35 53 1 1267
1 69 55 52 49 54 2 1268
0 94 53 44 50 49 3 1269
0 105 48 53 50 49 3 1270
0 64 51 49 43 53 3 1271
0 105 53 45 52 56 3 1272
0 125 52 47 53 49 3 1273
0 69 50 38 56 44 3 1274
1 50 53 45 49 51 2 1275
1 57 53 46 48 54 1 1276
1 138 53 47 52 48 1 1277
0 33 52 46 51 49 3 1278
0 33 53 42 53 40 4 1279
0 33 53 42 51 59 3 1280
0 18 53 55 47 70 3 1281
0 22 49 35 51 36 3 1282
0 34 49 63 52 56 3 1283
1 141 51 49 48 53 1 1284
0 89 56 41 57 36 3 1285
0 69 49 54 48 55 6 1286
1 35 57 45 57 45 3 1287
1 105 54 45 52 59 1 1288
0 109 49 52 19 38 3 1289
1 105 55 47 54 41 1 1290
0 105 57 41 51 27 3 1291
0 105 54 43 53 54 3 1292
0 114 53 54 50 60 3 1293
1 69 52 50 48 53 1 1294
0 69 52 47 52 46 3 1295
1 100 52 27 47 29 1 1296
1 52 53 28 54 46 1 1297
0 6 56 48 53 42 3 1298
1 1 52 50 50 49 1 1299
0 141 50 52 49 57 3 1300
1 114 52 56 53 54 1 1301
1 58 50 49 51 47 3 1302
0 79 53 40 52 45 3 1303
0 25 52 44 50 49 3 1304
1 98 52 46 55 48 1 1305
1 141 48 54 52 56 2 1306
1 33 55 43 48 31 2 1307
0 33 52 47 53 43 3 1308
1 122 53 46 54 50 1 1309
0 69 52 56 52 59 5 1310
0 93 51 51 54 49 3 1311
1 33 48 37 52 57 1 1312
1 70 52 57 49 53 1 1313
1 33 52 50 55 47 2 1314
1 76 53 32 51 27 1 1315
0 27 52 56 51 61 3 1316
0 6 43 52 54 46 3 1317
0 69 48 55 39 66 3 1318
1 121 53 43 52 47 1 1319
1 33 54 39 53 44 5 1320
0 141 44 45 50 49 5 1321
0 105 50 49 53 46 3 1322
1 105 42 53 50 54 1 1323
0 105 50 52 52 58 3 1324
0 106 51 61 49 55 3 1325
0 4 54 37 51 47 3 1326
1 19 59 36 54 34 2 1327
0 33 56 39 56 39 3 1328
1 69 56 44 54 48 1 1329
0 105 49 52 49 52 3 1330
1 141 21 19 49 50 1 1331
0 105 54 34 48 67 5 1332
1 83 49 64 50 61 2 1333
1 91 55 46 53 42 2 1334
0 105 54 45 53 46 3 1335
1 69 99 99 99 99 1 1336
0 105 55 48 57 36 3 1337
1 141 57 41 54 49 1 1338
0 67 45 52 46 64 3 1339
0 73 49 52 52 49 3 1340
0 105 44 48 40 43 3 1341
0 11 55 49 57 38 3 1342
0 108 53 54 50 50 3 1343
1 94 47 59 54 41 1 1344
0 84 54 42 58 35 3 1345
0 10 48 54 51 48 4 1346
1 69 48 36 45 35 5 1347
1 127 48 41 55 47 4 1348
1 11 49 53 53 37 1 1349
0 105 51 31 35 26 5 1350
0 141 50 51 50 49 3 1351
1 69 55 45 55 45 5 1352
0 33 48 53 51 48 3 1353
1 69 55 45 54 46 1 1354
1 80 55 51 55 44 1 1355
1 69 46 58 56 47 6 1356
0 69 52 45 48 52 3 1357
1 57 47 70 48 67 1 1358
1 69 44 33 55 33 1 1359
1 23 52 47 55 44 1 1360
1 105 55 37 50 53 1 1361
1 69 49 55 50 59 1 1362
1 111 55 37 57 36 1 1363
0 105 51 57 53 50 3 1364
0 87 57 35 56 38 3 1365
1 69 47 59 50 58 1 1366
1 57 56 50 49 50 2 1367
0 141 50 50 57 42 3 1368
1 133 54 26 56 41 1 1369
0 67 48 57 53 45 3 1370
0 69 52 47 54 43 3 1371
0 33 57 39 53 39 5 1372
0 100 42 45 53 56 3 1373
0 69 53 43 56 48 5 1374
0 141 54 42 52 45 3 1375
0 104 51 48 54 45 3 1376
0 123 52 56 51 47 3 1377
0 105 50 55 50 58 3 1378
1 105 54 44 56 43 1 1379
1 56 55 40 54 42 1 1380
0 33 54 45 56 42 3 1381
1 24 52 50 33 39 1 1382
1 33 57 35 55 42 1 1383
0 33 55 24 56 29 4 1384
0 121 54 51 55 49 3 1385
0 88 54 52 52 55 3 1386
0 105 53 45 57 45 3 1387
0 54 53 39 55 42 3 1388
0 43 59 36 57 34 3 1389
1 82 56 44 56 50 2 1390
1 105 54 40 52 45 2 1391
0 105 53 55 58 35 3 1392
1 129 51 58 51 60 1 1393
1 105 53 42 50 51 6 1394
0 81 54 38 55 51 3 1395
0 117 54 44 55 30 3 1396
1 112 48 56 51 51 1 1397
0 136 54 45 49 53 3 1398
0 47 53 55 52 56 3 1399
0 33 48 56 49 54 3 1400
0 33 51 50 55 39 3 1401
1 109 51 47 53 43 2 1402
0 103 52 41 48 56 3 1403
1 69 55 46 54 49 2 1404
0 141 54 52 54 51 3 1405
0 141 52 47 55 44 3 1406
0 66 45 34 44 34 3 1407
1 69 54 46 56 47 1 1408
0 25 50 39 51 37 3 1409
1 105 54 43 49 55 2 1410
0 105 56 40 46 47 3 1411
1 105 54 42 52 47 3 1412
1 49 52 48 47 53 2 1413
1 69 47 33 47 33 2 1414
1 54 53 26 56 45 3 1415
0 47 51 49 44 50 3 1416
0 33 51 57 49 57 3 1417
1 73 55 48 53 50 1 1418
0 31 52 46 52 30 3 1419
1 33 48 54 53 52 1 1420
1 28 57 44 50 39 1 1421
1 141 51 61 50 60 1 1422
1 105 49 52 48 55 1 1423
0 141 48 54 47 12 3 1424
0 105 56 43 52 48 3 1425
0 96 47 55 52 56 3 1426
1 105 52 57 42 55 3 1427
1 33 47 37 39 46 1 1428
0 69 55 44 47 38 5 1429
0 9 52 47 53 49 3 1430
1 73 55 31 57 43 2 1431
1 49 52 46 48 55 1 1432
1 43 53 45 57 47 4 1433
1 105 51 60 50 48 2 1434
1 112 51 48 48 55 1 1435
1 69 56 47 48 55 1 1436
0 105 54 42 49 52 3 1437
1 87 42 46 41 46 1 1438
1 79 54 40 53 40 1 1439
1 143 54 38 55 49 1 1440
1 0 57 39 50 50 2 1441
1 105 52 30 53 44 2 1442
0 105 50 54 55 50 3 1443
0 33 47 57 51 59 3 1444
1 57 43 52 38 51 1 1445
0 42 50 62 49 41 3 1446
1 127 53 56 49 53 2 1447
1 40 48 53 48 54 1 1448
1 85 52 42 52 42 1 1449
0 12 53 45 53 42 3 1450
1 114 55 49 53 31 2 1451
0 105 51 48 48 55 3 1452
1 84 54 38 56 42 4 1453
0 99 53 40 54 40 3 1454
1 82 57 44 53 47 1 1455
1 105 54 38 54 38 5 1456
0 78 55 38 51 49 3 1457
1 89 49 54 54 50 1 1458
0 71 48 53 48 57 3 1459
0 69 51 48 49 52 3 1460
1 69 51 51 36 46 2 1461
1 69 44 52 48 54 1 1462
1 26 53 45 54 40 2 1463
1 46 46 48 41 29 1 1464
1 69 51 48 53 44 1 1465
0 111 55 40 58 34 3 1466
0 105 34 41 40 48 3 1467
0 110 53 45 45 49 3 1468
0 61 52 46 48 54 3 1469
1 105 52 51 55 43 1 1470
1 33 54 40 53 42 2 1471
0 33 49 55 50 53 6 1472
1 77 53 46 50 49 1 1473
1 27 53 56 50 53 1 1474
1 33 54 45 53 44 1 1475
0 33 53 56 43 79 3 1476
1 69 48 54 53 53 1 1477
1 94 56 42 55 38 2 1478
0 69 52 51 52 49 3 1479
0 55 50 38 52 29 3 1480
1 4 51 50 54 39 1 1481
0 65 54 38 53 42 3 1482
1 47 51 49 55 47 1 1483
0 43 46 73 46 70 3 1484
1 141 49 52 54 47 1 1485
1 66 53 43 31 39 2 1486
1 105 56 44 53 43 3 1487
1 100 55 49 84 32 2 1488
1 64 57 45 49 54 1 1489
0 123 49 55 50 51 3 1490
0 102 54 41 52 27 3 1491
1 141 54 34 0 22 5 1492
0 141 53 43 54 43 3 1493
1 2 54 42 43 49 2 1494
1 54 54 40 50 50 2 1495
1 124 52 57 54 45 3 1496
0 121 54 40 49 54 3 1497
1 79 52 58 55 44 1 1498
0 141 52 47 52 45 3 1499
0 3 52 30 52 26 3 1500
1 141 52 56 53 44 3 1501
1 69 57 39 54 40 2 1502
0 69 54 52 49 53 5 1503
0 12 48 56 46 73 3 1504
0 54 54 41 51 18 3 1505
0 33 53 54 49 51 3 1506
1 33 58 36 52 50 5 1507
0 33 55 49 49 32 3 1508
0 141 44 50 45 51 3 1509
0 90 52 42 55 43 3 1510
1 105 55 43 56 41 5 1511
0 33 49 57 47 58 3 1512
1 33 54 41 56 41 5 1513
1 33 50 52 52 58 1 1514
0 36 43 54 53 57 3 1515
0 69 58 42 57 38 3 1516
1 69 43 45 46 65 5 1517
0 1 58 37 55 50 3 1518
0 105 56 46 52 42 3 1519
1 105 52 53 51 58 3 1520
0 93 51 51 48 53 3 1521
0 97 51 50 50 39 3 1522
0 72 53 53 46 59 3 1523
1 16 50 36 50 36 1 1524
1 113 54 44 42 52 2 1525
0 141 48 41 49 27 3 1526
0 88 48 55 48 67 3 1527
1 21 55 50 45 77 1 1528
1 141 52 44 43 51 1 1529
0 33 52 32 49 57 3 1530
0 69 49 54 50 53 3 1531
1 7 55 48 53 41 1 1532
0 44 54 41 53 48 3 1533
1 69 50 51 56 36 2 1534
0 69 50 51 49 54 3 1535
0 113 56 40 57 37 3 1536
1 36 52 45 52 47 1 1537
1 91 43 49 49 58 2 1538
0 67 47 34 47 34 3 1539
0 69 49 50 54 44 3 1540
0 40 50 52 54 52 3 1541
1 105 51 61 48 55 1 1542
0 105 56 41 57 40 3 1543
0 141 48 36 49 42 3 1544
0 21 48 55 46 72 3 1545
0 89 59 36 55 44 3 1546
1 111 55 40 53 24 2 1547
0 69 53 44 54 49 3 1548
1 33 53 41 49 52 2 1549
1 103 51 60 53 55 1 1550
1 33 47 66 47 65 1 1551
0 141 48 37 57 43 3 1552
1 36 49 52 52 57 1 1553
0 69 56 45 52 56 3 1554
1 69 57 42 54 38 1 1555
1 89 53 26 45 33 1 1556
1 127 53 54 49 51 1 1557
0 69 57 44 55 51 4 1558
0 46 50 52 54 54 3 1559
0 79 50 37 45 34 4 1560
1 88 49 64 44 70 2 1561
1 141 48 23 47 23 3 1562
1 54 53 54 48 55 2 1563
1 105 47 61 50 55 5 1564
0 143 57 39 54 48 3 1565
0 110 49 54 51 48 3 1566
1 127 53 48 51 47 1 1567
0 33 52 58 47 62 3 1568
0 81 55 50 50 52 3 1569
0 141 48 53 53 44 6 1570
1 141 52 51 50 51 6 1571
1 69 51 48 53 47 1 1572
1 141 53 53 56 41 2 1573
0 33 48 58 49 53 3 1574
0 69 55 50 55 41 3 1575
0 94 49 54 49 53 3 1576
1 25 53 56 47 72 2 1577
1 69 49 52 50 52 1 1578
1 34 54 46 53 45 1 1579
1 109 56 45 54 51 4 1580
0 136 53 50 49 57 3 1581
1 27 52 27 55 32 1 1582
0 95 57 40 49 56 3 1583
0 141 54 55 54 53 3 1584
1 54 52 59 48 55 1 1585
0 105 57 36 56 40 3 1586
1 16 48 56 53 53 1 1587
1 94 53 36 52 55 1 1588
1 105 53 42 51 47 5 1589
1 105 55 47 54 40 1 1590
0 33 51 49 54 43 4 1591
1 105 51 60 57 34 1 1592
0 33 48 54 56 45 3 1593
0 33 53 56 50 55 3 1594
0 105 57 42 57 45 3 1595
0 33 52 59 56 50 3 1596
1 105 53 55 47 54 1 1597
0 21 52 55 48 53 3 1598
1 67 50 49 53 51 1 1599
1 44 56 29 49 40 1 1600
1 51 56 37 54 46 1 1601
0 12 57 37 53 53 3 1602
1 19 58 34 52 48 2 1603
1 19 52 58 56 41 1 1604
1 42 53 44 53 24 1 1605
1 25 50 59 51 58 1 1606
1 69 50 49 52 50 1 1607
1 15 48 55 50 53 1 1608
1 105 58 36 53 43 1 1609
1 33 52 46 62 45 1 1610
1 92 52 56 49 54 2 1611
1 35 52 56 52 54 1 1612
0 33 48 55 48 58 3 1613
0 27 52 57 43 79 3 1614
1 69 47 27 50 38 3 1615
0 141 57 38 58 38 5 1616
1 133 49 53 53 49 1 1617
1 69 58 35 48 36 3 1618
0 105 52 50 53 49 4 1619
1 130 54 47 42 48 1 1620
1 104 49 37 43 54 2 1621
0 87 52 58 53 56 3 1622
0 141 54 25 47 37 4 1623
1 141 51 49 54 45 5 1624
1 69 49 51 46 57 2 1625
0 69 53 45 51 46 3 1626
0 39 43 51 34 48 3 1627
0 39 50 50 52 47 3 1628
0 33 53 43 54 41 3 1629
1 130 48 55 49 53 1 1630
0 17 49 28 45 29 3 1631
0 70 49 66 45 75 3 1632
0 45 53 42 57 35 3 1633
0 107 53 56 50 28 3 1634
1 141 49 52 55 42 1 1635
1 141 56 43 58 36 5 1636
1 100 57 44 54 41 1 1637
1 69 50 48 54 52 1 1638
0 79 53 56 54 54 3 1639
0 90 54 42 46 30 3 1640
1 105 57 35 49 55 1 1641
1 69 52 44 53 45 1 1642
1 10 54 50 51 48 1 1643
0 45 56 42 53 46 3 1644
0 15 53 42 51 47 3 1645
0 105 57 43 58 38 3 1646
0 69 51 48 49 52 3 1647
1 33 57 42 52 49 1 1648
1 141 49 52 55 47 5 1649
1 33 51 48 49 55 1 1650
0 141 53 31 47 28 4 1651
0 95 48 55 48 59 3 1652
1 33 50 53 49 52 1 1653
1 141 52 56 55 49 1 1654
0 90 54 43 51 47 3 1655
1 69 53 55 53 42 5 1656
0 81 56 46 52 46 3 1657
0 128 41 45 42 45 3 1658
0 69 51 61 52 58 3 1659
0 139 53 43 50 27 3 1660
0 33 50 49 55 46 3 1661
0 105 52 57 49 63 3 1662
0 141 51 49 48 59 3 1663
0 15 52 47 55 46 3 1664
0 105 51 52 49 55 6 1665
1 114 51 49 51 51 1 1666
0 141 52 40 50 50 6 1667
0 55 52 57 49 61 3 1668
0 55 50 51 39 46 3 1669
0 76 48 53 56 44 3 1670
0 75 47 54 49 51 3 1671
1 69 51 48 59 36 1 1672
1 69 38 46 50 49 2 1673
0 135 51 48 49 54 3 1674
0 126 55 47 57 40 3 1675
1 40 56 45 57 37 1 1676
0 105 53 43 54 44 5 1677
0 105 54 48 52 53 6 1678
0 69 57 35 57 42 3 1679
1 37 44 36 42 37 1 1680
1 69 57 40 54 50 1 1681
0 33 53 51 54 46 3 1682
1 24 55 44 57 34 1 1683
1 105 47 65 54 42 3 1684
1 69 52 45 54 51 1 1685
0 17 47 74 59 35 3 1686
0 69 54 38 55 32 3 1687
1 33 43 54 50 50 1 1688
1 69 52 27 52 28 5 1689
0 141 48 40 49 43 3 1690
1 105 53 43 49 54 5 1691
1 105 50 36 50 62 1 1692
0 85 52 46 49 60 3 1693
1 46 56 48 55 48 1 1694
0 39 56 43 50 51 3 1695
0 97 54 30 54 47 3 1696
0 98 49 37 54 36 3 1697
0 141 51 49 52 58 6 1698
0 13 54 30 56 39 4 1699
1 102 53 41 52 45 1 1700
0 105 56 50 53 40 3 1701
0 69 51 59 48 56 3 1702
1 33 48 36 49 60 2 1703
1 78 54 41 57 44 2 1704
0 105 53 56 52 55 3 1705
1 105 51 49 56 42 6 1706
1 13 53 45 54 41 1 1707
0 69 48 54 52 45 4 1708
0 69 47 63 51 58 3 1709
0 67 50 62 50 49 4 1710
0 105 49 23 49 27 3 1711
1 67 49 66 44 49 1 1712
0 141 49 57 54 52 5 1713
0 40 50 36 50 36 3 1714
1 69 45 63 56 44 1 1715
0 117 53 45 55 45 3 1716
1 87 47 54 50 52 1 1717
1 33 57 44 58 37 1 1718
1 105 52 57 54 53 6 1719
1 85 57 38 54 38 1 1720
0 44 62 47 62 47 3 1721
0 140 46 74 38 73 3 1722
1 33 49 28 49 49 1 1723
0 124 52 56 46 61 3 1724
0 32 49 53 49 52 3 1725
1 135 57 44 52 48 1 1726
1 17 55 50 47 60 2 1727
1 100 54 45 53 51 1 1728
0 33 49 52 48 51 3 1729
0 58 49 54 45 59 3 1730
1 102 47 60 57 38 1 1731
1 34 51 48 56 44 1 1732
0 69 52 28 57 45 3 1733
1 141 49 56 48 54 1 1734
0 9 52 58 50 51 3 1735
1 141 52 58 50 53 1 1736
1 141 50 49 51 56 1 1737
1 69 53 45 52 47 5 1738
0 105 53 52 54 44 3 1739
1 97 55 43 53 44 2 1740
0 141 52 49 55 48 5 1741
0 69 43 51 49 55 3 1742
0 105 50 53 52 42 3 1743
0 122 55 45 55 46 3 1744
0 85 53 45 44 65 3 1745
1 138 56 28 51 27 1 1746
1 18 53 45 48 56 1 1747
1 33 41 83 42 80 1 1748
1 67 54 42 53 37 1 1749
0 93 55 47 53 44 3 1750
1 95 55 47 43 30 3 1751
0 132 55 26 48 56 3 1752
0 33 55 33 47 54 3 1753
0 99 54 43 51 49 3 1754
0 105 56 44 48 65 3 1755
0 69 49 58 54 48 3 1756
0 6 54 52 55 41 3 1757
0 120 46 73 43 70 3 1758
0 33 50 53 53 53 3 1759
0 128 48 54 48 52 3 1760
1 141 49 27 55 23 2 1761
0 105 49 52 53 43 3 1762
0 66 54 52 57 39 3 1763
1 141 52 57 50 54 2 1764
1 77 56 28 60 14 2 1765
1 24 48 54 55 45 3 1766
0 69 53 56 53 53 5 1767
0 105 54 54 52 58 3 1768
1 94 53 54 54 51 1 1769
0 120 54 38 52 40 3 1770
1 69 57 40 54 46 5 1771
0 43 58 34 51 50 3 1772
0 45 49 52 50 58 3 1773
1 105 57 41 56 50 2 1774
1 59 54 48 49 53 2 1775
1 40 57 35 56 41 3 1776
1 76 43 62 56 45 2 1777
0 78 48 57 53 46 3 1778
1 33 25 33 21 25 1 1779
1 106 40 49 36 47 1 1780
0 141 52 50 53 54 3 1781
1 69 52 47 58 39 1 1782
1 33 54 41 53 42 2 1783
1 105 40 54 38 50 1 1784
1 29 50 51 43 48 1 1785
1 110 48 53 49 55 1 1786
0 94 52 56 43 35 3 1787
0 72 54 36 52 47 3 1788
0 141 52 58 56 39 3 1789
1 33 54 42 57 36 3 1790
0 111 56 43 53 46 3 1791
0 69 45 35 49 43 3 1792
1 63 57 44 54 45 1 1793
1 33 50 50 52 43 2 1794
0 141 51 49 27 36 5 1795
1 141 54 40 51 48 2 1796
0 69 54 44 54 46 4 1797
1 96 49 51 52 57 2 1798
1 77 53 44 51 48 1 1799
0 69 47 56 46 60 5 1800
0 95 53 40 56 44 3 1801
1 141 54 46 57 35 2 1802
1 130 52 55 49 51 1 1803
0 72 53 46 51 48 3 1804
0 27 51 49 50 53 3 1805
1 136 48 36 43 44 1 1806
0 142 42 80 43 79 3 1807
0 105 42 47 37 49 3 1808
1 141 54 52 54 47 1 1809
1 15 51 57 55 29 3 1810
1 141 50 60 49 55 1 1811
1 136 48 45 48 45 1 1812
1 124 53 54 49 56 3 1813
1 67 55 41 55 42 2 1814
0 105 53 54 53 54 5 1815
0 102 54 45 52 43 3 1816
0 118 50 51 48 35 3 1817
0 12 51 49 54 47 3 1818
0 58 55 47 23 19 3 1819
1 105 51 61 56 28 1 1820
1 141 54 38 56 48 2 1821
1 69 53 46 50 55 1 1822
0 141 55 42 54 54 3 1823
0 44 56 42 48 55 3 1824
0 33 53 45 55 46 3 1825
0 105 54 44 54 24 5 1826
0 33 53 45 49 52 3 1827
1 141 51 48 52 58 2 1828
1 33 57 40 54 41 2 1829
0 105 21 19 49 54 5 1830
1 88 49 54 42 53 1 1831
1 33 55 42 53 43 1 1832
1 141 57 37 57 36 5 1833
1 121 52 44 54 50 1 1834
1 13 49 54 53 45 1 1835
0 129 50 36 50 36 3 1836
1 72 50 49 49 52 1 1837
1 72 53 51 53 51 1 1838
1 33 52 48 51 51 1 1839
0 9 56 44 54 41 3 1840
1 33 52 48 54 43 1 1841
0 69 52 39 51 49 3 1842
0 65 53 56 54 43 3 1843
0 69 43 55 48 56 3 1844
0 141 54 40 48 50 3 1845
0 108 54 30 53 30 3 1846
1 105 57 38 53 43 1 1847
0 13 39 41 37 46 3 1848
0 141 50 49 49 52 3 1849
1 105 53 28 41 31 2 1850
1 69 52 55 51 60 1 1851
0 114 54 40 52 46 3 1852
1 33 54 45 51 47 5 1853
0 130 53 47 58 36 3 1854
0 33 55 47 54 43 3 1855
1 105 53 54 50 58 6 1856
1 73 48 56 47 55 1 1857
0 34 54 52 54 41 3 1858
0 96 54 40 55 30 3 1859
0 69 51 49 49 52 3 1860
1 33 57 40 55 39 2 1861
1 105 24 35 27 35 5 1862
1 105 47 56 51 59 2 1863
0 105 53 55 48 56 3 1864
1 141 51 49 55 42 5 1865
0 33 53 51 51 58 3 1866
1 115 52 48 51 49 4 1867
1 1 55 40 51 49 1 1868
1 124 56 45 55 49 1 1869
1 99 52 58 55 47 1 1870
0 136 55 30 53 33 3 1871
0 33 55 49 52 41 4 1872
1 0 54 53 52 57 1 1873
0 108 55 47 63 44 3 1874
1 123 49 55 54 30 1 1875
0 69 52 56 56 46 6 1876
0 33 52 47 49 54 3 1877
0 31 48 58 56 48 3 1878
0 141 51 49 55 43 6 1879
0 33 50 60 49 52 3 1880
1 33 56 42 51 47 1 1881
1 105 53 43 55 48 1 1882
0 105 54 46 52 48 3 1883
1 141 47 28 52 27 1 1884
0 49 57 44 52 51 3 1885
1 69 51 51 51 49 2 1886
1 69 49 51 47 57 5 1887
1 141 54 34 54 23 2 1888
1 33 46 74 46 61 1 1889
0 46 51 50 53 48 3 1890
0 69 50 52 49 54 3 1891
1 141 50 51 48 37 1 1892
1 33 48 37 43 51 1 1893
1 33 51 50 51 49 2 1894
1 70 52 44 53 49 2 1895
1 69 29 72 29 69 2 1896
1 69 52 56 53 52 1 1897
0 2 53 42 48 56 3 1898
1 8 51 19 57 20 1 1899
1 33 46 36 43 48 1 1900
1 141 50 28 53 45 5 1901
0 141 54 44 53 46 3 1902
0 98 52 46 41 50 3 1903
0 123 55 38 53 43 3 1904
0 75 51 50 53 47 3 1905
0 69 50 38 56 41 3 1906
1 141 51 50 50 60 1 1907
0 39 54 47 56 43 3 1908
0 105 51 49 55 50 3 1909
0 113 54 39 57 35 3 1910
0 52 54 38 57 35 3 1911
0 141 49 53 56 42 3 1912
0 69 53 51 54 49 3 1913
1 135 47 54 42 85 1 1914
0 72 52 47 52 48 3 1915
1 57 51 48 48 54 2 1916
1 121 49 53 50 50 1 1917
0 16 52 54 51 60 3 1918
0 33 49 53 52 55 3 1919
0 69 47 36 52 6 3 1920
1 141 51 50 52 49 2 1921
0 136 55 45 59 38 3 1922
1 99 61 45 61 45 1 1923
1 69 55 50 55 51 1 1924
0 141 54 53 51 59 3 1925
0 141 53 39 55 51 3 1926
0 33 51 47 53 39 3 1927
1 141 50 52 54 41 2 1928
0 69 49 54 51 48 6 1929
0 33 52 48 54 45 5 1930
0 105 57 43 58 39 3 1931
0 115 53 42 48 54 3 1932
1 105 54 40 49 52 2 1933
1 86 56 39 46 40 1 1934
1 26 56 40 48 53 1 1935
0 69 50 49 54 51 3 1936
0 69 50 52 49 55 3 1937
1 2 48 56 47 55 1 1938
1 141 55 40 53 43 2 1939
0 121 51 57 54 50 3 1940
1 10 55 43 55 45 1 1941
0 69 47 60 52 54 5 1942
1 73 48 54 55 50 1 1943
0 138 55 46 49 63 3 1944
1 118 52 50 52 45 1 1945
1 105 53 47 53 45 1 1946
0 16 57 45 55 47 3 1947
0 81 56 39 56 43 3 1948
1 141 51 52 51 50 2 1949
0 33 55 51 55 36 3 1950
0 106 56 44 58 38 3 1951
1 84 56 38 54 40 1 1952
0 69 44 78 43 76 3 1953
1 69 54 47 53 39 1 1954
0 27 53 45 48 54 3 1955
0 69 51 49 58 36 4 1956
1 10 43 35 41 45 3 1957
0 69 56 42 55 43 3 1958
0 105 56 44 54 47 3 1959
0 141 52 55 56 40 3 1960
1 33 53 44 55 46 1 1961
1 138 42 51 43 53 1 1962
0 69 53 42 48 53 3 1963
0 105 57 37 43 33 3 1964
0 69 51 57 51 60 3 1965
1 69 48 53 56 41 6 1966
0 105 50 50 51 58 5 1967
1 22 51 48 52 49 1 1968
1 136 51 56 50 50 4 1969
1 33 46 36 50 37 4 1970
0 2 52 59 50 48 3 1971
0 141 51 56 52 48 3 1972
1 37 56 22 56 31 1 1973
1 141 54 47 52 43 5 1974
1 12 53 46 50 50 1 1975
0 71 56 47 56 45 3 1976
0 33 49 26 49 26 3 1977
0 143 57 41 53 40 3 1978
0 105 55 41 56 42 3 1979
1 113 47 53 55 45 2 1980
1 103 48 52 50 36 1 1981
0 141 55 47 52 46 5 1982
1 33 54 39 53 48 1 1983
0 16 48 52 49 57 3 1984
0 69 48 54 52 59 3 1985
1 4 48 31 49 38 3 1986
0 57 45 33 53 39 3 1987
0 123 54 42 52 27 3 1988
0 61 52 58 52 57 3 1989
1 69 52 46 51 60 2 1990
1 54 49 54 53 57 1 1991
0 8 53 42 55 51 3 1992
1 136 48 54 48 46 1 1993
1 105 48 54 48 54 1 1994
0 115 47 37 56 42 3 1995
0 69 48 41 53 39 3 1996
0 141 50 53 48 56 3 1997
0 16 48 55 53 38 3 1998
0 69 53 39 52 40 3 1999
