1 12 53 34 54 31 1 0
0 107 87 94 83 94 3 1
1 87 68 40 63 51 1 2
1 41 80 5 78 6 2 3
0 35 59 43 46 45 4 4
1 63 91 32 90 36 1 5
1 102 54 43 55 41 1 6
1 79 52 20 57 20 5 7
1 73 62 36 55 44 5 8
0 0 98 25 98 19 4 9
1 45 52 48 54 40 4 10
0 132 52 28 47 28 3 11
1 96 41 13 43 12 1 12
1 123 44 30 41 34 1 13
0 121 53 40 55 46 3 14
0 126 51 20 51 23 3 15
1 75 55 39 60 33 1 16
1 52 70 38 68 40 2 17
0 50 55 28 47 29 3 18
1 68 55 37 56 30 2 19
1 118 51 19 48 19 1 20
1 112 32 41 34 40 1 21
1 0 60 38 61 35 1 22
0 143 47 21 48 18 3 23
1 4 54 29 53 33 1 24
0 116 63 31 68 33 3 25
1 28 50 78 57 76 2 26
1 92 51 18 47 19 1 27
1 6 87 93 89 92 5 28
1 122 49 2 42 3 1 29
1 139 6 40 6 44 1 30
0 78 51 16 47 24 3 31
0 66 43 36 41 32 3 32
0 116 58 49 52 57 3 33
1 137 31 45 32 51 1 34
0 28 66 91 68 90 3 35
1 116 63 20 64 22 2 36
0 51 30 58 32 56 6 37
1 133 50 80 55 80 1 38
0 56 55 35 60 35 3 39
0 69 81 5 79 6 3 40
1 114 66 25 70 21 1 41
0 77 54 36 60 23 3 42
1 32 39 13 35 14 1 43
0 100 87 3 86 5 4 44
0 94 6 68 5 70 3 45
1 40 55 19 45 18 3 46
0 95 53 81 55 79 3 47
0 33 59 90 65 95 3 48
0 122 60 42 61 39 6 49
1 38 58 28 56 34 2 50
0 88 70 30 68 33 3 51
1 26 64 35 59 34 2 52
1 101 71 36 64 45 2 53
0 12 66 47 71 31 3 54
0 19 52 63 55 64 3 55
0 1 57 15 57 18 3 56
1 86 44 4 46 3 1 57
1 21 59 28 56 35 1 58
0 104 56 42 57 39 3 59
1 88 61 41 53 49 2 60
0 124 71 38 67 35 6 61
0 65 5 41 5 26 3 62
1 24 53 45 31 75 1 63
1 114 61 1 57 2 1 64
0 36 53 76 56 76 3 65
1 124 45 46 32 57 4 66
1 31 68 73 70 72 2 67
0 132 63 37 60 39 3 68
0 120 65 94 67 93 3 69
0 143 60 24 47 20 3 70
1 69 78 5 83 4 1 71
1 71 88 93 86 94 5 72
1 125 50 58 54 50 1 73
0 143 55 53 51 54 3 74
1 51 59 26 54 33 2 75
0 36 46 49 46 61 3 76
1 77 60 21 60 31 1 77
1 21 49 56 33 47 2 78
1 55 65 43 56 41 1 79
1 90 62 46 62 51 1 80
1 28 51 55 49 52 1 81
0 63 27 42 31 38 3 82
1 93 53 43 46 38 1 83
1 8 46 51 41 61 1 84
0 60 49 70 52 59 3 85
1 137 54 49 44 50 1 86
0 10 66 94 64 93 5 87
0 143 56 80 51 80 3 88
1 94 56 80 50 81 1 89
1 21 69 37 67 44 1 90
0 52 44 30 45 21 3 91
1 52 6 39 5 60 1 92
1 51 57 71 52 76 2 93
1 136 56 37 59 38 2 94
1 128 36 43 34 45 4 95
0 57 40 36 43 31 3 96
1 9 59 36 54 50 2 97
1 98 5 71 6 66 1 98
1 36 65 92 67 93 2 99
1 16 52 1 47 2 1 100
1 14 54 44 51 51 3 101
0 130 70 38 69 40 3 102
1 138 51 39 60 37 1 103
0 131 54 19 57 25 3 104
1 91 90 25 92 32 1 105
1 32 64 42 60 41 1 106
0 58 68 35 61 26 3 107
0 70 71 63 68 72 3 108
0 28 5 68 6 63 3 109
0 64 39 14 36 13 3 110
0 44 45 51 22 19 3 111
0 41 49 60 47 57 3 112
1 62 59 18 52 19 1 113
0 9 87 27 83 25 3 114
0 77 62 25 63 20 6 115
0 16 29 50 27 48 5 116
0 22 31 45 31 51 3 117
0 56 44 65 47 58 3 118
1 102 82 5 98 4 1 119
0 56 43 34 40 37 3 120
0 51 33 46 32 44 5 121
1 29 60 27 60 24 2 122
0 78 58 2 62 2 3 123
0 63 90 35 87 59 3 124
0 31 53 23 55 24 3 125
1 13 62 34 48 36 5 126
1 79 54 64 66 47 2 127
0 142 60 19 63 18 3 128
1 5 48 21 46 20 1 129
0 46 66 93 62 94 3 130
1 38 61 25 61 29 5 131
1 69 55 53 51 63 1 132
0 102 57 47 55 53 3 133
0 97 41 29 28 24 5 134
1 126 57 76 50 79 1 135
0 59 71 36 67 23 3 136
1 43 61 38 58 45 1 137
1 81 50 54 57 46 2 138
1 139 65 1 61 1 4 139
0 50 98 16 98 21 3 140
1 126 59 36 58 40 1 141
0 121 6 28 5 38 6 142
1 66 58 16 63 17 2 143
1 10 49 53 46 69 2 144
1 133 55 25 61 25 2 145
0 34 54 43 52 46 3 146
1 120 55 76 61 74 1 147
0 81 37 42 43 35 3 148
0 26 53 58 55 51 3 149
0 12 54 75 30 77 3 150
0 86 59 19 52 20 3 151
0 62 46 2 52 2 3 152
1 112 68 38 73 33 1 153
0 60 45 20 48 19 3 154
1 66 43 34 41 36 3 155
1 106 70 32 69 40 1 156
0 102 51 19 49 20 3 157
1 71 60 28 53 34 1 158
1 109 59 36 56 36 1 159
1 102 57 45 60 45 1 160
1 73 59 36 52 43 1 161
1 23 50 34 54 25 1 162
0 94 6 65 5 68 3 163
0 27 6 43 6 50 3 164
1 37 52 51 60 16 3 165
1 66 44 38 41 35 4 166
0 38 70 75 72 72 3 167
1 109 48 56 51 55 4 168
0 44 62 40 60 43 3 169
0 50 88 93 85 93 3 170
0 102 54 56 52 63 3 171
0 138 57 23 51 27 3 172
1 0 43 11 35 11 6 173
0 104 6 30 6 37 3 174
1 141 57 45 53 47 1 175
1 141 52 55 52 50 1 176
1 56 54 44 51 43 1 177
0 142 70 6 71 2 3 178
1 136 50 54 46 58 4 179
0 84 43 46 50 48 3 180
0 127 56 18 52 20 3 181
1 18 90 49 92 26 4 182
1 122 50 48 51 44 1 183
0 79 43 20 38 24 5 184
0 58 57 48 63 36 3 185
0 87 47 70 50 61 3 186
0 39 64 32 65 52 3 187
0 31 62 1 56 2 3 188
1 141 44 37 55 41 1 189
0 111 6 28 5 44 3 190
0 29 52 42 51 40 3 191
0 32 68 34 64 24 3 192
1 120 47 40 40 30 1 193
1 13 6 66 6 62 1 194
0 15 49 2 46 2 3 195
1 121 43 31 32 37 2 196
1 38 45 58 48 60 5 197
0 135 85 3 87 2 3 198
0 95 24 50 26 42 3 199
1 68 53 45 55 46 1 200
1 96 53 42 53 46 1 201
1 32 60 30 58 37 5 202
0 104 69 31 68 38 6 203
1 36 58 27 59 24 1 204
0 62 60 43 60 51 3 205
1 94 55 41 56 39 1 206
0 57 37 5 40 5 5 207
0 102 44 65 50 63 3 208
1 53 53 40 51 24 4 209
1 25 55 74 56 76 1 210
1 105 67 42 63 46 1 211
1 102 42 3 44 2 2 212
0 79 51 20 54 15 5 213
1 91 46 55 45 52 1 214
1 54 60 38 61 28 1 215
0 106 35 16 56 39 3 216
1 64 44 64 46 59 1 217
1 74 45 20 47 19 5 218
1 45 55 49 52 56 1 219
0 53 57 19 60 18 3 220
1 18 10 28 31 51 2 221
0 67 53 45 49 57 3 222
1 120 51 2 48 2 2 223
1 122 6 42 6 64 2 224
0 139 5 27 6 35 3 225
1 118 46 80 43 80 1 226
0 72 98 22 98 18 3 227
0 120 47 66 51 55 3 228
1 18 6 31 6 28 6 229
0 78 5 71 6 64 3 230
0 65 46 30 53 27 4 231
1 81 54 38 51 41 1 232
0 0 31 44 32 42 5 233
0 27 6 35 6 32 3 234
1 128 39 14 29 13 1 235
1 57 88 93 86 94 1 236
0 81 54 80 46 80 3 237
1 39 61 37 57 38 1 238
1 39 51 48 50 53 4 239
0 117 42 45 40 43 3 240
1 96 38 14 32 17 1 241
0 137 48 20 43 22 3 242
1 22 31 46 27 59 2 243
1 70 28 58 28 55 2 244
1 96 32 42 32 47 1 245
1 25 59 25 31 30 5 246
0 66 42 35 40 36 3 247
1 112 47 36 55 22 3 248
0 93 40 43 39 46 3 249
1 102 49 2 46 3 2 250
1 48 49 52 54 54 2 251
1 48 35 13 42 12 2 252
1 13 56 47 58 42 5 253
1 26 32 15 61 35 2 254
1 76 6 44 6 50 6 255
0 31 64 1 60 2 6 256
1 77 58 37 57 48 1 257
1 93 6 36 6 26 1 258
0 27 62 38 55 25 3 259
1 97 46 34 48 30 1 260
1 78 90 36 89 59 1 261
1 76 53 28 50 28 1 262
0 39 46 65 49 66 4 263
1 63 54 43 58 38 2 264
0 21 68 77 71 72 4 265
1 128 59 28 58 26 5 266
0 135 6 48 6 44 3 267
0 127 44 65 32 56 3 268
0 125 61 30 44 40 3 269
1 127 67 73 70 72 1 270
0 48 40 50 43 35 3 271
0 57 67 74 71 72 3 272
1 143 52 61 54 56 2 273
1 74 53 70 52 62 2 274
1 67 6 63 5 69 1 275
0 51 60 42 57 32 3 276
1 92 78 7 69 6 2 277
1 29 57 47 55 40 1 278
1 62 60 1 44 1 2 279
0 140 6 67 6 64 3 280
0 80 81 2 83 3 3 281
0 66 6 34 5 40 3 282
1 29 57 29 54 29 1 283
1 65 35 15 62 58 2 284
0 64 31 46 31 43 3 285
1 13 52 44 53 51 1 286
0 75 31 42 46 47 3 287
0 14 42 51 48 39 3 288
0 112 47 30 50 27 3 289
1 103 49 51 48 53 1 290
0 72 54 43 53 46 3 291
0 66 39 37 35 44 3 292
1 97 54 42 55 33 3 293
0 59 98 21 98 17 3 294
1 68 54 45 52 42 2 295
0 0 29 53 27 50 3 296
1 52 68 71 70 68 2 297
1 131 47 44 46 31 2 298
0 65 56 39 49 48 3 299
0 41 69 44 69 40 3 300
0 102 57 45 53 44 3 301
1 141 61 28 58 27 2 302
0 81 47 30 60 12 3 303
1 92 62 48 64 42 1 304
0 116 6 41 6 30 3 305
0 119 71 40 67 15 6 306
0 133 56 80 53 80 3 307
0 79 85 4 87 3 3 308
0 3 60 38 49 34 3 309
1 33 53 43 42 36 1 310
1 65 33 44 32 49 1 311
1 83 58 1 65 1 1 312
0 128 48 43 55 41 3 313
1 28 98 22 98 26 6 314
0 34 86 5 87 3 3 315
1 103 60 30 59 32 1 316
1 107 44 37 22 36 1 317
0 133 98 10 98 17 3 318
1 24 65 75 69 73 1 319
1 77 46 18 43 17 2 320
1 91 54 44 57 43 1 321
1 16 57 20 52 17 1 322
0 78 47 44 47 50 3 323
1 31 68 73 40 58 1 324
1 88 63 47 65 41 1 325
1 128 56 29 48 45 2 326
0 19 59 1 63 1 3 327
0 79 47 20 50 19 3 328
0 90 58 28 55 31 4 329
0 46 43 4 39 4 3 330
1 83 6 37 6 31 1 331
1 0 6 29 6 32 1 332
0 5 56 71 57 68 3 333
0 47 7 44 6 48 3 334
1 105 50 19 47 20 1 335
1 135 91 17 91 13 1 336
1 52 45 31 44 34 1 337
1 143 60 14 64 17 1 338
1 128 29 48 32 44 1 339
0 39 57 27 63 28 3 340
0 28 61 71 40 73 3 341
0 17 46 4 48 3 3 342
0 72 55 41 47 33 3 343
0 127 61 47 59 42 3 344
1 53 52 54 38 51 6 345
1 75 55 80 58 80 2 346
0 53 55 33 54 38 6 347
0 53 52 36 55 32 3 348
1 35 70 36 61 53 2 349
1 114 62 2 52 3 1 350
1 88 61 41 50 60 1 351
0 95 64 45 63 48 4 352
1 142 40 37 36 50 2 353
0 103 59 32 58 28 3 354
1 40 31 42 42 43 5 355
0 117 51 26 54 27 3 356
0 0 50 56 52 51 3 357
1 52 28 33 23 32 1 358
0 80 49 47 47 51 3 359
1 116 56 43 58 37 3 360
0 18 34 41 31 49 3 361
0 55 6 35 5 45 3 362
0 68 55 16 56 21 3 363
0 28 54 32 57 31 3 364
0 143 46 60 47 57 4 365
1 16 59 42 51 38 1 366
0 87 69 71 69 74 3 367
0 121 54 50 49 53 3 368
0 0 50 48 53 46 3 369
1 60 41 34 38 39 3 370
0 47 60 30 63 43 3 371
1 141 51 75 54 73 1 372
1 29 62 25 61 31 3 373
0 65 55 80 45 80 3 374
1 27 6 27 6 32 1 375
1 76 6 40 6 44 1 376
1 93 69 34 65 49 2 377
1 100 98 17 98 22 1 378
0 132 71 40 69 42 3 379
0 72 71 35 72 31 3 380
0 112 66 16 48 16 3 381
1 119 63 35 59 37 1 382
0 14 46 53 47 33 3 383
1 63 29 62 53 35 2 384
1 1 52 45 56 39 1 385
0 112 40 12 37 13 5 386
1 130 50 49 30 40 1 387
1 19 69 34 71 33 1 388
1 52 43 32 42 39 1 389
0 2 98 19 98 22 3 390
0 76 61 43 60 55 3 391
1 111 54 43 54 47 1 392
1 93 91 26 90 33 1 393
1 22 70 39 67 44 1 394
1 143 54 40 51 40 5 395
1 98 27 50 27 55 1 396
1 46 67 92 65 94 6 397
0 54 5 69 6 66 3 398
0 88 51 64 54 31 3 399
0 142 57 45 55 43 3 400
1 38 41 35 42 39 2 401
0 70 55 18 60 18 3 402
0 102 30 45 27 49 3 403
1 7 60 1 56 2 1 404
0 25 59 30 54 37 3 405
0 64 59 29 48 48 5 406
0 55 6 32 6 37 5 407
1 51 69 74 68 76 1 408
1 29 98 12 98 15 2 409
1 127 67 43 99 27 1 410
1 3 6 26 5 24 1 411
0 88 57 36 65 27 3 412
1 39 51 75 68 72 2 413
1 141 63 25 60 25 3 414
1 137 44 18 45 16 2 415
1 14 61 35 53 43 6 416
0 102 55 45 53 56 6 417
1 82 54 41 58 34 1 418
1 19 35 13 39 13 1 419
1 88 58 47 63 35 1 420
1 82 41 35 39 38 1 421
1 30 63 48 49 50 2 422
0 5 30 77 58 74 3 423
0 111 50 60 48 59 3 424
0 97 56 18 52 19 3 425
1 134 6 64 5 66 1 426
0 51 46 4 41 4 3 427
1 63 51 64 45 62 1 428
1 48 36 13 40 13 1 429
0 121 43 29 37 40 3 430
1 106 62 32 55 41 1 431
0 31 68 35 55 28 3 432
0 4 45 18 67 37 3 433
0 34 45 2 52 1 4 434
1 73 65 29 66 13 1 435
0 61 31 45 32 43 4 436
1 13 66 42 54 40 5 437
0 88 68 72 70 73 4 438
0 65 60 32 55 38 5 439
1 112 32 44 30 45 1 440
0 13 56 2 61 1 3 441
0 93 63 1 59 1 3 442
0 65 30 62 30 50 3 443
0 91 44 51 45 49 5 444
1 23 48 67 44 73 1 445
0 33 61 36 59 37 3 446
0 69 50 2 47 2 3 447
1 39 70 33 63 33 1 448
0 98 59 27 55 27 5 449
1 26 53 46 55 42 2 450
0 96 46 50 48 56 3 451
1 131 44 51 42 31 1 452
0 0 59 74 62 68 3 453
0 64 59 30 53 42 3 454
1 28 51 40 50 42 4 455
0 62 54 2 62 1 3 456
0 87 51 48 44 64 3 457
0 44 54 50 60 31 3 458
0 24 5 69 6 66 3 459
0 64 46 3 41 3 3 460
1 53 62 22 55 25 1 461
1 63 30 46 31 44 4 462
0 136 88 92 84 93 3 463
1 91 46 4 41 4 2 464
0 10 65 90 64 94 3 465
1 102 51 48 55 50 3 466
1 18 56 55 58 54 1 467
0 22 31 52 24 50 3 468
1 108 59 38 62 32 1 469
0 52 55 35 43 39 3 470
0 98 64 51 61 58 5 471
1 9 49 42 56 46 4 472
0 137 68 33 70 34 3 473
0 132 61 30 58 38 3 474
0 125 50 30 54 27 3 475
1 67 4 75 5 70 1 476
1 44 53 43 53 48 2 477
0 85 4 39 5 29 3 478
1 29 30 61 31 59 4 479
1 23 41 35 39 39 1 480
0 15 52 1 56 2 3 481
0 96 39 10 41 11 3 482
0 140 42 31 56 38 3 483
1 65 6 32 6 29 1 484
0 119 49 19 52 19 3 485
1 0 56 35 48 36 1 486
1 119 66 44 64 46 1 487
0 96 41 10 32 11 3 488
0 82 53 75 72 71 3 489
0 121 71 63 66 74 5 490
1 66 4 57 2 51 3 491
0 21 43 18 69 36 3 492
1 13 55 80 42 80 5 493
0 43 71 40 71 48 3 494
0 138 46 61 44 64 3 495
1 116 47 2 51 2 5 496
0 17 56 2 60 1 3 497
1 8 54 37 57 33 3 498
0 51 69 6 79 7 3 499
0 123 6 32 6 37 3 500
0 82 72 66 69 72 3 501
0 27 6 34 5 39 3 502
0 114 51 27 53 25 3 503
0 43 98 13 98 16 3 504
1 28 46 3 41 4 2 505
0 9 87 3 86 5 3 506
1 32 27 41 27 44 1 507
1 132 61 1 64 1 2 508
1 90 61 37 60 42 1 509
1 32 55 55 43 56 1 510
0 65 69 38 70 36 3 511
1 28 61 26 60 29 1 512
1 141 50 49 48 50 1 513
0 65 27 71 28 64 3 514
1 58 61 34 58 37 5 515
0 111 6 42 5 45 3 516
0 99 43 64 50 62 3 517
1 51 32 50 29 65 6 518
0 130 50 40 49 53 5 519
1 105 48 56 51 54 3 520
0 96 31 50 32 48 6 521
1 102 18 14 36 34 5 522
0 131 6 51 6 47 3 523
0 33 62 34 60 42 3 524
0 102 54 45 46 62 6 525
0 112 69 43 61 49 3 526
0 34 7 42 6 48 3 527
1 112 39 14 41 13 1 528
1 128 32 42 14 42 1 529
0 94 6 62 6 65 3 530
1 130 7 44 5 57 1 531
0 78 52 44 24 34 6 532
0 73 70 68 71 71 3 533
1 139 72 32 50 39 1 534
0 93 6 55 5 87 3 535
1 107 50 50 51 48 1 536
1 108 46 49 47 52 1 537
0 25 60 36 0 14 3 538
0 91 58 50 56 52 3 539
0 93 6 30 6 33 3 540
1 130 55 46 55 50 1 541
1 51 5 65 4 63 2 542
1 55 87 2 85 4 5 543
1 6 65 16 62 17 3 544
1 58 58 79 50 80 2 545
1 109 60 17 63 11 1 546
0 76 62 49 60 42 3 547
0 74 63 42 67 36 3 548
0 65 56 44 50 48 3 549
0 0 36 49 42 41 3 550
1 58 54 34 59 22 2 551
1 32 27 41 33 42 1 552
0 53 57 43 53 40 3 553
1 58 58 46 54 41 6 554
1 30 32 43 33 41 2 555
1 123 48 68 46 58 1 556
0 93 6 37 5 44 3 557
0 97 42 13 38 12 3 558
0 0 43 4 40 5 3 559
1 104 58 80 55 80 1 560
1 40 88 92 86 94 1 561
1 102 80 5 67 3 2 562
1 71 6 53 4 43 1 563
0 95 55 41 55 38 3 564
1 113 50 36 49 28 3 565
1 61 45 24 62 17 4 566
0 28 65 48 62 57 3 567
0 50 50 60 52 51 3 568
1 114 54 27 51 25 1 569
0 77 41 3 44 3 3 570
1 132 59 46 62 26 1 571
1 29 60 31 36 43 1 572
0 129 29 48 26 54 3 573
1 14 56 42 58 34 1 574
1 53 54 26 44 50 5 575
0 50 56 46 55 44 3 576
1 88 56 50 50 80 1 577
0 32 61 44 51 47 3 578
1 92 57 19 61 18 1 579
1 76 63 32 59 32 1 580
1 102 53 57 58 46 2 581
0 67 5 67 6 65 3 582
0 120 58 75 56 73 3 583
0 139 35 55 46 47 3 584
1 35 52 47 52 42 2 585
1 72 55 55 57 51 1 586
0 9 69 41 50 46 3 587
1 110 48 48 48 44 5 588
1 57 61 42 63 36 2 589
0 36 30 53 33 50 3 590
0 14 98 21 98 24 3 591
1 117 53 46 55 42 6 592
0 11 47 54 46 52 3 593
1 35 55 53 52 59 1 594
1 103 58 47 50 65 1 595
1 142 6 53 5 55 1 596
1 112 87 3 85 4 1 597
0 51 98 18 98 15 3 598
1 81 57 48 61 41 1 599
0 52 53 1 51 2 3 600
1 77 87 93 85 95 1 601
1 35 53 27 40 31 6 602
0 141 50 48 48 52 3 603
0 1 60 42 54 54 3 604
0 53 52 47 53 49 3 605
1 24 49 2 44 3 3 606
0 66 48 33 51 24 3 607
0 40 55 43 52 47 4 608
0 28 51 82 51 79 5 609
1 51 32 49 30 50 1 610
0 28 98 25 98 29 3 611
1 132 65 76 69 73 1 612
0 99 51 17 49 16 3 613
0 132 67 35 67 28 3 614
1 128 50 38 55 31 1 615
0 1 49 69 58 74 3 616
0 36 47 57 51 53 3 617
1 39 61 37 50 36 1 618
1 143 49 21 50 19 1 619
0 31 62 1 56 2 3 620
0 2 35 49 25 57 3 621
1 88 53 42 47 62 2 622
1 57 55 23 53 24 2 623
0 112 42 13 32 13 3 624
1 26 56 42 43 42 2 625
0 59 56 19 58 16 3 626
1 103 55 31 58 30 1 627
0 68 49 53 52 45 5 628
0 91 49 49 54 52 5 629
0 128 55 21 58 17 3 630
0 119 64 46 64 42 3 631
1 15 57 1 55 2 1 632
1 135 39 47 42 42 2 633
0 98 60 45 65 46 3 634
1 134 67 42 66 40 1 635
0 133 60 31 57 40 3 636
0 53 68 74 70 72 3 637
0 34 52 50 26 25 3 638
0 66 75 30 72 38 3 639
0 117 62 46 61 50 3 640
0 76 54 30 52 33 3 641
0 40 64 51 65 47 5 642
1 14 53 45 47 32 1 643
0 115 64 29 60 33 3 644
1 74 52 33 44 32 1 645
1 82 51 41 58 33 4 646
0 16 3 96 1 95 3 647
1 57 62 36 43 40 3 648
0 57 61 31 58 38 3 649
0 120 61 50 52 70 3 650
0 7 5 81 6 54 3 651
0 56 55 80 59 80 3 652
1 112 51 27 48 29 2 653
0 103 48 3 37 4 3 654
1 119 72 39 69 37 1 655
0 131 64 44 69 42 3 656
0 114 71 71 68 71 3 657
0 109 50 79 53 75 5 658
1 111 98 32 98 26 1 659
0 60 55 74 58 75 3 660
1 26 50 51 55 44 3 661
1 65 60 51 57 52 4 662
0 120 58 49 36 40 3 663
0 96 51 48 47 52 3 664
1 14 55 74 59 70 1 665
1 32 51 41 54 40 1 666
0 92 58 35 52 42 3 667
1 60 41 3 50 2 1 668
1 1 61 51 64 42 1 669
0 124 60 17 63 16 3 670
1 124 46 45 47 49 5 671
1 40 69 6 82 5 1 672
1 103 44 3 41 3 1 673
1 121 65 94 66 92 1 674
1 74 56 53 54 56 5 675
0 140 58 57 51 62 3 676
0 90 6 50 4 49 3 677
1 131 57 18 63 17 1 678
0 4 53 40 52 52 6 679
0 68 55 32 50 33 3 680
0 18 92 27 90 20 3 681
1 84 44 52 43 56 5 682
0 104 51 48 50 41 5 683
1 141 62 1 65 1 1 684
1 124 64 1 56 2 1 685
0 132 70 34 71 36 3 686
1 52 65 44 69 37 3 687
1 93 56 42 55 38 2 688
0 32 7 44 5 84 3 689
1 42 43 39 35 44 1 690
1 21 6 40 6 52 2 691
0 86 6 68 5 66 3 692
1 18 55 51 56 46 1 693
1 4 51 46 47 55 5 694
0 67 6 32 6 29 3 695
1 141 52 48 48 63 1 696
0 32 47 30 49 29 3 697
0 65 60 15 53 19 3 698
0 86 88 94 84 94 3 699
0 111 56 39 59 34 3 700
1 116 46 31 59 18 1 701
0 32 50 45 52 42 3 702
1 53 48 19 52 19 1 703
0 70 88 93 86 95 3 704
1 41 53 55 56 43 1 705
0 112 62 21 60 37 3 706
1 138 51 27 0 99 3 707
0 132 73 34 64 44 5 708
1 53 54 46 53 43 1 709
0 48 54 50 51 47 3 710
1 117 57 40 55 39 4 711
1 42 43 25 41 24 1 712
1 105 6 69 6 65 2 713
0 99 71 38 73 31 3 714
1 24 45 2 50 2 1 715
0 53 58 17 52 19 3 716
1 56 91 29 91 32 1 717
0 136 53 39 55 42 3 718
1 117 65 24 70 33 2 719
0 139 91 39 91 35 5 720
1 127 53 60 60 49 1 721
1 135 45 54 43 33 1 722
0 59 33 48 32 43 3 723
1 134 29 47 26 51 2 724
0 80 38 12 30 13 3 725
1 61 45 22 44 16 1 726
0 53 53 34 58 28 3 727
0 48 43 12 41 11 3 728
1 46 52 60 43 53 2 729
0 88 52 19 45 22 3 730
1 81 67 73 70 72 1 731
1 135 54 48 44 52 3 732
0 10 49 2 43 2 3 733
1 47 6 42 5 15 1 734
0 94 30 54 31 50 3 735
1 83 63 34 55 42 1 736
1 82 53 47 53 41 1 737
0 14 56 49 57 47 3 738
0 126 56 38 59 36 3 739
1 143 29 48 33 44 1 740
0 31 69 69 72 68 3 741
0 131 59 19 56 18 3 742
0 102 59 16 52 19 3 743
1 105 57 18 48 16 5 744
0 117 47 55 57 37 3 745
1 96 49 58 52 51 1 746
1 120 68 40 66 33 1 747
1 67 6 68 5 71 2 748
0 84 69 24 94 0 3 749
0 2 90 53 90 49 3 750
0 61 60 48 56 63 3 751
0 31 71 30 62 47 3 752
1 46 56 29 53 68 1 753
1 47 56 19 52 19 1 754
1 134 45 2 49 2 1 755
0 86 52 48 50 49 5 756
1 6 60 38 57 40 1 757
1 57 56 39 52 44 1 758
0 10 49 61 56 50 3 759
1 40 42 4 46 3 1 760
1 119 69 36 64 32 1 761
0 29 70 70 68 72 3 762
1 90 65 94 67 93 1 763
0 135 42 39 43 32 3 764
0 0 98 22 98 31 3 765
1 100 66 48 66 10 1 766
1 93 6 28 6 37 1 767
0 60 55 58 61 45 3 768
0 64 58 28 64 22 3 769
1 52 49 49 44 45 5 770
1 28 54 77 55 73 3 771
1 2 45 2 28 2 2 772
1 48 92 28 90 42 3 773
1 48 27 49 23 45 2 774
1 5 60 31 53 43 1 775
1 1 62 26 63 23 1 776
1 9 43 3 48 2 2 777
0 28 56 53 52 65 3 778
1 79 42 34 31 40 1 779
0 59 47 37 44 34 3 780
0 53 53 44 51 57 4 781
0 17 51 75 48 69 3 782
0 78 75 6 83 4 3 783
0 125 66 38 63 44 3 784
1 73 47 41 47 49 5 785
0 0 41 11 43 12 3 786
0 136 72 34 69 38 3 787
1 55 53 43 44 35 1 788
0 65 58 48 57 51 6 789
0 13 70 36 65 42 3 790
1 108 91 28 91 31 1 791
0 21 43 12 39 10 3 792
0 133 48 59 45 63 3 793
1 128 29 47 20 63 4 794
0 93 39 28 45 28 3 795
0 27 33 44 25 61 3 796
0 53 57 18 63 17 6 797
1 50 53 30 48 19 1 798
1 11 69 37 65 44 1 799
1 64 30 48 33 43 1 800
0 56 54 77 59 71 3 801
1 6 59 29 56 26 1 802
1 10 38 39 40 43 5 803
0 73 91 34 92 29 3 804
1 52 24 2 31 2 1 805
0 3 67 43 71 32 3 806
1 41 50 52 55 49 1 807
1 80 35 41 31 42 1 808
1 63 54 46 48 58 2 809
1 42 31 51 31 46 2 810
0 28 54 75 98 67 3 811
0 29 32 48 30 50 3 812
0 80 63 22 64 20 3 813
0 4 47 31 52 27 4 814
0 14 44 19 54 19 3 815
1 138 87 3 86 5 2 816
0 74 6 34 6 28 3 817
0 112 42 18 66 22 3 818
1 72 48 22 61 31 1 819
0 51 65 41 57 35 3 820
1 60 67 35 68 38 1 821
1 94 55 80 51 80 1 822
1 130 56 54 61 41 5 823
1 113 62 2 60 1 1 824
0 103 53 50 51 56 4 825
1 133 50 51 39 62 1 826
1 40 62 18 58 18 2 827
0 18 6 25 6 35 3 828
1 19 43 29 45 28 1 829
1 54 57 48 58 58 2 830
1 94 52 58 55 47 1 831
0 52 45 29 43 33 3 832
0 58 60 43 62 39 3 833
0 112 31 43 33 46 3 834
0 24 61 37 42 50 3 835
1 4 53 41 54 37 2 836
1 102 6 39 6 32 2 837
0 101 64 43 69 35 3 838
1 122 52 33 49 37 2 839
0 49 63 50 64 25 3 840
1 9 60 31 52 41 1 841
0 10 46 2 28 2 3 842
0 126 6 45 6 62 3 843
0 117 50 52 51 46 3 844
0 129 21 18 22 20 3 845
1 128 52 26 25 27 5 846
1 83 61 31 55 52 6 847
1 111 56 41 57 34 1 848
1 11 88 3 83 4 1 849
1 55 29 57 28 59 1 850
1 99 61 34 60 31 3 851
1 139 62 24 60 27 1 852
1 120 73 36 70 46 2 853
0 14 60 18 52 20 5 854
1 6 69 73 71 72 2 855
1 69 49 79 53 76 1 856
0 26 61 42 56 38 3 857
1 38 58 29 63 23 2 858
0 55 49 53 50 57 3 859
0 140 67 35 66 39 3 860
1 16 67 43 40 37 1 861
0 90 59 24 62 23 3 862
1 53 50 50 58 41 1 863
1 6 56 22 59 24 1 864
0 112 30 52 28 49 6 865
1 60 56 63 52 61 1 866
0 36 42 25 42 33 3 867
1 69 30 77 50 77 1 868
0 106 50 51 53 53 3 869
0 39 52 46 15 26 3 870
0 86 69 42 71 36 3 871
1 7 52 22 53 24 2 872
0 103 44 4 47 4 3 873
0 8 54 39 48 38 3 874
0 72 98 20 98 13 5 875
0 126 98 11 98 22 3 876
0 124 60 1 57 1 3 877
0 106 6 51 6 54 5 878
1 2 47 68 55 50 1 879
1 50 50 27 47 30 2 880
1 91 40 42 39 40 2 881
1 121 45 3 42 3 2 882
0 88 65 35 61 37 3 883
0 36 31 55 31 51 3 884
1 80 62 1 58 1 1 885
1 23 48 3 42 4 1 886
0 77 49 71 61 43 3 887
1 143 53 55 48 51 1 888
0 85 71 38 68 40 3 889
1 143 53 46 57 47 2 890
0 81 69 37 67 41 5 891
1 17 47 4 40 4 3 892
0 115 6 32 6 37 3 893
0 48 26 51 29 52 3 894
0 43 98 23 98 20 3 895
1 128 53 29 45 28 2 896
1 102 58 75 56 76 1 897
0 15 57 2 59 1 3 898
0 33 73 39 73 30 3 899
0 68 57 27 52 20 3 900
0 106 29 51 31 50 3 901
0 139 6 37 5 41 3 902
1 122 91 19 92 28 1 903
0 4 38 14 31 13 3 904
0 88 55 35 53 38 3 905
1 62 49 51 52 43 1 906
0 92 30 48 33 42 3 907
1 85 70 72 64 75 1 908
1 130 6 35 6 31 1 909
1 14 53 55 54 52 1 910
0 124 61 2 63 1 3 911
0 78 56 52 62 44 3 912
1 39 47 41 46 38 1 913
0 2 50 18 45 21 4 914
0 124 56 42 55 44 3 915
1 11 41 57 35 77 1 916
1 120 38 13 3 11 2 917
1 80 41 12 36 13 1 918
0 126 6 24 6 50 3 919
0 66 50 28 46 30 3 920
1 7 6 45 6 61 1 921
0 53 51 14 54 13 3 922
0 66 50 36 56 37 3 923
0 20 55 80 52 80 3 924
1 38 50 37 54 31 1 925
1 70 46 59 41 45 1 926
1 66 70 36 67 40 5 927
1 6 34 45 33 43 1 928
0 7 60 30 63 29 3 929
1 22 31 45 27 60 1 930
1 67 63 69 58 67 1 931
1 72 60 34 59 36 1 932
1 128 52 26 55 25 3 933
1 6 48 36 45 34 4 934
0 81 52 57 54 53 3 935
0 32 29 52 35 40 3 936
0 102 33 50 31 57 3 937
1 118 53 44 57 40 1 938
0 59 43 57 45 52 3 939
0 66 38 39 42 39 3 940
1 32 52 59 55 54 2 941
1 26 61 36 49 36 1 942
0 130 55 49 56 46 3 943
0 9 45 34 55 24 3 944
0 24 53 80 57 80 5 945
0 106 59 44 56 47 3 946
0 108 71 67 69 68 3 947
0 88 44 2 49 2 3 948
0 108 90 35 91 37 3 949
0 69 60 27 60 31 3 950
1 91 31 15 60 39 4 951
1 119 53 35 53 39 1 952
0 46 57 46 59 49 4 953
1 7 30 53 30 49 5 954
0 126 56 45 51 49 3 955
1 67 56 80 45 81 2 956
1 22 45 4 49 3 1 957
1 57 87 94 84 97 1 958
1 124 60 2 65 1 3 959
1 104 6 35 6 30 1 960
1 73 63 35 61 33 1 961
1 72 64 27 56 34 5 962
1 56 51 50 49 54 1 963
0 2 47 41 32 48 3 964
1 56 44 53 41 65 2 965
1 66 69 37 67 40 1 966
0 18 80 6 74 10 5 967
1 81 51 31 55 31 2 968
0 112 44 51 47 51 3 969
1 2 62 48 64 43 1 970
1 106 55 54 59 44 1 971
1 130 43 58 35 67 2 972
0 143 33 42 28 47 3 973
0 7 55 80 52 80 3 974
0 39 57 46 37 40 3 975
1 30 61 43 59 45 3 976
1 96 47 72 23 63 5 977
0 79 67 78 67 74 3 978
0 121 44 54 45 48 3 979
1 52 47 1 49 2 5 980
0 5 49 19 53 18 3 981
1 9 58 41 49 53 1 982
0 116 5 40 6 36 3 983
1 111 42 41 45 36 1 984
1 115 53 45 38 52 1 985
0 132 47 49 46 52 5 986
0 8 4 31 25 39 3 987
0 51 28 2 35 2 3 988
0 115 5 38 4 44 3 989
0 84 58 58 57 63 3 990
1 126 60 32 56 38 1 991
0 39 68 45 66 49 3 992
0 4 57 59 56 62 3 993
0 42 44 63 48 38 5 994
0 108 29 62 29 59 3 995
1 134 6 33 5 37 1 996
1 96 47 44 51 15 2 997
0 105 68 40 71 33 5 998
1 7 28 58 32 54 1 999
1 8 67 35 63 19 6 1000
0 60 53 38 14 21 3 1001
0 109 58 76 61 72 3 1002
1 77 62 1 52 1 3 1003
1 64 68 43 62 46 1 1004
1 4 32 43 34 44 2 1005
0 70 57 35 49 43 3 1006
0 11 51 47 24 38 5 1007
1 5 41 12 44 12 2 1008
0 11 46 4 48 3 5 1009
1 36 52 42 55 38 1 1010
0 139 6 64 5 69 3 1011
1 132 69 38 73 30 4 1012
0 9 60 37 61 32 3 1013
1 5 51 77 55 73 1 1014
0 17 6 53 6 44 3 1015
0 6 65 50 71 37 3 1016
0 64 48 42 48 51 3 1017
0 66 72 66 65 75 3 1018
0 14 42 13 43 11 3 1019
0 49 55 2 60 2 3 1020
0 15 61 1 59 2 3 1021
0 24 46 58 48 60 6 1022
0 0 32 48 18 62 5 1023
0 8 90 36 91 31 3 1024
1 117 55 80 51 80 1 1025
1 53 48 54 53 47 1 1026
0 13 98 16 98 19 3 1027
0 33 91 33 90 37 3 1028
0 75 50 39 32 56 3 1029
1 47 55 43 54 45 1 1030
0 120 54 50 55 37 3 1031
1 74 6 29 6 34 1 1032
1 95 49 2 45 2 1 1033
0 112 38 11 33 10 5 1034
1 133 54 46 54 49 2 1035
1 112 63 1 60 1 1 1036
0 118 70 44 72 41 3 1037
1 72 55 40 60 32 5 1038
1 129 88 93 84 94 1 1039
0 36 28 58 30 62 3 1040
0 132 55 67 58 71 3 1041
0 57 66 94 67 92 3 1042
1 10 65 1 58 1 1 1043
1 60 61 35 59 40 1 1044
1 25 63 34 55 50 2 1045
0 10 48 43 49 39 3 1046
1 104 57 40 55 41 1 1047
1 11 47 58 48 56 2 1048
1 107 46 29 41 35 1 1049
1 137 35 16 66 39 1 1050
1 65 55 2 62 1 1 1051
0 88 45 21 50 20 3 1052
1 45 50 60 42 64 1 1053
1 117 52 55 54 52 5 1054
1 20 6 44 7 51 1 1055
0 121 49 54 44 77 3 1056
0 31 64 1 57 2 6 1057
0 125 33 44 28 53 3 1058
1 83 53 44 54 49 1 1059
1 61 45 22 51 19 1 1060
1 24 53 39 49 37 5 1061
1 136 57 39 59 40 1 1062
1 33 65 75 68 72 1 1063
0 125 49 54 54 45 3 1064
1 80 63 20 54 32 1 1065
0 102 32 46 26 37 3 1066
0 116 45 2 48 2 5 1067
1 128 62 1 65 1 2 1068
0 77 61 25 63 20 5 1069
1 17 46 3 41 4 1 1070
1 61 47 70 46 72 4 1071
0 83 56 16 58 14 3 1072
0 1 58 40 56 36 3 1073
1 24 50 49 54 47 1 1074
0 41 77 6 79 5 5 1075
0 53 66 40 69 40 3 1076
0 67 52 46 55 38 3 1077
0 80 32 78 51 79 3 1078
1 60 3 96 1 95 2 1079
0 91 54 45 50 57 3 1080
0 43 98 16 98 19 3 1081
0 76 46 43 46 49 3 1082
1 119 53 46 42 45 1 1083
0 48 54 40 52 47 3 1084
0 75 70 36 67 38 3 1085
0 102 49 53 55 52 3 1086
0 22 61 18 51 22 3 1087
1 111 58 38 61 40 1 1088
0 130 70 6 77 7 3 1089
1 132 42 56 46 56 1 1090
0 38 52 41 54 42 5 1091
0 105 98 12 98 18 3 1092
0 108 92 17 90 13 3 1093
0 69 70 68 64 64 3 1094
0 72 48 54 53 51 3 1095
0 96 45 2 49 2 3 1096
0 117 51 58 48 57 3 1097
1 112 65 39 63 44 1 1098
0 46 61 73 60 76 3 1099
1 0 62 32 60 53 1 1100
0 120 40 4 28 4 3 1101
0 65 55 38 56 35 3 1102
0 130 6 31 6 19 3 1103
0 46 62 2 54 1 3 1104
1 26 54 48 52 55 1 1105
0 136 6 41 7 53 5 1106
1 14 59 37 54 44 1 1107
1 4 53 45 54 47 1 1108
0 78 80 5 83 4 5 1109
0 80 50 44 47 50 3 1110
1 130 58 46 57 51 5 1111
1 44 66 33 64 55 4 1112
0 73 60 75 30 78 3 1113
1 64 55 40 53 39 1 1114
0 53 54 17 50 33 3 1115
0 68 59 36 57 39 3 1116
0 96 45 4 74 3 3 1117
0 33 59 77 57 76 3 1118
0 116 47 2 50 2 3 1119
0 76 67 92 64 92 3 1120
0 44 68 41 67 35 4 1121
0 113 54 38 58 29 4 1122
0 19 59 31 49 39 3 1123
0 88 47 21 53 18 3 1124
1 61 54 38 60 40 1 1125
1 51 56 75 53 77 1 1126
1 66 53 80 50 80 2 1127
1 88 59 20 56 19 1 1128
1 83 47 20 50 20 2 1129
1 140 67 35 67 43 1 1130
1 6 63 17 52 20 2 1131
0 108 67 92 65 91 3 1132
0 10 58 39 55 50 4 1133
0 71 88 93 85 93 3 1134
1 103 60 25 58 27 2 1135
1 45 55 80 50 81 2 1136
0 68 69 33 56 44 3 1137
0 102 6 32 5 36 6 1138
1 29 69 38 70 40 1 1139
1 32 40 11 42 12 1 1140
0 80 53 46 54 43 3 1141
1 128 92 29 92 34 2 1142
1 120 17 2 33 4 6 1143
0 6 53 39 58 43 3 1144
0 45 34 41 32 43 3 1145
0 112 68 33 70 30 3 1146
1 128 53 48 44 49 3 1147
0 137 62 39 33 44 3 1148
1 65 49 28 33 30 2 1149
0 5 65 1 59 1 3 1150
0 90 53 31 59 29 3 1151
1 53 64 16 52 19 4 1152
0 9 52 59 44 77 5 1153
0 23 53 33 51 35 3 1154
0 121 68 74 70 72 5 1155
1 65 30 61 31 58 6 1156
0 7 80 6 70 6 3 1157
1 89 40 11 43 12 2 1158
0 88 66 39 59 36 5 1159
0 103 48 3 42 5 3 1160
0 50 61 29 42 31 3 1161
1 66 64 46 54 39 1 1162
0 58 54 30 63 36 6 1163
0 98 51 35 53 33 3 1164
1 139 50 1 55 2 1 1165
0 100 56 76 63 69 3 1166
1 94 30 60 30 53 1 1167
0 8 53 40 63 45 3 1168
0 29 61 40 52 34 3 1169
0 70 50 50 52 47 3 1170
0 35 50 80 56 80 5 1171
1 88 44 21 34 19 1 1172
0 16 71 36 63 36 3 1173
1 36 42 19 40 37 1 1174
1 40 98 20 98 24 2 1175
1 31 47 2 28 2 1 1176
0 131 52 54 48 22 3 1177
1 81 33 2 47 2 6 1178
0 134 52 41 54 40 3 1179
0 96 56 18 69 18 3 1180
0 28 48 51 51 16 6 1181
1 26 58 44 61 44 6 1182
0 61 53 62 53 56 3 1183
1 52 69 24 64 38 1 1184
0 79 57 18 52 19 5 1185
1 65 60 50 45 41 2 1186
0 143 26 50 29 53 3 1187
1 49 64 75 66 74 1 1188
1 23 56 55 46 51 3 1189
0 135 53 24 49 30 3 1190
1 92 56 47 46 58 1 1191
0 76 44 4 37 4 3 1192
0 18 91 27 92 30 3 1193
0 44 67 39 66 36 3 1194
1 58 56 51 59 47 1 1195
0 34 57 78 55 79 3 1196
1 52 53 45 27 39 1 1197
0 84 54 24 47 17 3 1198
1 44 49 19 46 20 2 1199
0 19 52 18 51 20 3 1200
0 134 69 74 74 66 3 1201
1 123 50 2 46 2 1 1202
0 5 6 47 6 50 3 1203
1 121 59 38 59 42 1 1204
1 77 59 31 62 26 6 1205
1 10 65 26 60 34 2 1206
0 8 42 18 67 18 3 1207
0 126 47 3 38 4 3 1208
1 94 29 59 27 57 1 1209
0 82 51 28 53 26 3 1210
0 89 63 45 62 47 3 1211
1 68 46 74 46 61 1 1212
0 2 41 35 37 41 3 1213
0 39 50 53 51 58 3 1214
1 42 62 69 52 69 1 1215
1 88 57 50 56 54 5 1216
1 14 61 39 58 37 4 1217
0 118 61 61 54 44 3 1218
1 32 64 31 61 30 1 1219
1 85 63 34 63 29 1 1220
1 89 71 69 69 75 1 1221
0 26 51 36 54 51 3 1222
0 74 53 40 31 42 3 1223
1 116 70 73 67 73 2 1224
1 5 59 51 58 53 1 1225
0 100 45 3 41 4 3 1226
1 62 65 39 67 40 1 1227
1 130 54 33 56 54 3 1228
1 3 55 80 52 81 2 1229
0 16 53 34 47 39 3 1230
0 0 65 39 53 44 3 1231
1 18 6 28 6 34 2 1232
0 27 6 45 5 39 5 1233
1 87 11 22 24 93 3 1234
1 27 6 42 6 50 5 1235
0 14 64 16 58 18 3 1236
1 95 49 3 42 4 1 1237
0 0 51 51 52 57 3 1238
1 129 34 23 45 30 1 1239
1 79 88 92 82 91 2 1240
0 98 29 52 29 49 3 1241
1 48 56 25 52 24 2 1242
0 23 54 42 52 45 3 1243
1 28 80 5 62 2 2 1244
1 12 59 16 53 19 5 1245
1 113 59 76 56 77 1 1246
0 101 98 22 98 17 3 1247
0 116 50 20 48 17 3 1248
1 3 58 48 53 46 1 1249
1 38 45 45 40 35 1 1250
0 77 51 49 47 55 3 1251
0 112 57 39 54 48 3 1252
1 89 85 3 83 4 1 1253
1 105 41 42 39 41 1 1254
1 39 51 59 52 55 2 1255
0 58 53 46 55 41 3 1256
1 70 65 77 68 77 1 1257
1 8 47 44 32 29 1 1258
1 38 66 43 67 41 1 1259
1 131 63 16 59 19 2 1260
0 138 53 52 52 48 3 1261
1 45 46 59 44 39 1 1262
0 48 55 44 58 40 3 1263
0 58 46 2 42 3 3 1264
1 86 57 36 59 24 1 1265
1 57 56 78 12 60 3 1266
0 9 54 45 55 47 3 1267
1 128 98 17 98 14 3 1268
1 57 5 36 5 42 2 1269
1 43 54 52 54 65 1 1270
1 116 65 51 60 50 1 1271
0 96 44 67 53 46 3 1272
1 11 46 45 49 53 1 1273
0 77 60 23 58 26 3 1274
1 47 55 36 53 34 1 1275
1 104 46 43 45 54 2 1276
0 63 46 2 50 2 3 1277
1 64 28 41 31 45 1 1278
0 100 98 20 98 17 3 1279
0 32 68 34 69 38 3 1280
0 109 45 4 31 4 3 1281
1 27 51 56 50 59 2 1282
1 78 62 32 53 41 3 1283
0 32 51 71 59 55 3 1284
1 83 79 5 81 6 1 1285
1 17 6 52 6 57 5 1286
0 96 41 11 39 14 5 1287
0 113 53 32 55 33 3 1288
1 10 52 2 49 2 6 1289
1 38 49 37 60 28 2 1290
0 64 62 51 59 46 3 1291
0 2 34 5 30 5 3 1292
0 113 58 48 61 42 3 1293
0 83 60 24 57 35 4 1294
0 101 55 44 54 47 3 1295
1 115 98 17 98 22 4 1296
0 89 72 66 68 73 3 1297
0 80 49 77 55 80 3 1298
1 61 60 31 52 43 1 1299
1 131 60 18 63 17 2 1300
0 104 52 47 54 44 3 1301
0 60 49 21 45 21 3 1302
0 2 43 2 52 2 3 1303
0 28 25 52 31 43 3 1304
0 54 63 40 51 51 5 1305
0 96 51 61 53 37 3 1306
1 102 46 26 39 38 1 1307
1 91 55 2 62 2 1 1308
1 93 91 39 90 47 1 1309
0 113 49 46 46 45 3 1310
0 79 30 37 34 47 3 1311
0 108 48 53 45 51 3 1312
1 10 57 48 60 42 1 1313
1 105 46 50 32 56 2 1314
0 41 57 39 54 33 3 1315
0 121 52 21 52 18 3 1316
1 108 51 50 48 56 1 1317
0 37 50 20 45 21 3 1318
0 96 32 44 26 49 3 1319
1 37 40 39 43 32 1 1320
0 11 47 55 40 69 3 1321
0 18 56 48 56 52 3 1322
1 37 6 34 6 39 6 1323
1 109 91 38 87 45 1 1324
0 72 23 51 26 64 3 1325
1 115 42 60 44 63 6 1326
0 127 63 1 66 1 3 1327
0 124 57 2 60 1 3 1328
1 117 69 46 68 41 1 1329
1 79 34 40 34 44 1 1330
0 89 55 80 53 81 3 1331
0 29 79 6 81 5 3 1332
1 35 56 80 49 80 2 1333
0 124 67 39 65 49 3 1334
1 32 61 44 59 52 1 1335
0 94 43 65 48 55 3 1336
1 7 6 54 5 59 1 1337
0 108 61 30 52 56 3 1338
1 81 54 39 60 33 1 1339
1 137 54 50 48 51 1 1340
1 58 46 55 46 45 1 1341
0 25 61 1 57 2 3 1342
1 66 54 26 46 30 5 1343
0 66 69 40 64 38 3 1344
1 82 55 80 49 81 1 1345
0 29 53 69 52 63 3 1346
0 18 80 5 82 6 3 1347
0 140 57 37 42 39 4 1348
1 65 38 29 37 41 4 1349
0 42 53 49 50 49 3 1350
1 31 58 31 47 51 1 1351
1 107 46 52 56 40 1 1352
0 100 52 39 49 41 3 1353
0 107 53 18 55 20 3 1354
0 52 70 39 72 32 5 1355
0 63 57 75 57 72 3 1356
0 135 62 27 60 24 3 1357
0 26 50 57 33 62 5 1358
1 101 5 69 6 64 2 1359
1 130 61 45 63 39 1 1360
0 87 49 2 43 2 4 1361
1 123 32 55 33 52 5 1362
0 85 49 39 28 38 3 1363
0 29 68 36 64 45 4 1364
1 139 92 26 90 38 2 1365
0 35 87 93 82 94 3 1366
1 111 52 50 53 54 1 1367
0 9 44 51 49 51 3 1368
1 51 56 39 55 41 1 1369
0 89 6 50 6 56 3 1370
0 53 55 29 46 37 3 1371
1 57 7 46 6 62 1 1372
0 23 6 41 6 60 3 1373
0 25 55 31 59 26 3 1374
0 62 6 32 6 50 3 1375
0 71 43 44 51 49 3 1376
1 83 57 30 57 25 1 1377
1 128 53 34 47 16 1 1378
1 33 46 43 45 54 2 1379
1 57 54 42 57 24 1 1380
0 90 46 73 43 72 3 1381
1 27 6 58 6 68 5 1382
1 58 61 16 58 18 1 1383
0 65 27 51 33 45 3 1384
1 74 6 39 5 42 2 1385
0 27 77 6 80 6 3 1386
1 67 6 68 6 63 1 1387
0 117 42 11 44 12 3 1388
0 74 6 31 6 34 5 1389
1 90 59 17 64 16 1 1390
1 14 62 43 59 50 1 1391
1 35 42 57 45 50 1 1392
0 8 52 39 43 39 3 1393
1 22 46 59 46 70 1 1394
0 21 51 46 45 46 3 1395
1 66 6 44 7 13 2 1396
0 24 41 41 42 39 3 1397
1 132 53 37 55 34 1 1398
1 143 60 15 52 20 5 1399
1 104 56 48 54 51 1 1400
0 31 42 33 37 40 3 1401
1 72 52 49 54 48 1 1402
0 122 89 93 87 94 3 1403
1 54 68 77 70 72 1 1404
1 83 41 11 37 13 2 1405
0 72 51 20 49 19 3 1406
1 90 56 30 58 34 1 1407
0 4 58 45 53 45 3 1408
1 124 91 44 90 51 5 1409
0 137 32 55 29 54 3 1410
1 94 58 18 52 21 1 1411
0 79 31 51 28 58 3 1412
0 78 58 31 53 29 3 1413
0 69 54 26 24 22 3 1414
0 21 63 42 66 39 3 1415
1 79 62 17 52 19 1 1416
0 80 54 74 54 80 3 1417
1 121 31 42 57 40 4 1418
1 102 36 63 16 49 5 1419
1 54 50 20 52 19 1 1420
1 136 87 93 88 91 2 1421
1 88 89 35 92 24 1 1422
1 105 60 26 59 30 1 1423
0 89 52 77 36 75 3 1424
0 14 63 31 54 50 3 1425
0 72 44 73 44 77 6 1426
0 25 57 29 61 24 3 1427
0 19 67 93 65 96 3 1428
1 90 50 3 46 4 2 1429
1 85 67 47 61 61 1 1430
0 65 6 30 5 39 3 1431
0 102 49 59 47 70 3 1432
1 80 57 36 57 42 1 1433
0 51 27 48 28 38 3 1434
0 90 47 60 43 63 4 1435
0 10 59 48 54 61 3 1436
1 0 56 39 55 37 2 1437
1 33 98 15 98 20 2 1438
1 109 50 17 42 24 1 1439
0 103 49 78 49 73 3 1440
0 132 54 53 50 52 5 1441
0 20 73 33 71 22 3 1442
0 112 64 41 69 36 3 1443
0 51 57 70 50 72 3 1444
0 51 32 47 30 51 3 1445
1 17 50 28 51 25 1 1446
1 141 62 22 59 23 1 1447
0 21 60 53 62 44 3 1448
0 65 57 52 56 62 3 1449
1 120 54 78 58 73 5 1450
1 37 6 41 6 53 1 1451
1 130 58 26 62 20 2 1452
0 62 43 68 31 55 3 1453
1 57 51 27 51 24 1 1454
0 26 54 48 52 55 3 1455
1 32 39 12 37 13 1 1456
1 111 50 49 49 52 2 1457
0 79 41 34 39 38 3 1458
1 90 43 57 45 50 5 1459
0 86 54 44 45 51 3 1460
1 50 45 3 47 4 1 1461
1 141 59 56 53 65 1 1462
1 61 42 32 38 21 1 1463
1 95 83 5 80 4 1 1464
1 76 32 45 30 51 1 1465
0 5 37 51 41 38 3 1466
0 64 29 48 31 45 3 1467
1 57 56 46 57 44 1 1468
0 112 23 46 26 57 3 1469
1 8 91 35 90 21 4 1470
0 143 35 13 44 10 3 1471
1 46 61 31 42 35 2 1472
1 111 60 32 59 24 1 1473
1 128 44 11 38 8 1 1474
0 13 43 42 56 41 3 1475
1 78 58 80 54 80 4 1476
1 44 47 21 44 21 1 1477
1 0 49 51 52 55 1 1478
1 48 57 28 62 25 3 1479
0 139 6 35 6 18 5 1480
1 10 63 31 51 39 1 1481
1 32 86 2 84 4 1 1482
1 63 58 19 53 19 1 1483
0 5 54 68 59 47 3 1484
1 23 45 3 38 4 2 1485
1 137 58 18 33 19 1 1486
0 40 63 55 55 63 3 1487
1 88 92 32 91 44 2 1488
1 21 51 33 49 24 1 1489
0 132 58 46 55 41 3 1490
1 17 7 37 4 39 1 1491
0 22 34 47 34 44 3 1492
1 50 60 42 55 53 2 1493
1 8 59 28 50 36 5 1494
0 33 66 94 61 93 3 1495
0 38 54 32 56 37 3 1496
1 101 52 16 58 18 1 1497
1 73 54 43 55 51 4 1498
0 15 64 1 55 2 3 1499
1 35 56 19 58 17 1 1500
0 112 49 28 57 22 3 1501
1 33 49 50 55 41 1 1502
1 96 48 2 13 1 1 1503
1 1 46 20 48 15 1 1504
1 43 61 35 59 33 3 1505
1 90 87 4 85 3 6 1506
1 32 41 10 40 12 1 1507
1 36 32 48 32 45 3 1508
0 86 56 76 59 71 6 1509
0 22 57 36 57 45 3 1510
1 15 63 2 54 2 1 1511
1 133 55 80 50 80 5 1512
1 9 55 45 45 45 1 1513
1 51 32 48 30 47 1 1514
0 50 45 61 43 68 3 1515
1 82 60 38 59 36 1 1516
0 88 45 20 52 19 3 1517
0 121 67 74 69 71 3 1518
1 115 50 16 53 19 2 1519
0 19 63 79 60 87 3 1520
1 57 27 53 33 42 1 1521
1 111 47 54 42 30 1 1522
1 137 58 56 56 52 4 1523
1 13 67 35 68 43 1 1524
0 24 59 32 52 45 3 1525
1 143 47 55 45 50 1 1526
0 44 56 42 49 48 3 1527
1 88 53 41 33 43 1 1528
1 80 57 40 48 49 1 1529
0 128 60 24 54 27 3 1530
1 117 60 52 59 54 1 1531
1 9 54 38 53 41 1 1532
1 94 66 29 62 38 1 1533
0 64 61 30 61 35 3 1534
0 38 53 31 54 36 5 1535
0 90 58 29 62 25 5 1536
0 0 34 42 32 43 3 1537
0 23 45 60 53 36 3 1538
1 43 38 13 40 12 1 1539
0 18 31 49 29 53 3 1540
0 86 6 44 6 57 3 1541
0 43 50 50 51 48 4 1542
0 141 61 74 51 77 3 1543
1 28 45 4 42 4 5 1544
0 107 43 30 42 41 3 1545
1 24 54 80 50 81 1 1546
1 132 57 41 56 49 1 1547
1 36 33 47 27 61 5 1548
1 102 62 31 54 43 1 1549
1 121 46 27 35 46 2 1550
0 96 56 42 60 31 3 1551
1 129 44 33 43 36 1 1552
1 79 56 18 51 19 5 1553
1 115 51 35 52 41 1 1554
0 125 51 56 48 53 3 1555
0 107 89 93 87 94 3 1556
1 80 55 44 53 45 2 1557
1 17 59 37 57 39 6 1558
0 72 50 52 52 55 4 1559
1 61 41 43 39 38 1 1560
0 87 67 48 64 46 3 1561
1 93 89 53 90 48 1 1562
0 58 54 24 51 25 3 1563
1 46 55 73 57 72 6 1564
1 38 72 68 39 58 6 1565
0 104 6 44 7 47 3 1566
1 95 44 24 38 47 1 1567
1 121 44 33 39 38 5 1568
1 101 30 14 59 33 6 1569
1 103 30 56 31 51 1 1570
0 59 5 66 4 68 3 1571
0 123 50 2 47 2 3 1572
1 57 53 44 49 33 2 1573
1 14 60 18 65 16 6 1574
1 8 49 36 55 27 1 1575
0 38 55 32 58 33 3 1576
0 123 71 6 77 7 3 1577
1 92 72 40 63 53 2 1578
0 36 47 53 48 51 3 1579
1 66 49 29 45 37 1 1580
0 84 52 50 51 47 3 1581
1 43 70 65 68 74 1 1582
0 102 47 72 53 53 3 1583
1 35 43 30 46 31 3 1584
1 80 46 3 43 3 1 1585
1 115 50 50 54 52 1 1586
0 48 91 36 90 38 3 1587
0 30 61 37 61 30 3 1588
1 2 6 54 6 58 3 1589
1 67 41 82 42 79 4 1590
1 111 46 41 46 51 1 1591
0 41 57 38 67 42 3 1592
0 57 40 46 39 43 3 1593
1 10 67 33 62 32 3 1594
1 9 53 50 46 67 1 1595
0 110 59 2 56 2 3 1596
0 94 29 55 26 63 6 1597
0 18 92 32 91 28 3 1598
0 117 48 4 45 4 3 1599
0 68 56 80 53 81 3 1600
1 86 52 46 48 49 2 1601
1 108 69 46 69 39 2 1602
1 11 52 45 54 47 1 1603
0 40 67 35 68 40 3 1604
0 95 52 58 50 61 3 1605
1 54 68 38 63 48 1 1606
1 139 43 4 37 4 2 1607
0 0 5 66 6 63 3 1608
1 9 53 41 57 44 1 1609
1 77 62 24 60 29 2 1610
0 13 55 43 56 41 3 1611
0 41 7 44 7 47 3 1612
1 24 54 52 51 59 4 1613
1 5 57 53 55 56 1 1614
1 89 43 40 47 50 1 1615
0 53 69 36 60 40 3 1616
1 135 62 1 58 2 3 1617
1 83 59 29 54 32 1 1618
1 21 60 26 51 31 2 1619
1 32 65 42 62 48 1 1620
1 128 45 23 43 22 1 1621
0 59 67 44 61 56 5 1622
1 13 53 30 52 26 1 1623
0 117 50 50 44 63 3 1624
1 2 39 14 36 13 1 1625
0 10 50 37 47 37 3 1626
0 84 61 40 57 59 3 1627
0 23 46 23 52 35 3 1628
1 112 52 29 45 34 1 1629
1 103 38 43 40 39 1 1630
1 66 73 30 73 36 2 1631
0 11 58 71 53 75 3 1632
1 112 53 24 51 31 1 1633
0 24 67 40 60 41 3 1634
0 128 39 20 33 37 3 1635
1 82 39 37 46 33 1 1636
0 80 47 4 43 4 6 1637
0 22 55 50 61 51 3 1638
0 119 55 41 55 44 3 1639
1 56 53 80 43 80 1 1640
0 99 98 15 98 18 3 1641
0 24 57 21 56 24 3 1642
1 99 28 54 26 51 1 1643
0 116 52 57 51 60 3 1644
1 10 40 37 45 34 3 1645
0 67 60 19 51 22 3 1646
0 112 6 46 5 31 3 1647
0 63 90 10 90 17 3 1648
1 30 91 27 90 25 2 1649
1 28 30 14 57 16 5 1650
0 116 53 57 58 54 3 1651
0 65 61 50 61 45 3 1652
0 54 6 68 6 65 3 1653
1 33 56 75 55 77 1 1654
1 62 65 33 61 40 2 1655
1 77 52 41 47 67 2 1656
0 113 6 35 6 32 3 1657
0 112 57 53 37 61 3 1658
0 123 57 41 51 36 4 1659
0 77 64 31 70 33 4 1660
0 135 48 46 38 52 3 1661
0 137 47 2 43 2 3 1662
1 32 80 2 80 6 1 1663
1 62 67 1 57 2 1 1664
0 99 81 5 79 3 3 1665
1 36 66 92 61 94 2 1666
1 0 59 29 55 30 5 1667
0 82 46 47 48 70 3 1668
1 13 61 36 56 38 1 1669
0 46 50 19 34 20 3 1670
1 72 81 5 78 6 1 1671
1 96 29 47 35 39 1 1672
1 76 26 45 35 50 1 1673
1 86 66 1 60 2 1 1674
1 23 51 45 54 42 1 1675
0 117 52 53 63 35 5 1676
0 96 53 19 50 20 3 1677
0 66 49 30 52 27 3 1678
1 117 33 48 29 48 3 1679
0 51 58 74 59 70 5 1680
0 26 47 50 47 47 3 1681
1 114 28 43 30 24 3 1682
0 5 52 60 59 59 5 1683
0 135 56 48 61 45 3 1684
0 46 35 75 32 82 3 1685
1 57 98 18 98 23 1 1686
0 102 48 2 44 3 3 1687
0 107 58 35 61 26 3 1688
0 108 57 58 55 54 3 1689
1 114 6 36 6 29 1 1690
1 41 98 15 98 19 3 1691
0 39 58 33 47 26 3 1692
0 45 58 75 49 78 3 1693
1 27 6 29 5 36 3 1694
1 100 59 25 60 30 1 1695
1 47 61 36 64 29 1 1696
1 22 65 77 67 74 1 1697
1 32 64 33 62 50 1 1698
1 65 30 53 33 42 1 1699
1 128 58 29 58 25 1 1700
0 32 44 55 47 50 3 1701
0 85 57 40 55 36 3 1702
0 55 56 48 51 49 3 1703
1 130 54 56 51 68 1 1704
1 99 68 46 71 39 3 1705
1 76 6 50 7 38 1 1706
1 9 55 37 50 44 1 1707
1 62 60 2 54 2 1 1708
1 32 76 7 78 6 1 1709
1 121 58 29 59 26 1 1710
0 13 5 72 4 77 3 1711
0 28 62 48 62 52 3 1712
0 75 54 50 52 54 3 1713
0 102 51 49 54 42 3 1714
0 82 48 51 44 38 5 1715
0 24 54 75 56 76 3 1716
1 102 82 4 80 6 1 1717
1 103 67 77 67 74 3 1718
1 0 60 49 56 62 1 1719
0 16 34 15 40 11 3 1720
1 36 31 55 32 51 1 1721
0 109 59 31 52 29 3 1722
1 112 41 11 44 10 2 1723
0 65 29 58 27 55 3 1724
0 118 55 41 52 52 3 1725
1 108 90 25 91 20 1 1726
0 57 36 43 42 49 3 1727
0 21 57 45 62 42 3 1728
1 138 39 13 32 17 1 1729
0 114 32 54 30 47 3 1730
1 18 64 29 56 43 2 1731
1 83 36 41 42 34 1 1732
0 46 60 17 57 17 3 1733
0 20 52 46 48 56 3 1734
1 74 5 38 5 41 1 1735
1 78 61 33 64 32 2 1736
1 37 38 13 40 12 1 1737
1 132 49 3 22 3 1 1738
1 102 50 64 38 53 2 1739
0 0 37 13 40 13 3 1740
1 19 71 68 69 71 2 1741
1 139 90 44 92 32 1 1742
1 23 60 32 57 37 1 1743
1 52 43 32 34 56 3 1744
1 115 44 22 37 26 1 1745
1 77 67 33 61 58 1 1746
0 83 44 4 41 3 3 1747
1 34 67 49 68 47 1 1748
1 22 67 93 66 91 1 1749
1 24 48 20 45 21 1 1750
1 56 48 59 43 78 6 1751
0 81 61 49 66 33 3 1752
1 98 56 27 57 31 3 1753
0 136 59 36 55 37 3 1754
1 121 6 27 6 32 1 1755
0 40 55 42 48 51 3 1756
0 2 51 75 68 71 3 1757
1 64 37 42 55 38 6 1758
0 11 57 78 55 79 3 1759
1 120 98 19 98 7 1 1760
1 118 41 13 43 12 2 1761
1 63 5 67 6 64 1 1762
1 63 5 63 6 65 1 1763
0 104 64 42 68 37 3 1764
1 117 47 55 58 45 1 1765
0 44 62 38 56 47 3 1766
1 95 36 15 48 44 1 1767
0 100 7 49 6 56 3 1768
1 73 47 51 45 52 1 1769
1 38 64 32 58 38 2 1770
1 98 54 37 52 45 2 1771
0 33 31 48 29 52 3 1772
0 115 55 44 61 35 3 1773
1 93 63 2 60 2 1 1774
1 12 53 28 56 27 1 1775
0 129 73 32 65 26 3 1776
0 43 60 42 39 41 5 1777
0 32 80 5 83 4 3 1778
0 48 88 3 86 4 3 1779
0 69 63 69 56 76 3 1780
1 51 6 32 5 35 1 1781
0 53 61 50 64 44 3 1782
1 14 60 25 59 34 1 1783
1 100 98 20 98 23 3 1784
1 128 59 31 55 28 1 1785
0 82 55 80 51 80 3 1786
1 59 60 30 58 33 2 1787
1 29 49 43 55 43 1 1788
0 51 48 35 49 42 3 1789
0 84 64 50 63 55 3 1790
1 132 69 46 67 50 1 1791
0 73 69 45 63 53 3 1792
1 38 65 25 63 31 1 1793
1 33 53 40 53 43 2 1794
0 41 58 40 50 48 3 1795
1 113 60 28 60 24 1 1796
1 28 64 28 61 35 3 1797
1 32 68 41 67 35 1 1798
1 68 64 32 71 28 1 1799
1 9 60 17 51 15 3 1800
0 17 56 40 51 50 3 1801
1 67 28 25 56 39 4 1802
0 8 67 34 59 37 3 1803
0 121 6 32 6 27 3 1804
0 25 59 24 53 23 5 1805
0 114 67 25 66 8 3 1806
0 47 44 17 62 59 3 1807
0 0 71 33 67 41 3 1808
1 87 57 43 56 41 1 1809
0 121 78 4 81 3 3 1810
1 58 6 51 7 37 1 1811
1 16 30 43 29 47 2 1812
0 27 64 17 56 19 3 1813
0 143 24 63 44 42 3 1814
0 97 55 37 50 53 3 1815
0 120 55 36 57 37 3 1816
1 121 65 52 40 27 2 1817
1 140 62 79 61 85 5 1818
1 25 62 21 57 27 6 1819
1 33 31 18 25 21 2 1820
1 98 60 50 65 17 1 1821
1 51 31 44 27 48 2 1822
1 57 62 37 65 26 1 1823
1 28 70 33 70 42 2 1824
1 129 55 37 57 39 1 1825
1 65 57 37 61 42 1 1826
0 100 87 3 99 0 3 1827
0 116 48 54 62 42 3 1828
1 3 52 39 64 31 1 1829
1 112 31 46 28 41 1 1830
1 40 6 67 6 64 1 1831
1 14 48 16 58 17 2 1832
1 111 6 28 6 34 1 1833
1 76 6 38 6 31 1 1834
0 130 78 6 82 5 3 1835
1 105 52 19 47 23 3 1836
0 7 6 54 6 60 3 1837
0 130 56 58 41 88 5 1838
1 117 60 39 59 37 1 1839
1 69 58 32 55 29 1 1840
0 38 60 29 54 32 3 1841
0 55 60 1 57 2 4 1842
0 70 55 32 59 26 3 1843
1 112 62 33 54 40 1 1844
1 60 46 20 50 19 1 1845
0 111 62 25 55 32 3 1846
1 48 48 58 1 21 1 1847
1 112 64 31 69 36 6 1848
1 87 54 51 53 53 5 1849
1 108 30 46 33 46 4 1850
1 39 59 40 50 48 6 1851
1 44 48 18 44 20 1 1852
1 55 74 34 71 36 1 1853
0 125 50 24 47 48 3 1854
0 17 59 71 32 78 5 1855
1 119 48 80 51 80 1 1856
0 94 32 52 33 41 3 1857
1 15 60 32 55 39 2 1858
1 20 70 73 72 68 2 1859
0 97 47 30 53 25 5 1860
0 88 33 43 49 32 3 1861
0 138 50 77 54 77 3 1862
1 33 48 19 24 19 1 1863
1 31 39 44 37 41 1 1864
0 65 57 80 55 79 3 1865
0 28 58 20 60 19 3 1866
0 5 55 67 56 65 3 1867
1 132 49 48 46 56 1 1868
0 142 31 49 32 41 3 1869
0 127 69 75 71 73 3 1870
0 81 66 93 61 92 3 1871
0 139 31 56 33 48 3 1872
1 120 91 30 92 35 1 1873
0 54 89 30 88 32 3 1874
1 1 58 44 69 45 4 1875
1 36 35 50 43 34 3 1876
1 55 57 35 60 27 1 1877
1 81 47 2 50 2 2 1878
1 74 66 94 67 92 1 1879
0 135 87 3 85 5 3 1880
0 66 69 36 72 38 3 1881
1 114 48 2 53 1 1 1882
0 71 87 93 89 92 6 1883
0 95 56 35 58 25 3 1884
1 91 49 48 53 44 1 1885
1 117 51 45 55 42 1 1886
1 7 61 37 63 33 1 1887
1 31 61 1 51 1 1 1888
0 46 49 36 55 32 3 1889
0 132 71 41 74 32 5 1890
1 62 46 58 43 57 2 1891
0 81 6 40 6 37 3 1892
0 132 62 68 60 69 3 1893
0 68 55 42 53 47 3 1894
0 82 50 51 45 64 3 1895
1 60 53 50 51 53 1 1896
1 132 28 55 27 60 3 1897
1 22 7 39 3 36 2 1898
0 32 41 12 48 11 3 1899
0 0 73 30 66 41 3 1900
1 117 56 39 57 42 3 1901
1 0 68 39 66 41 2 1902
1 17 47 2 54 1 1 1903
0 63 51 75 50 73 3 1904
0 8 16 50 30 52 3 1905
1 35 41 11 36 13 3 1906
0 98 28 48 31 50 3 1907
1 0 68 34 68 39 1 1908
0 27 6 53 6 26 3 1909
1 82 68 72 72 70 1 1910
0 104 49 39 49 51 5 1911
0 52 5 45 6 32 3 1912
1 88 64 42 63 44 1 1913
0 1 57 34 58 38 3 1914
1 113 54 51 54 37 1 1915
0 53 63 17 55 18 3 1916
0 29 67 40 66 27 3 1917
1 37 64 16 60 15 1 1918
1 32 56 39 59 35 1 1919
1 105 73 35 74 32 1 1920
1 132 45 4 36 4 3 1921
0 92 55 76 51 79 3 1922
1 128 43 11 39 12 1 1923
0 122 56 41 57 39 3 1924
1 62 91 36 91 28 1 1925
1 124 33 50 30 48 4 1926
0 63 67 91 64 93 3 1927
1 138 50 25 54 20 1 1928
1 3 90 26 90 23 1 1929
0 33 50 20 47 21 3 1930
0 121 42 29 42 38 4 1931
0 125 66 30 58 38 3 1932
1 110 55 73 59 73 1 1933
0 129 67 23 72 27 3 1934
0 140 55 2 60 1 3 1935
1 14 56 28 61 27 2 1936
0 97 49 40 47 50 3 1937
0 53 52 41 50 38 5 1938
1 92 71 40 69 43 1 1939
0 55 72 34 69 38 3 1940
1 7 37 40 42 38 1 1941
1 23 80 6 82 4 1 1942
0 142 57 45 60 45 3 1943
1 61 6 41 5 39 2 1944
0 4 92 25 92 29 3 1945
0 116 66 1 61 1 3 1946
1 68 53 33 55 32 5 1947
0 78 6 64 5 66 3 1948
1 52 37 40 27 35 6 1949
0 3 90 43 91 36 5 1950
0 80 29 48 25 57 3 1951
0 30 98 19 98 16 3 1952
0 11 57 74 59 71 3 1953
0 51 63 1 67 1 3 1954
1 39 60 39 59 41 1 1955
0 108 28 55 30 53 3 1956
1 16 27 50 30 45 2 1957
0 139 49 2 46 1 3 1958
1 64 53 39 55 36 5 1959
1 52 64 51 68 42 1 1960
0 141 62 47 60 46 3 1961
1 130 51 2 47 2 6 1962
1 59 61 45 61 41 1 1963
0 79 64 46 67 40 3 1964
1 63 69 76 67 79 6 1965
1 20 68 25 47 25 1 1966
0 98 6 29 6 36 3 1967
0 143 56 38 56 41 3 1968
0 136 58 39 57 36 3 1969
0 43 98 12 98 18 6 1970
0 14 58 47 53 56 3 1971
0 79 48 16 58 18 5 1972
1 32 54 58 57 53 1 1973
1 81 59 15 58 18 4 1974
1 29 61 35 65 45 1 1975
1 32 41 33 38 38 1 1976
0 137 44 4 42 3 3 1977
0 139 58 1 53 3 3 1978
0 33 43 2 46 2 3 1979
1 97 51 60 50 48 2 1980
1 116 56 49 54 54 2 1981
1 118 64 17 55 19 1 1982
0 44 39 37 43 35 3 1983
1 45 46 4 36 4 3 1984
1 101 60 42 50 37 5 1985
1 90 41 35 41 38 1 1986
0 57 69 38 65 15 3 1987
0 32 44 67 45 64 5 1988
0 73 57 40 44 40 3 1989
1 52 42 47 26 38 1 1990
0 96 48 21 46 20 3 1991
1 74 46 20 48 21 5 1992
1 77 53 41 34 40 1 1993
0 74 60 43 58 45 3 1994
1 48 28 51 31 46 1 1995
0 37 44 55 44 61 3 1996
1 110 63 36 53 43 1 1997
0 26 63 53 65 48 3 1998
1 108 31 47 30 53 2 1999
