0 136 52 56 54 47 3 0
0 68 57 42 58 46 3 1
1 11 56 47 60 48 1 2
1 62 59 46 59 42 1 3
0 99 59 52 59 50 3 4
1 62 57 48 54 60 2 5
0 25 64 40 51 54 3 6
1 22 62 42 58 49 1 7
1 85 49 57 54 50 2 8
0 79 50 53 57 39 3 9
1 136 65 39 64 39 1 10
0 62 64 45 58 41 3 11
1 73 56 47 55 60 1 12
1 136 66 34 61 36 2 13
0 136 57 46 67 35 6 14
1 118 48 57 57 42 2 15
1 136 48 64 55 41 6 16
1 7 57 42 60 51 1 17
1 99 55 49 55 49 6 18
1 25 61 47 61 46 3 19
0 128 60 48 56 37 3 20
1 62 49 56 40 56 6 21
1 115 49 43 60 52 1 22
1 136 42 47 42 47 1 23
0 25 51 55 49 54 3 24
0 117 54 29 45 35 3 25
0 72 64 41 45 76 3 26
1 25 52 61 56 55 2 27
0 94 52 62 44 64 3 28
1 41 56 41 54 47 1 29
0 140 44 38 49 32 3 30
1 15 48 58 59 55 1 31
0 28 59 42 49 55 3 32
1 99 53 50 56 46 1 33
1 112 57 55 58 53 1 34
1 74 60 46 53 50 1 35
0 25 65 39 58 44 3 36
1 22 42 33 56 31 1 37
1 25 56 58 55 49 1 38
1 22 58 47 50 62 1 39
1 136 54 26 58 44 5 40
0 25 57 55 56 58 3 41
0 25 51 64 58 43 3 42
0 10 53 50 71 11 3 43
0 99 55 47 60 43 3 44
1 2 60 39 59 40 1 45
1 99 48 56 38 35 1 46
0 99 59 56 58 45 3 47
1 25 55 46 47 57 5 48
1 62 49 56 48 57 1 49
0 62 61 39 63 26 3 50
1 77 55 45 61 49 1 51
1 25 54 47 48 55 3 52
0 25 62 51 63 42 3 53
0 136 61 47 52 62 3 54
1 99 53 49 47 58 6 55
1 99 54 62 60 43 1 56
1 25 53 50 53 49 3 57
1 59 80 42 80 42 1 58
1 136 50 53 53 54 1 59
0 25 59 42 57 51 3 60
0 81 57 44 56 51 3 61
1 58 58 40 56 58 1 62
1 136 37 54 44 64 2 63
0 136 64 40 58 45 5 64
0 99 55 58 50 56 3 65
1 51 57 46 58 39 1 66
1 99 57 46 59 43 1 67
0 110 56 24 38 56 3 68
0 25 49 56 52 61 3 69
0 123 46 60 46 59 3 70
1 86 50 53 54 48 1 71
0 99 56 49 51 51 3 72
1 30 57 30 60 31 2 73
1 143 59 38 59 55 2 74
1 88 49 53 47 55 2 75
0 52 51 62 53 50 3 76
0 11 59 48 60 44 4 77
1 107 49 56 47 58 1 78
0 129 55 60 52 50 3 79
1 62 58 40 58 42 2 80
0 99 66 36 64 36 3 81
1 136 63 48 56 47 1 82
0 99 57 45 56 55 3 83
0 25 50 54 63 40 4 84
1 29 60 40 51 50 2 85
0 64 55 53 56 58 3 86
1 131 52 50 48 55 1 87
1 85 56 58 50 54 1 88
1 62 54 57 47 54 1 89
0 27 60 44 55 25 3 90
0 0 51 57 49 59 3 91
1 99 57 40 47 71 3 92
1 62 52 51 52 50 1 93
0 131 58 40 56 45 3 94
0 25 49 56 49 57 3 95
1 6 58 44 48 55 1 96
0 21 50 53 47 57 3 97
1 136 60 46 36 53 4 98
1 136 59 33 62 43 2 99
1 25 65 35 56 56 3 100
1 91 49 55 57 26 1 101
0 131 50 51 49 56 3 102
0 1 58 52 63 46 3 103
0 136 49 59 53 61 5 104
0 62 56 48 54 59 3 105
1 62 56 39 14 37 1 106
0 32 53 64 59 43 3 107
0 4 60 47 64 44 3 108
1 62 59 45 50 52 5 109
0 25 54 60 51 50 3 110
0 53 48 56 54 49 3 111
1 41 64 42 30 79 2 112
0 25 34 51 30 38 6 113
1 99 60 43 51 51 1 114
0 6 54 57 47 54 3 115
0 99 54 50 58 45 3 116
1 102 41 31 48 20 3 117
1 99 59 47 59 47 5 118
1 25 51 52 61 47 1 119
0 25 57 45 59 48 3 120
1 136 56 56 63 42 4 121
1 25 55 48 59 42 5 122
1 62 56 57 40 83 6 123
1 75 58 41 49 54 2 124
0 18 53 49 55 46 3 125
1 62 50 55 50 63 6 126
0 110 50 52 48 57 3 127
0 43 53 50 58 43 3 128
0 62 44 50 44 50 3 129
0 62 59 41 64 45 3 130
1 50 57 40 57 42 2 131
0 90 56 46 58 48 3 132
0 29 58 53 53 65 3 133
0 25 52 52 57 54 3 134
1 41 56 53 51 53 2 135
1 43 63 42 62 38 3 136
1 110 49 56 47 57 2 137
0 51 44 64 46 61 3 138
1 42 56 60 52 64 1 139
0 101 61 48 50 55 3 140
0 129 49 53 55 49 3 141
0 105 49 56 50 53 3 142
1 25 47 60 45 62 5 143
1 87 57 48 60 49 1 144
1 62 51 54 53 49 3 145
1 62 59 56 55 42 1 146
1 114 48 57 49 55 1 147
0 99 57 53 49 58 3 148
1 99 57 50 58 55 1 149
0 137 60 38 41 34 4 150
0 132 64 35 51 51 3 151
1 105 46 61 41 22 1 152
0 15 58 41 54 47 3 153
1 106 48 56 60 48 1 154
1 136 51 55 55 49 1 155
1 31 48 46 48 46 3 156
0 52 64 41 59 40 3 157
0 99 40 81 63 45 3 158
0 62 49 57 63 49 3 159
0 62 57 44 57 42 3 160
1 99 59 55 53 63 1 161
0 62 54 46 60 48 3 162
0 62 63 47 63 46 3 163
1 136 62 37 65 34 1 164
0 141 57 56 60 50 3 165
0 136 47 55 57 58 3 166
0 26 61 37 58 53 3 167
0 60 56 46 49 53 3 168
1 9 59 56 47 73 1 169
1 92 54 27 50 10 1 170
0 25 57 44 48 64 3 171
0 136 60 44 60 48 5 172
0 25 48 58 57 46 3 173
0 62 48 42 40 49 3 174
0 99 58 44 58 41 3 175
0 63 64 35 57 40 3 176
1 93 54 50 65 34 2 177
0 120 54 51 62 39 3 178
1 62 48 57 52 51 1 179
0 99 56 46 58 42 3 180
0 136 55 59 48 56 3 181
1 14 51 54 48 56 1 182
0 99 59 42 50 36 3 183
0 36 59 53 59 56 3 184
0 136 52 54 51 66 5 185
1 14 54 50 37 46 1 186
1 136 38 51 57 44 1 187
0 65 57 46 57 41 3 188
0 73 53 26 52 50 3 189
0 23 54 61 48 58 3 190
1 89 57 56 47 67 2 191
0 62 59 42 53 61 3 192
0 19 61 52 14 51 3 193
0 62 63 46 61 41 3 194
0 106 52 49 47 57 3 195
1 99 49 30 46 36 2 196
0 87 58 49 48 58 3 197
1 99 53 51 51 53 2 198
0 25 55 52 64 45 3 199
0 136 51 52 57 55 6 200
1 62 62 39 60 43 1 201
0 69 61 38 62 39 3 202
1 100 55 51 58 42 2 203
0 62 64 38 59 38 3 204
0 31 58 40 58 40 3 205
1 62 57 46 12 53 1 206
0 99 63 29 56 33 3 207
1 99 57 41 59 39 2 208
0 25 50 47 26 44 6 209
1 62 56 46 61 42 4 210
0 56 60 53 59 50 3 211
0 120 55 58 56 47 3 212
0 136 55 48 50 54 5 213
0 99 58 49 51 53 3 214
1 45 50 54 62 44 2 215
1 36 57 42 58 53 1 216
0 136 57 53 48 51 6 217
1 0 56 47 56 43 1 218
0 6 26 43 39 45 3 219
1 136 58 54 56 58 1 220
1 31 58 41 44 37 1 221
1 99 56 56 54 50 1 222
0 101 40 52 54 49 3 223
0 25 58 46 59 47 3 224
1 49 21 40 42 31 1 225
0 136 56 49 58 53 3 226
0 25 57 44 53 60 6 227
0 131 58 39 50 52 3 228
1 99 48 57 58 47 1 229
0 52 61 43 60 47 3 230
0 136 49 41 50 40 5 231
1 25 59 39 63 36 1 232
1 22 0 17 52 55 2 233
1 62 51 54 52 51 2 234
0 74 49 56 47 57 3 235
0 104 57 47 59 50 3 236
0 62 57 42 50 54 5 237
1 50 62 44 56 41 4 238
1 48 65 37 58 42 1 239
0 62 36 46 38 48 3 240
1 25 60 28 14 35 1 241
0 62 58 54 49 55 5 242
0 75 57 52 57 56 3 243
0 69 51 53 56 45 3 244
1 62 52 49 49 53 1 245
0 99 42 35 48 40 3 246
1 43 55 42 62 44 1 247
0 136 60 38 48 55 4 248
1 99 59 51 45 76 5 249
0 62 62 41 54 50 3 250
0 25 62 48 49 55 3 251
1 62 59 50 65 35 2 252
1 25 60 42 52 52 1 253
1 58 47 36 57 55 1 254
0 62 60 40 59 43 3 255
1 25 42 33 47 41 1 256
0 109 48 54 51 50 3 257
1 125 47 55 58 40 1 258
1 136 59 48 56 47 5 259
0 25 46 37 58 52 5 260
1 21 55 50 52 60 1 261
1 96 60 48 55 44 1 262
1 136 59 42 57 43 5 263
1 33 56 46 60 48 1 264
1 25 57 56 56 49 1 265
1 99 49 56 57 43 5 266
1 99 52 50 45 60 1 267
0 25 53 59 50 4 3 268
0 129 50 35 53 34 3 269
0 56 58 47 58 47 3 270
0 25 57 43 57 45 3 271
1 30 54 48 50 54 4 272
0 62 56 56 46 62 3 273
0 127 45 35 53 26 3 274
1 126 57 26 58 43 2 275
1 25 52 63 48 65 1 276
1 62 61 54 57 51 1 277
1 99 57 48 42 33 1 278
0 99 51 65 63 43 3 279
1 114 57 53 47 56 1 280
1 25 58 52 56 47 1 281
0 69 61 46 36 56 3 282
0 25 51 31 58 28 5 283
0 136 56 58 64 42 3 284
1 136 49 41 28 51 1 285
1 3 57 42 54 59 2 286
0 118 49 59 49 62 3 287
1 25 50 39 56 55 2 288
1 136 47 56 55 49 2 289
0 99 53 63 31 47 3 290
0 99 58 53 65 43 3 291
1 99 41 54 21 43 1 292
1 99 55 48 46 60 3 293
0 25 60 41 49 59 3 294
0 90 53 36 47 41 3 295
1 62 62 45 57 52 5 296
0 62 49 56 47 56 3 297
1 62 55 46 58 25 3 298
1 102 54 52 50 58 1 299
0 119 57 44 61 38 3 300
1 11 58 43 44 63 4 301
0 25 57 41 63 46 5 302
1 50 31 39 60 44 2 303
0 7 61 48 58 42 3 304
0 72 62 46 51 37 3 305
1 136 62 49 57 56 5 306
0 62 50 56 53 59 4 307
0 86 62 28 52 29 3 308
1 25 64 43 62 42 2 309
1 25 48 55 55 60 1 310
1 62 46 58 45 78 2 311
1 62 38 46 60 32 1 312
1 88 53 51 50 56 2 313
1 99 57 42 57 42 1 314
0 99 66 34 84 17 3 315
1 130 55 46 51 53 1 316
1 70 63 46 61 39 2 317
1 27 51 62 60 50 1 318
1 62 48 56 52 52 1 319
0 25 63 45 61 48 5 320
0 62 53 49 56 50 6 321
0 99 64 37 57 42 4 322
0 9 57 49 54 49 3 323
1 12 58 46 56 46 1 324
1 75 63 35 58 46 2 325
1 39 60 39 58 40 1 326
0 62 50 54 48 57 5 327
0 26 57 51 59 42 3 328
1 98 52 50 47 55 1 329
0 136 56 49 57 42 3 330
0 25 55 58 56 54 3 331
0 102 55 46 46 75 3 332
0 15 58 41 57 42 3 333
1 56 35 46 36 46 1 334
0 99 57 52 51 54 3 335
1 26 50 39 57 44 1 336
0 53 60 53 22 39 3 337
1 71 50 57 63 47 2 338
0 99 52 51 49 54 3 339
0 62 57 46 57 43 3 340
0 99 67 36 45 73 3 341
1 55 59 42 50 55 2 342
0 94 47 63 56 58 3 343
1 84 60 40 48 54 1 344
0 25 62 51 59 48 3 345
0 45 60 45 65 42 3 346
1 25 48 40 58 48 1 347
1 99 66 36 54 51 5 348
0 44 64 45 60 46 3 349
1 48 59 53 62 46 2 350
1 33 52 64 58 54 3 351
1 25 46 49 44 50 1 352
1 27 63 49 56 41 1 353
1 99 60 48 52 64 6 354
1 99 61 51 55 43 5 355
1 99 52 50 56 57 1 356
0 62 60 40 55 47 3 357
1 41 39 54 50 55 2 358
1 62 57 51 57 48 1 359
1 99 44 36 44 36 2 360
0 115 56 47 44 79 3 361
1 136 48 58 58 46 1 362
1 62 57 45 36 47 1 363
1 139 56 48 59 54 1 364
0 125 43 36 50 52 3 365
1 38 59 53 56 58 2 366
0 99 57 24 73 14 3 367
1 25 45 68 38 85 1 368
1 87 54 52 59 52 1 369
1 120 57 55 55 47 2 370
0 108 56 46 54 49 3 371
1 25 52 55 45 73 1 372
1 50 66 36 40 86 2 373
0 93 58 56 56 60 3 374
1 125 54 58 49 69 2 375
0 136 57 44 60 43 3 376
1 11 51 54 64 47 4 377
1 126 54 49 53 53 1 378
1 62 56 46 49 58 2 379
1 125 63 45 36 88 1 380
1 26 56 57 56 56 2 381
1 111 52 50 52 39 2 382
0 62 51 50 50 55 3 383
0 62 51 22 58 41 3 384
0 136 59 39 59 47 3 385
1 108 56 46 50 66 1 386
1 58 48 57 63 45 2 387
0 137 59 51 47 56 3 388
0 48 58 41 51 52 3 389
1 65 54 52 55 49 3 390
0 99 51 53 48 58 3 391
1 17 55 51 54 47 2 392
0 99 57 55 58 53 3 393
1 99 50 55 58 39 1 394
1 62 54 61 55 41 1 395
0 25 49 55 48 54 3 396
1 130 52 64 46 33 2 397
0 25 61 46 64 38 3 398
1 136 48 57 60 48 5 399
1 108 47 55 28 34 4 400
1 66 55 48 49 59 1 401
0 87 57 48 57 42 3 402
0 136 56 46 59 48 3 403
1 99 63 40 51 38 2 404
0 136 58 44 55 48 3 405
1 62 54 50 55 44 2 406
1 99 47 57 48 37 1 407
0 61 60 54 57 46 3 408
0 99 59 45 51 51 5 409
1 62 56 59 57 56 5 410
1 19 58 44 40 51 1 411
1 99 47 55 50 57 1 412
1 136 60 47 64 45 1 413
1 80 57 57 47 57 1 414
1 74 40 34 35 34 2 415
1 25 59 40 53 51 4 416
0 62 39 85 33 93 3 417
1 109 59 52 59 52 1 418
1 65 56 41 21 43 2 419
1 99 45 39 11 29 1 420
0 39 58 53 65 42 3 421
1 25 61 51 53 60 1 422
1 131 64 38 62 39 2 423
0 126 59 51 58 43 3 424
0 99 64 41 65 45 5 425
0 25 49 55 47 57 3 426
0 75 57 48 48 59 3 427
1 44 60 40 47 46 1 428
1 130 58 43 62 51 2 429
0 25 66 38 58 53 3 430
0 136 52 49 51 53 3 431
0 99 59 52 59 48 3 432
1 99 49 53 58 54 1 433
0 25 55 48 65 39 3 434
0 86 54 49 56 45 3 435
1 25 55 50 52 52 2 436
0 99 53 60 24 30 3 437
0 62 55 49 57 45 3 438
0 14 50 38 50 38 3 439
0 59 61 46 67 37 3 440
0 108 6 51 21 45 4 441
1 62 52 50 55 60 1 442
0 4 47 73 49 64 3 443
1 136 60 47 50 53 6 444
1 139 54 60 55 59 1 445
0 128 53 51 60 42 3 446
1 25 59 40 57 41 5 447
1 58 53 64 2 18 2 448
1 62 65 35 53 52 1 449
1 77 54 48 59 41 1 450
1 61 62 40 62 47 1 451
0 2 45 65 46 62 3 452
1 25 60 46 60 48 1 453
0 62 59 44 60 47 3 454
0 61 64 41 59 47 3 455
0 99 57 41 60 43 3 456
0 62 54 61 51 66 3 457
0 25 51 66 63 40 3 458
1 136 53 49 60 46 5 459
0 99 54 58 55 48 3 460
1 62 50 35 60 32 2 461
1 117 63 29 54 27 3 462
1 71 28 44 35 46 1 463
0 100 48 57 59 51 3 464
0 81 49 64 23 48 3 465
1 31 65 34 55 48 1 466
0 99 53 51 48 64 3 467
0 114 42 50 40 45 3 468
1 88 55 59 48 55 1 469
1 62 54 59 60 44 1 470
0 136 60 31 60 29 3 471
0 62 57 46 58 43 3 472
1 142 60 54 55 61 2 473
1 99 57 41 53 63 1 474
0 136 60 40 57 42 6 475
0 31 58 43 49 46 3 476
0 136 47 55 21 79 6 477
1 119 55 48 52 50 1 478
0 136 55 59 53 54 6 479
1 25 56 43 55 50 5 480
1 30 62 50 64 45 1 481
0 99 47 57 47 55 3 482
1 84 50 54 57 47 2 483
1 62 47 58 59 51 5 484
0 23 55 48 62 44 3 485
1 32 65 34 46 69 1 486
0 39 48 56 4 55 3 487
0 62 49 53 61 39 3 488
0 25 56 56 62 44 3 489
1 25 64 39 61 46 1 490
0 136 49 65 59 51 3 491
1 136 59 39 48 55 1 492
0 12 62 51 51 67 3 493
0 99 57 45 57 52 3 494
0 141 49 56 55 49 3 495
0 62 56 48 55 47 3 496
0 25 61 44 56 43 3 497
0 136 60 52 60 39 5 498
0 99 59 38 61 39 3 499
0 62 49 58 57 41 3 500
0 25 28 47 35 48 3 501
1 25 61 42 7 43 1 502
1 62 58 47 59 51 1 503
0 99 47 64 45 65 5 504
1 28 60 43 48 56 2 505
0 131 57 40 57 46 3 506
0 99 48 56 59 39 3 507
1 30 66 35 55 57 1 508
1 51 54 48 49 55 1 509
1 35 53 36 48 40 3 510
0 18 55 47 57 46 3 511
0 136 60 38 64 35 3 512
0 119 49 56 56 57 3 513
0 136 59 44 62 38 3 514
0 58 49 56 54 60 3 515
1 56 37 33 47 26 1 516
1 31 60 29 56 26 3 517
0 25 65 39 60 53 3 518
1 99 62 43 56 41 1 519
1 62 63 38 66 37 5 520
0 36 57 56 47 55 3 521
1 129 58 41 55 43 1 522
1 128 46 66 50 32 3 523
1 43 42 31 54 30 1 524
0 12 53 49 61 46 3 525
0 62 49 54 53 52 3 526
1 25 62 26 62 31 2 527
1 136 56 45 57 40 6 528
1 61 55 59 51 56 1 529
0 51 59 45 59 47 3 530
0 26 60 40 63 45 4 531
1 25 64 41 66 34 1 532
0 99 62 42 61 51 3 533
0 42 57 57 61 46 3 534
0 136 53 50 56 52 3 535
0 47 52 51 51 53 3 536
0 24 51 54 63 47 3 537
0 62 60 39 55 47 3 538
1 102 50 68 37 75 1 539
0 131 59 43 55 46 3 540
0 136 63 44 61 43 5 541
1 0 53 58 50 63 1 542
1 19 57 32 58 45 2 543
0 136 49 57 50 67 3 544
0 136 54 61 55 59 3 545
0 117 55 51 57 45 3 546
1 136 57 42 62 41 1 547
1 62 52 49 47 57 5 548
1 14 60 48 63 51 1 549
1 6 56 47 60 48 1 550
0 25 56 58 51 53 3 551
1 42 48 62 46 60 1 552
0 136 67 36 51 52 3 553
1 116 53 53 43 78 2 554
1 136 57 46 54 61 1 555
0 136 52 51 49 53 5 556
0 39 56 48 46 60 3 557
1 25 48 71 48 70 1 558
0 99 54 49 49 47 3 559
0 63 56 56 56 47 3 560
1 85 56 49 63 43 1 561
0 136 39 53 50 55 3 562
0 136 54 47 45 48 3 563
1 25 57 47 60 48 1 564
1 136 44 34 47 37 2 565
0 26 55 60 59 41 3 566
0 93 51 57 54 59 3 567
0 136 65 35 61 39 3 568
1 47 52 53 49 53 1 569
1 62 63 46 55 48 2 570
1 136 57 46 39 56 3 571
1 99 55 53 56 58 5 572
0 25 57 53 54 59 5 573
1 69 50 67 61 44 2 574
1 136 57 45 51 53 1 575
0 62 45 66 47 63 5 576
1 62 61 30 60 31 5 577
1 25 59 52 60 42 1 578
0 90 45 61 47 64 3 579
0 99 62 51 56 48 4 580
1 109 56 55 54 61 1 581
0 25 46 73 46 66 3 582
1 94 48 56 58 42 1 583
0 99 49 66 48 69 3 584
1 25 48 38 44 51 2 585
1 136 49 53 47 54 1 586
0 62 49 35 39 55 5 587
1 62 53 64 56 58 1 588
0 136 54 62 49 55 3 589
0 62 56 47 55 60 3 590
0 25 56 51 53 50 5 591
0 62 54 50 57 54 3 592
1 25 50 51 48 54 5 593
0 136 51 62 52 51 6 594
1 101 55 60 57 50 1 595
0 25 54 49 54 31 3 596
0 25 61 51 55 61 3 597
0 99 41 52 45 48 3 598
1 55 57 50 56 42 1 599
0 64 54 49 50 54 3 600
1 64 63 45 56 47 2 601
1 25 65 34 54 49 1 602
0 62 55 48 55 42 5 603
0 62 60 39 58 40 3 604
0 136 52 51 63 45 5 605
0 25 60 43 69 48 3 606
1 99 62 45 58 43 1 607
0 136 59 39 61 47 3 608
0 91 49 36 45 35 3 609
1 25 52 50 51 51 5 610
0 58 59 47 59 31 3 611
0 62 56 56 42 52 3 612
0 71 60 41 60 46 3 613
0 99 56 56 62 40 3 614
1 58 55 39 56 48 1 615
1 136 64 42 63 40 1 616
1 136 55 58 51 52 1 617
1 99 58 46 55 56 1 618
0 136 56 46 55 42 3 619
1 83 49 39 58 41 4 620
1 136 53 28 62 46 5 621
0 99 52 64 61 43 6 622
0 99 47 57 57 47 3 623
1 136 56 45 56 40 1 624
1 110 57 45 56 47 1 625
1 99 47 37 45 32 5 626
1 129 47 59 48 54 1 627
1 62 49 56 54 57 1 628
1 88 58 48 64 35 3 629
0 36 60 48 6 66 3 630
1 132 58 52 57 56 2 631
1 121 50 46 55 46 2 632
1 7 58 38 62 43 1 633
0 82 52 55 45 75 3 634
0 4 60 51 60 44 3 635
1 136 52 64 59 34 1 636
1 93 58 40 56 41 1 637
0 99 57 47 65 40 3 638
0 25 59 56 51 54 3 639
1 25 57 52 54 51 1 640
0 136 59 40 59 47 3 641
0 99 60 45 46 58 5 642
1 99 50 54 51 62 1 643
1 88 58 40 56 47 2 644
0 75 55 43 66 36 3 645
0 136 53 51 47 54 6 646
1 25 54 57 49 54 2 647
0 9 60 42 62 3 3 648
1 126 63 45 59 42 3 649
1 99 60 52 60 43 5 650
0 62 41 68 43 78 3 651
1 62 50 55 49 53 5 652
1 136 50 51 52 26 5 653
0 62 57 26 50 25 3 654
1 25 63 43 63 45 1 655
0 109 56 40 53 49 3 656
1 89 60 43 50 53 3 657
0 132 48 57 51 52 3 658
1 86 61 51 39 55 1 659
0 62 58 45 56 43 4 660
1 43 64 45 59 39 3 661
1 107 54 58 50 54 2 662
1 136 58 41 61 43 1 663
1 62 52 36 50 38 5 664
1 136 64 40 56 51 4 665
1 136 57 45 35 45 1 666
0 136 46 58 59 48 5 667
0 96 51 65 53 63 3 668
0 5 55 44 57 42 3 669
0 136 53 54 59 41 3 670
0 136 55 46 49 54 3 671
0 91 58 22 49 38 3 672
1 68 48 57 48 53 1 673
0 47 61 46 60 40 3 674
1 99 50 53 50 54 1 675
1 62 62 38 56 47 1 676
1 25 51 53 56 60 6 677
0 99 60 41 57 44 3 678
0 49 56 42 54 47 3 679
0 99 60 24 56 28 5 680
0 62 51 39 44 32 5 681
1 115 59 56 57 53 1 682
1 99 50 55 59 44 1 683
0 123 62 52 58 54 3 684
1 62 59 43 57 53 1 685
0 136 62 37 51 51 5 686
0 6 56 57 57 55 3 687
1 101 59 51 49 63 1 688
1 105 57 46 55 46 1 689
1 28 52 60 58 45 2 690
1 136 58 42 52 49 1 691
1 25 56 42 62 44 2 692
1 42 57 47 55 50 1 693
0 107 37 69 60 52 4 694
1 62 51 39 42 54 2 695
0 62 53 50 73 49 3 696
1 62 55 58 54 60 5 697
1 99 57 53 54 49 1 698
1 15 57 56 45 33 2 699
0 25 39 46 24 43 3 700
1 25 49 60 55 49 1 701
1 99 55 58 65 43 1 702
1 136 60 43 65 36 1 703
0 51 52 26 50 36 3 704
1 25 64 36 53 49 5 705
1 83 62 49 47 58 4 706
0 60 60 39 56 48 3 707
1 70 58 49 37 53 1 708
0 25 53 51 52 50 4 709
1 101 63 46 56 42 3 710
1 22 53 54 60 43 1 711
1 62 59 42 48 57 4 712
1 83 53 54 57 55 1 713
1 136 62 45 51 51 2 714
1 114 63 45 55 46 1 715
1 99 53 63 56 59 1 716
1 62 45 61 48 60 1 717
0 25 55 59 53 54 3 718
1 18 47 56 48 56 1 719
0 75 56 51 45 66 3 720
1 136 62 44 61 46 2 721
1 105 64 37 58 45 1 722
0 77 56 49 47 56 3 723
0 25 48 55 42 76 3 724
0 136 53 50 57 52 5 725
0 136 57 43 61 39 6 726
1 62 48 56 49 55 5 727
1 62 64 38 59 44 1 728
1 136 58 46 58 49 1 729
1 99 55 41 51 51 1 730
1 99 61 31 46 35 1 731
0 136 67 37 67 37 3 732
0 93 59 41 54 58 3 733
1 68 56 55 49 56 1 734
0 63 60 47 65 43 3 735
0 30 43 52 37 52 3 736
0 115 56 48 56 48 3 737
0 130 58 41 62 43 3 738
0 99 49 55 50 54 3 739
0 23 59 56 63 48 3 740
0 99 57 56 57 57 3 741
0 143 48 54 60 52 3 742
1 99 58 44 57 45 1 743
1 99 54 52 49 58 1 744
1 62 57 46 60 48 1 745
0 136 59 46 58 56 3 746
1 123 60 48 57 45 1 747
0 81 60 39 59 44 3 748
1 136 58 49 62 37 1 749
0 62 53 59 64 43 3 750
0 87 55 59 51 52 3 751
1 136 54 51 46 49 2 752
0 98 61 47 67 35 3 753
0 62 57 48 53 50 3 754
1 25 63 45 55 47 5 755
1 25 55 58 49 55 1 756
0 119 62 40 48 54 3 757
1 48 61 38 57 46 2 758
1 114 53 63 57 45 1 759
0 37 49 55 48 58 3 760
1 33 51 52 53 50 1 761
1 25 55 46 61 50 1 762
0 28 51 57 61 43 3 763
1 96 55 48 63 47 1 764
1 25 49 44 57 53 2 765
0 43 66 35 59 41 3 766
0 112 50 56 47 56 3 767
0 25 56 46 49 54 3 768
0 99 51 49 59 30 3 769
0 53 64 43 58 53 3 770
1 62 58 41 59 42 2 771
0 15 55 59 59 55 3 772
1 99 52 56 52 56 1 773
0 135 58 44 55 47 3 774
0 9 51 55 52 28 3 775
1 4 37 55 52 63 1 776
1 62 57 44 64 42 1 777
1 25 56 48 54 50 3 778
0 25 54 49 40 46 3 779
1 98 51 50 45 78 4 780
1 89 59 33 63 41 2 781
0 22 54 51 54 47 3 782
0 15 54 48 54 48 3 783
1 113 56 59 52 64 2 784
0 48 54 49 55 47 3 785
0 62 60 52 56 46 4 786
0 134 61 48 56 46 3 787
1 125 51 54 55 51 4 788
1 121 56 46 65 34 1 789
1 25 53 51 55 46 1 790
0 115 60 47 62 28 3 791
1 81 55 57 56 47 1 792
0 106 53 51 51 39 3 793
1 100 58 53 60 43 1 794
1 142 54 59 58 56 2 795
0 25 56 46 59 48 3 796
0 99 60 48 62 48 5 797
0 62 64 35 56 40 5 798
1 52 55 58 55 60 1 799
0 80 56 52 51 54 3 800
0 86 58 40 59 42 3 801
0 25 49 54 62 27 3 802
1 37 41 35 56 17 3 803
1 46 62 43 51 64 1 804
0 136 58 52 57 45 5 805
0 93 48 56 55 59 3 806
0 136 40 53 41 52 3 807
0 136 58 44 56 46 3 808
1 136 46 73 49 69 3 809
1 2 48 38 50 53 1 810
0 99 59 37 57 57 6 811
0 62 57 23 57 28 3 812
0 100 60 46 56 48 3 813
0 25 57 58 65 36 4 814
0 136 56 58 53 63 3 815
1 99 48 56 45 59 1 816
1 22 48 70 49 69 2 817
1 25 50 55 55 57 1 818
1 25 55 45 58 42 1 819
0 136 57 58 48 54 3 820
0 108 52 51 59 38 3 821
0 94 56 48 53 50 3 822
0 58 56 47 57 46 3 823
1 25 56 47 60 50 1 824
0 136 52 51 60 40 3 825
0 136 49 65 59 30 6 826
0 136 56 43 57 43 3 827
1 50 55 27 50 39 3 828
1 99 58 44 63 39 1 829
0 62 49 59 18 38 3 830
1 99 59 43 48 55 1 831
1 56 50 66 52 50 1 832
1 47 51 52 63 42 1 833
1 62 67 36 63 43 1 834
1 76 59 25 47 39 1 835
0 104 58 53 59 54 3 836
1 56 53 51 50 53 1 837
0 122 63 37 64 38 3 838
1 136 56 49 64 36 1 839
0 99 50 54 56 45 3 840
1 73 55 60 55 46 2 841
1 25 62 50 59 53 1 842
1 102 59 48 49 56 2 843
1 99 57 57 62 49 1 844
1 25 52 53 52 50 1 845
1 99 49 56 58 43 5 846
1 99 57 53 63 14 1 847
0 25 0 17 27 49 3 848
0 136 59 41 63 35 3 849
1 53 51 53 50 54 2 850
1 57 64 45 60 51 1 851
0 6 50 39 62 51 3 852
0 34 40 54 56 47 3 853
1 56 63 35 64 44 1 854
0 99 50 54 53 50 3 855
1 112 63 45 56 46 1 856
0 101 64 40 58 42 3 857
1 9 53 49 56 46 1 858
1 70 51 50 49 52 2 859
1 41 59 41 63 35 1 860
1 109 57 48 58 52 1 861
0 30 48 57 49 55 3 862
0 99 54 52 57 54 3 863
1 84 49 52 51 51 2 864
0 99 59 48 49 54 3 865
0 99 49 57 57 56 3 866
1 25 57 46 65 36 3 867
0 99 58 53 67 36 3 868
0 99 56 54 51 51 3 869
0 62 61 40 58 41 3 870
1 96 59 53 55 60 1 871
0 136 55 27 57 42 3 872
1 39 45 63 60 47 1 873
1 136 51 52 53 49 2 874
0 120 59 39 47 57 3 875
0 99 59 48 38 56 3 876
0 84 51 66 57 59 3 877
0 62 57 45 57 45 3 878
1 109 55 58 51 66 1 879
0 143 58 49 54 50 3 880
1 136 57 57 57 46 2 881
1 99 60 29 48 55 1 882
1 99 57 46 62 26 1 883
1 60 60 39 61 51 3 884
1 99 53 52 53 61 2 885
0 99 61 41 53 49 5 886
0 136 58 53 60 37 3 887
1 25 51 53 63 38 4 888
0 55 64 35 57 47 3 889
1 136 52 61 41 50 1 890
1 99 66 38 59 54 1 891
0 129 59 45 64 45 3 892
1 97 49 38 49 57 4 893
1 25 61 48 62 52 1 894
0 142 59 42 46 61 3 895
1 48 63 42 57 46 1 896
1 136 56 44 44 40 5 897
1 62 49 27 49 37 5 898
1 56 52 51 59 44 1 899
1 6 60 52 60 37 2 900
1 25 48 51 46 51 6 901
0 106 53 51 51 36 3 902
1 63 41 35 54 60 1 903
1 136 57 49 67 36 1 904
0 103 48 38 40 30 3 905
0 25 56 46 36 46 3 906
0 62 59 40 52 50 3 907
1 136 58 45 60 39 5 908
0 99 56 47 50 52 3 909
1 20 60 39 49 57 1 910
0 99 44 31 53 28 3 911
1 107 56 44 55 42 3 912
1 25 29 45 13 34 1 913
1 23 64 45 64 36 1 914
0 17 64 41 59 50 3 915
1 63 61 40 64 43 2 916
0 62 43 79 29 45 3 917
1 62 59 43 62 38 1 918
0 136 57 43 57 45 5 919
0 25 54 59 54 58 3 920
1 91 57 23 58 34 1 921
0 133 56 51 53 52 3 922
1 136 58 32 61 40 5 923
1 136 48 70 58 47 2 924
1 99 58 53 60 48 1 925
0 99 60 52 52 63 4 926
1 129 55 59 55 52 1 927
0 99 62 38 60 55 3 928
1 129 48 48 47 52 2 929
0 136 50 57 48 56 5 930
1 65 70 10 55 14 1 931
0 99 61 48 60 30 3 932
0 62 58 46 52 54 4 933
1 136 63 42 56 39 1 934
1 62 59 55 48 56 1 935
1 25 56 59 50 55 1 936
1 62 47 55 58 42 2 937
1 136 45 64 47 67 1 938
0 99 57 56 53 65 6 939
0 99 54 62 51 54 3 940
1 62 54 48 51 51 3 941
1 62 53 52 2 37 5 942
1 99 62 43 57 41 1 943
1 51 61 47 65 35 1 944
0 84 59 39 36 53 3 945
1 136 55 61 55 61 1 946
1 22 53 63 49 58 1 947
1 99 59 31 61 46 6 948
1 99 61 49 67 36 1 949
0 42 60 50 58 42 3 950
0 39 61 43 64 37 3 951
1 30 56 42 59 49 2 952
1 62 53 51 46 67 1 953
0 83 49 56 56 60 3 954
1 136 58 41 52 49 2 955
0 143 49 55 58 41 3 956
1 62 56 52 63 39 1 957
0 20 51 54 57 45 3 958
1 99 45 61 53 62 1 959
1 99 64 47 49 56 2 960
0 104 57 47 66 35 3 961
1 61 50 55 60 42 1 962
1 99 52 50 49 53 1 963
0 25 59 53 57 45 3 964
0 62 40 51 31 40 3 965
0 103 63 48 59 51 3 966
1 16 61 40 66 38 1 967
1 99 54 61 58 56 3 968
0 99 55 59 50 66 3 969
1 99 46 69 44 68 2 970
1 5 56 46 62 42 1 971
0 99 58 43 65 37 5 972
0 118 53 51 62 30 3 973
1 98 59 46 61 51 1 974
0 66 62 42 59 30 3 975
0 45 49 56 51 37 3 976
1 75 59 48 56 51 1 977
1 62 59 44 61 49 1 978
1 27 51 56 53 51 1 979
0 99 53 63 53 62 3 980
1 25 58 47 62 43 5 981
0 25 55 56 51 62 3 982
0 62 55 49 54 25 5 983
1 104 58 44 56 48 1 984
1 99 46 67 45 64 1 985
1 80 61 46 62 10 1 986
1 37 59 53 45 60 1 987
1 124 63 45 53 63 1 988
0 39 20 72 18 67 3 989
1 87 48 37 60 27 1 990
1 79 62 39 55 42 1 991
1 109 48 56 48 60 2 992
1 70 47 70 45 74 1 993
1 99 64 36 37 52 6 994
1 82 57 47 58 52 1 995
0 23 60 39 49 52 3 996
0 25 56 48 58 52 3 997
0 25 56 50 58 42 3 998
1 128 58 39 56 28 1 999
1 18 57 49 60 51 1 1000
1 99 56 59 61 42 5 1001
0 117 60 42 64 40 4 1002
0 14 56 46 57 26 3 1003
0 136 54 59 46 77 6 1004
0 88 57 46 62 50 3 1005
0 53 57 27 50 25 3 1006
1 62 61 46 60 40 5 1007
1 25 50 55 59 41 1 1008
0 78 56 59 61 32 3 1009
0 107 58 47 57 42 3 1010
0 99 55 47 57 41 3 1011
0 49 53 51 57 46 3 1012
1 99 46 72 49 69 3 1013
1 99 54 51 67 36 5 1014
0 99 60 47 54 50 3 1015
1 85 60 41 59 52 1 1016
1 25 40 30 48 27 2 1017
1 136 60 50 43 78 1 1018
0 99 54 60 57 41 3 1019
0 99 50 53 50 46 6 1020
0 136 54 49 49 54 3 1021
1 3 56 48 52 53 1 1022
1 136 49 56 48 58 3 1023
0 136 59 44 61 40 3 1024
0 134 37 55 33 54 3 1025
0 0 47 54 50 53 3 1026
1 74 49 69 41 73 1 1027
0 98 55 52 57 45 3 1028
1 101 50 54 53 54 2 1029
1 136 58 47 60 48 1 1030
0 45 53 50 60 48 3 1031
0 99 56 44 59 44 3 1032
0 0 51 63 48 61 3 1033
1 105 67 36 59 52 1 1034
0 25 65 39 60 51 3 1035
1 62 55 50 57 44 1 1036
1 44 43 52 36 55 2 1037
1 62 56 37 53 50 1 1038
0 11 49 54 54 47 3 1039
0 63 51 56 57 58 3 1040
1 25 60 51 57 48 1 1041
0 99 54 28 58 43 3 1042
1 122 54 51 49 54 1 1043
0 92 56 48 59 50 3 1044
1 105 29 47 24 40 3 1045
0 104 61 48 60 40 3 1046
0 25 55 47 54 49 3 1047
1 25 60 48 41 45 1 1048
0 99 60 47 58 39 3 1049
1 106 61 40 53 49 2 1050
0 71 55 27 56 60 3 1051
0 25 48 55 39 46 3 1052
0 136 60 41 57 45 6 1053
1 25 58 32 1 59 5 1054
1 62 62 42 60 39 2 1055
0 99 52 50 51 55 3 1056
1 136 49 68 48 63 3 1057
0 25 55 45 49 54 3 1058
0 125 62 44 57 24 3 1059
1 36 58 38 58 36 1 1060
1 131 65 38 67 36 1 1061
0 78 55 52 40 53 3 1062
0 136 49 59 53 62 3 1063
1 62 48 57 53 49 4 1064
0 62 46 70 46 68 5 1065
1 62 55 59 52 64 1 1066
1 62 54 51 57 56 3 1067
1 123 53 50 59 44 1 1068
1 4 0 17 57 22 3 1069
1 99 63 42 59 47 1 1070
1 120 54 48 57 45 2 1071
1 0 49 55 27 86 1 1072
0 136 54 51 56 47 3 1073
1 99 58 24 52 50 1 1074
1 99 49 55 55 56 1 1075
0 12 54 52 54 50 3 1076
1 25 51 51 50 54 1 1077
0 25 55 47 58 43 3 1078
1 23 59 52 59 52 1 1079
0 62 47 65 18 73 5 1080
0 62 53 49 61 47 3 1081
0 62 54 57 52 56 3 1082
0 10 59 52 55 42 3 1083
0 99 63 35 48 57 3 1084
1 1 60 31 62 30 2 1085
0 25 49 37 48 56 3 1086
1 71 56 46 59 42 1 1087
0 26 53 63 55 60 3 1088
1 35 53 58 54 49 1 1089
1 51 48 57 45 63 1 1090
0 25 58 38 58 47 3 1091
1 125 58 38 55 42 3 1092
1 6 50 53 61 46 4 1093
1 25 64 46 54 61 2 1094
0 62 53 50 60 50 3 1095
0 113 63 46 60 49 3 1096
1 136 17 39 63 45 2 1097
0 74 66 34 57 47 3 1098
1 99 55 48 49 54 1 1099
1 129 60 52 48 56 1 1100
1 125 55 47 59 45 2 1101
0 61 56 42 59 43 3 1102
0 128 57 44 58 52 3 1103
1 129 38 83 36 84 1 1104
1 25 61 46 63 46 6 1105
0 28 56 51 49 56 4 1106
1 25 61 40 59 44 5 1107
0 62 44 71 60 48 6 1108
0 25 63 38 63 42 6 1109
1 136 57 53 63 43 4 1110
0 99 61 50 50 56 3 1111
0 62 53 49 58 42 5 1112
0 136 46 39 49 37 3 1113
1 122 56 56 63 41 1 1114
0 136 41 46 29 44 3 1115
1 25 49 63 64 49 1 1116
1 136 62 37 62 42 1 1117
1 99 54 59 56 45 2 1118
1 136 49 57 62 45 1 1119
0 127 62 48 59 42 3 1120
1 94 56 56 52 52 1 1121
1 80 65 38 47 55 1 1122
1 62 55 60 51 61 6 1123
0 76 48 36 63 42 3 1124
1 136 57 56 49 56 1 1125
0 136 55 43 58 43 3 1126
0 3 56 46 59 42 3 1127
0 80 60 47 53 59 3 1128
1 121 49 56 48 58 2 1129
1 25 55 51 55 50 1 1130
0 99 39 51 27 51 3 1131
1 62 56 48 54 52 1 1132
0 66 49 58 50 53 3 1133
0 99 52 64 62 38 3 1134
0 102 53 49 55 50 4 1135
1 99 57 46 57 28 1 1136
0 85 59 42 60 48 4 1137
0 32 66 34 57 39 3 1138
1 25 56 58 49 55 2 1139
0 99 60 39 63 43 3 1140
1 85 53 50 50 54 1 1141
1 8 55 50 58 52 2 1142
1 71 59 40 49 57 2 1143
1 99 57 40 61 45 1 1144
1 99 50 41 57 41 1 1145
1 141 63 50 43 76 2 1146
1 136 52 63 55 50 1 1147
1 118 53 60 47 56 1 1148
0 38 49 57 56 47 3 1149
1 22 49 56 66 36 1 1150
0 50 61 48 58 44 3 1151
0 85 60 46 59 41 3 1152
0 134 40 55 36 55 3 1153
0 71 48 37 63 35 3 1154
1 99 51 62 41 80 1 1155
1 116 57 56 52 51 3 1156
0 133 57 55 61 40 3 1157
0 132 55 46 57 57 3 1158
0 99 56 49 50 53 3 1159
1 37 60 43 61 40 1 1160
1 47 64 46 61 50 1 1161
1 25 60 46 64 37 5 1162
0 99 54 59 50 63 3 1163
1 62 56 56 62 47 1 1164
1 132 63 40 49 56 1 1165
0 136 59 30 39 35 3 1166
1 62 46 34 48 36 2 1167
1 125 55 48 54 50 1 1168
1 117 49 57 45 60 1 1169
0 25 57 46 60 46 3 1170
1 99 62 44 59 40 1 1171
0 93 64 35 64 35 3 1172
1 62 64 46 52 63 6 1173
1 136 55 56 52 52 5 1174
1 142 58 54 56 47 3 1175
1 4 50 40 50 41 1 1176
0 2 58 38 33 45 3 1177
1 99 45 76 40 53 4 1178
0 121 50 53 49 59 3 1179
0 99 48 57 55 42 3 1180
1 136 59 25 50 30 5 1181
1 74 56 46 56 51 2 1182
0 59 40 50 46 40 3 1183
0 62 51 55 49 54 6 1184
1 26 3 21 3 21 1 1185
0 62 50 66 56 58 3 1186
1 28 54 52 49 54 1 1187
1 93 56 41 56 56 1 1188
1 25 56 58 53 60 1 1189
1 136 49 54 48 56 1 1190
1 25 55 57 29 47 1 1191
1 62 58 41 56 46 1 1192
1 62 54 50 55 52 2 1193
0 25 59 38 61 38 3 1194
1 62 59 42 61 51 6 1195
1 62 49 57 56 47 1 1196
1 99 55 58 56 56 6 1197
1 55 57 56 50 63 2 1198
1 55 58 47 56 41 2 1199
0 99 50 52 50 53 3 1200
0 50 58 52 60 30 3 1201
1 136 64 39 55 47 1 1202
1 25 57 46 54 49 2 1203
0 25 56 48 63 43 3 1204
1 62 65 37 62 29 2 1205
0 39 45 35 43 32 3 1206
1 72 65 38 54 59 2 1207
0 136 60 40 65 43 3 1208
0 136 58 51 45 76 3 1209
1 62 47 64 47 63 2 1210
0 62 45 63 55 49 3 1211
1 25 57 47 58 40 6 1212
1 25 56 42 57 53 4 1213
1 128 62 45 49 54 2 1214
1 89 60 43 57 46 3 1215
0 140 50 53 47 55 3 1216
0 102 60 44 58 52 3 1217
1 136 49 55 51 64 4 1218
0 25 47 54 49 54 3 1219
1 14 60 46 58 40 1 1220
1 136 59 55 60 53 6 1221
0 99 53 49 47 57 3 1222
1 25 51 53 59 56 6 1223
1 34 48 38 48 54 2 1224
1 89 60 40 55 61 1 1225
1 35 58 47 54 47 1 1226
1 95 46 58 45 61 1 1227
0 117 46 58 49 58 3 1228
1 62 39 55 51 62 1 1229
0 106 62 41 56 46 3 1230
0 62 58 46 59 40 3 1231
1 69 50 55 56 58 4 1232
0 75 48 56 54 47 3 1233
1 136 49 55 54 59 1 1234
0 99 55 60 45 78 3 1235
1 136 41 82 37 85 4 1236
1 62 65 35 58 43 2 1237
0 62 61 39 64 45 3 1238
0 25 50 53 60 50 3 1239
1 138 56 45 49 54 1 1240
1 99 59 46 64 45 1 1241
0 62 56 48 53 62 3 1242
1 99 61 41 47 56 1 1243
0 60 59 53 57 57 3 1244
0 62 65 42 59 47 3 1245
1 131 58 52 56 42 3 1246
0 136 49 56 55 59 3 1247
1 62 53 52 58 54 1 1248
1 15 54 49 55 59 1 1249
0 77 57 39 60 47 3 1250
1 62 55 48 55 58 3 1251
0 15 72 45 72 45 3 1252
1 62 62 41 61 41 1 1253
1 62 62 41 50 55 1 1254
0 99 45 68 47 66 3 1255
1 78 38 52 47 57 2 1256
0 62 63 35 60 37 3 1257
0 62 45 76 48 65 3 1258
0 16 54 60 36 53 4 1259
1 25 49 56 51 52 4 1260
1 61 55 61 52 38 1 1261
1 53 59 52 59 38 1 1262
1 99 57 55 47 55 4 1263
1 62 51 51 62 42 2 1264
0 99 62 49 58 52 3 1265
1 62 55 47 54 50 1 1266
0 136 60 51 51 55 3 1267
1 18 60 44 64 45 2 1268
0 64 56 46 57 41 3 1269
1 40 55 47 27 44 2 1270
0 99 55 48 59 38 3 1271
0 127 48 54 57 55 3 1272
0 25 47 56 40 82 3 1273
1 2 59 52 39 50 3 1274
0 143 49 56 53 58 3 1275
0 50 57 56 50 64 3 1276
1 23 54 49 57 45 1 1277
1 99 57 57 34 52 1 1278
0 25 56 44 56 47 3 1279
0 75 56 45 58 42 3 1280
1 62 58 47 59 42 2 1281
1 6 56 44 13 36 2 1282
0 25 56 45 62 46 6 1283
0 136 59 41 50 37 3 1284
0 25 51 62 51 52 3 1285
0 62 61 46 56 43 3 1286
1 136 49 53 67 36 1 1287
1 114 54 49 50 55 2 1288
0 136 60 47 63 39 4 1289
1 99 55 57 58 53 1 1290
1 25 54 27 49 59 1 1291
0 25 55 59 56 56 3 1292
1 92 57 47 67 36 1 1293
1 123 54 46 60 40 4 1294
0 125 58 52 59 53 3 1295
0 136 61 45 58 42 4 1296
0 134 60 48 56 53 3 1297
0 94 56 48 61 48 3 1298
1 62 56 37 59 30 1 1299
0 21 60 40 53 58 3 1300
0 25 49 57 49 55 3 1301
0 60 59 39 63 42 4 1302
0 62 51 50 65 34 3 1303
0 25 61 44 53 50 3 1304
1 136 55 49 57 45 4 1305
0 138 61 43 57 58 3 1306
1 73 53 50 60 48 2 1307
1 99 54 50 55 47 1 1308
1 83 56 51 53 53 1 1309
1 37 58 45 51 52 2 1310
0 99 57 48 53 49 3 1311
1 91 58 52 54 60 1 1312
1 86 52 60 49 58 1 1313
1 47 61 40 58 47 2 1314
0 136 58 49 54 50 4 1315
0 50 47 60 49 54 3 1316
0 21 53 49 59 47 3 1317
1 80 57 53 49 48 2 1318
1 136 50 53 58 48 6 1319
1 25 54 51 49 46 1 1320
0 28 48 41 50 20 3 1321
1 87 53 50 49 57 1 1322
1 94 50 55 56 48 1 1323
1 33 52 36 58 45 1 1324
0 28 61 48 57 52 3 1325
1 25 49 65 51 63 1 1326
1 25 46 36 40 52 1 1327
0 99 63 42 62 42 6 1328
1 99 65 35 49 57 1 1329
1 18 48 55 55 47 1 1330
0 136 54 58 54 62 3 1331
0 136 40 56 19 57 3 1332
1 139 62 47 60 42 2 1333
1 69 57 46 55 46 1 1334
1 25 59 47 59 47 2 1335
0 25 56 41 61 45 3 1336
0 99 55 49 63 43 3 1337
0 129 57 45 37 50 3 1338
1 136 60 31 59 45 1 1339
0 136 58 45 29 46 3 1340
0 25 46 73 31 71 5 1341
1 99 63 43 51 54 1 1342
0 122 58 39 56 48 3 1343
1 62 59 42 56 59 2 1344
1 28 43 37 59 21 5 1345
1 62 57 45 30 48 3 1346
0 136 61 43 61 39 3 1347
1 143 52 49 65 44 1 1348
1 53 59 51 63 42 2 1349
1 99 64 44 63 43 3 1350
1 14 55 47 57 46 1 1351
0 26 42 79 43 79 3 1352
0 121 56 56 59 51 3 1353
1 62 58 47 62 49 6 1354
0 131 46 37 57 23 3 1355
1 30 51 63 61 37 1 1356
0 47 60 47 64 45 3 1357
1 131 59 44 49 57 3 1358
1 99 59 52 55 59 1 1359
1 136 56 46 50 53 1 1360
1 61 56 56 48 56 1 1361
0 62 55 58 55 43 3 1362
1 84 56 45 51 54 3 1363
1 25 48 38 63 46 1 1364
1 25 59 43 64 45 1 1365
1 1 59 40 58 49 4 1366
0 99 50 54 44 63 3 1367
0 99 63 42 62 27 3 1368
0 99 48 37 49 56 3 1369
1 104 51 54 47 56 1 1370
1 99 57 40 65 39 1 1371
1 99 58 46 55 48 1 1372
1 48 58 46 53 50 2 1373
0 93 62 47 60 43 3 1374
1 55 63 38 66 38 1 1375
0 62 51 38 48 36 3 1376
1 5 60 46 50 52 2 1377
0 97 56 45 59 53 3 1378
0 109 40 53 41 54 3 1379
0 42 54 48 60 40 3 1380
0 62 53 51 53 51 3 1381
0 25 59 52 55 62 4 1382
1 136 61 47 65 43 1 1383
1 25 50 14 51 22 5 1384
1 25 63 38 57 46 3 1385
1 62 56 48 57 46 1 1386
1 30 53 51 55 48 4 1387
1 34 59 24 59 23 1 1388
1 62 59 24 46 37 1 1389
1 80 49 59 40 83 1 1390
1 24 50 52 52 53 1 1391
1 25 59 51 62 42 2 1392
1 102 58 44 66 38 1 1393
0 25 61 39 59 40 6 1394
0 62 48 57 51 52 3 1395
1 9 56 47 61 46 1 1396
0 25 51 52 55 47 3 1397
1 128 53 52 48 54 1 1398
1 41 56 56 48 58 1 1399
0 99 55 52 52 54 5 1400
1 136 40 82 60 37 1 1401
1 54 53 62 57 58 1 1402
0 25 60 49 60 49 3 1403
1 62 50 53 54 61 5 1404
0 100 59 40 59 42 3 1405
0 41 53 53 63 43 3 1406
0 99 63 46 48 42 3 1407
0 136 56 29 45 33 3 1408
1 136 58 53 58 47 1 1409
0 74 58 53 56 49 3 1410
0 62 59 52 56 57 3 1411
0 136 64 41 61 52 3 1412
1 25 60 48 20 68 1 1413
0 46 51 51 66 34 3 1414
0 4 57 40 59 43 3 1415
0 62 60 48 60 51 3 1416
0 2 49 53 50 54 3 1417
0 25 53 51 37 52 3 1418
0 48 62 42 64 43 3 1419
1 62 47 55 47 52 1 1420
1 25 50 54 54 49 1 1421
1 137 49 59 47 56 1 1422
0 136 47 56 50 54 6 1423
1 62 51 56 63 39 3 1424
1 99 63 51 58 40 1 1425
1 23 57 57 58 53 1 1426
1 136 58 37 59 43 1 1427
0 136 54 58 39 83 3 1428
1 99 57 44 19 40 6 1429
1 62 45 74 45 68 1 1430
0 26 62 40 60 48 3 1431
0 136 64 35 61 48 3 1432
0 62 37 77 36 77 3 1433
0 121 64 38 60 42 3 1434
1 121 49 68 59 52 1 1435
1 99 49 56 59 55 2 1436
0 18 51 37 59 39 3 1437
1 102 51 51 20 41 1 1438
1 112 52 56 59 43 2 1439
1 56 50 54 50 55 1 1440
0 86 63 42 62 49 3 1441
1 99 60 48 49 56 1 1442
1 9 50 57 47 57 3 1443
0 124 48 37 45 37 3 1444
0 62 56 46 60 48 3 1445
0 47 54 62 57 56 3 1446
0 94 61 40 54 48 3 1447
1 86 58 42 51 27 1 1448
1 113 58 44 54 48 1 1449
0 99 57 55 57 52 6 1450
0 136 56 44 52 50 3 1451
1 25 53 63 60 52 5 1452
0 99 58 43 58 53 3 1453
0 62 56 46 36 55 3 1454
1 25 58 40 55 46 2 1455
1 25 50 55 54 50 5 1456
1 11 60 30 49 30 1 1457
1 109 60 40 57 43 2 1458
1 99 61 38 60 53 2 1459
0 62 32 45 22 43 3 1460
0 25 57 46 51 54 3 1461
1 99 55 48 61 51 1 1462
1 55 59 53 62 44 1 1463
1 91 49 64 64 45 1 1464
1 87 60 54 59 48 1 1465
1 25 51 62 51 53 1 1466
0 25 51 57 63 47 3 1467
0 78 61 54 62 15 3 1468
0 93 53 50 51 51 3 1469
1 97 49 55 60 53 1 1470
0 25 56 45 59 44 3 1471
1 99 50 67 47 60 4 1472
0 136 52 63 45 64 3 1473
1 136 50 55 39 50 2 1474
1 136 52 62 50 64 1 1475
1 99 57 42 54 60 1 1476
0 134 53 49 66 34 3 1477
1 45 60 43 63 21 2 1478
0 99 59 41 64 36 3 1479
0 7 51 61 48 57 3 1480
0 120 55 49 58 52 3 1481
0 128 53 50 56 48 3 1482
0 99 50 55 35 87 3 1483
1 136 55 50 58 26 1 1484
0 99 64 39 63 41 3 1485
1 62 52 63 40 82 2 1486
1 95 63 43 56 47 3 1487
0 19 59 34 56 27 3 1488
0 33 56 48 59 40 3 1489
0 25 58 52 70 49 3 1490
1 62 41 51 48 56 1 1491
1 62 45 60 53 60 1 1492
0 14 58 56 62 51 3 1493
0 99 49 54 53 50 3 1494
1 25 56 44 55 41 5 1495
0 99 60 54 55 54 3 1496
1 39 53 50 56 47 1 1497
1 25 60 38 61 39 2 1498
0 25 62 36 61 53 3 1499
0 25 53 61 35 47 3 1500
1 136 58 57 56 49 2 1501
1 132 62 43 62 51 2 1502
0 136 58 32 57 37 3 1503
1 136 49 55 54 62 1 1504
1 136 63 35 49 30 1 1505
0 43 59 39 57 42 3 1506
1 136 62 28 32 47 2 1507
0 5 45 76 48 67 3 1508
0 25 49 58 52 63 3 1509
1 136 61 44 47 68 2 1510
0 11 57 47 47 57 3 1511
1 25 49 56 45 60 2 1512
0 62 45 77 61 42 3 1513
0 3 56 43 59 41 3 1514
0 138 62 37 59 56 3 1515
0 99 60 49 55 43 3 1516
1 107 53 50 52 50 2 1517
0 99 49 26 58 40 3 1518
0 91 58 53 64 43 3 1519
0 25 58 48 59 48 3 1520
1 99 62 46 61 48 1 1521
0 66 61 51 54 50 3 1522
1 136 49 57 51 55 1 1523
0 31 49 53 58 37 3 1524
0 99 49 68 49 63 3 1525
0 136 58 45 57 44 5 1526
0 25 52 63 57 56 6 1527
0 28 60 39 61 45 3 1528
1 127 49 58 61 48 1 1529
0 109 56 44 55 29 3 1530
1 9 52 51 58 43 1 1531
0 99 56 49 54 49 3 1532
1 6 56 49 59 31 2 1533
0 136 49 42 38 37 5 1534
1 133 49 56 47 57 2 1535
0 7 54 62 53 65 3 1536
1 82 62 41 42 30 1 1537
1 25 56 45 57 46 1 1538
0 130 57 46 57 46 3 1539
0 136 59 47 58 49 3 1540
1 85 58 40 64 40 1 1541
0 64 50 54 48 59 3 1542
0 25 60 48 49 59 3 1543
1 99 60 51 56 58 2 1544
0 131 62 31 56 59 4 1545
1 136 55 61 47 55 1 1546
1 85 65 37 59 48 2 1547
1 100 56 48 46 62 1 1548
0 127 49 53 59 48 3 1549
1 25 64 45 64 36 1 1550
0 25 54 60 58 47 5 1551
1 112 39 73 38 74 1 1552
1 99 56 44 53 61 1 1553
1 99 57 47 53 60 1 1554
1 112 53 54 55 58 2 1555
0 99 61 49 36 59 3 1556
1 62 56 46 61 48 5 1557
0 99 52 53 48 45 3 1558
0 25 51 55 60 39 3 1559
0 62 56 55 59 51 3 1560
0 48 65 37 64 35 3 1561
0 136 56 40 51 49 3 1562
0 136 53 52 52 54 3 1563
0 108 56 48 58 51 4 1564
1 99 56 41 55 41 2 1565
1 99 49 53 52 50 1 1566
1 136 52 51 50 55 2 1567
1 132 56 44 60 50 2 1568
0 136 51 50 49 54 6 1569
0 128 65 38 56 43 3 1570
1 136 49 55 55 44 1 1571
1 99 54 51 57 49 2 1572
0 99 54 51 49 58 6 1573
1 25 61 46 52 63 6 1574
0 7 59 42 57 41 3 1575
0 98 59 39 56 46 3 1576
0 62 48 33 47 31 5 1577
1 136 61 33 56 23 3 1578
0 109 0 17 65 44 3 1579
1 25 57 46 50 53 1 1580
0 25 55 48 54 49 3 1581
0 136 52 64 56 52 3 1582
0 62 50 54 50 53 3 1583
1 102 37 50 40 66 2 1584
0 25 62 42 59 40 3 1585
0 102 49 59 42 80 3 1586
1 40 58 25 56 28 2 1587
0 99 52 53 54 48 3 1588
0 136 58 38 55 48 3 1589
0 99 53 62 51 29 3 1590
0 61 32 49 36 49 3 1591
1 87 50 55 55 49 1 1592
1 94 39 53 56 40 2 1593
0 140 48 40 58 40 3 1594
0 75 58 46 62 44 3 1595
0 62 57 47 56 52 6 1596
1 108 51 52 53 52 2 1597
1 99 43 70 44 79 1 1598
1 62 61 46 33 48 1 1599
0 101 47 56 58 53 3 1600
0 62 50 38 50 38 5 1601
0 136 63 42 41 56 3 1602
0 99 57 47 61 46 3 1603
0 10 56 59 39 53 3 1604
1 99 56 46 51 51 5 1605
1 25 50 54 56 58 2 1606
1 62 64 45 56 60 1 1607
1 124 54 48 54 49 1 1608
1 25 57 40 56 44 1 1609
1 99 25 43 18 45 1 1610
1 25 56 48 57 43 1 1611
1 61 41 54 39 52 1 1612
1 9 64 48 56 49 1 1613
1 99 56 47 56 43 6 1614
1 99 61 46 63 45 6 1615
0 99 48 54 64 45 4 1616
0 86 51 57 54 27 3 1617
1 80 59 47 61 48 2 1618
0 99 53 51 42 50 3 1619
1 62 55 50 56 47 1 1620
0 126 50 58 59 44 3 1621
1 25 57 49 63 45 1 1622
0 123 50 37 57 32 4 1623
1 115 51 55 48 54 1 1624
0 69 46 58 54 61 3 1625
0 25 49 55 56 47 6 1626
0 25 41 51 44 52 3 1627
1 8 57 48 65 36 2 1628
1 62 50 54 52 63 1 1629
1 4 54 46 54 51 1 1630
1 131 55 60 15 38 2 1631
1 105 57 44 47 55 1 1632
0 25 57 50 56 52 5 1633
1 37 53 51 49 58 1 1634
1 140 50 53 57 45 1 1635
0 140 51 62 53 63 3 1636
1 62 56 49 50 53 1 1637
0 129 53 63 58 45 3 1638
0 87 59 53 58 54 3 1639
0 25 56 46 59 56 3 1640
0 113 50 57 54 58 3 1641
1 24 57 45 43 61 1 1642
0 25 53 49 64 35 3 1643
1 38 63 46 58 40 1 1644
1 62 59 39 57 43 5 1645
1 136 50 53 58 41 1 1646
1 99 58 38 55 49 1 1647
0 136 48 70 44 63 3 1648
1 62 64 45 56 48 3 1649
0 62 50 54 58 55 3 1650
1 136 56 58 57 57 2 1651
0 29 60 48 49 59 4 1652
0 62 57 45 61 50 5 1653
1 71 50 54 58 48 1 1654
1 62 64 41 57 50 1 1655
1 84 0 17 48 70 1 1656
1 25 55 26 57 44 5 1657
0 90 61 39 65 35 3 1658
0 33 62 43 62 51 3 1659
0 136 56 41 58 49 3 1660
0 8 63 38 59 43 3 1661
0 136 65 37 64 43 3 1662
0 99 73 42 73 42 4 1663
1 62 57 43 57 41 1 1664
0 99 55 43 65 34 3 1665
0 71 63 47 61 48 3 1666
1 104 47 39 47 39 1 1667
1 99 47 58 48 53 1 1668
0 136 57 55 55 44 5 1669
1 25 53 60 50 57 1 1670
0 82 62 50 59 45 3 1671
0 136 56 51 57 45 3 1672
0 8 57 41 49 65 3 1673
0 70 61 47 56 46 3 1674
0 25 55 47 60 40 3 1675
0 62 48 57 34 46 5 1676
1 84 55 27 58 40 2 1677
1 99 54 51 51 55 2 1678
1 99 57 58 49 54 1 1679
1 90 56 58 47 55 1 1680
0 71 48 56 56 46 3 1681
0 136 57 42 46 65 6 1682
0 57 54 61 57 52 3 1683
0 136 53 64 37 52 3 1684
1 136 57 46 36 55 1 1685
1 136 60 46 49 53 1 1686
0 134 49 57 59 43 3 1687
0 99 53 48 56 43 3 1688
1 136 58 46 49 54 1 1689
1 6 60 43 50 53 1 1690
0 62 57 45 56 59 3 1691
1 99 57 42 56 44 1 1692
0 136 52 52 49 26 3 1693
1 99 50 52 47 56 3 1694
1 9 56 44 51 52 1 1695
1 136 62 43 60 47 1 1696
1 64 55 57 39 31 2 1697
0 71 54 57 49 47 3 1698
0 25 53 50 60 47 6 1699
0 99 48 42 15 35 3 1700
1 101 53 59 55 57 1 1701
0 133 60 48 59 37 4 1702
1 131 50 38 43 35 3 1703
1 8 55 49 49 54 1 1704
1 99 48 58 51 55 6 1705
0 1 64 35 62 37 3 1706
1 62 59 43 58 45 1 1707
1 25 55 52 37 42 2 1708
0 78 45 36 38 52 3 1709
1 136 45 65 50 51 1 1710
1 136 66 34 67 35 5 1711
0 8 56 44 60 50 3 1712
1 136 53 60 47 57 3 1713
1 129 50 54 57 50 2 1714
0 70 58 42 57 56 3 1715
0 62 60 42 43 79 3 1716
0 136 57 47 49 54 3 1717
0 71 48 54 61 43 3 1718
0 1 58 46 49 54 3 1719
1 99 48 56 49 57 6 1720
0 71 53 49 55 46 3 1721
0 99 53 49 58 49 3 1722
1 62 52 51 58 48 4 1723
0 139 48 58 59 47 3 1724
1 62 54 62 33 80 2 1725
0 94 55 26 56 20 3 1726
0 113 61 42 59 43 3 1727
1 62 49 55 29 48 6 1728
1 42 52 50 59 48 2 1729
1 9 53 49 55 46 2 1730
0 47 57 48 49 63 3 1731
0 62 56 46 54 49 3 1732
0 138 56 58 40 76 3 1733
1 118 59 24 47 58 1 1734
1 136 53 51 54 50 1 1735
1 99 57 49 56 45 2 1736
1 25 56 47 60 48 4 1737
0 115 64 45 67 36 3 1738
0 136 60 23 52 14 3 1739
1 82 60 38 63 44 2 1740
1 20 63 42 57 37 2 1741
0 99 50 55 47 55 6 1742
1 99 63 45 60 51 1 1743
1 25 57 46 65 36 1 1744
1 99 59 51 53 50 1 1745
0 94 49 53 56 56 3 1746
0 14 58 45 59 47 3 1747
1 136 60 38 57 45 1 1748
1 136 62 44 60 46 1 1749
0 62 47 68 50 63 3 1750
0 1 56 44 64 44 3 1751
1 36 59 48 53 51 1 1752
1 21 45 70 59 45 3 1753
0 25 54 61 55 47 3 1754
0 18 49 55 29 50 3 1755
1 136 56 58 51 56 4 1756
1 137 54 51 53 49 1 1757
1 134 56 50 24 52 2 1758
1 25 57 41 56 46 5 1759
1 99 60 48 47 56 1 1760
0 136 52 52 54 47 6 1761
1 99 57 54 62 45 2 1762
1 111 59 46 39 56 2 1763
1 99 47 65 38 72 2 1764
0 15 60 47 58 56 3 1765
1 136 56 44 60 46 2 1766
1 81 47 59 49 57 1 1767
1 41 45 64 49 70 1 1768
0 143 45 64 48 56 3 1769
0 53 61 44 59 51 3 1770
1 136 58 40 58 46 2 1771
1 4 56 46 49 56 2 1772
1 125 48 56 50 38 1 1773
0 99 64 43 55 48 3 1774
1 123 61 39 58 46 1 1775
1 62 54 59 56 47 5 1776
1 136 39 54 40 52 6 1777
1 25 55 59 61 48 1 1778
0 136 51 56 51 56 3 1779
0 115 50 53 57 54 3 1780
1 3 49 59 50 56 1 1781
1 62 57 30 64 43 1 1782
1 118 54 50 60 42 1 1783
0 136 49 28 45 72 3 1784
0 42 56 43 58 43 3 1785
0 74 66 35 67 36 3 1786
1 21 57 23 53 50 1 1787
0 25 56 49 52 54 3 1788
0 81 63 49 62 51 3 1789
0 62 60 31 56 30 5 1790
0 100 49 55 56 28 3 1791
1 30 57 56 58 30 1 1792
1 20 57 56 53 62 1 1793
0 136 57 32 57 32 3 1794
1 60 53 50 61 49 2 1795
1 25 64 43 55 49 6 1796
0 140 53 53 46 59 3 1797
1 62 53 28 43 38 5 1798
1 66 45 63 61 41 3 1799
0 136 50 56 55 59 3 1800
1 25 53 64 56 58 1 1801
1 136 61 50 59 41 2 1802
0 23 65 39 52 50 4 1803
0 37 51 51 61 49 3 1804
0 25 53 51 64 35 3 1805
1 25 59 45 56 43 3 1806
1 136 50 53 57 56 2 1807
1 99 53 50 63 36 1 1808
0 136 50 55 48 54 3 1809
0 80 53 52 52 49 3 1810
0 132 57 44 62 46 3 1811
0 140 59 47 61 43 3 1812
0 104 57 57 54 61 3 1813
0 99 59 52 49 57 5 1814
1 120 50 55 52 49 1 1815
1 135 47 40 60 41 1 1816
0 62 60 39 58 44 3 1817
1 136 55 59 53 60 1 1818
0 136 49 56 55 49 3 1819
0 136 61 30 33 48 5 1820
1 25 63 45 52 55 1 1821
0 41 61 32 41 55 3 1822
0 34 50 55 60 42 3 1823
1 99 53 50 58 43 1 1824
1 31 57 47 56 40 1 1825
1 62 58 42 57 42 5 1826
1 0 63 45 56 58 1 1827
1 132 58 41 57 54 2 1828
1 28 50 57 57 53 1 1829
1 29 62 43 48 64 1 1830
0 62 59 37 61 51 3 1831
0 72 49 53 62 46 3 1832
0 25 58 47 58 42 3 1833
1 25 50 55 58 57 1 1834
0 62 60 39 54 49 5 1835
1 5 40 81 45 75 1 1836
1 99 58 38 59 40 2 1837
0 27 53 62 56 56 3 1838
1 25 66 35 88 0 1 1839
1 136 59 43 57 46 1 1840
0 62 56 59 56 23 4 1841
0 128 45 76 58 52 4 1842
1 61 51 51 25 55 1 1843
0 80 48 54 55 61 3 1844
0 25 60 44 63 44 3 1845
0 55 58 54 47 57 3 1846
0 92 57 28 64 35 3 1847
0 99 49 56 31 48 5 1848
1 136 39 54 44 64 1 1849
0 112 49 57 47 56 3 1850
1 136 62 49 55 58 5 1851
0 50 47 67 48 64 3 1852
0 25 54 62 49 53 3 1853
1 62 63 45 56 39 1 1854
0 99 59 42 51 51 3 1855
0 23 63 39 48 58 3 1856
1 34 51 57 56 55 1 1857
0 136 53 62 55 41 3 1858
0 62 58 46 99 99 3 1859
1 44 54 46 64 45 2 1860
1 62 48 57 55 56 2 1861
1 99 49 56 55 56 1 1862
0 84 63 43 64 40 3 1863
0 99 57 43 62 44 3 1864
0 25 49 53 51 28 6 1865
1 62 63 28 41 51 3 1866
1 63 50 51 49 53 2 1867
1 110 53 62 50 69 1 1868
1 104 50 55 56 56 1 1869
1 23 53 63 51 55 2 1870
1 13 50 58 56 57 2 1871
0 136 54 50 51 53 3 1872
0 99 60 50 46 61 3 1873
1 62 56 48 49 53 2 1874
0 29 43 34 52 39 3 1875
0 37 60 31 56 30 3 1876
1 99 57 55 60 42 6 1877
1 127 47 64 56 29 4 1878
0 62 60 48 50 36 3 1879
0 99 66 38 61 51 3 1880
1 6 52 50 64 39 3 1881
1 136 56 46 51 51 1 1882
1 125 48 55 45 59 1 1883
0 109 51 36 49 30 3 1884
1 25 55 47 63 46 1 1885
1 25 62 39 58 40 1 1886
1 25 53 50 51 54 1 1887
0 99 60 50 64 45 6 1888
0 136 60 43 57 41 6 1889
0 62 60 48 58 46 3 1890
1 42 49 53 55 59 1 1891
1 99 58 40 48 56 2 1892
1 25 51 55 61 41 1 1893
1 127 59 40 56 46 1 1894
0 136 56 47 60 48 3 1895
0 38 63 38 59 42 4 1896
1 18 59 54 46 58 1 1897
0 62 52 51 54 57 3 1898
1 4 57 42 62 40 1 1899
1 136 59 34 52 38 2 1900
0 62 56 54 60 43 3 1901
1 136 61 38 1 17 2 1902
0 101 57 44 58 41 3 1903
0 25 64 38 63 41 3 1904
0 62 63 40 55 59 5 1905
0 25 53 52 54 58 3 1906
0 131 48 40 50 38 4 1907
1 94 50 54 60 46 2 1908
1 136 54 62 49 54 1 1909
1 119 51 36 57 32 3 1910
0 99 58 42 50 37 5 1911
1 62 53 54 56 57 1 1912
0 99 62 51 65 42 3 1913
1 56 62 50 57 46 1 1914
0 23 57 56 53 60 4 1915
1 136 54 46 54 61 5 1916
0 32 48 35 51 38 4 1917
1 100 51 54 51 59 1 1918
0 136 55 49 60 47 3 1919
1 62 62 41 65 34 1 1920
1 99 57 54 51 50 2 1921
0 25 41 54 40 52 3 1922
1 99 56 49 65 44 3 1923
0 32 59 29 58 47 3 1924
1 25 57 49 58 47 5 1925
0 136 48 56 49 54 3 1926
0 46 54 48 49 45 3 1927
0 53 45 61 57 50 3 1928
0 27 50 54 29 45 3 1929
0 99 52 50 61 42 3 1930
1 25 50 52 48 56 4 1931
1 99 56 47 45 48 6 1932
1 82 60 41 54 49 1 1933
0 62 58 39 56 45 3 1934
1 14 53 55 53 56 1 1935
1 20 58 47 60 40 1 1936
1 142 54 49 59 44 1 1937
1 64 49 55 49 53 1 1938
1 24 62 51 58 52 1 1939
0 117 61 22 45 35 3 1940
1 14 57 47 49 53 1 1941
0 62 56 46 48 57 5 1942
1 102 51 51 53 49 1 1943
1 136 49 56 46 35 1 1944
1 4 64 38 67 38 1 1945
1 80 31 47 41 51 1 1946
1 56 52 38 49 54 2 1947
0 136 55 60 48 54 3 1948
0 67 48 56 65 34 4 1949
1 63 56 37 59 40 2 1950
0 102 54 30 60 49 3 1951
1 34 59 52 60 42 1 1952
0 136 62 39 63 43 3 1953
0 72 58 40 56 52 3 1954
1 113 57 48 56 58 1 1955
1 99 55 27 43 38 1 1956
1 136 49 56 63 41 1 1957
0 123 51 53 52 51 3 1958
1 25 59 55 59 47 1 1959
0 62 58 41 59 45 3 1960
0 62 61 22 60 28 3 1961
1 104 49 29 52 38 1 1962
1 91 53 51 48 54 2 1963
1 62 54 60 37 53 1 1964
0 123 52 51 32 45 3 1965
1 62 55 48 59 48 5 1966
1 25 54 51 57 44 1 1967
0 136 0 17 47 70 5 1968
0 137 52 50 50 54 3 1969
0 25 47 64 64 47 5 1970
1 60 58 47 56 49 1 1971
1 103 62 51 52 50 2 1972
0 24 59 42 56 49 3 1973
0 136 57 46 47 52 3 1974
0 62 49 56 55 47 4 1975
1 88 49 24 63 16 1 1976
1 143 55 48 53 26 1 1977
1 99 61 51 60 51 2 1978
0 99 49 35 42 34 3 1979
1 99 62 42 59 47 1 1980
0 9 59 44 42 32 3 1981
1 62 47 60 48 58 1 1982
1 99 57 55 60 42 1 1983
0 136 57 54 49 55 3 1984
0 98 46 58 51 62 3 1985
1 25 53 53 54 48 4 1986
0 25 48 57 30 48 5 1987
0 13 58 43 56 48 3 1988
1 136 53 61 56 44 1 1989
0 85 66 34 64 45 3 1990
0 11 58 48 61 40 3 1991
1 143 37 29 44 32 1 1992
0 136 48 55 47 56 3 1993
1 87 58 41 48 55 2 1994
0 24 60 48 62 42 3 1995
0 129 55 42 49 68 3 1996
0 25 58 42 55 57 5 1997
0 62 55 51 62 43 3 1998
1 99 50 51 49 57 1 1999
