1 121 56 45 54 52 1 0
0 94 35 55 35 52 3 1
0 44 62 31 64 32 3 2
1 67 22 45 16 40 2 3
1 98 56 37 50 35 2 4
0 45 58 38 54 53 3 5
0 1 70 6 82 4 3 6
0 93 6 21 5 26 3 7
1 101 42 57 45 45 6 8
0 118 5 27 6 20 3 9
1 40 5 69 5 74 2 10
1 139 30 49 32 48 3 11
0 11 56 44 46 54 3 12
0 24 54 81 58 80 3 13
1 56 49 43 52 40 5 14
0 6 88 93 78 91 3 15
0 140 72 70 71 68 3 16
1 67 1 95 2 98 1 17
1 48 39 14 37 15 1 18
0 64 34 45 33 47 3 19
1 112 36 13 42 13 1 20
0 88 60 38 61 31 3 21
1 87 30 63 28 58 1 22
0 23 60 30 63 49 3 23
0 108 32 36 30 25 3 24
0 56 55 48 58 45 3 25
1 109 64 43 55 39 3 26
1 101 52 56 53 54 1 27
0 67 46 3 43 4 3 28
1 63 66 73 51 75 1 29
0 97 61 37 63 61 3 30
1 78 54 80 49 81 1 31
1 26 49 51 49 64 2 32
0 29 46 36 45 38 3 33
0 132 61 43 63 38 3 34
0 32 30 61 27 61 3 35
1 52 58 41 49 48 3 36
0 9 46 3 36 4 3 37
0 15 63 44 58 46 3 38
0 98 61 41 60 32 3 39
1 92 61 72 35 78 1 40
0 96 57 41 95 29 3 41
0 14 5 69 5 72 3 42
0 27 55 18 51 21 5 43
1 103 45 62 57 43 1 44
1 101 67 35 66 37 1 45
1 28 55 52 51 62 1 46
1 0 98 25 98 20 5 47
1 110 55 31 60 26 2 48
0 22 86 94 88 93 3 49
1 2 46 55 46 59 1 50
0 132 56 71 49 78 3 51
0 51 48 38 54 32 3 52
0 32 56 52 51 48 3 53
1 24 56 39 61 35 1 54
1 112 38 12 35 13 3 55
0 0 72 37 72 12 5 56
0 108 30 62 29 65 3 57
0 65 30 55 31 52 3 58
0 32 62 41 52 36 3 59
1 23 66 44 63 46 1 60
0 41 40 11 37 13 3 61
0 32 60 42 57 58 6 62
0 52 42 33 45 31 3 63
1 104 47 59 35 59 1 64
1 72 30 51 28 50 2 65
1 56 46 58 47 64 1 66
1 107 43 41 43 34 2 67
1 68 86 4 80 2 2 68
1 13 65 40 63 42 2 69
1 38 59 31 60 28 1 70
0 52 43 35 43 38 3 71
0 2 87 94 85 96 3 72
0 42 57 58 56 62 3 73
1 114 49 2 14 0 4 74
0 96 36 13 40 13 3 75
0 70 51 54 48 58 3 76
0 46 57 50 52 58 3 77
1 128 55 24 51 26 1 78
1 0 55 56 50 64 3 79
1 75 47 39 66 28 1 80
1 51 30 54 30 49 4 81
0 143 53 48 54 43 4 82
1 139 70 42 70 38 1 83
1 51 30 50 31 47 1 84
1 89 57 29 59 28 1 85
0 78 91 31 90 36 3 86
0 117 51 30 45 16 3 87
0 76 28 48 30 45 3 88
1 96 51 56 56 47 1 89
1 40 55 40 58 37 2 90
1 18 52 64 56 53 2 91
1 139 6 33 5 26 2 92
1 23 6 31 4 35 1 93
1 104 61 32 57 39 1 94
0 87 16 50 22 66 3 95
0 72 54 58 52 61 3 96
0 13 51 80 54 80 6 97
1 79 58 38 61 35 1 98
1 135 48 65 25 51 3 99
1 64 30 48 30 51 2 100
1 142 50 44 50 50 2 101
1 103 55 49 43 46 2 102
1 18 53 28 49 36 2 103
1 30 56 41 56 26 1 104
1 118 51 62 42 67 1 105
1 17 40 4 31 4 1 106
0 36 55 1 65 0 3 107
1 88 32 42 56 29 1 108
0 95 58 71 69 61 6 109
0 24 43 3 40 3 3 110
1 15 87 5 83 4 1 111
0 80 32 46 29 48 3 112
1 93 6 55 6 48 1 113
0 143 29 46 33 40 3 114
1 66 6 32 5 34 2 115
1 46 47 39 48 36 1 116
1 111 39 58 42 59 5 117
0 18 58 24 60 27 3 118
0 116 66 93 59 92 5 119
0 3 69 32 49 36 3 120
0 112 28 49 31 45 3 121
1 71 53 45 60 34 1 122
1 93 60 33 58 37 3 123
0 90 54 70 52 72 3 124
0 84 54 45 55 41 3 125
1 46 60 48 61 52 1 126
1 83 59 38 46 36 1 127
0 2 98 19 98 24 3 128
0 83 55 26 57 27 6 129
1 87 69 37 70 35 1 130
0 143 98 16 98 24 3 131
1 114 49 81 44 81 1 132
0 84 7 39 6 28 3 133
0 128 52 33 54 31 3 134
0 132 49 39 48 49 3 135
1 5 49 28 47 31 2 136
1 62 57 2 60 2 1 137
1 78 67 36 66 38 1 138
1 123 47 22 34 23 2 139
1 79 54 46 56 41 1 140
0 113 58 27 55 29 3 141
1 102 49 20 46 20 1 142
0 115 45 4 39 5 3 143
1 121 69 70 51 74 1 144
0 5 57 78 62 68 3 145
0 112 57 48 52 69 3 146
0 88 17 15 18 23 3 147
1 143 54 45 55 42 4 148
0 111 54 50 50 53 3 149
0 139 5 37 5 40 3 150
1 108 59 73 50 78 1 151
1 96 43 19 68 16 1 152
1 102 49 19 46 20 1 153
0 101 71 6 78 7 3 154
0 55 42 48 48 48 3 155
0 143 52 30 46 31 3 156
0 103 46 31 52 27 3 157
1 23 56 26 50 45 1 158
1 80 28 40 31 42 1 159
1 35 45 60 41 86 1 160
1 23 56 32 55 30 1 161
0 58 7 47 6 50 3 162
0 52 54 1 48 2 3 163
0 23 61 37 47 59 3 164
0 69 64 16 60 18 3 165
0 78 50 50 47 70 3 166
1 65 53 51 54 43 1 167
1 32 54 26 50 27 1 168
0 0 98 26 98 29 3 169
1 11 46 53 70 34 1 170
0 79 41 37 24 39 3 171
1 130 50 62 56 52 5 172
1 31 59 26 61 23 1 173
0 21 5 67 5 71 3 174
0 58 66 39 68 40 3 175
0 82 55 31 55 43 5 176
0 26 51 53 49 55 6 177
0 90 44 30 43 39 3 178
1 139 60 1 55 2 1 179
1 137 52 40 60 25 1 180
0 90 59 22 58 24 3 181
0 85 67 93 65 91 3 182
0 45 51 49 55 52 3 183
1 3 53 54 52 51 3 184
0 143 72 72 68 78 3 185
1 26 53 52 49 58 2 186
0 27 51 32 48 35 3 187
1 13 54 44 44 45 6 188
0 97 50 33 53 27 3 189
0 121 6 33 6 29 3 190
1 109 65 36 65 46 4 191
1 109 43 42 40 42 1 192
1 64 59 26 57 29 1 193
0 116 63 20 53 43 3 194
0 32 56 49 53 43 3 195
1 99 42 32 43 29 1 196
1 48 55 42 59 33 1 197
1 22 29 66 29 63 3 198
0 7 52 2 50 1 3 199
1 128 55 25 53 28 1 200
0 121 45 35 60 34 3 201
1 89 56 80 63 80 2 202
1 100 48 41 50 43 1 203
0 116 28 25 43 45 3 204
1 100 51 72 58 56 2 205
1 90 46 55 45 51 3 206
1 124 36 13 39 13 1 207
0 140 2 97 1 95 3 208
0 133 54 31 55 23 3 209
0 142 60 38 63 28 3 210
1 71 88 94 87 91 1 211
0 102 43 57 47 50 3 212
1 65 52 44 50 49 1 213
1 92 45 4 35 4 1 214
1 80 30 50 27 49 1 215
1 94 30 57 26 75 1 216
1 27 6 50 5 71 1 217
0 56 56 44 58 39 3 218
0 94 56 33 69 21 3 219
1 88 67 93 66 89 3 220
0 1 49 16 51 20 3 221
0 9 56 80 53 80 3 222
0 36 54 44 46 38 3 223
1 26 54 43 53 48 1 224
0 36 31 57 32 52 5 225
0 30 55 49 61 33 3 226
0 75 52 33 28 25 3 227
1 7 66 39 69 40 1 228
0 128 53 23 59 26 3 229
1 125 52 45 49 51 1 230
1 14 62 18 60 19 1 231
1 87 47 70 51 60 1 232
0 132 73 37 69 42 3 233
1 124 60 2 65 1 2 234
1 108 60 2 58 1 2 235
0 28 69 36 59 30 5 236
0 11 50 64 53 53 3 237
0 60 98 22 98 17 3 238
0 38 54 47 47 42 3 239
0 12 55 47 59 41 3 240
1 143 31 49 29 53 1 241
0 60 55 53 57 48 3 242
1 122 89 92 87 91 6 243
0 60 63 49 63 46 3 244
1 81 42 2 49 2 1 245
1 112 90 37 91 39 1 246
0 89 83 4 81 5 3 247
1 65 28 59 28 48 1 248
1 143 67 93 62 94 1 249
0 88 67 42 63 50 3 250
0 38 57 34 45 46 3 251
1 131 58 75 51 77 1 252
0 80 52 40 56 38 3 253
0 130 57 49 48 70 3 254
0 0 55 80 51 80 3 255
0 133 6 43 6 49 3 256
1 38 57 30 54 34 1 257
1 51 59 26 55 30 1 258
1 57 5 54 4 45 1 259
1 78 51 46 61 35 5 260
0 123 31 52 32 43 3 261
0 79 57 17 61 18 3 262
0 129 98 21 98 24 3 263
1 44 50 29 54 34 1 264
0 5 54 75 58 75 3 265
0 86 98 18 98 22 4 266
1 13 62 20 63 33 1 267
1 70 65 76 68 77 5 268
1 18 92 28 91 31 6 269
0 49 57 66 55 68 3 270
0 143 46 45 41 60 6 271
1 113 6 53 6 50 1 272
0 114 53 20 59 29 3 273
1 141 61 45 63 40 1 274
1 12 68 42 68 39 5 275
0 19 51 19 44 22 3 276
1 52 40 45 39 48 1 277
1 68 41 13 39 14 1 278
1 39 49 56 48 53 2 279
1 48 60 36 57 35 5 280
0 48 59 40 49 60 4 281
0 83 62 1 59 1 3 282
1 39 59 42 55 42 2 283
1 116 57 55 46 56 1 284
1 142 68 72 69 67 1 285
0 121 37 45 42 35 5 286
1 141 57 60 58 58 1 287
1 29 67 93 65 95 1 288
1 129 91 37 91 30 1 289
1 1 57 38 52 40 1 290
1 36 32 52 30 63 1 291
1 88 66 44 65 20 2 292
0 121 53 46 47 64 3 293
1 18 91 26 91 32 4 294
1 44 64 41 68 33 1 295
1 4 40 30 24 23 1 296
0 9 49 44 52 46 3 297
1 79 30 55 30 52 5 298
1 52 91 33 90 39 1 299
1 108 90 24 91 31 5 300
0 120 53 38 55 35 3 301
1 15 46 2 28 2 2 302
0 120 49 51 48 54 3 303
1 77 49 41 48 56 1 304
1 98 68 42 71 41 1 305
1 75 59 34 58 38 1 306
0 16 53 50 50 52 3 307
1 79 56 18 65 16 1 308
0 24 48 53 50 51 3 309
1 71 30 48 33 50 4 310
0 132 61 42 63 26 4 311
1 27 70 70 65 76 1 312
1 132 61 28 56 39 1 313
1 95 67 41 67 38 2 314
0 81 30 52 31 38 3 315
1 97 57 43 58 38 3 316
0 8 46 51 48 52 3 317
0 76 65 75 68 73 5 318
1 48 57 72 58 75 1 319
0 109 60 49 57 38 3 320
1 71 88 3 81 2 5 321
0 13 69 40 71 38 5 322
1 8 56 28 59 29 1 323
0 133 53 51 50 52 3 324
1 94 86 5 87 3 1 325
1 120 51 33 54 34 3 326
1 57 49 3 45 4 1 327
1 81 66 93 66 90 1 328
0 15 54 2 50 2 3 329
0 27 40 10 44 8 3 330
1 46 59 42 57 46 1 331
1 111 6 37 6 26 1 332
1 39 48 53 52 55 1 333
0 73 60 38 58 37 6 334
0 95 45 33 37 40 3 335
1 138 48 29 51 28 1 336
0 2 12 0 48 2 3 337
1 118 53 41 44 49 2 338
0 132 47 2 53 1 3 339
0 79 32 2 35 2 3 340
1 132 6 67 5 72 3 341
1 38 60 30 52 24 3 342
0 64 57 18 60 30 3 343
0 7 62 37 43 32 5 344
0 137 32 52 31 46 3 345
1 130 61 42 58 38 1 346
0 25 31 57 31 51 3 347
0 3 64 29 61 40 3 348
0 55 69 35 67 39 3 349
1 108 54 42 16 21 1 350
0 90 60 36 58 39 3 351
0 67 47 29 50 32 3 352
0 60 54 40 61 30 3 353
1 68 67 40 65 48 6 354
1 103 59 24 62 25 6 355
1 83 47 56 54 51 2 356
0 6 53 42 52 49 3 357
1 118 60 18 64 17 3 358
0 78 78 6 81 5 3 359
1 16 32 45 31 51 1 360
1 124 59 44 40 51 1 361
1 73 58 46 59 36 5 362
0 115 61 34 57 38 5 363
1 37 62 47 70 41 1 364
1 18 48 42 49 18 1 365
0 97 67 73 68 77 3 366
0 12 62 79 69 69 5 367
0 111 6 28 6 37 3 368
0 40 45 59 47 50 3 369
0 143 37 13 44 12 5 370
1 78 49 48 56 40 5 371
1 79 45 4 27 3 3 372
0 46 49 18 45 21 3 373
0 21 55 51 52 50 3 374
0 72 52 58 49 57 3 375
0 33 66 93 61 94 3 376
1 19 47 19 49 20 1 377
1 0 50 28 52 27 1 378
1 65 60 38 57 3 1 379
0 35 40 13 36 14 3 380
0 39 72 41 70 35 3 381
1 7 6 49 6 27 5 382
0 74 6 33 6 26 6 383
1 24 64 40 62 48 2 384
0 107 61 33 33 43 3 385
0 112 41 12 44 10 5 386
0 52 91 30 92 32 3 387
0 122 6 65 5 69 3 388
1 61 41 2 53 1 1 389
0 40 56 16 50 19 5 390
1 4 78 6 81 5 1 391
1 10 64 45 65 17 1 392
1 128 55 37 56 35 1 393
1 52 44 30 44 35 1 394
0 110 51 43 49 47 3 395
0 8 54 37 54 32 3 396
0 133 49 19 45 21 3 397
1 112 28 49 30 48 4 398
1 42 59 17 62 18 1 399
0 128 59 25 57 35 3 400
1 41 50 55 46 73 2 401
1 33 48 20 45 20 1 402
1 128 37 15 38 13 6 403
0 26 69 45 73 37 3 404
0 20 53 41 54 44 3 405
1 4 80 6 83 4 6 406
0 124 91 21 91 28 3 407
0 25 61 30 58 27 4 408
0 74 59 32 64 36 3 409
0 81 54 32 48 52 3 410
0 56 54 39 53 15 3 411
0 80 30 44 25 52 5 412
0 18 62 37 59 45 3 413
1 33 92 24 90 22 1 414
0 30 87 4 85 6 3 415
0 15 54 41 48 67 3 416
0 24 47 68 48 61 3 417
1 1 36 13 41 12 1 418
1 38 41 37 39 39 2 419
1 126 45 90 47 88 3 420
0 72 48 55 52 46 3 421
1 9 6 43 5 37 2 422
1 60 87 5 84 4 1 423
0 116 44 21 50 18 3 424
1 137 65 42 69 40 2 425
0 80 41 13 38 13 6 426
0 141 55 31 43 24 3 427
1 31 58 1 62 1 2 428
0 139 6 31 6 34 3 429
0 74 56 75 60 72 3 430
0 136 3 96 1 95 3 431
0 47 69 72 67 73 3 432
0 92 73 38 78 35 4 433
0 83 58 30 60 28 3 434
1 111 6 34 6 37 2 435
1 51 52 18 49 18 1 436
0 67 56 18 50 22 3 437
1 88 57 43 58 39 1 438
1 76 57 41 52 53 3 439
0 52 68 35 67 38 3 440
1 23 66 39 67 43 1 441
1 74 39 14 34 16 2 442
1 96 42 13 38 14 3 443
0 126 7 46 6 31 3 444
0 122 85 92 89 92 3 445
0 32 60 52 58 58 3 446
1 134 69 6 81 3 6 447
0 115 49 79 53 79 3 448
0 96 55 41 31 42 3 449
1 44 60 41 59 31 2 450
0 33 91 37 92 26 3 451
0 130 56 49 50 53 5 452
0 73 68 72 40 58 3 453
0 25 61 22 60 25 6 454
1 46 54 33 55 30 1 455
0 23 65 45 69 38 3 456
1 5 5 37 6 35 2 457
0 134 70 6 76 8 3 458
1 38 51 45 53 48 1 459
1 40 53 40 56 38 4 460
1 124 67 36 65 19 1 461
1 32 55 80 53 81 2 462
1 39 59 34 61 35 2 463
1 53 47 59 48 57 1 464
1 62 59 73 46 83 2 465
0 94 50 48 53 51 3 466
1 84 60 42 62 41 1 467
1 54 53 39 57 37 1 468
0 60 36 13 28 12 3 469
0 143 40 12 43 11 3 470
1 13 68 44 69 42 2 471
1 10 41 36 43 37 1 472
0 95 55 52 60 46 3 473
0 13 60 36 59 38 3 474
1 77 52 57 52 46 1 475
0 74 61 43 58 46 3 476
1 97 33 4 18 4 1 477
1 132 59 34 56 48 2 478
1 124 48 50 47 42 1 479
0 104 50 48 54 43 3 480
0 24 53 42 50 31 3 481
1 57 51 45 45 44 5 482
0 86 45 3 50 3 3 483
0 56 58 34 58 39 6 484
1 90 49 2 40 1 2 485
0 3 6 64 5 68 3 486
0 0 57 1 62 1 3 487
0 85 70 37 57 53 3 488
1 20 48 38 52 44 1 489
0 46 61 32 56 19 3 490
1 12 67 78 67 73 1 491
1 101 34 40 32 48 2 492
0 31 66 1 60 2 3 493
0 65 58 43 28 71 3 494
1 59 57 43 55 61 1 495
1 46 56 55 54 57 6 496
0 140 55 67 60 52 3 497
1 54 55 60 60 41 1 498
0 67 55 43 52 44 3 499
0 78 54 80 51 80 3 500
1 143 50 43 49 45 1 501
0 69 72 71 69 69 3 502
0 56 47 71 51 60 3 503
1 65 43 73 27 81 4 504
1 112 60 28 57 26 1 505
0 94 5 70 6 66 3 506
0 137 86 3 82 3 3 507
1 43 60 45 62 47 1 508
0 94 81 6 83 4 3 509
1 44 32 48 31 45 1 510
1 120 55 36 56 41 1 511
0 108 65 26 61 35 3 512
0 100 30 45 30 58 3 513
1 143 67 47 49 45 1 514
1 69 88 93 86 91 1 515
1 8 39 39 41 32 2 516
1 13 36 17 64 44 1 517
1 7 29 64 26 72 1 518
0 21 30 77 45 76 4 519
1 115 6 34 5 25 1 520
1 130 54 70 53 73 2 521
1 37 5 35 7 40 1 522
1 35 52 80 44 80 1 523
1 36 53 45 58 34 3 524
0 128 55 22 47 22 5 525
0 32 53 62 45 59 3 526
0 120 52 50 62 30 3 527
0 12 60 32 60 29 3 528
1 116 98 22 98 18 3 529
1 23 74 66 71 72 1 530
1 89 54 80 52 81 2 531
1 128 44 12 42 11 2 532
1 128 53 45 45 69 1 533
0 123 49 1 46 2 4 534
0 8 91 34 89 31 4 535
1 22 69 38 69 35 2 536
0 5 53 61 51 60 3 537
1 76 47 67 37 51 1 538
0 132 69 42 69 38 3 539
1 142 5 75 5 82 1 540
1 86 53 40 53 45 1 541
1 108 91 39 92 30 6 542
0 135 44 37 43 31 3 543
1 24 69 71 71 70 1 544
0 88 33 46 30 43 3 545
0 134 70 40 67 44 3 546
1 127 62 35 58 32 2 547
0 0 65 41 67 39 3 548
1 28 70 35 57 69 1 549
1 34 70 34 65 43 1 550
0 97 49 29 47 30 3 551
0 9 49 19 48 16 3 552
0 58 56 22 59 25 3 553
1 89 38 32 42 32 2 554
0 81 5 67 5 70 3 555
1 118 6 58 6 55 2 556
1 36 31 50 32 52 1 557
1 96 46 57 55 57 2 558
1 14 88 91 85 92 1 559
0 56 68 33 68 39 3 560
1 30 64 1 60 1 1 561
0 63 55 67 53 73 3 562
0 53 67 38 50 46 3 563
1 28 52 78 58 75 1 564
1 120 58 33 58 38 2 565
1 38 64 75 67 72 5 566
0 46 98 20 98 16 3 567
0 120 61 18 51 19 3 568
0 37 5 38 5 56 5 569
0 79 52 27 55 27 3 570
0 32 61 37 62 29 3 571
1 10 62 34 60 30 1 572
0 32 32 45 26 35 5 573
0 85 68 35 68 39 3 574
0 140 63 29 56 20 3 575
0 104 28 59 29 61 3 576
1 45 54 1 52 2 1 577
0 113 51 33 57 25 3 578
1 17 54 42 52 53 1 579
1 0 60 33 51 39 3 580
0 118 39 3 47 4 3 581
1 24 50 41 55 43 2 582
0 21 38 48 45 54 3 583
1 106 71 6 80 3 1 584
0 7 61 29 53 40 3 585
0 96 44 11 40 12 3 586
1 17 59 38 58 41 1 587
0 38 65 75 69 73 3 588
1 35 45 19 51 20 1 589
1 127 31 46 30 44 1 590
1 44 38 14 32 16 3 591
0 86 69 33 64 17 3 592
0 132 6 40 5 37 3 593
0 6 89 92 85 93 3 594
0 128 42 3 47 2 3 595
1 1 46 61 47 57 1 596
0 94 47 57 44 66 3 597
1 51 29 62 28 55 5 598
1 14 62 37 43 39 1 599
1 66 61 18 59 17 1 600
0 42 6 49 6 43 3 601
1 143 37 41 42 31 1 602
0 78 69 6 78 6 3 603
1 27 98 17 98 14 1 604
1 139 80 5 70 6 1 605
0 27 5 65 4 68 3 606
1 82 71 71 68 72 1 607
1 128 52 39 50 36 1 608
1 50 52 36 61 28 1 609
1 66 64 31 68 48 1 610
1 132 64 27 61 28 1 611
1 53 62 17 53 19 5 612
0 97 59 72 56 76 3 613
0 86 50 78 54 74 3 614
0 17 5 37 6 30 3 615
0 6 67 48 61 60 3 616
1 72 54 53 53 57 5 617
1 121 57 38 54 41 1 618
0 85 88 93 87 91 3 619
0 0 68 37 68 41 3 620
1 96 30 52 31 48 4 621
1 138 72 72 68 60 2 622
1 107 46 45 47 50 1 623
1 91 50 51 38 45 1 624
0 65 30 49 31 51 4 625
1 109 49 2 43 2 1 626
1 53 55 19 57 17 1 627
1 126 46 46 21 19 1 628
1 53 57 18 59 17 1 629
1 68 56 47 11 22 1 630
1 94 53 27 49 32 1 631
0 83 6 35 4 38 3 632
0 83 50 24 45 21 3 633
1 128 55 26 50 27 1 634
1 22 30 52 30 58 1 635
0 26 48 57 54 46 3 636
1 139 53 28 51 31 1 637
0 38 39 39 45 29 4 638
1 23 67 40 40 29 2 639
1 126 49 32 57 39 1 640
1 45 52 41 53 44 3 641
1 17 53 17 54 15 1 642
1 10 42 39 40 45 2 643
0 66 87 3 85 4 3 644
1 102 66 76 71 69 1 645
0 28 52 48 49 52 3 646
0 15 52 19 49 20 4 647
1 64 50 48 54 44 1 648
0 43 98 21 98 13 3 649
0 68 66 43 63 45 3 650
0 114 46 3 27 5 3 651
1 76 47 40 47 49 1 652
0 134 68 73 66 76 3 653
1 92 62 2 77 6 1 654
1 91 66 41 73 30 2 655
0 89 52 81 41 81 3 656
0 41 77 6 81 6 3 657
0 66 66 43 72 41 3 658
0 34 91 6 90 8 3 659
1 79 30 45 32 51 1 660
0 120 70 6 80 6 3 661
0 61 98 25 98 16 3 662
0 73 59 14 61 15 3 663
0 96 34 43 26 50 3 664
1 134 45 82 53 69 1 665
0 128 53 29 48 31 3 666
0 110 45 49 47 50 3 667
1 111 98 21 98 13 1 668
0 79 28 68 24 76 3 669
1 1 59 18 55 10 5 670
0 59 52 59 53 62 3 671
0 105 63 17 58 19 3 672
1 110 63 46 69 40 2 673
0 46 58 2 61 2 3 674
0 12 59 54 53 63 3 675
1 51 32 53 33 45 1 676
1 86 88 93 86 92 1 677
1 97 49 31 46 40 6 678
1 136 6 54 6 49 2 679
0 98 58 58 60 49 3 680
0 45 52 49 54 46 3 681
1 141 5 36 4 29 2 682
1 121 66 48 67 38 1 683
0 114 62 54 66 49 3 684
1 14 55 51 58 39 1 685
0 105 57 2 44 1 3 686
1 13 50 46 61 36 1 687
1 26 54 45 49 54 1 688
1 77 59 26 55 31 1 689
1 83 58 28 53 31 1 690
1 108 6 46 6 50 1 691
0 99 50 48 55 38 3 692
0 48 48 41 22 17 4 693
0 79 31 51 21 57 3 694
0 113 55 35 53 39 3 695
0 107 59 36 52 42 3 696
1 20 57 25 55 30 1 697
0 8 53 39 55 27 3 698
0 60 48 78 52 78 3 699
1 135 54 57 55 55 1 700
1 139 52 42 49 50 5 701
1 96 68 41 64 50 1 702
1 62 53 75 57 75 2 703
1 97 48 74 54 76 1 704
1 89 55 80 56 78 2 705
1 32 55 44 52 43 1 706
0 66 57 28 62 23 3 707
1 34 58 33 60 27 1 708
1 102 5 37 5 40 1 709
0 58 47 36 55 19 3 710
1 51 54 81 56 79 1 711
0 31 54 50 54 47 3 712
0 127 6 70 4 68 3 713
1 46 57 2 63 1 2 714
1 86 47 4 40 5 5 715
0 39 52 56 53 43 3 716
1 10 41 34 45 34 1 717
0 26 57 39 55 42 3 718
1 46 81 5 83 4 1 719
1 133 49 45 53 46 1 720
0 7 55 42 51 41 3 721
0 90 59 36 62 36 3 722
1 131 61 26 61 22 2 723
0 98 40 36 45 34 4 724
0 102 69 72 71 69 3 725
1 21 59 55 45 67 5 726
1 118 57 18 53 19 1 727
1 37 47 58 51 55 1 728
0 72 98 18 98 21 3 729
1 0 54 33 52 49 6 730
1 64 58 41 31 42 1 731
0 24 55 45 52 42 3 732
0 94 42 39 45 27 3 733
1 59 60 22 59 27 2 734
1 120 51 34 52 45 1 735
1 31 61 37 59 36 2 736
1 58 56 40 47 37 3 737
0 15 65 1 62 1 3 738
1 10 54 44 53 49 3 739
1 92 54 45 49 60 3 740
0 57 98 22 98 19 3 741
1 8 49 37 50 35 1 742
1 76 65 74 69 72 1 743
1 140 67 37 64 41 4 744
0 3 60 27 60 24 3 745
1 66 6 49 6 44 1 746
0 115 60 45 65 36 3 747
1 26 50 53 46 60 6 748
1 138 55 27 59 30 1 749
1 82 62 39 62 35 3 750
1 134 78 6 82 6 1 751
0 131 44 20 38 20 3 752
1 70 71 70 69 71 5 753
1 0 62 14 67 15 1 754
1 74 54 74 63 69 6 755
0 108 66 34 68 35 4 756
0 28 70 43 69 45 3 757
1 103 58 27 55 30 1 758
1 117 52 38 54 34 1 759
0 94 44 64 49 69 3 760
1 38 49 37 54 31 1 761
1 54 37 52 36 48 1 762
0 122 58 41 47 47 3 763
1 57 91 33 90 19 1 764
0 102 64 83 68 77 3 765
1 38 52 38 49 39 2 766
1 28 27 58 33 50 1 767
0 124 70 72 52 75 3 768
0 110 31 52 32 54 3 769
0 143 98 19 98 24 3 770
1 117 55 42 57 44 2 771
0 140 5 68 6 65 3 772
0 65 72 71 69 69 3 773
1 29 61 30 57 35 1 774
0 116 49 42 48 38 3 775
1 80 60 19 48 10 2 776
1 82 52 49 48 53 1 777
1 48 58 29 59 23 2 778
1 130 61 37 60 43 1 779
0 32 59 41 60 36 5 780
1 107 55 53 57 36 2 781
0 30 52 45 49 45 3 782
0 5 51 20 49 19 3 783
1 18 59 26 57 28 1 784
1 140 74 67 70 72 5 785
1 66 87 3 84 3 1 786
0 42 40 28 37 30 3 787
0 96 6 42 6 65 3 788
1 86 67 44 66 42 1 789
1 110 60 41 58 45 4 790
1 36 28 56 30 52 1 791
1 115 57 40 57 29 2 792
0 130 59 24 55 31 3 793
0 18 55 48 53 43 4 794
0 93 59 1 56 1 3 795
1 111 62 72 63 68 1 796
1 28 43 59 43 65 2 797
0 104 58 36 59 34 3 798
1 109 51 30 49 28 2 799
1 36 54 71 56 63 1 800
1 64 39 14 36 13 1 801
0 22 8 43 29 65 3 802
0 32 41 11 35 14 3 803
0 12 69 33 67 36 3 804
1 65 50 36 55 39 1 805
1 61 56 39 54 41 1 806
1 20 55 32 42 25 1 807
1 78 91 27 91 35 1 808
0 19 90 36 91 33 3 809
0 0 98 24 99 7 3 810
1 118 58 17 63 17 2 811
0 116 67 42 68 34 3 812
1 135 55 37 56 35 1 813
1 63 70 37 68 41 1 814
0 80 34 45 29 47 3 815
0 108 43 4 46 4 3 816
0 46 57 74 51 79 3 817
0 120 61 44 63 42 3 818
0 18 69 73 71 71 3 819
0 67 58 41 56 44 3 820
1 15 55 31 65 28 2 821
1 11 54 48 46 70 1 822
0 130 55 51 46 62 3 823
0 79 54 57 59 56 3 824
1 19 49 65 47 68 1 825
1 112 37 13 40 13 1 826
1 120 98 17 98 22 1 827
0 88 92 26 91 33 3 828
0 108 31 47 27 58 3 829
1 13 67 40 70 38 1 830
0 84 52 35 56 38 3 831
1 4 47 30 50 26 1 832
0 111 40 9 29 17 4 833
0 85 67 73 39 58 3 834
0 27 57 80 54 80 3 835
1 11 55 36 53 41 1 836
0 15 98 22 98 15 3 837
1 115 47 3 42 4 1 838
0 52 69 40 70 36 5 839
0 116 41 11 44 12 3 840
1 16 61 44 54 64 3 841
0 114 42 13 38 14 3 842
0 3 91 31 91 38 6 843
0 139 47 41 46 43 3 844
1 139 31 56 30 48 1 845
1 138 69 40 71 21 1 846
1 46 62 36 58 4 1 847
1 88 60 46 63 41 1 848
1 128 43 1 50 2 1 849
0 142 86 3 84 4 3 850
0 65 5 39 6 29 3 851
1 112 30 46 34 45 5 852
0 142 55 74 59 68 3 853
1 118 55 19 60 17 1 854
0 8 45 3 50 2 3 855
0 112 34 41 30 47 3 856
0 15 55 2 62 2 3 857
0 109 91 32 91 28 3 858
1 76 51 80 53 81 1 859
0 15 55 80 58 80 3 860
1 17 56 80 98 67 3 861
0 24 41 38 40 43 3 862
0 18 60 30 63 27 3 863
0 72 56 23 59 44 5 864
1 105 55 39 38 52 2 865
0 80 59 34 58 38 5 866
1 57 49 59 47 61 2 867
1 10 67 24 61 46 1 868
0 4 49 33 49 28 3 869
1 75 73 39 69 32 1 870
1 64 43 11 40 11 1 871
0 57 98 17 98 23 3 872
0 28 60 41 42 39 3 873
0 28 52 45 56 37 3 874
1 62 53 75 56 74 1 875
0 103 52 78 56 75 3 876
0 111 49 55 57 35 3 877
1 74 32 47 30 51 1 878
1 5 71 71 68 74 1 879
0 120 31 46 30 59 3 880
0 143 55 30 56 26 3 881
0 17 32 41 32 46 3 882
1 85 32 42 33 44 2 883
0 121 31 42 49 42 3 884
1 61 60 31 62 35 2 885
1 131 57 18 52 19 2 886
1 112 56 40 31 42 1 887
0 32 41 11 37 9 6 888
0 61 52 80 49 80 3 889
1 124 6 51 6 47 1 890
0 70 69 68 71 72 3 891
1 79 27 64 29 62 1 892
0 19 42 60 44 54 3 893
1 93 59 2 62 2 1 894
0 129 88 93 86 95 3 895
1 104 70 35 69 45 6 896
0 34 52 55 54 41 3 897
0 9 53 46 45 74 3 898
0 92 51 80 38 80 3 899
0 38 60 30 56 30 3 900
0 101 54 56 51 52 3 901
1 44 72 66 68 72 5 902
0 66 52 27 52 17 3 903
0 56 61 44 62 49 3 904
1 139 26 2 44 2 1 905
1 99 91 27 93 28 1 906
1 108 30 44 33 45 1 907
0 3 45 2 48 2 5 908
0 17 61 50 52 71 3 909
1 92 98 24 98 16 1 910
1 17 60 38 57 35 1 911
1 48 40 11 36 15 3 912
1 98 57 30 56 26 1 913
1 3 91 41 92 31 1 914
0 72 68 33 67 41 3 915
1 108 67 36 66 33 1 916
1 28 62 29 62 23 1 917
1 82 68 70 70 72 2 918
0 12 69 73 51 75 3 919
0 125 65 94 67 93 4 920
0 33 92 29 92 34 3 921
0 115 42 3 47 2 4 922
0 112 90 38 91 35 3 923
0 103 58 28 59 30 3 924
0 30 44 52 42 59 3 925
1 42 39 37 44 36 2 926
1 78 91 35 90 37 1 927
1 64 43 4 24 3 1 928
0 134 33 47 31 48 3 929
1 34 55 41 58 39 1 930
1 43 98 16 98 21 1 931
0 120 50 46 59 45 3 932
0 26 43 12 36 14 3 933
1 116 59 90 65 94 1 934
0 7 4 48 5 53 3 935
0 16 57 37 51 44 3 936
0 61 61 30 62 35 3 937
1 83 51 33 56 26 1 938
1 9 56 39 53 46 1 939
0 42 52 56 54 53 3 940
1 143 55 54 52 59 2 941
1 104 50 42 55 41 1 942
1 104 49 36 56 39 1 943
0 116 55 64 54 55 3 944
0 114 6 58 6 64 3 945
0 86 47 4 41 4 3 946
1 28 61 38 57 37 1 947
1 55 62 31 60 34 1 948
0 117 58 38 60 35 3 949
0 67 55 80 52 80 3 950
0 91 62 29 64 32 3 951
0 60 69 76 70 72 3 952
0 116 6 63 5 69 3 953
1 53 90 43 92 32 2 954
1 131 49 80 49 83 2 955
1 97 48 54 52 43 1 956
0 50 48 29 44 29 3 957
1 13 51 48 37 42 1 958
1 68 90 37 92 31 2 959
1 33 51 47 52 49 1 960
1 133 65 41 53 53 1 961
0 14 87 93 84 94 3 962
0 108 55 22 52 23 3 963
1 121 51 40 49 36 2 964
1 63 60 36 57 40 1 965
0 13 65 43 68 45 5 966
0 27 5 50 3 43 3 967
0 55 56 39 59 44 3 968
0 53 49 35 50 38 3 969
0 75 36 15 56 25 3 970
0 78 92 28 92 21 3 971
1 135 61 27 53 25 1 972
0 18 6 36 5 38 3 973
1 141 57 52 59 56 1 974
1 10 40 45 44 35 1 975
1 23 55 29 58 27 1 976
0 34 59 41 60 37 3 977
0 75 42 28 34 28 3 978
0 79 33 50 34 42 3 979
0 38 65 74 51 75 3 980
0 24 39 44 41 42 5 981
1 36 64 40 53 56 2 982
0 14 53 23 48 27 3 983
0 19 41 40 38 39 4 984
0 74 59 48 58 54 3 985
0 87 49 59 47 71 3 986
0 123 65 44 73 38 3 987
1 125 43 67 53 52 1 988
0 67 49 57 47 60 3 989
1 86 56 29 55 40 3 990
0 118 50 19 49 15 3 991
0 133 42 54 37 55 3 992
1 103 43 24 45 27 1 993
1 79 50 35 51 32 1 994
0 139 55 2 62 2 3 995
0 126 36 13 33 12 3 996
0 1 55 18 62 18 3 997
0 64 70 39 65 45 3 998
0 17 6 47 6 32 3 999
0 87 52 17 45 17 3 1000
0 56 61 41 65 40 5 1001
0 45 43 35 46 38 3 1002
1 25 62 25 51 28 3 1003
1 123 31 57 32 48 1 1004
0 123 52 49 55 31 3 1005
0 66 71 33 63 32 3 1006
0 32 81 6 82 4 3 1007
1 10 46 81 49 83 1 1008
0 40 6 64 3 64 3 1009
1 32 52 40 54 39 5 1010
0 54 53 30 49 32 3 1011
0 26 57 44 53 43 5 1012
1 108 67 44 70 41 2 1013
0 62 67 1 58 2 5 1014
0 108 5 66 5 69 3 1015
1 93 62 1 66 1 1 1016
1 115 37 51 47 35 6 1017
1 132 57 47 51 48 2 1018
0 27 59 32 59 27 3 1019
1 113 56 37 54 40 1 1020
0 127 69 40 98 27 3 1021
1 95 49 2 43 2 1 1022
0 90 59 26 98 27 3 1023
1 116 51 63 50 61 1 1024
0 89 50 64 46 60 3 1025
1 123 38 18 45 19 1 1026
0 108 53 52 54 54 3 1027
0 106 80 6 70 6 3 1028
1 10 65 94 66 91 1 1029
0 109 62 43 42 52 3 1030
1 120 61 46 60 48 5 1031
1 72 49 36 60 29 2 1032
0 81 36 13 41 11 3 1033
1 107 37 41 45 34 1 1034
0 68 54 76 61 73 3 1035
1 75 66 34 61 60 1 1036
1 104 52 36 61 42 1 1037
1 18 92 35 91 38 5 1038
0 35 54 26 47 31 5 1039
0 80 33 46 34 44 3 1040
1 39 46 2 42 3 1 1041
0 36 67 33 68 38 3 1042
0 53 30 51 31 48 3 1043
0 82 63 43 68 40 3 1044
0 117 53 45 52 42 3 1045
0 130 59 43 58 54 3 1046
0 51 47 55 47 49 3 1047
0 139 55 35 30 47 3 1048
1 14 51 60 59 52 1 1049
1 116 48 3 29 3 1 1050
0 82 54 80 50 81 3 1051
1 140 59 14 61 15 1 1052
0 137 61 40 57 37 3 1053
1 19 42 4 45 4 1 1054
1 61 73 31 70 28 2 1055
1 55 6 36 6 27 1 1056
1 80 60 75 56 77 1 1057
1 53 54 44 47 56 1 1058
0 131 43 23 50 20 3 1059
0 46 64 29 43 20 5 1060
0 56 54 40 57 35 3 1061
0 62 48 49 31 55 3 1062
0 13 69 35 75 33 3 1063
0 58 29 60 30 53 3 1064
1 33 55 54 57 45 1 1065
0 14 52 19 51 22 5 1066
1 79 28 58 27 61 1 1067
0 93 91 33 91 28 5 1068
1 11 13 23 7 58 2 1069
1 127 49 65 43 62 1 1070
1 32 33 41 28 41 1 1071
0 0 42 12 35 13 3 1072
0 62 54 46 47 67 3 1073
0 13 63 42 63 54 3 1074
0 57 6 40 2 45 3 1075
0 63 53 45 60 34 3 1076
1 25 35 11 39 12 1 1077
1 95 35 16 31 20 1 1078
0 101 58 37 53 43 3 1079
1 47 64 1 56 1 1 1080
1 132 50 31 52 35 1 1081
1 93 45 62 43 64 1 1082
1 130 58 46 36 48 1 1083
0 30 53 45 48 54 3 1084
0 83 53 34 54 32 3 1085
1 26 6 63 4 57 2 1086
0 98 58 54 57 50 3 1087
1 18 91 38 92 30 5 1088
1 15 57 2 59 1 3 1089
1 39 7 41 5 64 1 1090
1 143 57 20 57 17 1 1091
0 114 55 37 61 59 3 1092
1 108 58 2 55 2 2 1093
1 132 68 40 71 43 1 1094
0 83 31 42 29 47 3 1095
0 11 45 53 46 51 3 1096
1 95 60 51 59 53 4 1097
0 19 50 19 48 30 5 1098
1 55 53 40 52 42 1 1099
1 59 70 32 66 45 1 1100
0 112 32 45 31 43 3 1101
0 121 41 30 40 45 3 1102
1 103 60 25 62 27 1 1103
1 0 92 33 91 27 1 1104
0 97 27 24 52 32 3 1105
1 143 61 18 64 16 1 1106
0 53 49 51 52 52 4 1107
0 39 49 47 54 44 3 1108
0 53 5 44 6 40 3 1109
1 86 5 37 6 51 1 1110
0 108 30 61 28 56 3 1111
0 46 92 30 92 26 3 1112
1 58 59 44 53 42 6 1113
0 38 71 70 40 57 3 1114
1 25 68 42 35 16 4 1115
1 73 3 96 1 95 1 1116
0 32 46 2 49 2 3 1117
1 118 6 33 6 5 1 1118
0 23 46 4 41 4 5 1119
1 39 47 45 44 52 1 1120
1 141 59 55 64 45 6 1121
1 114 6 28 5 40 1 1122
0 63 64 43 61 40 3 1123
0 101 54 45 56 41 3 1124
1 38 40 44 42 35 5 1125
1 140 59 26 57 31 1 1126
1 102 31 45 33 44 1 1127
1 8 48 36 51 34 1 1128
1 36 30 52 29 55 1 1129
1 14 67 72 69 73 1 1130
1 107 45 63 48 48 1 1131
1 73 58 36 56 39 1 1132
0 74 91 38 89 30 3 1133
0 89 59 35 59 21 3 1134
0 52 41 38 45 30 3 1135
0 95 69 39 57 70 6 1136
0 107 40 37 42 33 5 1137
0 120 59 48 43 45 3 1138
0 16 87 4 86 2 3 1139
0 93 89 92 87 93 3 1140
0 53 31 50 30 47 3 1141
0 84 61 42 60 46 3 1142
0 20 47 31 49 34 3 1143
0 107 80 5 77 6 3 1144
0 123 46 37 50 31 3 1145
0 88 51 56 64 33 3 1146
1 56 5 64 5 71 1 1147
1 54 29 56 28 58 1 1148
0 64 59 30 60 24 3 1149
0 46 48 58 49 63 3 1150
1 80 57 39 52 42 1 1151
0 39 54 39 55 47 3 1152
0 42 98 13 98 16 3 1153
1 65 27 49 15 47 1 1154
0 52 73 36 69 37 3 1155
0 69 56 58 50 59 3 1156
1 125 65 40 65 43 1 1157
0 2 55 80 51 80 3 1158
0 52 69 38 71 29 5 1159
0 91 45 82 47 80 3 1160
1 31 6 31 5 39 1 1161
1 76 49 54 54 51 1 1162
1 14 54 46 51 55 1 1163
0 22 29 63 32 47 3 1164
1 95 32 46 30 44 1 1165
1 98 56 30 54 31 6 1166
0 138 53 45 54 40 3 1167
0 93 69 40 62 50 3 1168
1 43 65 28 63 21 1 1169
0 136 52 40 55 40 3 1170
1 33 48 19 46 20 5 1171
1 125 68 39 71 40 3 1172
0 79 65 42 71 33 3 1173
1 9 57 44 55 43 2 1174
0 94 6 65 5 69 3 1175
1 79 67 42 65 43 1 1176
0 12 67 35 66 39 5 1177
1 60 6 42 6 29 2 1178
0 130 57 48 60 39 3 1179
1 111 82 4 80 6 2 1180
0 67 63 17 53 19 3 1181
0 98 51 22 57 18 3 1182
0 48 47 57 52 55 3 1183
0 92 63 17 55 18 3 1184
1 111 55 47 53 49 1 1185
1 29 66 41 64 46 1 1186
0 48 36 47 35 45 3 1187
1 24 67 41 52 39 1 1188
1 13 54 39 35 52 2 1189
0 77 27 25 47 32 6 1190
0 26 48 57 45 65 3 1191
0 73 60 35 57 39 3 1192
0 6 53 57 56 58 3 1193
0 121 63 32 56 41 3 1194
1 10 64 42 70 42 2 1195
0 57 6 62 6 55 6 1196
1 130 55 38 55 20 2 1197
0 131 90 37 91 27 3 1198
0 125 63 30 54 39 4 1199
1 27 5 40 6 31 3 1200
0 124 53 2 61 1 5 1201
0 4 61 16 62 19 3 1202
0 65 6 27 6 32 5 1203
0 70 73 68 70 64 5 1204
0 8 6 65 5 72 4 1205
0 63 57 26 53 34 3 1206
1 102 64 31 62 40 2 1207
1 48 88 93 86 92 1 1208
1 57 5 59 1 19 1 1209
0 37 6 31 6 27 3 1210
0 81 61 39 59 46 3 1211
0 121 43 35 42 33 3 1212
0 51 51 78 30 98 5 1213
1 108 82 5 80 3 2 1214
1 57 71 34 69 37 1 1215
0 8 56 34 57 30 3 1216
0 109 62 41 56 53 3 1217
0 76 47 4 42 4 3 1218
1 85 66 73 68 74 1 1219
0 29 49 18 53 18 3 1220
1 119 32 44 29 42 2 1221
0 93 59 22 60 31 5 1222
0 123 6 59 6 56 3 1223
0 57 42 3 48 3 3 1224
1 52 67 48 61 60 1 1225
0 53 48 54 50 60 3 1226
1 27 6 58 6 48 5 1227
1 10 50 20 45 21 1 1228
0 79 54 45 61 32 6 1229
0 98 55 80 52 80 3 1230
0 75 52 19 49 18 3 1231
0 79 40 34 37 40 3 1232
0 76 7 40 6 45 5 1233
0 65 53 16 59 17 3 1234
1 68 70 42 48 34 1 1235
1 58 92 28 92 24 4 1236
0 45 56 80 53 79 3 1237
1 64 87 4 81 2 1 1238
1 92 56 80 53 80 2 1239
1 119 69 45 69 37 1 1240
1 131 69 40 71 39 1 1241
1 45 40 69 38 68 1 1242
0 88 48 55 46 59 3 1243
0 67 6 67 5 69 5 1244
1 18 56 58 55 55 1 1245
1 39 54 47 54 40 2 1246
1 102 46 33 40 43 2 1247
1 13 55 80 52 81 2 1248
1 65 61 50 56 53 1 1249
1 53 54 46 51 60 1 1250
1 96 31 41 27 40 1 1251
1 104 58 43 58 39 1 1252
1 79 55 36 60 36 2 1253
0 24 44 35 37 40 3 1254
1 47 68 42 61 38 1 1255
1 123 31 48 21 51 1 1256
1 98 56 39 72 32 1 1257
0 134 69 76 70 72 3 1258
1 11 55 79 51 77 1 1259
1 28 37 4 25 3 5 1260
0 80 28 47 27 49 3 1261
1 36 67 33 69 40 5 1262
0 111 51 49 54 45 5 1263
1 46 60 1 42 1 1 1264
0 98 65 42 67 46 3 1265
0 76 63 39 64 42 3 1266
0 128 38 13 40 11 3 1267
0 124 67 35 67 25 3 1268
1 85 60 56 64 55 2 1269
1 65 57 37 55 40 3 1270
1 45 53 1 49 2 1 1271
1 80 60 37 58 38 2 1272
0 38 54 26 50 27 3 1273
0 1 57 18 52 20 3 1274
0 15 98 20 98 16 3 1275
0 93 58 1 45 2 3 1276
1 6 64 76 69 75 2 1277
0 58 60 33 55 40 5 1278
1 4 53 47 52 49 6 1279
1 109 84 4 88 3 1 1280
1 130 60 49 61 46 1 1281
0 29 62 38 58 37 3 1282
0 0 32 42 32 46 3 1283
1 73 33 42 28 36 1 1284
0 98 54 33 57 32 3 1285
1 19 55 22 50 27 1 1286
1 102 6 36 6 26 1 1287
0 47 67 45 69 44 3 1288
1 124 66 18 64 6 1 1289
1 63 48 45 47 51 1 1290
0 79 61 30 59 27 3 1291
0 84 32 49 33 52 3 1292
0 65 46 73 45 60 3 1293
1 107 42 33 44 37 1 1294
1 19 64 35 62 32 1 1295
0 132 54 29 61 31 5 1296
0 14 98 25 98 22 3 1297
0 139 63 1 60 2 3 1298
1 9 57 44 54 24 2 1299
0 50 47 51 25 36 6 1300
1 24 17 21 36 59 5 1301
0 110 40 64 42 65 3 1302
0 23 67 27 72 29 3 1303
1 102 49 28 46 31 1 1304
0 43 47 56 49 51 3 1305
1 109 64 76 53 90 1 1306
1 123 46 23 44 24 1 1307
0 43 51 48 55 45 5 1308
1 137 51 58 47 54 2 1309
0 79 61 37 54 46 3 1310
1 126 6 55 6 44 2 1311
1 15 56 1 61 1 6 1312
0 40 92 28 92 32 3 1313
0 72 98 15 98 24 3 1314
1 66 70 41 74 32 3 1315
1 0 68 40 59 45 6 1316
1 127 56 77 49 78 1 1317
1 100 98 11 98 16 1 1318
0 68 54 45 51 47 5 1319
0 108 32 50 23 55 3 1320
1 129 77 6 81 5 1 1321
1 26 73 32 69 25 2 1322
0 133 85 4 87 3 3 1323
0 14 59 37 52 49 3 1324
0 57 54 46 37 26 3 1325
0 62 61 1 65 1 3 1326
1 104 57 48 61 37 5 1327
1 133 45 61 50 53 1 1328
0 108 29 58 32 54 6 1329
0 76 66 74 70 73 3 1330
0 21 62 38 61 42 3 1331
0 38 61 22 59 26 3 1332
0 90 6 31 6 34 3 1333
0 118 43 4 46 4 3 1334
0 65 6 37 6 41 3 1335
1 15 55 31 59 26 1 1336
1 101 56 31 55 26 4 1337
1 132 46 4 39 5 2 1338
0 84 33 44 30 45 3 1339
1 106 6 65 5 72 1 1340
1 4 69 39 67 41 5 1341
0 47 6 44 5 26 4 1342
1 27 6 65 5 33 5 1343
0 27 98 16 98 21 3 1344
1 107 28 43 30 47 1 1345
0 17 60 36 61 34 3 1346
0 24 56 41 54 44 3 1347
1 1 60 32 55 38 5 1348
0 132 48 3 46 4 3 1349
0 143 6 28 6 33 3 1350
0 50 53 26 50 32 3 1351
1 56 58 54 56 64 2 1352
0 45 46 80 41 80 3 1353
1 96 49 55 53 49 1 1354
0 41 81 6 77 6 3 1355
1 13 51 45 49 47 1 1356
1 78 49 78 47 79 1 1357
0 137 62 48 68 33 3 1358
1 109 53 57 56 51 1 1359
1 42 7 48 6 50 1 1360
1 37 62 28 50 37 1 1361
0 143 7 33 52 57 3 1362
1 28 39 4 44 4 6 1363
1 8 87 93 85 94 4 1364
0 124 61 38 63 28 3 1365
0 135 22 19 24 32 3 1366
1 123 32 46 28 58 6 1367
1 119 67 47 60 45 1 1368
1 87 51 54 49 53 1 1369
1 135 56 29 56 25 1 1370
1 5 50 19 46 20 5 1371
0 111 54 42 55 46 3 1372
1 120 42 12 39 12 1 1373
1 0 52 50 44 46 1 1374
1 66 52 45 50 50 1 1375
1 94 42 32 44 38 1 1376
1 46 90 25 89 36 2 1377
1 41 56 38 54 45 1 1378
1 10 49 45 49 49 1 1379
0 143 31 39 31 45 3 1380
1 101 91 34 91 31 1 1381
0 29 58 47 61 42 3 1382
1 121 43 34 46 29 2 1383
1 19 52 17 51 19 3 1384
0 10 61 41 55 37 3 1385
0 57 62 71 32 78 3 1386
0 64 37 13 39 14 3 1387
1 102 92 31 92 35 1 1388
1 4 91 29 91 36 2 1389
0 132 42 57 46 61 3 1390
1 90 31 45 28 49 1 1391
1 28 52 44 48 33 1 1392
1 54 58 43 56 49 1 1393
1 91 75 30 73 39 2 1394
1 132 33 41 31 50 1 1395
0 24 6 66 5 68 3 1396
0 93 91 30 90 36 3 1397
0 18 6 64 5 71 3 1398
0 88 56 48 53 57 3 1399
0 130 68 36 68 40 3 1400
1 36 70 19 63 31 1 1401
1 132 61 31 56 29 5 1402
1 27 56 39 51 55 1 1403
0 72 98 23 98 27 3 1404
1 13 62 28 75 31 2 1405
0 20 61 31 62 35 3 1406
0 37 68 35 68 40 3 1407
0 63 40 58 71 71 3 1408
1 24 43 40 61 36 1 1409
1 80 29 52 30 50 1 1410
0 50 69 34 70 31 3 1411
0 86 6 52 6 60 3 1412
0 67 54 80 57 80 3 1413
0 133 53 46 49 50 3 1414
1 111 27 48 26 50 1 1415
0 10 59 28 60 31 6 1416
0 70 36 13 40 12 3 1417
0 72 54 45 51 48 3 1418
0 35 50 80 54 80 3 1419
1 69 49 52 52 57 1 1420
0 65 6 68 5 70 3 1421
0 12 7 47 6 54 3 1422
1 17 53 41 57 23 3 1423
1 112 57 30 61 32 3 1424
0 20 64 52 58 50 3 1425
1 32 58 47 49 52 1 1426
0 60 62 32 57 37 3 1427
0 111 92 34 91 32 3 1428
1 107 52 47 52 39 1 1429
1 38 62 22 60 27 1 1430
0 94 60 38 57 47 3 1431
1 10 38 37 44 32 2 1432
1 53 43 54 46 46 1 1433
1 72 67 36 62 46 1 1434
1 65 52 53 63 35 1 1435
1 77 69 44 73 30 1 1436
1 8 63 47 43 18 1 1437
0 102 61 1 66 1 3 1438
1 126 6 56 5 47 1 1439
0 84 69 35 64 43 3 1440
0 116 58 17 62 28 3 1441
0 138 44 2 47 4 4 1442
0 116 67 73 68 71 3 1443
1 98 61 46 63 49 1 1444
1 23 57 28 59 27 1 1445
0 95 30 61 26 63 3 1446
1 83 58 19 61 18 1 1447
0 82 56 47 48 55 3 1448
0 97 59 44 57 40 3 1449
0 30 40 4 42 3 3 1450
0 105 70 42 73 37 3 1451
1 43 62 47 56 52 2 1452
0 11 54 2 58 2 3 1453
1 123 10 26 26 13 1 1454
0 88 58 38 60 37 3 1455
0 103 68 69 70 73 3 1456
0 29 91 32 91 40 3 1457
0 111 57 41 54 49 3 1458
1 109 32 46 32 42 1 1459
1 60 39 41 37 46 1 1460
0 22 46 31 49 33 3 1461
1 141 58 28 50 29 2 1462
1 49 61 35 47 37 1 1463
1 58 67 42 61 41 1 1464
1 65 55 41 61 36 1 1465
1 40 53 45 60 29 3 1466
0 54 46 31 52 26 3 1467
0 97 91 34 90 39 3 1468
1 88 61 44 58 57 1 1469
1 30 44 22 37 23 4 1470
1 62 90 46 88 63 1 1471
1 55 54 80 51 80 1 1472
0 13 70 28 71 30 3 1473
0 103 60 51 53 56 3 1474
0 24 45 2 49 2 6 1475
0 102 44 44 44 34 5 1476
0 124 61 1 57 2 3 1477
1 3 54 80 51 80 1 1478
1 96 6 43 6 35 3 1479
1 19 53 45 52 47 1 1480
0 102 48 2 51 2 3 1481
0 96 43 11 41 12 3 1482
0 130 6 30 6 36 3 1483
1 0 51 50 44 46 2 1484
0 51 32 48 32 56 5 1485
0 46 79 7 77 6 3 1486
0 71 16 50 27 51 3 1487
1 18 69 36 61 60 1 1488
0 74 54 51 57 48 3 1489
0 53 56 28 52 32 3 1490
0 79 72 40 70 34 3 1491
0 36 60 29 56 28 3 1492
0 93 39 37 37 41 5 1493
0 10 54 44 53 47 3 1494
0 38 50 19 61 12 3 1495
0 79 6 45 5 55 3 1496
1 86 58 28 43 51 2 1497
1 48 91 35 91 42 2 1498
1 65 69 40 67 34 1 1499
0 57 66 77 68 74 3 1500
1 67 54 80 57 80 1 1501
0 119 61 49 56 61 3 1502
1 121 28 42 26 41 2 1503
1 62 53 47 54 45 4 1504
1 143 46 19 53 16 1 1505
1 45 48 4 42 4 1 1506
0 13 54 80 57 80 3 1507
0 59 61 31 56 31 6 1508
0 102 67 44 66 39 3 1509
0 57 6 53 4 57 3 1510
1 89 66 38 64 51 1 1511
1 46 6 35 5 38 1 1512
0 14 98 16 98 31 3 1513
0 114 53 40 16 21 3 1514
1 38 56 38 54 37 1 1515
0 10 55 37 58 29 3 1516
1 60 91 34 92 30 3 1517
1 68 55 27 54 36 2 1518
1 1 61 17 60 19 1 1519
0 60 43 22 40 23 5 1520
1 132 67 33 68 35 2 1521
1 76 57 29 55 30 1 1522
1 113 54 49 58 46 1 1523
0 93 61 39 60 45 4 1524
1 76 6 44 6 51 2 1525
0 143 48 37 21 24 3 1526
0 86 88 93 86 92 3 1527
1 80 30 45 28 48 1 1528
0 50 52 28 40 31 3 1529
0 24 69 37 62 38 3 1530
1 24 54 38 57 35 1 1531
1 130 58 47 47 60 1 1532
0 50 61 13 60 27 3 1533
0 90 60 39 53 56 3 1534
1 13 62 1 55 2 1 1535
0 62 41 12 37 12 3 1536
1 100 63 17 61 16 1 1537
1 130 56 28 57 41 5 1538
0 108 78 4 81 4 3 1539
0 5 61 41 54 58 5 1540
1 143 67 92 65 95 1 1541
1 71 71 33 71 39 1 1542
0 53 57 35 53 39 4 1543
1 94 60 2 55 2 1 1544
0 100 35 40 32 45 3 1545
0 32 50 20 43 22 3 1546
0 81 45 30 50 31 3 1547
0 88 55 38 55 41 6 1548
0 92 27 59 26 64 3 1549
0 141 59 47 63 43 3 1550
1 88 6 62 3 64 1 1551
1 48 55 41 57 36 1 1552
1 124 63 45 68 41 1 1553
1 65 80 5 69 6 5 1554
0 48 62 33 60 36 3 1555
0 21 61 32 55 44 5 1556
0 0 51 31 59 24 3 1557
0 143 31 46 29 49 3 1558
1 111 57 45 55 42 1 1559
1 60 77 6 81 5 1 1560
0 102 64 32 59 39 3 1561
0 102 68 73 71 73 3 1562
0 5 25 61 26 54 3 1563
1 10 32 45 32 41 1 1564
0 2 51 81 55 80 3 1565
0 135 6 66 5 71 6 1566
0 102 67 73 69 70 3 1567
1 130 46 20 49 19 2 1568
1 93 42 33 39 41 1 1569
1 4 67 27 56 18 2 1570
0 86 45 53 48 47 3 1571
0 62 29 37 32 38 4 1572
0 105 73 32 75 31 3 1573
1 116 56 2 53 2 2 1574
1 114 61 18 52 19 2 1575
1 38 37 12 39 14 1 1576
0 80 18 2 39 4 3 1577
0 99 31 46 30 60 4 1578
0 36 48 59 48 56 3 1579
0 128 87 93 84 94 3 1580
1 28 60 75 54 80 2 1581
1 8 49 39 51 25 2 1582
0 32 59 49 57 51 3 1583
0 4 52 51 49 50 3 1584
1 91 59 43 53 46 3 1585
1 83 6 37 4 39 1 1586
1 28 59 44 60 46 1 1587
0 39 45 47 47 43 3 1588
1 1 50 52 50 49 2 1589
1 74 46 3 44 4 1 1590
1 115 60 2 52 3 1 1591
1 23 61 36 55 40 1 1592
1 67 5 69 10 61 3 1593
0 92 67 45 56 58 3 1594
1 63 92 34 92 5 3 1595
0 12 71 73 66 74 3 1596
0 36 30 45 29 47 3 1597
0 143 64 43 57 61 3 1598
1 45 55 49 54 58 2 1599
1 130 58 55 45 62 1 1600
1 116 56 29 46 28 1 1601
0 18 44 63 42 69 3 1602
0 103 60 30 60 27 3 1603
1 110 50 79 47 77 1 1604
1 107 65 1 61 1 3 1605
1 116 6 48 7 40 1 1606
0 5 41 34 44 33 3 1607
1 63 63 29 52 15 1 1608
0 101 31 47 31 43 3 1609
1 109 47 3 42 3 1 1610
1 14 49 2 43 2 1 1611
0 102 6 61 6 64 4 1612
1 21 56 80 52 80 3 1613
0 40 54 19 58 18 3 1614
0 38 44 34 45 29 3 1615
1 33 67 33 63 45 1 1616
0 60 68 32 67 37 3 1617
0 51 55 74 56 72 3 1618
0 34 62 42 60 45 3 1619
0 92 53 80 58 76 3 1620
0 140 50 46 67 47 3 1621
0 0 65 68 72 71 3 1622
0 24 56 47 58 37 3 1623
1 112 63 50 61 49 2 1624
0 66 47 37 53 25 6 1625
0 38 56 27 60 26 6 1626
0 59 28 2 50 2 3 1627
0 0 58 28 61 29 3 1628
0 62 62 32 68 33 3 1629
1 23 50 37 46 51 6 1630
0 38 44 31 43 35 3 1631
1 105 53 19 60 18 2 1632
1 47 55 45 53 43 2 1633
0 52 28 37 31 34 3 1634
1 6 86 91 78 90 1 1635
1 34 47 34 57 38 1 1636
1 64 64 36 58 36 1 1637
0 64 28 2 52 2 3 1638
1 57 51 77 57 75 2 1639
0 8 38 40 45 30 3 1640
1 40 92 34 89 31 2 1641
1 66 53 43 54 48 1 1642
1 137 27 43 33 47 1 1643
0 79 70 33 68 34 3 1644
0 136 31 50 28 52 3 1645
0 128 53 24 50 25 3 1646
0 86 98 22 98 19 3 1647
0 50 84 93 78 90 3 1648
1 39 50 50 54 50 5 1649
0 26 52 34 49 35 3 1650
1 51 32 46 31 49 1 1651
0 0 55 39 65 42 3 1652
1 92 43 29 44 33 1 1653
0 51 68 68 68 72 3 1654
1 45 45 2 43 3 1 1655
0 16 45 58 32 57 3 1656
0 104 42 41 40 38 3 1657
1 3 58 38 54 40 1 1658
1 98 50 48 49 50 1 1659
0 78 71 37 71 34 3 1660
0 78 60 44 48 56 3 1661
1 78 55 80 51 80 1 1662
1 119 46 51 38 46 2 1663
1 115 52 45 50 39 4 1664
0 27 37 13 39 12 3 1665
0 65 61 40 61 46 3 1666
1 136 6 52 5 35 1 1667
0 14 55 37 62 39 3 1668
1 113 53 34 49 35 1 1669
0 110 60 29 66 28 3 1670
1 61 33 46 28 49 1 1671
0 124 64 54 36 15 3 1672
0 140 62 56 59 52 5 1673
0 37 54 27 53 25 3 1674
1 113 42 2 49 2 2 1675
0 101 91 25 92 31 3 1676
0 124 68 34 62 47 3 1677
1 116 47 30 50 32 1 1678
1 65 54 49 55 47 3 1679
1 6 82 6 80 5 1 1680
0 102 47 72 54 59 3 1681
0 108 91 37 87 22 3 1682
1 89 57 80 52 80 1 1683
1 127 69 74 39 58 1 1684
1 10 40 36 12 30 3 1685
1 112 31 42 33 43 1 1686
0 13 69 44 72 30 3 1687
1 40 56 50 58 46 1 1688
0 2 73 32 71 33 3 1689
1 120 62 41 59 55 5 1690
1 39 52 47 53 49 5 1691
0 77 60 1 56 2 3 1692
1 53 87 4 84 4 2 1693
1 131 57 38 45 62 2 1694
0 59 53 1 46 2 3 1695
0 119 56 41 56 38 3 1696
0 100 62 36 61 34 3 1697
1 138 5 35 5 41 1 1698
1 132 55 58 52 42 4 1699
1 40 59 16 64 16 1 1700
1 46 56 2 66 1 3 1701
1 42 68 36 69 41 1 1702
1 10 37 51 36 47 1 1703
0 73 56 39 58 32 5 1704
1 108 6 66 5 61 1 1705
0 91 44 39 44 35 3 1706
0 101 61 29 49 37 5 1707
1 0 59 30 56 31 2 1708
0 65 3 13 6 38 3 1709
0 25 63 27 64 29 5 1710
0 21 65 27 59 24 3 1711
0 65 56 40 48 53 3 1712
1 130 58 43 55 43 1 1713
1 18 49 70 52 73 1 1714
0 128 71 68 68 73 3 1715
1 1 56 80 59 80 1 1716
1 44 66 34 70 33 1 1717
0 79 56 40 52 36 3 1718
0 81 6 66 5 69 3 1719
1 126 63 33 61 38 5 1720
1 0 58 42 58 37 1 1721
1 35 48 29 48 23 1 1722
1 89 72 69 67 74 2 1723
1 108 4 68 1 69 2 1724
0 31 46 75 48 72 3 1725
1 15 68 46 67 48 2 1726
0 112 42 12 37 13 3 1727
0 130 53 52 55 53 3 1728
1 123 31 49 28 55 1 1729
1 74 59 55 60 45 4 1730
1 103 69 74 72 66 1 1731
0 116 14 0 45 0 3 1732
0 6 69 40 70 34 3 1733
0 11 54 46 55 43 3 1734
1 73 63 35 57 39 2 1735
1 108 86 93 89 92 1 1736
0 65 60 49 55 52 6 1737
0 71 55 43 56 39 3 1738
1 58 53 58 58 54 1 1739
1 49 51 41 54 38 2 1740
0 121 64 71 40 58 3 1741
0 120 25 67 19 53 3 1742
1 24 54 66 56 52 1 1743
1 143 50 19 46 20 3 1744
0 80 59 43 49 48 3 1745
0 130 62 34 56 37 3 1746
0 39 56 46 57 41 4 1747
1 94 98 23 98 13 1 1748
0 104 59 23 65 6 3 1749
1 25 56 40 62 39 2 1750
0 10 37 42 31 48 6 1751
1 38 53 51 44 50 2 1752
1 132 67 42 72 35 1 1753
1 117 54 42 59 31 5 1754
0 24 52 46 49 53 3 1755
1 5 67 39 66 35 1 1756
1 23 6 30 5 46 1 1757
0 59 45 62 46 59 3 1758
0 78 81 5 83 4 3 1759
1 37 55 40 62 41 2 1760
0 54 65 1 60 1 3 1761
1 0 49 3 45 3 1 1762
1 68 52 44 50 47 1 1763
0 24 42 35 45 34 3 1764
1 112 36 13 39 12 1 1765
0 12 65 76 64 72 6 1766
1 82 56 20 51 20 4 1767
0 109 12 0 47 2 6 1768
0 34 69 72 70 70 3 1769
0 101 61 30 62 38 3 1770
0 51 46 68 47 66 3 1771
0 106 6 69 6 64 3 1772
1 12 37 51 39 44 1 1773
1 24 45 32 43 30 1 1774
1 66 43 24 44 34 6 1775
0 56 41 68 44 65 3 1776
1 36 53 47 54 33 1 1777
0 79 31 48 29 55 3 1778
0 126 52 69 60 73 3 1779
1 106 55 75 51 76 1 1780
1 111 69 34 67 40 1 1781
1 106 54 58 45 61 1 1782
0 23 62 39 57 27 3 1783
0 44 52 45 54 42 5 1784
0 130 6 29 6 36 3 1785
0 68 62 46 61 49 3 1786
0 16 49 49 48 51 3 1787
0 43 64 46 58 48 3 1788
0 88 61 41 66 29 3 1789
1 21 89 93 87 92 2 1790
1 22 28 54 33 55 5 1791
1 102 59 44 64 45 1 1792
1 23 57 29 46 49 1 1793
1 112 31 45 27 51 1 1794
1 98 33 44 31 49 2 1795
1 133 61 30 60 28 1 1796
1 111 52 50 37 78 1 1797
0 112 33 44 30 42 3 1798
1 40 55 38 56 36 1 1799
0 131 47 25 43 22 3 1800
1 90 60 25 55 21 6 1801
1 120 68 42 68 38 1 1802
0 106 6 21 6 34 3 1803
1 1 60 23 58 24 1 1804
1 96 7 43 6 48 2 1805
1 79 51 78 56 76 1 1806
0 86 7 41 6 51 3 1807
0 70 42 71 33 57 3 1808
1 107 46 20 47 18 1 1809
0 137 92 26 92 31 3 1810
1 17 62 46 70 35 1 1811
0 101 64 27 61 33 3 1812
0 143 98 16 98 23 3 1813
0 44 73 34 69 39 3 1814
0 78 52 51 57 46 3 1815
0 110 80 6 69 6 3 1816
1 63 91 34 92 24 2 1817
0 62 69 42 48 44 3 1818
1 128 45 51 46 46 1 1819
1 117 56 42 50 49 1 1820
1 125 51 32 50 28 1 1821
1 42 55 19 34 18 1 1822
0 14 62 17 65 16 5 1823
0 96 21 61 42 34 6 1824
1 43 60 40 62 43 5 1825
0 71 6 31 6 34 3 1826
0 136 50 40 57 38 3 1827
0 80 59 72 57 74 3 1828
1 17 56 28 55 31 2 1829
1 45 52 2 48 2 1 1830
1 0 66 29 63 33 2 1831
1 124 62 1 56 2 6 1832
1 24 64 43 64 50 1 1833
0 72 56 21 61 35 3 1834
1 112 30 46 27 50 2 1835
1 115 68 48 73 31 1 1836
0 99 41 13 42 11 3 1837
1 116 6 34 5 42 1 1838
1 67 32 45 35 40 2 1839
1 74 6 36 5 39 1 1840
0 104 54 39 56 35 3 1841
0 141 56 38 56 42 3 1842
0 131 50 29 48 30 3 1843
1 16 46 48 34 49 5 1844
1 27 57 39 53 51 3 1845
1 5 54 31 57 31 1 1846
0 102 49 2 52 2 3 1847
1 1 51 20 50 22 1 1848
0 52 60 41 71 39 3 1849
0 142 31 42 49 43 3 1850
1 112 48 29 51 25 1 1851
0 129 6 31 6 26 3 1852
1 128 67 34 65 26 1 1853
0 130 49 53 49 50 3 1854
1 33 62 38 49 28 1 1855
0 132 58 39 56 40 3 1856
0 73 54 28 51 31 3 1857
0 28 45 50 46 47 3 1858
0 24 55 38 52 40 3 1859
1 102 49 19 47 20 2 1860
1 47 6 48 6 61 6 1861
1 55 82 4 80 5 1 1862
1 64 49 33 39 26 1 1863
0 70 87 94 77 91 3 1864
0 130 43 2 48 2 3 1865
1 135 88 91 87 93 2 1866
1 8 57 37 51 49 1 1867
1 121 6 29 5 37 1 1868
1 141 62 40 64 42 1 1869
0 89 55 80 47 80 3 1870
1 0 62 79 68 70 1 1871
1 128 98 25 98 28 1 1872
1 57 6 48 6 55 2 1873
1 27 6 68 6 64 5 1874
0 35 45 3 43 4 3 1875
1 128 32 49 26 49 5 1876
0 39 54 49 53 21 3 1877
0 81 5 67 6 64 3 1878
0 95 64 51 65 40 3 1879
0 36 31 45 34 42 5 1880
0 116 57 37 58 46 3 1881
1 93 52 29 46 32 1 1882
0 46 30 43 32 37 3 1883
0 110 52 31 50 44 3 1884
0 111 48 40 49 43 3 1885
0 97 55 80 34 80 3 1886
0 38 53 47 50 43 3 1887
1 117 63 47 60 56 1 1888
1 25 55 23 54 27 3 1889
0 10 59 43 54 54 3 1890
1 122 33 46 27 54 3 1891
1 33 59 73 54 76 1 1892
1 142 60 30 52 31 1 1893
1 140 50 53 47 57 1 1894
0 2 62 31 57 38 3 1895
1 72 54 39 59 40 1 1896
0 2 43 34 41 38 3 1897
0 110 49 34 47 36 3 1898
1 28 45 4 17 2 2 1899
0 46 62 1 56 2 3 1900
0 41 48 54 50 55 3 1901
1 74 46 44 45 60 1 1902
0 16 29 55 23 55 3 1903
0 132 87 4 81 2 3 1904
0 9 48 53 51 50 5 1905
1 13 37 15 35 14 2 1906
0 126 53 54 51 48 3 1907
1 60 54 45 56 40 2 1908
0 66 6 53 5 62 3 1909
0 24 49 80 55 80 3 1910
0 67 32 47 29 47 3 1911
0 135 67 92 66 94 3 1912
1 10 44 2 46 3 5 1913
1 114 63 57 66 48 1 1914
1 124 58 43 57 40 1 1915
0 55 58 40 55 44 3 1916
0 81 60 30 55 29 3 1917
0 95 98 22 98 19 3 1918
0 97 40 14 42 12 3 1919
0 25 58 33 61 28 3 1920
0 33 92 33 91 29 3 1921
1 143 61 45 62 48 1 1922
1 88 49 80 57 79 1 1923
1 8 46 58 51 60 2 1924
1 130 4 69 3 73 1 1925
0 116 58 29 62 26 4 1926
0 129 98 16 98 12 3 1927
1 104 47 3 43 2 1 1928
1 125 52 49 49 59 2 1929
1 83 56 29 56 26 1 1930
0 106 49 2 28 2 3 1931
0 51 71 72 65 77 3 1932
1 29 19 58 99 27 4 1933
1 134 68 34 60 55 4 1934
1 98 58 32 54 32 1 1935
1 0 47 3 39 4 1 1936
1 14 54 44 52 43 1 1937
1 64 63 33 61 37 3 1938
1 13 49 49 58 45 1 1939
0 61 31 59 28 58 3 1940
1 40 31 47 30 51 1 1941
1 94 31 45 30 47 1 1942
1 40 56 35 57 38 2 1943
0 137 29 66 27 58 3 1944
1 93 36 41 45 31 3 1945
1 135 44 50 26 51 5 1946
0 106 6 48 5 63 5 1947
0 18 90 43 91 34 3 1948
1 2 55 80 47 81 1 1949
0 2 52 49 65 40 3 1950
1 53 51 45 54 46 3 1951
0 43 53 50 54 40 3 1952
1 53 48 23 53 26 1 1953
1 61 58 41 55 42 1 1954
0 124 61 1 55 2 3 1955
0 0 92 32 92 37 3 1956
0 65 50 48 60 42 3 1957
1 45 49 2 58 2 1 1958
1 38 71 71 69 74 6 1959
0 53 50 50 53 50 3 1960
0 22 43 74 45 73 3 1961
1 9 38 12 41 11 1 1962
0 77 27 25 23 47 3 1963
1 43 6 33 6 26 3 1964
0 108 65 39 66 37 3 1965
1 28 63 21 67 26 2 1966
0 78 43 48 40 48 5 1967
0 49 55 66 57 63 3 1968
1 111 6 41 6 38 1 1969
0 21 51 2 47 2 3 1970
1 93 38 40 29 35 2 1971
0 140 68 42 66 49 3 1972
1 72 53 56 55 49 1 1973
0 65 56 50 56 55 3 1974
0 63 77 6 70 6 3 1975
1 78 50 80 42 80 5 1976
0 102 42 2 46 2 3 1977
0 134 3 96 1 95 5 1978
1 82 53 45 51 46 1 1979
1 76 98 15 98 11 2 1980
0 116 43 21 45 20 3 1981
1 117 52 53 50 48 2 1982
1 117 52 46 49 48 3 1983
1 143 44 11 39 12 1 1984
0 74 49 3 40 5 3 1985
1 141 45 63 43 61 3 1986
0 87 70 72 71 74 3 1987
1 19 56 37 50 40 1 1988
0 62 48 52 53 44 3 1989
0 48 61 29 56 29 3 1990
0 68 27 49 29 47 3 1991
1 137 64 1 59 1 1 1992
1 41 58 37 57 47 2 1993
1 112 61 40 58 33 1 1994
1 9 54 80 47 80 2 1995
1 84 67 35 50 64 1 1996
0 140 65 93 66 91 3 1997
0 112 31 45 33 43 3 1998
0 52 43 31 41 43 3 1999
