1 49 86 51 90 40 1 0
1 14 81 53 81 52 1 1
1 83 84 46 74 59 1 2
0 83 81 64 82 59 3 3
1 49 77 56 73 61 2 4
0 49 83 44 84 42 3 5
1 138 81 64 90 49 1 6
0 116 86 50 91 37 3 7
1 16 80 54 81 51 1 8
1 49 87 52 80 52 5 9
0 9 80 48 84 40 3 10
1 88 82 48 75 57 1 11
1 14 84 40 80 50 1 12
1 14 78 56 79 54 2 13
0 56 78 52 88 48 3 14
0 111 88 43 82 43 3 15
0 50 80 60 83 44 3 16
0 125 87 53 92 34 3 17
0 78 78 57 77 70 3 18
1 49 78 52 80 50 5 19
1 83 85 51 86 43 2 20
1 49 82 61 78 56 1 21
0 6 92 34 81 41 3 22
0 61 88 40 74 69 3 23
0 118 88 44 85 49 3 24
1 59 79 56 76 59 1 25
1 83 82 47 82 41 2 26
0 14 76 67 80 51 3 27
0 118 86 54 79 65 3 28
1 49 83 50 74 59 2 29
0 49 25 15 83 44 3 30
1 113 77 52 86 46 3 31
1 44 85 44 87 43 2 32
0 14 85 48 83 45 5 33
1 79 23 15 27 24 1 34
1 14 83 47 81 48 1 35
1 84 87 38 89 36 3 36
0 83 74 59 76 57 6 37
0 83 73 61 82 42 3 38
0 33 82 52 79 55 4 39
0 14 87 40 80 49 6 40
0 118 74 60 81 63 3 41
1 83 85 58 57 48 1 42
0 49 84 48 82 50 3 43
0 4 82 59 63 58 3 44
0 83 85 50 76 55 3 45
0 24 73 76 72 75 3 46
1 126 88 50 86 51 1 47
1 102 75 57 73 60 2 48
1 14 75 63 70 66 1 49
0 49 79 51 84 48 3 50
1 71 81 58 85 44 2 51
1 102 88 44 85 42 1 52
0 139 80 54 81 45 3 53
1 63 86 47 43 83 1 54
0 14 90 50 84 60 3 55
1 118 81 54 79 55 3 56
0 49 90 35 87 39 3 57
1 118 86 41 81 14 1 58
1 109 87 41 81 49 1 59
1 52 89 46 84 43 1 60
0 14 85 45 85 49 3 61
0 118 79 54 81 50 3 62
1 49 83 50 82 49 1 63
1 107 83 52 86 49 2 64
1 49 83 48 85 42 1 65
1 14 82 49 83 46 1 66
0 14 76 57 81 48 5 67
0 118 77 53 75 48 3 68
0 5 83 48 78 17 3 69
1 49 82 53 86 51 1 70
1 118 83 44 81 42 1 71
1 83 84 42 74 59 1 72
0 105 75 57 74 57 3 73
0 49 85 40 79 52 3 74
0 63 87 52 87 50 3 75
0 83 86 54 80 64 6 76
0 68 72 58 77 99 3 77
0 83 75 58 86 40 6 78
0 118 84 41 83 47 6 79
1 22 79 51 98 45 2 80
1 118 88 54 85 56 1 81
0 51 74 56 76 56 3 82
0 63 82 57 78 52 3 83
0 57 89 47 89 43 3 84
1 128 88 46 91 44 1 85
1 100 85 39 85 46 1 86
1 66 84 51 82 54 1 87
0 14 90 47 93 38 3 88
0 13 86 46 85 42 3 89
0 83 85 46 39 35 3 90
1 38 86 42 84 42 1 91
0 14 87 50 87 50 3 92
0 121 83 59 87 50 3 93
0 118 60 38 52 48 3 94
0 47 84 58 78 55 3 95
0 14 79 51 83 44 3 96
1 57 81 63 84 58 1 97
0 110 82 61 76 71 3 98
1 65 78 57 78 53 1 99
0 69 76 58 76 56 3 100
1 83 77 70 86 53 1 101
0 40 80 52 81 63 3 102
1 49 87 47 83 46 1 103
1 83 85 45 78 57 1 104
1 6 80 55 81 53 1 105
0 104 74 61 82 43 3 106
1 111 85 42 91 37 2 107
0 116 71 36 75 39 3 108
1 129 75 58 89 42 1 109
1 83 86 50 86 50 1 110
0 55 84 46 84 49 3 111
1 49 82 42 83 43 1 112
1 118 88 50 87 46 1 113
1 115 90 44 91 41 2 114
1 107 92 36 83 44 1 115
1 14 82 61 82 51 1 116
0 14 87 28 76 43 3 117
0 14 80 52 84 50 5 118
0 49 82 47 85 43 3 119
1 142 87 54 92 34 2 120
0 83 81 63 77 64 3 121
1 17 84 51 85 49 1 122
1 83 88 42 87 42 1 123
1 14 83 59 65 70 1 124
0 118 86 50 91 37 3 125
1 30 75 62 80 49 1 126
0 64 89 44 95 9 3 127
0 83 82 54 85 49 3 128
0 112 25 16 77 29 3 129
1 59 80 48 65 79 1 130
0 69 78 55 73 63 3 131
0 18 90 46 87 46 3 132
1 14 75 59 78 67 1 133
1 21 75 39 72 59 2 134
0 14 81 53 75 48 3 135
1 83 78 57 74 62 1 136
0 56 82 51 79 51 3 137
1 49 85 49 86 45 1 138
1 83 77 54 85 54 1 139
1 49 55 46 0 34 1 140
1 109 86 46 82 40 1 141
0 88 80 54 74 58 3 142
0 36 85 43 74 58 3 143
1 14 85 59 82 58 3 144
1 49 82 47 88 44 1 145
0 87 83 47 88 43 3 146
1 83 85 40 85 58 1 147
1 99 80 51 82 52 2 148
0 71 86 42 76 39 3 149
0 86 79 52 74 58 3 150
1 75 74 62 81 63 1 151
1 118 77 58 78 57 1 152
1 49 77 58 73 57 1 153
0 14 85 47 83 57 5 154
1 125 89 47 84 43 1 155
0 49 86 44 88 42 3 156
0 49 84 47 84 47 3 157
1 17 83 56 83 56 4 158
0 118 82 51 79 55 3 159
0 83 89 41 76 55 5 160
1 49 79 68 82 57 1 161
0 108 89 44 78 67 3 162
0 1 91 46 89 44 3 163
0 118 88 44 76 57 3 164
1 49 88 47 89 49 5 165
0 97 87 52 73 79 3 166
0 83 76 38 68 35 3 167
0 14 83 60 89 48 6 168
0 118 75 62 85 58 3 169
0 64 81 54 79 50 3 170
0 25 85 44 83 46 3 171
1 49 81 29 79 37 5 172
0 14 85 53 82 60 5 173
0 49 80 55 83 50 3 174
0 91 91 45 71 77 3 175
0 49 86 50 85 54 5 176
0 29 85 40 88 46 3 177
1 83 89 47 86 39 2 178
1 83 88 46 89 47 5 179
1 15 73 24 83 47 2 180
0 115 88 48 86 50 3 181
0 49 86 45 82 47 3 182
1 14 81 62 75 62 3 183
1 49 79 24 86 34 2 184
1 36 85 56 82 47 1 185
0 118 86 27 73 32 3 186
0 71 67 69 77 52 3 187
1 49 80 53 82 50 1 188
0 30 81 50 85 58 3 189
0 80 87 47 82 49 3 190
1 84 82 25 85 28 1 191
1 125 79 54 65 51 1 192
1 83 74 59 77 53 1 193
1 115 79 56 76 58 4 194
1 118 91 46 76 54 1 195
0 139 81 52 82 49 4 196
1 30 82 50 82 48 1 197
0 83 74 25 78 39 6 198
1 37 85 45 82 54 1 199
1 6 89 46 81 60 1 200
0 74 77 54 80 51 3 201
0 83 75 62 90 38 6 202
1 119 70 32 76 37 3 203
0 83 90 42 86 44 3 204
0 18 84 41 73 60 3 205
1 14 82 41 86 44 6 206
1 118 76 56 88 50 2 207
1 138 81 54 81 53 1 208
1 83 84 43 70 66 1 209
1 83 82 47 86 47 2 210
0 75 88 42 92 34 3 211
1 14 89 43 89 44 1 212
0 49 90 47 83 58 3 213
0 49 82 47 87 40 5 214
0 58 88 44 84 43 3 215
0 63 78 67 70 68 3 216
1 49 85 43 88 44 1 217
0 83 70 34 74 42 3 218
1 14 88 43 83 49 1 219
1 118 80 54 81 50 5 220
1 85 83 46 80 46 1 221
0 34 84 40 86 50 3 222
0 118 86 56 86 55 3 223
1 54 84 60 82 62 4 224
0 135 80 64 77 52 3 225
1 83 89 40 87 43 1 226
0 83 83 46 82 47 3 227
1 118 73 58 75 55 1 228
1 118 84 55 85 48 2 229
0 118 85 46 84 43 3 230
0 99 72 40 73 35 3 231
0 9 70 65 76 69 3 232
1 10 86 45 83 43 1 233
1 118 82 61 88 40 2 234
0 83 73 58 84 49 3 235
0 83 89 47 87 50 3 236
1 83 23 15 29 44 3 237
0 40 81 53 74 62 3 238
1 56 78 53 81 48 2 239
1 102 82 50 93 38 2 240
0 49 82 52 81 46 4 241
0 100 75 57 81 49 3 242
1 57 84 55 92 34 1 243
0 118 85 44 81 64 3 244
1 83 83 49 80 49 6 245
1 89 80 54 76 60 1 246
0 49 76 56 76 54 3 247
0 83 85 29 82 29 3 248
1 22 86 45 88 42 1 249
1 118 81 52 80 54 1 250
1 68 83 46 76 57 1 251
0 118 79 51 78 24 3 252
0 48 80 60 74 62 3 253
1 15 76 58 83 59 1 254
1 113 74 67 82 57 1 255
0 83 88 44 84 55 3 256
0 119 82 52 79 52 3 257
0 62 84 48 85 43 3 258
1 49 82 42 75 56 5 259
0 118 87 55 83 61 5 260
1 122 78 53 77 59 2 261
1 14 84 41 82 47 4 262
0 118 86 40 85 30 5 263
1 14 79 55 74 57 6 264
0 53 85 56 77 54 3 265
0 49 85 44 86 50 3 266
1 14 84 54 86 48 1 267
0 56 83 56 83 58 3 268
0 14 90 47 72 65 6 269
0 83 83 57 76 60 3 270
1 67 86 45 83 42 1 271
1 49 65 56 64 48 2 272
1 49 86 54 84 58 1 273
1 83 80 60 79 62 1 274
0 120 75 25 66 59 3 275
1 55 80 51 75 58 1 276
1 33 78 51 81 60 1 277
1 4 89 47 88 45 1 278
1 49 80 53 84 44 1 279
0 126 85 42 81 58 3 280
1 106 83 41 77 53 3 281
0 83 81 50 86 49 3 282
0 51 77 53 89 47 3 283
0 83 85 39 81 45 3 284
0 1 90 40 84 41 3 285
1 118 84 43 78 52 1 286
1 49 70 68 77 67 1 287
1 57 74 57 72 59 1 288
0 118 90 45 86 54 3 289
0 127 85 45 80 50 3 290
0 0 76 37 85 20 3 291
1 22 86 42 91 36 1 292
1 118 79 52 75 59 5 293
0 80 85 44 81 55 3 294
0 49 89 39 86 45 3 295
1 118 83 29 91 43 2 296
1 80 88 43 82 50 1 297
0 64 81 48 85 50 3 298
0 47 90 47 89 43 3 299
1 14 83 57 80 52 5 300
1 118 52 58 82 47 1 301
1 25 82 57 74 61 1 302
1 104 82 58 79 64 1 303
1 83 85 52 82 43 1 304
1 83 83 59 79 67 5 305
0 143 84 56 87 52 3 306
1 83 83 59 50 86 3 307
1 49 82 46 82 45 1 308
0 118 86 44 75 57 3 309
1 135 87 53 82 50 2 310
1 83 85 39 72 38 1 311
0 14 84 44 98 37 5 312
1 86 90 45 87 52 2 313
0 111 83 47 76 54 3 314
1 68 85 41 74 60 1 315
0 83 75 40 81 62 3 316
0 94 77 52 83 60 3 317
0 125 89 47 85 55 3 318
1 22 83 40 84 38 1 319
1 118 85 42 87 45 5 320
1 69 79 55 65 56 1 321
0 118 88 42 84 45 3 322
1 118 85 43 74 58 1 323
0 130 31 15 88 53 3 324
1 118 90 36 79 32 5 325
0 49 85 54 88 45 3 326
0 51 82 59 83 45 3 327
1 49 80 60 86 45 2 328
0 83 79 53 90 35 5 329
0 49 88 41 73 58 3 330
0 83 86 42 82 61 5 331
1 74 87 53 84 44 1 332
0 14 85 50 87 51 3 333
0 118 25 15 82 25 3 334
1 88 88 48 81 46 1 335
0 96 82 51 86 51 4 336
0 83 75 57 79 61 5 337
1 20 84 39 71 35 2 338
0 83 86 42 75 58 5 339
1 14 83 57 81 51 1 340
1 139 78 54 76 56 2 341
0 104 81 58 87 42 3 342
0 99 88 54 85 55 3 343
0 135 79 55 79 55 3 344
1 37 88 47 84 54 3 345
0 113 81 44 81 60 3 346
0 44 86 41 86 48 3 347
0 122 89 41 96 50 3 348
1 38 81 49 52 50 1 349
0 83 70 65 71 63 3 350
0 17 76 60 83 44 3 351
1 14 90 44 74 31 2 352
0 83 86 47 86 47 3 353
1 14 83 48 87 56 5 354
0 14 75 59 80 66 3 355
0 8 87 52 90 36 3 356
0 69 71 76 72 71 3 357
1 105 78 54 87 56 3 358
1 26 85 56 83 60 1 359
0 131 85 54 23 15 3 360
1 14 89 36 82 47 1 361
0 102 90 46 72 41 3 362
1 118 82 58 83 56 3 363
1 5 81 62 75 61 1 364
0 83 82 52 79 53 3 365
0 49 84 56 91 44 4 366
1 118 76 54 78 57 5 367
1 49 90 46 91 45 5 368
0 7 82 48 80 51 3 369
1 26 85 49 92 34 1 370
1 95 88 54 85 56 2 371
1 14 81 53 92 34 2 372
1 64 83 25 74 26 2 373
1 49 75 59 73 60 1 374
1 83 85 39 79 50 2 375
0 118 85 40 75 56 3 376
0 77 79 67 90 47 3 377
0 118 77 58 72 59 3 378
0 118 83 46 81 63 5 379
0 83 87 53 91 41 3 380
1 120 83 42 85 39 2 381
1 21 85 41 84 42 1 382
0 55 79 67 82 60 3 383
0 28 80 53 83 48 3 384
1 106 81 62 76 57 2 385
1 40 81 58 73 57 2 386
0 83 74 38 86 32 3 387
0 49 85 44 87 45 3 388
0 14 79 52 85 50 3 389
0 49 80 54 82 51 3 390
0 83 85 44 90 35 5 391
1 83 75 55 40 39 1 392
1 141 73 63 79 52 1 393
1 47 83 50 84 44 1 394
1 121 89 45 82 48 1 395
1 111 65 56 55 46 1 396
1 69 86 41 83 46 1 397
0 30 93 37 88 46 3 398
1 13 91 38 87 50 3 399
0 19 87 44 73 58 3 400
0 49 86 57 75 58 3 401
1 83 90 40 72 59 2 402
0 40 52 58 53 47 3 403
1 6 81 54 74 60 4 404
0 91 90 43 82 59 3 405
1 9 76 59 80 63 1 406
0 67 83 42 83 41 3 407
0 113 84 55 85 54 3 408
0 47 87 46 75 39 3 409
0 14 85 40 90 42 6 410
0 118 85 49 82 50 3 411
1 118 84 49 88 44 2 412
1 14 88 50 82 50 1 413
1 83 75 57 81 51 1 414
0 14 76 57 76 54 3 415
1 32 84 56 85 54 1 416
0 104 83 58 55 48 3 417
1 118 81 63 80 64 1 418
1 88 86 47 87 40 2 419
0 118 88 54 87 51 6 420
0 83 77 37 75 57 3 421
0 118 65 55 66 54 3 422
1 24 76 54 76 56 1 423
0 1 82 61 81 62 3 424
0 67 81 49 91 35 3 425
0 118 81 64 81 63 3 426
1 69 84 46 76 60 1 427
1 49 87 29 80 26 5 428
0 49 88 43 84 46 5 429
1 83 79 52 85 50 2 430
0 83 74 48 66 47 3 431
1 103 83 57 80 51 4 432
1 118 83 58 83 58 1 433
0 83 86 46 85 43 3 434
0 84 83 57 80 64 3 435
1 6 78 52 80 50 1 436
1 75 83 59 76 58 1 437
1 32 79 55 85 45 1 438
0 47 79 51 83 50 3 439
0 79 83 44 86 49 3 440
0 83 88 45 79 31 3 441
0 34 77 38 55 49 3 442
1 14 78 55 82 62 1 443
0 102 85 54 42 41 3 444
1 135 85 44 87 49 1 445
1 68 89 43 85 44 3 446
0 14 92 36 87 43 3 447
0 83 75 58 75 44 3 448
1 14 83 56 78 52 1 449
0 107 82 42 85 39 3 450
1 49 83 44 73 79 1 451
0 21 86 45 89 42 3 452
1 49 78 54 84 47 4 453
0 49 82 48 86 54 3 454
1 118 83 47 78 53 1 455
0 72 86 34 80 24 3 456
1 118 87 50 81 62 1 457
0 125 85 42 73 58 3 458
0 103 74 61 80 48 3 459
1 49 82 42 82 42 1 460
0 49 80 54 81 54 3 461
1 133 89 51 87 55 1 462
1 83 90 40 44 42 1 463
1 118 82 53 84 51 1 464
1 118 89 47 85 39 1 465
0 14 90 47 90 42 3 466
0 49 81 52 75 56 5 467
1 49 91 35 85 41 6 468
0 39 84 44 78 63 3 469
0 20 88 44 85 43 3 470
0 9 85 46 77 39 3 471
1 99 75 60 78 57 1 472
1 14 78 64 80 63 2 473
0 59 88 52 81 44 3 474
0 118 89 46 89 46 3 475
1 49 74 60 87 42 5 476
0 81 82 50 86 49 3 477
1 83 78 53 81 54 1 478
1 81 85 45 88 45 2 479
0 121 84 54 70 78 3 480
0 49 88 45 86 55 5 481
1 49 84 44 85 41 4 482
1 14 76 55 80 49 1 483
1 113 87 45 91 39 1 484
0 38 86 41 84 1 3 485
1 67 81 53 86 45 1 486
0 92 86 39 86 46 3 487
1 49 85 39 77 54 3 488
1 83 85 44 76 60 1 489
0 25 84 44 82 51 3 490
0 26 72 61 89 47 3 491
1 127 83 47 75 60 2 492
1 13 80 53 75 60 1 493
0 49 85 45 87 42 3 494
0 14 78 58 76 60 3 495
0 110 77 58 83 61 3 496
0 83 88 53 84 58 5 497
1 14 77 57 77 55 1 498
0 83 80 54 72 73 3 499
1 14 80 62 73 76 1 500
1 109 25 15 85 59 1 501
1 118 85 43 82 42 1 502
1 115 84 45 81 54 3 503
0 28 84 50 86 50 3 504
0 83 88 44 63 71 5 505
0 34 83 57 66 89 3 506
1 118 85 35 92 35 1 507
0 87 80 63 82 52 3 508
0 14 86 43 84 48 3 509
0 83 79 52 86 47 3 510
0 118 90 42 86 49 3 511
1 14 78 57 81 51 5 512
1 117 82 59 82 62 2 513
1 99 82 59 85 59 1 514
0 41 86 47 88 51 3 515
1 49 76 54 64 55 5 516
1 118 75 58 75 61 1 517
1 118 81 51 75 56 1 518
0 131 82 51 75 60 3 519
1 80 74 38 76 25 1 520
1 74 80 55 80 50 3 521
1 83 88 42 82 50 1 522
0 41 85 40 84 42 3 523
1 52 87 45 89 47 2 524
1 84 86 53 93 38 1 525
0 49 85 39 85 44 3 526
1 118 87 41 82 48 1 527
0 118 85 41 87 53 6 528
1 14 73 58 84 49 1 529
0 18 86 43 85 58 3 530
1 48 85 54 83 57 1 531
0 118 86 49 88 44 3 532
0 83 91 38 88 54 3 533
0 83 84 48 85 44 5 534
0 14 78 55 80 50 3 535
0 43 83 50 82 43 3 536
1 118 78 27 70 31 6 537
0 12 72 74 74 67 3 538
1 54 85 43 81 64 1 539
1 8 77 59 76 60 1 540
1 14 76 54 78 67 1 541
1 101 89 47 91 41 1 542
1 83 85 47 89 41 1 543
1 49 89 44 90 40 1 544
0 57 89 42 91 43 3 545
1 14 83 51 77 56 1 546
0 49 77 39 78 39 3 547
1 118 25 16 83 31 1 548
1 49 82 41 84 51 1 549
0 89 83 46 71 62 3 550
1 83 80 54 82 44 1 551
1 118 76 71 65 82 3 552
0 32 84 56 75 56 3 553
0 141 79 53 78 54 3 554
0 68 89 42 75 55 3 555
0 121 91 39 93 36 3 556
0 103 88 44 75 11 3 557
0 48 72 37 74 25 3 558
0 49 82 45 85 43 3 559
1 49 74 59 75 57 1 560
1 14 79 50 75 57 1 561
1 49 82 50 81 45 5 562
1 117 88 48 88 46 1 563
1 62 86 51 85 51 1 564
0 118 85 41 82 53 3 565
1 14 82 50 93 35 1 566
0 118 80 62 81 58 3 567
0 83 83 47 88 40 3 568
0 49 82 46 72 71 3 569
0 83 84 42 74 59 3 570
0 125 89 38 82 50 3 571
0 118 87 44 87 44 5 572
0 80 82 59 88 43 3 573
1 126 79 57 82 50 1 574
0 88 87 46 85 41 3 575
1 49 89 47 54 54 1 576
1 0 79 54 83 61 1 577
0 118 86 44 71 83 3 578
0 115 81 53 75 56 3 579
1 63 89 47 87 50 1 580
0 49 82 53 82 53 3 581
0 105 86 42 83 47 3 582
1 49 83 48 85 54 1 583
1 83 81 50 80 52 1 584
0 139 81 51 71 69 3 585
0 118 89 40 91 40 4 586
1 79 79 56 84 59 2 587
0 21 85 54 85 22 3 588
0 7 82 52 82 60 3 589
1 95 75 57 77 54 2 590
1 79 86 42 82 47 1 591
1 118 86 50 87 51 4 592
0 54 84 46 82 43 3 593
1 103 88 46 84 48 1 594
0 16 82 49 85 49 4 595
0 14 84 51 84 51 3 596
1 2 87 54 87 52 1 597
0 83 91 48 88 43 3 598
1 118 82 53 69 46 1 599
0 83 83 43 77 52 3 600
0 83 82 48 87 45 3 601
0 14 81 54 89 40 3 602
1 49 80 54 74 58 1 603
0 93 78 58 84 50 3 604
1 83 85 49 84 60 1 605
0 49 77 55 66 69 3 606
0 83 90 45 91 34 3 607
1 83 86 52 84 26 1 608
0 118 77 70 56 76 3 609
1 71 74 60 83 49 1 610
1 69 80 53 72 66 1 611
0 82 82 51 70 51 3 612
0 36 84 49 89 35 4 613
0 49 76 57 74 56 3 614
0 118 71 35 77 20 3 615
1 112 82 41 89 28 2 616
0 14 75 62 77 57 6 617
1 43 71 72 75 70 2 618
0 20 89 48 89 50 3 619
0 118 84 44 86 51 6 620
1 49 82 49 81 52 3 621
1 20 73 61 84 58 2 622
0 49 86 45 90 45 3 623
1 79 77 64 75 62 1 624
0 76 85 44 86 48 3 625
1 96 70 50 54 47 1 626
0 55 89 51 84 48 3 627
1 120 84 43 75 58 2 628
1 14 80 60 87 40 1 629
1 137 86 52 88 43 1 630
0 23 87 48 60 91 3 631
1 83 86 45 70 83 1 632
1 133 83 57 87 54 2 633
0 14 81 53 84 41 3 634
1 83 86 52 85 46 1 635
0 102 81 54 73 51 3 636
1 83 90 38 85 57 5 637
0 33 84 50 85 50 3 638
1 83 84 45 79 52 1 639
1 41 91 39 85 39 1 640
1 63 80 52 83 61 1 641
1 83 82 43 84 41 1 642
0 5 82 58 82 58 3 643
1 118 82 51 87 50 1 644
0 98 75 62 72 58 4 645
1 83 82 51 67 56 5 646
0 61 83 42 86 47 3 647
0 100 85 40 85 49 3 648
1 52 82 55 83 57 2 649
1 118 86 47 80 53 1 650
0 138 79 57 78 55 3 651
1 14 75 57 77 56 2 652
1 59 90 47 80 52 4 653
1 118 86 47 85 49 5 654
0 49 85 40 82 44 3 655
0 118 87 48 89 50 3 656
0 52 91 44 89 50 3 657
1 49 80 60 73 57 1 658
0 109 93 38 75 36 3 659
0 74 87 33 72 59 3 660
1 125 78 67 72 74 1 661
1 116 90 39 76 38 1 662
0 14 87 49 84 48 3 663
1 118 87 48 88 46 4 664
1 14 82 51 82 50 1 665
1 9 89 45 82 50 1 666
1 14 90 47 87 53 1 667
0 118 80 54 84 48 3 668
0 61 86 48 86 43 3 669
1 94 84 43 73 59 1 670
0 47 83 60 87 50 3 671
1 25 80 54 73 60 2 672
0 49 86 42 83 46 3 673
1 118 82 47 85 47 2 674
1 49 89 46 85 41 1 675
1 83 87 51 79 52 2 676
0 129 76 56 78 53 3 677
1 84 81 49 81 45 1 678
0 28 85 39 89 46 3 679
1 49 84 47 74 62 1 680
1 88 82 63 83 61 2 681
1 118 83 47 75 57 5 682
1 96 85 42 82 59 2 683
0 29 88 44 87 46 3 684
0 14 86 44 87 42 5 685
1 42 75 62 80 65 4 686
1 118 73 66 82 55 1 687
1 118 80 54 73 60 1 688
1 132 83 57 75 56 4 689
0 83 79 57 88 42 3 690
0 49 79 66 76 68 5 691
1 14 88 47 83 61 1 692
0 53 25 15 85 42 3 693
0 33 77 58 74 61 3 694
1 109 83 51 82 49 2 695
0 118 86 45 85 39 3 696
0 14 57 56 66 53 3 697
0 49 90 47 87 48 3 698
0 126 75 63 81 63 3 699
1 14 87 48 90 46 1 700
0 49 78 63 76 54 5 701
1 118 83 53 83 53 6 702
1 96 83 57 80 55 2 703
0 49 49 57 81 49 3 704
1 14 77 54 86 33 1 705
0 118 84 45 78 54 3 706
0 14 82 50 81 53 3 707
0 83 90 45 81 21 3 708
1 37 87 53 90 47 1 709
0 100 23 15 58 14 3 710
1 51 84 55 90 48 4 711
0 36 83 48 86 56 3 712
1 4 85 42 97 42 1 713
0 107 90 39 91 35 3 714
1 37 84 47 78 51 1 715
0 27 84 46 84 54 3 716
0 51 85 44 90 42 3 717
1 49 87 51 87 49 1 718
0 131 79 67 81 64 3 719
0 88 77 70 81 64 3 720
0 83 77 55 72 75 6 721
0 83 81 47 74 60 5 722
1 138 81 60 74 59 2 723
0 49 75 61 79 52 3 724
1 83 86 50 91 38 2 725
0 118 80 25 87 32 3 726
1 118 83 58 78 64 2 727
0 9 87 47 85 42 3 728
0 49 86 52 88 49 3 729
0 119 82 61 83 47 3 730
1 49 85 54 90 42 1 731
0 49 85 44 76 57 3 732
1 122 83 47 84 23 2 733
0 14 80 64 92 39 3 734
0 118 81 50 81 48 3 735
1 49 85 43 85 45 1 736
0 4 81 53 86 42 3 737
1 14 84 46 87 42 6 738
0 37 84 41 77 56 3 739
1 115 90 47 77 54 1 740
0 83 80 60 81 51 3 741
1 117 89 47 87 41 1 742
0 49 91 35 90 43 5 743
0 49 87 53 89 51 4 744
0 83 82 46 81 43 3 745
0 118 85 34 84 48 3 746
0 83 84 44 74 71 3 747
1 60 90 44 82 41 1 748
1 106 84 51 89 40 1 749
0 131 88 44 91 39 3 750
0 99 62 48 71 66 3 751
0 14 81 64 84 56 3 752
1 84 72 69 91 37 4 753
0 113 88 46 90 48 3 754
0 83 81 52 75 62 3 755
0 54 91 41 98 4 3 756
0 83 89 44 76 56 5 757
0 63 83 49 74 58 3 758
0 120 88 54 82 61 3 759
1 49 77 56 77 59 3 760
1 83 83 61 77 72 1 761
0 102 80 49 73 58 3 762
1 103 90 43 98 10 1 763
1 83 85 44 88 37 1 764
1 14 89 42 87 45 2 765
0 121 82 62 81 50 3 766
0 50 85 56 87 41 3 767
0 103 85 55 77 65 3 768
1 118 81 58 86 53 1 769
0 129 83 57 85 54 3 770
0 143 84 45 72 58 4 771
1 133 89 41 85 54 2 772
0 85 76 59 85 45 3 773
1 14 86 47 81 49 1 774
0 118 89 41 89 46 3 775
0 121 89 41 86 53 3 776
1 118 79 51 88 46 1 777
1 45 82 48 83 50 2 778
1 27 73 62 87 37 4 779
1 118 86 56 83 47 1 780
1 63 83 41 76 39 1 781
0 14 82 47 84 50 3 782
1 14 90 47 87 52 1 783
1 95 90 46 85 43 1 784
0 49 89 45 85 40 3 785
1 14 84 49 72 39 1 786
0 71 81 49 80 52 3 787
0 45 85 40 74 57 3 788
0 29 84 48 85 42 3 789
0 112 90 47 85 42 3 790
1 0 73 59 75 60 1 791
1 118 80 53 45 76 2 792
0 29 86 50 75 56 3 793
1 6 89 49 79 65 1 794
1 83 90 39 90 43 1 795
0 84 88 43 82 49 3 796
0 49 81 58 88 41 3 797
0 83 84 39 84 39 5 798
0 49 84 45 87 41 4 799
1 103 83 58 76 59 4 800
0 49 84 24 64 48 3 801
0 59 84 56 82 50 3 802
0 83 89 44 76 54 3 803
0 67 83 60 83 48 3 804
1 118 76 38 84 39 1 805
1 124 82 51 82 47 1 806
1 6 86 50 75 59 2 807
1 53 73 57 91 44 1 808
0 53 81 29 75 31 3 809
0 27 90 47 82 51 3 810
0 78 80 50 89 44 3 811
0 118 76 37 74 37 3 812
0 135 83 28 87 0 3 813
0 49 90 41 75 42 3 814
1 14 89 50 77 56 1 815
0 49 83 57 80 62 3 816
0 118 89 47 87 50 3 817
1 51 80 65 85 59 1 818
1 14 85 46 85 49 5 819
1 113 79 52 79 52 2 820
1 52 86 51 86 41 1 821
0 118 83 59 86 55 3 822
0 2 82 53 79 66 3 823
0 78 83 57 77 56 3 824
1 14 84 56 91 43 1 825
0 92 81 50 82 46 3 826
1 1 83 57 82 62 2 827
0 40 88 54 71 78 3 828
0 83 82 49 84 42 3 829
0 110 76 67 82 57 3 830
0 118 85 31 88 36 3 831
1 14 83 51 84 56 1 832
0 49 82 53 83 46 3 833
1 83 86 42 88 40 2 834
1 75 79 66 84 47 2 835
0 49 92 34 84 42 3 836
1 14 83 55 83 44 6 837
1 111 81 52 72 67 1 838
1 49 85 46 82 48 3 839
1 14 77 70 82 61 5 840
0 49 77 30 79 35 3 841
1 97 88 39 89 46 1 842
0 118 85 42 87 46 3 843
1 83 90 47 86 45 1 844
0 26 90 47 85 46 3 845
0 118 90 46 90 47 3 846
1 29 86 55 73 61 1 847
1 46 82 52 84 47 2 848
0 48 88 43 79 55 3 849
1 79 79 57 81 52 3 850
1 118 87 53 83 59 1 851
1 51 81 62 81 64 1 852
1 83 79 62 73 58 5 853
1 49 81 58 87 55 6 854
0 34 89 50 86 55 3 855
0 118 73 41 76 43 3 856
1 49 86 48 90 43 1 857
0 125 78 59 82 52 3 858
0 49 85 45 90 38 3 859
0 54 86 50 82 46 3 860
1 18 76 57 63 48 1 861
0 41 86 47 93 36 3 862
1 133 74 59 81 62 2 863
0 83 82 53 82 51 3 864
0 49 80 51 75 36 3 865
1 9 80 52 91 36 1 866
0 118 84 47 88 47 3 867
1 14 81 54 81 50 1 868
1 118 78 54 87 55 5 869
1 14 84 56 83 46 1 870
0 78 80 55 89 44 3 871
0 91 82 58 83 56 3 872
0 74 82 54 78 68 3 873
1 49 83 57 87 45 3 874
1 49 88 43 86 42 1 875
1 83 79 28 84 42 5 876
0 118 82 51 80 52 5 877
1 49 80 52 89 45 1 878
0 86 86 41 90 44 3 879
0 37 85 55 81 51 3 880
1 133 86 47 81 45 1 881
0 20 88 43 92 36 3 882
1 32 77 57 85 58 1 883
1 83 80 54 78 55 1 884
0 118 87 56 83 48 3 885
1 14 78 58 81 54 1 886
1 14 91 34 85 41 4 887
0 49 78 53 83 47 3 888
1 143 74 61 79 52 3 889
0 116 80 48 82 49 3 890
0 49 86 52 90 48 3 891
0 82 83 58 82 63 3 892
1 49 84 54 70 46 1 893
0 69 77 53 80 52 3 894
0 49 84 44 88 43 3 895
1 14 88 45 88 54 1 896
0 14 80 52 82 45 3 897
0 118 85 49 81 63 3 898
1 56 87 48 87 41 2 899
0 40 83 61 80 65 3 900
1 32 91 44 86 54 1 901
1 75 74 61 85 56 1 902
1 36 82 62 84 60 1 903
0 127 75 58 89 45 3 904
0 63 83 55 83 48 3 905
1 69 76 56 74 57 2 906
0 14 88 45 85 49 3 907
1 14 76 56 81 43 1 908
1 99 89 45 84 41 1 909
1 49 81 63 77 56 1 910
1 28 89 40 81 49 4 911
1 83 89 51 86 42 2 912
1 49 90 39 75 33 5 913
0 68 75 61 82 45 3 914
1 127 85 30 77 28 2 915
1 14 81 52 74 61 6 916
0 90 81 58 88 54 4 917
0 113 80 49 88 40 3 918
0 86 85 47 71 66 3 919
1 12 87 41 77 39 4 920
0 118 85 43 87 49 5 921
1 3 74 57 84 50 2 922
1 49 89 50 90 47 3 923
1 49 79 51 80 63 5 924
0 49 86 46 89 44 5 925
0 89 79 52 83 57 3 926
0 118 89 50 87 44 3 927
1 78 90 45 88 48 2 928
0 83 76 56 76 56 3 929
0 50 83 58 78 52 4 930
1 14 85 46 83 46 5 931
0 49 88 53 87 55 3 932
1 18 91 37 92 38 2 933
0 118 84 48 85 43 3 934
0 14 79 52 86 45 3 935
0 14 75 62 67 88 3 936
1 104 78 57 73 57 1 937
1 14 79 55 77 57 2 938
1 14 82 50 77 58 1 939
0 83 74 61 75 48 3 940
0 30 88 43 84 44 3 941
0 121 87 40 86 49 4 942
0 118 87 44 93 5 3 943
0 83 85 49 83 49 3 944
1 14 80 66 80 49 1 945
0 14 77 57 81 48 5 946
1 127 82 43 89 36 4 947
1 57 89 41 90 39 2 948
1 35 85 46 81 49 2 949
0 83 77 56 82 49 5 950
1 118 73 41 77 26 1 951
0 118 89 42 87 53 3 952
1 14 85 46 85 50 1 953
1 14 90 50 85 41 1 954
1 14 82 50 90 47 1 955
1 36 89 41 84 39 1 956
1 83 90 38 85 44 2 957
0 83 88 45 92 39 3 958
0 118 79 54 82 57 3 959
0 49 90 46 83 46 3 960
1 129 71 66 74 66 1 961
1 141 79 52 89 45 4 962
1 17 83 57 82 62 1 963
0 72 90 48 82 50 3 964
0 56 74 59 79 52 3 965
1 95 88 44 76 57 1 966
0 86 83 60 80 51 3 967
0 118 84 43 82 47 3 968
0 14 79 54 75 57 3 969
0 80 82 45 74 59 3 970
0 64 86 50 87 48 3 971
0 64 81 51 67 54 3 972
1 118 77 57 63 52 1 973
0 83 85 54 80 50 6 974
1 83 84 48 84 48 5 975
1 49 75 58 81 54 3 976
1 68 84 50 87 39 3 977
0 49 88 44 86 53 5 978
1 11 88 43 90 44 1 979
1 32 83 51 89 44 1 980
0 119 85 45 80 66 3 981
0 49 84 50 81 51 3 982
1 44 76 57 77 54 1 983
1 139 79 54 74 61 2 984
1 49 71 75 76 69 1 985
1 41 79 54 86 47 2 986
0 38 79 55 85 47 4 987
1 48 84 39 81 49 1 988
1 135 84 41 85 39 1 989
0 99 83 57 78 56 3 990
0 83 89 39 86 46 3 991
1 117 76 60 73 74 1 992
0 94 85 46 74 57 3 993
1 57 90 47 87 40 1 994
0 60 85 43 94 14 3 995
1 49 81 49 87 56 1 996
1 14 62 83 62 83 1 997
1 14 75 57 74 56 1 998
0 49 80 50 82 62 3 999
0 49 81 64 86 57 3 1000
1 80 82 61 78 64 1 1001
1 118 77 53 78 54 1 1002
0 83 90 40 88 47 3 1003
0 106 87 43 81 48 3 1004
1 118 52 58 92 39 4 1005
1 118 88 43 83 44 5 1006
0 21 81 53 76 55 4 1007
1 35 87 54 86 53 1 1008
0 83 80 60 76 67 3 1009
0 49 88 44 91 38 3 1010
1 83 84 42 66 89 1 1011
1 96 89 45 92 39 1 1012
1 18 89 47 82 48 1 1013
1 47 23 15 76 48 2 1014
0 48 81 58 80 61 3 1015
0 103 78 58 73 57 3 1016
0 115 85 46 82 48 3 1017
1 57 78 67 90 43 1 1018
0 13 82 48 65 53 3 1019
0 118 74 59 80 52 3 1020
1 118 72 61 84 40 2 1021
1 60 82 52 73 61 1 1022
0 83 73 60 66 86 3 1023
1 33 81 49 78 52 1 1024
1 14 89 44 91 35 1 1025
1 107 81 52 72 69 3 1026
0 129 88 52 77 69 3 1027
0 49 83 56 74 26 3 1028
0 49 76 37 88 42 3 1029
0 137 81 64 76 58 3 1030
0 5 74 61 86 47 3 1031
0 118 85 48 84 42 4 1032
1 49 90 41 85 41 5 1033
1 14 78 52 88 42 1 1034
1 14 74 66 72 70 1 1035
0 109 89 41 77 56 4 1036
0 88 81 59 82 46 3 1037
1 98 84 56 84 56 1 1038
1 53 81 50 85 49 3 1039
0 118 88 53 83 60 3 1040
1 139 86 40 87 52 1 1041
1 92 88 42 97 11 1 1042
1 14 52 58 34 27 1 1043
0 83 82 25 82 28 6 1044
0 118 87 53 78 63 5 1045
1 94 89 44 85 45 1 1046
0 83 79 53 81 49 3 1047
1 53 89 44 83 42 1 1048
1 83 81 40 89 49 1 1049
0 33 85 48 81 49 3 1050
1 118 86 53 82 61 1 1051
1 14 82 61 73 72 1 1052
0 97 86 44 80 52 3 1053
1 83 82 58 85 54 1 1054
1 84 85 40 82 42 1 1055
1 20 82 28 66 76 1 1056
0 33 93 38 89 40 3 1057
1 24 90 42 88 45 2 1058
0 141 80 50 83 45 3 1059
0 74 78 53 74 58 3 1060
0 142 88 55 77 53 3 1061
0 49 75 57 82 43 3 1062
0 24 77 57 78 53 3 1063
0 83 75 54 83 37 3 1064
1 1 87 54 86 50 2 1065
0 118 76 58 89 49 5 1066
1 91 83 59 81 63 1 1067
0 114 49 57 66 81 3 1068
0 49 79 57 81 51 5 1069
1 140 91 37 50 42 1 1070
0 83 76 38 82 48 3 1071
0 55 90 39 91 35 3 1072
1 64 89 44 87 50 2 1073
0 106 80 55 79 50 3 1074
0 89 88 46 83 60 3 1075
1 79 78 37 76 44 1 1076
0 49 87 42 83 48 3 1077
1 83 82 57 79 51 1 1078
0 118 85 40 85 54 3 1079
0 83 84 43 84 48 3 1080
0 24 83 58 63 52 3 1081
0 71 78 58 76 62 3 1082
0 65 90 44 92 36 3 1083
1 118 87 55 82 55 1 1084
0 113 74 57 89 38 3 1085
1 49 81 61 74 74 2 1086
1 49 87 43 85 49 5 1087
0 118 88 47 85 43 3 1088
1 14 72 42 77 52 1 1089
1 14 78 57 82 58 1 1090
0 118 79 54 70 69 3 1091
1 119 81 52 78 55 4 1092
0 65 88 42 84 48 3 1093
0 117 73 66 78 63 3 1094
1 126 74 26 77 23 1 1095
0 30 85 43 86 49 3 1096
1 49 81 27 85 47 1 1097
1 1 83 50 84 46 2 1098
0 10 83 61 78 52 3 1099
1 96 92 34 89 35 2 1100
1 118 52 58 80 29 5 1101
0 98 84 43 84 32 3 1102
0 83 85 41 85 43 3 1103
0 83 83 43 75 57 3 1104
1 118 86 41 75 74 1 1105
0 83 81 64 81 61 5 1106
1 118 85 43 84 45 1 1107
1 118 87 52 75 62 2 1108
0 118 91 39 71 41 3 1109
1 83 82 59 89 48 1 1110
1 113 88 53 85 40 1 1111
0 12 80 49 85 49 3 1112
0 14 81 51 83 48 3 1113
1 90 73 61 82 61 2 1114
1 118 81 63 77 68 5 1115
0 118 78 54 78 54 3 1116
0 29 85 46 86 50 3 1117
1 83 83 48 91 36 1 1118
0 14 83 50 82 46 5 1119
1 14 81 50 79 53 1 1120
0 83 89 42 54 52 6 1121
1 118 87 51 86 54 6 1122
0 49 25 15 86 49 3 1123
1 109 90 50 78 66 4 1124
0 118 81 64 79 61 3 1125
1 8 88 47 90 48 3 1126
1 49 82 47 85 42 4 1127
1 43 73 59 71 78 1 1128
0 79 80 66 76 60 3 1129
1 14 90 44 80 55 5 1130
0 83 81 63 89 47 3 1131
0 14 74 59 81 59 3 1132
1 6 87 43 84 43 1 1133
1 50 83 51 86 47 1 1134
0 83 79 57 85 49 3 1135
1 49 72 37 76 37 1 1136
0 90 82 47 86 45 3 1137
1 58 87 51 90 36 1 1138
0 26 82 52 82 41 3 1139
1 83 89 45 89 44 5 1140
1 35 76 55 43 41 1 1141
1 32 77 39 75 39 1 1142
1 8 92 35 89 40 3 1143
0 133 77 70 79 64 3 1144
0 15 85 54 85 49 3 1145
0 118 89 45 90 48 4 1146
0 83 79 62 78 60 3 1147
0 83 71 36 65 54 5 1148
1 42 89 40 85 40 3 1149
0 49 81 60 78 61 3 1150
1 20 82 59 83 58 1 1151
0 118 75 59 77 55 3 1152
0 37 86 50 89 43 3 1153
1 55 82 49 78 61 1 1154
1 12 85 44 86 42 1 1155
1 104 70 51 75 47 4 1156
1 118 84 56 89 40 3 1157
1 141 82 51 72 61 2 1158
1 41 83 43 84 49 1 1159
0 49 82 57 77 65 6 1160
0 135 82 53 80 53 3 1161
0 98 88 45 74 38 3 1162
1 14 81 54 83 48 4 1163
1 49 90 36 80 50 1 1164
0 14 78 52 84 48 3 1165
0 83 86 46 90 36 3 1166
0 22 78 68 85 59 3 1167
0 14 88 44 74 61 5 1168
0 49 91 35 92 36 3 1169
0 83 82 57 53 52 5 1170
0 118 86 46 86 41 3 1171
0 119 75 61 86 45 3 1172
1 63 89 50 85 43 1 1173
0 83 88 47 87 39 5 1174
0 2 82 50 73 59 3 1175
1 29 79 54 82 48 2 1176
1 83 83 55 87 54 1 1177
0 49 90 47 85 37 6 1178
1 24 79 66 82 59 2 1179
1 138 85 48 90 47 1 1180
1 21 89 48 65 47 2 1181
0 55 89 46 86 40 3 1182
1 49 89 49 85 49 3 1183
0 90 86 54 90 48 3 1184
1 14 91 46 84 45 1 1185
1 83 91 36 73 42 6 1186
0 135 76 54 73 58 3 1187
0 101 90 47 85 47 3 1188
0 68 83 47 72 21 3 1189
1 64 25 15 72 37 1 1190
0 101 82 58 76 57 3 1191
0 14 86 45 86 50 6 1192
0 83 83 51 82 45 3 1193
1 29 81 51 82 48 3 1194
0 118 82 51 78 57 3 1195
1 107 79 66 80 53 1 1196
1 84 75 58 75 56 1 1197
0 18 90 46 79 64 3 1198
1 20 86 41 82 41 4 1199
1 49 74 57 76 69 1 1200
1 118 90 37 87 25 1 1201
1 23 89 47 75 74 1 1202
0 65 89 47 69 86 3 1203
0 83 83 42 84 47 3 1204
1 0 85 44 86 42 1 1205
1 83 76 40 73 61 5 1206
1 118 83 61 87 56 1 1207
1 49 85 49 81 49 6 1208
0 82 72 69 75 73 3 1209
0 49 90 42 86 39 5 1210
0 118 86 48 87 40 3 1211
0 118 78 59 76 60 3 1212
0 138 83 57 81 62 3 1213
1 14 86 54 85 58 1 1214
0 101 83 46 84 48 3 1215
0 118 83 52 82 52 3 1216
0 13 76 39 82 43 3 1217
0 76 89 43 77 58 3 1218
1 37 75 55 76 58 3 1219
1 49 88 50 77 39 5 1220
1 19 87 48 70 80 1 1221
0 14 83 56 81 62 5 1222
1 14 87 55 90 39 1 1223
0 45 82 59 82 64 3 1224
1 88 81 58 73 57 1 1225
1 14 84 57 79 66 5 1226
1 76 83 60 83 59 2 1227
0 96 63 54 83 40 3 1228
1 71 82 41 89 40 1 1229
1 75 79 54 76 56 1 1230
0 14 81 48 91 34 3 1231
1 49 83 46 89 44 5 1232
0 83 82 53 82 50 3 1233
1 78 85 48 84 45 3 1234
0 95 91 43 84 56 3 1235
0 24 78 63 73 58 3 1236
0 14 79 53 71 67 3 1237
1 88 79 62 82 64 1 1238
1 20 88 37 84 41 2 1239
1 131 73 59 77 71 1 1240
1 10 84 55 80 63 1 1241
1 76 77 57 75 57 2 1242
0 127 81 54 83 48 3 1243
0 49 86 41 83 49 3 1244
1 49 87 52 84 56 1 1245
0 118 86 48 85 58 3 1246
1 36 85 41 86 50 3 1247
0 66 82 51 83 46 3 1248
0 14 82 51 81 58 3 1249
1 13 86 47 82 50 1 1250
0 29 85 48 85 44 3 1251
0 118 80 55 78 55 3 1252
0 129 88 54 83 56 3 1253
1 49 85 54 83 59 3 1254
0 118 87 53 71 66 3 1255
1 83 88 52 85 58 1 1256
0 96 81 47 87 21 3 1257
0 2 85 39 83 44 3 1258
0 102 65 36 78 31 3 1259
1 83 81 53 84 48 3 1260
0 14 85 40 91 37 5 1261
0 49 85 47 90 39 3 1262
1 53 78 55 77 56 1 1263
0 83 84 46 86 32 3 1264
1 49 74 38 85 41 4 1265
1 106 74 37 83 29 1 1266
1 45 80 62 86 38 1 1267
1 118 52 58 76 67 1 1268
1 14 78 55 91 37 1 1269
1 14 83 44 81 49 1 1270
1 47 90 38 86 42 1 1271
1 80 85 44 90 45 1 1272
1 118 85 48 77 39 2 1273
0 118 82 52 81 48 4 1274
0 13 82 57 74 70 3 1275
0 49 84 58 80 66 5 1276
1 49 87 47 76 36 2 1277
1 118 80 53 76 58 1 1278
1 49 74 74 76 71 2 1279
1 83 83 27 78 26 1 1280
0 96 85 54 78 69 3 1281
0 135 83 58 80 63 3 1282
1 139 90 46 84 55 1 1283
0 14 80 51 85 58 5 1284
1 65 90 47 86 33 2 1285
1 70 82 52 85 42 3 1286
1 44 85 47 83 49 3 1287
1 69 81 28 84 47 1 1288
0 38 88 48 74 24 3 1289
1 118 78 52 74 59 1 1290
1 66 81 49 87 45 1 1291
1 14 77 53 74 59 1 1292
1 45 87 28 92 39 4 1293
1 118 81 51 82 52 1 1294
0 14 82 51 79 50 3 1295
1 118 77 57 80 49 1 1296
0 49 83 47 81 63 3 1297
0 83 83 52 80 64 3 1298
1 17 82 49 81 62 1 1299
1 14 80 54 78 67 2 1300
1 49 83 60 89 41 5 1301
0 46 84 56 86 51 3 1302
1 49 89 48 86 54 2 1303
1 127 90 46 86 54 2 1304
1 83 88 45 84 43 6 1305
1 49 82 59 66 55 2 1306
0 59 82 58 87 54 3 1307
1 118 90 47 92 36 2 1308
0 14 85 56 87 50 5 1309
1 10 82 57 75 55 1 1310
0 21 91 37 74 39 3 1311
0 9 55 52 58 49 3 1312
1 14 87 41 87 48 5 1313
1 14 84 45 81 44 5 1314
1 83 87 39 89 49 2 1315
1 83 83 57 80 53 1 1316
0 118 86 41 85 50 3 1317
0 92 82 53 86 49 3 1318
0 10 78 55 82 48 3 1319
0 119 87 54 90 36 3 1320
1 44 87 44 73 60 1 1321
0 14 86 42 86 54 3 1322
0 20 90 48 86 46 3 1323
1 49 83 57 82 54 1 1324
0 49 79 52 86 46 3 1325
1 78 88 54 84 48 1 1326
0 71 82 48 90 42 3 1327
1 14 76 39 85 28 1 1328
1 103 83 47 79 53 1 1329
1 49 87 54 78 66 1 1330
0 131 80 64 75 68 3 1331
1 49 84 43 80 52 1 1332
0 37 76 59 91 40 4 1333
0 83 79 63 76 54 3 1334
1 31 77 38 59 45 1 1335
0 98 74 61 81 63 3 1336
0 83 79 55 75 55 3 1337
1 87 88 45 86 53 1 1338
0 58 86 42 86 40 3 1339
0 83 86 47 86 49 3 1340
1 99 90 46 76 54 1 1341
0 80 81 59 79 61 3 1342
1 87 84 46 77 56 1 1343
0 14 86 53 86 40 3 1344
1 21 84 50 85 47 1 1345
1 131 80 50 83 41 2 1346
0 96 90 46 90 46 3 1347
1 119 80 55 77 54 1 1348
1 83 90 40 87 50 5 1349
1 104 86 42 83 44 1 1350
1 119 85 41 46 70 4 1351
0 105 80 50 84 45 3 1352
0 71 80 60 84 45 3 1353
1 63 80 64 82 62 1 1354
1 142 76 28 87 15 1 1355
0 14 84 47 84 47 3 1356
1 30 89 47 92 36 1 1357
1 83 81 54 79 52 2 1358
0 49 83 60 76 55 5 1359
0 118 85 29 88 40 3 1360
1 125 74 38 83 43 1 1361
0 96 82 62 80 64 3 1362
0 49 82 62 89 46 3 1363
0 83 82 59 75 57 3 1364
1 83 84 46 75 56 1 1365
1 114 72 69 73 67 1 1366
0 57 85 59 71 75 3 1367
1 44 82 26 83 50 1 1368
0 49 82 61 90 41 3 1369
1 83 73 61 85 42 2 1370
1 48 78 54 76 57 1 1371
0 14 79 51 67 54 3 1372
1 52 85 44 81 42 2 1373
1 14 85 40 84 37 2 1374
1 49 86 47 75 55 6 1375
1 130 86 47 85 49 2 1376
1 91 75 58 74 62 1 1377
0 118 91 39 83 49 3 1378
1 110 85 46 82 50 1 1379
1 59 80 53 81 51 4 1380
1 118 78 37 86 39 4 1381
0 14 83 47 86 49 3 1382
1 118 81 59 79 61 1 1383
1 132 88 43 82 47 4 1384
0 118 73 36 71 35 3 1385
0 118 87 48 82 48 3 1386
1 14 89 44 78 37 2 1387
0 85 89 44 86 42 3 1388
1 14 77 52 77 58 5 1389
1 96 85 59 82 49 2 1390
1 121 81 59 83 44 2 1391
1 14 75 70 78 54 1 1392
1 118 80 61 89 43 2 1393
1 111 84 43 81 60 2 1394
1 49 89 41 81 50 6 1395
1 95 87 45 86 43 2 1396
0 83 85 43 82 49 3 1397
1 140 82 41 90 35 1 1398
1 83 82 42 89 48 1 1399
0 114 86 40 77 24 3 1400
0 49 81 42 73 35 3 1401
0 34 82 53 76 55 3 1402
1 14 68 62 78 64 2 1403
1 14 81 53 55 46 1 1404
1 41 68 53 54 49 1 1405
1 118 88 47 76 55 1 1406
0 114 87 53 87 50 3 1407
0 122 85 48 85 41 3 1408
0 82 92 12 85 7 3 1409
0 96 85 43 86 47 3 1410
1 44 75 62 83 57 1 1411
0 14 89 45 86 50 3 1412
1 14 84 42 86 47 5 1413
0 8 75 39 80 30 3 1414
1 7 83 43 73 38 1 1415
0 14 81 51 90 47 3 1416
0 49 75 39 73 38 6 1417
1 51 90 44 90 41 2 1418
0 49 87 50 75 59 3 1419
0 94 79 57 79 52 3 1420
0 96 82 45 90 47 4 1421
1 12 83 57 71 68 1 1422
0 14 87 45 82 48 5 1423
0 89 77 65 82 62 3 1424
0 131 83 60 82 61 3 1425
1 80 82 57 79 64 1 1426
0 40 88 54 77 59 3 1427
1 49 78 51 78 51 2 1428
0 83 85 54 80 49 3 1429
1 83 86 46 84 44 1 1430
1 118 84 44 70 66 1 1431
1 14 83 48 91 37 2 1432
1 83 80 55 84 49 2 1433
1 83 86 55 89 48 1 1434
1 14 80 52 52 48 1 1435
0 53 89 50 88 43 4 1436
0 14 88 50 80 65 3 1437
0 92 80 48 87 53 3 1438
1 49 89 45 87 50 2 1439
0 122 82 49 79 55 3 1440
0 69 52 58 74 67 3 1441
0 108 90 40 91 39 3 1442
1 39 90 45 90 38 1 1443
0 103 81 44 89 49 3 1444
0 82 88 46 87 48 3 1445
0 56 48 56 48 56 3 1446
1 83 76 58 77 54 1 1447
1 49 73 58 76 60 1 1448
1 119 86 54 81 65 1 1449
1 119 91 45 79 51 2 1450
0 14 85 44 92 36 3 1451
1 14 88 41 87 44 2 1452
1 14 86 42 90 35 1 1453
0 14 83 57 87 47 3 1454
1 83 79 63 82 62 1 1455
0 28 85 41 83 43 3 1456
0 83 85 45 86 50 6 1457
0 26 78 27 77 27 3 1458
1 14 86 32 86 34 1 1459
1 83 74 75 77 66 1 1460
0 82 85 41 76 39 3 1461
1 100 83 50 89 39 1 1462
0 32 90 37 86 54 3 1463
1 22 90 50 83 46 1 1464
1 78 83 59 82 62 2 1465
1 49 81 27 71 5 1 1466
1 123 77 60 80 65 1 1467
0 118 73 34 87 49 3 1468
0 92 76 60 81 62 3 1469
1 49 83 42 82 49 2 1470
0 110 82 49 89 44 3 1471
0 107 78 68 74 62 3 1472
0 35 89 46 85 39 3 1473
1 83 89 43 92 34 4 1474
0 17 82 58 86 42 3 1475
1 118 81 41 86 49 1 1476
0 81 87 53 73 78 3 1477
0 118 86 41 78 54 3 1478
1 49 81 58 84 49 2 1479
1 129 84 46 87 45 1 1480
1 49 79 55 80 25 1 1481
1 12 84 50 85 45 1 1482
0 112 84 56 73 63 3 1483
1 141 90 47 71 31 1 1484
1 139 84 41 85 39 3 1485
1 30 85 49 86 46 2 1486
0 83 86 50 75 43 3 1487
0 108 85 39 84 46 3 1488
0 34 74 75 74 62 3 1489
0 69 87 44 81 47 3 1490
0 130 77 39 69 38 3 1491
1 83 81 53 77 55 2 1492
0 49 86 52 86 49 5 1493
0 127 79 52 87 51 3 1494
0 14 75 54 79 53 3 1495
0 75 73 58 76 58 3 1496
0 113 89 47 87 40 4 1497
1 49 78 52 76 54 1 1498
0 129 83 51 81 49 3 1499
0 66 85 44 88 40 3 1500
0 78 86 41 84 48 3 1501
1 83 81 63 81 47 1 1502
1 13 71 72 72 70 1 1503
1 94 92 36 90 39 4 1504
0 106 87 40 84 38 3 1505
0 36 81 52 82 38 3 1506
1 49 76 61 77 58 6 1507
1 14 72 58 78 53 1 1508
1 59 84 43 86 22 1 1509
0 64 76 57 75 60 4 1510
0 52 82 49 86 50 3 1511
0 14 73 37 73 24 4 1512
1 83 84 58 87 54 2 1513
1 118 84 49 88 40 5 1514
1 67 81 60 77 58 1 1515
1 83 79 64 71 72 1 1516
1 83 85 41 69 65 1 1517
1 14 78 52 76 55 6 1518
0 83 82 51 91 37 3 1519
0 14 92 35 90 39 6 1520
0 130 83 46 86 49 3 1521
0 14 86 54 90 47 3 1522
1 14 82 42 90 42 1 1523
1 28 84 48 87 49 1 1524
0 26 83 59 74 57 3 1525
0 83 72 36 77 38 3 1526
1 1 86 45 83 49 1 1527
1 14 86 44 86 43 1 1528
1 96 88 44 84 59 1 1529
0 10 87 54 85 50 3 1530
1 83 84 57 84 55 1 1531
1 118 81 50 85 50 5 1532
1 14 79 52 85 43 1 1533
1 49 78 53 81 50 3 1534
1 118 76 60 72 78 3 1535
0 14 30 36 33 34 5 1536
0 29 86 40 84 47 3 1537
0 83 83 50 89 44 3 1538
1 49 71 64 72 66 5 1539
0 83 83 29 87 40 3 1540
0 14 84 47 86 44 3 1541
1 63 71 67 75 57 1 1542
1 83 84 57 76 60 1 1543
1 14 86 45 85 49 5 1544
1 64 89 42 86 41 1 1545
0 33 72 62 87 50 4 1546
1 139 87 48 81 64 2 1547
0 9 85 48 87 40 3 1548
1 105 89 45 80 52 1 1549
0 44 81 52 76 53 4 1550
1 50 72 76 73 70 1 1551
0 47 79 24 71 42 3 1552
0 25 74 35 74 37 3 1553
0 142 86 43 86 49 3 1554
1 87 88 47 77 19 1 1555
1 118 86 41 45 40 5 1556
0 80 77 57 91 36 4 1557
1 83 83 59 76 59 5 1558
0 84 74 60 87 42 3 1559
0 14 52 58 74 57 4 1560
0 118 78 65 85 54 3 1561
0 128 82 52 79 52 3 1562
0 14 89 42 83 55 3 1563
1 118 83 57 91 44 2 1564
1 49 75 62 77 58 1 1565
1 88 79 52 86 47 3 1566
1 49 83 46 82 30 2 1567
0 139 88 50 85 54 3 1568
1 47 84 43 74 58 2 1569
1 118 86 42 89 46 1 1570
0 43 59 53 80 49 3 1571
1 118 86 52 92 39 1 1572
1 14 79 66 83 60 6 1573
1 41 85 46 75 56 2 1574
1 14 89 47 78 67 1 1575
0 49 91 46 76 54 3 1576
0 49 89 43 81 47 3 1577
0 4 89 47 87 53 3 1578
0 118 76 67 80 60 6 1579
1 135 79 51 85 58 2 1580
0 4 74 60 86 49 3 1581
1 49 75 56 72 60 3 1582
0 83 82 61 83 58 6 1583
0 10 85 44 86 49 3 1584
0 118 86 44 99 44 3 1585
1 100 84 43 88 41 1 1586
0 45 83 52 89 40 3 1587
1 60 79 52 85 45 3 1588
1 99 86 42 90 43 2 1589
1 21 84 43 80 49 1 1590
1 49 80 61 82 48 1 1591
1 14 89 42 85 42 1 1592
0 14 75 55 73 58 5 1593
1 53 82 48 83 45 1 1594
1 83 73 58 76 53 1 1595
0 83 80 60 81 59 5 1596
0 46 87 41 91 38 3 1597
0 119 77 27 73 25 3 1598
1 121 84 56 84 56 1 1599
0 24 85 43 83 48 3 1600
0 49 88 46 88 46 5 1601
1 83 45 79 45 79 1 1602
0 118 82 53 80 51 5 1603
1 49 86 46 90 46 1 1604
1 49 88 45 82 42 1 1605
1 83 88 43 74 23 3 1606
0 14 88 39 85 43 3 1607
0 28 75 62 76 57 4 1608
0 118 79 61 89 41 3 1609
1 118 87 45 84 45 3 1610
0 10 52 58 83 42 3 1611
1 118 80 65 79 68 1 1612
1 49 73 63 75 60 1 1613
1 10 86 47 72 64 1 1614
1 56 79 66 82 62 3 1615
0 129 91 38 81 60 3 1616
0 49 76 54 83 48 3 1617
1 14 86 42 84 44 1 1618
1 83 87 52 90 42 6 1619
0 49 85 46 91 36 3 1620
1 66 75 68 78 68 1 1621
0 121 90 46 77 21 3 1622
1 60 89 43 87 45 2 1623
0 118 92 35 86 30 4 1624
0 57 78 55 76 57 3 1625
0 14 73 60 73 65 3 1626
0 67 80 60 80 51 3 1627
0 88 89 49 85 48 4 1628
1 118 74 58 78 64 2 1629
0 49 84 50 76 38 5 1630
0 118 82 45 63 48 3 1631
1 49 84 49 91 37 2 1632
1 133 82 42 86 55 1 1633
1 64 85 34 85 31 1 1634
0 83 78 52 66 78 3 1635
1 118 76 37 76 37 5 1636
0 67 83 51 82 47 3 1637
0 8 87 50 82 50 3 1638
0 118 85 40 81 49 3 1639
1 103 85 50 91 34 1 1640
1 18 84 51 84 49 1 1641
1 123 82 47 85 44 1 1642
0 83 89 43 91 40 5 1643
0 83 79 37 79 37 4 1644
0 83 78 53 84 38 3 1645
1 118 84 49 58 56 1 1646
0 18 86 55 85 56 3 1647
1 83 76 55 76 55 1 1648
1 29 84 43 82 44 1 1649
1 83 83 57 83 55 1 1650
0 14 73 68 85 60 3 1651
1 14 84 50 86 45 1 1652
0 83 86 28 81 24 3 1653
1 59 83 52 86 50 2 1654
1 111 81 63 87 49 2 1655
0 38 80 51 79 66 3 1656
1 5 86 48 85 44 1 1657
0 49 73 57 74 59 5 1658
0 118 86 47 83 47 3 1659
1 109 87 54 78 66 3 1660
1 113 87 47 85 46 4 1661
0 14 83 31 86 47 3 1662
0 96 75 56 72 64 3 1663
0 142 87 56 87 51 3 1664
1 20 88 53 88 54 4 1665
1 14 89 43 84 41 4 1666
0 83 79 51 79 62 3 1667
0 139 80 51 49 81 3 1668
0 49 81 62 82 42 3 1669
0 118 85 46 87 47 3 1670
1 83 85 45 66 48 3 1671
1 14 84 47 75 61 1 1672
1 68 84 47 80 55 1 1673
0 116 75 58 81 51 3 1674
1 49 84 48 77 68 1 1675
0 118 75 58 73 58 3 1676
0 14 85 45 84 46 3 1677
0 43 80 24 73 38 3 1678
0 138 86 48 90 46 3 1679
0 13 85 48 79 61 3 1680
0 69 83 48 83 44 3 1681
0 49 90 49 87 40 3 1682
1 14 88 45 84 54 2 1683
1 83 82 48 85 55 1 1684
0 83 85 55 85 46 3 1685
1 83 85 41 76 16 1 1686
1 118 84 49 76 57 1 1687
1 118 87 42 85 49 5 1688
1 12 83 57 85 53 2 1689
0 49 86 46 78 66 6 1690
0 99 79 57 85 41 3 1691
1 134 77 54 85 55 1 1692
0 83 88 43 79 25 3 1693
1 49 80 48 89 47 3 1694
0 111 82 42 86 43 3 1695
0 118 83 58 85 57 4 1696
0 49 81 53 87 39 3 1697
1 118 86 40 96 8 1 1698
1 82 75 57 84 48 1 1699
1 19 76 60 79 56 1 1700
1 49 89 41 86 50 5 1701
0 83 83 49 90 47 3 1702
0 104 89 44 83 44 3 1703
1 0 83 49 85 55 1 1704
1 34 90 47 88 49 1 1705
0 127 62 41 77 38 4 1706
0 49 87 42 73 59 6 1707
0 14 84 56 87 46 3 1708
1 72 84 41 90 45 1 1709
0 83 75 28 75 35 6 1710
1 36 82 47 76 54 1 1711
1 118 70 65 71 63 1 1712
0 140 83 57 80 64 3 1713
1 49 81 53 84 24 1 1714
0 14 74 57 76 58 3 1715
1 14 52 57 73 79 5 1716
1 118 85 45 91 40 1 1717
0 118 86 52 84 46 5 1718
0 83 77 70 73 78 3 1719
1 118 90 41 91 36 2 1720
0 118 81 54 71 81 3 1721
1 49 84 29 87 26 1 1722
0 24 77 38 88 53 3 1723
1 64 87 41 85 45 1 1724
0 118 74 56 76 57 3 1725
1 34 85 43 85 45 1 1726
1 20 83 56 85 55 2 1727
1 79 86 45 83 43 1 1728
1 49 83 50 88 44 2 1729
1 94 86 47 82 50 2 1730
0 83 88 48 77 55 3 1731
0 71 81 54 74 58 3 1732
0 49 84 46 89 42 3 1733
0 102 89 42 84 43 3 1734
1 49 86 56 86 56 1 1735
1 118 78 58 80 61 1 1736
1 130 88 39 82 50 2 1737
1 6 82 51 88 30 1 1738
0 118 78 52 79 53 3 1739
0 118 85 29 82 24 3 1740
0 47 83 55 90 49 4 1741
0 49 83 49 83 49 3 1742
0 96 83 47 42 39 3 1743
1 118 82 51 80 50 2 1744
0 83 89 41 82 48 3 1745
1 118 91 38 91 36 5 1746
0 14 81 59 82 63 3 1747
1 131 90 48 85 54 1 1748
1 83 88 43 75 58 2 1749
0 83 78 37 77 19 3 1750
0 49 85 45 75 57 3 1751
0 49 83 48 83 48 5 1752
0 49 75 56 73 58 3 1753
1 118 72 59 91 40 1 1754
0 115 81 50 68 17 3 1755
1 14 82 52 84 49 3 1756
1 83 85 45 64 56 1 1757
0 123 85 54 85 57 3 1758
1 49 84 49 86 41 1 1759
0 9 81 54 78 53 3 1760
0 71 86 56 82 39 3 1761
1 84 76 39 86 41 2 1762
1 82 86 54 80 63 4 1763
1 14 71 36 75 36 1 1764
0 88 77 38 78 16 3 1765
0 12 80 54 83 49 3 1766
0 49 81 54 81 49 3 1767
0 14 84 57 81 64 6 1768
1 49 74 41 75 38 1 1769
1 118 84 39 72 40 2 1770
0 140 52 58 87 29 3 1771
0 118 80 50 85 41 3 1772
0 14 83 56 83 56 3 1773
0 118 82 45 81 50 3 1774
0 123 81 59 77 58 3 1775
1 49 83 48 82 51 1 1776
0 83 91 43 91 43 3 1777
1 136 87 41 82 60 1 1778
0 6 80 64 73 61 3 1779
1 14 87 38 87 38 2 1780
0 83 78 53 81 50 3 1781
1 49 84 43 82 40 4 1782
0 18 76 70 76 74 3 1783
0 82 89 41 79 52 3 1784
1 49 77 53 83 57 1 1785
1 14 79 55 63 83 1 1786
0 14 85 41 85 45 5 1787
0 83 86 50 84 44 6 1788
1 14 84 60 80 49 3 1789
0 47 85 46 75 59 3 1790
1 83 83 56 74 67 1 1791
1 78 84 42 81 44 4 1792
1 104 79 63 83 61 1 1793
0 49 76 54 70 81 3 1794
1 32 71 35 73 36 3 1795
0 49 86 32 89 40 3 1796
1 24 87 39 81 44 2 1797
0 127 88 45 89 50 3 1798
1 14 89 47 86 47 2 1799
0 83 73 59 76 59 3 1800
0 88 86 40 69 38 3 1801
1 51 81 45 84 40 1 1802
0 131 83 57 85 43 3 1803
0 8 86 53 75 67 3 1804
1 142 89 47 89 50 1 1805
1 80 84 54 75 56 2 1806
1 59 79 54 83 48 1 1807
0 49 84 45 72 59 3 1808
0 49 85 40 83 58 3 1809
0 14 76 59 76 60 3 1810
0 49 90 39 76 39 3 1811
0 118 89 50 86 54 6 1812
0 14 84 48 82 49 3 1813
1 47 82 51 85 49 1 1814
0 110 88 42 86 54 3 1815
1 40 88 47 85 55 1 1816
0 103 77 56 82 51 3 1817
0 118 81 58 89 46 3 1818
1 118 84 43 88 46 5 1819
1 113 86 58 87 48 2 1820
0 118 79 53 86 46 3 1821
1 14 52 58 67 9 5 1822
1 107 89 43 87 46 1 1823
0 49 81 52 76 53 6 1824
0 83 82 61 81 62 3 1825
0 94 83 62 86 45 3 1826
0 83 81 59 81 62 5 1827
1 118 86 40 83 45 2 1828
1 49 82 61 77 55 2 1829
1 49 83 43 80 51 1 1830
1 49 79 66 82 63 2 1831
1 20 83 59 83 43 3 1832
0 119 89 50 92 34 3 1833
1 80 75 63 82 63 4 1834
0 83 91 45 88 41 6 1835
1 83 88 45 79 51 1 1836
0 111 86 44 78 51 3 1837
0 142 90 44 83 60 3 1838
0 55 81 48 82 54 3 1839
0 14 89 53 90 48 3 1840
0 14 85 45 74 56 3 1841
0 28 88 43 77 57 3 1842
1 73 84 49 75 57 1 1843
1 14 87 54 85 43 6 1844
1 0 55 52 57 51 1 1845
1 63 79 55 73 60 1 1846
1 110 77 53 75 56 2 1847
0 6 79 54 74 60 3 1848
1 14 91 34 73 61 2 1849
0 65 23 15 79 16 4 1850
0 29 90 39 88 44 3 1851
0 127 81 63 70 84 3 1852
0 49 87 40 85 46 3 1853
0 76 87 47 85 56 3 1854
1 83 85 46 82 43 5 1855
1 79 82 42 85 49 2 1856
1 14 81 58 80 60 1 1857
0 74 79 64 81 62 3 1858
1 92 87 45 77 58 2 1859
0 83 78 53 66 35 3 1860
1 133 81 45 84 48 3 1861
1 118 84 55 86 56 1 1862
1 118 76 57 89 36 1 1863
0 49 81 53 78 68 3 1864
1 118 85 43 82 29 1 1865
0 49 78 65 64 53 3 1866
1 64 84 40 91 34 3 1867
0 126 86 57 75 57 3 1868
1 112 82 49 77 57 1 1869
0 118 81 63 77 69 5 1870
0 97 78 64 82 59 3 1871
1 87 75 55 78 68 1 1872
0 14 91 47 85 43 3 1873
0 83 72 77 73 78 3 1874
1 118 65 57 84 41 1 1875
1 121 82 50 85 31 1 1876
0 112 79 51 87 46 3 1877
0 83 91 39 76 52 3 1878
0 7 82 50 81 52 4 1879
0 49 78 69 72 73 3 1880
1 20 87 53 87 48 1 1881
0 83 82 57 81 52 3 1882
1 118 85 44 83 58 2 1883
1 118 85 39 83 48 1 1884
0 125 88 53 87 55 3 1885
1 37 82 46 89 49 1 1886
0 105 81 58 80 61 3 1887
1 118 88 45 88 48 1 1888
1 102 88 40 83 47 2 1889
1 83 75 63 78 63 5 1890
1 83 52 58 82 59 1 1891
1 18 87 55 90 38 1 1892
1 40 83 50 89 44 4 1893
0 63 84 42 77 66 3 1894
0 71 81 59 84 55 3 1895
0 14 80 55 72 58 3 1896
1 71 85 54 75 57 1 1897
0 2 88 42 77 55 3 1898
0 83 89 43 80 55 3 1899
0 104 87 47 64 90 3 1900
1 83 81 53 82 44 1 1901
1 83 80 53 85 44 2 1902
0 118 81 46 90 35 5 1903
1 14 82 53 80 48 5 1904
1 14 25 16 55 50 1 1905
1 49 88 54 88 50 4 1906
1 83 78 61 84 49 2 1907
0 118 86 46 74 57 3 1908
1 14 84 46 83 43 2 1909
1 49 83 56 86 47 1 1910
1 14 74 59 80 48 1 1911
1 49 79 67 87 55 1 1912
1 40 85 44 86 54 4 1913
0 63 87 20 86 32 3 1914
1 83 86 55 70 64 1 1915
0 90 85 44 86 49 3 1916
0 118 90 44 68 35 3 1917
1 49 84 48 84 48 2 1918
0 83 89 42 81 43 3 1919
1 103 84 43 86 41 1 1920
0 68 85 46 85 46 3 1921
0 98 88 39 84 51 4 1922
0 21 84 59 79 67 3 1923
1 9 82 53 78 53 3 1924
0 35 73 60 87 44 3 1925
1 83 91 35 81 53 1 1926
0 49 82 51 79 53 3 1927
1 97 80 25 84 26 1 1928
1 118 73 64 75 54 1 1929
1 49 90 38 78 37 5 1930
0 14 78 58 83 60 3 1931
0 86 81 58 81 65 3 1932
0 14 89 44 88 43 3 1933
1 49 73 67 77 66 1 1934
1 83 93 39 70 38 5 1935
0 40 83 59 88 53 3 1936
0 118 79 51 85 42 3 1937
1 118 89 41 82 31 1 1938
0 83 85 47 88 38 3 1939
0 118 74 60 75 60 3 1940
0 66 80 55 71 62 3 1941
1 64 76 58 82 63 1 1942
0 138 79 54 73 52 3 1943
1 24 81 54 84 49 1 1944
1 66 85 48 76 40 1 1945
0 49 82 60 79 65 3 1946
1 14 75 37 73 37 1 1947
1 21 76 58 74 43 1 1948
0 49 66 58 61 57 3 1949
1 125 82 61 83 57 3 1950
0 49 77 68 68 73 3 1951
1 114 83 44 78 53 1 1952
0 49 91 46 88 41 3 1953
1 103 86 52 90 42 2 1954
1 45 80 54 61 94 2 1955
1 90 87 55 79 52 1 1956
1 118 90 43 90 44 1 1957
0 40 88 39 65 31 3 1958
1 18 85 40 88 54 1 1959
0 138 80 51 67 54 3 1960
0 83 83 50 83 50 3 1961
1 118 82 52 79 51 5 1962
0 20 83 57 73 59 3 1963
0 14 79 52 80 50 3 1964
1 83 85 55 73 66 4 1965
0 15 90 40 89 36 3 1966
0 110 83 48 82 49 3 1967
0 56 81 53 82 60 3 1968
1 49 83 42 81 50 5 1969
0 118 85 44 82 48 3 1970
0 83 77 70 81 65 3 1971
1 14 82 45 83 49 5 1972
0 45 82 53 87 30 4 1973
1 39 81 58 74 58 1 1974
0 27 86 47 86 45 3 1975
0 49 81 61 83 57 3 1976
1 49 85 48 85 48 3 1977
0 52 85 46 85 40 3 1978
0 118 80 60 83 58 5 1979
1 83 86 48 83 41 6 1980
0 83 79 57 74 53 3 1981
0 56 85 54 83 55 3 1982
1 14 87 42 89 46 1 1983
1 137 79 55 74 59 1 1984
0 118 87 41 82 59 3 1985
1 14 91 39 75 59 1 1986
0 83 82 59 81 63 6 1987
0 49 82 45 93 39 3 1988
1 118 89 42 85 39 1 1989
1 8 89 41 84 39 1 1990
0 14 75 57 81 62 3 1991
1 118 84 44 86 50 5 1992
1 48 76 49 87 41 1 1993
1 118 74 60 81 51 1 1994
1 140 83 49 83 60 1 1995
1 83 90 44 81 64 1 1996
0 115 86 50 88 41 3 1997
0 1 91 37 89 41 3 1998
1 108 90 36 81 54 2 1999
