1 63 56 80 53 80 1 0
1 19 47 50 70 33 5 1
1 0 68 69 70 72 1 2
1 77 65 1 53 2 2 3
0 96 42 11 37 13 3 4
0 140 46 31 47 35 3 5
1 0 49 49 46 54 1 6
1 138 86 5 88 4 2 7
0 94 51 30 54 29 3 8
0 90 62 24 56 31 3 9
0 16 54 53 51 50 3 10
0 67 6 66 5 69 3 11
1 139 58 1 63 1 5 12
1 93 37 40 45 31 1 13
0 135 6 34 6 28 4 14
0 29 59 33 49 41 4 15
0 9 48 56 55 46 3 16
0 117 56 50 39 70 3 17
1 76 68 41 66 44 6 18
0 5 58 46 58 54 3 19
1 18 58 37 60 46 5 20
0 117 57 38 95 28 3 21
0 112 54 50 45 63 3 22
1 0 30 47 28 48 1 23
1 98 70 36 64 46 2 24
1 8 29 49 40 44 3 25
0 128 62 21 55 30 3 26
0 72 63 42 68 43 5 27
0 12 53 27 56 27 3 28
1 62 88 93 86 94 1 29
1 135 6 66 5 68 1 30
0 54 44 47 54 30 3 31
0 139 65 1 61 2 3 32
0 68 54 72 57 76 3 33
1 141 53 54 55 52 1 34
0 10 47 28 39 46 3 35
0 134 52 18 49 19 3 36
1 88 54 42 56 39 1 37
0 44 52 61 53 45 3 38
0 41 51 61 52 57 3 39
0 36 28 54 28 58 5 40
0 102 46 58 48 55 6 41
1 139 6 35 5 43 6 42
1 18 58 36 54 54 5 43
0 51 27 61 28 58 3 44
1 78 61 14 58 17 2 45
1 53 48 36 59 27 1 46
0 18 52 61 50 63 3 47
0 29 6 33 6 36 3 48
0 8 51 55 51 47 3 49
1 76 62 51 66 38 1 50
1 1 60 33 55 35 1 51
1 77 70 6 82 4 1 52
0 39 55 42 53 54 5 53
0 62 60 1 66 1 3 54
0 17 70 39 62 49 3 55
1 126 55 48 58 44 1 56
0 13 65 50 74 31 3 57
0 33 49 57 31 99 3 58
0 85 50 39 54 37 3 59
0 110 59 34 61 35 3 60
0 121 6 36 5 51 3 61
1 90 61 17 59 33 1 62
1 105 50 20 54 20 4 63
0 117 57 2 61 1 3 64
1 14 65 26 54 49 1 65
1 120 54 76 57 72 1 66
1 27 5 66 6 64 1 67
0 84 98 10 98 22 4 68
0 1 58 36 62 40 3 69
0 125 46 31 49 29 3 70
1 24 51 50 43 51 1 71
1 128 25 41 27 45 5 72
0 136 55 77 54 79 3 73
1 7 30 57 30 60 2 74
1 2 53 60 62 47 2 75
1 68 57 14 50 16 2 76
0 86 45 38 44 34 3 77
0 85 34 41 28 49 3 78
1 72 67 42 68 38 1 79
0 80 55 76 56 78 3 80
0 108 35 16 67 42 3 81
0 72 98 12 98 19 3 82
0 11 54 80 55 77 3 83
1 51 46 23 40 20 2 84
0 53 50 54 52 50 3 85
1 138 63 45 67 36 1 86
1 24 40 44 38 42 1 87
0 68 67 35 66 37 3 88
0 128 53 28 53 24 3 89
0 115 55 42 47 37 3 90
0 27 6 41 6 62 3 91
1 21 66 41 68 43 1 92
0 132 32 78 54 58 6 93
0 66 69 45 68 47 3 94
1 108 91 28 92 33 5 95
1 55 51 33 48 36 1 96
1 130 46 2 51 2 2 97
1 5 53 57 55 53 2 98
0 52 57 41 51 54 3 99
0 59 61 41 65 42 3 100
0 132 52 52 52 44 3 101
1 143 69 38 69 43 1 102
1 90 59 18 36 13 1 103
0 30 59 55 59 46 3 104
1 108 67 93 65 94 1 105
0 96 53 27 46 31 3 106
0 10 60 37 55 49 3 107
1 2 56 18 61 18 2 108
1 70 58 50 57 44 1 109
0 70 39 37 39 29 3 110
1 117 5 28 6 31 3 111
0 136 58 26 61 24 4 112
1 128 42 12 44 11 1 113
0 19 68 78 51 75 3 114
1 29 53 30 51 31 2 115
1 38 52 17 49 17 1 116
0 52 67 41 68 39 3 117
0 111 49 53 56 42 3 118
1 21 60 45 55 54 2 119
0 96 32 49 32 44 3 120
1 86 6 48 7 41 1 121
1 51 54 35 54 41 1 122
1 48 88 93 83 96 1 123
1 74 56 73 58 75 6 124
0 65 56 39 59 46 5 125
1 8 55 30 56 35 1 126
0 79 22 19 47 50 3 127
0 104 56 20 57 11 3 128
1 71 49 57 51 48 1 129
1 57 31 51 27 58 1 130
0 77 60 27 60 32 3 131
1 28 50 42 53 38 1 132
1 35 57 22 55 25 1 133
1 11 44 65 51 60 1 134
1 79 30 48 30 52 1 135
1 17 55 41 56 38 1 136
1 138 61 30 30 14 3 137
0 31 59 1 55 1 6 138
1 37 49 4 46 4 1 139
1 122 68 40 64 46 1 140
1 48 45 49 44 46 2 141
0 28 51 55 59 38 3 142
1 48 59 36 53 41 1 143
1 19 52 44 55 41 5 144
1 48 67 34 63 44 2 145
0 19 70 70 66 73 5 146
0 61 59 43 60 41 6 147
1 9 45 28 46 25 4 148
1 59 61 34 59 36 2 149
0 92 69 34 58 39 3 150
1 8 55 30 50 35 2 151
1 41 52 53 46 59 1 152
0 130 50 45 38 32 5 153
1 53 53 21 49 23 1 154
1 128 54 54 51 59 1 155
1 77 52 41 48 36 6 156
1 24 59 43 54 42 1 157
1 23 52 32 59 28 1 158
0 24 42 39 43 32 3 159
1 0 43 12 37 13 1 160
0 55 54 52 45 61 3 161
0 111 71 39 70 34 3 162
0 80 57 80 42 80 3 163
0 35 53 29 37 25 3 164
1 0 36 14 41 11 1 165
0 128 55 22 52 24 3 166
1 102 6 30 6 39 1 167
1 13 71 40 69 42 5 168
1 70 87 93 85 96 2 169
0 78 53 25 60 33 3 170
0 126 60 72 54 72 3 171
0 5 56 35 61 33 3 172
0 79 57 39 52 59 3 173
1 137 87 4 85 5 1 174
1 82 54 38 55 32 1 175
0 29 65 30 62 38 3 176
0 130 62 51 62 47 4 177
0 128 59 25 60 23 3 178
0 84 48 41 42 71 3 179
0 80 6 48 7 46 3 180
0 128 51 36 52 32 6 181
0 93 54 41 49 51 3 182
1 57 98 7 97 0 1 183
1 73 66 79 71 72 4 184
1 20 56 32 53 33 3 185
0 117 32 38 28 56 3 186
1 120 47 4 43 4 6 187
0 52 55 50 54 44 3 188
0 117 31 56 32 53 3 189
1 63 91 28 90 26 1 190
1 47 81 5 79 6 1 191
0 107 59 16 52 16 4 192
0 129 45 54 47 46 3 193
0 3 57 43 53 42 3 194
1 128 56 39 63 33 2 195
0 94 30 61 32 44 5 196
0 125 79 6 81 5 3 197
0 120 68 43 66 48 3 198
1 15 58 28 50 32 1 199
1 56 61 32 68 41 3 200
1 43 53 47 41 45 1 201
1 76 62 49 61 42 1 202
1 106 80 6 83 4 1 203
0 112 36 13 38 14 3 204
0 84 51 61 44 65 3 205
1 19 87 94 85 96 1 206
1 45 56 43 52 50 4 207
0 38 54 43 56 46 3 208
0 81 5 63 5 70 5 209
1 9 87 3 85 2 2 210
1 140 56 34 17 23 2 211
1 77 62 25 70 25 3 212
1 52 49 49 55 50 3 213
1 63 56 25 65 26 1 214
1 128 60 28 59 25 1 215
0 102 47 67 46 64 3 216
0 128 30 51 12 42 6 217
1 78 41 33 43 37 2 218
1 16 45 44 49 34 2 219
0 55 5 78 5 58 3 220
1 13 57 40 54 38 1 221
0 59 86 4 83 4 3 222
1 55 31 54 32 52 2 223
1 11 43 70 54 49 2 224
0 96 54 45 47 61 3 225
0 51 68 39 66 40 3 226
1 61 49 28 45 29 2 227
0 113 56 50 44 40 3 228
1 3 47 51 46 53 2 229
1 121 88 93 87 95 1 230
1 0 49 59 51 55 1 231
0 116 57 26 60 29 3 232
1 0 27 55 31 43 1 233
1 107 30 49 29 52 1 234
1 143 47 46 47 49 1 235
1 23 57 30 61 25 1 236
0 35 6 51 6 59 3 237
0 38 50 55 50 51 3 238
1 6 31 57 28 55 1 239
1 14 58 18 63 17 3 240
1 65 6 64 6 61 2 241
0 121 6 41 5 39 3 242
1 83 27 50 29 46 2 243
1 37 47 31 52 26 2 244
0 39 59 45 56 40 3 245
1 27 46 33 41 34 1 246
0 7 65 38 63 44 3 247
1 113 58 34 56 27 1 248
0 94 31 51 27 59 3 249
0 12 67 40 58 40 4 250
0 62 49 50 53 47 5 251
1 46 49 79 56 73 3 252
0 132 54 50 49 51 3 253
1 41 41 74 42 72 1 254
0 62 69 44 72 29 3 255
1 26 51 17 44 17 2 256
1 7 52 30 49 38 3 257
0 6 30 60 32 50 3 258
1 107 49 32 51 26 1 259
1 42 98 17 98 12 1 260
0 72 51 40 57 36 4 261
1 51 92 28 91 31 1 262
0 29 61 31 58 41 3 263
0 140 65 75 67 74 3 264
1 7 28 59 32 47 1 265
1 128 68 36 68 42 1 266
1 72 55 60 58 58 2 267
1 135 68 72 69 74 2 268
1 62 50 45 54 40 3 269
1 143 52 60 45 59 2 270
1 17 64 44 62 42 1 271
0 70 68 71 62 68 3 272
1 27 68 47 64 19 1 273
0 36 60 40 62 35 5 274
0 117 49 56 44 67 5 275
1 15 60 16 58 17 1 276
0 22 62 24 45 27 3 277
1 112 60 27 61 24 1 278
1 141 68 69 66 74 1 279
0 100 98 19 98 22 3 280
0 26 54 41 48 50 3 281
1 93 46 20 50 20 1 282
1 47 61 40 59 43 1 283
1 137 98 15 98 20 2 284
0 60 51 31 49 30 3 285
0 58 64 92 66 93 3 286
0 64 38 14 36 13 3 287
1 140 64 76 70 72 1 288
1 16 28 53 28 47 1 289
1 14 57 55 51 61 3 290
1 46 59 29 58 47 2 291
0 47 81 4 77 6 3 292
1 130 55 56 58 31 3 293
1 139 63 1 55 2 2 294
1 65 6 38 6 42 1 295
0 38 57 27 53 32 3 296
1 66 61 32 61 35 2 297
1 128 98 22 98 17 2 298
0 0 5 65 5 59 3 299
1 108 92 26 91 29 1 300
1 77 68 74 72 71 1 301
0 51 5 68 6 66 3 302
0 80 33 48 21 37 5 303
0 46 48 70 45 81 4 304
1 130 41 4 35 3 1 305
1 90 39 2 47 2 1 306
0 128 60 36 58 38 3 307
1 44 46 54 33 57 3 308
1 133 49 54 45 60 3 309
0 0 50 54 49 48 3 310
0 11 43 55 45 52 3 311
0 117 57 46 55 39 3 312
0 1 52 41 55 42 3 313
1 63 31 59 30 62 2 314
1 5 54 30 61 33 1 315
0 119 73 37 60 41 3 316
1 135 61 32 64 36 1 317
0 7 30 49 31 47 3 318
0 56 53 37 48 49 3 319
1 78 92 27 91 8 1 320
1 31 61 44 56 63 1 321
0 1 51 20 53 19 3 322
0 8 29 47 31 44 3 323
1 91 6 35 5 63 2 324
0 122 67 38 64 22 3 325
0 13 53 80 46 80 3 326
1 6 62 35 59 37 1 327
1 138 48 21 46 20 3 328
0 26 64 42 54 67 5 329
1 136 59 41 62 32 2 330
0 65 30 52 29 54 3 331
0 112 46 31 49 28 3 332
0 80 27 49 30 45 3 333
1 129 54 39 54 36 1 334
1 0 43 12 39 14 1 335
0 132 60 33 54 43 5 336
0 26 49 51 42 45 3 337
0 28 98 19 98 30 6 338
0 117 67 38 68 34 3 339
1 3 40 38 43 38 1 340
1 0 5 70 5 73 1 341
0 84 60 32 56 48 3 342
1 64 59 51 60 55 1 343
0 28 59 73 55 77 3 344
1 89 32 51 30 63 2 345
0 40 57 36 61 32 3 346
1 38 39 58 48 68 1 347
0 49 98 16 98 22 4 348
1 88 54 67 56 65 1 349
0 54 1 58 1 54 3 350
0 71 53 81 49 81 3 351
0 50 56 25 51 26 3 352
1 88 49 42 51 41 6 353
1 116 6 31 6 37 1 354
1 34 26 64 28 66 2 355
1 133 60 40 63 40 1 356
1 49 60 18 51 19 2 357
1 23 53 30 53 46 2 358
0 92 47 70 54 64 3 359
0 100 98 22 98 16 3 360
0 131 60 24 60 27 3 361
1 39 67 46 67 43 1 362
0 81 61 48 49 45 3 363
0 101 67 36 69 40 3 364
1 58 43 12 40 14 1 365
0 81 6 68 6 65 3 366
1 135 56 45 46 42 1 367
1 109 57 52 40 50 2 368
1 33 91 32 90 38 2 369
1 108 65 50 52 42 1 370
1 50 52 17 51 27 1 371
0 76 32 55 54 60 6 372
0 12 57 28 55 26 3 373
1 62 47 57 40 80 1 374
1 57 59 54 57 29 1 375
0 86 48 3 30 4 3 376
0 130 58 43 51 36 3 377
1 1 56 21 49 22 6 378
0 122 66 42 63 48 3 379
1 108 53 75 57 68 1 380
1 28 49 3 40 4 6 381
0 95 68 69 68 72 3 382
1 79 55 41 56 43 1 383
0 63 90 37 91 31 3 384
0 14 58 34 53 44 5 385
0 62 32 50 31 57 3 386
0 22 46 56 48 52 3 387
0 95 6 66 5 68 3 388
0 94 27 59 33 46 3 389
1 64 34 45 28 48 1 390
0 31 61 1 59 2 3 391
0 65 51 62 55 55 3 392
0 58 50 20 47 19 3 393
0 48 91 37 91 32 6 394
0 46 50 37 54 32 3 395
1 36 98 21 98 18 4 396
1 75 60 40 46 34 5 397
1 111 52 50 47 60 2 398
1 8 52 18 46 21 1 399
0 121 53 75 68 76 3 400
1 14 57 47 57 44 2 401
0 7 33 45 33 55 3 402
1 36 68 42 50 46 1 403
0 51 70 74 71 72 3 404
1 37 6 49 5 58 1 405
1 111 36 16 12 18 1 406
0 74 55 75 60 70 5 407
0 6 49 21 50 19 3 408
1 66 68 40 62 49 1 409
0 11 65 1 62 1 3 410
1 36 69 76 71 71 2 411
0 49 54 47 34 45 3 412
1 2 89 92 85 94 2 413
0 119 68 38 70 45 3 414
0 13 51 60 51 63 3 415
1 88 64 48 68 41 1 416
0 141 53 25 53 28 3 417
0 41 66 39 63 46 3 418
1 41 50 61 49 68 2 419
0 50 7 49 5 39 3 420
1 135 41 33 42 35 3 421
1 11 30 52 31 46 2 422
1 25 66 45 66 36 1 423
0 37 6 52 6 42 3 424
0 12 53 26 49 32 3 425
1 11 68 38 63 50 1 426
0 20 55 47 47 13 3 427
1 0 40 12 36 13 3 428
0 63 80 5 79 3 3 429
1 124 52 57 54 42 4 430
1 94 30 61 28 59 1 431
1 51 33 41 33 47 5 432
0 117 49 53 45 64 3 433
0 108 52 22 55 21 3 434
0 53 58 19 60 18 3 435
1 81 59 55 55 64 1 436
1 133 47 43 43 43 5 437
1 84 58 48 59 53 1 438
1 10 54 43 52 46 1 439
0 14 61 37 51 40 3 440
1 11 48 78 54 79 2 441
1 64 44 4 49 3 1 442
0 138 52 57 39 53 3 443
0 17 60 30 55 30 3 444
1 86 50 50 56 43 1 445
0 86 61 70 31 78 6 446
0 29 56 49 60 38 3 447
0 11 52 26 40 31 3 448
1 59 67 92 63 94 1 449
0 12 37 13 43 12 4 450
1 97 50 27 48 30 1 451
1 133 47 56 49 48 1 452
0 96 31 42 23 39 3 453
0 58 36 43 41 49 3 454
0 10 69 37 67 47 3 455
1 125 30 52 33 44 4 456
0 93 31 52 34 53 3 457
0 60 50 71 58 38 6 458
1 57 47 20 45 21 1 459
1 18 37 42 36 54 2 460
0 40 44 63 48 55 3 461
1 66 36 52 37 50 3 462
0 108 67 74 97 65 3 463
0 1 5 70 6 64 3 464
0 102 52 59 60 49 5 465
1 105 54 21 58 18 1 466
0 76 39 58 66 78 3 467
0 60 49 16 49 21 3 468
0 130 6 31 6 25 3 469
1 54 59 53 55 54 1 470
0 106 55 40 48 31 3 471
0 130 5 70 5 75 3 472
0 27 40 49 37 47 3 473
1 16 41 12 19 10 6 474
0 36 49 39 45 52 3 475
1 53 61 16 58 18 6 476
1 82 46 62 42 64 6 477
1 122 59 35 57 45 3 478
0 102 6 30 5 26 3 479
1 0 50 48 44 61 4 480
0 70 57 59 59 52 3 481
1 9 56 43 52 45 2 482
0 14 54 39 53 43 3 483
0 16 92 29 91 32 3 484
1 23 57 18 39 31 1 485
0 138 47 50 33 57 3 486
1 39 46 4 44 3 1 487
0 143 49 33 55 22 3 488
0 32 80 7 77 6 3 489
1 48 62 70 52 59 2 490
1 22 44 55 47 50 1 491
1 73 54 44 58 38 1 492
1 132 29 46 33 46 3 493
0 68 56 49 54 50 3 494
1 19 46 30 50 26 6 495
1 33 32 48 32 44 2 496
0 90 58 29 59 27 3 497
0 67 51 49 31 38 3 498
1 16 49 49 55 39 1 499
0 25 43 64 45 49 3 500
0 102 57 46 60 53 3 501
1 95 58 41 52 53 1 502
1 77 60 27 59 25 1 503
0 4 81 4 75 9 3 504
0 127 46 59 47 50 3 505
1 62 49 78 55 78 1 506
1 124 63 45 69 41 5 507
0 25 45 49 40 51 3 508
1 112 68 38 64 11 6 509
1 102 51 46 50 52 5 510
1 97 54 42 54 39 1 511
0 48 29 47 31 45 3 512
1 109 53 43 55 46 1 513
1 118 64 45 59 53 1 514
0 59 58 2 55 2 3 515
1 142 47 46 45 50 1 516
1 32 59 45 58 48 1 517
1 111 56 80 50 80 1 518
1 3 68 38 67 44 1 519
0 102 48 20 45 21 6 520
1 102 52 45 54 44 1 521
0 93 39 47 42 35 3 522
0 27 50 15 58 17 3 523
0 123 49 2 40 3 3 524
1 71 46 30 51 28 2 525
0 116 57 50 56 53 3 526
0 93 92 35 91 29 3 527
0 65 32 53 31 34 3 528
1 63 42 4 28 4 1 529
0 63 51 75 57 72 3 530
1 39 60 50 61 38 1 531
1 101 52 45 58 40 1 532
1 64 58 36 34 17 1 533
0 22 29 33 28 42 3 534
0 110 64 46 65 44 3 535
0 130 6 35 6 31 5 536
1 25 81 5 78 6 1 537
0 22 51 26 52 28 3 538
0 139 51 24 55 23 3 539
0 110 51 61 52 56 3 540
1 102 55 51 55 45 6 541
1 22 47 45 47 40 2 542
1 142 59 48 59 56 1 543
0 83 54 34 52 33 3 544
1 80 67 40 66 36 1 545
0 53 57 44 51 57 3 546
0 109 47 4 28 4 4 547
0 39 53 44 50 50 5 548
1 7 57 76 62 69 1 549
1 131 53 21 55 19 1 550
0 78 53 50 49 49 3 551
0 69 58 37 50 42 3 552
1 4 56 34 60 26 1 553
1 9 54 46 57 41 1 554
0 87 56 46 52 46 3 555
1 143 5 47 5 50 1 556
1 116 6 51 6 43 6 557
1 132 59 73 60 76 4 558
1 79 27 58 29 63 2 559
0 128 60 28 62 24 3 560
1 64 50 48 54 42 2 561
1 113 64 41 60 41 1 562
0 72 46 51 55 39 3 563
0 97 50 28 52 26 3 564
0 88 53 45 60 37 3 565
1 132 72 41 65 45 2 566
0 35 53 40 51 31 3 567
1 8 46 53 48 54 1 568
0 91 63 69 56 76 4 569
0 121 44 31 43 37 5 570
0 5 36 11 40 11 3 571
0 128 49 28 46 31 3 572
1 121 72 68 67 79 1 573
1 104 60 31 55 46 1 574
1 3 91 26 92 18 1 575
1 26 73 66 64 76 1 576
0 131 54 75 57 75 3 577
0 102 6 31 6 34 3 578
0 52 69 40 73 32 3 579
1 65 58 44 50 48 1 580
1 10 63 46 61 39 1 581
0 100 56 40 53 39 3 582
0 83 6 38 5 46 3 583
0 41 68 38 73 30 3 584
0 12 59 27 56 29 4 585
1 89 47 80 42 80 5 586
0 123 52 75 62 86 3 587
1 43 31 51 32 49 2 588
0 108 33 47 26 63 5 589
1 56 53 54 44 64 1 590
1 118 65 39 63 44 3 591
1 62 60 42 58 44 2 592
0 7 51 80 48 80 3 593
0 12 70 70 72 71 3 594
0 14 56 39 53 43 3 595
0 58 56 52 58 46 3 596
1 74 54 56 57 59 1 597
0 53 57 39 54 52 3 598
0 39 55 41 24 39 3 599
1 82 51 48 49 52 1 600
1 64 49 43 52 40 1 601
1 81 53 49 51 52 1 602
1 106 5 52 5 31 1 603
1 71 41 43 39 46 2 604
1 126 47 37 56 45 1 605
0 65 5 67 5 70 3 606
0 128 4 58 5 55 3 607
0 15 30 51 27 58 3 608
0 96 53 43 51 47 3 609
0 77 59 45 57 40 3 610
0 113 38 64 40 61 3 611
0 92 54 48 52 49 3 612
1 126 51 53 48 55 1 613
1 118 52 56 52 59 2 614
0 117 39 38 36 41 3 615
1 57 86 94 87 92 1 616
1 84 55 32 54 30 2 617
1 132 54 42 64 28 1 618
1 36 29 56 23 77 1 619
1 37 59 54 71 40 1 620
1 65 59 38 62 36 5 621
0 22 48 67 52 57 3 622
1 93 57 2 61 1 1 623
0 125 5 66 5 70 3 624
0 120 63 30 66 38 3 625
1 51 46 3 43 4 1 626
0 114 52 22 52 27 3 627
0 55 67 43 69 40 3 628
1 112 54 39 52 41 2 629
1 48 68 38 66 39 2 630
1 127 54 80 58 80 1 631
1 65 53 44 54 40 2 632
1 18 78 6 58 6 1 633
1 52 67 33 70 19 1 634
0 76 57 49 59 45 3 635
1 25 54 37 51 37 1 636
1 97 55 79 32 78 1 637
1 7 57 40 57 37 1 638
0 62 50 45 55 39 3 639
0 134 51 26 48 34 3 640
0 128 29 47 29 52 3 641
1 1 53 50 54 45 1 642
0 70 61 41 56 40 3 643
1 51 70 72 73 68 2 644
1 96 59 19 56 19 2 645
1 92 31 44 31 58 2 646
1 17 6 52 7 43 2 647
1 15 55 44 56 41 3 648
0 33 91 31 90 38 3 649
1 120 54 45 51 54 3 650
1 132 50 77 33 86 1 651
0 101 47 63 44 62 3 652
1 74 58 44 61 37 1 653
1 130 61 61 62 44 1 654
0 115 50 48 53 47 3 655
0 7 29 53 31 57 3 656
1 5 48 54 46 52 1 657
0 109 60 42 55 54 3 658
1 6 63 18 61 16 2 659
1 9 52 57 45 62 1 660
0 1 60 14 53 15 3 661
1 92 85 92 88 92 4 662
0 117 52 58 49 59 3 663
0 81 91 31 92 34 3 664
0 13 6 68 4 75 3 665
0 128 51 27 52 25 3 666
1 9 67 39 69 35 1 667
1 80 45 4 36 4 1 668
1 13 69 40 72 35 5 669
0 34 32 78 47 70 3 670
0 142 66 49 61 46 3 671
0 96 47 36 43 33 3 672
0 39 53 51 55 48 3 673
0 82 68 34 68 37 3 674
0 117 50 55 56 41 3 675
1 115 49 19 53 17 1 676
0 38 5 69 6 66 3 677
1 116 6 51 5 57 1 678
1 134 61 51 53 39 1 679
1 120 59 71 58 75 1 680
1 38 52 33 50 32 1 681
1 4 51 20 49 19 2 682
0 37 6 28 6 36 3 683
0 9 54 48 54 45 3 684
1 5 46 31 42 39 5 685
1 117 56 47 58 46 2 686
0 96 30 46 26 50 3 687
1 60 80 5 82 6 1 688
0 81 45 33 51 36 3 689
1 38 54 38 51 36 5 690
1 68 50 31 46 37 2 691
0 94 31 55 30 60 3 692
1 38 61 28 61 23 2 693
0 25 70 35 70 42 3 694
0 14 39 37 38 22 3 695
1 93 50 46 51 43 1 696
0 118 46 55 47 50 3 697
1 107 40 36 45 31 1 698
1 113 54 26 61 23 4 699
0 68 57 39 56 47 3 700
1 54 56 40 57 35 1 701
1 117 46 58 54 50 4 702
1 55 54 42 55 44 1 703
1 120 60 26 57 36 4 704
1 77 72 35 70 37 2 705
0 92 78 6 81 5 4 706
1 10 50 48 54 52 1 707
1 81 63 93 66 91 5 708
1 36 4 48 5 38 1 709
1 11 40 4 34 5 4 710
1 132 59 17 56 18 1 711
0 104 67 41 59 40 5 712
1 29 56 41 60 38 1 713
0 138 54 43 59 37 3 714
1 132 52 24 52 20 2 715
1 88 55 56 57 54 6 716
0 85 55 45 54 40 3 717
1 133 60 42 61 46 2 718
0 124 60 1 65 1 3 719
0 123 32 51 32 57 3 720
0 48 66 38 63 48 3 721
0 106 67 92 65 91 3 722
1 34 40 4 37 5 5 723
0 134 37 57 46 48 3 724
1 143 27 45 26 41 5 725
1 18 62 42 60 47 2 726
1 76 42 18 47 40 3 727
0 62 91 33 92 26 4 728
1 16 49 28 52 24 4 729
0 51 69 72 65 75 3 730
0 10 60 49 42 51 4 731
0 43 55 2 63 1 3 732
0 89 6 66 5 68 3 733
1 34 80 6 77 6 1 734
0 108 43 2 48 2 3 735
1 119 69 40 71 35 5 736
0 128 32 51 39 47 3 737
0 4 66 93 63 96 3 738
1 50 60 34 57 27 1 739
1 26 56 46 54 44 1 740
1 52 48 36 54 42 2 741
1 111 61 18 90 23 4 742
1 42 58 37 52 44 1 743
1 26 67 43 67 46 6 744
0 57 88 93 87 95 3 745
1 130 5 41 5 38 3 746
1 39 32 46 33 42 1 747
1 57 86 93 87 91 2 748
1 43 98 17 98 13 1 749
1 6 49 56 44 65 1 750
0 141 51 28 52 30 3 751
0 108 10 26 28 57 3 752
0 109 62 38 61 46 4 753
0 142 41 4 26 3 3 754
0 138 50 28 56 30 3 755
1 68 88 3 81 2 1 756
0 111 98 16 98 19 3 757
1 27 5 38 5 42 6 758
1 70 30 37 26 25 1 759
0 17 59 38 55 39 3 760
0 30 46 2 30 2 3 761
0 139 53 48 41 47 3 762
1 29 58 38 57 40 1 763
1 101 56 30 56 27 3 764
0 143 66 93 67 91 3 765
1 122 5 39 6 37 2 766
0 52 36 13 43 13 3 767
1 58 6 56 6 51 1 768
1 78 5 49 5 55 1 769
1 48 43 11 40 11 5 770
0 88 55 41 52 41 3 771
1 75 58 59 54 56 1 772
1 132 70 42 66 42 3 773
0 66 56 22 55 24 3 774
1 107 57 1 55 2 2 775
0 52 43 40 37 41 3 776
1 16 39 11 42 12 1 777
1 3 70 36 69 38 1 778
0 141 64 29 49 60 3 779
0 97 58 67 63 56 3 780
0 10 41 33 41 42 5 781
0 100 49 79 52 78 4 782
1 7 60 26 60 30 2 783
0 65 61 43 62 51 3 784
0 116 59 26 59 23 3 785
1 112 26 51 30 42 1 786
1 86 65 28 60 42 1 787
1 117 71 69 65 76 1 788
0 132 60 36 58 40 3 789
0 130 60 25 58 27 3 790
1 40 62 18 66 16 1 791
1 129 98 21 98 25 1 792
0 80 60 40 58 37 3 793
1 2 53 80 50 81 4 794
1 139 41 37 27 27 2 795
0 104 64 42 66 43 3 796
1 64 54 33 53 35 1 797
1 51 58 75 32 78 1 798
0 116 55 67 51 76 3 799
0 10 60 52 61 46 3 800
0 65 73 37 71 39 3 801
0 31 49 39 48 42 3 802
0 20 5 38 6 53 3 803
1 135 48 2 26 2 1 804
0 74 57 62 57 51 3 805
0 71 60 19 54 20 3 806
1 117 49 50 47 34 1 807
0 53 58 27 60 26 3 808
0 112 41 13 32 7 3 809
1 97 46 31 55 22 1 810
0 54 29 54 32 51 3 811
1 28 62 1 66 1 1 812
1 10 42 38 40 44 2 813
0 133 59 41 56 40 3 814
0 18 50 50 56 45 3 815
0 0 69 46 72 38 3 816
1 72 29 48 25 60 3 817
0 21 54 39 50 35 3 818
0 65 80 6 70 6 3 819
1 80 68 43 68 39 1 820
1 108 30 49 29 62 6 821
1 122 53 80 50 80 4 822
1 102 6 32 5 34 1 823
1 66 27 51 28 49 2 824
1 104 69 35 64 22 2 825
0 22 29 57 24 54 3 826
1 100 60 53 58 47 4 827
1 23 71 37 48 44 2 828
0 102 49 53 50 51 4 829
1 122 56 80 61 80 1 830
0 27 54 45 53 42 3 831
0 51 18 57 30 51 3 832
1 87 72 66 70 61 2 833
0 33 47 44 41 38 3 834
1 49 55 22 52 30 1 835
0 0 57 45 52 41 3 836
1 43 51 45 59 56 1 837
1 124 48 2 51 2 1 838
1 79 64 16 60 18 1 839
0 128 48 28 47 32 3 840
1 51 91 36 90 51 2 841
0 22 28 63 29 60 3 842
0 23 68 34 68 45 3 843
1 72 80 6 81 3 1 844
0 69 81 6 83 4 3 845
1 141 39 48 42 57 1 846
1 29 67 93 66 91 1 847
1 8 47 2 51 2 1 848
1 112 47 56 42 75 1 849
1 82 71 71 69 73 1 850
0 133 52 46 45 61 3 851
0 13 54 56 54 69 3 852
1 107 55 80 52 80 1 853
0 68 13 11 53 39 3 854
1 58 54 43 61 36 1 855
0 67 6 36 6 32 3 856
0 98 60 22 55 39 3 857
0 128 50 41 54 41 6 858
0 6 88 93 77 92 3 859
0 4 35 14 44 10 3 860
1 96 42 12 39 9 5 861
0 89 56 80 48 81 5 862
1 23 57 32 51 35 1 863
0 64 58 27 62 24 3 864
1 10 7 45 6 43 1 865
1 10 67 71 70 73 1 866
1 24 48 37 54 22 6 867
0 10 47 37 48 35 3 868
0 142 3 96 1 95 3 869
1 48 92 32 92 27 5 870
1 56 59 29 60 26 1 871
1 96 44 59 52 55 1 872
0 117 63 37 58 39 5 873
1 15 92 32 91 34 1 874
0 28 31 43 27 49 3 875
0 136 88 27 86 23 3 876
1 87 64 39 66 36 5 877
0 98 62 44 66 36 3 878
1 105 69 38 66 44 1 879
0 102 57 48 58 54 3 880
1 98 50 16 55 18 3 881
0 66 31 44 27 50 3 882
0 16 47 47 47 52 3 883
0 89 54 66 55 64 3 884
0 88 58 40 31 42 3 885
0 97 56 44 51 31 3 886
0 77 58 1 61 1 3 887
1 101 90 51 92 22 3 888
0 91 65 41 68 40 3 889
1 140 45 52 47 50 2 890
0 27 6 66 5 69 4 891
0 14 60 18 65 16 3 892
1 27 82 4 80 5 1 893
0 14 47 40 43 39 3 894
0 133 51 49 52 42 3 895
0 30 55 52 59 44 3 896
1 82 53 1 48 2 2 897
1 109 58 18 61 23 1 898
0 108 70 40 69 42 3 899
0 128 60 28 62 25 3 900
0 112 54 40 59 34 3 901
1 27 44 64 50 53 1 902
1 38 65 41 63 43 1 903
1 66 41 19 50 13 1 904
1 56 54 38 57 37 5 905
0 0 68 33 68 42 3 906
1 86 58 35 58 32 2 907
0 75 61 34 55 21 3 908
0 137 43 55 45 52 3 909
1 57 44 4 37 4 1 910
0 102 48 2 28 2 3 911
1 49 60 18 52 19 1 912
1 93 33 57 23 50 1 913
1 19 56 31 60 23 1 914
1 122 50 35 40 34 1 915
1 77 69 45 63 53 2 916
1 143 52 50 53 47 2 917
0 60 87 4 83 4 3 918
0 121 46 22 34 24 3 919
0 122 59 36 60 22 5 920
0 134 71 71 72 66 3 921
1 40 61 35 58 37 2 922
0 68 52 19 55 22 3 923
0 106 5 69 4 67 3 924
0 54 47 39 45 37 3 925
0 7 33 42 31 51 3 926
0 117 61 37 50 46 6 927
0 16 30 47 27 49 3 928
0 46 48 21 45 18 3 929
0 38 55 31 58 28 3 930
0 33 90 46 91 41 3 931
1 46 65 94 66 92 2 932
0 34 52 45 53 43 3 933
1 54 62 47 58 57 5 934
0 50 51 44 55 41 3 935
0 6 54 32 53 30 3 936
0 38 53 24 55 22 3 937
1 49 59 54 56 53 1 938
1 80 91 35 91 29 1 939
1 102 59 19 53 18 1 940
1 17 7 41 7 45 1 941
1 53 64 76 71 74 1 942
0 77 53 59 48 53 3 943
1 55 52 42 54 40 1 944
0 109 40 44 36 41 5 945
1 108 54 72 56 74 1 946
1 78 6 32 6 37 1 947
1 89 47 55 39 74 1 948
0 126 49 66 46 58 4 949
0 116 65 94 66 91 3 950
1 26 67 38 68 34 1 951
1 123 42 21 52 23 2 952
1 93 40 37 43 30 6 953
1 101 78 6 80 5 1 954
0 116 57 38 55 34 3 955
1 13 57 18 19 16 4 956
0 83 6 28 5 35 3 957
0 17 50 44 47 51 5 958
1 109 66 94 65 92 1 959
0 71 69 74 67 76 4 960
0 44 66 73 70 72 5 961
1 34 55 75 60 65 1 962
0 96 27 48 28 50 3 963
0 6 65 42 68 40 3 964
0 43 69 39 72 32 3 965
1 128 55 33 59 38 2 966
1 140 59 46 56 49 1 967
1 103 62 24 53 43 1 968
0 134 60 23 57 28 3 969
1 85 4 56 5 35 1 970
0 10 68 42 68 34 3 971
1 0 67 36 67 33 5 972
0 31 66 74 67 76 3 973
1 130 49 20 42 20 1 974
1 112 56 42 53 44 2 975
0 124 40 12 43 12 3 976
0 118 72 67 70 70 3 977
1 18 53 57 56 48 3 978
0 39 43 18 65 24 3 979
0 117 55 41 56 44 3 980
1 96 28 47 27 49 6 981
0 130 60 45 57 51 3 982
1 18 91 34 91 28 4 983
0 139 54 48 47 32 3 984
0 12 53 47 52 45 3 985
1 118 92 34 92 24 1 986
0 46 55 65 49 77 3 987
0 7 80 6 62 2 3 988
0 121 46 29 44 38 3 989
0 53 55 41 50 23 3 990
1 6 69 73 39 58 5 991
0 0 32 43 30 46 3 992
1 99 57 28 49 36 2 993
1 39 4 39 2 28 1 994
0 39 53 28 50 47 3 995
1 79 58 38 45 45 1 996
0 12 67 35 62 50 3 997
0 34 57 18 59 17 3 998
0 139 51 55 38 52 3 999
1 143 77 6 80 6 2 1000
1 107 52 33 51 37 4 1001
0 78 33 50 32 44 4 1002
1 14 65 76 68 76 1 1003
0 117 55 18 58 19 3 1004
0 39 78 6 80 7 3 1005
0 89 58 80 50 81 6 1006
0 105 64 43 55 65 3 1007
1 58 47 53 50 40 1 1008
1 7 32 54 31 51 1 1009
1 13 58 54 60 57 2 1010
0 128 33 45 27 39 5 1011
0 116 61 53 58 59 3 1012
0 78 43 52 38 51 3 1013
1 143 55 53 41 54 3 1014
1 69 58 33 58 27 1 1015
0 45 55 37 54 41 3 1016
0 141 63 44 61 40 4 1017
0 74 61 39 61 42 4 1018
1 102 55 55 57 43 6 1019
0 128 15 21 59 28 3 1020
1 81 49 37 48 50 5 1021
1 19 54 23 52 31 2 1022
0 61 59 33 63 36 5 1023
0 122 68 63 69 61 3 1024
1 109 5 64 6 66 1 1025
1 32 52 35 64 38 5 1026
0 128 43 11 39 12 3 1027
1 114 48 42 47 40 1 1028
0 73 42 80 57 80 3 1029
1 65 55 30 51 34 4 1030
1 72 50 56 32 53 2 1031
0 121 28 50 48 56 3 1032
0 48 40 12 44 11 4 1033
0 88 47 55 63 49 3 1034
0 60 88 93 85 93 3 1035
1 27 6 41 5 52 1 1036
0 52 68 32 59 42 3 1037
0 52 49 47 55 43 3 1038
0 67 53 58 54 54 3 1039
1 136 51 47 50 51 1 1040
1 0 68 77 71 69 5 1041
0 66 70 37 66 45 3 1042
1 19 48 22 45 19 2 1043
1 33 65 43 69 45 1 1044
0 76 73 33 57 67 3 1045
1 49 71 37 51 69 1 1046
1 120 55 45 50 39 5 1047
1 34 27 49 32 48 1 1048
0 51 55 47 57 44 3 1049
1 136 62 25 60 29 2 1050
0 120 62 41 54 54 3 1051
1 116 57 2 54 2 1 1052
0 74 62 44 61 46 3 1053
0 9 60 16 64 11 3 1054
0 115 68 26 67 32 3 1055
0 53 55 37 50 43 4 1056
0 84 58 1 54 2 3 1057
0 103 67 92 66 94 3 1058
1 130 48 49 51 47 1 1059
0 96 7 45 7 41 3 1060
1 42 76 35 68 35 1 1061
1 96 55 35 16 21 1 1062
1 9 60 30 52 32 1 1063
1 104 58 44 60 41 1 1064
1 37 61 39 64 27 4 1065
1 108 6 68 5 71 1 1066
0 79 32 46 33 49 3 1067
0 117 53 58 43 63 3 1068
0 42 85 92 86 94 3 1069
0 0 22 47 27 46 3 1070
1 141 41 43 42 34 1 1071
1 12 56 31 58 27 1 1072
1 79 59 39 61 32 1 1073
1 102 51 18 46 20 1 1074
0 46 66 35 69 42 3 1075
0 37 50 64 46 71 3 1076
0 28 46 49 55 45 5 1077
1 112 44 64 47 50 1 1078
0 130 48 51 51 47 5 1079
1 122 85 2 87 4 1 1080
1 32 90 51 90 46 1 1081
1 65 28 44 32 45 2 1082
1 40 57 18 60 17 1 1083
1 45 52 40 52 57 1 1084
1 74 41 3 44 3 2 1085
1 123 33 45 33 53 1 1086
1 55 6 30 6 33 1 1087
0 62 52 32 47 36 5 1088
1 29 56 49 52 43 4 1089
1 133 32 57 32 79 1 1090
0 94 32 52 28 59 5 1091
1 1 61 31 58 38 1 1092
1 130 60 43 50 30 1 1093
1 70 67 41 66 47 1 1094
0 83 56 34 59 28 3 1095
0 125 61 36 57 38 3 1096
1 91 56 48 57 43 2 1097
1 60 56 71 54 64 1 1098
1 53 98 12 98 9 1 1099
1 75 60 40 58 43 1 1100
1 37 45 65 47 67 1 1101
0 91 54 45 49 48 3 1102
1 72 66 48 46 19 3 1103
0 0 55 57 61 42 3 1104
1 24 55 74 58 76 1 1105
0 78 6 38 6 30 3 1106
0 124 90 36 91 25 3 1107
0 97 82 6 83 4 3 1108
0 123 56 80 53 81 3 1109
1 129 53 47 47 59 1 1110
0 102 50 18 47 20 5 1111
0 102 55 53 53 52 3 1112
0 64 29 48 29 51 5 1113
0 2 48 52 45 45 3 1114
1 131 50 29 55 30 4 1115
1 33 91 36 92 31 2 1116
0 72 55 41 33 43 3 1117
1 81 50 41 33 43 1 1118
1 79 49 28 52 26 2 1119
0 116 5 41 6 45 3 1120
1 139 60 2 65 1 5 1121
0 63 51 18 53 16 3 1122
1 115 78 90 87 91 3 1123
1 27 5 67 6 63 1 1124
0 97 52 49 53 47 3 1125
1 84 49 30 47 34 3 1126
0 110 56 41 58 43 3 1127
0 51 56 42 51 45 3 1128
1 69 44 17 70 32 4 1129
1 128 42 12 32 17 1 1130
0 6 69 36 62 51 3 1131
1 105 46 32 43 33 1 1132
0 141 85 3 87 2 3 1133
1 26 68 40 64 42 1 1134
1 77 53 76 55 77 4 1135
1 3 26 42 30 32 1 1136
0 66 47 31 52 28 3 1137
1 34 48 55 52 56 2 1138
1 122 65 30 53 43 1 1139
0 28 56 39 51 45 3 1140
0 98 62 48 53 69 3 1141
0 117 51 47 59 27 3 1142
1 52 55 41 52 48 3 1143
0 143 47 20 50 18 6 1144
1 127 6 58 4 85 1 1145
0 121 60 27 59 25 3 1146
0 130 60 51 65 51 3 1147
1 88 55 36 56 41 3 1148
1 135 60 33 43 40 2 1149
0 12 54 30 51 34 3 1150
1 67 5 67 5 72 1 1151
0 64 88 94 89 92 3 1152
1 130 60 34 60 50 1 1153
0 76 67 36 70 37 3 1154
1 3 91 43 90 49 1 1155
0 97 6 54 6 62 3 1156
0 5 56 52 57 48 3 1157
0 86 29 52 27 50 3 1158
1 94 29 53 29 64 1 1159
0 72 66 43 72 31 3 1160
1 22 55 53 54 57 1 1161
1 116 49 19 45 21 2 1162
1 116 29 63 30 58 1 1163
1 101 52 42 47 55 1 1164
0 84 45 60 44 62 3 1165
0 26 68 46 70 42 3 1166
0 117 46 45 47 50 3 1167
0 30 72 69 70 72 3 1168
1 118 83 4 81 5 1 1169
1 35 83 4 62 2 1 1170
0 66 38 14 36 13 3 1171
1 8 46 23 56 25 1 1172
1 117 53 51 55 42 1 1173
0 22 60 31 59 35 3 1174
0 103 58 77 55 76 3 1175
0 3 55 42 60 36 3 1176
1 64 70 6 74 8 2 1177
0 96 46 70 43 66 3 1178
0 132 62 69 56 72 3 1179
0 77 53 81 52 83 3 1180
1 112 53 16 44 21 1 1181
0 48 28 49 32 45 3 1182
0 9 54 42 51 57 3 1183
1 1 60 19 58 17 1 1184
0 36 43 3 46 2 3 1185
0 39 73 32 72 26 5 1186
1 79 45 27 37 24 1 1187
0 132 61 25 63 39 3 1188
1 84 92 31 91 38 2 1189
1 73 59 39 65 28 5 1190
1 55 7 41 6 47 1 1191
0 130 47 80 54 80 3 1192
0 136 70 33 65 44 3 1193
1 1 49 28 52 27 1 1194
1 100 98 19 98 22 1 1195
1 0 34 43 31 42 5 1196
0 34 67 41 68 43 3 1197
1 14 64 33 52 26 1 1198
0 81 66 43 68 41 3 1199
1 16 35 48 46 28 2 1200
0 96 40 12 39 14 3 1201
0 50 49 28 51 26 3 1202
0 68 51 48 55 44 3 1203
0 112 41 30 50 32 6 1204
1 96 68 72 67 74 1 1205
0 73 61 38 29 29 5 1206
1 80 39 12 38 14 2 1207
0 13 56 41 51 52 3 1208
0 126 7 48 5 73 3 1209
1 0 63 32 59 44 1 1210
0 10 60 47 54 55 3 1211
0 68 51 36 48 36 3 1212
1 33 92 26 91 33 4 1213
1 64 62 25 59 24 1 1214
1 51 68 39 44 17 1 1215
1 70 3 97 1 96 5 1216
1 70 44 20 19 24 1 1217
1 80 16 2 46 3 1 1218
1 98 55 27 58 29 1 1219
0 133 52 54 51 58 3 1220
0 102 69 74 65 77 3 1221
0 37 7 48 6 50 6 1222
0 14 5 43 5 46 3 1223
1 22 63 33 61 31 2 1224
1 99 64 17 59 15 1 1225
0 18 91 40 90 50 3 1226
1 5 47 22 51 19 5 1227
0 72 72 32 62 48 3 1228
1 47 59 49 53 57 2 1229
1 18 5 60 6 62 1 1230
0 95 58 37 57 39 3 1231
1 11 45 50 43 0 1 1232
1 139 56 19 60 18 2 1233
0 64 54 44 51 30 3 1234
1 83 52 41 42 46 1 1235
1 132 65 30 52 44 1 1236
1 117 55 42 62 40 1 1237
0 21 51 24 51 30 3 1238
1 11 51 45 45 47 1 1239
0 4 77 6 81 5 3 1240
0 103 54 33 59 24 3 1241
1 43 56 46 53 45 1 1242
0 20 62 2 65 5 3 1243
1 141 61 29 60 25 4 1244
1 90 59 31 53 37 2 1245
0 143 51 18 48 19 3 1246
0 77 55 2 50 2 3 1247
0 22 62 33 60 38 3 1248
0 37 67 92 65 95 5 1249
1 135 35 28 36 26 5 1250
1 114 61 51 64 54 1 1251
0 116 42 20 45 20 3 1252
1 91 77 6 81 5 1 1253
0 0 65 1 53 2 3 1254
1 55 5 39 6 33 5 1255
0 5 58 45 87 5 3 1256
0 82 55 41 53 46 4 1257
0 8 50 34 56 26 3 1258
1 77 56 29 54 31 5 1259
1 24 31 60 28 59 2 1260
1 92 58 17 53 19 1 1261
0 91 68 36 69 40 6 1262
1 114 54 27 56 25 3 1263
0 38 54 33 55 31 3 1264
0 62 53 29 50 32 3 1265
1 15 27 58 31 52 4 1266
0 36 11 42 12 40 5 1267
0 119 6 29 6 32 3 1268
0 74 44 18 49 16 3 1269
0 83 27 49 29 44 3 1270
1 18 61 40 60 36 1 1271
0 18 91 25 91 37 3 1272
1 4 42 32 39 36 1 1273
1 117 50 52 42 65 5 1274
1 38 59 25 60 27 5 1275
0 42 45 4 40 3 3 1276
1 116 6 50 6 55 1 1277
1 111 54 72 55 75 2 1278
1 48 29 51 34 44 1 1279
1 51 61 25 59 29 1 1280
0 34 45 20 49 18 3 1281
0 111 53 43 56 37 3 1282
1 128 49 32 47 31 2 1283
1 139 92 32 93 27 2 1284
1 59 52 23 51 25 1 1285
0 13 53 45 54 42 5 1286
1 122 88 93 86 95 2 1287
0 108 31 53 28 55 3 1288
0 49 58 1 61 1 3 1289
1 72 50 43 49 47 3 1290
1 40 46 18 39 17 6 1291
1 43 98 19 98 22 2 1292
1 26 68 39 62 48 1 1293
0 104 59 24 60 27 3 1294
1 113 55 26 55 38 1 1295
1 79 65 44 56 35 2 1296
1 8 69 43 67 41 4 1297
0 63 91 30 92 27 3 1298
1 93 6 37 6 28 2 1299
0 53 73 30 62 53 3 1300
0 122 88 93 85 94 5 1301
1 101 54 58 51 63 1 1302
1 139 51 56 52 44 1 1303
1 71 45 63 46 60 2 1304
0 38 60 30 55 27 3 1305
0 50 71 68 72 70 3 1306
0 77 6 18 6 27 3 1307
1 39 53 40 50 59 1 1308
0 139 60 28 38 29 3 1309
0 110 68 72 71 73 3 1310
0 52 58 41 57 39 3 1311
0 72 6 39 6 33 4 1312
0 15 49 52 57 41 3 1313
0 41 48 33 46 38 3 1314
1 104 46 52 49 36 2 1315
1 126 52 57 54 43 1 1316
1 81 46 47 45 62 5 1317
1 68 38 40 41 41 1 1318
1 40 57 18 60 17 1 1319
0 74 67 42 66 44 3 1320
0 116 62 22 61 29 3 1321
0 42 60 45 59 47 3 1322
0 130 44 22 45 20 3 1323
0 88 58 18 64 16 3 1324
1 72 44 74 48 57 1 1325
0 21 56 59 57 57 3 1326
0 53 55 18 53 19 3 1327
0 27 63 18 58 18 3 1328
1 37 6 47 6 43 2 1329
0 109 59 77 37 76 3 1330
1 87 61 51 56 58 1 1331
0 79 55 18 62 17 3 1332
1 111 53 52 58 38 2 1333
1 75 42 3 46 3 4 1334
0 81 48 28 47 30 3 1335
0 97 54 26 46 32 5 1336
0 137 32 51 31 46 3 1337
0 49 69 34 71 39 3 1338
1 25 56 22 60 23 1 1339
1 115 6 43 6 39 1 1340
1 31 55 39 60 37 1 1341
1 127 57 38 54 43 1 1342
1 140 31 48 33 47 2 1343
0 98 59 28 50 33 6 1344
1 95 65 48 64 51 1 1345
0 124 38 13 43 12 3 1346
0 121 54 46 59 35 3 1347
0 11 87 93 81 92 3 1348
0 103 46 48 47 51 3 1349
0 130 41 22 42 33 3 1350
1 52 44 39 42 37 1 1351
0 109 66 49 62 58 3 1352
1 49 60 44 59 38 2 1353
0 104 6 30 6 4 3 1354
0 9 72 69 70 73 3 1355
0 130 53 50 50 57 3 1356
0 141 42 45 39 46 3 1357
1 50 60 32 55 49 1 1358
1 121 67 44 62 47 1 1359
0 132 67 41 69 38 3 1360
1 60 63 46 63 53 6 1361
1 16 32 43 30 46 2 1362
1 67 65 95 67 93 1 1363
1 62 45 51 47 49 4 1364
1 97 48 66 46 60 2 1365
1 34 46 3 42 3 1 1366
1 140 60 27 58 29 1 1367
0 102 56 50 52 52 5 1368
1 52 57 46 59 40 2 1369
0 115 55 29 61 37 3 1370
0 54 61 39 60 43 4 1371
0 91 67 41 47 33 3 1372
1 98 41 63 44 65 6 1373
0 99 53 47 55 45 3 1374
1 25 53 75 70 73 1 1375
0 43 98 19 98 16 3 1376
0 76 6 47 7 38 3 1377
1 87 46 50 43 65 2 1378
1 28 67 35 63 34 1 1379
1 96 64 44 67 38 1 1380
1 84 44 17 63 48 1 1381
1 39 58 47 61 42 1 1382
1 21 63 43 59 48 1 1383
1 121 53 41 49 52 1 1384
1 53 49 53 54 40 1 1385
1 3 55 44 54 47 1 1386
1 106 6 47 5 62 1 1387
1 7 23 19 46 53 1 1388
0 116 53 80 49 81 3 1389
1 0 66 42 53 43 1 1390
0 127 43 43 38 60 3 1391
1 5 57 27 48 48 1 1392
1 93 60 1 64 1 5 1393
1 53 60 46 55 55 2 1394
1 85 55 41 64 33 1 1395
1 113 58 27 42 35 4 1396
1 98 45 27 31 34 1 1397
0 7 50 79 62 68 3 1398
0 46 58 0 61 0 3 1399
1 102 48 55 48 67 5 1400
0 49 55 79 56 77 3 1401
0 44 57 41 54 30 6 1402
0 42 58 29 56 35 3 1403
1 26 52 54 55 52 1 1404
1 74 60 48 49 66 6 1405
1 3 92 29 90 38 2 1406
1 22 44 54 42 59 1 1407
0 7 30 59 32 51 3 1408
0 39 52 50 53 45 3 1409
1 129 55 40 54 38 2 1410
0 135 43 19 40 38 3 1411
1 70 67 34 63 39 1 1412
1 59 47 4 42 4 1 1413
0 28 89 92 86 92 3 1414
0 56 52 55 52 51 5 1415
1 131 3 96 1 95 1 1416
0 62 52 45 55 42 3 1417
0 16 50 54 44 65 3 1418
0 134 6 29 7 43 3 1419
1 136 48 69 44 63 1 1420
1 33 47 54 70 32 6 1421
1 14 46 39 59 44 1 1422
0 96 49 64 55 53 3 1423
1 35 52 48 54 43 1 1424
0 53 48 46 42 62 6 1425
0 105 50 2 43 2 3 1426
0 22 20 47 31 46 4 1427
1 127 81 5 70 6 2 1428
1 38 49 64 48 60 1 1429
0 80 12 61 52 65 6 1430
1 11 54 43 54 51 1 1431
0 56 46 62 48 57 3 1432
0 111 65 1 62 1 3 1433
0 141 88 93 86 94 3 1434
0 53 71 68 72 62 4 1435
0 32 76 8 98 4 3 1436
0 143 52 48 53 46 3 1437
0 46 6 30 6 34 3 1438
0 116 88 4 87 2 3 1439
1 5 48 45 39 52 4 1440
1 10 43 19 47 27 2 1441
1 23 57 2 61 1 1 1442
1 36 28 65 30 53 1 1443
0 39 53 45 61 41 3 1444
0 128 6 54 6 45 3 1445
0 93 42 35 42 30 4 1446
0 74 59 46 56 54 6 1447
0 14 68 73 72 69 3 1448
0 115 55 14 60 14 5 1449
1 75 30 14 49 33 1 1450
1 117 64 51 56 73 1 1451
1 87 54 56 50 48 1 1452
0 9 54 62 53 59 3 1453
0 109 49 2 45 3 5 1454
1 83 6 38 6 24 6 1455
1 63 91 34 91 31 1 1456
0 3 91 35 92 30 3 1457
0 109 6 64 6 67 3 1458
1 105 81 5 78 6 1 1459
1 122 66 24 62 40 1 1460
1 32 55 41 60 45 5 1461
0 86 89 92 86 94 3 1462
0 73 45 45 47 49 3 1463
0 135 52 53 53 50 5 1464
0 77 55 30 58 33 3 1465
1 65 31 44 27 44 1 1466
1 16 43 62 44 64 3 1467
1 104 57 36 50 32 1 1468
1 131 53 40 53 47 1 1469
0 114 60 54 62 48 3 1470
0 58 67 91 64 91 3 1471
1 88 58 32 59 30 5 1472
1 123 57 41 58 44 1 1473
1 68 51 61 51 49 6 1474
1 73 33 43 30 46 1 1475
0 85 53 42 54 44 3 1476
1 103 51 59 49 53 2 1477
0 113 54 32 49 39 5 1478
1 118 55 26 50 28 1 1479
1 92 51 19 58 13 1 1480
0 70 43 34 32 41 3 1481
1 61 55 21 57 18 1 1482
1 92 31 44 33 49 1 1483
1 87 63 50 59 57 1 1484
0 33 46 20 53 18 3 1485
0 110 67 79 69 72 3 1486
0 125 33 44 32 48 3 1487
1 78 6 45 7 51 1 1488
1 27 55 41 57 40 1 1489
1 120 55 80 30 79 1 1490
0 40 5 38 6 35 3 1491
1 88 58 23 46 41 5 1492
1 53 54 16 64 16 5 1493
1 112 52 49 52 53 1 1494
0 100 55 80 46 80 3 1495
1 13 37 43 49 57 1 1496
0 124 52 42 51 45 3 1497
0 119 69 37 68 42 3 1498
1 67 30 55 27 58 1 1499
0 53 48 48 46 51 3 1500
1 36 54 41 42 47 1 1501
0 110 6 68 6 60 3 1502
0 133 46 48 47 50 3 1503
0 116 48 19 47 21 3 1504
1 20 64 49 65 47 1 1505
1 8 41 12 43 11 1 1506
1 109 55 54 57 51 2 1507
0 102 59 44 58 46 5 1508
1 41 46 62 48 59 6 1509
1 20 64 43 62 58 4 1510
1 0 47 70 43 64 5 1511
0 111 57 72 59 71 3 1512
1 56 54 48 46 57 1 1513
0 53 30 36 28 38 3 1514
0 52 68 42 63 45 3 1515
1 133 57 42 55 44 3 1516
0 131 59 31 59 18 3 1517
1 4 60 17 53 19 2 1518
1 122 48 80 51 80 3 1519
0 56 57 53 61 55 3 1520
0 107 47 29 43 38 5 1521
1 68 51 48 53 43 1 1522
0 45 48 2 44 2 3 1523
1 13 66 1 58 1 2 1524
0 96 6 52 6 49 3 1525
1 35 56 80 53 80 1 1526
1 39 67 40 65 45 6 1527
0 25 65 1 60 2 3 1528
0 121 60 42 63 30 3 1529
1 126 49 52 52 54 1 1530
0 123 47 57 49 54 3 1531
1 121 63 53 60 51 1 1532
1 102 88 92 88 89 1 1533
0 31 54 41 53 43 3 1534
1 88 55 74 54 76 1 1535
1 137 69 47 65 45 1 1536
0 26 47 2 52 2 3 1537
0 128 53 27 59 13 3 1538
1 36 32 46 33 41 1 1539
1 62 46 33 56 38 4 1540
0 120 58 74 53 76 6 1541
1 16 30 59 27 60 1 1542
1 96 34 45 27 45 1 1543
0 74 48 4 39 5 3 1544
0 53 58 33 46 45 3 1545
1 73 62 39 60 34 1 1546
0 58 41 37 66 29 3 1547
1 96 54 1 61 0 2 1548
1 3 56 40 60 24 1 1549
0 50 51 26 52 24 3 1550
1 143 33 43 33 48 2 1551
0 55 69 40 67 39 3 1552
0 126 32 44 30 42 3 1553
0 86 98 19 98 23 3 1554
1 80 54 40 57 40 2 1555
1 108 19 58 23 60 1 1556
1 114 54 44 57 43 2 1557
0 104 56 29 59 22 3 1558
1 97 52 35 49 36 2 1559
1 48 46 51 33 57 1 1560
1 0 60 45 58 44 1 1561
0 109 47 3 42 3 3 1562
1 80 29 35 31 42 5 1563
1 32 38 14 40 12 1 1564
1 11 46 59 21 19 1 1565
0 126 7 41 6 50 3 1566
0 38 37 28 37 41 3 1567
1 48 45 53 31 55 1 1568
1 98 46 43 44 41 1 1569
1 34 50 59 55 42 1 1570
1 99 64 93 66 91 1 1571
0 95 50 33 46 35 3 1572
1 11 48 81 52 78 1 1573
1 10 46 43 42 44 1 1574
0 114 48 47 43 57 3 1575
1 123 1 95 2 97 2 1576
1 98 70 37 72 36 1 1577
1 5 55 42 44 51 1 1578
1 130 54 51 57 26 1 1579
1 102 62 36 59 34 1 1580
0 87 47 64 54 51 3 1581
0 119 70 42 59 67 3 1582
0 68 88 93 87 95 3 1583
1 95 55 27 54 23 4 1584
1 40 58 18 48 15 1 1585
1 47 81 5 83 4 1 1586
0 8 44 21 48 21 3 1587
0 98 64 43 66 40 3 1588
0 64 48 42 54 46 3 1589
0 104 34 46 27 49 3 1590
1 48 52 45 55 47 2 1591
1 13 69 39 62 34 2 1592
0 14 98 22 98 17 3 1593
0 81 51 70 40 70 3 1594
1 143 51 28 46 32 2 1595
0 142 44 34 53 45 3 1596
0 82 57 39 58 41 3 1597
1 90 61 29 59 28 1 1598
0 12 64 21 50 31 5 1599
1 77 63 20 58 25 1 1600
1 88 60 46 53 56 6 1601
1 143 35 12 41 11 1 1602
1 116 63 21 54 33 1 1603
0 128 62 50 60 53 3 1604
1 102 6 32 6 26 4 1605
0 4 50 33 35 27 3 1606
1 2 62 49 60 39 2 1607
1 72 51 48 48 55 6 1608
0 72 86 94 88 93 4 1609
1 130 50 20 50 16 5 1610
0 113 57 37 55 31 3 1611
1 44 41 13 43 11 1 1612
1 67 67 40 72 41 1 1613
0 112 46 45 45 48 3 1614
1 105 64 17 62 18 2 1615
1 143 98 21 98 18 2 1616
0 66 46 23 53 16 3 1617
0 33 48 19 40 19 3 1618
1 110 47 55 47 43 1 1619
0 143 47 48 38 52 3 1620
0 28 54 40 55 43 3 1621
0 31 46 49 47 52 3 1622
1 21 56 2 61 2 1 1623
1 96 38 13 34 14 1 1624
1 63 67 78 68 72 2 1625
1 27 5 70 5 67 1 1626
1 6 68 69 69 72 1 1627
1 136 91 40 91 36 4 1628
0 17 68 69 68 72 3 1629
1 78 31 44 25 40 1 1630
0 55 60 25 57 26 3 1631
0 102 42 2 47 3 3 1632
0 130 62 40 56 27 3 1633
1 20 87 3 85 4 3 1634
1 23 49 77 45 81 6 1635
0 100 48 56 51 51 3 1636
0 105 51 46 53 48 3 1637
1 102 56 44 55 50 1 1638
0 58 60 54 58 55 3 1639
0 11 50 58 52 54 3 1640
1 79 51 19 49 18 1 1641
1 128 51 20 48 23 2 1642
0 137 6 67 5 70 3 1643
0 13 5 68 6 66 3 1644
1 62 61 1 56 2 1 1645
0 17 40 3 49 2 3 1646
1 94 6 66 5 68 1 1647
1 105 69 40 70 38 1 1648
0 142 47 3 45 4 3 1649
0 41 92 30 92 34 3 1650
0 46 21 62 50 57 3 1651
0 95 52 24 50 28 3 1652
0 80 68 33 66 36 3 1653
0 63 42 18 54 38 3 1654
1 141 43 2 46 2 2 1655
0 126 59 35 57 40 3 1656
1 52 68 27 61 22 2 1657
1 101 51 31 52 42 1 1658
0 118 38 13 40 12 3 1659
0 135 61 18 63 17 3 1660
1 72 65 93 65 90 5 1661
0 101 38 29 38 49 3 1662
0 54 61 37 52 39 5 1663
1 48 53 47 58 40 1 1664
0 8 33 41 30 46 3 1665
0 80 54 78 53 80 3 1666
1 93 59 2 55 2 1 1667
1 35 52 26 54 35 1 1668
0 15 6 32 5 38 3 1669
0 79 86 94 82 94 3 1670
1 26 54 44 52 45 2 1671
0 119 91 36 90 42 3 1672
0 13 54 57 55 53 3 1673
0 130 42 62 46 54 3 1674
1 57 6 33 6 58 3 1675
0 34 32 55 31 52 3 1676
0 36 33 48 32 53 3 1677
1 79 60 29 52 36 2 1678
1 73 6 58 5 47 1 1679
1 8 55 30 51 42 6 1680
0 63 66 93 65 95 5 1681
0 143 98 24 98 13 5 1682
1 19 61 45 62 40 1 1683
1 19 46 31 50 33 1 1684
1 120 36 15 60 60 1 1685
0 14 58 24 43 25 3 1686
1 7 49 78 62 71 1 1687
1 25 59 27 57 36 5 1688
0 64 49 2 43 2 3 1689
0 32 56 37 55 41 3 1690
0 60 37 13 40 13 4 1691
0 81 67 43 68 41 3 1692
1 48 49 60 45 63 2 1693
1 78 50 44 52 42 1 1694
0 80 66 39 62 47 3 1695
1 69 52 78 58 76 1 1696
1 5 49 18 52 18 6 1697
0 110 55 41 55 44 3 1698
1 9 6 30 6 33 2 1699
1 89 70 72 67 76 2 1700
0 130 45 52 49 42 3 1701
0 104 6 37 6 32 3 1702
0 21 52 58 55 56 3 1703
1 61 53 44 63 34 1 1704
0 141 44 63 45 65 3 1705
1 91 48 49 50 48 1 1706
1 87 62 43 64 44 6 1707
0 49 58 80 55 80 3 1708
1 38 59 27 59 30 1 1709
1 21 58 80 53 80 2 1710
1 33 55 52 57 57 1 1711
0 60 45 48 32 57 4 1712
0 107 57 18 60 18 3 1713
1 52 42 2 46 2 1 1714
1 122 59 31 55 28 1 1715
0 66 68 38 68 34 3 1716
0 0 32 41 32 46 4 1717
0 133 36 52 16 34 3 1718
0 2 64 45 59 41 3 1719
1 60 53 45 50 75 1 1720
0 40 55 42 48 49 3 1721
1 80 5 60 6 48 4 1722
0 43 40 65 32 56 3 1723
1 119 71 37 48 44 1 1724
0 51 80 5 83 5 3 1725
0 112 4 39 6 33 3 1726
1 74 5 36 5 40 1 1727
1 127 6 69 5 66 2 1728
0 143 33 43 48 33 3 1729
0 57 47 30 46 32 3 1730
0 132 46 47 47 52 3 1731
1 113 58 33 53 27 1 1732
0 66 68 47 45 32 4 1733
0 37 45 30 37 42 3 1734
0 73 61 40 60 43 3 1735
1 106 62 46 69 40 1 1736
0 67 55 80 59 80 5 1737
0 65 60 56 51 72 3 1738
0 38 62 24 60 26 3 1739
1 52 38 39 39 46 1 1740
1 45 42 2 51 2 5 1741
0 63 54 77 58 75 3 1742
1 102 55 41 39 41 5 1743
1 24 31 45 32 43 2 1744
0 31 52 62 55 66 3 1745
0 108 60 2 53 2 3 1746
1 32 61 41 55 46 1 1747
1 94 88 93 83 93 2 1748
1 39 54 28 50 47 1 1749
1 120 59 38 55 41 2 1750
0 136 46 34 48 33 5 1751
0 111 54 40 48 50 3 1752
1 103 55 31 47 38 1 1753
1 41 48 2 57 1 1 1754
1 4 47 34 50 26 5 1755
0 129 55 44 52 52 3 1756
1 128 57 18 51 21 1 1757
1 61 5 68 6 65 2 1758
1 33 60 1 55 2 2 1759
0 121 85 95 87 94 3 1760
1 127 63 44 70 41 2 1761
0 86 51 22 49 33 3 1762
0 111 58 47 52 44 3 1763
1 130 54 42 58 38 1 1764
1 11 53 51 51 48 1 1765
1 98 48 43 47 47 1 1766
0 111 1 95 3 94 3 1767
1 93 6 26 6 40 1 1768
0 23 53 36 28 36 3 1769
1 60 48 37 55 41 1 1770
0 129 57 49 51 59 3 1771
0 76 6 49 6 46 3 1772
0 5 60 16 63 16 3 1773
1 13 46 80 53 80 3 1774
1 124 55 2 53 3 1 1775
1 113 6 68 6 65 2 1776
0 85 58 20 60 17 3 1777
0 0 35 11 38 11 3 1778
1 43 54 80 57 80 4 1779
0 100 67 93 65 94 3 1780
1 135 6 41 6 36 2 1781
1 93 92 31 92 34 2 1782
1 15 47 1 43 1 3 1783
0 11 86 92 89 92 3 1784
0 20 56 40 57 43 3 1785
1 48 49 47 44 61 1 1786
0 139 36 35 35 40 3 1787
0 44 69 73 73 66 3 1788
1 108 71 75 68 73 1 1789
1 92 66 49 53 26 3 1790
1 130 33 46 33 43 3 1791
1 82 52 46 51 60 2 1792
1 84 40 13 38 11 4 1793
0 97 45 4 48 3 5 1794
0 66 62 18 60 19 5 1795
0 24 69 36 68 39 6 1796
0 92 7 46 6 42 3 1797
1 23 46 58 47 54 1 1798
0 51 61 26 61 21 3 1799
0 78 55 39 62 34 3 1800
1 32 53 69 60 52 1 1801
0 95 67 25 71 25 3 1802
0 19 45 20 46 22 5 1803
1 137 32 51 27 58 1 1804
1 85 71 39 69 40 1 1805
1 80 61 33 59 36 1 1806
0 14 44 18 48 16 3 1807
0 16 59 49 53 58 3 1808
1 37 6 47 6 53 6 1809
1 82 6 37 6 29 2 1810
1 126 55 44 56 42 5 1811
0 24 34 42 24 41 3 1812
1 63 68 76 52 75 3 1813
0 0 67 38 66 34 3 1814
0 65 54 43 59 44 3 1815
0 94 33 50 31 55 3 1816
0 74 52 60 60 47 3 1817
0 64 7 47 6 44 3 1818
0 32 55 64 46 87 3 1819
1 41 54 26 59 21 2 1820
1 96 33 42 26 54 1 1821
1 86 48 56 49 53 2 1822
0 130 46 18 52 19 3 1823
1 119 58 44 56 43 1 1824
0 9 84 4 87 4 5 1825
1 57 47 3 40 3 1 1826
1 19 61 1 58 1 2 1827
0 24 43 40 37 33 3 1828
0 31 33 41 33 44 3 1829
0 72 44 11 41 12 3 1830
0 60 32 54 37 61 3 1831
1 0 45 49 37 61 1 1832
1 7 60 30 56 40 1 1833
0 115 48 55 51 48 3 1834
1 11 47 58 32 57 3 1835
1 114 58 47 54 42 1 1836
1 62 55 2 52 2 1 1837
1 132 98 23 98 19 1 1838
1 55 6 34 5 54 1 1839
1 126 6 55 6 52 1 1840
0 48 31 44 27 48 3 1841
0 33 92 31 92 26 3 1842
0 73 58 41 52 44 3 1843
0 46 53 18 48 19 3 1844
0 108 91 33 91 39 6 1845
1 53 60 25 58 32 5 1846
0 95 56 42 54 40 3 1847
0 77 57 1 60 1 3 1848
0 68 56 41 57 39 3 1849
1 138 64 1 61 1 1 1850
1 5 42 34 41 32 1 1851
0 38 43 40 43 35 3 1852
1 99 5 74 4 76 2 1853
0 113 59 25 60 27 3 1854
0 68 59 42 55 41 3 1855
0 86 60 27 47 39 3 1856
0 43 61 39 62 46 3 1857
1 81 54 24 51 25 1 1858
0 124 91 42 91 28 3 1859
0 85 71 30 63 45 3 1860
1 39 64 51 49 45 1 1861
1 72 66 93 99 93 1 1862
0 25 54 43 52 56 3 1863
0 143 47 20 50 19 3 1864
0 65 58 28 60 34 3 1865
0 54 62 43 60 40 4 1866
1 20 92 31 91 17 4 1867
0 86 6 46 7 42 3 1868
0 31 44 39 47 42 3 1869
1 76 5 48 4 50 2 1870
1 54 91 39 92 33 4 1871
0 116 52 18 49 19 3 1872
0 123 28 65 33 51 3 1873
1 87 54 60 56 56 1 1874
1 7 6 65 4 57 6 1875
0 62 55 55 50 78 3 1876
0 32 69 44 70 37 3 1877
1 13 55 37 59 45 1 1878
0 33 77 6 80 5 3 1879
0 39 68 28 54 44 3 1880
0 89 68 72 65 77 5 1881
1 70 6 68 6 64 3 1882
1 129 54 75 61 71 1 1883
1 96 32 44 27 49 1 1884
0 46 56 62 57 60 6 1885
0 66 72 36 68 39 5 1886
1 140 51 80 55 80 1 1887
0 114 46 50 44 58 3 1888
0 59 47 44 48 50 6 1889
1 67 44 38 39 37 2 1890
1 99 63 20 59 24 2 1891
1 18 56 80 45 80 1 1892
0 1 50 29 47 31 4 1893
1 25 59 28 60 25 5 1894
0 26 51 45 46 51 3 1895
0 25 59 31 59 28 3 1896
1 28 54 49 54 45 2 1897
0 83 50 34 53 31 3 1898
0 74 6 34 6 31 3 1899
0 128 54 37 55 32 3 1900
0 44 5 62 7 37 3 1901
1 61 70 73 72 70 1 1902
0 134 80 6 82 4 3 1903
0 0 6 44 7 38 3 1904
0 122 64 28 54 31 3 1905
1 97 6 64 5 67 1 1906
1 115 60 42 57 39 1 1907
1 25 1 95 3 94 1 1908
1 0 59 26 56 30 6 1909
0 12 67 39 66 48 3 1910
0 19 92 27 89 36 3 1911
1 53 58 18 57 20 3 1912
0 82 54 39 55 46 3 1913
0 31 73 66 70 72 4 1914
0 88 28 48 29 46 3 1915
0 129 59 76 57 77 3 1916
1 69 51 26 51 22 1 1917
0 140 6 28 6 35 3 1918
0 66 55 26 53 29 3 1919
0 65 29 48 27 51 3 1920
1 55 68 40 71 42 3 1921
0 65 59 46 56 52 5 1922
1 103 61 27 61 17 1 1923
0 112 54 26 54 23 3 1924
1 47 36 44 38 39 3 1925
0 112 98 11 98 16 3 1926
1 130 55 42 54 40 1 1927
1 65 6 33 5 39 1 1928
1 86 50 48 51 46 1 1929
0 132 73 33 69 42 3 1930
1 111 21 19 49 50 1 1931
0 3 34 46 27 61 3 1932
0 139 60 1 65 1 5 1933
1 130 49 51 60 31 1 1934
0 45 46 3 44 4 3 1935
0 96 53 40 40 46 5 1936
0 143 55 80 50 80 3 1937
0 53 57 45 52 48 6 1938
0 12 88 93 86 94 3 1939
1 35 68 39 66 43 1 1940
0 135 42 39 39 38 5 1941
1 10 55 36 53 40 2 1942
1 93 39 37 42 35 1 1943
1 0 49 48 55 41 2 1944
0 46 62 1 55 2 3 1945
0 19 41 35 43 38 3 1946
1 24 6 51 5 55 1 1947
1 62 47 52 46 46 1 1948
0 43 53 46 58 44 3 1949
1 37 10 22 44 71 1 1950
0 141 61 43 56 58 3 1951
0 98 30 14 95 3 3 1952
0 4 55 26 57 23 3 1953
1 122 40 48 47 55 1 1954
1 72 67 93 65 92 1 1955
0 86 6 64 5 69 3 1956
1 32 56 53 52 61 1 1957
1 21 57 48 52 70 1 1958
1 115 49 56 51 55 1 1959
0 0 59 27 59 32 3 1960
1 102 55 64 55 55 1 1961
0 107 64 29 36 43 3 1962
0 104 70 35 63 44 3 1963
0 39 54 44 48 50 3 1964
1 120 31 48 30 50 2 1965
1 78 6 66 3 65 4 1966
0 92 52 1 26 2 3 1967
0 120 57 76 52 76 3 1968
0 88 6 39 6 29 3 1969
0 80 50 44 52 40 3 1970
1 66 56 30 56 26 3 1971
0 59 61 22 54 31 3 1972
1 62 29 51 33 44 4 1973
1 98 49 35 52 33 1 1974
0 133 53 1 63 1 3 1975
1 97 55 80 51 80 1 1976
1 139 41 19 29 17 1 1977
1 57 6 53 6 59 2 1978
0 109 88 93 86 95 3 1979
0 72 26 25 21 43 3 1980
0 94 51 26 50 28 3 1981
1 3 56 39 59 39 1 1982
0 116 55 52 60 49 3 1983
1 107 40 38 38 39 2 1984
0 113 59 26 58 32 3 1985
1 66 61 42 59 43 1 1986
0 101 45 63 41 79 3 1987
0 104 57 42 56 38 6 1988
0 48 43 12 36 11 5 1989
0 14 50 48 47 53 3 1990
0 46 39 3 45 3 6 1991
0 74 31 45 28 54 3 1992
1 51 44 57 46 56 1 1993
1 84 57 27 53 31 1 1994
0 76 7 38 5 55 3 1995
1 52 57 42 50 37 3 1996
0 80 53 47 55 45 5 1997
0 93 87 95 88 93 6 1998
0 104 54 41 55 43 3 1999
