1 28 48 3 44 4 1 0
1 96 5 39 5 59 1 1
1 15 67 35 66 39 1 2
1 93 58 71 56 75 1 3
0 53 39 12 42 12 3 4
1 57 58 40 54 41 1 5
1 139 57 43 56 46 1 6
1 75 60 53 56 54 1 7
1 100 40 36 43 33 1 8
1 115 46 4 40 5 4 9
1 74 44 65 49 65 3 10
1 57 98 22 98 18 5 11
0 23 60 49 32 39 3 12
1 26 70 33 70 36 1 13
0 80 32 37 31 45 3 14
0 0 68 34 63 34 3 15
0 143 54 41 53 49 3 16
1 102 6 38 6 25 5 17
1 97 59 76 60 72 1 18
0 16 34 45 31 45 3 19
0 68 48 54 51 48 3 20
0 46 58 37 32 14 3 21
0 81 52 59 55 59 3 22
0 28 46 4 49 3 3 23
1 90 67 93 65 94 1 24
0 7 32 47 34 44 3 25
1 83 45 4 37 4 1 26
0 131 46 21 52 19 3 27
1 83 56 31 51 33 1 28
1 51 49 81 50 79 1 29
1 48 91 41 90 43 1 30
0 31 46 60 32 56 4 31
1 22 59 32 58 38 1 32
1 52 42 36 39 37 1 33
1 63 57 29 59 27 1 34
0 27 5 67 6 64 3 35
0 106 63 2 80 4 3 36
0 39 47 51 42 39 3 37
0 78 51 80 54 80 4 38
1 17 50 77 56 74 1 39
1 80 42 12 37 11 2 40
0 0 51 18 49 19 3 41
0 128 31 50 33 48 3 42
1 17 54 74 57 72 1 43
0 36 47 57 46 51 3 44
1 54 69 6 80 3 3 45
1 46 56 48 55 53 6 46
0 47 61 33 42 39 3 47
1 7 55 36 59 36 1 48
0 124 67 49 52 60 3 49
1 70 46 52 21 19 2 50
1 78 70 34 65 51 1 51
1 52 55 44 52 41 2 52
0 128 32 78 29 77 3 53
0 60 60 34 61 32 4 54
0 8 61 30 64 39 3 55
1 141 62 20 60 29 5 56
1 18 54 56 56 53 1 57
1 127 38 56 41 56 2 58
1 88 68 47 36 15 1 59
0 141 47 57 46 59 3 60
0 140 31 42 43 41 3 61
1 95 29 63 26 67 1 62
1 93 45 32 42 37 1 63
1 128 54 45 56 41 4 64
1 52 43 29 41 32 5 65
1 97 53 56 55 41 2 66
0 79 63 18 61 17 3 67
1 38 51 35 52 32 2 68
0 108 53 40 55 44 4 69
1 23 57 27 51 35 1 70
1 135 36 13 44 11 2 71
0 117 16 44 21 49 3 72
0 71 5 71 6 67 3 73
0 17 7 47 6 54 3 74
1 75 60 45 55 53 1 75
0 66 6 66 6 63 3 76
1 37 58 47 58 53 1 77
1 38 53 32 52 38 1 78
0 17 55 74 50 77 3 79
1 133 53 57 52 55 5 80
0 76 60 45 59 41 3 81
0 102 69 74 71 70 3 82
0 33 91 18 88 32 3 83
1 143 51 16 40 22 1 84
1 52 58 24 63 21 1 85
0 5 45 4 42 4 3 86
0 13 41 13 36 14 3 87
1 1 57 18 60 19 1 88
1 83 5 44 6 41 1 89
1 12 67 41 68 43 1 90
0 32 52 60 54 55 3 91
0 134 71 74 72 69 3 92
0 33 6 47 7 44 3 93
1 44 63 33 61 31 1 94
1 130 62 48 61 45 1 95
1 135 43 40 41 43 1 96
0 50 88 93 86 94 3 97
0 32 42 11 35 11 3 98
0 3 43 37 38 40 4 99
0 56 67 39 57 39 3 100
1 129 5 75 5 71 2 101
0 121 68 37 67 33 3 102
1 18 71 33 68 38 2 103
1 40 36 43 49 28 1 104
1 1 58 37 33 43 1 105
0 74 5 40 6 30 5 106
0 80 69 77 68 74 3 107
0 66 50 28 52 24 3 108
0 0 26 50 24 61 5 109
0 86 60 51 60 46 3 110
1 41 72 69 70 72 1 111
0 72 6 28 6 32 3 112
0 82 52 47 49 47 3 113
0 104 56 49 59 46 3 114
1 0 40 12 37 13 6 115
1 118 58 23 51 30 4 116
1 119 46 54 47 50 2 117
0 5 53 75 56 76 3 118
1 90 55 45 51 43 1 119
0 13 40 36 43 36 3 120
0 123 44 52 41 63 3 121
1 85 7 52 6 46 1 122
1 126 32 49 32 34 2 123
0 10 57 57 59 55 3 124
1 112 42 11 40 12 5 125
1 77 53 40 53 52 1 126
0 44 6 47 6 42 3 127
0 40 61 17 60 15 3 128
0 72 68 37 67 40 3 129
1 67 55 72 58 75 2 130
0 55 49 33 51 31 3 131
0 87 59 27 60 24 3 132
1 3 86 93 85 91 1 133
1 54 42 29 41 27 1 134
1 60 47 37 58 58 1 135
1 52 43 32 44 29 1 136
0 68 46 32 48 33 3 137
1 80 42 11 45 11 2 138
1 134 44 16 49 17 1 139
1 123 31 51 33 52 1 140
1 96 45 34 46 27 1 141
1 65 57 19 61 17 1 142
0 9 65 38 61 49 3 143
1 3 6 41 6 49 1 144
0 132 53 44 60 37 5 145
1 68 52 48 54 43 1 146
0 20 46 30 53 26 3 147
0 123 5 65 5 60 3 148
0 102 50 16 44 18 5 149
1 89 91 35 91 32 1 150
1 68 59 43 53 43 1 151
1 34 6 66 6 69 1 152
0 109 46 2 51 2 5 153
0 5 54 28 50 25 3 154
0 129 35 27 54 26 3 155
0 50 32 47 33 44 3 156
1 101 54 31 63 23 1 157
1 51 58 75 56 73 1 158
0 19 50 28 52 26 3 159
1 90 49 54 42 53 1 160
0 19 71 72 71 69 3 161
1 18 91 27 91 38 3 162
1 38 31 44 26 41 2 163
0 39 6 60 7 47 4 164
1 6 62 38 64 31 1 165
1 14 63 35 62 40 2 166
1 119 65 36 69 48 1 167
0 67 53 43 52 51 3 168
1 39 69 41 71 30 3 169
1 77 30 62 32 52 2 170
0 138 55 30 48 37 3 171
0 107 43 25 35 48 3 172
0 102 60 40 55 43 3 173
0 97 56 77 32 78 6 174
0 64 34 44 34 40 5 175
0 120 56 80 52 80 3 176
1 131 55 20 49 22 2 177
1 13 5 69 6 66 2 178
1 103 46 4 32 5 4 179
0 57 22 20 46 27 3 180
0 124 63 1 59 2 3 181
0 32 60 54 41 82 3 182
1 108 6 65 6 68 2 183
0 132 6 33 5 54 3 184
0 35 58 80 51 80 3 185
0 54 57 37 62 40 3 186
1 111 48 54 52 56 2 187
1 10 67 92 64 93 1 188
1 2 52 17 44 19 1 189
1 78 46 62 41 61 2 190
0 132 53 54 60 41 3 191
0 4 64 48 57 64 3 192
1 65 51 52 50 48 2 193
1 54 46 42 42 30 1 194
0 57 49 47 42 57 3 195
0 68 56 25 60 30 3 196
1 9 49 39 52 57 6 197
1 65 38 47 40 46 1 198
0 36 88 3 86 4 3 199
1 65 30 78 55 74 1 200
1 14 55 45 52 19 2 201
1 63 98 18 98 21 1 202
0 62 56 29 59 26 3 203
0 128 57 28 58 26 3 204
1 102 47 58 56 42 1 205
0 113 4 29 5 34 3 206
1 74 5 39 5 48 2 207
1 24 87 3 92 6 1 208
0 111 53 52 53 45 3 209
0 30 64 92 64 89 3 210
1 65 5 42 5 54 1 211
0 124 92 35 91 37 3 212
0 76 61 45 62 47 3 213
1 106 53 75 59 73 1 214
1 12 59 26 62 20 1 215
0 86 35 16 60 63 3 216
1 132 59 40 59 31 2 217
1 102 36 19 40 19 1 218
0 38 79 6 62 2 3 219
0 24 59 36 56 42 3 220
1 90 42 73 47 50 1 221
1 49 3 96 2 98 1 222
1 128 44 39 46 37 1 223
0 115 50 25 57 18 3 224
1 123 67 41 63 28 1 225
1 132 44 12 38 13 1 226
1 134 57 18 62 18 3 227
0 52 80 4 78 6 3 228
0 33 46 20 48 19 3 229
1 0 37 13 42 12 1 230
0 134 72 68 65 67 5 231
0 8 51 35 52 39 3 232
0 1 61 34 57 34 3 233
1 32 56 33 54 30 1 234
1 62 6 28 6 36 2 235
0 80 39 12 36 13 5 236
0 119 66 51 66 43 3 237
1 131 54 19 59 16 1 238
0 61 53 34 54 32 4 239
1 35 52 22 45 33 2 240
0 18 46 2 50 2 3 241
0 4 62 46 60 42 3 242
1 30 70 43 69 39 2 243
0 5 61 69 12 60 3 244
1 97 92 29 91 34 1 245
1 109 44 3 49 2 1 246
0 9 49 56 51 57 3 247
0 18 31 53 30 51 3 248
0 35 51 24 47 29 3 249
1 106 7 43 6 47 1 250
0 32 52 33 60 22 3 251
0 128 30 17 35 14 3 252
1 16 56 49 44 35 3 253
0 87 60 33 61 37 3 254
1 52 66 48 64 51 2 255
1 22 45 4 47 3 1 256
0 90 62 25 65 7 3 257
0 74 49 47 52 44 3 258
0 118 54 26 51 26 3 259
1 12 42 58 46 46 1 260
0 66 60 50 55 54 3 261
1 12 27 58 29 53 1 262
1 107 42 32 37 41 1 263
1 7 63 42 59 45 1 264
0 4 31 51 32 48 3 265
0 37 56 38 54 40 3 266
1 113 67 72 69 70 1 267
1 18 46 51 50 35 1 268
1 73 58 33 61 30 1 269
0 74 68 34 63 32 3 270
1 51 64 1 56 2 2 271
1 109 51 2 47 2 1 272
0 102 49 2 28 2 3 273
1 110 70 34 72 41 1 274
1 77 53 44 49 57 1 275
1 129 48 19 45 20 3 276
1 14 61 18 54 21 1 277
1 68 58 32 53 44 1 278
1 25 50 44 52 42 1 279
1 52 61 52 58 56 1 280
1 125 52 45 55 37 1 281
0 24 15 21 51 47 3 282
1 27 7 38 5 54 5 283
0 65 56 52 50 50 3 284
0 53 34 39 29 47 3 285
1 64 78 6 83 4 4 286
1 70 71 32 70 34 1 287
0 66 87 4 83 4 3 288
0 33 49 19 45 20 3 289
1 71 54 34 50 34 2 290
0 134 60 38 58 37 3 291
0 100 58 80 54 80 3 292
1 130 63 45 63 39 5 293
1 123 43 3 52 2 3 294
1 132 59 1 54 1 2 295
1 126 46 60 40 79 1 296
1 119 92 16 89 20 2 297
0 33 90 40 91 30 3 298
1 88 56 44 56 50 2 299
0 106 54 33 50 28 3 300
1 143 60 53 59 56 1 301
1 5 57 18 60 18 1 302
0 84 50 29 47 29 4 303
0 71 71 42 65 50 3 304
0 88 80 6 77 6 3 305
0 73 31 55 15 45 3 306
0 83 60 24 55 20 3 307
1 119 73 30 69 45 1 308
1 91 62 40 59 43 1 309
1 65 57 57 58 49 1 310
1 110 6 30 6 26 1 311
1 104 41 41 14 21 5 312
1 32 70 37 73 39 2 313
0 46 45 2 48 2 3 314
1 65 52 42 51 47 1 315
0 90 57 29 60 27 5 316
1 115 46 41 52 34 1 317
1 134 45 2 49 2 1 318
0 91 43 49 49 58 3 319
0 18 42 27 51 27 3 320
1 68 49 53 52 45 5 321
0 139 6 37 5 42 3 322
0 113 32 50 33 48 3 323
0 66 69 34 50 56 3 324
0 118 56 18 54 19 4 325
0 98 50 42 57 39 3 326
0 57 71 71 65 76 5 327
1 37 67 93 64 94 1 328
1 107 45 30 40 27 1 329
1 31 37 18 34 17 1 330
1 71 86 4 81 2 2 331
0 111 54 80 50 80 5 332
1 96 38 12 43 11 1 333
0 32 58 42 48 49 3 334
1 135 46 53 22 20 1 335
1 77 11 22 18 37 1 336
0 93 68 36 64 32 3 337
0 39 49 48 52 32 3 338
0 76 50 20 45 20 3 339
1 84 64 42 61 41 5 340
1 140 69 71 70 73 1 341
0 129 42 39 39 37 3 342
0 123 30 54 24 38 3 343
0 81 5 65 6 63 5 344
1 70 46 47 48 51 4 345
0 28 45 4 42 3 3 346
0 11 50 64 42 73 3 347
0 105 65 45 72 38 3 348
1 74 59 57 59 45 1 349
0 50 40 27 35 25 3 350
0 126 52 50 46 60 5 351
0 48 54 24 52 25 3 352
1 110 42 57 32 57 2 353
1 19 48 19 46 20 4 354
1 0 62 45 48 50 5 355
0 17 30 45 31 43 3 356
0 19 61 30 62 28 3 357
1 77 6 43 5 51 2 358
1 88 49 21 52 18 1 359
1 12 62 24 60 32 1 360
0 86 6 50 5 48 3 361
1 77 59 27 55 32 1 362
0 22 87 4 84 4 3 363
1 62 56 1 60 1 1 364
0 7 31 44 30 50 3 365
1 21 64 43 61 39 1 366
0 99 41 48 60 45 3 367
0 42 26 42 28 40 3 368
1 42 98 16 98 12 1 369
0 104 52 54 51 32 3 370
1 141 60 45 56 51 1 371
1 133 48 32 47 73 1 372
0 61 62 31 60 35 5 373
0 38 49 54 41 54 3 374
1 56 87 3 81 2 5 375
1 108 92 28 91 25 6 376
0 102 57 48 54 49 3 377
0 53 57 18 60 19 5 378
0 102 28 56 34 45 3 379
1 78 56 28 42 41 3 380
1 111 6 34 5 39 1 381
1 24 49 41 56 40 5 382
0 58 98 23 98 16 3 383
0 99 90 37 91 35 3 384
0 78 54 46 57 43 3 385
1 52 46 60 45 64 1 386
0 131 53 51 48 52 3 387
0 135 43 26 43 29 3 388
1 13 67 27 65 48 4 389
1 112 59 38 55 46 1 390
1 126 54 25 52 29 1 391
1 55 61 40 53 44 2 392
0 28 71 43 69 37 3 393
1 107 48 54 49 45 1 394
0 19 72 72 69 73 3 395
0 14 88 93 86 94 3 396
1 124 46 45 45 47 1 397
1 78 92 32 90 38 4 398
1 69 6 65 5 69 1 399
1 6 86 94 88 93 2 400
0 76 53 34 55 30 3 401
1 128 28 53 27 55 3 402
0 63 53 48 44 24 3 403
0 90 60 30 59 28 3 404
1 130 62 47 66 47 2 405
0 130 5 40 6 26 3 406
0 86 49 55 49 60 3 407
0 72 51 36 47 36 3 408
0 137 53 45 55 43 3 409
1 60 61 29 67 41 1 410
1 118 59 16 54 16 5 411
0 96 32 43 32 48 3 412
1 139 92 25 91 29 1 413
1 141 48 37 50 42 2 414
1 132 69 34 72 27 1 415
0 64 88 93 84 94 3 416
0 37 6 48 6 57 3 417
1 93 43 40 36 45 6 418
1 51 29 55 31 50 1 419
1 129 51 40 53 37 1 420
1 68 55 29 54 38 1 421
0 29 43 54 46 53 3 422
0 77 66 73 68 72 3 423
0 134 57 53 52 13 4 424
0 70 57 80 54 80 3 425
0 128 42 12 30 17 3 426
0 88 30 59 27 59 3 427
0 88 58 23 50 61 3 428
0 109 55 50 51 46 3 429
0 39 56 42 58 45 3 430
1 124 64 1 61 1 3 431
1 64 61 22 55 31 1 432
1 38 49 28 53 25 1 433
1 0 65 35 66 32 2 434
1 96 45 43 53 34 1 435
0 9 55 30 49 35 3 436
0 94 28 63 31 59 3 437
0 105 49 19 52 19 3 438
0 124 30 53 31 49 3 439
0 51 59 72 56 73 5 440
0 32 49 2 11 0 3 441
0 30 33 58 35 53 3 442
0 80 52 58 43 63 3 443
0 15 51 47 43 58 3 444
1 130 29 47 30 50 1 445
0 6 32 43 38 42 3 446
1 86 33 38 32 42 3 447
1 74 47 2 51 2 2 448
1 101 63 33 53 38 1 449
1 86 56 71 57 73 3 450
0 103 6 50 3 55 3 451
1 78 79 5 81 6 5 452
1 134 79 5 70 6 1 453
1 130 60 51 66 36 1 454
0 4 98 20 98 13 3 455
0 40 53 80 58 74 4 456
1 56 45 63 56 22 1 457
0 93 68 42 63 46 3 458
0 126 49 54 47 57 3 459
0 70 53 41 51 40 3 460
0 54 46 46 50 49 3 461
0 88 62 38 58 46 3 462
1 122 60 32 43 40 1 463
1 104 49 53 53 51 1 464
1 74 80 7 81 5 1 465
1 26 53 46 44 50 4 466
0 2 50 80 55 80 3 467
0 96 44 63 49 63 3 468
1 111 57 39 58 36 1 469
1 25 67 78 67 74 4 470
1 78 56 41 57 38 1 471
1 79 42 33 41 35 1 472
0 2 64 1 55 2 3 473
1 73 34 46 37 55 1 474
0 79 59 17 46 19 3 475
0 122 62 29 61 37 3 476
1 23 67 33 66 23 1 477
1 102 55 36 61 50 2 478
0 103 37 4 47 4 3 479
0 94 59 18 57 20 3 480
1 104 57 36 56 42 1 481
0 117 50 49 45 47 3 482
1 72 58 14 61 13 2 483
1 0 61 52 59 42 6 484
0 79 62 37 58 39 6 485
0 19 70 72 72 73 3 486
0 111 6 32 6 36 3 487
0 13 53 80 56 80 3 488
0 33 92 30 92 27 3 489
0 15 58 1 52 1 3 490
0 74 51 19 45 21 3 491
0 47 60 50 46 46 3 492
1 79 69 43 68 39 1 493
0 39 71 35 68 47 3 494
1 40 6 61 5 59 2 495
1 10 31 44 27 50 2 496
0 140 67 41 67 38 3 497
0 60 69 38 71 40 3 498
1 14 98 12 98 21 2 499
1 97 54 25 52 27 1 500
0 89 33 13 40 13 3 501
1 60 39 48 42 43 1 502
1 82 55 65 51 6 1 503
0 102 6 37 6 32 6 504
1 119 71 25 73 18 4 505
1 126 50 81 47 81 1 506
0 109 48 2 52 2 3 507
0 14 55 18 43 15 3 508
1 0 57 38 62 49 3 509
0 94 55 42 60 37 3 510
0 114 55 32 58 32 3 511
1 13 52 80 58 80 5 512
0 66 40 30 43 42 3 513
1 81 67 94 63 97 1 514
0 141 64 46 52 73 5 515
0 67 56 80 59 80 3 516
1 61 6 30 5 44 1 517
1 65 69 38 68 24 2 518
1 103 54 23 53 28 1 519
1 119 63 45 62 48 1 520
0 53 49 20 47 23 3 521
1 133 52 26 49 27 2 522
0 40 53 76 55 74 3 523
1 134 53 28 46 31 1 524
1 130 46 62 39 65 2 525
1 20 62 30 62 36 1 526
1 99 52 80 55 80 1 527
1 143 49 55 52 57 1 528
1 35 53 15 55 16 3 529
0 100 6 68 6 65 3 530
0 79 6 44 6 50 3 531
0 50 47 31 49 29 3 532
1 125 80 5 78 6 1 533
0 65 6 32 5 37 6 534
0 111 53 39 55 51 3 535
1 7 30 56 29 61 4 536
1 128 38 12 43 11 4 537
1 92 69 44 68 41 1 538
0 135 80 5 82 4 3 539
0 34 54 75 57 71 3 540
0 82 49 54 51 48 6 541
0 102 49 19 46 20 3 542
1 58 61 37 54 24 5 543
1 130 82 5 79 5 1 544
1 6 69 68 69 74 5 545
0 116 56 71 55 75 3 546
0 73 55 55 61 43 3 547
1 48 59 31 58 15 1 548
0 28 59 38 61 39 5 549
0 104 53 42 48 48 3 550
1 61 58 29 57 32 1 551
0 121 6 33 5 40 4 552
1 80 66 39 63 46 5 553
0 82 51 75 65 71 3 554
1 66 69 44 65 55 3 555
1 133 30 51 31 49 1 556
1 27 57 18 58 20 3 557
1 91 50 48 57 38 1 558
0 92 90 24 91 18 3 559
0 109 49 2 44 1 3 560
0 28 87 94 89 92 3 561
0 63 59 43 52 42 3 562
0 60 54 36 43 61 6 563
0 9 56 40 54 34 3 564
0 79 41 34 42 30 6 565
0 33 80 5 78 6 3 566
1 98 90 39 88 27 1 567
1 33 44 2 47 2 1 568
1 30 58 29 60 25 3 569
0 113 55 31 48 37 3 570
0 47 43 3 45 2 3 571
1 16 34 43 31 42 1 572
1 54 51 19 59 20 1 573
1 132 57 1 61 1 1 574
1 56 66 93 62 93 1 575
1 63 52 41 55 39 2 576
0 32 55 54 59 55 3 577
1 116 56 30 59 31 1 578
0 12 54 33 51 40 3 579
1 36 61 29 55 44 1 580
1 75 60 37 58 9 5 581
0 116 6 62 6 55 3 582
0 125 51 42 44 36 3 583
1 0 59 30 57 36 1 584
0 67 58 76 55 75 3 585
1 123 64 31 63 23 1 586
0 137 48 2 43 2 3 587
1 6 54 59 57 44 1 588
1 133 62 35 62 39 1 589
0 38 56 35 51 29 3 590
1 138 49 28 46 23 1 591
0 73 40 38 42 34 3 592
1 10 43 37 38 34 1 593
0 70 49 46 57 39 3 594
0 133 63 28 60 37 3 595
1 86 54 77 56 76 1 596
1 97 52 26 47 31 1 597
0 130 57 31 38 36 3 598
1 53 51 49 52 56 1 599
1 88 49 21 52 18 1 600
1 32 53 61 52 69 1 601
0 17 45 4 42 3 3 602
0 119 58 28 53 39 3 603
1 79 66 42 65 44 1 604
1 32 65 45 57 52 1 605
0 106 54 47 54 42 3 606
0 57 98 18 98 22 3 607
0 28 46 58 47 43 3 608
1 142 91 37 87 32 1 609
1 88 47 2 53 1 2 610
0 130 53 42 48 56 5 611
0 52 72 36 73 34 3 612
1 83 56 73 60 76 1 613
1 6 64 75 68 71 1 614
0 52 62 1 60 2 3 615
1 100 45 61 49 60 3 616
0 26 6 58 7 39 3 617
0 45 6 36 5 51 3 618
0 64 28 49 32 44 3 619
1 29 61 38 55 42 1 620
0 30 7 49 6 47 4 621
0 109 55 74 58 76 3 622
0 95 60 47 62 40 3 623
1 130 48 21 50 19 1 624
1 54 27 59 29 54 1 625
0 102 61 23 52 22 5 626
1 0 98 20 98 25 4 627
0 59 6 32 5 49 3 628
0 102 47 22 45 23 3 629
1 45 67 35 63 44 1 630
1 36 27 59 29 64 1 631
0 83 86 94 83 92 3 632
0 79 38 41 45 31 3 633
0 72 57 47 61 36 3 634
1 143 33 44 26 56 4 635
1 57 47 56 55 45 1 636
1 23 43 2 49 2 2 637
0 94 57 59 56 52 3 638
1 5 44 52 22 20 1 639
0 34 25 0 50 0 3 640
1 128 50 42 53 46 1 641
1 13 5 71 6 67 3 642
0 10 39 12 42 12 3 643
0 74 6 42 6 39 3 644
1 50 91 32 91 28 2 645
0 39 66 41 60 37 3 646
1 1 30 61 29 53 2 647
0 53 45 52 43 55 3 648
0 52 55 44 47 40 3 649
1 139 55 44 53 46 2 650
1 45 56 74 57 78 1 651
1 70 41 30 40 36 3 652
1 11 32 51 35 53 1 653
1 82 51 46 54 49 4 654
1 104 58 32 61 24 1 655
1 115 51 53 48 55 4 656
0 74 50 56 43 43 3 657
0 86 6 41 6 48 5 658
1 57 7 37 6 42 2 659
0 98 68 36 65 51 3 660
1 22 30 33 32 37 2 661
0 53 51 48 54 47 3 662
1 30 59 24 61 13 1 663
1 95 62 45 62 48 1 664
0 94 6 65 5 69 3 665
0 108 91 32 90 36 3 666
0 24 47 2 44 2 3 667
0 27 55 80 58 80 3 668
1 82 49 52 54 51 6 669
0 115 42 3 33 4 3 670
0 140 84 4 87 4 3 671
0 26 56 63 51 63 4 672
0 23 62 40 59 40 3 673
0 50 87 93 89 91 3 674
1 19 6 68 3 68 1 675
1 27 51 49 55 49 1 676
0 31 56 2 61 1 6 677
1 66 74 31 71 37 1 678
1 32 40 12 36 13 1 679
0 86 6 36 6 32 3 680
1 127 53 26 50 29 2 681
0 141 55 41 53 29 3 682
1 56 54 45 49 63 1 683
0 90 45 29 38 22 3 684
1 38 58 28 63 20 1 685
1 125 98 20 98 29 1 686
0 57 66 40 52 42 3 687
0 86 86 91 90 90 5 688
0 86 50 79 52 77 3 689
1 18 92 21 92 32 1 690
0 30 33 42 30 42 3 691
0 53 57 76 55 65 3 692
1 35 87 94 89 93 1 693
0 14 87 93 85 95 4 694
0 72 52 23 46 32 3 695
0 60 48 20 44 21 5 696
1 103 58 41 56 39 4 697
1 80 31 45 30 43 3 698
0 69 66 41 65 51 3 699
0 143 21 59 19 58 6 700
0 102 56 58 53 68 3 701
0 54 64 94 66 93 3 702
1 120 52 47 57 39 1 703
0 120 5 66 6 61 3 704
1 140 69 36 62 47 1 705
1 133 86 94 88 93 1 706
1 37 59 27 60 29 2 707
0 108 65 40 64 43 4 708
1 0 45 59 42 56 1 709
1 44 70 73 72 68 6 710
0 38 37 29 45 34 3 711
0 141 53 27 48 40 3 712
1 128 70 72 98 65 1 713
0 58 60 1 63 1 3 714
1 42 57 53 56 63 1 715
1 81 46 31 49 32 1 716
0 47 31 48 32 56 4 717
0 87 62 45 59 46 6 718
1 35 90 36 92 32 1 719
0 0 32 42 30 50 3 720
1 126 48 36 43 50 1 721
1 101 48 54 48 40 1 722
1 43 51 30 46 35 2 723
1 14 65 34 57 40 2 724
1 139 56 40 53 45 1 725
0 106 88 3 86 5 3 726
0 41 49 29 50 27 3 727
0 104 65 42 55 44 6 728
0 87 88 93 86 94 3 729
1 97 51 25 49 28 1 730
0 94 45 32 47 35 3 731
0 67 63 1 57 1 3 732
1 10 67 93 65 95 2 733
0 64 58 33 55 22 3 734
0 118 59 18 52 15 3 735
1 107 5 67 5 71 2 736
1 98 59 36 60 32 4 737
0 105 62 24 60 30 3 738
1 143 28 2 47 2 3 739
1 0 54 26 53 24 1 740
1 0 53 47 51 49 3 741
1 116 43 17 46 16 2 742
0 113 54 38 46 45 3 743
1 72 62 47 35 16 2 744
1 92 32 78 51 83 5 745
1 143 41 12 39 13 1 746
1 74 54 44 49 44 2 747
0 49 5 66 4 68 3 748
0 90 49 3 46 3 3 749
1 25 58 15 61 15 2 750
1 66 39 36 36 42 6 751
1 103 62 1 56 2 1 752
1 118 58 17 53 19 3 753
1 56 58 18 62 16 1 754
1 14 46 39 55 39 1 755
1 12 54 68 39 52 1 756
1 1 42 3 45 3 1 757
1 61 48 34 46 32 1 758
0 89 41 40 41 43 3 759
1 24 67 72 64 78 1 760
1 79 6 51 7 45 4 761
0 108 90 27 92 24 3 762
1 136 54 45 52 52 1 763
0 12 67 73 70 70 5 764
1 135 6 31 6 34 1 765
0 31 67 73 69 72 3 766
1 127 59 37 55 39 2 767
0 71 33 48 34 44 3 768
0 18 58 58 52 60 5 769
0 96 5 41 6 26 3 770
1 28 46 4 41 4 1 771
0 109 49 48 28 30 3 772
1 10 98 23 98 26 1 773
0 25 60 25 58 23 5 774
1 64 58 39 54 29 1 775
1 127 44 38 36 27 1 776
0 138 45 51 45 54 3 777
1 26 50 56 50 49 1 778
1 46 58 48 57 52 1 779
0 88 67 39 69 41 3 780
0 116 5 58 6 49 3 781
0 40 54 45 51 40 3 782
1 116 80 6 83 4 4 783
0 132 59 35 52 44 5 784
0 0 61 32 58 45 3 785
1 130 60 35 56 41 1 786
1 92 47 52 48 49 1 787
1 100 55 54 56 50 1 788
1 2 57 80 54 80 1 789
1 83 52 57 49 57 3 790
1 32 53 28 61 29 2 791
0 73 62 37 64 29 3 792
0 47 58 34 60 40 3 793
1 114 72 69 68 72 2 794
1 93 62 35 49 48 2 795
0 22 80 7 81 5 3 796
1 35 44 53 43 58 1 797
0 11 59 45 58 54 3 798
1 97 49 28 50 26 3 799
1 103 51 40 54 40 1 800
1 128 57 40 57 44 1 801
1 31 62 1 57 1 5 802
1 98 71 39 70 42 1 803
0 52 49 49 31 38 6 804
0 108 26 44 24 39 3 805
0 78 91 31 91 37 3 806
0 63 40 12 43 11 3 807
0 134 52 44 59 35 3 808
0 77 61 27 39 33 3 809
0 51 44 4 48 3 3 810
1 58 48 58 51 55 2 811
0 46 50 18 52 19 3 812
1 128 45 11 40 8 5 813
1 126 52 56 53 48 6 814
0 57 50 77 55 76 3 815
1 84 25 60 30 50 1 816
1 17 56 38 54 41 5 817
1 142 52 45 23 35 3 818
0 102 45 3 49 2 3 819
1 120 31 49 30 26 1 820
0 102 39 72 50 47 3 821
0 58 53 64 56 64 3 822
1 18 68 42 63 44 1 823
0 15 48 46 44 47 3 824
1 135 56 39 61 38 1 825
0 85 68 47 52 45 3 826
1 133 57 29 59 35 1 827
0 136 51 47 50 52 3 828
0 1 5 28 5 24 3 829
0 93 32 55 22 83 3 830
1 53 48 36 55 32 1 831
1 117 54 25 50 29 3 832
1 130 58 43 55 42 1 833
1 1 58 19 52 20 1 834
0 143 32 57 46 59 3 835
1 56 52 34 47 35 1 836
0 115 68 36 68 39 3 837
1 16 29 48 30 45 5 838
0 55 6 54 6 47 3 839
1 116 55 32 60 29 1 840
0 88 58 54 62 42 3 841
0 54 58 28 60 26 3 842
0 39 51 48 46 58 3 843
1 83 6 37 6 34 1 844
0 120 55 41 50 49 3 845
0 54 61 50 62 48 3 846
1 14 65 36 62 42 1 847
1 55 63 20 59 25 3 848
0 17 28 2 43 3 3 849
0 96 49 60 52 55 3 850
0 74 42 3 45 2 5 851
0 98 56 27 57 25 3 852
1 75 59 27 59 34 1 853
0 79 60 41 54 54 3 854
1 25 6 50 7 48 1 855
1 112 44 11 36 11 1 856
1 11 56 38 52 34 1 857
1 76 61 46 57 30 1 858
0 143 41 12 38 12 3 859
1 109 62 41 54 54 1 860
1 126 58 75 15 60 3 861
0 81 66 93 62 93 3 862
0 103 59 25 56 29 3 863
1 143 31 42 28 37 6 864
0 14 53 44 51 46 3 865
1 51 59 29 53 28 1 866
0 117 36 48 36 41 3 867
0 55 6 28 6 33 3 868
1 26 61 38 59 37 1 869
0 7 98 16 98 19 3 870
0 122 55 55 57 58 3 871
0 141 52 57 52 47 3 872
1 93 6 29 5 40 5 873
1 3 90 41 91 39 1 874
0 96 34 10 42 9 3 875
1 84 55 77 59 77 3 876
1 42 50 42 54 39 1 877
1 85 51 82 53 77 1 878
0 36 30 54 31 46 3 879
1 15 53 45 63 35 1 880
1 32 28 53 29 51 2 881
1 141 66 36 49 45 1 882
0 36 47 49 47 54 3 883
0 2 50 26 51 29 3 884
1 141 47 44 44 55 1 885
1 91 67 47 48 44 1 886
0 42 69 74 70 72 3 887
1 102 92 34 90 37 1 888
0 64 61 29 63 22 6 889
1 25 43 56 45 50 1 890
1 50 59 32 55 32 1 891
0 37 34 26 41 24 3 892
1 135 32 44 28 50 2 893
0 11 52 52 45 66 6 894
0 91 61 1 65 1 3 895
1 71 44 50 43 54 1 896
0 135 5 67 5 73 3 897
1 54 61 42 64 37 6 898
0 31 55 45 56 38 3 899
1 130 47 20 49 19 1 900
0 11 49 28 59 26 3 901
0 4 66 7 65 9 3 902
1 75 42 12 40 13 1 903
0 52 84 4 81 4 4 904
1 87 60 45 60 49 1 905
1 28 57 38 55 39 2 906
0 32 30 45 29 47 3 907
0 75 31 53 33 45 3 908
1 52 40 37 50 36 1 909
1 52 67 40 49 34 2 910
0 116 60 18 57 16 3 911
0 57 61 26 57 16 3 912
1 6 52 22 41 28 1 913
1 105 71 35 64 44 1 914
0 52 58 42 58 45 6 915
1 16 48 39 48 44 1 916
0 61 42 37 41 39 3 917
0 74 45 2 50 2 3 918
1 113 49 37 42 45 6 919
1 132 68 39 59 38 6 920
1 27 61 34 59 42 1 921
1 100 56 80 52 81 1 922
1 123 47 72 54 42 1 923
1 8 50 19 43 17 1 924
0 74 48 3 35 4 5 925
1 65 60 31 62 40 1 926
1 8 54 42 49 51 1 927
0 53 61 41 58 40 4 928
0 39 54 44 50 50 3 929
0 57 61 34 60 54 3 930
0 77 57 35 54 15 3 931
1 133 50 64 45 74 2 932
1 65 63 47 65 48 3 933
1 129 35 51 47 53 1 934
0 13 54 51 51 56 3 935
1 87 56 44 58 43 2 936
0 51 51 77 59 75 3 937
0 120 67 34 71 36 3 938
0 39 51 51 60 41 3 939
1 100 60 47 57 51 3 940
1 1 59 16 54 19 1 941
0 1 57 33 56 35 3 942
0 130 6 35 6 25 3 943
1 27 6 52 5 55 3 944
1 10 57 37 53 43 2 945
0 40 42 20 36 18 3 946
1 83 58 32 56 31 5 947
1 44 59 27 60 24 4 948
0 65 33 46 32 48 3 949
0 53 52 41 53 38 3 950
1 28 43 45 54 51 1 951
1 116 47 21 52 19 3 952
1 82 38 41 41 36 2 953
0 25 50 20 47 20 3 954
1 53 56 45 54 50 1 955
0 87 52 55 51 46 3 956
0 59 51 49 55 50 3 957
0 142 82 5 79 4 3 958
0 132 57 20 49 21 3 959
0 121 39 36 42 35 3 960
1 100 72 68 70 71 1 961
0 24 58 46 54 53 3 962
0 44 62 1 58 1 3 963
0 21 52 56 53 45 3 964
0 40 4 68 6 60 3 965
0 15 59 1 57 2 3 966
0 0 58 34 55 36 3 967
0 96 53 41 53 32 3 968
0 91 51 51 49 53 3 969
0 109 62 41 60 46 3 970
0 6 60 43 66 41 3 971
0 0 57 49 52 43 3 972
1 34 58 59 56 50 1 973
1 130 48 40 51 44 4 974
0 52 43 3 50 2 3 975
0 86 54 44 54 41 3 976
1 38 59 29 59 32 5 977
0 0 43 44 34 45 3 978
1 93 89 35 90 31 5 979
1 88 52 73 50 75 1 980
0 37 6 49 7 36 6 981
0 137 63 47 68 42 3 982
0 15 61 1 56 2 3 983
1 29 69 68 70 72 1 984
0 46 59 56 59 53 3 985
0 64 30 45 27 50 5 986
1 63 48 19 46 18 1 987
0 16 47 31 51 27 3 988
0 68 54 44 54 41 3 989
0 121 71 39 70 35 3 990
0 97 46 31 53 28 3 991
1 32 46 46 51 50 1 992
1 74 27 41 31 42 2 993
0 1 65 94 64 96 3 994
0 38 61 27 50 30 3 995
0 109 61 18 50 19 3 996
1 46 55 46 58 47 1 997
0 130 36 11 40 12 3 998
1 74 61 38 59 30 3 999
0 116 45 63 50 62 3 1000
1 23 48 36 49 39 2 1001
0 131 49 29 53 27 3 1002
0 14 57 39 58 45 5 1003
1 65 98 21 98 14 1 1004
1 132 61 32 55 38 1 1005
0 34 26 25 46 44 3 1006
1 141 57 80 47 80 1 1007
0 91 49 47 56 49 3 1008
0 143 42 2 47 2 3 1009
0 24 80 4 75 4 3 1010
1 9 90 23 91 32 1 1011
1 141 57 28 62 39 1 1012
1 78 45 33 53 39 1 1013
0 39 54 25 60 15 3 1014
1 81 5 66 3 67 1 1015
1 46 41 4 37 4 1 1016
0 63 91 34 92 31 3 1017
1 0 57 78 51 82 1 1018
1 82 69 75 67 74 6 1019
0 28 60 43 58 44 3 1020
0 74 60 44 60 50 3 1021
1 20 6 34 5 42 2 1022
0 4 54 39 46 34 3 1023
0 9 5 70 4 74 3 1024
1 134 64 92 61 92 1 1025
0 12 42 35 39 46 3 1026
0 34 60 44 52 45 3 1027
1 78 50 43 50 51 1 1028
0 112 42 13 36 13 5 1029
0 14 59 48 57 14 3 1030
1 43 59 46 48 51 1 1031
1 112 6 31 5 37 1 1032
1 8 47 33 42 35 1 1033
0 108 57 80 54 80 3 1034
0 16 69 39 60 41 3 1035
1 98 81 5 70 6 2 1036
1 0 55 64 55 59 2 1037
0 14 98 21 98 25 3 1038
1 80 42 2 46 2 1 1039
1 76 52 45 59 41 1 1040
0 92 40 3 45 4 3 1041
1 54 56 29 49 36 1 1042
0 12 46 42 48 43 3 1043
1 32 50 27 49 48 1 1044
1 103 58 28 48 32 5 1045
0 96 54 51 54 27 3 1046
1 84 44 62 54 54 1 1047
1 72 59 46 49 63 1 1048
0 14 52 43 50 38 5 1049
0 16 69 37 70 31 6 1050
1 65 56 49 52 52 2 1051
1 18 67 77 72 72 2 1052
0 5 55 33 57 46 5 1053
1 121 52 19 59 17 1 1054
1 0 72 21 66 33 1 1055
0 0 52 46 52 53 4 1056
0 102 64 77 66 74 3 1057
1 26 71 39 67 44 1 1058
0 91 49 78 58 75 3 1059
1 16 69 42 50 46 1 1060
1 81 5 71 5 68 6 1061
0 4 52 46 55 39 3 1062
0 100 43 54 40 53 3 1063
1 97 52 47 54 40 1 1064
0 98 63 40 58 47 3 1065
1 83 56 29 54 33 5 1066
1 9 7 43 7 38 1 1067
0 128 55 40 59 39 3 1068
1 74 56 51 56 58 3 1069
1 112 51 31 51 24 5 1070
1 13 48 30 53 25 1 1071
1 78 49 35 41 41 1 1072
0 33 92 26 92 21 3 1073
1 24 52 46 50 50 5 1074
0 53 51 49 43 44 3 1075
1 105 65 44 67 39 1 1076
1 109 60 45 58 50 3 1077
0 16 37 11 33 10 5 1078
0 52 6 45 7 37 3 1079
0 109 47 4 39 4 3 1080
1 85 45 4 51 2 1 1081
1 13 6 65 5 67 1 1082
0 136 31 46 33 44 3 1083
0 27 75 6 79 5 3 1084
1 66 49 29 40 19 2 1085
1 120 52 19 50 20 2 1086
0 121 55 50 55 40 3 1087
1 109 39 40 42 40 1 1088
1 90 55 41 50 44 1 1089
0 96 62 39 51 34 3 1090
0 105 62 17 55 19 4 1091
1 51 78 6 81 5 1 1092
0 48 42 12 39 12 5 1093
0 17 50 53 53 55 4 1094
0 24 50 42 57 40 3 1095
1 97 46 4 41 4 1 1096
0 111 6 34 6 30 3 1097
1 87 43 29 38 38 1 1098
1 113 55 45 48 56 1 1099
0 83 5 38 6 35 3 1100
0 68 52 45 60 38 3 1101
0 80 31 42 27 49 5 1102
1 97 52 30 53 44 2 1103
0 107 45 32 42 34 3 1104
1 0 98 11 98 17 1 1105
0 0 52 30 60 24 3 1106
0 66 48 34 47 31 3 1107
1 47 64 31 64 26 1 1108
0 95 56 80 53 80 3 1109
0 102 56 54 54 65 3 1110
1 80 56 35 54 39 5 1111
1 105 74 37 70 41 1 1112
0 18 55 66 50 63 3 1113
0 94 30 52 31 49 3 1114
1 66 50 19 47 24 1 1115
1 33 55 43 53 49 6 1116
1 105 54 41 15 20 1 1117
0 11 47 49 48 40 3 1118
0 111 63 31 60 30 3 1119
0 69 86 4 81 3 3 1120
0 19 70 69 69 71 3 1121
0 82 6 30 6 38 3 1122
0 48 27 59 26 73 3 1123
1 68 52 48 53 44 3 1124
0 102 51 63 55 67 3 1125
0 22 98 19 98 24 3 1126
0 0 43 12 31 10 3 1127
1 39 46 20 49 19 2 1128
0 18 92 35 90 33 3 1129
1 98 58 32 60 23 1 1130
0 63 30 48 32 52 3 1131
1 50 86 94 83 96 2 1132
0 98 51 59 53 58 3 1133
1 51 32 52 31 55 5 1134
0 76 7 45 6 59 3 1135
1 79 47 3 17 2 2 1136
0 48 26 25 51 43 3 1137
1 22 60 38 55 41 2 1138
1 132 55 74 46 66 1 1139
0 138 67 37 68 39 3 1140
1 48 68 33 67 20 1 1141
0 91 44 42 58 42 5 1142
1 1 67 91 65 92 1 1143
1 23 58 34 55 28 1 1144
1 71 67 36 66 39 1 1145
0 38 56 25 56 31 5 1146
0 1 6 67 6 63 3 1147
1 36 64 48 63 52 1 1148
0 137 26 76 26 72 5 1149
1 112 31 43 33 48 1 1150
0 43 47 3 44 4 4 1151
1 42 55 52 55 38 2 1152
1 126 58 75 31 78 1 1153
0 67 63 48 64 44 3 1154
0 32 31 41 35 39 3 1155
1 40 55 37 57 35 3 1156
1 17 46 4 21 4 5 1157
0 66 65 44 66 42 3 1158
0 117 61 35 50 49 3 1159
1 118 60 33 59 31 2 1160
1 78 51 46 59 35 1 1161
1 60 50 74 51 72 1 1162
1 15 52 40 56 38 1 1163
0 60 60 43 50 44 3 1164
0 136 50 80 54 80 3 1165
0 108 65 93 62 95 3 1166
1 133 47 72 49 66 1 1167
1 104 62 42 47 37 2 1168
0 2 63 1 66 1 3 1169
0 141 57 38 60 32 3 1170
1 99 38 13 41 12 1 1171
1 72 43 12 34 16 3 1172
1 135 57 45 59 35 1 1173
1 65 92 34 92 28 2 1174
1 33 47 39 54 33 1 1175
1 0 48 48 48 51 1 1176
0 10 63 29 60 38 3 1177
0 63 63 31 58 38 3 1178
0 121 5 36 5 41 3 1179
1 11 56 22 55 26 1 1180
0 104 47 55 47 50 3 1181
0 4 51 27 44 29 3 1182
0 66 44 29 43 40 3 1183
1 125 53 48 49 43 1 1184
1 141 52 56 52 47 2 1185
0 79 42 41 41 37 3 1186
1 21 61 44 48 52 2 1187
0 38 53 46 27 26 3 1188
1 5 50 20 52 19 1 1189
1 59 52 18 51 20 2 1190
0 93 89 32 87 20 3 1191
0 52 68 48 64 45 3 1192
1 40 50 53 55 41 3 1193
1 68 49 45 51 43 1 1194
0 26 68 33 60 31 3 1195
1 95 50 43 59 40 1 1196
1 143 53 1 48 2 2 1197
0 74 53 64 66 52 3 1198
1 120 54 26 51 27 2 1199
1 26 45 60 43 76 2 1200
1 85 45 21 40 19 2 1201
0 76 61 39 48 64 3 1202
0 22 31 54 32 45 3 1203
1 97 88 93 86 92 2 1204
0 26 51 47 56 38 3 1205
1 44 71 70 68 71 1 1206
1 72 86 5 84 4 1 1207
1 78 30 50 34 44 1 1208
0 105 55 18 58 19 5 1209
1 98 42 13 38 13 1 1210
1 102 6 31 6 24 1 1211
1 55 6 58 6 54 1 1212
1 108 63 45 66 40 1 1213
0 19 49 20 43 24 3 1214
0 32 62 49 62 45 3 1215
1 99 56 80 51 81 1 1216
0 102 61 44 59 35 3 1217
1 14 33 46 33 43 1 1218
1 62 64 43 60 41 1 1219
0 46 55 38 53 37 3 1220
1 12 51 68 55 68 3 1221
0 108 91 35 93 54 3 1222
0 116 54 76 51 79 3 1223
1 115 59 45 62 41 2 1224
0 116 42 63 47 51 3 1225
1 69 51 2 47 2 1 1226
0 93 6 37 6 33 3 1227
0 80 57 46 58 44 3 1228
1 0 65 40 64 43 1 1229
1 65 6 66 6 69 3 1230
0 21 51 48 59 30 3 1231
1 0 58 34 55 39 1 1232
0 134 51 45 50 49 3 1233
1 22 29 56 30 53 1 1234
1 51 70 68 70 71 5 1235
1 88 55 75 59 76 2 1236
1 32 67 35 64 31 1 1237
0 16 55 41 57 42 4 1238
0 24 57 43 55 42 3 1239
0 1 31 51 30 62 3 1240
1 135 55 45 47 68 3 1241
0 116 56 29 63 21 3 1242
1 6 92 30 92 26 2 1243
1 106 39 62 52 51 1 1244
0 113 55 37 48 37 3 1245
0 48 31 41 31 50 5 1246
1 132 50 27 60 31 5 1247
1 88 51 20 45 20 2 1248
1 1 58 36 60 42 1 1249
1 11 57 34 51 37 1 1250
1 33 90 35 92 29 2 1251
1 90 54 50 42 53 1 1252
1 50 56 77 60 60 2 1253
1 68 60 23 60 26 4 1254
0 114 67 77 54 72 3 1255
0 33 44 38 39 48 3 1256
0 138 32 51 32 45 3 1257
0 41 47 2 42 2 3 1258
1 103 63 21 56 11 1 1259
1 96 25 47 30 37 1 1260
1 108 59 42 60 22 1 1261
1 58 56 40 58 38 1 1262
0 27 56 42 58 39 3 1263
0 49 63 1 47 1 3 1264
0 102 43 79 46 70 3 1265
1 47 56 25 49 36 1 1266
0 0 46 50 46 53 3 1267
1 97 34 43 57 36 3 1268
1 19 50 16 48 13 5 1269
0 64 43 18 60 44 3 1270
1 27 52 16 62 14 1 1271
1 11 52 51 54 48 1 1272
0 117 67 46 70 41 5 1273
0 87 54 40 36 43 3 1274
0 26 61 40 57 49 3 1275
0 77 61 50 60 53 3 1276
0 64 43 18 65 47 5 1277
0 84 47 30 51 25 3 1278
0 24 55 52 56 45 3 1279
0 112 37 13 39 14 5 1280
1 75 45 46 46 55 1 1281
1 72 47 58 51 54 1 1282
0 96 67 27 65 40 3 1283
1 41 50 52 55 52 2 1284
1 0 64 45 63 59 1 1285
1 87 59 48 50 51 5 1286
0 53 48 53 51 51 3 1287
0 143 45 20 47 21 3 1288
1 28 46 4 42 4 2 1289
1 132 48 41 47 54 1 1290
1 81 53 59 59 48 1 1291
0 98 50 19 45 21 3 1292
1 26 74 30 73 37 2 1293
0 48 71 37 69 40 3 1294
0 82 67 36 66 38 3 1295
0 17 62 2 57 2 3 1296
0 108 5 71 6 65 3 1297
1 129 56 39 58 36 1 1298
1 94 88 93 86 94 1 1299
1 32 67 43 70 41 1 1300
1 100 6 29 6 34 1 1301
0 72 50 64 52 58 3 1302
0 82 48 63 48 67 3 1303
1 116 59 24 55 30 5 1304
1 113 56 80 53 81 1 1305
1 1 52 32 57 33 1 1306
1 102 61 38 44 45 2 1307
1 107 66 50 71 34 1 1308
1 24 59 35 53 45 1 1309
1 126 54 41 53 45 1 1310
1 117 44 63 46 61 4 1311
0 18 47 4 45 3 3 1312
0 46 79 2 74 2 3 1313
1 94 53 19 13 19 1 1314
1 135 38 38 18 38 2 1315
0 5 55 24 51 27 3 1316
0 102 58 38 56 40 3 1317
0 91 53 77 60 71 3 1318
0 104 52 41 54 40 5 1319
1 5 61 41 55 52 1 1320
1 18 91 31 91 27 2 1321
1 75 68 38 90 27 1 1322
1 87 5 69 6 67 1 1323
1 131 59 16 64 16 1 1324
1 35 56 37 52 43 3 1325
0 143 45 50 50 47 3 1326
1 23 52 35 53 32 6 1327
0 31 53 1 60 1 3 1328
0 36 23 11 33 12 3 1329
1 119 69 23 66 43 1 1330
0 16 53 31 52 48 3 1331
1 129 62 47 61 40 3 1332
0 38 41 42 27 35 3 1333
1 58 64 54 64 51 1 1334
0 33 91 34 91 43 3 1335
1 47 54 44 57 43 3 1336
1 108 87 3 85 4 2 1337
1 136 6 44 6 30 2 1338
1 26 44 4 36 3 1 1339
1 22 53 15 45 18 1 1340
0 42 58 28 56 27 3 1341
0 27 6 42 7 49 5 1342
0 0 45 52 22 20 3 1343
0 115 85 96 88 92 3 1344
1 110 41 32 40 36 1 1345
1 117 5 19 6 14 1 1346
1 124 62 1 55 1 6 1347
0 52 69 42 67 44 3 1348
1 108 57 2 60 1 2 1349
0 107 47 41 42 39 3 1350
1 93 48 50 46 49 1 1351
1 93 60 1 55 2 1 1352
0 140 58 34 54 34 3 1353
0 109 45 2 48 2 6 1354
0 102 48 59 48 56 3 1355
0 122 53 81 58 80 3 1356
1 124 42 18 63 37 1 1357
0 18 60 42 59 45 3 1358
1 17 67 36 63 44 1 1359
1 122 51 81 54 80 4 1360
1 31 59 36 51 41 1 1361
0 41 33 40 41 35 3 1362
0 40 62 44 68 36 3 1363
0 119 69 41 71 37 3 1364
0 93 6 57 6 46 3 1365
0 140 71 38 64 24 3 1366
0 74 56 76 54 77 3 1367
0 73 57 34 55 39 3 1368
1 0 52 48 48 54 2 1369
0 111 6 30 5 27 3 1370
0 81 45 37 47 22 3 1371
0 76 62 44 61 47 3 1372
1 66 57 18 63 17 1 1373
0 130 48 21 48 17 6 1374
0 16 48 55 50 57 3 1375
0 129 62 24 53 43 3 1376
0 62 59 80 56 80 3 1377
1 59 47 49 48 54 2 1378
1 130 6 34 6 26 2 1379
0 109 54 44 55 51 3 1380
1 60 33 42 27 41 2 1381
1 33 49 18 44 21 1 1382
0 13 65 43 64 47 3 1383
0 104 51 75 68 74 3 1384
1 72 26 25 55 44 1 1385
0 0 6 64 5 68 3 1386
0 15 88 93 85 93 3 1387
1 105 58 47 61 43 1 1388
0 51 57 20 62 17 3 1389
1 80 54 41 57 39 1 1390
1 132 64 75 65 80 1 1391
1 80 6 36 6 33 1 1392
1 76 56 51 61 46 6 1393
0 123 29 53 30 63 3 1394
0 132 58 38 60 37 3 1395
1 90 47 46 47 50 1 1396
0 44 66 41 66 38 3 1397
0 87 65 1 58 2 3 1398
0 130 79 5 77 6 3 1399
0 112 49 40 47 52 3 1400
0 22 47 49 47 53 3 1401
0 42 52 52 56 36 3 1402
1 66 40 38 34 37 1 1403
0 65 5 68 6 64 3 1404
0 18 92 23 90 42 3 1405
1 63 56 74 58 77 1 1406
0 132 63 17 58 16 3 1407
1 55 52 36 54 39 3 1408
1 71 78 90 84 93 1 1409
0 85 74 67 67 74 3 1410
0 72 51 42 50 44 3 1411
1 68 56 29 57 34 5 1412
0 133 42 46 44 44 3 1413
1 27 78 4 62 2 2 1414
1 26 46 49 47 39 1 1415
1 54 63 33 63 15 2 1416
0 67 46 54 47 47 3 1417
0 115 48 36 50 35 3 1418
1 104 67 36 59 29 1 1419
1 133 62 21 31 13 1 1420
0 39 61 47 98 26 3 1421
0 82 47 63 51 58 3 1422
0 11 42 41 40 45 3 1423
1 130 77 6 80 4 1 1424
0 97 60 73 59 75 3 1425
0 82 52 47 49 53 3 1426
0 101 58 39 59 41 3 1427
0 140 51 58 53 61 3 1428
0 0 44 43 45 45 4 1429
0 1 56 42 52 47 4 1430
0 108 68 25 72 36 3 1431
1 80 52 55 51 49 2 1432
0 98 51 33 52 39 3 1433
1 29 57 40 60 36 1 1434
0 96 6 50 6 26 6 1435
1 25 6 64 5 70 3 1436
0 122 6 63 3 68 3 1437
1 57 6 30 5 27 1 1438
0 85 65 75 70 72 3 1439
1 20 45 33 43 38 1 1440
1 123 6 33 6 30 1 1441
1 120 51 62 58 47 1 1442
0 103 59 24 61 25 3 1443
0 32 60 35 62 32 3 1444
0 70 59 55 56 53 3 1445
0 65 5 38 6 33 5 1446
1 79 28 16 21 17 2 1447
1 107 42 40 41 31 1 1448
0 128 55 24 52 30 5 1449
0 98 56 62 47 76 3 1450
1 42 67 43 61 41 1 1451
0 13 51 45 54 43 3 1452
0 123 85 6 86 4 3 1453
1 124 69 75 71 73 2 1454
0 21 60 44 59 46 3 1455
0 53 54 44 52 51 5 1456
1 124 69 40 60 41 1 1457
1 126 49 27 54 29 1 1458
1 136 59 42 58 44 1 1459
0 87 60 44 58 55 3 1460
1 118 98 17 98 22 1 1461
0 72 64 50 70 40 3 1462
1 46 65 1 56 2 2 1463
1 39 63 47 68 38 1 1464
1 100 55 80 50 81 1 1465
0 23 48 36 47 41 3 1466
0 132 59 37 60 34 3 1467
0 72 66 93 67 91 3 1468
1 28 5 65 6 62 2 1469
0 116 7 50 6 26 3 1470
1 102 40 59 50 54 3 1471
0 80 71 43 59 43 3 1472
1 70 62 41 58 38 1 1473
1 13 52 54 54 50 2 1474
0 137 33 50 33 53 3 1475
1 102 52 43 61 38 5 1476
1 118 60 28 58 29 1 1477
0 92 68 38 45 40 3 1478
1 92 88 93 85 96 1 1479
1 78 92 27 89 21 3 1480
0 137 57 54 40 48 3 1481
1 10 52 46 50 47 1 1482
0 14 59 19 61 18 3 1483
0 11 67 33 64 31 3 1484
1 96 52 52 23 63 3 1485
1 62 62 1 51 2 1 1486
0 130 43 3 48 2 3 1487
1 60 56 54 55 49 1 1488
1 40 46 26 41 36 1 1489
0 39 53 46 60 42 3 1490
1 143 55 74 57 75 1 1491
1 52 31 15 61 33 2 1492
1 139 89 56 90 47 2 1493
1 114 6 32 6 25 1 1494
1 83 6 28 6 31 3 1495
0 126 6 55 6 45 3 1496
0 124 56 65 57 63 3 1497
0 38 42 25 12 43 5 1498
0 54 64 53 37 16 3 1499
0 82 46 2 51 2 3 1500
0 128 59 29 57 33 3 1501
1 35 44 30 47 29 1 1502
0 138 32 78 54 73 3 1503
0 143 81 5 83 4 3 1504
1 78 45 4 42 3 2 1505
0 135 6 35 6 10 3 1506
1 129 98 16 98 20 1 1507
1 106 54 42 49 49 1 1508
0 55 52 49 49 12 3 1509
0 135 37 41 33 27 3 1510
0 136 57 18 53 16 3 1511
1 34 33 48 30 52 1 1512
0 11 41 35 40 33 3 1513
0 101 60 72 61 74 3 1514
1 7 29 56 29 64 1 1515
0 46 56 49 55 66 3 1516
0 102 69 73 67 76 3 1517
0 21 62 33 54 43 3 1518
1 107 44 38 45 32 1 1519
0 73 60 36 64 28 3 1520
0 48 67 42 65 49 5 1521
1 98 53 38 50 41 5 1522
1 141 60 29 59 27 2 1523
1 96 63 32 52 36 1 1524
0 104 53 40 50 40 3 1525
1 10 42 41 38 39 3 1526
0 135 68 70 65 74 3 1527
1 105 6 49 6 54 1 1528
1 6 31 49 29 46 1 1529
0 70 39 58 69 76 3 1530
0 56 57 37 54 46 3 1531
1 112 50 2 47 2 1 1532
1 7 67 38 56 46 1 1533
1 117 70 35 63 48 1 1534
0 135 37 47 18 57 3 1535
1 143 59 76 57 77 3 1536
1 82 52 49 55 44 1 1537
1 56 69 34 66 34 1 1538
1 126 56 19 52 20 4 1539
1 49 65 42 63 44 1 1540
0 81 50 17 52 25 3 1541
0 84 56 66 49 84 3 1542
0 19 47 31 51 30 3 1543
0 18 66 92 65 94 3 1544
1 86 55 42 50 43 2 1545
1 38 38 42 39 39 1 1546
1 121 6 40 5 28 2 1547
1 29 55 2 61 1 1 1548
0 24 54 43 48 63 6 1549
1 50 63 46 69 32 1 1550
0 137 61 18 61 14 3 1551
1 16 31 14 36 14 1 1552
0 132 52 52 51 49 4 1553
0 5 51 64 57 58 3 1554
1 26 59 72 55 75 2 1555
0 69 82 5 70 6 5 1556
0 73 32 48 28 23 3 1557
0 13 67 41 69 37 3 1558
0 79 41 33 39 37 3 1559
0 81 61 41 53 42 3 1560
0 124 68 23 58 23 3 1561
0 80 32 42 31 44 3 1562
0 16 66 47 62 46 3 1563
1 65 27 25 46 57 1 1564
1 130 82 5 80 6 1 1565
1 15 61 2 55 2 5 1566
0 3 57 20 52 18 4 1567
1 67 5 69 6 67 1 1568
0 7 31 57 32 53 3 1569
0 95 57 43 43 46 3 1570
0 66 68 40 69 42 3 1571
1 68 56 39 57 41 2 1572
0 18 40 11 40 14 3 1573
1 56 61 19 63 16 3 1574
0 78 89 20 90 15 6 1575
1 121 55 16 59 23 1 1576
0 99 5 66 5 71 3 1577
1 130 59 45 56 55 4 1578
0 69 63 2 67 1 3 1579
0 62 62 47 50 46 3 1580
0 120 54 16 59 16 3 1581
0 80 43 32 59 38 3 1582
0 50 56 49 64 33 3 1583
1 130 62 48 64 37 1 1584
0 40 68 41 59 41 5 1585
1 18 83 4 63 3 2 1586
0 83 86 4 93 3 3 1587
0 65 61 16 54 16 3 1588
1 32 55 35 60 22 1 1589
0 63 42 18 38 29 3 1590
0 0 32 45 34 43 5 1591
0 75 70 36 64 46 3 1592
0 102 47 21 46 16 3 1593
0 60 53 58 58 47 3 1594
0 121 79 5 81 4 3 1595
1 21 65 42 43 62 1 1596
1 52 49 49 58 45 1 1597
1 23 54 38 52 37 1 1598
0 6 70 74 75 55 3 1599
1 35 3 96 1 95 2 1600
1 93 60 1 58 2 1 1601
1 43 64 28 63 30 1 1602
0 45 46 27 43 31 3 1603
1 8 61 25 58 28 2 1604
0 22 55 45 52 39 3 1605
1 88 57 41 55 23 1 1606
0 38 58 34 56 26 6 1607
0 67 7 43 6 48 3 1608
1 31 6 47 6 53 1 1609
0 72 30 59 28 57 3 1610
1 141 59 26 61 25 2 1611
1 69 56 74 54 76 1 1612
0 117 43 33 55 51 3 1613
0 92 59 18 63 16 4 1614
0 27 5 64 5 56 3 1615
1 81 5 67 6 69 5 1616
0 79 48 49 46 60 3 1617
1 100 67 41 59 42 1 1618
0 72 53 47 77 35 6 1619
0 50 57 43 69 45 3 1620
0 28 69 41 67 42 5 1621
0 71 45 4 37 4 3 1622
0 18 52 27 52 24 3 1623
0 50 46 31 53 24 3 1624
0 33 30 53 33 37 3 1625
0 53 56 34 55 27 3 1626
0 9 43 64 45 61 3 1627
0 36 31 44 33 46 6 1628
0 14 61 19 57 20 3 1629
1 112 54 41 55 45 1 1630
1 120 67 38 67 44 3 1631
0 74 6 30 6 34 3 1632
1 21 62 40 62 46 2 1633
1 44 63 40 62 47 1 1634
1 73 51 19 47 20 3 1635
0 96 38 12 36 13 3 1636
0 26 62 35 57 40 3 1637
0 0 67 34 59 40 6 1638
0 103 48 3 45 4 3 1639
0 40 46 3 44 4 5 1640
1 86 53 15 55 20 2 1641
1 118 59 18 51 20 2 1642
1 41 49 34 47 32 2 1643
1 64 29 47 26 52 6 1644
0 35 7 53 7 48 3 1645
1 92 61 35 63 37 1 1646
0 58 45 2 43 3 3 1647
1 101 68 40 58 43 2 1648
1 112 87 3 85 2 1 1649
0 96 55 43 59 41 3 1650
0 38 56 28 50 36 3 1651
1 112 56 34 36 30 2 1652
1 93 52 2 47 2 1 1653
1 43 39 37 41 35 1 1654
0 15 42 40 39 46 3 1655
0 69 51 53 56 44 3 1656
0 12 60 41 37 41 3 1657
0 93 67 93 64 93 3 1658
1 5 54 40 57 34 4 1659
1 133 31 49 32 56 1 1660
1 44 55 41 45 41 2 1661
0 48 42 63 49 65 3 1662
1 18 51 51 54 46 1 1663
0 64 52 41 59 40 3 1664
1 5 56 80 53 81 3 1665
0 94 6 68 5 75 5 1666
0 14 61 37 60 32 3 1667
1 46 57 1 60 1 5 1668
0 38 38 40 43 31 3 1669
0 108 91 37 91 33 3 1670
0 4 92 31 91 34 3 1671
1 79 6 66 6 63 1 1672
0 8 55 32 54 30 3 1673
0 19 51 18 47 18 3 1674
0 135 54 75 57 75 3 1675
1 143 48 20 28 19 2 1676
1 119 67 41 65 37 2 1677
0 81 47 34 52 29 3 1678
1 48 46 73 42 62 2 1679
0 129 59 71 58 75 3 1680
1 114 29 48 34 41 2 1681
0 100 44 17 49 30 3 1682
0 118 51 19 57 20 3 1683
1 141 5 41 6 34 1 1684
0 89 46 31 52 29 4 1685
1 117 55 47 47 59 1 1686
1 141 54 41 48 54 5 1687
1 93 90 26 92 31 2 1688
0 16 65 48 53 42 3 1689
1 71 89 92 86 94 1 1690
1 91 49 50 47 56 1 1691
1 128 50 44 49 42 3 1692
1 68 59 30 60 26 1 1693
0 68 54 39 53 44 5 1694
1 140 61 30 53 27 6 1695
1 70 53 25 55 32 1 1696
1 143 62 36 51 59 1 1697
1 78 28 53 32 48 2 1698
0 48 51 48 47 57 3 1699
0 110 6 29 6 32 3 1700
0 112 50 18 51 23 3 1701
1 0 50 48 54 40 1 1702
0 52 70 36 65 45 3 1703
1 61 56 36 55 38 2 1704
1 136 27 59 31 52 1 1705
1 20 44 17 68 29 1 1706
0 23 44 37 58 39 3 1707
1 91 68 39 57 25 2 1708
1 58 53 76 58 76 1 1709
1 40 58 14 47 19 2 1710
1 24 51 50 49 53 1 1711
1 142 91 29 89 55 4 1712
1 60 77 6 81 5 1 1713
1 112 54 25 55 27 1 1714
0 143 65 94 67 92 3 1715
1 19 50 29 48 30 5 1716
0 78 5 69 4 74 3 1717
1 27 5 37 6 25 1 1718
1 12 58 28 51 37 3 1719
1 118 42 2 37 2 1 1720
1 16 36 13 39 12 2 1721
0 126 68 35 69 38 4 1722
0 55 70 27 65 51 3 1723
0 95 61 37 59 38 3 1724
1 77 30 47 32 46 4 1725
0 26 57 52 52 59 3 1726
0 23 54 33 48 39 3 1727
1 90 59 26 56 29 5 1728
1 125 53 51 54 49 1 1729
1 75 65 94 67 93 4 1730
0 141 56 1 59 1 3 1731
1 102 6 31 6 28 5 1732
0 124 58 17 52 17 3 1733
0 5 53 40 57 39 3 1734
0 112 90 38 91 36 3 1735
1 63 40 3 47 3 5 1736
1 91 62 48 64 46 2 1737
0 115 61 47 57 40 3 1738
0 72 59 30 57 31 3 1739
1 116 6 52 5 63 5 1740
0 1 58 17 51 19 5 1741
1 67 55 45 53 46 5 1742
1 100 98 15 98 19 1 1743
1 125 60 1 56 1 1 1744
1 112 27 12 35 11 2 1745
0 42 68 43 70 41 5 1746
0 102 48 20 50 18 5 1747
1 118 57 18 61 18 2 1748
1 4 50 24 47 29 1 1749
0 65 32 36 30 33 3 1750
0 128 23 49 25 47 3 1751
0 133 65 49 64 54 3 1752
1 18 5 67 6 65 1 1753
1 51 59 64 58 66 3 1754
0 87 48 53 56 50 3 1755
1 5 66 43 68 40 1 1756
1 132 78 6 70 6 2 1757
1 39 59 34 62 35 5 1758
1 10 42 34 42 30 1 1759
1 35 79 6 81 4 1 1760
1 78 46 49 47 53 1 1761
1 108 53 44 56 46 1 1762
1 107 52 60 59 46 2 1763
1 124 90 43 92 26 1 1764
1 94 31 39 31 47 1 1765
0 46 65 42 69 40 3 1766
0 94 6 50 2 20 3 1767
1 15 48 25 55 26 2 1768
0 74 54 55 52 60 3 1769
1 119 70 33 68 35 1 1770
1 35 49 80 61 73 1 1771
1 21 62 45 56 52 1 1772
1 143 65 1 62 1 1 1773
0 89 68 72 71 74 3 1774
0 108 67 93 65 94 5 1775
1 26 72 31 67 16 1 1776
0 2 63 44 65 40 3 1777
0 127 70 37 69 34 3 1778
0 5 56 60 52 42 3 1779
0 108 61 1 52 0 5 1780
0 8 27 46 29 41 3 1781
1 3 81 2 85 6 2 1782
0 34 53 75 61 70 3 1783
1 69 59 17 62 17 2 1784
1 63 57 74 60 77 1 1785
0 126 50 62 51 58 3 1786
1 3 88 3 83 4 2 1787
1 1 63 31 40 44 2 1788
0 71 88 93 86 94 5 1789
1 109 31 49 30 52 1 1790
0 12 48 2 28 2 3 1791
0 111 59 39 56 39 3 1792
1 46 49 3 36 4 5 1793
1 133 98 20 98 27 1 1794
1 25 59 43 42 46 4 1795
1 121 5 38 5 46 4 1796
0 28 53 47 51 56 3 1797
1 139 65 76 68 73 1 1798
0 96 21 19 55 51 3 1799
0 82 68 71 67 74 3 1800
1 84 6 64 5 69 1 1801
1 78 34 39 27 35 2 1802
0 24 39 44 42 39 3 1803
0 59 56 22 61 22 3 1804
1 58 47 40 49 39 3 1805
0 139 61 39 47 52 3 1806
0 65 33 45 28 56 5 1807
0 103 49 54 45 64 3 1808
1 80 32 48 31 50 2 1809
0 38 49 2 46 2 6 1810
1 124 55 2 62 0 1 1811
1 11 44 3 37 4 1 1812
0 112 53 46 51 47 3 1813
1 130 65 42 55 54 4 1814
0 56 51 46 54 52 3 1815
1 77 56 1 48 1 6 1816
1 91 52 46 49 49 1 1817
1 51 55 19 59 16 1 1818
1 20 67 93 65 92 1 1819
1 65 31 52 33 43 2 1820
1 123 28 32 32 43 1 1821
1 93 55 77 53 76 1 1822
0 46 48 79 54 75 3 1823
1 80 6 36 6 26 3 1824
1 142 53 41 52 48 1 1825
0 52 53 59 48 50 3 1826
1 94 31 59 27 63 1 1827
1 143 61 15 52 18 1 1828
1 88 57 35 54 40 3 1829
1 62 54 51 51 54 1 1830
0 29 42 11 44 12 3 1831
1 17 46 2 51 2 2 1832
0 99 55 41 57 40 3 1833
0 88 43 31 41 35 3 1834
1 49 92 24 91 26 2 1835
0 81 34 46 30 48 3 1836
1 70 51 46 54 51 1 1837
1 38 28 2 47 3 1 1838
0 93 92 25 91 34 3 1839
0 130 38 13 33 13 3 1840
1 97 50 31 49 28 1 1841
0 87 47 47 42 43 3 1842
0 19 51 25 50 27 3 1843
0 59 60 29 62 28 3 1844
0 128 56 77 63 69 3 1845
1 79 40 35 35 35 2 1846
0 91 46 31 55 22 3 1847
1 19 55 24 52 27 5 1848
1 26 67 41 69 36 1 1849
1 38 66 74 70 73 1 1850
1 100 6 25 6 33 1 1851
0 60 67 41 69 44 3 1852
0 137 41 41 36 39 4 1853
0 16 63 46 64 43 3 1854
0 52 64 44 46 22 3 1855
1 96 54 41 52 27 1 1856
1 139 48 42 53 30 2 1857
0 132 87 4 83 4 5 1858
0 9 61 32 60 40 3 1859
0 18 47 50 41 69 3 1860
0 141 57 45 53 44 3 1861
0 126 69 37 62 49 3 1862
0 62 55 80 52 80 3 1863
0 81 49 29 50 24 6 1864
1 55 51 31 50 27 4 1865
1 107 46 4 49 3 1 1866
1 128 52 28 51 26 1 1867
1 53 52 35 60 25 1 1868
1 62 49 33 46 35 1 1869
0 12 58 29 53 35 6 1870
0 57 53 41 48 53 5 1871
0 45 59 35 54 41 3 1872
1 20 52 33 51 35 2 1873
0 131 52 43 50 49 3 1874
1 44 52 45 50 47 1 1875
1 140 87 4 83 3 1 1876
1 86 45 4 42 4 1 1877
0 129 86 94 88 93 3 1878
1 105 51 27 46 32 1 1879
0 122 5 69 6 67 3 1880
0 72 48 47 43 46 3 1881
0 11 55 49 55 52 3 1882
0 129 6 29 5 38 3 1883
1 105 51 17 46 15 2 1884
0 137 56 31 49 27 3 1885
1 36 53 40 46 51 1 1886
0 121 62 36 61 38 3 1887
0 23 48 38 50 36 3 1888
1 25 50 76 53 74 1 1889
1 111 50 27 46 30 1 1890
1 136 60 37 57 42 1 1891
1 10 49 37 48 52 2 1892
1 58 43 65 41 61 1 1893
1 26 67 43 65 64 1 1894
0 39 51 48 52 44 3 1895
1 82 60 41 60 37 1 1896
1 124 61 73 30 78 2 1897
1 135 66 74 67 77 2 1898
1 24 41 35 27 33 6 1899
1 11 54 75 55 77 2 1900
0 110 32 46 30 45 3 1901
1 102 67 73 65 74 1 1902
0 41 52 34 54 30 3 1903
0 112 26 51 30 45 3 1904
0 137 65 1 57 2 3 1905
0 99 44 11 42 13 4 1906
1 11 67 38 61 44 2 1907
1 115 87 91 87 95 1 1908
0 11 54 42 52 47 3 1909
1 100 46 20 50 19 4 1910
1 33 92 26 92 30 1 1911
1 68 47 57 51 59 1 1912
0 112 46 4 29 4 3 1913
1 96 27 50 26 52 1 1914
0 66 32 54 34 44 3 1915
0 89 60 30 59 28 3 1916
1 54 62 49 59 55 1 1917
1 116 49 2 43 2 1 1918
0 57 41 4 39 5 3 1919
0 7 31 48 29 25 3 1920
0 130 51 44 55 33 5 1921
1 39 66 42 71 40 2 1922
1 13 53 44 50 48 5 1923
1 30 86 4 89 4 2 1924
0 0 63 44 64 52 3 1925
1 142 69 36 69 43 1 1926
1 120 59 74 55 75 1 1927
1 103 6 55 7 47 4 1928
0 74 47 2 42 3 3 1929
1 118 53 48 38 52 1 1930
0 138 55 73 53 76 3 1931
1 48 29 48 27 50 1 1932
0 29 52 44 53 42 3 1933
0 107 40 44 42 39 3 1934
1 59 98 22 98 28 1 1935
1 71 58 55 61 56 1 1936
0 43 68 34 65 40 3 1937
1 95 64 78 73 68 1 1938
1 44 56 53 57 62 1 1939
0 93 44 33 43 30 3 1940
1 143 49 28 51 27 1 1941
1 53 58 28 54 31 1 1942
1 6 52 55 89 41 4 1943
0 39 69 34 73 33 3 1944
1 112 56 40 54 41 1 1945
1 136 50 42 57 40 5 1946
0 35 50 61 52 57 3 1947
1 59 65 75 67 74 1 1948
0 82 71 28 55 39 3 1949
1 59 51 53 50 57 1 1950
0 31 55 2 60 1 3 1951
0 66 59 55 55 63 3 1952
0 117 45 2 49 2 3 1953
0 108 30 54 27 59 3 1954
0 82 28 60 29 63 3 1955
1 88 46 2 50 2 2 1956
0 19 52 23 54 24 3 1957
0 0 5 69 5 72 3 1958
0 137 28 58 32 54 3 1959
0 46 65 94 67 93 3 1960
0 67 59 27 46 23 3 1961
1 87 50 40 54 43 3 1962
1 137 69 36 67 41 1 1963
1 11 87 4 83 4 1 1964
1 72 51 54 49 48 1 1965
0 128 34 43 34 40 3 1966
0 11 61 18 52 20 3 1967
0 141 55 22 50 29 3 1968
0 142 62 31 61 38 3 1969
1 113 38 58 49 63 5 1970
0 122 33 44 30 43 3 1971
1 63 69 42 69 46 3 1972
0 48 45 71 43 75 3 1973
1 49 50 18 48 21 1 1974
1 81 49 33 46 32 1 1975
1 102 64 29 62 35 3 1976
1 43 60 55 52 62 1 1977
0 26 53 48 50 50 5 1978
0 57 98 16 98 19 3 1979
0 66 36 48 35 46 3 1980
1 25 59 26 53 14 1 1981
0 92 17 2 20 3 3 1982
0 0 67 74 99 64 3 1983
1 88 67 38 71 34 1 1984
0 25 56 31 57 36 3 1985
0 30 39 13 42 13 4 1986
1 56 56 20 62 18 1 1987
1 128 54 33 60 23 2 1988
1 0 50 46 68 42 1 1989
0 20 27 59 22 57 3 1990
1 127 6 50 7 38 1 1991
1 19 55 39 61 33 1 1992
1 138 45 45 50 28 1 1993
1 91 54 50 50 48 1 1994
0 132 55 79 53 77 3 1995
1 52 69 46 66 42 1 1996
0 141 55 40 54 47 3 1997
1 31 41 77 42 62 1 1998
1 23 49 18 42 20 2 1999
