1 88 31 42 55 39 1 0
1 117 5 48 4 51 1 1
0 76 35 14 34 12 3 2
0 33 55 38 56 45 3 3
0 140 69 69 72 70 3 4
0 26 53 25 53 28 4 5
0 64 81 2 87 4 5 6
1 51 31 52 27 59 2 7
0 93 40 42 41 37 3 8
0 115 87 94 82 97 3 9
0 52 59 36 55 27 5 10
1 13 33 47 34 45 3 11
1 143 50 77 53 82 1 12
0 128 55 38 56 28 3 13
0 88 88 3 83 4 3 14
0 26 58 26 68 25 3 15
1 135 53 43 58 44 1 16
0 106 6 43 6 52 3 17
0 102 29 84 29 88 3 18
1 113 60 29 56 28 1 19
1 89 60 39 53 40 1 20
1 88 56 39 55 49 1 21
0 112 55 37 54 39 3 22
0 76 65 45 71 41 3 23
1 92 37 16 66 14 1 24
0 66 58 38 49 48 3 25
1 9 55 44 43 59 6 26
0 132 46 17 52 16 3 27
0 32 58 49 57 54 3 28
1 17 56 40 51 50 1 29
0 8 58 26 55 38 5 30
0 46 56 43 50 46 3 31
1 128 36 13 38 14 1 32
0 67 58 37 45 24 3 33
1 15 98 24 98 27 1 34
1 68 53 55 52 58 1 35
0 44 37 50 27 24 3 36
0 60 44 42 49 14 3 37
0 141 64 20 62 24 4 38
0 75 68 33 67 40 3 39
0 9 36 13 34 16 3 40
0 32 52 60 55 56 3 41
1 112 61 40 59 47 1 42
0 64 88 94 85 93 6 43
0 95 60 40 62 36 3 44
1 12 56 30 47 15 1 45
1 38 44 37 40 44 1 46
1 103 50 52 52 55 2 47
0 59 47 3 44 2 3 48
0 105 61 31 61 37 3 49
1 74 57 49 58 45 1 50
1 7 6 58 5 65 1 51
1 72 47 59 50 51 1 52
0 140 67 39 68 43 3 53
0 64 61 27 55 32 3 54
1 88 69 39 67 36 1 55
1 75 56 18 60 17 3 56
1 91 58 27 55 30 1 57
1 116 50 20 52 19 1 58
0 137 27 60 28 57 3 59
1 94 27 61 28 59 3 60
0 69 68 34 58 46 3 61
1 5 48 3 41 4 1 62
0 67 61 58 62 40 3 63
1 107 62 1 56 2 1 64
0 42 38 58 69 75 3 65
0 76 6 53 6 57 3 66
1 55 58 38 58 35 1 67
1 45 48 56 52 13 1 68
0 50 35 55 37 57 3 69
0 3 90 37 91 30 3 70
1 137 47 3 38 4 6 71
1 10 47 60 49 35 1 72
0 120 60 36 52 41 6 73
0 58 57 40 57 37 3 74
0 69 30 51 32 54 3 75
0 82 48 29 53 24 3 76
0 32 57 38 62 28 3 77
0 15 59 34 56 40 3 78
0 53 54 36 56 38 3 79
0 0 38 13 40 12 6 80
1 78 69 74 63 84 1 81
1 93 5 37 5 40 1 82
0 22 33 50 30 54 5 83
1 104 55 51 52 49 2 84
1 31 54 52 57 41 2 85
0 67 51 27 55 25 3 86
1 88 52 62 57 55 2 87
0 60 31 55 28 58 3 88
0 105 58 54 56 49 3 89
0 64 70 30 63 46 3 90
0 71 78 90 86 92 5 91
0 86 7 53 6 50 3 92
1 0 26 58 29 54 1 93
1 100 70 32 61 25 1 94
0 49 35 16 50 46 3 95
1 97 54 44 53 46 1 96
1 0 33 48 33 42 1 97
1 98 56 44 58 38 1 98
0 63 46 4 43 4 3 99
0 9 55 54 57 58 3 100
0 39 49 49 56 45 3 101
1 59 58 41 51 44 4 102
1 85 6 32 6 29 2 103
0 104 48 19 52 18 3 104
1 78 91 19 92 28 1 105
0 65 56 47 62 34 3 106
0 8 59 38 60 44 3 107
0 24 41 31 46 12 3 108
0 14 63 42 54 54 3 109
1 19 68 70 65 74 1 110
0 66 42 38 38 40 3 111
0 76 73 70 68 72 3 112
0 8 57 18 57 15 3 113
1 126 55 50 49 46 3 114
1 45 6 31 5 20 4 115
1 64 40 13 35 13 1 116
1 3 58 36 56 40 1 117
0 133 28 55 31 56 3 118
1 74 6 41 5 39 1 119
1 96 52 49 54 33 1 120
0 96 6 57 6 54 3 121
1 61 67 73 68 71 1 122
0 120 58 57 60 40 3 123
1 67 55 39 59 41 1 124
1 51 54 41 60 31 2 125
0 39 60 43 63 36 6 126
0 136 62 24 63 35 3 127
1 88 58 34 59 32 1 128
1 13 51 31 56 22 1 129
1 106 63 1 56 2 1 130
0 24 57 80 53 79 5 131
1 78 92 30 91 35 4 132
0 4 59 47 53 63 3 133
0 48 23 63 49 67 3 134
1 112 52 25 53 27 1 135
1 42 67 45 62 60 1 136
1 113 61 23 53 33 1 137
0 25 37 39 45 30 3 138
0 47 43 39 45 34 3 139
1 39 49 78 52 77 1 140
0 18 40 4 30 4 3 141
0 133 54 58 50 60 3 142
0 129 67 38 62 49 3 143
0 117 56 46 56 49 5 144
1 31 54 63 64 45 1 145
1 116 45 18 51 18 1 146
0 52 55 38 54 49 3 147
1 127 6 39 6 34 2 148
1 28 60 48 55 53 1 149
1 56 88 94 85 93 1 150
1 121 65 75 67 74 2 151
1 14 59 35 54 45 6 152
0 124 67 40 63 47 3 153
1 35 46 61 45 64 1 154
1 73 52 35 54 33 2 155
0 36 57 38 61 31 3 156
1 33 90 45 92 32 2 157
0 59 50 47 54 43 3 158
0 9 41 41 42 35 3 159
0 121 46 2 51 2 3 160
1 80 16 50 25 62 2 161
0 57 46 4 42 4 3 162
1 139 91 37 92 19 1 163
1 109 61 50 53 68 5 164
1 143 60 18 56 18 3 165
1 117 52 47 51 56 2 166
0 9 49 50 52 49 3 167
0 124 55 52 61 51 3 168
0 50 52 46 54 44 3 169
0 34 27 40 24 39 3 170
0 85 60 74 61 70 3 171
1 115 53 40 45 37 1 172
0 96 25 47 14 47 3 173
1 29 65 25 69 26 1 174
1 110 50 62 55 48 4 175
0 32 58 54 51 61 5 176
1 134 37 13 40 12 3 177
0 60 56 50 60 50 3 178
0 89 86 3 85 5 3 179
1 124 90 37 88 31 1 180
1 92 61 38 56 50 1 181
1 135 79 7 69 6 1 182
0 1 48 53 45 62 4 183
0 117 52 30 36 30 5 184
0 39 53 47 57 42 3 185
1 22 19 58 32 49 2 186
1 77 61 1 58 1 1 187
1 114 69 74 71 68 1 188
1 24 44 45 56 48 1 189
1 78 90 31 90 25 6 190
1 127 87 4 85 5 1 191
0 108 70 35 69 32 3 192
1 92 45 51 47 48 4 193
0 18 92 26 91 31 3 194
0 0 34 45 30 43 3 195
1 112 40 11 43 12 5 196
1 47 5 59 5 56 1 197
0 62 52 41 55 42 3 198
0 27 56 15 64 16 3 199
0 11 50 46 49 53 3 200
1 19 68 74 69 76 2 201
0 52 67 35 65 49 5 202
1 64 51 30 47 24 1 203
0 14 98 22 98 25 6 204
0 68 51 35 55 36 3 205
1 79 64 16 59 16 1 206
0 126 43 42 39 40 3 207
1 44 52 51 52 62 2 208
0 27 5 68 5 74 4 209
0 89 6 33 6 30 3 210
1 28 55 43 52 46 1 211
1 143 43 12 40 13 2 212
1 93 54 51 51 45 1 213
1 136 46 27 39 38 2 214
1 112 54 36 55 38 1 215
1 57 98 14 98 24 1 216
0 24 50 20 40 21 3 217
0 102 57 48 56 34 3 218
0 88 61 43 63 20 3 219
0 128 67 36 65 38 5 220
1 128 52 24 49 33 1 221
1 67 52 40 52 46 1 222
0 10 67 94 65 89 3 223
1 13 67 39 65 44 2 224
1 55 49 59 44 66 1 225
0 111 55 42 50 33 3 226
0 46 63 42 60 41 3 227
0 63 49 32 53 40 3 228
0 115 49 40 52 46 6 229
1 91 54 27 49 32 2 230
1 92 57 2 65 1 1 231
1 45 49 60 77 34 1 232
1 14 55 41 46 36 1 233
1 6 39 14 36 15 1 234
0 37 83 4 79 5 5 235
0 20 55 74 59 71 3 236
0 18 54 69 37 85 3 237
0 136 53 44 63 33 3 238
0 32 62 50 61 46 3 239
1 135 98 21 98 15 1 240
0 121 55 38 59 37 3 241
1 47 53 24 51 31 1 242
1 88 56 40 55 42 3 243
0 92 69 39 75 31 3 244
1 138 46 70 56 43 3 245
0 72 16 11 51 18 3 246
1 127 45 3 50 2 1 247
1 45 47 2 12 1 1 248
1 105 60 18 49 23 1 249
1 76 6 42 5 45 1 250
0 63 25 37 19 39 3 251
1 118 57 74 54 62 1 252
0 78 54 52 50 53 3 253
0 80 50 84 47 82 3 254
1 44 47 56 54 51 2 255
1 139 44 4 40 4 1 256
0 38 40 34 36 41 5 257
1 86 45 4 34 4 6 258
1 135 38 37 29 39 1 259
0 84 32 36 35 35 3 260
1 114 28 57 30 51 1 261
0 66 69 34 59 40 6 262
0 52 51 2 47 2 3 263
0 32 51 62 55 53 6 264
0 104 52 45 59 45 6 265
1 92 60 17 58 16 1 266
0 55 67 38 69 44 3 267
0 128 26 41 32 42 6 268
0 68 62 46 59 46 3 269
1 70 51 47 50 51 2 270
1 46 43 18 41 24 1 271
1 65 6 32 6 35 1 272
1 73 63 32 56 49 1 273
1 74 49 19 43 20 2 274
0 19 49 29 50 32 3 275
1 24 49 51 55 46 1 276
1 80 31 42 27 49 4 277
1 143 3 21 52 57 1 278
0 27 48 46 47 48 3 279
1 7 55 41 61 36 2 280
0 120 67 36 63 44 4 281
1 35 90 38 91 33 2 282
1 92 52 19 60 18 1 283
1 31 6 45 7 43 4 284
0 76 64 44 61 52 3 285
0 106 56 61 55 65 3 286
0 29 47 46 42 32 3 287
1 1 62 1 50 1 1 288
1 53 6 50 6 54 1 289
0 34 56 74 54 77 5 290
0 80 53 40 56 39 3 291
1 53 6 33 6 41 4 292
1 84 59 48 56 65 1 293
1 77 55 43 45 49 3 294
1 48 27 48 33 45 1 295
0 79 55 30 57 29 3 296
0 104 49 49 58 42 3 297
0 143 55 41 56 47 3 298
0 7 43 41 50 20 3 299
0 101 66 40 63 47 3 300
1 137 67 92 66 94 1 301
1 37 66 93 65 95 1 302
0 116 33 48 33 41 3 303
0 55 5 37 6 35 5 304
1 76 57 59 62 42 1 305
1 81 70 38 68 35 1 306
0 75 60 30 56 31 3 307
0 35 48 29 52 24 3 308
0 24 58 35 52 46 3 309
0 127 66 75 67 73 6 310
1 111 55 58 57 63 1 311
0 119 51 47 54 50 3 312
1 123 54 42 55 46 1 313
1 27 64 17 56 19 1 314
0 23 49 37 60 41 3 315
0 26 70 33 69 37 3 316
0 143 39 14 42 13 3 317
1 88 62 33 58 38 5 318
1 96 54 43 55 39 3 319
1 65 61 43 62 51 1 320
0 0 59 35 57 38 3 321
0 41 58 1 61 2 3 322
0 103 63 22 59 26 3 323
1 12 64 33 68 21 2 324
1 60 6 40 5 57 3 325
1 36 50 50 54 51 1 326
1 14 64 32 60 33 1 327
0 122 6 67 5 70 5 328
1 9 60 17 58 16 1 329
0 112 58 80 40 81 3 330
0 68 57 39 57 47 3 331
0 59 48 2 43 2 3 332
1 10 63 39 54 64 1 333
1 143 57 18 52 19 1 334
0 24 50 60 47 57 3 335
0 134 53 80 47 80 3 336
0 123 49 2 42 2 3 337
1 63 91 38 91 35 1 338
1 96 6 46 7 44 1 339
0 28 28 25 47 38 3 340
0 18 34 41 33 51 3 341
0 50 78 6 80 5 3 342
1 60 57 18 63 18 3 343
0 65 49 28 47 8 3 344
1 117 52 33 61 22 1 345
1 116 60 26 59 30 1 346
1 135 5 70 5 67 1 347
0 108 33 45 31 49 3 348
0 111 49 52 55 51 5 349
0 115 54 27 43 30 3 350
0 31 69 33 63 30 3 351
0 68 53 75 56 74 3 352
1 48 91 37 92 31 4 353
0 93 92 28 91 40 5 354
1 65 60 39 52 28 1 355
0 141 50 38 55 39 3 356
1 109 52 26 53 28 1 357
0 37 60 18 56 20 3 358
0 133 63 36 52 45 3 359
1 68 63 17 66 16 1 360
1 63 91 26 92 29 5 361
1 100 53 20 48 28 2 362
1 96 29 54 22 59 1 363
1 69 46 4 28 5 3 364
0 7 33 46 30 45 3 365
0 139 54 2 63 1 3 366
1 96 6 51 6 48 1 367
0 52 34 53 56 52 3 368
0 98 87 4 81 2 3 369
1 95 60 18 59 16 3 370
0 109 58 37 49 41 3 371
1 105 45 34 42 34 1 372
0 64 39 14 40 12 6 373
0 109 61 46 49 53 6 374
0 46 55 32 45 27 3 375
1 52 52 21 51 26 2 376
0 43 61 32 61 35 3 377
0 115 86 94 80 96 3 378
0 39 57 26 55 27 3 379
0 74 53 18 44 21 3 380
1 88 51 49 49 59 1 381
1 72 49 48 54 55 1 382
0 113 50 38 53 40 3 383
1 10 54 29 58 40 1 384
1 110 11 22 18 31 1 385
0 18 88 93 86 94 3 386
0 27 52 29 50 25 4 387
0 67 6 65 5 67 3 388
0 48 53 51 52 46 3 389
1 138 37 43 41 38 1 390
1 38 62 41 64 31 1 391
0 116 57 46 58 54 3 392
0 28 66 93 65 91 3 393
0 32 31 45 33 46 3 394
0 78 51 68 54 69 3 395
0 52 60 42 51 46 6 396
0 51 62 22 56 26 3 397
0 51 49 40 33 57 3 398
1 103 59 26 56 29 2 399
0 18 69 75 70 72 3 400
1 1 53 55 51 60 1 401
0 141 60 30 59 28 5 402
1 41 70 6 78 6 1 403
1 128 40 13 32 13 5 404
0 132 4 89 5 80 3 405
0 30 54 25 49 33 3 406
1 66 41 13 38 13 2 407
0 19 71 71 73 67 5 408
1 112 40 38 38 43 2 409
0 132 47 2 44 2 3 410
1 41 44 78 38 90 1 411
1 79 38 49 37 46 3 412
0 102 51 20 44 24 3 413
1 83 49 51 53 47 1 414
0 59 66 50 64 54 5 415
1 108 65 76 68 76 1 416
0 16 34 14 32 15 3 417
1 112 55 24 53 27 1 418
0 139 65 1 61 1 3 419
1 107 54 32 56 43 2 420
1 72 44 63 42 82 1 421
1 32 54 41 68 44 1 422
1 53 53 43 55 40 1 423
1 6 87 93 86 95 2 424
1 15 40 58 69 68 2 425
0 13 68 44 69 41 3 426
1 90 88 4 83 5 5 427
1 92 50 43 53 45 1 428
0 80 48 46 44 54 3 429
0 121 66 75 70 71 5 430
1 60 48 19 46 20 1 431
0 117 6 33 6 43 3 432
1 3 58 46 59 34 1 433
0 102 6 38 6 32 3 434
0 0 65 31 60 30 3 435
0 130 53 18 45 22 3 436
1 82 72 70 38 58 1 437
0 137 31 48 28 68 5 438
0 127 30 51 31 45 3 439
0 98 61 41 60 31 3 440
0 100 46 51 48 53 3 441
0 72 56 37 56 40 3 442
1 112 7 46 6 53 1 443
0 63 42 3 49 2 4 444
0 72 49 40 48 38 3 445
0 136 7 48 7 41 3 446
1 23 35 16 64 31 1 447
0 9 47 2 43 2 3 448
1 88 60 34 62 38 2 449
0 14 53 36 52 34 5 450
1 76 86 94 83 95 1 451
1 130 40 39 37 41 1 452
0 126 91 32 91 28 3 453
1 14 55 43 51 60 1 454
0 56 49 34 45 37 4 455
0 1 69 38 70 33 3 456
1 141 29 54 28 57 2 457
1 52 61 38 58 40 5 458
1 70 6 32 5 39 1 459
0 0 59 26 31 11 3 460
0 65 49 28 51 29 3 461
0 29 55 41 58 24 3 462
0 13 60 31 56 39 3 463
0 1 60 18 41 24 5 464
0 111 52 57 54 55 6 465
1 80 43 12 39 13 2 466
0 53 60 25 59 31 3 467
0 48 40 13 41 11 3 468
0 41 49 52 53 45 3 469
0 135 27 53 29 63 3 470
0 141 45 51 42 59 3 471
1 29 59 44 55 51 2 472
1 124 57 2 61 2 2 473
0 109 49 2 46 3 3 474
0 35 47 49 47 56 3 475
0 104 55 44 51 56 3 476
0 135 6 37 5 39 3 477
1 19 6 30 6 27 1 478
1 116 28 57 31 50 1 479
0 93 59 41 57 42 3 480
0 130 52 18 50 27 3 481
0 78 69 41 67 35 3 482
1 102 47 2 13 0 5 483
0 24 53 50 53 53 3 484
0 118 53 53 48 51 3 485
0 46 66 91 60 89 3 486
1 64 42 12 37 13 1 487
1 1 73 66 70 69 2 488
1 116 61 27 59 31 1 489
0 77 30 54 26 65 3 490
0 34 33 3 30 4 3 491
0 68 51 49 32 36 5 492
1 89 61 44 56 62 1 493
1 34 58 74 32 78 1 494
0 140 53 75 69 73 3 495
0 24 52 46 52 43 3 496
0 6 67 35 68 43 3 497
0 62 51 2 61 1 5 498
0 41 69 69 68 72 3 499
0 68 57 30 58 33 3 500
1 116 62 44 44 18 3 501
1 33 45 20 49 20 1 502
0 58 81 6 70 6 4 503
1 90 62 22 59 25 1 504
1 100 51 25 54 24 1 505
1 0 55 40 48 32 3 506
0 6 43 38 35 47 3 507
1 139 47 51 32 56 1 508
1 106 51 47 35 66 1 509
0 130 56 51 50 60 3 510
0 109 62 47 59 39 6 511
0 130 3 31 25 36 3 512
0 53 47 2 50 2 3 513
0 135 61 43 59 44 3 514
1 101 53 50 51 54 5 515
1 81 58 1 61 1 2 516
0 39 47 19 50 19 3 517
0 78 53 31 57 25 3 518
1 64 59 12 60 0 5 519
1 33 46 44 31 55 1 520
1 135 40 35 41 32 1 521
0 140 52 75 69 73 3 522
0 98 55 72 53 74 3 523
0 100 45 60 47 51 3 524
1 85 37 16 69 27 1 525
1 75 58 38 54 43 2 526
0 88 6 58 6 62 3 527
1 115 54 46 55 44 1 528
1 141 46 44 49 46 1 529
0 129 65 16 58 15 3 530
0 118 57 18 61 18 3 531
0 67 46 60 49 36 3 532
0 59 39 22 33 24 3 533
1 130 66 39 68 40 6 534
0 15 47 41 47 45 3 535
1 10 64 39 63 44 6 536
0 20 54 41 53 44 3 537
0 88 60 44 58 36 3 538
1 135 6 65 5 71 1 539
0 131 58 59 56 63 3 540
1 132 62 59 59 59 6 541
1 3 92 28 91 32 3 542
1 98 61 18 63 16 1 543
0 13 7 47 7 44 3 544
1 135 91 39 90 41 1 545
0 60 65 44 69 36 3 546
1 56 68 42 58 42 1 547
0 105 57 44 69 37 3 548
0 1 50 51 51 49 3 549
1 128 31 50 26 50 1 550
0 139 91 40 91 34 5 551
0 121 6 31 6 34 3 552
0 132 68 38 71 37 3 553
0 26 49 51 52 54 3 554
0 109 57 32 60 29 4 555
1 16 63 49 62 46 1 556
1 14 49 57 43 32 1 557
0 24 42 4 40 5 3 558
1 77 51 25 49 29 1 559
0 114 67 73 40 58 5 560
0 42 50 17 55 14 3 561
1 131 59 28 58 31 3 562
0 46 47 17 50 20 5 563
0 27 3 13 4 29 3 564
0 109 62 46 61 42 3 565
0 120 54 76 57 75 3 566
1 20 62 48 55 58 1 567
0 32 52 40 57 37 3 568
1 100 56 80 61 79 1 569
0 6 69 39 71 35 3 570
1 36 69 37 70 35 1 571
0 108 27 65 26 53 3 572
0 0 6 31 6 36 3 573
0 40 54 79 61 72 5 574
1 18 48 67 53 41 2 575
1 19 52 30 47 31 1 576
0 92 73 32 68 40 3 577
0 33 41 20 27 21 3 578
0 92 69 43 65 44 3 579
1 75 61 13 58 13 1 580
0 0 5 34 5 37 5 581
0 139 92 26 92 29 3 582
0 128 39 9 40 11 3 583
1 130 60 54 61 42 1 584
1 110 56 39 61 38 3 585
0 96 54 45 54 40 6 586
1 13 6 66 6 69 1 587
1 32 52 46 55 38 1 588
0 57 7 53 6 51 3 589
1 124 60 1 57 2 1 590
1 0 49 79 55 75 1 591
1 0 60 69 55 74 1 592
0 118 41 34 42 23 3 593
0 10 61 32 63 34 3 594
1 138 58 74 43 82 5 595
1 38 38 40 40 42 1 596
0 125 40 11 44 12 3 597
0 116 41 43 36 50 3 598
1 76 46 4 36 4 1 599
0 41 56 46 61 31 3 600
0 121 30 77 49 72 3 601
0 113 53 44 56 45 3 602
1 137 6 29 6 34 1 603
0 12 45 36 22 54 4 604
0 38 48 2 44 3 3 605
0 18 91 30 88 31 3 606
0 113 42 60 44 62 3 607
1 83 54 33 60 25 5 608
0 139 57 70 60 71 3 609
1 19 31 15 50 38 1 610
0 122 66 34 67 32 3 611
0 138 59 43 59 36 3 612
1 26 65 81 67 77 1 613
0 5 46 3 44 4 3 614
0 80 37 11 28 12 3 615
1 21 68 40 69 38 1 616
0 111 45 52 48 43 3 617
1 89 30 56 30 48 3 618
1 7 6 43 6 55 1 619
0 21 52 33 48 35 3 620
0 44 53 45 57 39 3 621
1 91 6 31 5 47 1 622
1 108 57 2 60 2 2 623
1 133 53 80 58 80 4 624
0 39 48 51 47 54 3 625
1 103 60 30 62 28 1 626
0 10 46 31 41 34 3 627
0 39 44 35 42 38 3 628
1 54 37 4 44 4 1 629
1 103 38 39 41 41 1 630
1 88 58 41 63 35 1 631
0 25 55 24 51 26 3 632
0 40 55 38 57 36 3 633
1 80 86 94 79 93 4 634
1 102 55 68 50 66 2 635
0 78 68 40 63 48 3 636
0 82 40 12 37 13 3 637
1 116 50 57 3 21 1 638
0 2 45 32 45 35 3 639
1 43 62 40 59 45 1 640
1 96 6 52 5 43 1 641
1 139 59 1 62 2 1 642
1 75 91 28 92 33 3 643
0 41 87 4 83 4 3 644
0 116 60 22 62 24 3 645
0 91 53 47 55 46 3 646
1 111 33 42 32 53 4 647
1 121 51 69 53 72 1 648
1 16 37 13 41 12 1 649
1 4 55 27 51 30 6 650
1 26 53 51 48 68 1 651
0 13 64 30 65 27 3 652
1 107 49 21 51 19 2 653
0 83 54 28 56 29 3 654
0 9 57 50 62 45 3 655
0 137 9 27 10 36 3 656
1 16 41 12 37 12 1 657
0 88 46 19 49 18 3 658
0 50 48 33 52 24 3 659
1 4 50 29 46 31 1 660
1 133 44 63 48 51 1 661
0 130 61 43 58 51 5 662
0 120 52 49 53 47 3 663
1 0 49 52 50 49 1 664
1 20 85 4 84 6 1 665
1 104 57 42 50 49 1 666
0 93 55 78 52 77 3 667
0 1 56 18 59 19 3 668
1 103 56 74 58 75 1 669
1 76 49 40 48 44 1 670
0 131 91 32 90 35 3 671
1 32 5 55 6 53 2 672
0 67 51 80 54 80 5 673
1 108 28 44 28 66 1 674
1 93 39 39 43 38 4 675
1 2 46 58 54 48 1 676
1 109 63 42 26 49 5 677
1 105 46 28 44 22 1 678
1 101 67 72 70 71 1 679
0 28 52 30 49 33 3 680
1 34 54 39 60 37 3 681
1 72 49 55 54 52 1 682
1 51 57 25 49 23 1 683
1 98 62 45 59 42 1 684
0 18 59 51 56 53 3 685
1 63 67 25 69 34 1 686
0 57 45 62 55 43 3 687
0 96 38 3 43 4 3 688
0 88 67 41 67 44 3 689
0 128 57 23 50 27 6 690
1 129 56 41 58 32 1 691
0 22 32 50 29 56 3 692
0 54 50 22 53 22 3 693
0 91 27 60 27 63 3 694
0 51 63 69 58 75 3 695
1 33 53 43 50 57 1 696
0 79 41 43 40 39 6 697
0 17 41 2 46 2 3 698
0 136 62 48 67 40 3 699
0 20 60 18 57 17 3 700
0 76 68 70 66 72 3 701
1 95 35 13 36 15 1 702
0 93 55 57 52 58 3 703
1 58 53 58 54 65 1 704
1 19 47 41 45 50 5 705
1 0 66 43 66 46 1 706
0 114 71 38 65 41 3 707
0 122 53 48 65 30 3 708
1 1 50 28 47 30 1 709
0 62 52 35 49 39 3 710
1 26 52 45 58 43 5 711
0 31 61 72 68 72 5 712
0 128 58 42 55 41 3 713
1 70 73 68 71 67 6 714
1 57 7 48 7 38 1 715
1 88 61 34 61 41 1 716
1 99 65 93 64 96 6 717
1 74 81 6 77 6 2 718
0 133 55 47 51 48 5 719
0 13 5 65 5 58 3 720
1 68 56 31 54 39 1 721
0 124 60 52 61 45 3 722
0 56 67 92 65 94 3 723
1 88 55 65 51 60 1 724
1 1 51 24 60 30 1 725
1 9 48 52 50 54 1 726
0 0 50 3 38 3 3 727
1 46 49 21 48 19 1 728
1 128 26 51 28 47 5 729
1 7 53 41 54 43 2 730
0 2 57 52 99 21 3 731
0 66 6 47 6 59 3 732
0 77 5 54 6 49 3 733
1 82 57 46 53 47 2 734
1 79 6 66 5 69 1 735
1 90 23 23 48 52 2 736
1 112 98 17 98 14 3 737
1 96 37 13 34 14 2 738
0 102 49 2 46 0 3 739
1 26 58 46 47 55 1 740
0 23 67 41 35 16 3 741
1 141 55 42 56 46 6 742
0 130 6 35 6 32 3 743
0 32 27 50 32 46 3 744
1 125 70 39 69 24 2 745
0 0 55 31 58 26 5 746
1 52 71 25 67 49 2 747
0 100 98 19 98 23 3 748
1 123 47 22 48 20 1 749
0 99 36 15 31 13 3 750
1 0 38 3 46 4 1 751
0 80 48 3 38 4 6 752
1 81 49 38 52 41 1 753
1 101 58 39 71 38 1 754
0 143 50 35 55 27 5 755
0 28 48 49 57 43 3 756
0 111 49 52 54 47 3 757
1 35 51 29 50 27 1 758
0 90 87 4 87 1 3 759
0 69 54 18 59 17 3 760
1 7 6 63 6 69 1 761
1 88 56 30 50 35 1 762
0 70 5 57 5 63 3 763
0 31 46 2 42 3 3 764
1 102 44 63 38 58 6 765
1 101 69 41 53 23 1 766
1 18 6 34 6 31 1 767
1 132 52 45 54 42 6 768
1 50 54 67 63 42 1 769
1 125 47 35 53 32 1 770
1 39 87 94 82 95 1 771
1 93 38 39 42 33 5 772
1 24 42 30 43 35 1 773
0 78 82 5 78 6 3 774
1 129 66 93 64 96 1 775
0 86 58 17 66 16 3 776
0 67 47 55 48 52 3 777
0 126 49 3 42 3 3 778
0 135 87 3 89 1 5 779
1 40 49 18 44 19 3 780
0 25 68 72 38 58 3 781
1 120 46 55 48 49 1 782
0 124 69 36 70 41 3 783
1 124 61 61 63 59 2 784
1 29 46 61 49 66 1 785
0 35 46 31 47 29 3 786
0 110 52 19 44 19 3 787
0 48 68 42 67 36 3 788
1 128 64 21 67 37 2 789
1 69 53 80 56 72 1 790
1 54 45 37 51 24 1 791
1 100 67 27 64 17 1 792
0 89 68 76 69 74 3 793
1 13 52 80 55 80 2 794
0 109 62 48 59 46 3 795
0 133 64 29 60 34 3 796
1 135 48 46 47 52 1 797
0 46 61 1 64 1 3 798
1 1 61 18 59 17 6 799
0 43 98 16 98 24 5 800
1 100 59 80 56 80 1 801
1 2 46 53 32 56 2 802
1 143 79 5 71 10 1 803
0 72 31 41 31 46 3 804
1 115 46 3 44 4 1 805
0 111 98 20 98 17 4 806
0 69 79 6 82 6 3 807
1 49 57 71 53 81 2 808
0 59 91 33 89 34 3 809
0 11 56 77 58 75 3 810
1 116 56 31 54 23 2 811
1 105 6 27 6 34 1 812
1 48 67 35 64 18 1 813
0 56 43 66 44 64 3 814
0 10 43 29 44 22 3 815
0 24 60 34 66 30 3 816
1 51 33 45 31 46 5 817
1 95 67 79 52 75 2 818
0 127 51 53 57 43 3 819
1 40 48 3 46 4 1 820
0 45 61 29 62 33 3 821
0 46 63 57 61 61 3 822
0 119 71 39 65 44 5 823
1 96 6 52 6 57 5 824
1 87 88 93 89 90 4 825
0 73 46 58 46 55 3 826
0 19 42 45 55 41 3 827
1 56 47 45 45 51 1 828
1 26 64 44 70 43 5 829
0 143 49 20 45 21 3 830
1 133 48 55 41 72 4 831
1 18 60 56 58 48 1 832
0 18 30 49 29 52 3 833
1 108 51 52 56 50 1 834
0 11 6 64 6 68 3 835
1 80 53 38 54 40 1 836
1 69 55 74 57 76 2 837
0 116 67 37 68 34 4 838
1 39 64 50 62 48 5 839
1 74 50 19 25 21 6 840
0 62 60 28 59 24 3 841
0 10 13 0 45 2 3 842
0 45 63 55 64 50 3 843
1 33 62 55 61 59 1 844
0 94 5 42 6 32 3 845
1 106 80 5 69 6 1 846
0 102 69 69 68 71 3 847
1 104 54 37 55 39 1 848
1 61 90 37 91 29 1 849
0 64 61 16 55 22 3 850
0 141 85 93 79 99 3 851
0 128 27 49 29 47 3 852
1 129 42 59 31 55 1 853
1 37 48 3 43 3 1 854
1 102 52 1 48 2 1 855
0 104 45 59 46 57 5 856
0 121 39 46 41 43 3 857
1 5 57 49 54 56 1 858
0 56 53 46 55 44 3 859
0 102 58 47 54 32 5 860
0 28 51 40 16 21 3 861
1 19 51 31 46 32 2 862
1 57 6 53 5 50 3 863
0 12 53 36 55 37 4 864
1 21 48 44 53 43 1 865
0 72 51 47 50 49 5 866
1 16 54 55 57 56 2 867
0 41 53 32 56 31 3 868
1 114 34 11 41 9 2 869
1 45 51 41 54 32 4 870
1 116 57 48 57 63 2 871
1 39 41 73 38 67 1 872
0 119 73 33 60 38 3 873
0 97 20 29 18 35 3 874
1 115 58 1 56 2 1 875
0 66 53 16 52 18 3 876
1 107 5 89 6 65 1 877
1 120 55 40 57 39 5 878
0 79 69 45 71 41 3 879
1 58 58 46 57 48 2 880
0 32 63 31 57 46 3 881
0 48 90 38 92 29 3 882
0 54 53 46 43 49 3 883
0 19 40 12 37 13 3 884
0 67 33 57 42 12 3 885
0 70 61 30 50 47 3 886
0 70 69 73 67 74 3 887
1 29 71 34 69 39 5 888
1 0 70 38 70 43 1 889
0 56 55 47 60 37 3 890
0 56 82 5 79 6 3 891
1 16 51 19 60 17 1 892
1 72 57 36 55 39 1 893
0 76 69 33 61 59 3 894
1 97 47 34 44 40 1 895
1 108 61 2 63 1 1 896
1 28 49 53 47 59 1 897
1 3 54 44 56 39 1 898
0 13 72 36 69 37 4 899
1 14 48 44 46 43 6 900
0 77 59 33 54 33 3 901
1 1 58 38 59 33 5 902
0 38 69 74 70 72 3 903
1 69 67 41 64 42 1 904
0 117 50 37 53 31 3 905
0 112 40 12 43 11 3 906
0 101 52 80 55 80 3 907
1 24 38 48 41 46 2 908
1 8 58 33 51 35 1 909
0 137 69 36 74 32 3 910
1 81 46 2 51 2 1 911
1 111 62 42 60 47 2 912
0 102 51 48 45 63 5 913
1 134 57 39 53 38 1 914
0 32 60 50 52 49 3 915
1 80 51 49 43 53 1 916
0 73 48 41 42 26 3 917
1 79 31 37 32 44 1 918
1 115 60 1 63 2 2 919
0 130 56 47 58 50 3 920
1 40 60 34 52 42 1 921
0 61 51 52 54 45 3 922
0 108 27 62 25 72 3 923
0 28 52 24 53 27 3 924
0 91 57 19 49 30 3 925
1 64 44 11 40 12 5 926
0 33 48 53 52 45 3 927
1 59 61 33 58 36 1 928
1 79 60 18 49 23 1 929
0 40 28 58 29 55 3 930
1 0 42 10 40 12 1 931
0 43 67 40 63 53 3 932
1 57 35 4 32 4 1 933
0 14 60 17 53 16 6 934
0 93 58 48 55 63 3 935
1 49 39 12 37 13 1 936
0 43 53 50 45 69 3 937
0 85 34 41 29 48 3 938
1 94 51 2 28 2 2 939
1 61 85 13 93 11 1 940
0 37 57 28 59 17 3 941
0 34 58 73 14 60 3 942
0 23 44 4 41 5 3 943
1 56 57 80 54 80 2 944
1 13 58 30 54 39 1 945
0 51 31 57 27 35 3 946
1 28 62 2 81 4 1 947
1 141 46 57 48 64 1 948
1 143 52 18 41 24 6 949
0 128 50 35 49 37 3 950
0 80 91 35 90 45 3 951
0 52 36 41 42 32 3 952
0 101 60 29 55 23 3 953
1 65 58 60 53 57 1 954
1 47 47 28 33 61 2 955
0 97 61 25 61 42 3 956
1 32 56 40 59 34 1 957
1 133 6 65 5 67 3 958
1 13 6 61 6 65 4 959
0 119 87 4 86 6 3 960
0 74 50 2 39 1 3 961
1 9 57 39 53 44 5 962
1 38 30 47 30 50 1 963
1 98 91 30 90 38 2 964
0 96 47 52 44 54 3 965
1 24 53 45 48 54 1 966
0 92 74 30 70 33 3 967
1 83 67 36 66 39 1 968
1 88 49 50 52 45 1 969
1 26 71 39 69 45 1 970
0 8 42 64 45 43 3 971
1 36 29 56 29 52 3 972
0 32 78 6 81 6 3 973
0 93 60 1 57 2 3 974
1 99 51 35 57 37 1 975
1 112 36 13 40 12 1 976
1 23 48 3 45 4 5 977
0 111 55 73 54 75 3 978
1 92 55 80 47 80 3 979
1 13 69 6 78 2 1 980
0 5 45 21 49 20 3 981
0 70 59 56 57 58 3 982
0 48 31 50 22 65 3 983
0 11 53 44 52 47 3 984
1 2 54 31 57 35 1 985
0 13 60 19 57 19 3 986
1 1 66 46 62 39 1 987
0 4 54 24 50 28 3 988
1 137 28 58 28 61 4 989
0 7 28 53 30 50 3 990
0 91 32 46 32 50 3 991
1 107 88 93 86 92 4 992
0 8 56 30 50 26 3 993
0 88 30 46 27 45 3 994
0 52 43 12 41 11 3 995
1 57 67 41 63 51 1 996
1 128 40 12 36 13 1 997
1 77 55 60 53 62 1 998
0 136 86 95 89 92 5 999
1 82 69 74 70 72 3 1000
1 127 51 37 26 62 1 1001
1 82 56 36 54 39 1 1002
0 73 92 28 92 24 3 1003
0 78 91 29 92 32 3 1004
1 63 46 3 39 4 5 1005
0 42 28 54 29 27 3 1006
1 41 55 44 44 63 1 1007
1 23 49 21 44 22 3 1008
0 85 58 49 50 50 3 1009
1 39 55 43 53 39 1 1010
1 0 58 29 55 31 1 1011
0 26 51 48 54 50 3 1012
0 87 62 24 61 26 3 1013
0 109 59 45 60 42 3 1014
1 63 58 38 52 46 1 1015
0 102 71 38 73 29 3 1016
1 65 53 45 55 41 1 1017
0 39 38 13 40 12 3 1018
0 143 34 12 38 14 5 1019
0 73 45 43 41 41 3 1020
0 118 64 44 64 47 3 1021
0 28 92 21 91 30 3 1022
0 44 64 33 62 40 3 1023
1 128 52 30 47 31 1 1024
1 64 43 39 41 44 1 1025
1 138 45 3 47 2 2 1026
1 74 52 77 57 76 1 1027
0 38 27 2 51 1 3 1028
0 64 54 38 59 39 6 1029
1 31 62 2 67 1 4 1030
0 115 51 49 56 42 3 1031
1 118 57 19 60 19 6 1032
0 93 51 48 49 52 3 1033
1 96 54 49 52 55 1 1034
1 23 50 34 55 31 1 1035
1 136 44 58 46 52 2 1036
0 143 48 62 53 56 3 1037
1 18 52 48 56 37 1 1038
1 87 54 77 60 76 1 1039
1 96 34 45 34 40 1 1040
0 88 48 53 55 38 3 1041
0 29 58 74 55 75 3 1042
1 9 58 36 52 40 6 1043
1 116 67 93 64 96 4 1044
1 53 54 46 53 42 1 1045
0 142 51 19 46 20 3 1046
1 29 35 39 38 39 1 1047
1 118 66 73 68 72 1 1048
0 43 75 6 79 2 3 1049
0 74 49 20 45 20 3 1050
0 80 87 3 85 4 3 1051
0 107 50 78 53 76 3 1052
1 122 67 92 65 94 1 1053
0 100 52 80 47 80 3 1054
1 44 37 13 39 12 4 1055
1 137 52 80 58 80 2 1056
1 23 51 38 53 39 5 1057
1 112 61 60 58 64 1 1058
0 38 92 26 91 31 3 1059
0 12 68 25 71 14 3 1060
0 39 50 64 46 60 3 1061
0 7 56 30 55 26 3 1062
0 120 78 7 80 6 6 1063
1 62 61 1 59 2 5 1064
0 67 61 37 56 45 3 1065
1 68 53 43 54 47 1 1066
1 46 61 74 54 77 2 1067
0 128 36 15 43 11 4 1068
1 44 49 28 47 26 1 1069
0 78 48 2 45 2 3 1070
1 25 51 46 48 54 1 1071
0 135 87 4 85 5 3 1072
0 2 70 43 63 34 3 1073
1 48 60 34 54 42 2 1074
0 117 59 34 55 47 6 1075
0 138 60 22 39 28 4 1076
0 13 6 65 5 69 3 1077
0 71 29 13 31 14 4 1078
0 64 6 44 6 38 3 1079
1 7 6 41 4 54 1 1080
1 80 91 27 90 37 1 1081
0 100 67 36 63 31 3 1082
0 24 49 52 54 42 4 1083
1 104 47 41 43 38 6 1084
0 72 51 42 49 44 3 1085
0 32 59 43 61 51 3 1086
0 38 69 34 36 16 3 1087
0 130 57 45 55 55 3 1088
1 91 55 49 46 56 4 1089
0 3 51 33 49 35 3 1090
1 23 68 33 60 34 5 1091
0 78 51 52 50 49 3 1092
0 58 48 29 54 30 3 1093
0 53 44 50 48 53 3 1094
0 0 58 16 55 34 5 1095
0 0 70 35 68 34 3 1096
1 99 45 4 40 4 1 1097
0 128 67 34 66 39 3 1098
0 41 59 45 54 51 3 1099
1 123 42 12 39 13 1 1100
1 141 64 32 68 33 2 1101
1 17 39 3 46 2 1 1102
0 52 58 47 59 44 3 1103
0 141 40 12 38 14 3 1104
1 102 53 46 52 44 4 1105
0 65 64 38 60 29 3 1106
0 17 5 83 6 50 3 1107
0 48 53 40 16 20 3 1108
1 1 66 41 63 46 1 1109
0 76 6 41 5 60 3 1110
0 66 69 69 44 69 3 1111
0 26 64 44 68 39 3 1112
0 88 63 45 62 47 5 1113
0 31 59 1 57 2 3 1114
1 80 31 46 32 41 1 1115
0 24 52 48 47 39 3 1116
0 45 45 52 51 48 3 1117
1 6 31 44 31 52 2 1118
0 113 53 41 48 36 3 1119
0 67 51 81 56 80 3 1120
0 19 85 92 89 92 3 1121
0 57 61 37 61 34 3 1122
0 127 60 41 59 38 3 1123
0 36 51 43 51 46 3 1124
1 123 44 73 54 52 2 1125
1 123 30 53 31 50 1 1126
0 25 47 30 51 33 3 1127
0 138 61 37 60 31 3 1128
1 43 91 27 90 37 1 1129
0 83 6 48 6 66 3 1130
0 97 63 38 55 47 6 1131
1 80 47 3 40 4 1 1132
0 119 69 40 70 35 3 1133
0 66 60 32 62 44 3 1134
0 38 88 92 86 94 3 1135
0 100 98 24 98 21 3 1136
0 79 52 17 60 17 3 1137
0 24 51 47 49 43 3 1138
1 66 74 35 70 35 3 1139
0 64 67 36 66 47 3 1140
0 0 40 11 36 13 3 1141
0 43 98 17 98 14 3 1142
0 11 42 32 40 36 3 1143
1 126 62 46 62 42 1 1144
0 94 51 81 48 81 3 1145
0 29 58 37 57 39 3 1146
0 66 55 27 50 20 3 1147
0 102 3 13 5 46 4 1148
0 111 56 68 60 64 3 1149
0 122 55 80 50 81 3 1150
1 67 6 63 6 66 1 1151
0 119 55 80 51 80 3 1152
1 23 77 6 81 5 1 1153
1 97 33 37 31 38 1 1154
0 64 51 18 47 18 3 1155
0 70 43 53 45 54 3 1156
0 111 53 42 54 40 3 1157
1 79 55 41 54 45 3 1158
0 49 50 54 43 65 3 1159
1 54 60 47 62 48 1 1160
0 74 58 58 57 48 5 1161
1 108 52 49 48 51 1 1162
1 117 45 60 50 64 6 1163
1 135 45 27 41 31 2 1164
1 135 42 40 39 46 1 1165
0 60 63 69 57 72 3 1166
0 33 56 35 51 36 3 1167
1 40 67 42 68 38 6 1168
0 37 53 52 37 50 3 1169
1 123 27 61 28 57 1 1170
1 10 53 26 50 28 1 1171
0 92 48 3 41 4 3 1172
1 105 53 19 51 20 1 1173
1 56 52 41 48 43 1 1174
0 118 54 39 54 43 4 1175
0 103 56 32 58 26 3 1176
1 41 50 49 37 92 2 1177
0 114 88 94 89 92 3 1178
1 115 71 43 69 45 3 1179
0 72 60 30 55 19 3 1180
1 47 67 47 67 44 1 1181
0 12 59 26 55 25 3 1182
1 57 29 56 27 60 1 1183
0 142 56 2 60 2 3 1184
0 136 6 9 6 6 3 1185
0 65 51 49 48 56 3 1186
0 0 57 48 63 34 3 1187
0 90 32 38 32 43 3 1188
1 34 60 32 63 37 1 1189
0 19 54 48 52 46 3 1190
1 69 46 4 43 4 6 1191
0 80 31 44 27 48 5 1192
1 110 98 23 98 13 1 1193
1 6 75 32 69 35 3 1194
0 48 67 41 72 34 4 1195
0 72 54 47 50 52 5 1196
0 112 49 19 45 21 3 1197
1 37 6 37 6 32 1 1198
0 126 58 19 63 18 3 1199
1 86 92 29 92 32 1 1200
1 139 62 1 47 1 5 1201
1 127 61 41 48 49 2 1202
1 126 6 40 6 59 1 1203
1 13 83 4 70 9 1 1204
0 92 14 61 56 72 3 1205
1 140 68 47 67 49 1 1206
0 12 50 80 56 75 3 1207
1 77 52 80 39 80 1 1208
1 142 47 40 40 34 1 1209
0 4 54 49 48 53 3 1210
0 138 41 4 45 4 3 1211
0 115 56 76 57 74 3 1212
0 108 64 1 60 1 3 1213
1 6 62 38 59 33 3 1214
0 80 64 34 56 39 3 1215
1 53 50 51 54 51 2 1216
0 124 64 46 66 40 3 1217
1 127 51 17 45 17 1 1218
0 55 54 38 50 37 3 1219
1 38 57 18 63 17 1 1220
0 127 58 28 60 23 3 1221
0 121 98 22 98 26 3 1222
0 123 50 64 40 88 3 1223
0 5 49 19 43 21 5 1224
0 49 62 33 58 21 3 1225
1 34 67 37 72 29 1 1226
0 67 56 80 61 80 5 1227
0 102 58 54 54 59 5 1228
0 137 28 58 28 54 3 1229
1 92 46 4 44 3 1 1230
1 130 54 42 55 38 1 1231
0 74 6 47 6 52 3 1232
1 72 98 16 98 20 2 1233
0 87 60 54 54 64 3 1234
1 60 60 46 57 54 2 1235
0 91 44 58 39 60 3 1236
0 68 51 2 48 2 3 1237
1 24 49 37 16 20 2 1238
1 32 58 40 56 37 1 1239
1 48 45 60 98 37 1 1240
1 16 44 3 50 2 1 1241
0 18 68 39 66 46 3 1242
1 14 60 40 46 35 1 1243
0 120 49 42 54 40 6 1244
1 96 27 50 31 48 1 1245
1 143 49 59 54 60 6 1246
0 9 58 34 52 51 3 1247
1 71 58 37 51 33 1 1248
0 32 52 61 49 69 3 1249
1 7 47 44 47 49 1 1250
0 140 55 27 58 26 3 1251
1 35 89 93 85 95 2 1252
1 54 56 27 59 31 1 1253
1 54 60 51 56 58 2 1254
1 26 54 44 58 39 1 1255
1 75 71 30 66 42 2 1256
1 92 56 44 55 46 2 1257
1 106 47 41 39 57 1 1258
0 130 57 40 55 42 3 1259
0 34 51 83 56 79 3 1260
1 108 30 54 27 58 1 1261
0 10 6 64 5 71 3 1262
1 82 50 37 54 36 2 1263
1 50 60 49 59 45 1 1264
0 72 53 2 56 2 3 1265
1 67 52 78 54 77 1 1266
0 85 55 80 50 81 3 1267
0 120 56 18 49 20 3 1268
0 26 80 6 83 4 3 1269
0 137 29 63 31 60 3 1270
1 93 92 31 92 26 2 1271
1 1 53 19 57 20 2 1272
0 13 53 80 40 80 3 1273
1 92 55 47 52 51 1 1274
0 4 91 30 92 26 3 1275
1 135 52 27 47 30 2 1276
1 90 60 1 54 1 1 1277
1 112 6 58 7 40 3 1278
1 38 53 38 51 34 4 1279
0 96 36 14 38 13 3 1280
0 29 64 27 62 29 3 1281
0 140 34 40 31 42 3 1282
1 28 49 3 45 4 6 1283
1 53 27 25 54 35 1 1284
0 128 53 32 51 41 5 1285
1 92 60 22 55 24 1 1286
0 64 54 47 52 53 3 1287
1 139 5 41 6 35 1 1288
1 15 92 20 91 22 2 1289
1 37 6 27 6 44 2 1290
0 112 40 12 32 12 3 1291
0 32 59 55 60 46 3 1292
0 16 47 50 47 56 3 1293
0 24 98 25 98 12 3 1294
1 118 56 64 58 62 1 1295
0 66 68 39 70 45 3 1296
0 71 6 60 5 63 4 1297
1 95 67 75 72 69 1 1298
0 104 55 41 66 43 3 1299
0 14 56 22 60 19 6 1300
0 126 7 44 6 50 5 1301
1 132 67 93 65 94 1 1302
1 103 60 34 59 36 1 1303
0 18 63 35 63 32 3 1304
1 113 41 43 42 40 1 1305
0 32 58 37 56 36 4 1306
1 111 50 52 54 41 2 1307
0 32 68 34 64 41 3 1308
1 68 56 73 61 73 1 1309
1 44 61 33 55 41 2 1310
1 102 44 18 47 17 2 1311
0 55 66 92 64 94 3 1312
0 26 51 50 47 58 3 1313
1 73 41 36 39 37 1 1314
0 20 55 1 64 1 3 1315
0 61 65 28 61 30 3 1316
1 73 86 2 83 1 2 1317
1 108 90 24 92 28 3 1318
0 16 68 41 64 20 5 1319
1 135 42 32 43 23 5 1320
1 61 66 37 67 34 1 1321
1 74 44 3 46 2 1 1322
1 66 54 28 55 22 5 1323
0 97 55 44 50 40 3 1324
0 140 44 65 46 59 3 1325
0 70 58 34 55 38 3 1326
1 69 53 44 61 34 2 1327
1 1 45 18 42 18 5 1328
1 14 98 12 98 33 2 1329
1 121 38 29 36 54 2 1330
0 91 42 2 48 2 3 1331
0 90 62 26 59 32 5 1332
0 55 30 50 24 74 3 1333
0 125 30 51 30 35 3 1334
0 34 59 74 59 77 3 1335
1 0 53 50 54 54 2 1336
0 116 6 55 6 52 3 1337
0 58 65 29 65 32 3 1338
1 52 56 46 56 43 3 1339
1 90 51 45 48 44 1 1340
0 59 56 49 44 58 3 1341
0 47 32 45 31 43 3 1342
0 68 68 34 67 42 3 1343
1 106 72 69 71 73 1 1344
1 108 66 93 74 91 2 1345
1 44 70 70 69 75 5 1346
0 84 53 51 47 48 4 1347
0 69 87 3 85 2 3 1348
1 137 6 53 6 49 2 1349
1 67 21 19 41 76 1 1350
1 50 63 31 55 46 1 1351
1 141 48 55 48 67 1 1352
0 104 54 27 52 24 4 1353
1 120 28 54 25 56 2 1354
1 141 58 29 60 24 1 1355
0 12 59 31 55 33 4 1356
1 19 67 74 69 71 2 1357
0 38 63 23 59 31 3 1358
0 33 91 28 90 36 3 1359
0 107 58 2 63 1 3 1360
1 108 44 18 66 20 1 1361
0 54 29 54 30 51 3 1362
0 31 57 29 37 28 3 1363
0 143 46 47 49 46 3 1364
0 59 54 33 56 31 3 1365
1 65 51 39 55 36 1 1366
0 42 54 46 54 41 3 1367
1 45 88 4 81 2 1 1368
1 72 50 64 49 66 1 1369
1 117 40 30 41 27 1 1370
1 79 51 52 54 51 6 1371
1 57 41 34 42 31 1 1372
0 132 69 34 65 43 3 1373
0 102 69 68 72 72 3 1374
0 29 48 40 49 43 3 1375
0 49 56 54 51 64 3 1376
1 130 6 26 6 17 5 1377
0 123 52 59 60 51 3 1378
1 114 69 70 70 72 1 1379
1 80 34 41 32 49 1 1380
0 119 66 48 64 44 3 1381
1 44 42 35 41 37 1 1382
1 3 90 36 91 33 1 1383
0 130 52 2 47 2 3 1384
0 133 44 22 48 21 3 1385
0 22 30 50 31 47 3 1386
0 102 60 39 56 41 3 1387
0 56 5 36 6 34 3 1388
1 17 55 26 40 20 1 1389
1 17 6 65 5 70 1 1390
0 5 54 41 54 33 3 1391
1 126 6 49 7 52 1 1392
0 61 46 70 48 69 3 1393
0 111 70 6 79 6 3 1394
0 104 6 33 5 40 3 1395
0 68 56 80 49 80 3 1396
0 7 27 71 19 55 3 1397
0 118 5 68 6 64 3 1398
0 39 63 37 48 47 3 1399
0 90 61 50 55 50 3 1400
1 7 33 46 30 52 2 1401
1 133 48 54 50 52 1 1402
1 93 64 29 65 27 6 1403
0 100 61 69 57 71 3 1404
0 129 87 93 82 94 3 1405
1 34 52 19 49 21 1 1406
1 124 54 47 56 43 1 1407
1 66 71 42 69 36 1 1408
0 51 68 72 71 74 3 1409
1 96 70 37 57 27 1 1410
0 128 32 37 28 42 6 1411
0 7 68 42 68 32 3 1412
1 54 62 47 52 57 2 1413
1 40 60 74 58 73 2 1414
1 0 40 12 44 11 1 1415
1 134 60 39 61 36 1 1416
1 121 91 19 91 25 3 1417
1 82 3 77 4 81 1 1418
1 87 54 44 50 48 3 1419
0 49 65 49 49 45 3 1420
0 31 48 2 43 2 6 1421
1 131 61 18 80 27 1 1422
1 141 53 31 35 31 2 1423
0 0 98 20 98 17 3 1424
0 103 57 61 55 55 3 1425
0 32 79 6 81 5 3 1426
0 94 65 42 43 18 3 1427
1 96 49 43 60 40 1 1428
1 88 57 39 60 17 1 1429
1 137 63 44 42 39 1 1430
1 98 63 49 60 50 1 1431
1 125 72 41 71 39 2 1432
0 105 7 47 6 49 3 1433
0 43 55 73 63 69 3 1434
0 0 60 17 69 17 4 1435
0 74 56 51 57 48 3 1436
0 51 58 73 59 71 5 1437
0 35 46 4 48 3 3 1438
1 79 61 32 62 37 1 1439
0 137 30 50 33 44 4 1440
1 71 59 27 60 24 2 1441
1 26 67 36 67 22 1 1442
1 131 63 17 59 17 1 1443
1 133 50 30 54 33 2 1444
0 118 46 26 35 23 4 1445
0 0 62 32 58 37 3 1446
0 36 63 34 54 41 3 1447
1 48 91 35 92 29 2 1448
0 131 63 17 65 16 6 1449
0 32 41 13 41 10 3 1450
1 44 47 52 46 59 1 1451
1 108 87 3 85 4 2 1452
1 111 51 51 52 37 1 1453
1 17 68 36 66 41 3 1454
0 130 55 52 52 60 3 1455
1 78 53 44 57 43 5 1456
1 104 49 35 67 41 3 1457
0 88 65 92 66 94 3 1458
1 139 54 30 44 33 4 1459
0 61 55 2 61 1 3 1460
0 71 67 39 59 38 3 1461
1 119 6 31 5 52 1 1462
0 33 45 21 51 19 3 1463
1 120 57 71 56 73 1 1464
1 117 50 46 68 42 6 1465
0 93 6 39 6 35 4 1466
0 68 62 46 62 53 3 1467
0 114 62 43 51 34 3 1468
1 38 50 33 54 38 2 1469
1 76 68 73 65 77 1 1470
1 54 54 53 52 57 1 1471
0 41 43 81 48 66 3 1472
1 139 65 37 53 46 1 1473
0 76 32 55 29 65 3 1474
0 91 48 38 46 47 3 1475
1 123 38 12 29 12 1 1476
1 5 56 64 57 62 1 1477
0 62 57 31 56 28 3 1478
0 88 56 64 56 61 6 1479
1 136 55 41 60 29 1 1480
1 52 54 46 56 47 5 1481
1 130 52 23 47 29 1 1482
1 135 40 21 41 18 1 1483
0 106 7 29 7 24 3 1484
0 128 6 47 7 40 3 1485
0 132 63 29 32 15 3 1486
0 6 47 49 47 52 3 1487
0 47 64 32 70 30 3 1488
0 32 34 42 33 46 3 1489
1 42 60 38 62 29 1 1490
0 72 55 41 43 59 3 1491
1 38 65 75 67 74 1 1492
0 134 57 53 62 47 3 1493
1 91 54 46 57 38 5 1494
0 42 91 30 91 38 3 1495
0 18 41 38 37 40 3 1496
1 16 28 49 26 50 1 1497
1 97 57 39 52 46 1 1498
1 85 61 32 59 34 1 1499
0 112 59 38 68 34 3 1500
0 21 56 1 63 1 3 1501
0 36 31 51 32 57 5 1502
0 106 6 44 7 46 3 1503
0 71 90 38 88 36 3 1504
0 76 64 78 67 77 3 1505
1 105 50 79 46 82 1 1506
1 133 55 50 55 44 6 1507
0 93 54 2 61 1 3 1508
0 141 56 46 43 39 3 1509
0 95 68 77 66 76 3 1510
1 110 40 58 69 74 1 1511
0 32 56 62 57 59 3 1512
0 142 47 38 50 39 3 1513
1 122 56 28 40 35 1 1514
0 130 81 5 77 7 3 1515
1 125 46 2 49 2 2 1516
1 10 42 20 43 25 6 1517
1 136 33 51 30 60 1 1518
0 116 61 25 61 29 3 1519
0 128 55 23 53 26 5 1520
1 80 59 39 58 36 1 1521
1 85 71 38 70 42 1 1522
1 84 70 31 53 43 1 1523
0 57 49 20 42 22 3 1524
0 32 62 1 57 2 3 1525
1 20 43 2 46 2 2 1526
1 117 63 29 58 24 3 1527
0 141 51 26 55 26 3 1528
1 39 57 37 50 48 5 1529
0 56 59 46 60 50 3 1530
1 92 98 11 98 14 4 1531
1 2 53 35 55 26 2 1532
0 99 56 31 53 29 3 1533
1 80 67 35 68 39 1 1534
0 27 59 17 57 18 3 1535
0 19 69 70 51 75 3 1536
0 7 48 2 41 3 3 1537
0 10 55 21 60 23 3 1538
1 92 69 37 71 36 1 1539
0 132 69 44 73 40 3 1540
1 75 62 47 66 44 4 1541
0 115 45 4 48 3 3 1542
0 86 49 19 46 18 3 1543
0 72 98 22 98 32 3 1544
0 63 54 75 66 74 3 1545
0 50 50 36 58 33 3 1546
1 0 28 47 27 51 1 1547
1 27 55 39 58 35 1 1548
0 83 60 38 55 49 3 1549
1 19 78 6 80 5 1 1550
1 22 47 36 53 39 5 1551
0 123 32 55 28 57 3 1552
0 9 47 41 53 40 3 1553
1 55 6 36 6 31 4 1554
0 24 52 43 52 47 5 1555
1 102 46 52 44 59 5 1556
0 16 40 14 36 13 3 1557
0 74 53 44 57 36 3 1558
0 105 28 49 29 47 3 1559
1 4 98 19 98 22 3 1560
0 70 98 20 98 16 3 1561
0 116 57 44 50 45 3 1562
1 19 64 29 61 36 1 1563
0 20 31 45 33 44 3 1564
1 9 49 53 41 49 1 1565
0 29 69 24 65 45 3 1566
0 64 47 50 49 52 3 1567
1 25 6 57 5 60 1 1568
1 60 52 48 53 46 1 1569
1 55 60 1 64 1 1 1570
0 52 51 45 51 49 4 1571
1 68 60 25 51 36 5 1572
1 90 92 25 92 28 1 1573
1 89 87 4 81 2 1 1574
0 83 63 17 60 19 3 1575
0 103 56 29 59 23 3 1576
1 28 49 78 59 75 2 1577
0 96 45 57 0 21 3 1578
0 141 50 62 55 50 5 1579
1 68 58 75 98 67 2 1580
0 102 63 34 61 33 3 1581
0 46 65 1 62 1 6 1582
1 93 43 32 37 40 5 1583
1 33 52 19 47 21 1 1584
1 37 53 80 41 80 1 1585
1 100 5 68 6 65 2 1586
1 10 45 2 49 2 1 1587
0 60 59 38 55 33 4 1588
0 26 67 47 69 46 6 1589
0 130 52 45 56 39 3 1590
0 115 45 3 48 3 3 1591
0 66 52 29 42 28 3 1592
1 5 56 58 56 65 1 1593
1 77 57 29 59 26 1 1594
0 18 52 31 53 27 4 1595
0 35 55 80 58 80 3 1596
0 98 56 28 58 25 3 1597
1 7 6 48 6 52 1 1598
1 120 60 49 53 61 5 1599
1 93 92 24 92 28 1 1600
0 128 44 70 44 79 3 1601
0 12 46 15 53 16 3 1602
1 84 55 19 58 20 1 1603
1 48 52 53 54 43 1 1604
1 64 58 27 56 31 1 1605
1 18 87 1 87 4 1 1606
0 65 6 36 6 31 3 1607
1 110 59 16 65 7 1 1608
1 84 22 19 47 34 1 1609
0 105 67 39 67 35 3 1610
0 76 61 50 54 53 3 1611
0 97 50 52 53 42 5 1612
1 26 51 53 55 52 5 1613
1 53 61 45 65 36 3 1614
1 104 50 49 48 51 1 1615
0 122 57 28 54 32 3 1616
0 17 52 2 49 2 3 1617
1 13 56 80 53 80 1 1618
1 34 51 77 57 75 2 1619
0 93 57 37 57 34 3 1620
1 11 47 30 50 28 2 1621
1 67 60 44 59 50 2 1622
1 50 68 42 64 22 1 1623
1 46 56 52 46 60 1 1624
0 133 90 39 90 46 3 1625
0 137 61 39 60 49 3 1626
1 42 52 18 51 16 1 1627
1 25 58 33 55 18 1 1628
0 82 53 45 49 54 3 1629
0 42 57 15 56 31 3 1630
1 92 40 3 45 3 1 1631
0 133 28 54 28 59 3 1632
1 118 67 92 65 91 1 1633
0 16 60 41 59 44 3 1634
0 63 67 92 65 95 5 1635
1 94 6 60 6 65 1 1636
0 39 52 40 54 39 3 1637
0 64 42 11 40 12 3 1638
0 65 80 5 70 5 3 1639
1 108 30 58 31 60 1 1640
1 113 5 66 6 64 1 1641
0 48 26 50 28 48 3 1642
1 98 55 30 58 30 2 1643
0 45 69 38 70 34 3 1644
1 65 52 29 45 35 1 1645
1 90 5 39 6 43 1 1646
1 28 67 72 69 70 1 1647
0 130 57 49 59 45 3 1648
1 29 61 31 60 33 1 1649
1 31 68 40 67 42 1 1650
0 3 98 20 98 23 3 1651
0 4 6 54 3 50 3 1652
0 67 58 80 50 80 3 1653
0 15 51 1 54 2 3 1654
0 128 29 58 29 52 3 1655
1 138 42 3 40 4 1 1656
0 82 53 45 43 33 3 1657
1 102 68 40 71 36 1 1658
0 33 90 38 90 50 5 1659
0 79 89 92 86 94 3 1660
1 80 54 76 56 77 1 1661
1 4 45 37 47 36 1 1662
1 52 54 42 52 49 3 1663
0 4 52 47 53 44 3 1664
1 129 98 22 98 18 2 1665
1 19 68 74 71 72 1 1666
0 74 5 37 6 31 3 1667
1 3 51 26 46 31 1 1668
1 96 68 39 62 55 3 1669
1 136 67 42 59 41 1 1670
0 43 87 3 85 4 3 1671
0 66 44 37 38 41 3 1672
0 139 92 22 89 36 3 1673
1 9 72 72 69 74 1 1674
1 108 60 1 56 2 1 1675
1 132 31 44 33 41 3 1676
0 65 51 45 21 62 3 1677
0 116 57 35 56 20 3 1678
1 12 70 73 67 72 1 1679
0 126 28 52 29 50 3 1680
0 67 64 24 63 33 3 1681
1 66 43 12 40 11 4 1682
1 64 45 11 36 13 5 1683
0 32 34 45 32 50 3 1684
0 72 71 31 69 38 5 1685
1 0 36 49 37 57 1 1686
0 129 48 56 54 51 3 1687
0 66 47 30 51 27 3 1688
0 29 63 54 60 50 3 1689
0 55 55 53 58 33 3 1690
1 52 67 46 60 50 1 1691
1 137 63 44 66 41 1 1692
0 28 57 76 41 76 3 1693
0 2 45 21 49 20 3 1694
0 126 52 56 53 54 3 1695
1 63 65 77 69 73 3 1696
1 108 5 69 6 64 5 1697
0 83 46 58 36 72 3 1698
1 88 55 45 52 34 2 1699
0 12 49 60 53 40 4 1700
1 139 45 45 45 49 1 1701
1 117 58 37 31 33 3 1702
1 118 60 19 57 19 1 1703
1 67 98 17 98 27 1 1704
1 135 38 40 43 36 6 1705
1 19 66 74 68 72 3 1706
0 17 58 44 50 64 3 1707
0 56 47 41 45 50 3 1708
1 37 57 2 60 1 1 1709
0 139 51 48 44 49 3 1710
1 82 5 61 6 59 2 1711
0 94 50 32 39 45 3 1712
1 121 43 35 43 31 1 1713
0 13 57 40 55 44 3 1714
1 38 40 46 43 38 5 1715
0 44 69 74 71 72 3 1716
1 43 51 42 96 19 1 1717
1 91 92 24 92 29 3 1718
1 0 59 38 53 43 1 1719
1 51 31 47 30 45 4 1720
1 19 46 20 50 19 1 1721
1 109 46 2 51 2 6 1722
0 85 61 24 50 35 3 1723
0 23 58 33 59 30 5 1724
1 32 64 27 61 32 1 1725
1 91 48 57 47 59 1 1726
0 91 61 70 58 68 3 1727
0 67 6 65 6 68 3 1728
0 88 6 64 5 66 3 1729
1 53 50 78 56 78 1 1730
0 131 60 17 58 18 3 1731
1 127 59 19 48 24 1 1732
1 126 6 41 6 52 1 1733
0 108 55 75 62 69 3 1734
1 81 57 40 65 37 1 1735
1 83 49 36 57 25 3 1736
0 11 51 36 49 38 3 1737
1 132 41 60 46 51 1 1738
0 83 6 34 5 36 3 1739
1 51 55 75 11 60 1 1740
0 117 47 58 44 62 3 1741
0 97 55 24 51 27 3 1742
0 83 6 29 5 32 3 1743
0 72 70 71 68 61 3 1744
1 96 69 37 67 35 1 1745
1 61 43 31 43 35 4 1746
0 18 50 63 49 78 3 1747
1 56 52 53 51 50 6 1748
0 130 47 21 46 17 5 1749
0 16 40 11 32 11 5 1750
0 39 54 41 52 47 3 1751
0 132 55 72 42 78 3 1752
0 133 48 4 39 4 3 1753
1 32 68 43 60 63 2 1754
0 93 46 63 53 48 3 1755
1 113 41 11 33 10 1 1756
0 74 55 74 52 76 3 1757
0 42 34 40 32 43 3 1758
1 25 54 45 51 36 1 1759
1 50 60 24 60 27 1 1760
1 70 65 74 60 73 1 1761
0 26 67 93 65 91 3 1762
1 48 27 49 30 42 1 1763
0 109 53 1 47 2 3 1764
0 9 60 34 33 43 3 1765
1 56 43 2 47 3 1 1766
1 97 67 47 71 42 1 1767
0 62 32 78 56 76 3 1768
0 12 40 23 59 27 3 1769
0 110 71 71 65 74 3 1770
1 32 61 46 63 39 1 1771
0 67 45 54 31 55 3 1772
0 27 5 67 4 69 3 1773
1 80 36 13 40 13 1 1774
0 12 50 18 52 19 3 1775
1 51 65 77 66 75 1 1776
1 64 36 13 39 14 2 1777
1 102 60 1 57 1 1 1778
1 53 31 48 26 49 1 1779
1 92 53 37 50 33 1 1780
1 23 80 5 77 6 5 1781
1 127 65 76 68 75 2 1782
0 22 65 54 58 44 3 1783
0 66 55 39 57 37 3 1784
0 35 88 93 85 92 5 1785
0 0 28 53 30 50 3 1786
1 10 49 51 60 44 1 1787
0 51 59 29 60 27 3 1788
1 66 71 32 72 35 1 1789
1 5 54 50 63 31 4 1790
0 121 6 36 6 33 3 1791
1 66 22 17 60 15 2 1792
0 138 83 4 81 5 3 1793
1 16 42 4 29 4 1 1794
1 66 51 18 48 23 1 1795
1 11 55 49 44 43 1 1796
1 107 61 41 64 36 2 1797
1 93 66 1 58 2 5 1798
0 27 5 67 6 65 3 1799
0 83 53 32 55 34 5 1800
1 82 58 27 59 23 1 1801
1 53 62 18 60 17 1 1802
1 72 66 46 68 43 1 1803
0 14 57 18 62 17 3 1804
1 117 50 51 51 45 5 1805
0 4 47 34 51 28 3 1806
0 23 55 76 30 77 3 1807
1 46 61 1 57 2 4 1808
0 124 64 1 60 1 3 1809
1 24 53 44 55 33 3 1810
0 56 60 34 53 40 3 1811
1 79 64 47 69 39 5 1812
0 92 49 79 54 77 3 1813
0 130 50 18 45 20 3 1814
0 125 78 6 81 5 3 1815
0 8 41 22 43 30 3 1816
1 70 69 75 68 77 1 1817
1 30 50 77 61 72 2 1818
0 67 38 43 34 57 3 1819
0 118 40 37 18 29 3 1820
1 46 62 42 48 39 1 1821
0 77 62 22 56 9 3 1822
0 0 61 32 59 35 5 1823
0 139 6 42 5 40 3 1824
0 76 60 74 58 73 3 1825
1 46 57 2 62 1 1 1826
0 39 31 46 28 37 3 1827
0 106 72 35 69 34 4 1828
1 82 45 4 74 3 1 1829
0 43 58 46 58 38 3 1830
1 44 69 72 68 74 6 1831
1 88 56 41 60 41 1 1832
0 87 57 28 44 16 3 1833
1 96 46 18 51 18 3 1834
0 63 32 55 31 51 3 1835
0 117 52 41 55 39 3 1836
1 64 60 29 76 49 4 1837
0 119 52 33 50 35 3 1838
0 29 54 43 43 72 3 1839
1 82 29 56 24 53 1 1840
0 66 92 35 92 31 3 1841
0 92 55 47 55 50 3 1842
0 72 98 14 98 26 3 1843
0 89 62 37 57 28 3 1844
0 132 44 77 51 50 3 1845
0 18 60 31 64 32 3 1846
1 13 56 2 52 2 1 1847
0 123 68 39 60 43 3 1848
0 11 42 13 41 10 3 1849
1 116 46 46 53 48 2 1850
0 83 53 50 49 50 3 1851
1 52 41 41 34 38 1 1852
1 104 62 33 49 38 2 1853
0 0 42 12 37 13 3 1854
1 46 55 76 51 77 1 1855
1 27 86 92 84 94 3 1856
0 34 29 56 30 51 3 1857
1 17 54 56 52 55 2 1858
1 3 45 4 48 4 1 1859
1 118 45 18 40 18 1 1860
1 139 6 42 6 32 1 1861
0 121 32 49 32 46 4 1862
1 16 41 11 35 13 1 1863
0 117 51 45 56 42 3 1864
0 44 66 44 69 44 3 1865
0 106 6 45 6 53 5 1866
0 98 56 15 50 15 6 1867
0 68 56 28 54 31 3 1868
0 130 61 42 59 40 3 1869
1 114 66 38 68 43 6 1870
1 18 47 49 46 46 2 1871
0 41 55 80 52 80 3 1872
0 132 61 32 65 28 3 1873
0 73 44 32 45 30 4 1874
1 77 56 72 57 75 1 1875
0 120 49 21 37 24 3 1876
1 93 87 93 88 91 5 1877
1 44 45 25 43 20 1 1878
1 97 49 78 61 64 1 1879
0 78 98 16 98 22 3 1880
0 36 32 54 32 45 3 1881
1 121 69 76 71 72 1 1882
1 66 51 27 42 30 1 1883
1 39 51 77 57 75 1 1884
1 111 6 29 6 32 2 1885
1 77 52 57 49 61 2 1886
0 20 58 2 53 2 3 1887
1 136 63 47 54 52 1 1888
0 92 52 77 50 78 3 1889
0 11 46 4 43 4 3 1890
1 49 61 38 47 51 1 1891
1 109 61 35 53 38 1 1892
1 40 58 18 50 21 2 1893
1 31 53 48 55 40 1 1894
0 94 59 17 53 19 3 1895
1 123 28 2 46 2 3 1896
1 63 50 77 54 76 1 1897
1 12 59 26 29 23 6 1898
1 75 68 42 50 45 1 1899
0 119 55 38 51 34 3 1900
0 62 60 21 59 14 3 1901
0 116 71 38 68 44 3 1902
1 120 44 62 47 68 1 1903
1 75 43 19 53 16 1 1904
0 103 3 96 2 94 3 1905
0 122 67 41 59 44 3 1906
1 19 44 62 44 66 1 1907
0 17 53 19 58 19 3 1908
0 126 60 41 62 40 3 1909
0 123 6 29 6 33 3 1910
0 82 60 40 57 36 3 1911
0 40 56 20 59 20 3 1912
1 64 67 37 65 40 1 1913
1 56 55 41 38 64 5 1914
1 100 67 34 69 40 1 1915
1 131 44 21 39 24 1 1916
0 52 68 36 67 44 3 1917
0 96 31 46 29 48 4 1918
1 105 89 31 91 28 1 1919
1 46 56 77 58 75 2 1920
1 128 61 41 56 50 1 1921
1 83 63 24 62 22 2 1922
1 63 56 37 54 44 3 1923
0 123 87 4 84 4 3 1924
1 9 86 4 84 6 1 1925
0 95 69 71 70 69 3 1926
0 59 90 37 92 27 4 1927
0 143 88 90 84 90 3 1928
0 65 69 33 63 46 3 1929
0 30 73 33 65 47 3 1930
0 17 6 41 2 19 3 1931
1 86 58 67 45 62 5 1932
0 20 54 38 29 35 3 1933
0 9 45 45 51 27 3 1934
0 41 31 47 30 53 3 1935
0 98 59 14 53 16 3 1936
1 137 67 93 64 94 1 1937
0 86 56 45 62 18 5 1938
0 3 54 19 59 18 3 1939
1 81 61 2 96 1 1 1940
0 104 57 39 59 37 3 1941
0 95 60 42 60 46 3 1942
1 141 36 13 40 12 1 1943
0 116 48 19 37 19 3 1944
0 65 55 52 57 47 3 1945
1 33 91 33 90 26 1 1946
1 108 69 40 67 44 1 1947
1 86 59 18 41 17 1 1948
0 63 61 43 51 61 3 1949
1 51 67 72 71 74 1 1950
1 22 31 44 32 51 1 1951
1 44 98 7 98 18 2 1952
1 41 5 38 5 55 2 1953
0 54 49 70 57 71 3 1954
1 120 52 82 55 80 1 1955
1 130 55 44 60 40 2 1956
0 140 60 38 89 24 3 1957
1 86 6 41 6 50 1 1958
0 95 68 74 71 69 6 1959
1 11 58 39 59 41 3 1960
0 24 33 24 44 31 3 1961
0 21 6 44 6 19 3 1962
1 28 50 79 48 78 1 1963
0 99 48 45 54 40 3 1964
0 59 52 19 43 19 3 1965
0 40 54 44 53 47 3 1966
0 66 6 45 7 42 3 1967
0 69 6 37 6 32 3 1968
0 121 40 37 42 40 5 1969
0 113 44 22 42 20 3 1970
0 6 62 18 64 16 3 1971
0 27 52 76 55 77 3 1972
1 117 66 93 64 94 1 1973
0 97 42 4 27 6 3 1974
1 6 45 33 41 36 1 1975
1 102 30 54 34 42 1 1976
1 60 40 23 44 23 3 1977
0 35 88 94 86 95 5 1978
1 119 70 36 68 37 5 1979
0 14 42 13 43 11 3 1980
1 84 71 41 70 43 2 1981
0 121 34 44 28 47 3 1982
1 3 56 48 55 50 2 1983
0 88 55 37 15 21 3 1984
0 130 56 37 53 41 3 1985
0 87 63 49 57 52 3 1986
0 32 61 51 66 37 3 1987
1 22 66 41 70 39 4 1988
0 91 58 42 51 53 5 1989
1 71 54 46 57 44 1 1990
1 69 58 48 61 47 4 1991
0 45 55 80 52 81 3 1992
0 75 61 41 58 42 3 1993
0 47 62 2 70 6 3 1994
1 72 60 33 56 40 1 1995
1 1 28 58 32 49 1 1996
0 5 47 31 44 35 3 1997
0 137 47 80 55 80 3 1998
1 17 7 40 6 46 1 1999
