1 120 81 6 83 4 1 0
1 103 61 26 54 37 1 1
0 78 35 16 62 50 3 2
1 97 45 21 39 25 1 3
1 19 53 40 51 45 3 4
0 21 60 73 57 76 3 5
0 92 45 3 47 4 3 6
0 142 54 46 53 41 3 7
0 60 61 51 53 59 3 8
1 124 62 2 65 1 1 9
0 27 5 35 5 38 3 10
1 36 51 20 53 19 1 11
0 139 6 30 6 36 3 12
1 80 5 40 6 30 1 13
0 2 52 45 56 22 3 14
1 46 52 45 60 45 1 15
1 76 51 28 53 26 1 16
0 20 47 44 43 22 3 17
0 16 56 52 46 37 3 18
1 126 49 61 52 56 1 19
1 97 50 24 51 29 1 20
1 9 49 49 53 46 3 21
1 33 51 25 54 27 1 22
1 61 47 35 46 38 1 23
1 9 49 40 50 49 2 24
1 128 51 30 32 42 1 25
0 128 39 14 36 14 3 26
0 16 36 15 29 10 3 27
1 41 51 32 50 28 3 28
0 21 62 52 62 49 3 29
0 123 62 19 50 22 3 30
1 9 53 49 52 46 1 31
1 78 49 51 48 54 1 32
1 13 53 14 48 14 1 33
1 126 64 29 58 37 1 34
1 4 51 41 55 39 1 35
1 30 66 34 64 33 1 36
1 45 46 1 42 2 3 37
1 72 49 56 53 46 1 38
0 76 55 41 62 39 3 39
1 101 44 51 48 43 1 40
1 10 66 24 65 28 1 41
0 130 58 53 57 63 3 42
0 18 60 54 58 50 3 43
1 135 40 42 42 40 1 44
1 34 61 70 57 74 3 45
1 35 56 80 53 80 5 46
0 143 30 47 33 45 3 47
1 44 69 75 65 76 6 48
1 8 53 30 57 24 1 49
0 128 86 5 81 4 3 50
1 38 46 3 42 2 1 51
0 19 65 41 64 43 3 52
0 131 54 80 50 80 3 53
0 28 44 10 13 11 3 54
1 100 6 31 5 38 3 55
0 91 51 2 42 2 3 56
0 112 50 28 53 27 3 57
0 60 65 41 44 17 3 58
1 5 59 70 55 74 1 59
1 90 51 63 57 59 2 60
0 129 29 58 30 52 3 61
1 121 42 26 38 30 5 62
1 137 67 33 66 47 1 63
0 8 64 32 67 21 3 64
1 55 30 45 32 46 2 65
1 10 41 34 38 38 1 66
1 11 60 53 52 70 1 67
0 83 55 30 39 51 4 68
0 42 69 37 70 35 3 69
0 32 29 51 30 43 3 70
1 135 44 33 41 41 1 71
1 32 66 38 70 30 3 72
1 16 39 13 31 13 1 73
0 136 88 93 84 94 3 74
0 36 32 55 31 47 6 75
1 9 61 2 78 6 4 76
0 3 25 54 28 54 3 77
1 16 68 46 35 16 1 78
0 98 47 20 50 19 3 79
0 96 32 45 35 40 3 80
0 51 48 78 54 78 3 81
1 104 50 48 54 42 2 82
1 143 31 50 26 43 2 83
0 97 54 24 47 32 3 84
0 31 43 58 43 54 3 85
0 128 98 19 98 22 3 86
0 110 59 44 57 31 3 87
0 7 36 14 34 15 3 88
1 36 63 29 59 22 5 89
0 49 49 15 52 15 3 90
1 51 46 44 47 46 1 91
1 6 57 40 16 20 3 92
0 102 6 35 5 40 3 93
0 71 6 70 6 64 3 94
0 48 60 36 52 39 3 95
1 7 6 56 6 50 1 96
1 80 70 75 67 78 2 97
0 74 50 77 48 78 3 98
0 38 31 45 32 55 3 99
1 139 57 2 61 1 5 100
1 53 51 49 53 55 1 101
0 23 66 46 48 44 6 102
1 139 50 50 47 43 1 103
0 108 50 51 52 48 3 104
1 130 55 66 53 67 1 105
1 5 67 48 60 62 1 106
1 53 60 18 51 19 2 107
0 102 6 36 5 43 3 108
0 32 69 6 82 5 5 109
0 37 72 33 70 42 3 110
1 93 61 1 57 2 1 111
1 8 60 31 50 36 2 112
0 88 49 20 46 15 3 113
0 83 66 41 69 40 3 114
0 115 55 31 37 28 3 115
0 68 59 33 50 47 3 116
1 27 67 48 60 42 2 117
0 143 7 39 6 50 3 118
0 83 6 26 6 31 3 119
1 61 6 42 6 50 2 120
1 133 53 50 46 50 1 121
0 4 71 43 74 33 3 122
1 66 42 37 42 41 1 123
0 129 98 23 98 17 5 124
1 136 6 44 6 49 1 125
1 58 56 39 61 38 1 126
1 96 33 42 31 46 1 127
0 67 53 40 44 45 4 128
1 136 6 49 4 47 1 129
0 31 65 1 60 1 3 130
0 81 45 52 44 54 3 131
1 90 46 4 42 4 1 132
1 50 67 73 70 72 2 133
1 110 64 1 62 2 4 134
1 3 47 57 47 50 1 135
1 22 32 49 29 54 3 136
1 72 49 54 51 51 1 137
1 120 53 75 56 71 1 138
0 133 32 37 28 37 3 139
0 107 47 28 44 35 6 140
0 135 41 42 41 22 3 141
0 20 30 78 61 73 3 142
1 79 44 37 43 31 2 143
0 8 52 45 48 49 3 144
1 19 46 21 48 17 1 145
0 25 47 4 45 3 3 146
0 126 61 32 61 35 3 147
1 113 48 46 47 48 1 148
1 64 63 47 65 44 1 149
0 39 63 16 61 18 3 150
0 117 63 44 62 57 3 151
0 13 66 93 62 94 3 152
0 90 47 50 33 56 3 153
0 30 32 45 34 46 3 154
1 117 45 62 46 59 1 155
0 96 71 38 68 47 3 156
1 74 5 28 4 32 1 157
1 72 98 18 98 15 3 158
1 142 29 64 29 55 3 159
1 132 30 77 56 76 5 160
0 69 47 3 44 4 3 161
0 135 45 33 41 34 5 162
1 115 98 19 98 14 1 163
0 108 67 92 65 93 3 164
1 56 57 38 54 38 1 165
1 131 34 38 42 42 2 166
1 3 91 40 91 36 5 167
1 41 55 47 51 47 1 168
0 75 47 31 42 43 3 169
0 28 98 14 98 17 5 170
0 70 51 2 47 2 3 171
0 0 37 11 27 12 3 172
1 96 51 80 54 80 1 173
1 89 74 66 71 72 5 174
1 48 31 45 35 40 1 175
0 6 65 77 69 74 5 176
0 88 46 20 27 17 3 177
1 51 51 26 52 28 2 178
0 99 65 76 69 72 3 179
1 138 29 57 32 49 1 180
0 56 50 53 38 62 3 181
1 61 59 38 56 30 6 182
0 16 63 17 62 21 3 183
0 8 57 29 59 31 3 184
0 128 47 35 51 31 3 185
0 80 51 45 56 39 3 186
0 17 6 60 6 63 5 187
1 75 55 77 57 67 1 188
0 35 52 20 55 23 3 189
1 77 60 28 32 10 2 190
1 22 32 48 30 59 5 191
0 53 49 38 52 33 4 192
1 34 27 25 47 56 3 193
0 62 71 37 70 35 3 194
1 137 53 1 51 2 2 195
1 128 55 36 53 29 5 196
1 58 98 15 98 9 1 197
0 129 31 48 30 46 4 198
1 18 41 37 33 33 1 199
0 22 31 49 28 56 3 200
0 5 53 46 54 53 3 201
1 29 33 90 34 88 1 202
1 131 50 2 47 2 2 203
1 46 77 6 79 7 2 204
1 141 66 39 67 42 1 205
0 12 71 32 72 41 3 206
0 58 64 75 68 77 3 207
1 26 55 43 49 49 5 208
1 57 4 35 6 54 1 209
1 140 60 41 50 46 2 210
1 96 59 47 49 36 4 211
1 88 47 47 43 39 1 212
0 74 67 44 68 36 3 213
0 68 61 37 47 24 6 214
0 135 46 45 46 26 3 215
1 111 54 53 51 59 2 216
1 121 60 24 59 30 2 217
1 59 49 38 49 48 1 218
1 80 27 49 30 52 3 219
1 5 60 34 53 34 2 220
0 28 50 52 55 42 3 221
1 143 56 52 59 52 1 222
1 141 61 23 62 26 2 223
0 104 57 38 60 34 3 224
1 80 61 72 57 76 6 225
0 69 88 93 87 91 3 226
1 118 55 49 59 45 2 227
1 48 7 52 6 40 1 228
0 57 88 93 78 90 3 229
0 66 54 26 46 30 3 230
1 140 51 75 68 71 1 231
0 119 68 74 71 68 4 232
1 78 60 41 48 49 1 233
0 108 31 13 43 39 5 234
0 0 38 28 37 32 3 235
0 5 56 1 59 1 3 236
1 102 44 12 38 13 1 237
1 95 67 62 65 61 1 238
1 120 49 3 45 4 5 239
0 137 31 59 29 65 3 240
0 27 44 66 23 63 3 241
1 27 54 31 61 24 2 242
0 128 46 61 33 57 3 243
1 93 98 14 98 17 2 244
1 138 6 28 6 33 1 245
1 96 50 65 51 54 1 246
1 126 61 30 63 31 5 247
0 74 38 3 43 4 5 248
0 48 45 11 43 12 6 249
1 115 92 30 90 36 1 250
1 6 29 48 18 47 1 251
1 116 46 20 50 20 1 252
1 56 50 52 53 57 1 253
0 39 47 30 49 28 3 254
1 120 53 46 27 24 1 255
0 88 65 77 69 72 3 256
0 82 37 40 42 31 3 257
0 32 65 41 61 32 3 258
1 116 67 33 70 30 5 259
1 117 55 43 58 43 2 260
0 31 50 61 43 69 3 261
0 94 53 80 42 80 3 262
0 60 69 33 67 41 3 263
1 15 57 30 54 33 2 264
1 114 49 79 11 60 1 265
0 112 66 93 62 92 3 266
1 18 48 63 48 54 3 267
1 91 44 64 45 54 1 268
1 143 6 35 5 46 1 269
0 26 49 53 52 55 3 270
0 39 73 30 71 35 6 271
1 10 60 48 51 35 1 272
1 81 50 27 51 24 1 273
1 139 6 47 5 71 1 274
0 53 58 19 62 18 6 275
1 128 55 28 56 22 1 276
0 87 61 40 55 59 3 277
0 133 60 30 58 31 3 278
0 55 49 38 52 34 3 279
0 109 59 44 67 26 3 280
1 97 33 43 32 52 2 281
0 88 71 37 66 39 3 282
1 132 27 49 29 47 3 283
1 19 50 27 51 30 1 284
1 8 59 30 54 32 1 285
1 118 33 41 33 44 1 286
1 21 87 91 86 93 2 287
1 46 54 57 57 59 2 288
0 8 48 19 51 20 3 289
1 134 67 73 71 69 2 290
0 29 53 17 51 18 4 291
0 104 55 43 57 40 3 292
0 101 43 45 43 56 3 293
1 96 54 38 56 35 1 294
0 59 47 43 53 49 3 295
1 5 57 78 46 88 1 296
0 72 64 49 69 39 3 297
1 55 51 16 50 19 1 298
0 70 59 25 55 31 3 299
0 44 64 35 59 36 3 300
0 44 89 92 86 91 3 301
0 107 58 58 56 66 4 302
0 74 51 70 50 66 3 303
0 2 69 76 71 70 3 304
1 58 50 27 51 30 1 305
1 125 50 81 46 81 1 306
0 26 55 50 57 38 3 307
0 76 46 55 47 52 3 308
1 43 60 52 61 50 1 309
0 46 59 1 56 2 4 310
1 97 58 45 59 36 2 311
0 96 46 57 1 21 3 312
0 124 69 35 66 40 3 313
1 140 62 35 60 41 1 314
1 12 66 47 62 48 1 315
1 140 91 27 90 37 1 316
1 68 52 58 53 56 1 317
0 108 55 55 51 60 3 318
1 34 54 32 51 33 1 319
0 31 59 1 56 2 3 320
0 92 58 18 54 22 5 321
1 16 56 25 59 25 3 322
1 44 53 50 52 47 1 323
1 71 59 45 60 41 1 324
0 51 47 4 43 4 3 325
1 124 92 26 92 29 2 326
0 120 52 22 55 21 3 327
0 9 92 25 91 28 3 328
1 2 90 32 90 27 1 329
1 111 6 33 6 29 2 330
1 33 56 55 54 70 1 331
1 64 41 12 39 13 5 332
1 39 61 31 62 35 3 333
0 25 60 27 55 31 3 334
1 119 67 42 70 35 1 335
1 95 40 58 68 62 1 336
1 16 31 48 33 46 1 337
0 32 43 12 40 13 6 338
0 139 60 37 59 33 3 339
0 8 51 33 55 31 3 340
0 91 46 50 45 53 3 341
0 91 64 43 63 46 3 342
1 138 51 76 54 74 1 343
1 136 6 52 6 44 2 344
1 27 67 35 70 31 1 345
1 13 52 80 50 81 2 346
1 55 70 35 58 53 1 347
0 64 56 39 54 43 3 348
0 128 54 31 56 28 3 349
1 39 56 42 31 67 1 350
0 76 37 41 38 29 3 351
0 70 52 45 47 54 3 352
0 26 68 39 72 37 5 353
0 74 52 19 50 18 3 354
0 68 51 24 55 26 3 355
0 106 32 54 33 50 3 356
0 0 55 40 61 41 5 357
1 102 6 33 6 28 2 358
1 83 63 41 65 36 1 359
0 23 64 9 43 0 3 360
1 74 48 3 43 4 5 361
1 4 5 56 6 17 1 362
1 55 68 33 72 14 1 363
1 44 67 73 65 77 1 364
1 10 71 25 65 33 1 365
1 66 87 3 85 5 1 366
1 1 52 55 45 78 2 367
1 26 47 51 45 54 1 368
0 143 62 17 60 18 3 369
1 27 6 26 6 30 1 370
0 2 53 80 56 80 3 371
0 32 48 57 50 49 3 372
0 39 68 43 64 46 3 373
0 105 46 2 48 1 3 374
0 139 92 25 91 33 3 375
0 74 52 18 51 20 3 376
0 138 55 31 58 26 3 377
0 18 61 30 63 29 5 378
1 72 55 43 43 49 1 379
0 0 70 36 63 54 3 380
1 111 67 35 62 40 1 381
0 41 45 63 51 48 3 382
1 59 48 29 54 26 2 383
0 65 81 6 83 5 6 384
1 6 71 75 60 82 1 385
1 123 51 38 52 42 1 386
1 126 49 3 30 4 5 387
1 112 32 48 30 45 5 388
0 105 34 43 27 50 3 389
0 33 45 49 44 52 3 390
0 92 46 35 56 27 3 391
1 16 34 45 34 41 1 392
0 10 39 39 37 41 3 393
0 117 89 92 85 92 3 394
1 62 60 26 56 31 2 395
0 43 62 29 61 31 3 396
0 111 47 57 48 67 3 397
0 66 72 33 71 35 3 398
0 120 57 36 56 41 3 399
0 79 31 49 34 45 3 400
1 60 56 37 59 35 1 401
0 122 53 36 58 20 3 402
1 108 69 38 63 53 6 403
0 32 31 46 33 45 3 404
1 14 61 31 60 40 1 405
0 20 44 33 42 42 3 406
0 96 40 12 36 13 3 407
1 8 61 18 58 17 1 408
1 115 91 27 85 28 1 409
1 88 57 38 55 40 1 410
1 40 58 75 57 77 1 411
0 46 5 39 5 42 3 412
0 137 49 67 46 60 3 413
0 108 29 55 27 58 6 414
0 104 34 41 29 47 3 415
1 86 45 3 28 3 1 416
1 56 56 46 62 34 2 417
1 0 61 36 56 47 5 418
0 124 64 28 61 23 3 419
1 116 40 45 39 22 1 420
0 108 68 72 71 75 3 421
0 3 69 32 70 34 3 422
1 108 65 94 62 95 1 423
0 58 69 40 58 57 3 424
0 10 26 2 37 2 3 425
0 36 69 37 68 40 3 426
0 36 43 55 46 52 6 427
1 132 70 33 69 37 1 428
1 93 56 18 49 18 2 429
1 95 70 36 70 41 1 430
0 103 62 69 57 71 4 431
0 12 61 22 62 25 3 432
1 23 85 4 83 3 1 433
0 82 46 4 40 4 3 434
1 141 53 42 53 47 1 435
0 34 55 43 45 38 3 436
0 138 60 45 56 49 3 437
0 118 43 61 43 58 3 438
1 9 6 22 6 30 1 439
1 130 58 52 61 45 4 440
1 19 53 42 42 38 1 441
1 125 42 73 44 66 1 442
0 139 6 42 6 29 3 443
1 128 54 33 62 23 1 444
0 16 69 38 58 54 3 445
0 24 69 37 61 26 3 446
0 129 59 16 60 19 3 447
0 87 49 48 52 46 3 448
1 130 48 16 47 19 5 449
1 112 32 47 33 45 2 450
1 24 42 33 44 37 1 451
0 80 47 45 47 50 3 452
1 108 5 67 6 64 5 453
0 48 39 12 32 13 3 454
0 127 60 50 57 46 3 455
0 44 91 32 92 28 3 456
0 83 59 43 57 45 3 457
0 86 51 53 53 55 3 458
0 120 29 55 28 60 3 459
1 139 51 31 45 36 1 460
0 100 83 93 86 90 3 461
1 5 47 20 41 20 1 462
1 66 56 18 48 23 6 463
0 143 46 3 39 3 3 464
1 93 88 93 85 94 1 465
1 4 50 31 51 25 2 466
1 54 6 65 6 68 3 467
0 35 65 27 56 50 3 468
0 88 59 36 56 40 5 469
0 86 6 60 5 72 3 470
0 20 87 3 85 4 3 471
0 39 53 44 52 51 3 472
0 92 45 4 41 4 3 473
0 80 52 41 58 36 3 474
1 86 5 48 3 52 1 475
0 117 53 51 44 63 3 476
1 43 45 17 44 20 1 477
0 101 3 96 1 95 3 478
1 78 37 42 38 38 2 479
1 1 63 45 68 47 2 480
0 47 43 62 45 48 3 481
1 33 52 43 48 37 5 482
1 92 70 45 67 27 6 483
1 35 55 18 61 18 2 484
0 97 46 32 50 32 5 485
1 133 55 52 57 45 1 486
0 8 53 2 48 2 3 487
0 41 65 50 64 53 3 488
0 73 46 46 46 52 5 489
0 4 58 0 61 2 3 490
0 133 58 41 54 45 3 491
1 2 46 44 44 51 2 492
0 23 83 4 80 4 3 493
0 39 71 74 69 75 3 494
1 37 68 36 63 55 1 495
1 117 45 58 59 14 6 496
1 17 31 42 49 43 1 497
1 44 63 33 48 35 1 498
0 7 33 41 32 54 3 499
1 16 42 13 41 11 1 500
0 47 50 19 49 21 3 501
1 69 81 6 70 6 2 502
1 0 71 41 69 34 1 503
1 116 48 19 52 18 1 504
1 139 92 26 90 42 3 505
0 57 98 21 98 24 3 506
1 107 6 45 7 52 3 507
0 40 59 52 52 60 3 508
1 66 43 34 38 38 5 509
1 77 59 28 44 31 5 510
0 47 5 62 5 67 4 511
1 14 65 76 72 70 1 512
1 130 5 39 6 33 3 513
0 5 51 17 45 20 5 514
0 62 56 41 60 41 3 515
1 79 42 33 41 35 1 516
0 16 66 41 48 44 5 517
1 121 5 35 5 48 3 518
1 28 60 24 58 25 1 519
0 53 55 31 59 16 6 520
0 56 67 42 62 49 3 521
1 62 59 1 61 0 1 522
0 68 60 26 59 23 3 523
1 30 60 42 59 47 1 524
0 113 57 80 54 80 3 525
0 96 40 13 36 13 3 526
1 83 61 41 62 39 6 527
1 112 60 37 33 42 1 528
1 9 34 41 33 43 1 529
0 93 47 27 42 41 5 530
0 3 90 37 91 32 3 531
0 58 59 35 58 5 3 532
0 25 62 28 73 35 3 533
1 132 65 44 68 48 3 534
1 109 50 18 27 18 3 535
0 11 47 4 35 3 3 536
0 65 30 46 33 51 3 537
0 10 67 92 68 90 3 538
0 36 57 72 61 71 3 539
0 88 64 29 55 52 3 540
1 119 64 33 60 35 1 541
1 23 59 51 63 53 3 542
1 123 30 36 30 53 1 543
0 83 57 35 52 33 3 544
0 81 5 67 4 69 6 545
1 29 47 43 34 43 1 546
1 7 33 49 30 53 1 547
0 34 51 62 50 64 3 548
0 114 62 39 62 36 3 549
1 138 59 16 61 15 2 550
1 119 54 56 52 59 2 551
0 14 61 31 64 28 5 552
1 28 66 94 62 94 1 553
0 132 63 33 57 39 3 554
0 136 88 93 86 94 3 555
1 42 87 93 86 95 1 556
0 82 63 18 58 17 3 557
0 138 63 69 60 77 3 558
0 62 44 39 55 49 3 559
0 77 59 24 61 27 3 560
0 41 79 5 82 5 3 561
1 33 53 42 46 48 1 562
0 102 6 37 3 17 5 563
0 131 60 16 56 18 3 564
0 76 66 76 64 80 3 565
1 16 32 13 40 10 1 566
0 26 50 39 49 37 3 567
0 68 61 46 63 49 3 568
1 83 6 32 5 44 1 569
1 121 72 71 72 68 1 570
0 96 91 39 91 35 3 571
0 125 49 78 56 75 3 572
1 52 50 37 55 48 1 573
0 47 58 34 51 49 3 574
0 137 33 44 32 48 4 575
0 132 55 42 64 38 3 576
1 44 63 34 63 31 1 577
0 14 6 64 5 66 3 578
0 74 52 42 49 60 3 579
1 134 51 58 52 54 1 580
0 9 50 60 43 69 3 581
1 6 48 57 44 64 1 582
0 93 57 45 51 48 3 583
0 104 57 42 55 44 3 584
1 66 57 18 46 16 1 585
1 87 53 44 53 23 2 586
1 37 43 30 38 38 2 587
1 28 67 36 64 35 2 588
1 37 50 38 49 46 1 589
0 68 48 53 53 54 3 590
0 50 7 54 6 50 3 591
0 8 49 46 60 28 3 592
0 42 92 34 91 32 3 593
1 4 68 37 66 41 1 594
0 9 62 2 69 3 3 595
0 17 41 12 44 12 3 596
1 4 92 34 90 46 2 597
1 28 31 49 25 53 3 598
1 124 91 37 92 28 1 599
0 39 65 27 62 35 6 600
0 4 53 43 53 47 3 601
0 102 51 63 51 53 3 602
0 102 38 60 45 75 3 603
0 90 67 93 65 94 3 604
0 77 60 30 61 27 3 605
1 111 53 80 48 80 1 606
0 4 29 54 31 44 3 607
0 85 68 76 65 74 3 608
1 106 52 49 47 66 5 609
0 12 67 40 61 41 3 610
1 60 6 33 5 47 1 611
1 87 64 28 59 26 1 612
0 25 55 31 53 40 3 613
0 10 48 2 43 3 3 614
1 15 63 1 61 2 6 615
1 78 56 80 51 80 1 616
0 18 50 66 60 58 5 617
0 92 79 3 81 4 3 618
1 100 66 79 70 72 1 619
1 66 66 42 68 40 1 620
0 92 53 19 48 23 3 621
1 128 53 16 41 19 6 622
1 74 55 67 56 52 4 623
1 42 56 52 54 69 1 624
1 14 88 93 84 94 6 625
0 83 59 26 61 28 3 626
1 124 62 1 54 1 2 627
1 132 61 1 56 2 1 628
1 38 42 3 47 3 1 629
1 133 44 65 51 44 1 630
1 111 55 80 58 80 6 631
0 111 6 29 5 38 3 632
1 0 63 45 68 36 1 633
0 7 6 53 4 48 3 634
0 97 54 25 51 27 4 635
1 53 63 33 61 38 1 636
1 108 55 2 60 1 2 637
0 23 54 50 51 57 3 638
0 14 57 46 51 57 3 639
1 137 71 35 64 25 4 640
0 45 54 80 47 80 3 641
0 48 7 52 7 43 3 642
1 1 46 60 43 62 1 643
1 38 98 30 98 23 3 644
0 26 50 49 48 55 3 645
0 129 68 40 68 43 3 646
1 116 39 12 43 11 1 647
1 96 71 43 61 61 2 648
0 122 67 40 63 28 3 649
0 42 71 32 50 46 3 650
1 66 50 28 46 31 1 651
1 24 55 42 53 40 5 652
0 136 49 18 41 19 3 653
0 70 46 50 31 55 3 654
1 88 62 48 48 44 1 655
0 125 6 54 5 56 3 656
0 111 52 52 54 44 3 657
0 129 59 2 37 1 3 658
0 102 77 8 80 5 6 659
1 119 4 49 4 52 2 660
1 140 61 73 58 75 1 661
1 53 58 35 60 26 3 662
1 33 45 41 48 49 1 663
0 12 67 74 52 75 3 664
1 38 28 67 28 70 2 665
0 50 40 44 42 38 3 666
0 19 49 18 45 20 3 667
1 51 49 19 50 17 1 668
1 14 59 34 50 28 1 669
0 92 70 38 69 36 6 670
1 121 59 1 62 1 1 671
0 42 6 31 6 35 3 672
0 2 43 57 47 50 3 673
1 131 54 45 46 44 1 674
0 116 57 17 54 33 3 675
1 128 46 53 46 59 1 676
1 15 58 73 56 71 1 677
0 86 56 80 53 81 3 678
0 111 45 45 40 49 3 679
1 60 6 35 4 19 2 680
0 53 56 38 53 43 3 681
1 9 55 47 57 38 1 682
1 96 52 41 48 56 1 683
1 65 5 71 5 61 2 684
1 130 37 2 48 2 1 685
0 99 40 38 33 40 3 686
0 76 35 47 35 36 5 687
0 45 52 80 55 80 5 688
0 74 55 52 60 49 3 689
0 52 70 43 73 32 3 690
0 107 46 43 42 41 3 691
1 77 57 2 63 1 2 692
1 98 31 47 34 22 1 693
1 87 63 44 62 48 1 694
1 108 91 34 91 31 1 695
0 30 5 56 5 51 4 696
0 68 54 39 53 48 3 697
0 112 51 24 52 27 5 698
1 142 56 30 53 43 1 699
1 34 40 37 41 43 1 700
1 14 60 38 61 34 1 701
1 64 62 50 56 45 1 702
0 50 68 42 64 46 3 703
0 129 91 37 90 42 4 704
0 82 53 46 54 48 3 705
1 96 56 42 53 52 1 706
0 38 39 37 38 40 3 707
0 7 3 33 4 31 3 708
1 75 31 44 32 42 1 709
1 13 44 11 41 11 1 710
1 55 37 28 45 27 2 711
1 11 48 59 44 61 2 712
0 24 55 37 56 50 3 713
1 98 68 37 66 39 1 714
0 24 54 51 52 47 3 715
0 103 56 30 54 26 3 716
1 109 50 2 47 2 1 717
0 61 57 39 51 48 3 718
1 123 41 75 42 65 1 719
0 51 68 73 71 75 3 720
0 124 70 37 68 39 3 721
0 128 5 37 6 35 3 722
0 139 92 17 90 35 3 723
0 53 30 53 28 58 3 724
1 143 36 11 29 11 1 725
0 55 87 3 84 4 3 726
0 58 47 50 47 47 3 727
1 56 67 42 66 38 1 728
1 26 68 41 71 37 1 729
1 9 50 59 55 41 1 730
1 57 34 12 25 12 2 731
1 35 58 38 59 44 3 732
1 90 65 94 67 92 2 733
1 82 69 68 70 73 1 734
1 84 50 41 50 34 1 735
0 130 65 42 63 43 3 736
1 64 63 22 61 23 3 737
0 50 55 52 51 60 3 738
0 81 66 93 65 95 3 739
1 72 49 65 49 69 1 740
1 128 40 48 34 37 1 741
0 68 57 27 51 42 3 742
1 94 62 31 67 35 3 743
0 24 55 46 56 41 3 744
1 106 7 53 6 50 6 745
1 16 29 51 31 50 1 746
1 100 98 19 98 16 6 747
0 90 41 50 36 49 3 748
1 9 52 18 48 21 3 749
1 15 53 49 50 51 1 750
0 49 37 13 41 13 3 751
0 38 53 33 54 31 3 752
0 54 5 68 5 65 3 753
1 140 57 14 54 16 1 754
1 21 51 46 48 51 1 755
1 19 68 32 67 34 1 756
0 27 6 43 5 60 5 757
0 71 53 27 51 21 3 758
1 4 62 49 58 38 1 759
1 36 51 75 60 52 1 760
1 102 47 44 47 50 1 761
0 14 58 38 54 43 3 762
0 73 59 36 55 42 3 763
1 40 68 34 70 36 5 764
1 36 27 42 27 33 4 765
1 49 7 38 6 55 2 766
0 97 46 4 34 5 3 767
1 49 7 42 7 29 1 768
1 109 45 4 39 5 1 769
0 3 61 39 63 26 3 770
1 78 36 15 43 11 1 771
0 0 59 36 60 31 3 772
1 31 56 40 53 44 1 773
0 18 91 32 90 47 3 774
0 27 69 6 78 6 3 775
0 104 55 43 57 37 3 776
1 24 54 44 51 49 1 777
0 128 50 37 55 36 5 778
1 127 52 55 57 43 2 779
1 96 50 48 53 47 1 780
1 62 42 3 51 2 1 781
0 107 6 62 5 60 3 782
0 45 63 49 64 51 3 783
1 116 7 39 6 57 5 784
0 120 58 50 57 52 3 785
1 92 73 37 73 30 6 786
0 52 51 41 60 40 4 787
0 53 43 11 40 11 3 788
0 60 47 57 51 52 3 789
0 4 49 28 52 25 3 790
1 92 51 28 82 22 2 791
1 7 56 30 50 34 1 792
1 108 60 2 55 2 4 793
0 66 51 25 55 25 3 794
1 48 28 49 27 51 1 795
0 140 72 66 70 67 3 796
0 78 30 52 25 28 3 797
1 96 69 6 65 4 2 798
1 27 4 68 5 66 1 799
1 74 41 20 39 19 2 800
1 57 98 16 98 19 1 801
0 97 54 51 55 49 6 802
1 102 53 31 54 44 6 803
1 94 5 64 5 68 1 804
0 120 52 57 51 48 4 805
0 18 5 71 7 65 3 806
1 64 58 37 49 42 1 807
0 38 59 24 59 32 3 808
0 108 5 33 5 37 3 809
0 132 56 47 58 46 3 810
1 8 4 38 5 36 4 811
0 51 33 48 33 45 3 812
1 135 46 43 43 54 2 813
0 19 70 72 98 64 3 814
0 18 60 41 59 43 3 815
1 122 6 64 6 68 1 816
0 20 88 3 86 5 3 817
1 97 45 62 49 53 2 818
1 79 61 18 60 16 2 819
0 105 33 34 43 36 3 820
1 22 33 51 30 52 3 821
0 88 46 3 38 3 3 822
1 141 48 56 53 22 6 823
1 131 52 26 51 31 1 824
0 108 68 47 67 41 3 825
0 84 64 49 63 54 3 826
0 114 71 30 37 16 3 827
1 102 38 49 34 55 1 828
0 58 63 31 53 26 3 829
1 54 55 38 54 40 2 830
0 42 56 2 59 1 3 831
1 96 28 59 29 53 2 832
1 14 52 50 44 50 1 833
1 56 51 80 56 80 1 834
1 62 60 43 56 51 1 835
0 34 59 28 60 26 3 836
0 7 32 46 30 53 3 837
0 28 63 44 67 33 3 838
0 136 6 57 6 45 5 839
1 68 44 3 30 4 2 840
1 35 48 34 57 23 6 841
0 123 46 2 49 2 5 842
1 117 51 60 53 46 1 843
1 97 98 23 98 19 2 844
1 128 59 27 39 24 2 845
0 46 98 17 98 25 3 846
0 38 50 28 45 29 4 847
1 96 41 11 34 14 1 848
1 39 43 11 36 13 4 849
1 7 85 92 86 90 1 850
0 68 68 32 68 37 3 851
1 57 45 27 42 35 2 852
1 25 60 30 60 27 1 853
1 39 40 45 41 41 2 854
0 75 67 37 68 41 3 855
1 109 88 93 87 90 1 856
0 141 92 30 91 33 3 857
0 37 57 38 56 40 3 858
1 25 65 75 70 72 1 859
0 118 6 27 5 37 3 860
1 136 53 40 55 43 5 861
0 36 44 51 47 50 3 862
1 141 58 33 57 35 1 863
1 30 48 54 49 52 2 864
0 90 64 34 55 31 3 865
0 9 6 48 7 52 3 866
1 140 63 54 68 39 1 867
1 137 33 50 32 47 1 868
0 61 59 19 56 20 4 869
0 63 67 93 63 93 3 870
1 23 60 14 58 11 2 871
1 107 49 47 40 39 3 872
1 77 56 2 59 2 1 873
0 34 31 78 49 78 3 874
1 50 43 54 46 59 6 875
1 83 56 30 51 25 5 876
1 16 92 32 91 30 2 877
0 120 91 31 90 36 3 878
1 39 63 30 56 37 2 879
0 55 67 47 69 36 3 880
0 85 53 41 56 42 3 881
1 79 78 90 87 91 1 882
1 56 71 36 70 34 1 883
1 116 46 2 28 2 5 884
1 35 53 80 56 80 1 885
1 30 55 23 54 25 1 886
0 93 60 38 57 37 3 887
1 118 62 1 59 1 4 888
0 88 66 43 63 44 3 889
1 126 31 15 63 22 1 890
1 18 54 58 60 51 3 891
0 111 58 51 57 48 3 892
1 103 61 28 56 29 1 893
0 55 62 2 66 4 3 894
0 92 71 37 60 42 3 895
1 7 7 49 6 65 2 896
0 92 61 28 69 35 3 897
1 16 56 65 59 53 2 898
0 97 56 25 52 29 3 899
0 97 40 54 38 50 3 900
0 38 52 54 48 52 3 901
1 19 72 68 70 73 1 902
1 85 27 59 28 68 1 903
0 56 6 33 6 13 3 904
0 7 36 43 35 45 3 905
1 59 54 40 65 40 1 906
0 108 32 51 33 48 3 907
0 33 65 15 60 19 3 908
1 57 42 31 37 39 2 909
1 128 60 24 61 28 5 910
0 7 6 30 6 25 3 911
0 28 63 16 53 21 3 912
1 124 55 41 57 39 1 913
1 102 50 54 49 56 3 914
1 91 45 38 45 35 2 915
1 73 55 31 12 30 1 916
0 93 90 36 91 38 3 917
1 105 43 3 51 2 2 918
0 52 56 40 53 52 3 919
1 51 48 53 31 42 1 920
1 128 62 44 56 50 1 921
1 27 58 19 63 17 1 922
1 28 62 35 55 40 1 923
1 136 55 40 15 20 6 924
0 95 30 55 28 57 3 925
0 115 98 18 98 23 3 926
1 46 68 35 68 41 1 927
0 112 57 35 55 38 3 928
0 19 48 30 46 32 5 929
1 72 98 20 98 17 2 930
0 48 47 59 49 54 3 931
0 38 51 34 49 36 3 932
1 116 6 45 6 63 4 933
1 95 63 35 66 29 2 934
1 32 56 64 49 84 2 935
0 52 41 12 40 10 3 936
1 65 63 39 47 30 1 937
1 24 59 30 61 32 1 938
0 10 51 47 56 59 3 939
0 101 67 38 64 43 3 940
1 63 47 2 54 1 1 941
1 142 71 40 69 33 1 942
0 83 60 29 38 54 3 943
1 120 63 32 43 19 1 944
1 122 55 74 61 70 1 945
1 87 55 53 41 65 6 946
1 118 58 19 41 26 1 947
1 65 6 33 5 24 1 948
0 75 69 43 65 24 3 949
1 38 33 36 56 37 1 950
0 99 29 53 31 51 3 951
0 73 67 41 69 36 3 952
1 77 58 27 59 31 1 953
0 42 63 44 62 49 3 954
0 11 28 48 31 44 3 955
1 46 46 60 32 55 1 956
0 119 36 19 53 17 3 957
0 71 46 53 23 20 3 958
1 68 56 31 53 34 3 959
0 81 1 95 2 97 3 960
0 95 51 2 47 2 6 961
0 27 5 61 5 65 3 962
1 116 46 20 49 19 1 963
1 54 29 39 51 27 2 964
1 68 54 41 48 55 5 965
1 49 39 29 38 39 2 966
0 139 50 56 51 54 4 967
0 13 59 2 63 1 3 968
1 126 31 49 32 51 2 969
1 53 56 18 52 21 1 970
0 70 64 76 62 79 3 971
1 60 43 59 53 67 2 972
1 88 50 18 48 21 5 973
1 70 31 50 29 53 1 974
1 45 62 39 51 46 1 975
0 111 48 37 52 34 3 976
1 5 53 60 56 64 5 977
1 96 45 59 49 53 1 978
0 11 58 80 44 81 3 979
1 56 47 60 49 56 4 980
0 62 62 47 59 47 3 981
1 96 43 38 36 48 1 982
1 137 6 68 5 62 1 983
1 109 60 74 58 75 1 984
0 44 58 1 61 1 3 985
0 104 41 11 40 13 3 986
0 14 30 60 33 48 3 987
0 131 41 12 38 12 3 988
0 74 6 36 6 33 3 989
1 35 52 24 47 30 2 990
0 46 63 40 64 38 3 991
0 61 29 24 22 24 3 992
0 29 54 25 64 31 5 993
0 5 33 57 46 53 3 994
0 53 47 46 47 53 3 995
0 93 61 2 58 1 3 996
1 44 67 42 60 61 6 997
1 66 59 41 70 36 2 998
0 76 7 39 7 44 3 999
1 94 29 33 27 72 1 1000
0 80 58 40 55 41 3 1001
1 51 67 34 68 40 1 1002
0 23 71 36 68 44 3 1003
0 129 50 43 55 44 3 1004
1 137 6 55 6 42 1 1005
0 16 40 44 44 38 4 1006
1 118 26 42 27 40 4 1007
0 115 53 43 55 45 3 1008
1 57 98 21 98 17 1 1009
1 34 87 4 81 2 6 1010
1 1 51 41 53 45 1 1011
0 51 54 76 63 69 5 1012
1 19 53 40 47 57 1 1013
0 40 47 54 51 48 3 1014
1 13 5 68 6 63 2 1015
1 103 68 39 66 36 1 1016
1 74 50 19 48 20 1 1017
0 136 6 46 6 54 3 1018
1 117 55 40 59 37 6 1019
0 6 62 32 58 39 3 1020
1 77 59 37 66 40 1 1021
1 14 89 93 86 92 1 1022
0 104 62 56 68 33 3 1023
0 20 62 50 54 48 3 1024
0 67 6 64 5 66 6 1025
1 122 58 38 56 43 1 1026
1 112 49 47 40 39 1 1027
1 140 60 38 60 31 1 1028
0 24 67 36 66 38 3 1029
1 102 55 52 62 47 1 1030
1 129 60 30 61 27 2 1031
0 60 68 36 67 42 3 1032
0 19 49 29 47 30 3 1033
1 117 60 31 58 34 1 1034
1 133 30 47 29 52 1 1035
1 131 31 45 31 56 1 1036
1 63 71 16 62 16 1 1037
1 77 53 47 48 41 3 1038
1 9 6 34 5 40 2 1039
0 34 54 48 53 55 3 1040
1 55 73 32 67 40 1 1041
1 74 47 22 45 21 1 1042
0 115 60 30 53 27 3 1043
1 97 32 45 31 47 1 1044
0 136 55 80 51 80 3 1045
0 129 43 55 32 56 3 1046
0 137 28 64 24 55 3 1047
1 90 8 26 25 16 1 1048
0 6 55 77 30 78 3 1049
0 74 5 41 6 39 3 1050
0 81 46 31 49 28 3 1051
0 25 55 45 55 42 3 1052
0 53 27 58 33 48 3 1053
0 141 63 38 62 31 3 1054
1 111 50 48 54 53 1 1055
0 0 60 23 61 18 3 1056
0 141 41 23 41 36 3 1057
1 141 50 37 47 56 5 1058
1 115 98 10 98 0 1 1059
0 64 63 21 60 24 3 1060
1 27 6 33 6 28 1 1061
0 143 49 80 57 61 3 1062
0 0 63 44 62 48 3 1063
1 122 6 63 5 68 1 1064
0 116 82 4 80 6 5 1065
1 43 60 42 57 48 1 1066
0 135 67 74 70 68 3 1067
0 49 49 47 47 50 3 1068
0 46 54 29 46 42 3 1069
1 6 43 36 42 41 1 1070
0 104 56 43 42 43 3 1071
0 92 31 46 25 38 3 1072
0 92 45 4 30 4 3 1073
0 28 98 10 98 22 3 1074
0 10 41 31 44 37 3 1075
0 64 57 28 61 28 3 1076
0 89 71 71 65 75 3 1077
0 140 65 67 73 70 3 1078
1 68 6 66 5 69 1 1079
1 114 72 38 71 35 1 1080
1 104 68 74 70 73 1 1081
0 1 69 76 68 73 3 1082
1 38 43 41 38 40 1 1083
0 33 5 81 3 76 4 1084
1 27 57 18 59 17 6 1085
1 53 52 48 52 41 5 1086
0 39 54 47 57 44 5 1087
1 32 26 25 51 25 1 1088
0 130 50 19 52 18 3 1089
1 102 6 42 6 36 1 1090
0 96 52 56 50 60 3 1091
1 3 59 30 62 33 1 1092
1 128 54 58 46 50 2 1093
0 0 27 49 33 44 3 1094
0 82 52 56 53 52 3 1095
0 41 50 51 52 55 3 1096
1 81 40 30 44 28 1 1097
1 132 68 41 66 44 5 1098
0 32 58 1 62 1 3 1099
0 141 87 4 87 1 3 1100
1 18 59 33 46 25 3 1101
1 108 69 76 67 75 2 1102
0 46 41 2 46 3 3 1103
0 49 60 33 31 15 3 1104
0 27 52 26 47 31 3 1105
0 69 52 47 47 57 4 1106
0 133 27 51 19 46 3 1107
0 118 67 93 65 94 3 1108
1 29 63 45 68 39 1 1109
0 48 50 47 50 52 3 1110
1 132 69 6 78 6 1 1111
0 18 91 38 92 30 3 1112
1 143 34 16 35 14 2 1113
0 40 57 20 46 24 3 1114
0 60 69 35 64 49 3 1115
1 50 31 45 30 48 2 1116
1 39 6 56 6 49 2 1117
1 40 46 4 48 3 5 1118
1 73 47 54 47 50 4 1119
1 48 30 47 31 45 2 1120
0 75 54 43 52 46 3 1121
1 122 41 21 46 24 1 1122
1 27 5 69 5 65 1 1123
0 130 52 41 49 39 3 1124
0 65 6 34 5 50 3 1125
0 109 60 46 57 49 3 1126
1 97 61 73 32 78 1 1127
0 5 88 94 86 92 3 1128
0 123 28 65 29 44 3 1129
1 9 52 49 57 36 2 1130
1 71 38 14 42 13 1 1131
0 95 51 75 33 65 3 1132
1 29 59 58 61 48 1 1133
0 29 64 51 63 55 3 1134
0 36 33 53 31 46 3 1135
1 111 55 31 58 24 2 1136
0 56 64 45 66 41 3 1137
0 24 48 40 57 45 6 1138
1 74 38 34 41 35 2 1139
0 89 37 13 40 13 3 1140
0 16 56 76 56 72 3 1141
1 42 43 12 39 12 1 1142
1 10 65 27 56 39 2 1143
0 69 81 6 83 4 3 1144
1 143 67 93 65 94 1 1145
1 112 6 46 6 43 1 1146
0 37 32 45 30 46 3 1147
0 2 46 63 47 60 3 1148
1 46 70 37 65 48 1 1149
1 143 49 20 40 20 1 1150
0 102 45 21 49 20 4 1151
1 27 6 29 7 31 1 1152
0 20 39 38 24 56 3 1153
0 121 61 40 58 45 3 1154
0 87 51 40 49 43 3 1155
0 4 56 24 51 30 3 1156
0 81 86 6 87 4 3 1157
1 51 62 36 61 38 1 1158
0 137 30 53 27 58 3 1159
0 126 50 55 47 60 5 1160
1 49 31 45 27 58 1 1161
0 113 58 25 48 38 5 1162
0 3 90 38 91 33 5 1163
0 93 6 36 5 38 3 1164
1 40 46 45 46 59 1 1165
0 143 27 51 30 48 3 1166
0 25 6 37 6 32 3 1167
1 18 91 42 91 26 1 1168
1 59 45 4 26 3 1 1169
0 1 71 42 69 40 3 1170
1 58 41 45 42 67 2 1171
1 64 45 50 33 57 3 1172
1 88 6 41 6 38 1 1173
1 11 45 77 42 77 1 1174
0 96 6 44 7 42 3 1175
0 60 59 37 49 43 3 1176
1 61 37 12 15 11 2 1177
1 60 54 50 53 44 2 1178
1 136 7 41 6 43 1 1179
0 38 61 27 54 32 3 1180
1 112 60 41 58 47 1 1181
0 3 67 44 63 43 3 1182
0 112 69 40 64 53 3 1183
0 123 54 52 45 65 3 1184
1 9 62 38 60 30 1 1185
0 28 98 16 98 13 3 1186
1 83 56 79 50 78 2 1187
0 11 47 60 43 61 3 1188
0 15 60 43 58 54 3 1189
1 54 6 36 6 27 3 1190
1 66 60 16 58 18 5 1191
0 28 68 33 68 40 3 1192
1 139 37 44 43 38 1 1193
1 102 51 59 44 61 2 1194
1 123 31 51 30 45 5 1195
1 47 44 31 46 32 1 1196
0 121 63 31 67 34 3 1197
0 40 63 44 54 43 3 1198
0 8 12 1 27 2 3 1199
0 124 48 19 51 19 3 1200
1 35 57 80 53 80 1 1201
0 112 5 69 6 66 3 1202
1 47 57 2 51 2 1 1203
0 127 53 62 49 69 3 1204
0 95 5 73 6 68 4 1205
1 26 67 50 56 28 1 1206
0 21 56 80 52 80 3 1207
1 111 52 47 49 39 1 1208
1 97 48 56 44 54 1 1209
0 55 29 48 22 47 3 1210
1 22 57 45 52 58 1 1211
0 108 91 17 93 11 3 1212
0 132 87 3 85 2 3 1213
1 79 39 46 41 38 2 1214
0 39 67 39 69 40 3 1215
0 13 66 93 61 93 3 1216
1 48 61 42 62 46 1 1217
1 102 50 36 52 30 1 1218
1 95 59 42 47 54 1 1219
0 76 61 40 55 52 3 1220
0 132 69 36 71 33 5 1221
1 11 51 46 53 44 1 1222
1 25 6 51 6 59 2 1223
0 99 6 37 6 40 3 1224
0 38 60 31 58 33 3 1225
0 119 62 53 67 51 3 1226
0 72 98 19 98 16 3 1227
0 98 55 53 46 60 3 1228
1 13 32 57 45 48 2 1229
1 113 57 25 56 31 5 1230
1 84 42 58 46 41 5 1231
1 94 32 56 28 58 6 1232
1 52 64 43 62 47 2 1233
1 13 5 64 6 66 1 1234
0 43 72 68 70 72 3 1235
0 79 41 38 42 34 3 1236
0 124 63 23 55 33 3 1237
0 65 6 38 6 30 3 1238
1 101 47 37 56 42 2 1239
1 57 55 43 58 33 3 1240
0 111 54 53 55 47 3 1241
1 12 60 30 62 26 1 1242
1 14 62 37 58 27 1 1243
1 2 50 19 34 24 3 1244
1 121 32 45 32 48 2 1245
0 26 57 37 54 45 3 1246
1 109 36 14 38 13 2 1247
1 61 74 67 71 68 4 1248
0 79 65 46 66 52 5 1249
0 112 58 40 49 43 3 1250
1 133 55 80 47 80 4 1251
1 67 61 32 60 34 2 1252
0 35 98 19 98 14 3 1253
0 33 61 42 62 44 3 1254
1 98 57 29 53 31 1 1255
0 15 62 31 61 34 3 1256
0 101 52 46 60 41 3 1257
1 82 71 73 69 71 1 1258
1 32 38 14 43 12 1 1259
0 142 62 39 49 38 3 1260
1 83 6 30 5 34 1 1261
0 132 56 73 54 77 3 1262
0 97 49 28 54 24 3 1263
1 55 38 41 45 35 2 1264
0 10 43 35 41 36 3 1265
0 114 73 66 68 72 3 1266
1 139 5 39 6 42 1 1267
0 32 57 72 58 75 3 1268
1 121 6 38 5 55 1 1269
0 24 49 52 52 48 5 1270
1 92 42 29 52 23 2 1271
0 33 50 20 47 21 3 1272
1 23 69 35 70 29 1 1273
1 81 6 60 5 69 1 1274
1 132 66 46 71 38 1 1275
0 74 42 29 41 36 3 1276
1 80 29 47 32 41 1 1277
0 104 64 41 59 43 3 1278
1 84 56 47 54 49 1 1279
0 107 6 39 6 46 3 1280
0 63 6 35 5 12 3 1281
1 14 51 63 55 50 1 1282
0 127 55 37 42 56 3 1283
1 134 66 93 65 91 3 1284
1 82 66 39 70 42 1 1285
0 20 6 50 4 57 4 1286
0 5 69 71 67 74 3 1287
0 64 52 36 51 45 3 1288
1 96 69 45 61 34 1 1289
1 122 6 66 3 68 2 1290
1 74 54 65 51 75 1 1291
1 125 92 30 86 53 1 1292
0 68 33 41 30 46 3 1293
1 58 77 6 80 5 1 1294
1 37 59 41 57 40 4 1295
0 48 67 41 54 40 3 1296
1 135 56 47 53 44 2 1297
1 50 46 32 42 27 1 1298
0 4 53 42 47 64 3 1299
0 39 45 61 40 45 3 1300
0 65 64 41 57 37 3 1301
0 24 54 40 56 38 3 1302
1 35 51 80 54 80 2 1303
1 120 5 37 7 33 2 1304
1 114 53 44 55 47 1 1305
1 63 56 73 53 79 6 1306
1 10 47 52 50 49 5 1307
0 98 60 38 49 50 3 1308
0 27 5 71 4 76 3 1309
0 61 68 71 70 73 3 1310
0 25 47 42 38 53 3 1311
0 0 6 28 6 34 3 1312
1 33 62 42 64 52 3 1313
0 51 81 4 71 6 3 1314
0 107 46 44 44 63 6 1315
1 0 72 70 71 68 1 1316
0 108 91 37 91 30 3 1317
1 109 38 3 46 3 1 1318
1 87 62 28 56 32 1 1319
0 80 35 13 43 11 4 1320
0 66 65 44 66 48 3 1321
0 22 30 31 29 27 6 1322
1 38 37 42 39 46 1 1323
1 72 54 58 56 40 1 1324
0 140 70 35 69 32 3 1325
0 70 45 4 42 4 3 1326
0 27 6 37 5 54 5 1327
0 93 29 62 23 84 3 1328
1 88 48 2 53 1 4 1329
0 93 45 29 42 34 3 1330
1 80 48 4 43 4 5 1331
1 115 58 60 59 55 1 1332
0 80 54 40 61 33 5 1333
0 130 57 52 58 47 3 1334
0 70 6 33 6 42 3 1335
1 128 62 37 64 35 1 1336
0 130 57 18 62 17 3 1337
0 68 60 34 54 26 3 1338
0 106 68 23 64 12 3 1339
0 31 65 1 60 1 6 1340
0 76 87 93 89 92 3 1341
1 110 43 43 39 41 1 1342
1 102 59 20 58 36 2 1343
1 86 6 31 6 28 1 1344
0 22 30 48 32 50 3 1345
1 108 90 21 90 26 6 1346
1 78 70 23 69 27 1 1347
0 108 3 96 1 95 3 1348
0 65 6 34 6 31 4 1349
0 126 58 73 57 71 6 1350
1 132 59 32 54 37 3 1351
1 108 34 41 32 45 2 1352
0 35 55 26 49 28 3 1353
1 2 82 5 80 6 1 1354
1 136 35 13 39 14 2 1355
0 24 50 52 47 58 3 1356
0 102 51 52 52 49 3 1357
0 42 62 2 67 2 3 1358
0 26 92 27 91 37 3 1359
0 125 60 39 58 45 3 1360
1 79 58 44 66 42 5 1361
1 111 47 56 48 52 2 1362
1 64 54 45 55 40 2 1363
1 87 47 59 49 53 1 1364
1 7 67 93 65 90 1 1365
0 53 54 46 55 27 4 1366
1 82 57 2 48 2 4 1367
0 18 39 13 34 16 3 1368
1 100 68 36 64 42 4 1369
0 53 40 34 42 56 3 1370
1 49 6 53 6 58 4 1371
1 5 64 1 59 2 2 1372
1 19 45 21 48 21 1 1373
0 91 47 56 42 61 5 1374
1 131 57 53 56 48 2 1375
1 11 46 54 31 55 1 1376
1 13 5 70 5 74 2 1377
0 72 54 35 49 36 3 1378
0 67 28 53 30 50 3 1379
0 100 67 74 64 69 3 1380
0 39 62 42 62 47 3 1381
0 35 54 44 56 43 3 1382
1 142 58 37 57 40 2 1383
1 15 52 39 47 35 1 1384
1 74 41 3 47 3 2 1385
0 141 49 3 45 4 3 1386
1 7 50 24 53 18 4 1387
1 75 57 30 55 27 1 1388
1 129 69 40 67 44 1 1389
1 5 50 51 53 53 1 1390
1 128 31 40 29 47 5 1391
0 28 51 48 45 74 3 1392
0 108 68 38 65 41 3 1393
0 19 92 29 91 32 3 1394
1 53 49 57 50 53 3 1395
1 132 69 41 66 51 3 1396
1 33 42 59 33 57 1 1397
0 3 47 42 45 45 3 1398
1 79 30 54 25 49 1 1399
0 93 63 0 55 1 3 1400
1 13 54 44 56 42 1 1401
1 13 59 1 64 1 1 1402
1 97 57 74 60 76 2 1403
1 44 73 66 70 73 2 1404
0 86 48 79 46 82 3 1405
0 126 60 32 62 31 3 1406
0 110 61 24 61 27 3 1407
1 39 87 93 88 91 2 1408
1 98 60 24 54 28 2 1409
0 12 42 4 21 3 3 1410
1 32 31 12 26 13 2 1411
1 132 70 36 72 34 4 1412
0 24 54 41 56 39 3 1413
0 13 68 38 75 30 5 1414
1 51 54 54 59 43 2 1415
1 83 31 47 30 58 2 1416
1 119 70 36 65 45 5 1417
0 104 69 40 66 42 3 1418
0 111 62 40 60 44 3 1419
1 2 52 43 59 43 1 1420
1 141 50 48 44 49 5 1421
0 93 90 26 92 27 3 1422
1 14 57 15 44 18 2 1423
1 78 91 25 92 33 2 1424
0 67 54 54 62 38 3 1425
1 126 68 36 68 40 2 1426
1 18 57 47 54 55 2 1427
0 115 55 40 56 38 3 1428
1 95 46 3 40 3 2 1429
1 133 60 38 61 36 1 1430
0 28 44 4 46 3 3 1431
0 135 30 54 28 59 3 1432
1 4 40 13 42 12 2 1433
0 92 52 20 50 19 3 1434
0 88 56 66 62 43 3 1435
0 1 55 43 54 31 3 1436
1 11 51 52 47 60 1 1437
0 5 67 42 57 37 3 1438
0 23 69 38 69 35 3 1439
1 85 56 42 65 28 2 1440
1 12 30 47 27 48 1 1441
0 22 56 38 59 34 3 1442
1 96 47 49 41 42 1 1443
0 32 67 33 67 36 3 1444
0 38 65 76 72 71 3 1445
1 94 5 68 5 61 1 1446
0 128 6 32 6 27 3 1447
0 128 62 41 53 45 3 1448
0 63 90 36 92 34 3 1449
0 60 54 55 58 53 6 1450
1 133 49 54 11 60 5 1451
0 84 48 78 50 79 3 1452
1 104 68 34 60 50 1 1453
0 117 49 56 47 57 3 1454
1 54 28 18 33 19 2 1455
0 67 6 64 5 67 3 1456
1 60 30 59 31 56 2 1457
1 39 49 48 51 45 1 1458
1 102 46 27 44 30 3 1459
0 79 25 58 26 55 3 1460
0 125 57 38 51 43 3 1461
0 92 73 4 76 4 3 1462
1 111 49 39 54 46 1 1463
0 50 70 34 68 48 3 1464
0 46 62 1 57 2 5 1465
1 58 55 46 46 60 1 1466
0 108 27 61 22 79 3 1467
1 75 30 14 33 27 6 1468
1 93 6 33 5 36 6 1469
1 96 28 49 32 42 5 1470
1 3 6 40 6 45 1 1471
1 14 57 40 63 34 5 1472
0 52 66 42 70 35 3 1473
1 74 60 23 60 28 1 1474
0 59 36 12 23 10 3 1475
1 56 68 32 63 44 4 1476
1 64 47 53 42 68 1 1477
1 10 50 35 48 40 1 1478
1 85 56 75 54 79 1 1479
0 1 6 66 5 68 3 1480
1 9 21 19 12 40 1 1481
1 65 60 50 50 49 1 1482
0 54 60 49 61 53 3 1483
1 50 47 30 43 40 1 1484
1 42 49 53 36 63 2 1485
0 142 5 46 6 43 3 1486
0 91 44 17 63 47 3 1487
1 107 47 60 48 68 1 1488
0 112 53 24 46 32 3 1489
1 23 50 42 49 44 4 1490
0 94 31 44 31 48 3 1491
1 2 62 41 64 42 1 1492
0 115 52 25 55 26 3 1493
1 97 51 50 48 53 5 1494
0 126 48 52 50 50 3 1495
0 4 47 2 51 2 3 1496
1 0 92 33 92 24 3 1497
1 54 59 23 60 27 1 1498
1 74 53 81 55 76 2 1499
1 137 47 80 52 76 1 1500
1 87 53 35 56 38 2 1501
1 35 60 37 58 39 2 1502
1 16 68 34 58 60 2 1503
1 75 56 1 62 1 1 1504
0 106 56 62 54 57 3 1505
1 62 58 23 62 25 1 1506
0 44 70 74 68 77 5 1507
1 41 59 47 62 35 1 1508
1 135 52 47 51 55 5 1509
0 64 33 48 31 42 5 1510
0 46 52 53 43 64 3 1511
0 103 56 78 52 77 3 1512
1 52 51 58 43 52 3 1513
0 48 92 31 90 42 3 1514
0 67 53 47 52 44 5 1515
0 116 53 22 28 28 4 1516
1 125 69 32 71 34 1 1517
1 115 59 76 59 71 4 1518
1 52 57 40 55 48 1 1519
0 35 72 35 70 36 3 1520
0 59 68 73 70 72 3 1521
1 4 47 51 24 25 1 1522
0 140 57 18 60 18 3 1523
0 4 51 26 54 26 3 1524
1 47 6 58 6 51 1 1525
0 40 61 70 59 73 3 1526
0 59 80 6 70 6 3 1527
1 48 57 34 59 35 1 1528
0 57 64 31 62 22 6 1529
1 96 47 3 37 4 1 1530
1 11 55 77 50 79 1 1531
1 36 58 49 60 46 2 1532
0 69 68 78 70 72 3 1533
0 128 58 31 59 25 3 1534
1 42 65 52 49 63 2 1535
1 11 41 4 45 4 3 1536
0 72 55 38 44 50 3 1537
1 14 44 40 31 15 2 1538
0 20 43 30 40 37 3 1539
0 141 66 8 54 22 4 1540
0 12 57 35 57 45 3 1541
0 133 50 60 47 58 3 1542
1 135 68 42 69 40 1 1543
0 33 92 34 92 26 3 1544
0 18 92 27 92 23 3 1545
1 30 51 55 35 43 2 1546
1 10 72 67 74 66 1 1547
0 85 46 54 46 50 3 1548
1 43 57 49 60 54 2 1549
1 14 98 16 98 25 4 1550
0 76 6 48 6 34 3 1551
1 14 63 44 59 47 1 1552
0 134 82 6 78 7 6 1553
0 82 66 28 60 39 3 1554
0 85 55 74 58 75 3 1555
0 115 52 42 53 46 5 1556
0 10 37 41 38 39 6 1557
1 64 30 45 33 44 2 1558
1 110 88 3 86 4 3 1559
1 27 66 42 66 38 1 1560
0 21 87 93 86 91 3 1561
0 132 62 16 59 17 3 1562
0 121 6 36 3 29 6 1563
1 116 49 2 36 2 2 1564
1 122 31 56 30 62 1 1565
0 106 6 47 6 35 5 1566
1 14 54 45 54 39 1 1567
0 24 45 34 41 41 4 1568
0 35 45 34 53 29 3 1569
1 44 58 23 69 11 5 1570
1 92 55 79 58 75 1 1571
0 121 64 47 65 44 3 1572
1 20 65 23 66 50 1 1573
1 130 6 38 6 43 5 1574
0 93 85 93 88 93 3 1575
0 123 43 54 45 50 3 1576
0 27 62 41 53 31 3 1577
1 112 30 35 34 45 1 1578
0 32 51 19 46 20 3 1579
1 92 59 17 63 17 3 1580
1 79 98 21 98 25 1 1581
1 108 91 41 91 37 1 1582
1 131 61 42 63 35 2 1583
1 13 56 46 54 41 1 1584
1 5 43 4 37 4 1 1585
1 37 58 37 53 45 2 1586
0 55 81 5 79 4 3 1587
0 132 69 38 67 37 3 1588
0 80 46 30 48 33 3 1589
1 143 30 45 23 61 5 1590
0 18 60 49 61 52 3 1591
1 40 53 17 59 15 5 1592
1 23 36 4 22 4 6 1593
0 50 51 27 46 30 3 1594
0 106 50 48 53 46 3 1595
0 60 50 2 29 2 3 1596
0 55 68 41 66 43 4 1597
1 94 86 4 86 7 1 1598
1 30 90 22 89 36 1 1599
0 112 47 32 42 36 3 1600
0 100 77 6 80 5 3 1601
0 71 69 36 64 43 3 1602
1 11 51 53 50 50 1 1603
1 52 34 56 27 33 1 1604
0 135 63 47 60 43 3 1605
1 91 57 43 72 52 1 1606
0 97 47 30 49 28 6 1607
1 62 59 30 58 28 2 1608
1 108 5 71 6 67 5 1609
1 134 59 37 52 40 1 1610
1 24 50 49 52 46 1 1611
1 135 56 50 53 39 2 1612
0 33 81 5 78 6 3 1613
1 29 6 37 6 33 1 1614
0 24 55 40 62 31 3 1615
1 61 34 45 32 46 2 1616
0 77 51 59 51 55 3 1617
1 136 7 39 6 42 5 1618
1 64 28 48 30 44 1 1619
0 120 43 11 41 12 3 1620
1 76 60 1 56 2 2 1621
1 99 50 18 52 12 2 1622
1 126 54 56 56 53 1 1623
1 121 47 19 45 20 1 1624
1 100 48 21 46 20 1 1625
1 126 6 36 5 44 1 1626
0 49 57 80 48 80 3 1627
1 140 46 44 45 48 1 1628
1 89 51 31 50 28 1 1629
1 19 51 48 47 60 4 1630
1 14 57 19 52 19 5 1631
0 108 61 36 50 36 3 1632
0 40 53 34 50 40 3 1633
0 121 42 41 43 36 4 1634
0 134 28 49 31 50 3 1635
1 46 98 23 98 20 1 1636
0 53 52 40 55 30 3 1637
1 0 62 25 54 43 5 1638
1 105 44 30 45 33 1 1639
1 35 50 28 51 24 2 1640
1 72 47 21 49 19 1 1641
0 83 54 28 56 27 3 1642
0 132 49 43 53 44 3 1643
1 93 42 39 37 41 1 1644
1 122 61 51 61 47 4 1645
0 120 68 36 62 47 3 1646
0 48 92 25 90 34 5 1647
1 52 69 46 64 48 4 1648
0 72 57 39 54 40 6 1649
1 102 53 41 48 39 1 1650
1 126 56 78 58 76 6 1651
1 97 55 27 56 21 2 1652
0 48 52 48 41 30 3 1653
1 61 45 4 36 4 1 1654
0 14 90 37 90 42 3 1655
1 92 14 63 45 81 6 1656
0 122 44 29 40 44 3 1657
1 96 33 44 28 48 5 1658
0 52 44 2 48 1 3 1659
1 40 55 74 58 75 5 1660
0 79 38 45 39 37 6 1661
0 115 98 25 98 22 3 1662
0 101 44 37 42 38 3 1663
1 18 40 38 41 31 1 1664
0 2 33 47 28 59 3 1665
1 136 41 11 37 11 1 1666
0 5 51 77 54 76 3 1667
0 101 54 44 53 22 3 1668
1 23 53 25 48 31 1 1669
0 94 90 36 90 42 3 1670
1 92 69 37 71 33 1 1671
1 18 56 38 55 40 1 1672
1 38 42 2 27 2 5 1673
1 38 71 73 74 66 1 1674
1 0 33 45 32 48 2 1675
0 3 53 45 61 37 3 1676
0 56 98 22 98 19 3 1677
0 33 60 26 63 25 3 1678
1 17 59 77 54 77 1 1679
1 99 65 94 65 91 1 1680
0 37 47 67 54 42 3 1681
0 66 51 30 48 34 3 1682
0 63 91 33 91 40 3 1683
0 63 52 77 49 79 3 1684
0 93 39 38 34 25 5 1685
1 48 6 54 6 57 1 1686
0 104 47 55 49 30 3 1687
1 115 98 19 98 23 4 1688
0 94 45 34 46 29 3 1689
0 12 32 56 33 50 3 1690
1 92 63 45 53 43 1 1691
1 37 71 38 63 8 2 1692
0 86 65 33 59 38 3 1693
0 86 86 95 82 94 3 1694
1 114 98 17 98 22 1 1695
1 34 6 54 6 19 3 1696
0 51 59 31 54 34 3 1697
1 52 86 5 93 3 1 1698
1 108 30 60 27 58 2 1699
0 17 56 76 32 78 3 1700
0 24 57 18 61 19 3 1701
0 23 62 39 61 32 3 1702
1 24 40 41 42 40 1 1703
1 107 55 44 53 49 2 1704
0 41 58 41 56 50 3 1705
1 72 52 58 46 60 3 1706
0 53 55 38 52 39 3 1707
0 119 6 37 6 31 3 1708
1 130 6 57 5 61 1 1709
1 25 33 50 32 55 4 1710
1 111 57 30 61 23 1 1711
0 108 62 30 62 39 3 1712
1 143 34 80 40 80 5 1713
1 16 69 36 67 38 1 1714
1 34 61 49 63 47 1 1715
0 67 6 32 4 49 3 1716
1 24 48 43 55 46 1 1717
0 96 65 40 61 58 5 1718
1 104 55 50 50 48 1 1719
1 133 59 34 61 31 1 1720
1 53 45 34 47 36 5 1721
1 63 90 37 92 31 1 1722
1 87 98 20 98 23 1 1723
1 111 6 28 5 39 3 1724
1 118 46 54 47 50 1 1725
0 9 48 48 48 56 3 1726
0 16 48 55 99 35 3 1727
0 69 98 19 98 14 3 1728
1 113 52 33 25 25 1 1729
0 10 48 4 44 4 3 1730
1 106 53 43 52 45 1 1731
0 91 54 44 26 41 3 1732
0 37 31 45 34 42 3 1733
0 51 44 66 69 73 3 1734
0 112 35 13 38 12 5 1735
0 112 50 28 51 26 3 1736
1 0 6 64 5 67 1 1737
0 57 66 50 61 61 3 1738
1 95 56 41 56 46 2 1739
0 62 41 50 37 71 3 1740
0 134 49 4 43 4 3 1741
0 67 56 80 78 80 3 1742
0 96 43 58 32 57 5 1743
0 63 68 72 67 76 3 1744
0 105 51 22 49 23 5 1745
1 88 48 26 62 31 1 1746
1 21 62 51 56 49 1 1747
1 43 5 37 5 40 1 1748
0 112 42 58 41 68 3 1749
1 82 67 79 62 84 3 1750
0 117 44 63 56 40 3 1751
0 105 66 44 59 45 3 1752
1 125 54 44 57 39 1 1753
0 88 62 42 59 48 5 1754
1 7 30 54 29 57 3 1755
1 10 41 3 43 2 1 1756
1 111 52 56 47 69 2 1757
0 87 42 27 51 24 3 1758
1 100 69 33 60 28 1 1759
1 92 56 30 47 29 1 1760
1 131 88 92 82 94 1 1761
1 79 33 42 32 33 1 1762
0 104 57 49 56 53 3 1763
1 74 42 3 37 4 2 1764
1 107 45 52 49 36 1 1765
1 50 57 62 40 52 1 1766
0 63 44 78 42 81 3 1767
0 79 45 63 37 92 3 1768
1 68 58 70 58 76 1 1769
1 72 50 53 48 57 5 1770
0 124 90 22 92 34 3 1771
1 28 46 54 32 56 4 1772
0 96 55 36 59 40 3 1773
0 92 67 41 58 38 3 1774
0 57 55 36 52 40 3 1775
0 79 6 68 6 65 3 1776
0 115 37 4 46 4 3 1777
1 43 60 39 62 46 2 1778
0 93 58 31 62 24 3 1779
1 51 69 36 63 43 1 1780
0 62 55 42 54 39 3 1781
1 56 49 18 47 19 1 1782
0 93 37 40 46 29 5 1783
0 34 58 71 56 77 3 1784
0 54 6 66 7 64 3 1785
1 88 55 53 53 23 1 1786
0 7 32 47 32 55 4 1787
1 123 49 27 55 27 3 1788
0 53 57 35 52 39 3 1789
1 139 5 61 6 64 1 1790
0 124 27 65 32 49 3 1791
0 32 70 6 78 6 6 1792
1 98 53 27 54 38 1 1793
0 2 34 46 29 30 6 1794
0 34 4 68 6 62 3 1795
1 88 67 35 65 27 2 1796
1 137 62 48 48 44 1 1797
0 6 62 30 55 41 3 1798
1 129 46 55 49 47 1 1799
1 69 98 24 98 20 1 1800
1 94 72 34 71 38 2 1801
0 139 65 1 60 2 3 1802
0 1 56 18 63 18 3 1803
1 141 51 23 56 29 1 1804
1 65 28 67 30 64 1 1805
1 136 6 37 6 26 3 1806
1 81 5 70 6 67 1 1807
1 7 33 50 31 46 6 1808
1 14 87 93 86 95 2 1809
0 102 58 45 57 38 3 1810
0 115 39 53 45 52 3 1811
0 87 51 51 50 65 5 1812
0 99 50 52 50 28 3 1813
0 77 60 58 62 41 3 1814
0 26 51 50 49 54 3 1815
1 61 55 35 56 30 1 1816
1 71 56 35 55 26 1 1817
0 121 6 39 6 33 5 1818
0 54 40 5 46 4 3 1819
0 70 45 36 43 34 3 1820
1 129 98 16 98 21 5 1821
1 141 45 48 47 50 1 1822
1 43 46 31 50 25 1 1823
1 62 62 1 65 1 1 1824
0 24 50 2 47 2 6 1825
1 68 57 39 53 39 5 1826
1 6 71 74 64 64 1 1827
0 52 61 38 54 39 3 1828
1 115 62 37 51 38 1 1829
0 24 61 27 55 31 3 1830
1 74 58 52 61 44 1 1831
1 108 27 59 31 52 1 1832
1 66 50 19 48 20 1 1833
0 13 64 46 69 38 3 1834
0 121 37 43 41 43 5 1835
0 128 60 1 55 2 3 1836
0 25 30 45 11 45 3 1837
0 51 27 70 28 68 3 1838
1 74 6 35 6 32 5 1839
0 129 56 19 59 17 3 1840
0 34 60 73 58 75 3 1841
1 81 27 2 49 2 1 1842
1 126 59 19 61 18 1 1843
0 128 25 22 33 28 6 1844
0 141 58 36 47 40 3 1845
0 18 69 42 68 37 3 1846
0 73 32 45 31 50 3 1847
1 10 54 25 51 27 1 1848
1 76 56 52 56 64 1 1849
0 106 6 56 7 21 3 1850
1 111 72 24 69 22 2 1851
1 8 61 16 63 17 3 1852
1 67 61 44 39 53 2 1853
1 0 6 36 5 44 1 1854
0 115 60 15 59 13 3 1855
1 128 68 33 55 38 1 1856
0 7 55 39 54 33 3 1857
0 66 70 72 64 76 3 1858
1 7 58 54 59 46 1 1859
0 27 63 70 60 76 3 1860
0 62 59 19 53 21 3 1861
0 46 48 4 17 2 5 1862
1 115 48 56 48 40 2 1863
0 29 52 44 53 36 3 1864
1 14 61 27 63 24 1 1865
1 68 57 32 56 30 5 1866
0 116 58 44 62 44 3 1867
0 139 5 35 6 37 3 1868
1 55 6 37 6 33 1 1869
0 128 34 41 30 46 3 1870
1 83 64 27 56 40 4 1871
0 37 42 41 39 43 4 1872
0 22 32 55 26 68 3 1873
1 49 56 31 60 27 1 1874
1 93 90 37 91 35 1 1875
0 49 31 31 31 34 3 1876
0 46 35 16 61 33 3 1877
1 111 47 51 51 56 4 1878
1 5 54 43 60 41 1 1879
0 142 51 60 48 66 3 1880
1 32 60 46 56 51 1 1881
0 98 61 45 55 40 5 1882
1 128 55 36 49 35 5 1883
0 81 51 50 51 59 3 1884
0 122 49 34 33 35 3 1885
1 139 55 51 55 41 2 1886
1 91 55 41 59 36 2 1887
0 92 55 18 58 20 6 1888
0 11 43 4 40 5 5 1889
0 68 52 59 54 47 3 1890
1 114 70 68 67 73 1 1891
1 95 70 74 68 73 1 1892
0 109 7 47 6 52 4 1893
0 101 33 48 31 51 3 1894
0 117 58 44 54 42 3 1895
0 6 68 77 71 63 3 1896
0 79 67 49 68 24 3 1897
0 31 63 2 61 1 6 1898
0 0 63 24 61 23 3 1899
0 11 51 61 49 65 5 1900
0 38 83 93 78 92 3 1901
1 10 44 2 48 2 1 1902
0 116 47 20 51 19 4 1903
1 32 31 43 27 51 1 1904
1 108 63 1 54 2 4 1905
0 92 47 4 44 3 5 1906
1 105 67 51 72 41 1 1907
0 32 61 50 60 39 3 1908
1 57 98 14 98 26 6 1909
0 18 53 56 46 92 3 1910
0 32 58 47 60 48 3 1911
1 35 54 80 43 80 2 1912
1 27 54 27 47 31 1 1913
0 11 30 50 31 45 3 1914
1 112 57 22 40 44 5 1915
0 96 55 36 55 39 3 1916
1 122 64 1 56 2 3 1917
0 116 6 41 6 48 3 1918
0 21 54 58 53 55 3 1919
1 44 63 33 56 41 1 1920
1 22 59 17 57 18 1 1921
1 52 41 12 30 13 1 1922
1 48 59 42 51 53 1 1923
0 46 52 61 58 54 3 1924
0 24 54 37 57 38 3 1925
1 138 59 25 55 32 2 1926
0 8 57 29 60 30 5 1927
0 32 40 12 34 14 3 1928
1 103 62 23 61 26 1 1929
0 137 81 6 77 6 3 1930
0 35 57 2 51 1 3 1931
0 38 91 36 91 41 3 1932
1 78 82 5 77 6 5 1933
1 91 56 42 58 43 1 1934
0 106 80 6 69 6 3 1935
1 138 52 83 61 74 1 1936
0 61 32 78 53 76 3 1937
1 66 51 31 49 32 1 1938
0 110 87 4 82 4 3 1939
0 5 44 20 48 19 3 1940
0 50 51 26 54 19 3 1941
1 32 33 44 31 48 1 1942
1 79 49 55 52 46 1 1943
0 97 51 28 45 35 3 1944
1 65 55 42 40 49 1 1945
0 61 59 27 44 50 3 1946
0 13 58 80 47 80 3 1947
0 71 49 33 51 32 3 1948
1 10 61 36 41 66 1 1949
1 81 49 34 47 29 1 1950
1 115 54 46 49 57 1 1951
0 10 42 24 42 30 3 1952
1 133 61 40 58 37 2 1953
1 78 26 50 32 46 1 1954
1 61 81 6 78 7 2 1955
0 33 91 25 91 33 3 1956
0 143 48 3 41 4 3 1957
0 21 59 47 57 49 3 1958
0 40 46 19 35 18 3 1959
0 130 52 19 46 20 3 1960
1 46 63 35 61 40 1 1961
1 121 5 19 5 15 1 1962
1 93 59 30 59 27 1 1963
1 26 73 39 63 47 1 1964
1 117 46 61 48 55 5 1965
1 39 55 31 54 28 1 1966
1 7 52 60 49 66 1 1967
1 29 52 46 43 63 1 1968
1 9 44 31 46 36 1 1969
0 53 51 42 51 47 3 1970
1 76 65 76 69 72 1 1971
0 70 52 75 65 65 3 1972
1 68 51 49 54 43 4 1973
0 97 52 57 49 63 3 1974
1 118 51 31 56 22 2 1975
0 22 31 56 31 46 3 1976
0 21 61 32 55 41 3 1977
1 107 42 31 45 33 1 1978
1 83 6 40 5 37 1 1979
1 28 48 44 58 36 1 1980
0 12 69 34 65 32 3 1981
1 10 53 30 51 27 4 1982
0 47 6 44 6 47 3 1983
0 52 56 42 50 46 6 1984
0 19 73 69 72 67 3 1985
0 1 66 91 64 92 3 1986
0 127 42 9 43 11 3 1987
1 21 37 42 43 35 1 1988
0 25 59 27 63 20 3 1989
1 60 64 43 69 38 1 1990
1 136 54 40 50 55 1 1991
0 88 55 37 54 39 3 1992
0 84 54 32 48 31 4 1993
0 11 30 59 32 53 3 1994
1 10 56 49 55 53 1 1995
0 120 57 40 55 42 6 1996
0 20 54 33 46 42 3 1997
1 2 49 80 46 80 5 1998
1 80 29 54 27 49 6 1999
