1 19 40 4 46 4 1 0
0 112 52 42 62 40 3 1
0 97 88 92 81 92 3 2
0 70 56 52 58 33 3 3
1 128 6 67 6 64 1 4
0 28 53 76 57 76 3 5
0 14 52 41 49 40 3 6
0 78 55 38 60 39 3 7
0 108 91 31 90 35 3 8
0 113 56 34 59 35 3 9
0 17 30 77 56 77 3 10
1 90 54 46 52 43 1 11
0 100 64 41 67 40 3 12
1 18 51 61 57 59 1 13
1 51 46 4 37 4 1 14
1 100 98 19 98 16 1 15
1 128 59 26 61 28 1 16
0 5 53 26 28 31 3 17
1 69 52 37 59 36 1 18
0 26 71 38 70 40 3 19
1 126 58 35 60 34 1 20
0 46 61 73 59 72 3 21
1 24 44 37 43 34 1 22
1 135 98 25 98 22 1 23
0 131 34 44 30 51 3 24
0 9 6 47 6 50 3 25
1 4 53 27 46 31 5 26
0 39 56 48 55 45 3 27
0 72 51 56 47 40 3 28
1 82 42 46 45 47 2 29
0 121 6 31 6 25 3 30
0 59 53 1 49 2 3 31
1 57 98 16 98 22 2 32
1 54 98 16 98 19 1 33
0 29 55 29 61 32 3 34
0 94 53 43 57 45 3 35
0 31 98 22 98 12 3 36
1 104 5 69 3 66 3 37
0 109 55 79 58 75 3 38
0 86 56 27 62 37 3 39
0 51 58 35 53 42 3 40
0 46 54 56 55 53 3 41
0 4 87 4 83 4 3 42
0 32 60 23 54 31 3 43
1 13 64 44 59 46 1 44
0 132 6 40 5 79 3 45
1 25 59 77 37 60 1 46
0 141 31 59 28 59 3 47
0 128 52 43 50 37 3 48
1 51 40 4 29 4 2 49
0 105 66 50 63 53 5 50
1 42 49 40 51 54 1 51
1 32 44 17 66 38 1 52
1 51 54 50 52 53 1 53
0 132 64 45 67 39 6 54
0 89 59 28 49 31 3 55
0 127 70 69 67 63 3 56
1 29 59 36 60 44 5 57
1 21 57 39 49 40 1 58
0 3 91 33 90 36 6 59
1 53 46 2 49 2 2 60
1 50 55 28 46 31 1 61
0 115 46 53 32 55 3 62
0 38 62 23 58 27 3 63
1 141 55 38 22 50 1 64
0 27 57 44 51 56 3 65
1 108 64 75 67 76 1 66
1 104 42 41 38 41 1 67
0 101 61 73 55 76 3 68
0 56 46 53 39 48 3 69
1 0 65 43 64 46 1 70
0 35 56 32 57 26 3 71
1 17 41 3 44 2 1 72
1 127 58 37 58 40 1 73
0 80 36 13 39 12 3 74
1 78 69 70 69 73 1 75
1 57 61 1 64 1 1 76
1 97 50 78 56 74 1 77
0 63 57 43 67 38 3 78
0 51 88 91 84 92 3 79
1 77 46 3 43 4 1 80
1 29 56 80 59 80 1 81
0 67 47 41 48 37 5 82
1 100 50 35 60 23 1 83
1 29 56 39 53 43 1 84
1 130 54 44 56 40 1 85
0 138 55 38 61 26 3 86
1 18 57 50 60 48 3 87
0 13 67 42 65 45 3 88
1 49 57 48 54 58 1 89
1 122 88 93 87 91 1 90
0 80 6 33 6 28 3 91
0 130 46 48 38 51 3 92
0 114 64 1 55 2 3 93
1 116 59 26 52 37 6 94
0 121 6 32 6 26 4 95
1 46 54 56 56 51 1 96
1 18 58 49 57 53 3 97
0 118 57 20 57 17 3 98
1 28 47 38 50 32 2 99
1 75 63 17 56 18 1 100
1 62 69 43 67 45 1 101
0 48 90 41 89 48 3 102
0 70 44 51 45 48 3 103
1 132 53 77 13 60 4 104
0 7 56 39 44 40 3 105
0 14 58 17 51 19 5 106
1 0 67 42 63 53 5 107
1 98 13 10 50 13 1 108
1 67 6 57 6 48 2 109
0 26 46 62 50 61 6 110
0 115 61 37 62 28 3 111
1 29 57 36 56 49 2 112
1 67 52 46 52 30 1 113
0 0 69 34 68 37 3 114
1 112 86 95 83 97 1 115
0 112 51 41 54 41 3 116
0 71 41 39 37 41 3 117
0 136 54 35 61 23 3 118
1 59 46 2 42 3 1 119
0 100 88 93 86 92 3 120
1 32 98 21 98 14 1 121
0 79 55 80 46 80 3 122
0 80 31 45 27 50 3 123
0 30 59 35 56 41 3 124
1 135 51 27 50 29 1 125
0 132 73 33 70 33 3 126
1 114 61 18 51 19 2 127
0 15 56 2 47 1 3 128
1 107 63 38 61 34 1 129
0 78 31 43 23 39 3 130
1 53 50 50 48 53 1 131
1 37 49 53 54 51 3 132
1 143 55 80 52 80 1 133
0 125 5 36 5 50 3 134
1 120 58 75 60 69 1 135
1 108 65 1 62 2 6 136
0 78 63 45 67 44 4 137
1 19 50 19 46 18 1 138
1 75 62 36 63 31 5 139
0 96 98 23 98 19 3 140
1 51 69 71 52 75 1 141
1 124 46 60 48 57 1 142
1 12 40 18 35 18 1 143
0 21 51 20 59 18 3 144
1 36 30 63 34 44 2 145
1 143 49 57 51 49 3 146
0 23 51 49 52 47 3 147
1 26 42 83 45 67 1 148
0 79 54 55 43 39 5 149
1 10 62 50 63 40 6 150
0 47 49 19 47 20 3 151
1 88 53 40 55 42 5 152
0 127 69 44 69 36 3 153
1 5 57 45 58 53 1 154
1 73 55 30 61 32 1 155
0 143 38 12 45 11 5 156
0 140 68 70 70 73 3 157
0 2 49 46 41 68 3 158
0 50 5 48 5 53 3 159
1 131 6 37 5 39 1 160
0 112 71 6 77 4 3 161
1 132 58 22 54 37 2 162
0 130 54 32 47 58 3 163
1 133 51 63 50 65 1 164
1 97 61 50 60 52 1 165
0 13 58 41 58 26 3 166
1 7 45 63 48 59 2 167
1 104 57 38 59 35 1 168
0 25 30 14 40 30 3 169
1 41 67 39 68 18 2 170
1 116 37 41 38 46 1 171
1 123 55 19 52 19 3 172
1 27 62 19 58 18 2 173
1 0 71 42 62 60 2 174
1 5 49 19 39 17 6 175
1 45 56 2 59 1 1 176
0 95 44 2 47 2 3 177
0 55 72 36 69 39 3 178
0 32 46 59 46 50 6 179
1 26 45 60 47 58 1 180
1 75 53 49 48 55 2 181
0 117 56 40 58 37 3 182
0 97 51 80 54 80 3 183
1 126 70 33 67 34 1 184
0 82 53 45 52 47 5 185
0 14 54 42 48 53 6 186
1 57 98 22 98 17 5 187
1 102 56 47 61 44 1 188
0 28 48 4 53 2 3 189
0 143 16 2 46 3 5 190
0 46 42 4 45 4 3 191
1 65 6 31 6 19 1 192
0 24 56 50 56 46 5 193
0 93 5 35 5 39 3 194
0 99 92 26 92 32 3 195
0 82 69 76 68 78 3 196
0 13 69 34 69 38 3 197
0 28 48 62 42 43 3 198
1 11 22 31 19 20 2 199
0 32 67 40 66 36 3 200
1 77 59 1 50 2 1 201
1 39 42 72 45 47 1 202
1 99 1 95 2 97 1 203
0 94 5 70 4 67 3 204
1 67 59 36 60 34 1 205
0 77 61 2 55 2 3 206
0 53 55 20 60 19 5 207
1 115 45 4 48 3 1 208
0 139 91 31 91 34 3 209
1 131 28 16 23 17 1 210
0 60 79 5 81 6 6 211
1 106 79 6 81 4 1 212
1 45 54 80 57 80 5 213
1 59 57 28 59 24 1 214
1 23 5 67 6 65 1 215
1 124 45 63 34 63 1 216
0 54 5 64 6 68 5 217
0 120 52 50 29 25 6 218
1 115 59 45 61 35 1 219
0 80 42 12 44 11 3 220
1 43 44 33 46 29 1 221
1 117 59 38 60 41 5 222
0 7 30 60 31 57 3 223
1 88 50 62 54 66 2 224
1 29 48 48 46 51 1 225
1 18 49 81 42 81 3 226
0 48 91 33 91 29 3 227
0 24 56 41 52 49 3 228
1 53 64 16 51 20 5 229
0 22 63 29 55 40 3 230
1 77 60 30 56 28 1 231
1 29 35 16 44 33 1 232
0 81 6 64 6 68 4 233
0 96 31 45 32 49 3 234
1 141 31 44 24 56 2 235
1 31 39 58 55 74 1 236
0 140 69 37 62 56 6 237
1 113 59 37 62 33 1 238
1 135 60 28 56 28 4 239
0 65 59 45 52 54 3 240
1 120 56 43 58 46 2 241
0 45 49 29 54 26 3 242
0 128 5 40 5 43 3 243
1 102 49 21 50 19 3 244
0 5 57 43 60 47 3 245
0 56 50 60 52 55 3 246
1 53 49 54 56 48 4 247
0 46 69 94 66 92 5 248
1 23 57 27 54 11 1 249
0 87 57 38 60 45 3 250
1 124 45 58 48 50 1 251
0 141 56 29 48 20 3 252
1 121 41 43 37 42 2 253
1 47 92 31 92 34 2 254
0 23 81 2 86 6 3 255
0 87 59 33 62 37 3 256
0 99 70 73 67 74 3 257
1 97 55 41 53 40 1 258
0 128 58 39 59 41 3 259
0 58 51 35 46 31 3 260
1 63 38 58 64 76 1 261
1 130 70 36 56 27 5 262
1 123 87 4 81 5 6 263
0 34 55 72 50 79 3 264
1 124 56 2 61 1 1 265
0 9 77 6 79 7 3 266
1 9 52 43 53 46 1 267
1 102 64 76 67 77 1 268
0 88 59 45 59 37 3 269
0 13 61 41 63 34 3 270
1 39 49 52 47 59 2 271
0 139 6 43 5 41 3 272
1 87 81 6 83 4 3 273
1 25 53 56 53 43 4 274
0 1 58 38 66 30 3 275
0 15 58 42 55 41 3 276
1 126 61 26 63 15 1 277
0 16 38 14 36 15 4 278
0 123 62 44 34 63 3 279
0 66 48 34 49 29 5 280
1 1 30 47 33 45 1 281
0 114 68 77 68 72 5 282
0 25 58 31 45 28 3 283
0 25 60 30 63 31 3 284
0 23 60 31 62 36 3 285
1 114 6 66 6 43 1 286
0 20 60 37 59 33 3 287
0 110 70 33 62 45 3 288
1 87 98 20 98 24 1 289
0 122 5 68 6 65 3 290
0 108 53 1 58 1 3 291
0 97 61 37 62 35 6 292
1 123 30 47 31 45 3 293
1 120 54 65 54 59 5 294
0 84 69 44 63 53 3 295
1 40 61 16 58 17 3 296
1 26 49 82 58 46 1 297
0 63 58 76 30 77 3 298
0 124 57 2 54 2 5 299
0 24 41 22 44 22 3 300
0 0 56 76 61 68 3 301
1 41 21 19 45 32 1 302
1 134 83 4 80 6 1 303
0 65 50 42 57 35 3 304
1 123 28 60 29 65 3 305
1 44 42 20 41 22 2 306
0 127 46 54 70 34 3 307
0 78 58 34 48 51 3 308
1 135 69 76 68 74 1 309
0 25 32 57 43 56 5 310
0 121 44 36 42 34 3 311
0 119 60 33 60 37 3 312
1 89 51 80 46 80 2 313
1 108 79 6 69 6 4 314
1 21 98 30 98 27 1 315
0 7 51 33 55 34 4 316
1 16 31 45 31 37 5 317
0 22 31 49 34 45 3 318
1 3 56 28 62 31 1 319
0 115 6 40 5 38 3 320
0 102 49 63 45 74 3 321
1 28 55 74 57 73 1 322
1 102 56 39 52 44 1 323
0 128 56 28 55 26 3 324
0 31 49 2 54 2 3 325
0 137 52 52 42 50 3 326
1 59 59 35 57 39 1 327
0 67 47 44 48 46 3 328
1 15 56 29 59 27 1 329
0 134 27 41 21 38 3 330
0 24 81 6 82 4 3 331
1 47 59 43 65 43 1 332
1 11 53 52 52 60 1 333
1 103 51 47 52 45 1 334
1 27 60 37 61 39 1 335
1 81 52 29 55 28 1 336
1 119 58 38 60 32 1 337
1 32 43 11 40 12 1 338
1 109 61 39 63 42 1 339
0 16 43 11 40 11 3 340
1 82 49 43 53 45 1 341
0 130 22 45 31 45 6 342
0 57 48 21 50 20 3 343
0 25 67 35 64 49 3 344
0 91 56 39 57 43 3 345
1 119 71 35 68 39 1 346
1 130 6 37 6 34 1 347
1 68 68 43 66 42 1 348
0 25 62 22 57 15 6 349
1 14 53 43 63 16 1 350
1 72 48 66 43 64 1 351
1 113 59 25 54 30 4 352
0 49 58 43 57 40 3 353
1 103 50 34 52 45 3 354
1 73 5 35 6 38 1 355
1 72 56 49 60 37 5 356
1 40 42 3 39 3 1 357
0 118 55 27 50 33 3 358
1 66 38 40 41 34 3 359
1 40 50 78 58 75 1 360
0 96 50 40 58 33 3 361
0 38 55 40 60 42 3 362
0 58 62 31 63 40 3 363
1 116 56 50 54 55 4 364
1 84 24 47 22 49 1 365
0 11 6 51 5 56 3 366
1 121 43 35 46 29 1 367
1 52 56 42 55 50 2 368
1 18 90 26 89 36 1 369
1 93 40 45 42 32 3 370
1 101 44 45 52 52 1 371
0 51 59 31 54 34 3 372
0 77 54 18 49 18 3 373
0 96 6 46 6 13 3 374
0 69 31 48 30 51 3 375
0 38 41 43 44 35 3 376
1 108 92 28 91 31 1 377
0 17 39 3 47 3 3 378
0 48 30 46 28 47 5 379
0 57 55 56 57 58 3 380
0 129 98 21 98 18 4 381
1 19 69 37 71 40 1 382
1 26 59 44 60 42 1 383
0 127 58 43 58 40 3 384
1 51 54 42 62 35 4 385
1 78 77 6 83 4 5 386
0 143 66 94 62 95 3 387
1 108 91 40 92 30 1 388
0 66 38 40 41 22 3 389
1 59 68 43 63 44 1 390
1 116 54 41 56 25 1 391
1 8 98 20 98 23 1 392
0 61 98 17 98 21 3 393
0 51 29 56 29 34 3 394
0 133 5 67 5 70 3 395
0 58 59 1 55 2 3 396
1 130 5 70 6 67 1 397
0 81 6 65 5 68 3 398
0 56 31 42 51 20 3 399
1 138 55 74 49 82 1 400
1 72 64 44 50 45 1 401
1 80 27 53 28 55 1 402
0 14 6 65 6 69 3 403
1 122 62 35 62 31 1 404
1 103 57 27 60 27 1 405
0 64 27 51 30 52 3 406
1 78 47 4 38 4 1 407
1 94 84 4 86 3 6 408
0 81 5 67 6 65 3 409
0 61 44 11 42 12 3 410
0 88 63 56 61 52 3 411
0 92 67 33 68 38 6 412
1 25 62 24 59 23 3 413
0 46 55 68 62 41 3 414
0 120 55 45 54 40 3 415
0 3 69 43 64 30 3 416
0 115 6 48 6 65 3 417
0 109 45 2 52 1 3 418
0 72 46 30 52 29 3 419
1 115 98 23 98 17 1 420
0 39 60 31 60 34 6 421
1 93 58 36 55 37 1 422
1 105 59 14 58 18 2 423
1 64 39 13 35 14 2 424
1 66 41 40 38 38 1 425
0 109 57 18 51 19 3 426
1 135 41 37 43 20 6 427
1 128 6 47 6 54 2 428
1 110 59 40 57 43 1 429
0 18 41 68 42 65 3 430
0 66 63 16 59 17 3 431
1 36 70 41 70 44 1 432
0 66 87 3 84 4 3 433
1 110 33 43 30 45 1 434
1 106 82 4 80 5 2 435
1 22 6 32 6 68 2 436
1 105 51 44 53 41 1 437
0 48 37 13 34 14 5 438
1 137 46 3 17 2 1 439
0 92 98 12 98 20 3 440
0 10 55 37 57 40 3 441
0 94 6 46 7 38 3 442
1 64 32 48 32 44 1 443
0 82 64 75 62 84 3 444
1 43 64 1 39 1 2 445
0 138 54 46 50 51 3 446
0 83 51 42 48 40 3 447
1 43 53 45 59 28 1 448
0 129 57 42 61 35 3 449
1 139 30 42 29 46 1 450
0 23 73 5 79 6 3 451
0 51 38 38 25 40 3 452
1 133 53 77 62 68 2 453
1 18 26 2 35 2 1 454
1 143 61 1 53 2 1 455
1 32 55 24 56 22 3 456
0 88 64 76 70 72 3 457
0 97 59 72 63 69 3 458
1 48 35 14 42 13 5 459
1 6 61 29 52 37 1 460
1 55 86 4 85 1 2 461
1 2 68 39 61 51 2 462
1 106 56 74 60 72 1 463
1 80 46 3 44 4 1 464
0 128 56 30 56 27 3 465
1 133 62 69 59 74 1 466
1 26 69 40 67 39 1 467
0 109 55 38 57 34 4 468
1 112 49 43 42 43 1 469
1 52 69 42 58 45 1 470
0 57 37 41 40 35 3 471
1 56 50 58 47 53 2 472
1 53 45 51 32 56 4 473
1 132 46 3 41 3 1 474
0 96 33 43 28 49 3 475
0 132 61 35 61 32 3 476
1 133 59 71 57 75 1 477
1 52 48 50 45 64 2 478
1 104 62 47 52 17 1 479
1 1 56 36 54 39 1 480
1 82 67 93 63 97 4 481
0 110 67 42 49 45 3 482
1 121 54 46 49 54 1 483
0 86 98 16 98 24 3 484
1 142 31 46 32 48 1 485
0 115 55 49 56 38 3 486
0 67 67 39 60 44 3 487
0 37 53 75 59 70 3 488
1 100 55 80 51 80 5 489
1 20 42 4 37 4 1 490
0 8 58 76 53 76 3 491
1 48 47 48 48 50 1 492
0 52 41 29 19 28 3 493
1 18 62 29 57 29 3 494
0 52 63 34 62 37 3 495
1 78 31 42 50 44 2 496
1 59 70 35 66 51 1 497
1 86 68 33 72 31 1 498
1 102 65 33 62 32 1 499
1 108 29 62 33 50 5 500
1 75 80 6 82 5 3 501
1 94 53 42 50 50 1 502
1 54 41 5 39 4 1 503
1 125 31 47 21 48 2 504
1 124 91 40 90 36 6 505
0 57 62 36 60 31 3 506
0 24 48 80 45 80 3 507
0 49 50 36 61 25 3 508
0 98 53 58 51 61 3 509
1 108 64 76 62 79 1 510
0 128 57 21 57 17 3 511
1 91 55 43 52 42 1 512
1 5 46 20 52 18 1 513
1 86 6 43 6 55 1 514
1 27 6 54 6 47 6 515
0 128 54 26 52 25 3 516
0 78 52 51 53 47 3 517
1 116 69 37 67 35 1 518
0 55 65 40 58 42 3 519
0 67 42 18 69 27 3 520
1 69 81 5 62 2 2 521
1 80 60 36 57 36 1 522
0 21 50 47 47 56 3 523
1 122 6 66 5 69 3 524
0 93 62 2 59 2 3 525
0 141 91 34 90 37 3 526
1 2 63 39 60 41 1 527
1 25 61 25 62 20 1 528
1 18 92 29 90 38 3 529
1 53 12 8 44 10 1 530
1 24 53 42 44 30 5 531
0 119 60 38 62 33 3 532
1 139 6 37 6 44 1 533
1 60 48 21 49 19 2 534
1 3 52 57 55 57 1 535
1 65 32 49 33 42 3 536
0 129 47 53 32 55 3 537
1 66 85 5 87 3 2 538
1 137 31 55 28 55 1 539
0 77 62 21 57 28 3 540
0 23 52 38 49 38 3 541
1 79 29 60 31 58 5 542
1 44 58 38 60 39 3 543
1 12 60 25 59 28 5 544
1 60 46 18 49 18 1 545
1 126 55 42 42 39 6 546
0 65 68 48 69 46 3 547
0 17 66 93 62 93 3 548
1 77 59 26 60 24 1 549
1 112 46 32 47 50 1 550
1 118 48 48 23 19 1 551
1 0 6 28 6 35 1 552
0 111 71 38 60 44 3 553
0 26 63 42 68 40 3 554
1 19 48 29 52 25 1 555
0 30 60 73 49 78 3 556
1 107 43 4 47 4 1 557
1 132 68 38 61 28 1 558
1 27 51 83 54 80 1 559
0 69 60 1 56 2 3 560
0 116 50 20 46 20 3 561
0 12 86 4 88 3 3 562
0 90 32 52 23 59 3 563
1 128 35 40 31 42 4 564
0 143 55 58 52 60 6 565
0 38 51 40 60 31 3 566
1 104 60 34 55 41 1 567
0 92 62 50 55 38 3 568
0 130 6 68 5 70 3 569
1 54 67 92 65 95 5 570
1 114 51 46 48 49 1 571
0 7 37 38 46 35 3 572
0 143 53 81 49 81 3 573
1 37 45 34 45 28 1 574
1 0 53 26 50 36 2 575
1 72 52 45 50 43 3 576
0 143 50 18 46 14 3 577
1 23 54 34 52 35 1 578
0 28 59 35 64 28 5 579
0 18 54 59 55 62 3 580
1 5 49 19 46 20 2 581
1 51 54 31 60 27 2 582
1 97 57 42 58 39 1 583
1 120 62 54 64 50 1 584
1 42 6 64 5 66 2 585
0 60 89 92 87 90 3 586
0 79 40 45 41 31 3 587
1 50 6 37 6 29 4 588
0 74 81 6 79 7 3 589
0 48 47 56 52 51 3 590
1 66 66 31 66 40 5 591
0 75 54 24 41 23 3 592
1 16 54 76 61 69 1 593
0 134 30 42 31 45 3 594
1 56 46 71 32 84 2 595
1 58 60 54 60 44 2 596
1 99 48 57 48 67 1 597
1 134 82 5 80 6 1 598
0 51 82 4 81 6 3 599
0 19 59 29 54 33 3 600
1 78 56 80 51 81 1 601
0 42 71 30 69 36 6 602
1 88 56 57 51 62 1 603
1 43 58 31 64 38 1 604
0 13 52 45 49 47 3 605
1 17 59 1 56 2 1 606
1 115 57 40 59 34 1 607
0 13 68 47 73 30 3 608
0 119 55 40 56 42 3 609
1 68 60 71 52 75 1 610
0 123 32 45 33 48 3 611
0 38 50 2 45 2 3 612
0 47 30 54 27 61 3 613
1 59 52 27 52 23 1 614
1 27 69 65 72 70 1 615
1 9 52 40 57 38 5 616
0 49 50 54 49 58 3 617
1 48 47 65 44 63 1 618
1 26 51 48 55 52 2 619
1 115 54 76 52 78 3 620
1 113 51 16 59 13 1 621
1 36 28 48 27 50 3 622
0 115 48 3 41 4 3 623
0 78 55 80 44 80 3 624
0 86 56 40 59 45 3 625
0 64 7 41 6 29 3 626
0 19 49 18 44 18 3 627
0 20 58 36 59 32 3 628
0 9 54 70 55 67 4 629
0 25 49 38 50 43 3 630
1 53 56 41 53 45 1 631
1 48 46 2 49 2 1 632
1 75 48 21 51 17 1 633
0 143 40 11 29 10 3 634
1 67 58 30 55 30 1 635
1 87 65 1 60 2 1 636
0 79 55 19 45 18 3 637
1 38 56 39 50 49 4 638
0 40 56 20 54 21 5 639
1 93 63 1 60 2 5 640
0 117 51 43 52 48 3 641
1 143 49 15 33 18 1 642
1 96 27 38 31 44 1 643
0 12 57 28 44 39 3 644
1 34 60 45 59 56 1 645
0 108 62 37 46 36 3 646
1 14 98 10 98 23 3 647
0 34 67 37 66 39 3 648
0 13 6 64 5 67 3 649
1 115 63 32 64 29 1 650
1 22 62 18 60 19 1 651
1 90 60 41 55 52 1 652
0 130 55 64 69 43 3 653
1 66 38 39 39 45 1 654
1 44 59 19 62 18 4 655
0 92 83 4 79 5 3 656
1 116 50 64 48 54 4 657
0 7 68 40 66 41 3 658
0 98 44 3 13 0 4 659
1 113 56 27 58 29 5 660
1 143 47 37 50 38 3 661
0 86 5 56 5 45 3 662
0 97 17 15 58 21 3 663
1 3 91 31 91 36 2 664
0 0 61 50 55 53 3 665
0 64 56 34 58 37 3 666
0 73 46 40 41 39 4 667
0 6 61 35 64 35 3 668
1 94 5 61 6 64 5 669
0 47 54 45 56 38 3 670
0 29 52 44 48 48 3 671
1 101 70 40 68 41 1 672
0 128 46 21 48 19 3 673
1 133 49 54 55 49 4 674
0 69 60 34 54 51 3 675
1 24 98 11 98 21 2 676
1 0 66 24 70 35 1 677
1 0 53 46 59 34 6 678
0 74 52 63 57 48 5 679
1 11 51 43 51 46 1 680
0 97 54 40 52 45 3 681
0 40 49 29 36 29 3 682
0 21 66 42 49 45 3 683
1 25 49 19 45 20 1 684
1 123 83 3 85 4 5 685
0 38 52 36 53 33 3 686
1 136 6 61 5 58 3 687
1 19 61 60 63 55 6 688
0 105 26 43 31 35 3 689
1 112 33 17 36 15 1 690
1 13 54 80 51 80 1 691
1 114 66 79 67 74 3 692
1 109 43 35 45 31 1 693
1 123 49 2 44 2 1 694
0 26 44 77 43 73 3 695
1 126 58 35 57 37 1 696
1 2 51 81 54 80 1 697
1 112 29 53 24 61 1 698
0 74 61 73 98 67 3 699
0 40 59 19 60 16 3 700
0 90 49 30 59 26 3 701
1 127 6 53 6 70 2 702
0 108 91 28 90 43 5 703
1 95 69 68 72 69 5 704
1 46 53 18 48 20 1 705
1 25 46 44 44 52 1 706
0 38 41 42 37 40 3 707
0 68 50 52 50 57 4 708
0 33 63 41 50 62 3 709
0 22 48 24 33 57 3 710
0 87 60 23 57 28 3 711
1 43 6 42 6 69 1 712
1 92 63 17 60 16 1 713
1 19 50 29 53 29 3 714
1 38 60 51 58 59 1 715
0 17 45 50 49 36 3 716
1 55 68 39 55 24 1 717
1 17 40 43 38 46 1 718
1 32 60 32 59 36 1 719
1 82 87 3 85 4 1 720
0 13 67 93 65 94 3 721
0 14 52 19 49 20 3 722
0 81 41 11 31 13 3 723
1 80 31 46 34 41 1 724
0 0 98 19 98 13 3 725
1 123 64 35 61 36 1 726
1 82 88 92 86 94 2 727
1 138 45 52 46 50 1 728
0 66 60 49 61 53 3 729
0 106 57 45 53 43 4 730
1 109 47 57 49 54 2 731
1 53 54 31 52 32 1 732
0 130 64 32 63 30 3 733
1 88 58 47 44 34 1 734
0 78 62 49 42 18 3 735
0 84 51 49 52 44 3 736
1 9 60 25 47 42 1 737
0 33 38 40 40 35 3 738
0 48 43 66 50 61 3 739
0 111 6 33 5 39 3 740
1 89 58 33 53 40 4 741
0 101 33 44 27 49 3 742
1 33 66 42 36 14 2 743
0 76 41 66 42 59 6 744
0 48 31 35 31 39 3 745
0 46 66 94 64 96 3 746
1 112 34 40 27 39 1 747
0 51 31 55 26 49 3 748
0 51 61 31 62 35 3 749
1 96 55 45 55 48 1 750
1 77 58 1 55 2 1 751
1 72 54 49 44 63 2 752
1 120 61 39 60 45 1 753
0 15 67 34 59 40 3 754
0 19 5 64 6 66 4 755
0 102 54 57 58 31 4 756
0 26 47 52 50 36 3 757
0 82 38 41 40 42 3 758
1 64 87 4 85 3 2 759
0 76 63 43 59 46 3 760
0 49 43 35 45 38 3 761
1 124 60 2 58 1 2 762
1 36 48 44 47 31 3 763
1 123 55 51 56 39 2 764
1 27 49 17 42 15 4 765
0 124 91 31 92 33 3 766
1 128 29 46 28 48 1 767
0 27 58 14 47 15 5 768
0 57 52 49 50 50 3 769
1 103 32 45 28 58 2 770
1 15 68 42 68 39 1 771
0 126 55 76 56 74 3 772
1 112 26 50 3 45 1 773
0 44 45 74 43 70 3 774
0 33 54 51 53 46 3 775
1 12 51 27 51 46 1 776
0 104 45 47 24 26 3 777
0 74 36 2 29 4 3 778
0 5 45 3 41 4 3 779
0 85 62 46 56 58 3 780
0 74 53 1 46 2 3 781
1 91 45 63 49 56 1 782
1 134 70 6 78 6 2 783
1 142 66 73 68 72 1 784
0 103 52 82 58 70 3 785
1 92 64 46 70 36 6 786
1 34 41 3 47 2 4 787
1 32 30 51 27 49 1 788
0 26 64 32 63 34 3 789
0 50 31 48 29 52 3 790
1 59 64 54 98 27 1 791
0 138 47 4 42 4 3 792
1 88 87 92 86 95 1 793
0 4 51 25 50 31 3 794
0 12 56 49 56 46 3 795
1 40 58 14 59 16 2 796
1 13 53 17 49 18 3 797
0 60 44 36 37 42 4 798
0 96 54 47 51 54 3 799
0 57 68 41 67 33 3 800
0 74 54 76 58 74 3 801
1 102 56 48 61 42 1 802
0 120 48 4 45 4 3 803
0 30 63 23 59 23 3 804
1 113 90 38 90 35 4 805
1 24 54 80 58 80 5 806
1 96 32 12 39 12 2 807
1 60 44 11 41 11 1 808
0 105 44 65 47 60 3 809
1 68 55 27 54 25 3 810
1 137 6 40 7 37 1 811
0 67 65 49 54 44 3 812
0 38 50 53 52 49 3 813
0 19 5 63 4 70 3 814
1 50 51 29 52 24 1 815
1 99 72 67 69 69 1 816
0 120 66 40 90 28 3 817
1 132 66 41 64 44 3 818
1 19 51 47 51 54 4 819
1 65 55 38 23 48 1 820
0 1 98 18 98 21 3 821
1 122 67 35 68 40 1 822
0 142 34 41 33 44 3 823
1 96 33 43 36 31 5 824
1 103 46 4 39 5 1 825
1 92 82 5 98 4 1 826
0 37 57 63 48 68 3 827
1 105 62 18 49 20 5 828
0 93 47 29 45 32 3 829
0 23 57 28 56 31 3 830
1 18 51 61 55 63 1 831
0 37 64 92 59 90 3 832
0 106 53 80 56 80 3 833
1 92 39 29 43 30 1 834
1 0 60 23 58 27 1 835
1 67 26 25 54 48 1 836
0 93 69 75 53 75 3 837
0 38 56 29 47 42 3 838
1 9 53 41 54 39 5 839
1 15 87 3 85 5 2 840
1 36 68 41 64 19 1 841
0 17 48 3 45 4 6 842
1 143 21 19 47 44 1 843
1 60 91 35 92 23 1 844
1 80 56 49 53 54 3 845
1 67 56 80 52 80 1 846
0 102 58 47 55 55 3 847
1 52 44 19 50 19 1 848
0 48 36 14 39 13 5 849
0 112 31 50 27 48 5 850
1 51 53 74 59 77 1 851
1 132 5 41 6 44 2 852
0 59 87 4 81 2 3 853
0 136 39 37 41 35 4 854
0 85 6 29 6 42 3 855
0 66 54 21 51 22 3 856
0 97 53 56 49 55 3 857
0 98 67 72 70 67 3 858
1 143 30 51 28 47 1 859
0 7 31 44 33 50 3 860
1 20 56 26 59 27 1 861
0 79 29 53 29 33 3 862
1 88 49 72 50 65 5 863
1 130 50 47 99 31 3 864
0 63 98 20 98 17 3 865
1 127 58 59 54 66 2 866
1 53 55 32 57 25 1 867
1 104 62 38 61 40 1 868
0 91 53 43 37 47 3 869
1 66 68 44 72 36 1 870
0 134 70 68 70 72 3 871
1 4 51 25 52 23 1 872
0 117 46 60 50 53 5 873
1 103 63 25 59 32 3 874
1 95 70 64 69 73 1 875
0 13 6 66 5 69 3 876
1 15 50 49 53 42 4 877
1 91 55 38 44 64 1 878
1 92 66 38 68 35 6 879
1 138 98 22 98 31 1 880
0 28 45 34 41 42 3 881
1 74 50 18 41 20 1 882
0 33 53 52 53 42 3 883
1 1 52 36 51 51 2 884
1 128 57 28 61 29 2 885
1 120 69 38 62 39 6 886
0 143 59 35 57 39 3 887
1 77 56 36 55 38 1 888
1 88 50 40 45 59 5 889
1 41 56 43 44 36 3 890
1 10 98 21 98 26 1 891
0 9 3 13 5 41 3 892
0 130 58 60 59 57 3 893
0 83 44 62 44 65 3 894
1 85 32 40 40 22 1 895
0 6 61 30 59 35 3 896
1 103 49 3 41 5 2 897
1 73 46 53 32 56 1 898
1 36 59 28 57 34 2 899
1 89 51 80 55 80 1 900
0 8 68 32 65 24 3 901
0 25 3 96 1 95 4 902
1 15 67 73 74 66 1 903
0 49 6 42 5 48 3 904
1 2 52 45 45 73 3 905
0 131 59 17 52 19 3 906
0 111 68 39 63 44 3 907
1 134 66 93 65 91 4 908
0 120 66 93 61 93 3 909
1 28 41 35 41 32 1 910
1 78 55 80 40 81 2 911
0 137 41 36 60 29 3 912
0 114 6 49 6 62 3 913
1 121 40 43 39 46 1 914
0 39 69 44 69 41 3 915
1 108 34 42 26 50 1 916
1 38 45 33 46 31 1 917
0 137 44 3 48 3 3 918
0 82 53 45 49 52 3 919
0 81 66 91 64 93 3 920
0 136 68 70 70 72 3 921
1 143 98 17 98 21 1 922
0 81 46 35 53 26 3 923
0 108 60 1 45 2 3 924
0 39 51 58 47 69 6 925
1 103 64 1 60 1 2 926
0 78 60 38 58 40 3 927
1 93 58 48 70 17 1 928
1 49 57 50 61 45 1 929
0 122 57 38 55 42 3 930
0 94 31 52 28 55 3 931
1 138 5 42 6 26 1 932
0 29 45 40 58 30 3 933
1 37 63 34 61 36 1 934
0 88 68 41 64 49 3 935
1 127 57 39 63 36 1 936
0 143 98 17 98 20 3 937
0 76 6 27 5 35 3 938
1 48 48 79 53 77 1 939
1 14 87 94 86 92 1 940
0 23 51 41 55 37 3 941
1 73 61 30 54 32 1 942
1 112 52 26 55 26 2 943
0 17 46 53 31 55 3 944
1 93 44 66 38 38 1 945
0 78 91 33 90 35 3 946
1 10 66 92 65 94 6 947
0 30 85 4 83 3 3 948
0 92 67 73 67 76 3 949
0 17 42 3 49 2 3 950
1 27 51 53 55 40 2 951
0 19 64 76 66 75 3 952
1 6 35 4 44 3 1 953
0 50 61 29 42 39 3 954
1 42 67 37 61 31 1 955
0 90 59 26 57 30 6 956
1 10 31 44 32 46 1 957
1 63 98 21 98 17 1 958
1 46 66 38 69 37 2 959
1 102 53 66 41 47 3 960
0 104 67 35 60 43 3 961
0 54 60 44 61 32 3 962
1 120 46 29 40 38 1 963
1 143 92 35 92 30 1 964
1 68 66 48 67 45 1 965
0 77 50 47 58 46 3 966
0 7 7 44 5 37 3 967
0 37 64 93 65 96 3 968
0 102 60 31 60 34 3 969
1 48 52 41 54 44 2 970
0 31 57 53 57 46 3 971
0 137 30 54 28 58 6 972
1 21 53 45 54 43 3 973
0 23 61 25 55 31 5 974
0 13 60 72 42 86 3 975
0 40 85 95 78 92 3 976
1 32 67 42 69 43 1 977
1 39 59 45 51 73 1 978
0 38 51 41 56 37 3 979
0 38 50 17 49 24 3 980
1 46 52 60 57 46 6 981
0 62 64 45 59 41 3 982
0 109 63 43 55 59 6 983
1 93 59 34 55 52 3 984
1 63 92 29 92 32 2 985
0 56 49 35 57 26 3 986
1 109 63 83 51 75 1 987
1 97 57 64 59 47 2 988
1 85 88 93 82 94 1 989
1 21 50 38 47 41 2 990
0 4 43 59 46 61 3 991
1 68 57 38 56 33 1 992
1 115 67 43 64 53 1 993
1 64 54 39 59 40 4 994
0 80 45 4 42 4 3 995
1 111 51 53 50 50 1 996
0 39 49 54 51 59 3 997
0 14 69 70 68 72 3 998
0 79 40 38 41 35 3 999
1 85 67 35 70 34 1 1000
1 104 43 11 47 12 2 1001
0 106 71 38 71 42 3 1002
0 92 49 63 43 62 3 1003
0 57 6 47 6 44 3 1004
0 101 58 39 54 46 3 1005
1 40 6 69 6 64 1 1006
1 7 44 50 43 53 1 1007
1 4 61 2 82 3 1 1008
0 33 92 25 91 30 4 1009
0 38 59 25 43 23 3 1010
1 15 63 1 57 2 1 1011
1 48 79 6 69 6 1 1012
0 116 56 65 55 56 3 1013
0 98 58 47 55 53 3 1014
1 141 59 37 63 43 1 1015
1 117 57 46 57 53 1 1016
0 93 6 32 6 35 5 1017
1 14 43 26 37 41 1 1018
1 29 53 46 46 61 5 1019
0 57 38 58 68 73 4 1020
0 81 6 67 5 69 5 1021
1 35 57 47 46 53 1 1022
0 37 34 45 29 53 3 1023
1 88 46 21 49 19 1 1024
1 117 67 34 61 32 1 1025
0 68 52 58 49 63 3 1026
0 111 92 29 92 25 3 1027
1 73 27 61 30 50 1 1028
1 113 59 30 54 38 1 1029
1 122 48 35 51 45 1 1030
1 141 61 35 59 31 1 1031
0 125 60 40 55 46 3 1032
0 23 43 3 47 4 3 1033
0 133 54 80 60 79 3 1034
1 68 53 56 50 55 1 1035
1 36 65 42 37 15 5 1036
1 136 53 47 50 45 5 1037
0 143 6 59 5 74 3 1038
1 107 44 55 32 56 5 1039
1 35 70 6 80 6 1 1040
0 30 56 40 51 27 3 1041
0 19 51 20 49 19 3 1042
1 39 56 22 52 23 1 1043
0 57 62 47 68 39 3 1044
1 132 61 28 62 33 1 1045
1 93 61 32 63 37 1 1046
1 97 49 72 54 56 1 1047
1 7 32 46 28 59 4 1048
1 23 29 2 48 1 1 1049
0 102 54 44 40 47 3 1050
1 106 29 63 27 58 2 1051
1 125 35 16 66 39 1 1052
1 46 66 40 64 46 1 1053
0 0 62 31 65 36 3 1054
1 77 48 54 52 40 1 1055
1 72 52 55 45 62 4 1056
0 28 98 14 98 26 3 1057
1 1 92 29 92 35 1 1058
0 36 84 4 88 3 3 1059
1 104 37 40 38 38 2 1060
1 72 58 39 95 29 1 1061
1 49 62 50 62 46 1 1062
1 136 61 39 52 40 1 1063
1 74 32 46 30 48 1 1064
0 64 29 47 27 50 5 1065
0 19 73 66 65 73 3 1066
1 8 52 45 60 44 2 1067
1 115 46 51 32 84 1 1068
1 116 56 58 58 57 1 1069
0 59 61 75 58 73 3 1070
0 112 52 52 48 57 3 1071
0 54 47 20 45 21 3 1072
0 18 61 30 64 37 3 1073
1 99 49 18 50 28 1 1074
1 70 52 75 69 73 1 1075
1 72 53 46 61 33 1 1076
1 28 49 2 39 1 1 1077
1 90 78 90 87 91 1 1078
0 136 59 53 56 62 3 1079
0 17 58 29 52 28 3 1080
0 30 66 74 68 73 3 1081
1 23 48 37 55 35 5 1082
1 48 58 36 62 35 1 1083
1 82 49 55 50 59 1 1084
1 7 32 47 30 54 5 1085
1 30 48 19 50 18 1 1086
0 14 48 62 61 41 6 1087
0 5 39 4 31 4 3 1088
0 109 57 76 61 70 3 1089
1 141 62 29 64 21 1 1090
1 8 58 50 52 49 1 1091
1 140 71 74 72 71 1 1092
1 122 20 45 27 41 1 1093
0 79 70 35 70 42 3 1094
0 143 87 94 89 93 3 1095
0 23 67 92 65 94 3 1096
0 67 52 44 52 41 3 1097
0 20 67 38 68 36 3 1098
0 117 56 38 48 40 3 1099
1 16 44 30 38 39 1 1100
1 37 81 5 78 6 6 1101
0 96 69 42 49 61 3 1102
0 72 62 34 57 27 5 1103
1 67 55 38 49 53 1 1104
1 112 33 44 35 40 1 1105
0 40 53 25 49 32 3 1106
0 128 37 13 43 11 3 1107
0 104 64 76 70 72 3 1108
0 141 58 30 56 35 3 1109
0 30 61 41 41 80 3 1110
0 72 98 16 98 19 3 1111
0 67 42 63 44 66 3 1112
1 13 55 80 50 80 1 1113
0 24 7 49 7 46 3 1114
1 125 53 42 53 46 1 1115
1 132 47 4 45 3 1 1116
0 52 59 1 66 1 3 1117
1 112 63 57 55 70 1 1118
0 35 44 3 40 3 3 1119
0 79 60 18 64 17 6 1120
1 108 44 50 27 34 1 1121
1 119 5 71 4 68 2 1122
1 99 55 64 55 55 1 1123
0 122 56 27 57 34 3 1124
1 69 41 39 38 75 1 1125
0 90 57 35 61 30 3 1126
0 116 53 58 51 63 3 1127
0 129 55 67 50 73 3 1128
0 38 46 45 44 51 3 1129
0 120 53 40 51 49 3 1130
1 88 6 65 5 72 3 1131
0 73 88 93 84 93 3 1132
1 68 54 34 55 30 2 1133
0 23 52 50 50 49 3 1134
0 38 51 46 53 41 3 1135
1 48 31 15 57 23 1 1136
1 57 41 5 44 4 5 1137
0 49 58 46 60 42 3 1138
0 48 70 72 71 70 3 1139
0 121 44 37 37 50 5 1140
1 113 57 80 49 81 1 1141
1 141 43 37 41 35 1 1142
1 43 44 18 45 16 2 1143
1 60 5 31 3 84 1 1144
0 16 53 26 46 32 3 1145
1 126 55 38 60 27 3 1146
1 77 61 1 55 2 1 1147
0 42 53 60 55 55 3 1148
1 8 50 35 55 29 5 1149
1 29 47 20 41 25 1 1150
1 140 71 34 64 52 1 1151
1 121 5 37 6 29 1 1152
0 64 57 38 55 64 3 1153
1 39 57 43 56 38 1 1154
1 139 91 28 92 26 1 1155
1 91 58 44 55 41 5 1156
1 22 73 39 71 42 4 1157
0 102 68 76 57 91 3 1158
1 39 46 56 39 84 4 1159
1 37 6 52 6 63 1 1160
1 87 49 2 52 2 1 1161
1 49 55 74 57 75 1 1162
1 96 69 62 68 72 1 1163
1 123 46 31 51 31 1 1164
1 100 56 22 60 15 2 1165
0 91 66 46 67 44 3 1166
1 143 82 3 80 2 2 1167
0 43 98 17 98 23 3 1168
0 109 51 48 45 58 3 1169
1 105 59 56 53 70 1 1170
0 60 50 78 55 76 3 1171
1 87 52 55 46 61 1 1172
0 141 46 58 47 50 3 1173
0 97 49 59 38 52 3 1174
1 39 59 36 56 42 2 1175
1 56 70 32 69 37 1 1176
1 73 61 36 60 33 5 1177
0 95 69 40 60 28 3 1178
0 32 60 51 63 40 3 1179
1 86 88 93 86 94 2 1180
0 46 56 52 51 61 3 1181
0 68 56 40 47 68 3 1182
1 82 39 58 51 75 1 1183
1 53 53 40 52 48 1 1184
0 1 60 54 54 54 3 1185
1 7 6 40 6 48 4 1186
0 61 29 47 32 47 3 1187
1 120 59 1 62 2 1 1188
1 84 36 13 39 12 1 1189
0 48 68 45 67 41 3 1190
0 120 5 66 4 68 3 1191
0 36 44 20 48 19 3 1192
0 10 58 30 55 31 3 1193
1 78 55 80 39 80 1 1194
0 68 47 37 39 46 3 1195
0 17 48 3 43 4 3 1196
0 98 61 39 54 36 3 1197
0 137 31 49 29 48 3 1198
1 47 44 50 52 48 2 1199
1 78 58 80 55 80 6 1200
1 137 53 1 51 2 1 1201
1 137 31 48 21 51 3 1202
1 24 69 34 68 52 1 1203
0 105 86 4 87 2 3 1204
0 65 47 30 41 27 3 1205
0 109 39 58 52 75 3 1206
0 24 47 48 38 51 3 1207
0 9 52 46 51 49 3 1208
1 136 71 33 69 38 2 1209
0 107 27 58 29 53 3 1210
1 91 59 43 61 41 1 1211
1 100 58 14 62 15 2 1212
0 52 45 34 44 31 3 1213
1 130 39 11 36 13 2 1214
1 119 69 36 71 41 1 1215
0 119 58 33 61 38 3 1216
0 30 68 40 66 43 3 1217
0 72 49 48 54 49 3 1218
1 7 33 46 33 51 2 1219
0 64 30 59 32 47 3 1220
1 6 32 78 46 53 3 1221
0 81 58 47 53 60 3 1222
1 105 50 37 33 57 1 1223
1 53 56 44 57 42 2 1224
0 136 52 62 55 58 3 1225
1 2 64 41 57 37 1 1226
0 72 62 47 46 65 3 1227
0 9 86 4 88 3 3 1228
0 51 33 49 32 45 3 1229
1 32 59 19 51 20 1 1230
1 67 62 37 51 37 1 1231
1 47 69 37 68 41 2 1232
0 77 59 27 61 22 3 1233
0 102 53 50 42 46 3 1234
0 102 45 32 42 62 3 1235
0 143 56 15 60 19 3 1236
0 63 57 80 52 80 3 1237
0 76 42 57 48 56 3 1238
1 48 91 34 91 28 1 1239
0 31 32 37 32 43 3 1240
1 65 30 59 18 79 3 1241
0 68 59 17 50 25 3 1242
0 45 55 42 33 42 3 1243
0 142 64 41 68 43 3 1244
0 19 47 39 49 31 3 1245
1 58 29 39 66 17 1 1246
1 117 55 43 65 27 1 1247
1 12 56 30 61 14 1 1248
0 67 6 63 5 71 3 1249
0 48 54 32 61 29 3 1250
1 103 50 41 54 33 2 1251
0 106 56 39 57 37 3 1252
0 103 60 22 59 16 3 1253
0 122 6 69 5 66 3 1254
0 115 49 61 52 40 3 1255
0 128 26 51 33 38 3 1256
0 10 68 73 71 71 3 1257
0 86 39 3 44 4 3 1258
1 133 6 67 6 64 1 1259
0 77 64 30 61 38 3 1260
0 0 33 40 29 47 6 1261
1 114 66 79 71 68 2 1262
1 46 68 42 50 40 1 1263
0 130 26 18 23 18 3 1264
0 13 49 39 49 32 3 1265
0 116 6 53 6 50 3 1266
0 123 29 54 31 50 3 1267
0 97 60 32 45 44 3 1268
0 1 58 17 56 20 3 1269
1 111 49 18 44 18 1 1270
1 27 50 2 46 2 1 1271
0 60 60 22 63 24 3 1272
1 85 5 39 5 44 1 1273
0 39 54 29 56 30 3 1274
0 117 59 45 53 44 3 1275
1 28 44 4 47 4 4 1276
1 32 27 50 33 38 1 1277
1 116 47 80 51 81 4 1278
0 67 6 64 5 66 3 1279
0 143 44 18 49 16 3 1280
1 74 6 30 6 34 5 1281
1 102 42 3 47 3 1 1282
1 32 30 52 26 49 3 1283
0 13 36 15 40 29 3 1284
1 100 65 31 63 30 1 1285
0 100 88 93 86 91 3 1286
0 102 47 79 50 78 3 1287
1 96 55 37 56 42 1 1288
0 7 68 41 66 39 3 1289
0 140 87 3 85 5 3 1290
1 52 50 48 54 44 1 1291
1 86 54 50 55 45 1 1292
0 9 53 39 56 36 3 1293
1 85 49 49 53 44 4 1294
1 21 98 22 98 19 2 1295
1 126 49 17 39 20 1 1296
0 111 62 32 64 31 3 1297
0 88 58 48 56 46 3 1298
0 129 30 78 49 78 3 1299
1 126 6 49 6 54 1 1300
1 12 61 30 61 27 1 1301
0 115 44 69 43 67 3 1302
1 64 44 12 38 14 1 1303
1 140 68 76 39 58 1 1304
0 132 51 80 55 80 3 1305
1 53 48 54 53 44 1 1306
0 79 88 92 87 94 3 1307
0 23 63 46 60 51 3 1308
1 95 54 39 55 41 1 1309
0 117 66 49 68 44 3 1310
0 108 31 51 29 56 3 1311
0 132 50 79 57 75 3 1312
1 132 69 68 72 71 1 1313
0 36 48 52 49 38 3 1314
0 57 6 43 7 53 3 1315
1 38 67 72 68 74 1 1316
0 86 55 41 54 43 5 1317
1 100 48 49 54 49 1 1318
1 82 6 53 6 46 3 1319
0 7 67 93 64 96 3 1320
0 123 60 35 55 2 3 1321
0 121 61 37 59 34 3 1322
1 98 56 77 55 95 1 1323
1 52 52 16 55 14 1 1324
0 73 42 4 48 4 3 1325
1 52 55 42 58 37 2 1326
0 130 57 47 48 49 3 1327
0 101 56 29 52 32 3 1328
1 0 46 55 43 54 5 1329
1 24 53 44 47 59 1 1330
0 87 55 45 49 54 3 1331
0 116 50 16 45 18 6 1332
1 95 69 72 68 74 5 1333
1 82 58 44 43 40 3 1334
1 28 38 29 41 31 2 1335
1 115 54 50 53 15 1 1336
1 21 60 33 53 43 1 1337
1 134 66 73 70 72 1 1338
1 112 56 1 63 1 2 1339
1 112 57 76 46 75 1 1340
0 44 58 37 51 50 3 1341
1 128 62 26 61 29 5 1342
0 54 4 76 6 66 3 1343
1 29 87 3 85 4 2 1344
1 96 43 53 49 62 1 1345
0 48 55 29 58 25 3 1346
0 143 55 50 53 44 3 1347
0 122 60 30 58 38 3 1348
1 115 43 50 45 51 1 1349
0 84 55 74 56 71 3 1350
1 57 56 75 53 79 1 1351
0 40 45 3 38 4 3 1352
0 31 65 1 60 1 3 1353
0 139 56 2 58 1 3 1354
1 130 53 47 57 21 1 1355
1 48 68 32 54 44 1 1356
0 53 60 17 62 18 3 1357
0 94 63 40 60 42 3 1358
1 48 67 42 42 18 1 1359
0 44 35 46 37 50 3 1360
1 24 52 30 48 31 1 1361
0 78 57 49 48 59 3 1362
0 121 42 32 44 31 3 1363
1 39 65 47 68 48 1 1364
0 56 68 34 69 37 5 1365
0 23 44 4 46 3 3 1366
0 44 44 17 47 38 6 1367
0 48 16 50 32 49 3 1368
0 42 67 74 40 58 3 1369
0 91 20 30 42 35 3 1370
0 71 30 51 30 48 3 1371
1 96 35 13 40 12 1 1372
0 51 59 30 56 29 3 1373
1 47 60 1 51 1 1 1374
0 117 61 36 54 41 3 1375
0 16 61 45 63 43 3 1376
1 33 45 21 48 20 1 1377
1 57 61 30 62 34 4 1378
0 23 55 40 57 38 4 1379
0 6 48 48 37 67 3 1380
0 97 51 50 48 38 5 1381
0 74 66 42 68 38 3 1382
0 136 15 20 28 26 3 1383
1 86 98 14 98 17 1 1384
0 39 65 27 90 23 5 1385
1 88 53 44 52 42 1 1386
0 57 6 31 6 35 3 1387
0 84 44 64 49 68 3 1388
0 53 57 43 58 40 6 1389
1 8 49 36 50 38 1 1390
0 120 59 2 54 2 3 1391
1 139 50 80 53 81 3 1392
0 5 57 45 65 19 3 1393
1 88 51 62 56 49 1 1394
0 96 27 50 28 53 3 1395
0 105 46 35 47 27 3 1396
0 16 49 56 51 59 3 1397
1 26 64 45 48 44 1 1398
0 50 54 47 52 51 3 1399
0 35 48 28 52 24 3 1400
1 84 62 44 65 44 1 1401
1 3 69 43 67 46 2 1402
0 102 46 4 39 5 4 1403
1 93 41 35 39 45 1 1404
0 1 55 19 35 18 3 1405
0 79 68 41 68 38 3 1406
1 126 39 73 48 58 1 1407
1 56 5 64 3 66 4 1408
1 60 92 24 86 34 1 1409
0 64 69 37 54 44 6 1410
1 109 84 4 88 3 3 1411
0 98 60 54 50 49 3 1412
1 126 50 52 54 42 1 1413
0 66 52 43 55 41 3 1414
0 108 68 42 49 35 3 1415
1 88 52 43 59 45 1 1416
0 119 72 35 70 33 3 1417
1 31 46 53 47 51 1 1418
1 105 61 15 46 13 1 1419
1 46 56 2 51 1 1 1420
1 123 54 75 59 72 4 1421
0 20 44 60 46 55 3 1422
0 58 62 43 61 41 3 1423
1 68 44 34 48 33 1 1424
0 64 56 21 59 15 3 1425
1 57 88 93 86 94 1 1426
1 140 67 72 70 70 2 1427
1 131 54 38 53 42 2 1428
1 97 98 24 98 19 1 1429
0 133 48 58 56 44 3 1430
1 25 46 48 46 56 1 1431
0 137 64 27 59 23 3 1432
0 6 6 55 6 50 3 1433
0 99 39 12 38 14 3 1434
0 88 59 32 60 36 3 1435
1 62 42 2 45 2 2 1436
0 63 31 15 32 19 3 1437
0 99 62 38 61 31 3 1438
1 0 6 36 5 40 1 1439
1 64 63 45 61 48 1 1440
0 21 64 44 61 46 3 1441
0 37 60 38 44 33 3 1442
0 131 43 32 43 24 3 1443
1 68 63 44 63 53 2 1444
0 66 71 32 74 31 5 1445
1 76 62 46 61 40 3 1446
0 10 56 66 56 59 3 1447
1 111 42 10 44 9 1 1448
1 117 54 50 46 57 1 1449
0 115 88 93 86 94 3 1450
1 70 61 19 55 20 1 1451
1 55 40 53 40 56 1 1452
0 66 75 31 70 39 3 1453
1 111 61 26 60 29 1 1454
0 65 34 45 33 41 3 1455
0 116 78 6 81 5 3 1456
0 92 32 54 33 51 3 1457
1 130 87 3 85 5 1 1458
0 43 58 18 61 18 3 1459
1 39 67 44 69 34 1 1460
0 2 53 50 56 45 3 1461
0 14 52 17 46 22 3 1462
0 45 51 80 47 80 3 1463
0 47 92 25 92 29 3 1464
1 26 69 26 71 31 1 1465
1 32 48 53 39 66 1 1466
0 70 46 19 49 18 3 1467
0 61 69 71 64 75 3 1468
1 133 44 21 33 40 1 1469
1 0 52 50 53 53 2 1470
1 74 6 39 5 51 1 1471
1 74 7 46 6 53 4 1472
1 108 47 20 51 19 2 1473
1 14 59 38 39 27 2 1474
0 38 55 27 54 30 3 1475
1 7 33 47 30 48 6 1476
0 37 60 18 58 19 3 1477
1 116 12 0 24 2 5 1478
1 137 50 2 43 2 1 1479
1 106 56 42 54 49 1 1480
1 1 56 18 60 14 1 1481
1 75 56 29 57 27 1 1482
1 37 53 42 42 43 1 1483
0 81 46 31 51 27 3 1484
0 22 60 22 59 32 3 1485
1 140 43 18 53 43 1 1486
1 78 59 38 50 47 1 1487
1 19 58 30 57 42 1 1488
1 62 62 29 61 35 1 1489
1 77 67 1 63 1 1 1490
1 90 63 34 61 33 5 1491
1 27 60 19 56 18 6 1492
1 77 45 47 38 43 1 1493
1 73 87 4 84 4 2 1494
0 67 45 16 43 17 3 1495
1 139 59 24 55 31 1 1496
1 34 53 34 53 31 1 1497
1 130 46 2 49 2 1 1498
1 60 44 17 51 63 1 1499
1 40 89 93 82 94 1 1500
0 42 58 55 64 51 3 1501
0 139 91 19 91 28 5 1502
1 45 49 47 47 55 1 1503
1 13 52 46 50 48 1 1504
1 93 59 44 55 51 1 1505
1 130 78 6 76 8 1 1506
0 9 32 15 58 46 3 1507
0 120 47 81 46 84 5 1508
1 98 68 74 69 72 1 1509
0 141 37 13 39 12 3 1510
1 125 51 28 52 23 2 1511
0 64 59 44 54 53 3 1512
0 88 57 43 55 44 3 1513
1 59 26 2 49 1 2 1514
1 53 86 4 88 3 6 1515
0 93 46 3 49 2 3 1516
1 32 39 14 36 13 1 1517
0 80 42 10 37 13 3 1518
0 29 91 34 91 41 4 1519
1 79 68 72 64 75 1 1520
1 112 57 38 54 40 2 1521
1 26 72 36 71 33 1 1522
1 90 64 1 58 2 1 1523
0 137 51 49 49 46 3 1524
1 0 39 14 36 14 4 1525
0 57 59 28 50 30 3 1526
1 69 45 45 46 32 1 1527
1 3 67 39 57 41 1 1528
0 58 60 32 62 33 3 1529
1 86 51 83 54 76 5 1530
1 79 41 19 44 19 1 1531
1 124 92 27 90 36 2 1532
1 132 62 32 51 31 1 1533
1 63 53 76 56 77 1 1534
1 48 41 11 32 12 2 1535
1 108 31 51 28 56 2 1536
0 56 5 53 3 46 3 1537
0 10 31 45 28 53 3 1538
1 140 70 34 65 40 6 1539
0 88 56 49 56 60 3 1540
1 98 72 71 67 74 3 1541
0 47 6 49 6 44 3 1542
1 136 5 65 6 69 1 1543
0 53 45 61 49 66 3 1544
1 40 5 68 6 63 6 1545
1 57 98 19 98 28 3 1546
1 20 57 36 54 36 1 1547
0 93 39 19 41 20 3 1548
1 112 51 31 49 33 5 1549
0 48 41 13 38 14 3 1550
1 7 33 48 32 45 1 1551
1 69 81 6 70 6 4 1552
0 114 57 41 67 46 3 1553
0 53 56 19 52 20 3 1554
0 0 39 14 41 13 3 1555
0 130 52 55 44 63 3 1556
1 92 68 32 64 33 1 1557
1 73 52 46 45 63 3 1558
0 83 57 39 54 41 3 1559
1 38 87 4 84 4 2 1560
1 29 64 49 61 59 1 1561
0 53 67 41 61 38 3 1562
1 55 68 38 62 49 1 1563
0 1 58 20 57 17 3 1564
1 101 53 43 30 73 2 1565
0 88 37 40 34 46 3 1566
1 109 6 43 7 46 2 1567
0 15 49 26 55 37 3 1568
0 65 57 28 57 46 5 1569
1 67 57 34 56 32 4 1570
1 67 48 66 53 53 1 1571
1 111 42 58 47 56 1 1572
0 71 67 92 65 95 3 1573
0 27 5 69 5 73 3 1574
0 83 6 59 6 55 3 1575
0 127 71 61 71 70 3 1576
1 140 67 72 65 76 3 1577
1 60 57 58 58 45 5 1578
0 3 91 34 86 26 6 1579
1 11 55 36 55 32 4 1580
0 108 33 44 31 45 3 1581
0 116 55 54 40 53 3 1582
1 42 42 59 44 52 1 1583
1 141 58 57 55 58 1 1584
1 19 85 94 79 94 1 1585
0 83 61 32 51 36 3 1586
1 132 60 42 52 42 2 1587
0 112 98 21 98 26 3 1588
0 92 62 18 60 15 3 1589
0 38 59 28 58 30 3 1590
0 77 53 42 51 48 3 1591
1 105 62 22 59 32 2 1592
0 108 50 33 52 31 3 1593
0 18 51 68 49 84 3 1594
0 64 70 31 60 28 3 1595
1 80 5 47 2 20 1 1596
0 37 7 49 6 46 3 1597
1 10 43 48 48 49 2 1598
0 105 49 43 47 52 3 1599
0 40 6 68 5 70 4 1600
1 102 64 36 63 32 2 1601
1 121 52 47 46 72 1 1602
1 48 29 24 32 25 2 1603
0 59 68 36 63 44 3 1604
0 42 92 32 91 27 3 1605
0 141 73 66 69 73 3 1606
0 114 68 70 67 74 3 1607
0 118 43 4 36 5 3 1608
1 52 69 35 73 34 3 1609
0 57 53 45 52 48 3 1610
1 126 44 30 45 34 1 1611
0 102 59 36 54 41 3 1612
0 130 62 48 58 57 3 1613
0 66 32 46 29 46 3 1614
1 118 45 53 32 56 3 1615
1 58 41 46 46 52 1 1616
1 98 60 28 56 35 1 1617
1 0 68 47 69 35 1 1618
0 87 62 46 59 42 3 1619
0 31 52 43 60 37 3 1620
0 0 32 46 27 51 3 1621
0 68 52 57 48 52 3 1622
1 107 41 34 42 32 1 1623
1 57 6 31 5 35 1 1624
0 11 49 3 29 4 3 1625
1 81 5 60 6 65 2 1626
0 138 61 35 59 34 3 1627
0 96 34 14 37 14 6 1628
0 106 59 76 42 76 3 1629
1 106 6 52 6 55 1 1630
0 133 51 47 49 51 5 1631
0 81 43 34 58 32 3 1632
1 88 59 44 56 46 5 1633
1 88 68 36 66 41 1 1634
0 62 53 49 50 40 3 1635
1 101 88 93 85 93 4 1636
1 5 31 57 28 64 1 1637
1 92 43 4 47 3 4 1638
1 75 54 1 56 2 1 1639
1 123 46 2 50 2 3 1640
0 141 50 52 54 51 3 1641
0 78 92 34 92 24 3 1642
1 115 78 7 81 6 1 1643
1 65 56 2 61 1 1 1644
0 139 91 31 90 37 3 1645
0 13 47 44 44 52 3 1646
1 57 98 18 98 15 1 1647
0 57 86 4 84 3 3 1648
1 35 54 19 51 19 2 1649
1 33 84 94 88 94 2 1650
0 126 48 53 53 44 6 1651
0 111 62 23 60 27 3 1652
0 143 48 53 47 56 3 1653
1 35 39 12 41 13 1 1654
1 132 71 33 72 42 1 1655
0 90 47 50 38 48 4 1656
0 22 66 44 66 41 3 1657
1 130 6 49 6 54 1 1658
1 86 6 54 5 48 1 1659
0 117 59 33 61 31 6 1660
1 88 53 68 45 76 1 1661
1 6 67 74 70 72 1 1662
0 70 51 75 64 67 3 1663
0 32 60 48 60 52 5 1664
1 51 66 76 73 67 5 1665
1 113 60 29 52 40 1 1666
1 76 61 73 62 71 1 1667
1 79 53 21 55 20 1 1668
0 30 46 30 48 28 3 1669
1 124 30 14 35 23 1 1670
0 8 35 36 33 38 3 1671
1 114 42 47 41 45 1 1672
0 72 54 75 57 75 3 1673
1 32 68 42 61 43 1 1674
1 128 56 28 30 27 3 1675
1 3 54 38 55 20 2 1676
0 84 40 13 38 12 3 1677
0 68 54 29 56 31 3 1678
0 130 61 49 51 52 3 1679
0 73 6 35 5 25 3 1680
0 32 55 24 57 14 3 1681
1 119 67 37 66 39 1 1682
1 16 31 46 31 43 1 1683
1 78 6 53 5 73 1 1684
1 100 32 43 31 49 3 1685
1 83 61 25 60 30 5 1686
1 115 43 30 40 44 2 1687
0 116 41 20 49 19 6 1688
0 88 69 43 48 44 3 1689
0 114 64 44 62 47 3 1690
1 39 55 51 52 54 1 1691
0 86 50 50 49 48 3 1692
1 32 37 9 34 9 2 1693
1 97 50 69 49 83 2 1694
1 25 55 72 54 75 1 1695
0 24 52 2 44 2 3 1696
1 125 92 31 92 28 1 1697
1 22 28 56 31 40 2 1698
1 87 58 57 54 61 1 1699
1 141 6 42 7 36 2 1700
0 104 57 49 52 59 3 1701
0 33 29 47 34 45 3 1702
0 59 6 66 5 69 3 1703
1 109 5 67 6 69 3 1704
0 109 55 35 33 29 4 1705
1 139 59 1 55 2 1 1706
1 66 51 25 47 29 5 1707
1 88 49 2 52 2 5 1708
1 32 61 45 46 56 5 1709
1 7 73 32 73 37 1 1710
1 113 57 31 54 31 1 1711
0 6 54 39 53 34 4 1712
1 121 6 34 5 37 1 1713
1 22 32 46 30 49 5 1714
0 71 55 45 50 47 3 1715
1 10 61 40 59 47 2 1716
1 33 60 24 61 27 2 1717
0 26 52 55 48 57 3 1718
0 114 63 33 44 40 3 1719
1 95 38 43 35 49 1 1720
1 130 49 50 52 44 1 1721
1 8 49 28 57 25 1 1722
1 56 50 53 55 50 6 1723
0 46 6 50 4 51 3 1724
1 89 54 2 62 1 4 1725
1 87 61 1 58 1 1 1726
0 139 44 20 75 38 3 1727
0 25 6 51 6 55 3 1728
1 77 56 31 60 26 1 1729
1 42 58 33 56 36 2 1730
0 128 60 30 58 33 3 1731
1 104 55 2 52 2 1 1732
0 97 51 77 53 79 3 1733
1 122 46 80 43 80 1 1734
1 92 80 5 79 7 1 1735
0 43 54 27 52 25 3 1736
1 23 52 61 54 56 1 1737
1 61 66 42 44 17 2 1738
1 97 62 34 48 60 1 1739
1 46 52 19 44 22 3 1740
0 48 90 35 91 40 3 1741
0 138 53 80 57 80 3 1742
1 102 50 31 47 34 1 1743
1 32 27 45 29 53 1 1744
0 117 41 44 46 44 3 1745
0 23 49 52 50 39 3 1746
0 110 38 50 47 61 3 1747
0 120 45 4 30 6 5 1748
0 76 55 76 63 69 3 1749
1 73 57 39 63 33 1 1750
1 10 43 34 36 38 2 1751
0 43 34 41 30 52 3 1752
1 94 5 74 5 71 1 1753
0 42 86 94 86 91 3 1754
1 130 26 51 30 52 4 1755
0 110 45 52 42 31 3 1756
1 126 54 77 59 77 1 1757
0 73 55 40 54 42 6 1758
1 61 57 29 56 36 2 1759
0 143 5 36 5 39 3 1760
0 61 67 92 65 93 3 1761
1 77 50 29 39 20 1 1762
1 40 57 43 59 40 1 1763
1 94 59 29 59 32 2 1764
1 69 56 75 55 77 6 1765
0 46 51 19 49 17 3 1766
0 82 66 73 70 72 3 1767
1 64 42 11 44 12 2 1768
0 130 68 34 62 46 3 1769
0 83 55 31 53 33 3 1770
1 78 56 43 62 39 3 1771
1 65 6 32 5 37 2 1772
0 68 53 51 51 58 3 1773
1 75 48 68 44 62 1 1774
0 73 59 42 59 38 3 1775
1 117 42 42 53 44 5 1776
0 4 58 19 50 20 3 1777
0 75 60 30 57 39 3 1778
0 107 59 17 52 21 3 1779
1 84 55 54 55 64 2 1780
1 139 57 29 55 30 1 1781
1 46 51 65 57 46 3 1782
0 135 6 31 6 41 3 1783
1 77 62 24 66 27 1 1784
1 29 65 46 68 40 2 1785
0 10 60 44 55 42 5 1786
0 24 52 45 40 46 5 1787
1 22 51 50 43 64 3 1788
1 91 54 41 46 36 1 1789
0 65 31 45 28 26 3 1790
0 88 46 2 49 2 5 1791
0 48 56 40 34 27 3 1792
0 72 37 42 35 43 3 1793
1 29 54 43 65 27 5 1794
0 50 54 33 57 26 3 1795
0 54 6 69 4 66 3 1796
0 82 55 44 47 38 5 1797
0 9 50 2 40 1 3 1798
1 73 55 55 52 62 1 1799
1 109 91 33 89 53 1 1800
0 105 61 51 62 40 3 1801
1 0 98 16 98 11 5 1802
0 140 58 36 61 35 3 1803
0 62 53 26 50 30 3 1804
1 13 70 39 59 45 1 1805
0 127 46 52 50 37 5 1806
0 112 50 33 54 25 3 1807
1 115 54 56 56 54 1 1808
1 109 67 41 70 39 3 1809
1 26 80 6 77 7 1 1810
1 136 55 77 52 76 1 1811
0 133 6 47 6 41 3 1812
0 133 55 38 56 50 3 1813
0 75 55 36 57 27 3 1814
0 14 47 15 52 17 3 1815
0 93 54 18 59 18 3 1816
1 86 60 45 62 47 2 1817
0 44 60 14 55 27 3 1818
1 66 67 41 67 33 1 1819
1 64 63 43 68 40 1 1820
1 34 87 4 81 2 1 1821
1 116 56 44 0 58 1 1822
0 137 31 15 61 38 3 1823
1 0 70 36 68 40 1 1824
0 92 73 66 67 73 3 1825
0 40 56 34 55 39 3 1826
0 122 55 80 59 80 3 1827
1 24 98 16 98 19 4 1828
1 114 71 70 59 89 1 1829
1 143 15 21 52 47 1 1830
1 56 44 63 45 68 3 1831
1 21 62 19 57 17 1 1832
1 116 51 19 44 23 5 1833
1 27 81 6 69 5 5 1834
0 95 80 6 83 4 3 1835
0 84 57 20 60 18 3 1836
1 101 60 33 61 30 5 1837
1 58 58 47 65 27 1 1838
0 8 48 33 50 34 3 1839
1 80 48 19 45 20 2 1840
0 104 46 42 47 50 3 1841
0 90 60 33 62 35 6 1842
1 136 63 33 62 49 2 1843
0 126 57 35 53 44 3 1844
1 31 31 44 30 48 1 1845
1 0 85 94 87 93 1 1846
1 78 58 80 54 80 2 1847
1 95 61 37 62 34 1 1848
0 58 60 37 64 36 3 1849
0 23 54 31 30 32 3 1850
0 67 6 61 5 64 5 1851
1 43 98 18 98 22 1 1852
1 31 54 2 56 1 1 1853
0 86 5 39 5 42 3 1854
0 15 66 1 56 2 3 1855
0 143 53 49 48 57 4 1856
0 12 52 19 50 20 3 1857
0 53 54 42 51 60 3 1858
0 79 43 2 46 2 3 1859
0 64 46 47 47 50 3 1860
0 6 6 33 6 30 3 1861
1 18 6 29 5 27 1 1862
1 112 40 11 44 11 1 1863
0 116 91 34 90 38 3 1864
1 63 29 48 30 45 2 1865
0 102 44 63 49 52 3 1866
0 82 44 4 16 2 3 1867
1 96 52 48 44 48 5 1868
1 88 57 46 56 39 1 1869
1 96 67 37 68 42 6 1870
1 70 70 72 72 69 1 1871
1 60 66 39 60 37 1 1872
0 90 54 38 60 31 3 1873
0 36 30 49 31 51 5 1874
1 68 57 30 19 14 1 1875
1 96 30 48 31 43 6 1876
0 10 53 54 50 61 3 1877
1 53 58 26 53 33 3 1878
1 29 48 2 53 1 1 1879
0 123 29 57 31 49 3 1880
1 43 64 37 62 38 2 1881
0 52 33 49 31 47 3 1882
1 51 47 48 46 50 1 1883
0 83 66 41 69 40 3 1884
0 74 6 26 6 31 3 1885
0 110 45 27 44 34 3 1886
0 16 67 34 67 41 3 1887
0 128 18 2 48 3 3 1888
1 18 92 30 91 35 2 1889
1 109 49 79 55 74 2 1890
0 137 31 50 31 47 3 1891
1 115 89 92 87 93 1 1892
0 85 62 69 53 76 3 1893
1 61 64 32 60 39 5 1894
1 35 67 27 66 33 1 1895
1 128 82 4 81 6 1 1896
1 15 64 94 66 93 1 1897
1 1 65 16 60 19 1 1898
0 108 29 58 30 52 3 1899
1 79 42 4 39 4 1 1900
1 22 56 28 58 33 2 1901
0 2 56 80 38 80 6 1902
0 20 48 59 54 52 3 1903
1 121 65 80 68 77 1 1904
1 128 30 50 27 52 1 1905
0 50 38 70 42 64 3 1906
1 108 60 31 60 38 1 1907
1 67 4 66 4 69 5 1908
0 96 52 46 54 41 3 1909
0 128 44 50 53 40 3 1910
1 138 51 77 57 73 1 1911
1 97 9 27 24 37 2 1912
1 54 61 45 55 53 6 1913
0 75 91 35 90 38 3 1914
0 90 50 2 52 1 3 1915
0 136 7 49 6 45 3 1916
1 92 51 20 56 20 1 1917
0 124 90 37 92 24 6 1918
0 58 53 44 60 34 3 1919
0 35 54 44 55 42 3 1920
0 119 88 3 86 4 3 1921
1 80 44 11 38 13 1 1922
1 60 67 37 65 41 1 1923
1 90 51 19 53 20 2 1924
1 0 54 53 54 45 1 1925
1 36 42 11 39 12 2 1926
0 32 55 72 55 75 3 1927
0 140 50 63 50 67 3 1928
1 25 91 34 92 32 2 1929
0 0 51 61 50 51 3 1930
1 119 73 35 69 35 2 1931
1 102 63 46 53 43 2 1932
0 104 51 40 56 38 3 1933
0 28 98 27 98 32 3 1934
1 98 48 46 45 52 2 1935
0 117 54 44 55 48 3 1936
0 36 45 53 22 20 3 1937
1 38 39 13 34 14 1 1938
0 46 6 55 6 50 3 1939
0 102 58 36 61 39 3 1940
1 54 63 1 56 2 1 1941
0 53 57 29 47 32 6 1942
1 88 59 48 57 46 1 1943
0 139 29 47 30 50 3 1944
1 39 71 39 66 41 1 1945
0 0 31 50 27 50 5 1946
0 9 6 35 6 32 3 1947
1 143 50 50 52 54 2 1948
1 66 54 41 46 31 1 1949
1 24 56 38 54 40 2 1950
0 4 60 28 61 30 3 1951
0 1 57 39 55 40 3 1952
1 18 58 80 55 80 1 1953
1 27 58 26 41 23 2 1954
0 12 98 18 98 22 3 1955
1 73 29 47 20 49 2 1956
0 74 56 73 53 76 3 1957
1 64 37 15 36 13 1 1958
1 101 62 36 59 38 5 1959
1 140 63 33 51 49 1 1960
1 78 91 27 90 25 1 1961
1 64 51 79 54 76 1 1962
0 109 61 68 57 75 3 1963
1 87 47 20 49 18 3 1964
1 0 68 45 68 38 6 1965
0 74 58 75 55 73 3 1966
1 30 5 73 6 56 1 1967
0 50 50 28 48 29 3 1968
1 128 52 25 46 30 1 1969
1 2 53 81 50 81 1 1970
1 116 49 28 46 31 1 1971
1 133 51 60 45 58 1 1972
1 103 53 47 53 51 1 1973
1 135 58 36 31 42 1 1974
1 20 59 19 55 18 1 1975
1 113 56 31 55 37 1 1976
1 136 6 54 6 50 1 1977
1 97 61 33 55 34 1 1978
1 125 65 92 67 91 1 1979
1 132 5 38 5 47 3 1980
0 64 91 25 91 30 3 1981
1 44 54 41 47 40 4 1982
1 41 47 53 46 40 1 1983
1 104 70 38 53 41 1 1984
0 79 43 29 37 41 3 1985
1 85 54 30 24 37 2 1986
0 58 31 49 23 45 3 1987
0 104 58 37 59 34 5 1988
1 79 58 18 53 15 1 1989
0 47 5 64 6 67 3 1990
0 44 59 34 54 42 3 1991
1 112 71 41 69 40 1 1992
1 70 69 6 78 6 1 1993
1 92 57 28 35 19 4 1994
1 120 59 20 52 32 2 1995
0 74 51 76 52 73 3 1996
1 76 64 42 68 35 1 1997
0 108 63 48 72 32 3 1998
1 16 44 2 35 4 1 1999
