0 73 56 42 51 48 3 0
1 6 51 26 46 29 3 1
1 141 50 62 47 63 1 2
1 25 60 41 52 47 1 3
0 39 71 26 73 35 3 4
0 137 6 28 5 33 3 5
0 131 57 18 51 21 3 6
0 115 59 40 51 34 3 7
1 12 47 42 33 57 2 8
0 6 46 66 51 48 3 9
0 111 56 59 55 54 3 10
0 112 29 47 27 51 3 11
0 36 33 48 29 42 3 12
1 123 57 41 60 40 1 13
0 65 33 50 32 44 5 14
1 76 54 80 56 78 1 15
0 41 64 45 63 48 3 16
0 2 51 80 46 80 3 17
1 100 33 43 22 48 1 18
1 39 67 36 68 34 1 19
0 45 45 60 41 79 3 20
1 63 47 3 45 4 5 21
0 141 60 24 59 26 3 22
0 123 46 2 28 2 3 23
0 90 64 32 53 36 3 24
0 108 58 36 62 30 3 25
0 102 39 12 34 16 3 26
1 32 50 73 50 77 1 27
1 66 47 28 35 52 3 28
0 41 55 41 61 34 3 29
1 39 70 23 59 66 5 30
0 51 46 24 42 29 3 31
0 86 53 75 55 79 3 32
0 108 52 53 59 42 3 33
0 116 66 34 68 33 3 34
0 32 16 21 54 39 3 35
0 35 52 27 23 17 3 36
1 48 42 74 45 59 1 37
1 93 87 94 86 96 1 38
1 39 49 40 41 31 1 39
0 66 86 4 83 3 3 40
1 138 37 4 31 4 2 41
1 131 55 21 57 18 2 42
0 94 52 46 50 50 3 43
0 93 61 41 54 59 3 44
1 40 88 93 84 92 1 45
1 124 57 1 64 1 1 46
0 112 44 22 54 25 3 47
1 19 68 71 70 70 3 48
1 128 60 29 56 35 1 49
1 5 54 65 50 62 1 50
1 61 68 40 63 32 1 51
0 88 42 2 50 2 4 52
1 120 62 50 53 43 6 53
0 135 6 65 5 71 3 54
1 115 46 3 42 3 4 55
1 67 69 33 44 18 1 56
0 101 29 51 28 49 3 57
0 67 56 49 56 52 3 58
1 69 14 1 51 2 1 59
1 76 61 34 54 41 1 60
1 9 48 38 55 31 5 61
1 36 68 36 61 48 1 62
1 4 48 4 44 4 1 63
0 0 57 28 52 41 3 64
0 107 51 2 53 1 3 65
1 60 60 49 60 42 1 66
1 11 68 41 53 72 1 67
1 64 59 23 54 32 1 68
1 79 44 33 39 37 2 69
1 77 88 93 86 95 4 70
0 51 46 4 44 2 3 71
0 41 5 48 5 57 3 72
1 120 46 3 44 4 1 73
1 4 54 20 48 30 2 74
0 28 67 92 61 92 5 75
1 129 89 92 88 94 1 76
1 4 46 32 54 20 1 77
0 64 48 54 48 29 3 78
1 76 61 46 57 34 1 79
0 21 68 36 66 35 3 80
1 28 31 45 33 46 1 81
0 91 41 34 41 45 3 82
0 104 58 37 59 33 3 83
1 143 63 95 65 94 4 84
1 5 66 40 69 37 1 85
0 72 51 41 55 37 3 86
1 38 52 35 49 36 2 87
1 12 92 27 91 34 1 88
0 66 7 45 6 42 3 89
1 80 68 38 66 47 1 90
0 86 59 17 63 16 3 91
0 17 55 45 52 57 3 92
0 119 62 30 56 40 5 93
0 143 42 56 46 53 3 94
0 100 80 5 62 2 3 95
1 126 55 46 49 52 3 96
1 59 47 41 40 40 1 97
0 90 40 11 39 13 3 98
0 23 59 25 55 30 3 99
0 84 67 35 65 40 3 100
1 110 6 41 5 39 1 101
1 79 61 17 63 18 3 102
0 4 44 48 47 39 3 103
0 126 51 48 48 54 3 104
0 93 64 1 56 2 3 105
0 135 67 92 66 94 3 106
0 117 53 58 52 47 3 107
0 48 70 30 44 17 3 108
1 18 31 51 31 48 2 109
0 139 61 2 65 1 3 110
1 53 52 33 56 31 2 111
0 108 5 69 6 64 3 112
1 3 43 2 46 1 1 113
0 7 30 58 28 59 3 114
0 139 6 34 6 40 3 115
0 50 52 29 51 25 5 116
0 74 60 54 46 58 4 117
1 34 60 31 62 33 1 118
0 10 56 51 60 54 3 119
1 130 49 20 54 17 1 120
1 43 55 80 64 80 1 121
0 121 64 42 63 45 3 122
1 103 47 4 40 5 1 123
0 95 64 49 67 40 3 124
0 91 54 43 51 47 3 125
0 62 70 38 48 44 3 126
0 5 23 15 13 16 3 127
1 13 37 18 37 30 1 128
0 130 69 45 68 39 3 129
0 26 64 50 67 26 4 130
0 91 69 37 65 42 4 131
1 90 29 48 34 46 3 132
1 38 62 24 59 26 5 133
0 60 68 37 70 15 3 134
0 57 46 61 49 64 3 135
1 92 46 3 49 2 3 136
0 132 35 40 32 44 3 137
1 141 51 48 50 50 2 138
1 105 72 34 70 44 1 139
1 0 51 31 50 33 1 140
1 28 60 38 42 39 1 141
1 105 68 74 70 72 1 142
1 0 56 51 62 39 1 143
0 35 6 49 6 44 3 144
0 13 5 68 6 64 3 145
1 25 83 5 69 6 1 146
1 96 41 11 38 12 1 147
1 53 60 23 55 39 1 148
0 100 60 50 58 62 3 149
1 114 31 42 26 54 1 150
0 131 49 16 58 17 5 151
1 80 64 43 62 38 1 152
0 59 85 4 80 2 3 153
1 4 53 1 11 1 2 154
0 41 42 56 37 58 3 155
1 11 51 78 57 79 6 156
1 40 55 21 61 18 1 157
1 2 28 67 27 69 1 158
1 98 56 51 57 49 1 159
1 26 56 77 61 70 1 160
1 17 51 26 53 24 1 161
0 68 54 38 44 54 3 162
0 86 98 19 98 16 3 163
1 18 61 30 59 32 4 164
1 86 60 18 52 20 1 165
1 45 60 49 58 55 1 166
1 131 63 35 61 40 1 167
1 84 67 36 68 39 5 168
1 72 67 43 65 50 1 169
0 31 55 80 49 81 3 170
1 42 45 21 51 17 1 171
1 120 43 4 48 3 1 172
0 10 66 91 65 95 3 173
0 31 87 4 84 4 3 174
0 64 57 49 56 44 3 175
1 138 55 72 30 78 1 176
1 137 43 2 46 2 2 177
1 19 38 58 69 59 1 178
0 11 54 55 54 52 3 179
0 58 62 41 61 36 3 180
0 67 51 39 58 40 3 181
0 13 60 35 63 33 3 182
0 112 36 13 40 12 3 183
0 93 6 38 5 42 3 184
1 50 46 31 51 31 1 185
1 59 59 27 61 16 2 186
1 115 63 34 55 21 1 187
1 92 87 94 85 93 2 188
0 13 80 5 72 6 3 189
0 108 70 22 71 24 3 190
1 99 51 45 49 65 1 191
0 90 55 32 53 35 3 192
0 40 49 3 24 3 3 193
1 93 6 31 5 42 1 194
1 60 54 42 48 63 1 195
1 127 55 28 49 32 1 196
1 99 55 51 56 40 1 197
1 76 60 51 62 49 4 198
1 15 35 27 42 29 1 199
1 5 51 62 52 65 1 200
1 51 91 32 87 50 1 201
1 138 59 50 59 57 1 202
1 77 46 31 48 30 1 203
1 115 52 42 53 46 1 204
1 0 5 62 5 65 2 205
1 29 52 32 60 37 1 206
0 13 62 45 62 42 3 207
1 54 71 39 63 53 1 208
0 32 47 56 54 53 3 209
1 141 89 93 87 94 1 210
0 85 69 38 64 45 3 211
1 49 67 43 49 45 3 212
1 122 53 47 54 45 1 213
1 32 58 45 57 49 1 214
1 17 53 49 27 26 2 215
0 34 48 78 55 79 3 216
0 34 5 75 4 77 3 217
1 7 49 3 46 3 2 218
1 113 53 45 55 41 2 219
1 65 6 20 6 32 5 220
0 111 6 40 5 49 3 221
0 27 60 16 56 18 3 222
0 99 67 35 69 34 3 223
1 19 51 27 52 24 1 224
0 65 57 38 56 32 3 225
0 129 61 35 58 40 3 226
1 128 57 39 49 43 1 227
0 103 56 1 53 1 3 228
0 130 58 40 54 49 3 229
0 113 46 2 49 2 3 230
1 11 46 44 47 50 1 231
0 42 91 25 91 28 3 232
1 93 5 33 5 48 1 233
1 136 6 53 7 44 1 234
1 140 62 52 59 57 1 235
0 37 72 72 68 72 3 236
1 28 51 53 48 52 2 237
1 85 63 45 68 42 5 238
0 77 98 14 98 26 3 239
1 19 62 50 59 46 1 240
1 21 46 2 42 2 1 241
0 27 7 44 6 53 3 242
0 109 70 33 68 39 3 243
0 112 52 31 50 32 3 244
1 17 51 47 54 52 1 245
1 120 80 5 79 7 2 246
0 128 55 33 57 22 3 247
1 61 58 19 55 18 1 248
0 139 53 1 56 1 3 249
0 72 54 44 49 57 3 250
1 45 46 20 50 19 1 251
0 32 49 41 46 51 5 252
0 78 92 26 92 32 3 253
1 98 6 65 6 61 3 254
0 121 42 34 38 38 5 255
0 111 48 52 51 48 3 256
0 35 6 45 6 52 3 257
0 5 79 6 98 4 4 258
1 64 43 11 40 12 3 259
0 23 45 76 43 78 3 260
0 143 57 56 53 57 3 261
0 70 51 38 59 28 3 262
1 62 54 44 57 43 1 263
1 8 49 38 42 66 1 264
1 137 53 77 55 78 1 265
0 46 56 46 56 55 5 266
1 37 52 58 41 88 3 267
0 137 53 47 59 33 3 268
1 119 6 27 6 40 2 269
1 13 33 49 32 55 2 270
0 129 98 23 98 26 3 271
1 40 51 32 54 36 2 272
1 91 57 40 50 48 1 273
1 39 55 37 53 45 1 274
0 10 59 48 47 45 3 275
0 105 66 44 69 39 5 276
0 9 51 49 54 46 3 277
0 122 81 5 70 6 3 278
0 138 4 39 6 34 3 279
1 127 65 94 61 97 2 280
1 56 51 54 52 60 1 281
0 46 5 50 6 44 3 282
1 73 40 44 36 41 1 283
1 108 32 56 32 51 3 284
1 38 91 19 93 8 1 285
0 115 55 45 50 47 3 286
0 22 68 47 64 46 3 287
1 47 7 38 6 27 2 288
0 21 98 21 98 17 4 289
0 26 57 37 48 50 3 290
1 138 61 50 54 38 1 291
0 59 43 35 41 45 3 292
0 126 58 35 54 49 3 293
1 16 66 41 70 39 2 294
1 32 67 38 70 30 1 295
1 66 46 27 45 24 1 296
1 127 59 49 62 47 1 297
0 13 41 41 45 32 3 298
1 112 59 25 54 32 1 299
1 138 41 75 48 42 3 300
1 143 52 47 52 56 1 301
0 92 68 40 65 44 6 302
1 117 50 53 45 63 4 303
0 118 49 2 53 1 3 304
1 109 87 4 84 4 4 305
0 0 6 31 5 20 3 306
0 39 53 50 52 54 3 307
0 35 50 28 48 33 5 308
1 142 51 64 47 69 2 309
1 37 77 6 83 4 1 310
0 108 31 47 27 57 3 311
0 84 55 49 50 47 3 312
1 108 91 30 91 40 1 313
0 64 92 27 91 31 3 314
0 132 98 18 98 21 3 315
1 123 33 45 27 65 1 316
1 39 58 44 69 38 1 317
1 66 42 40 43 32 1 318
1 3 81 2 86 2 1 319
0 66 55 22 48 29 3 320
0 9 55 50 57 40 3 321
1 126 88 93 86 91 2 322
1 81 64 42 59 57 1 323
0 66 80 6 69 6 3 324
1 56 49 44 57 36 2 325
1 63 63 78 64 76 1 326
0 29 38 80 33 80 3 327
1 1 57 18 59 17 1 328
0 93 5 45 6 34 3 329
1 66 6 56 6 52 1 330
1 52 37 39 44 30 3 331
1 61 6 43 5 40 1 332
0 26 77 36 66 42 3 333
1 77 55 24 58 27 1 334
0 126 55 76 33 78 3 335
1 21 91 31 92 27 1 336
1 102 52 60 51 62 1 337
0 29 61 45 46 47 3 338
1 18 39 48 52 45 4 339
1 122 88 92 85 92 1 340
0 101 63 46 66 43 3 341
1 29 49 45 56 34 1 342
0 28 98 21 98 25 3 343
1 63 80 5 78 6 1 344
1 67 3 96 1 95 3 345
1 92 32 18 37 18 1 346
0 28 61 40 63 37 3 347
1 82 45 25 40 22 1 348
0 79 33 49 28 55 3 349
0 39 55 42 56 47 3 350
0 128 55 39 58 39 4 351
0 8 55 30 57 31 6 352
0 56 46 37 49 40 3 353
1 57 50 83 47 83 1 354
0 89 51 75 69 72 3 355
1 14 71 41 67 39 1 356
0 59 6 32 6 35 3 357
0 43 59 54 56 54 3 358
1 81 6 31 5 37 1 359
1 66 70 42 69 40 2 360
1 100 6 65 5 68 1 361
0 26 86 4 88 3 3 362
1 41 4 66 6 68 5 363
0 106 6 60 5 57 5 364
1 3 53 47 27 25 3 365
0 62 52 45 53 41 6 366
1 83 42 32 35 36 1 367
1 121 56 80 51 80 1 368
0 44 98 17 98 22 3 369
0 87 88 4 81 2 3 370
1 23 55 28 60 23 1 371
0 34 91 31 91 34 3 372
1 46 43 32 45 17 2 373
1 62 67 92 65 94 1 374
0 11 55 54 55 57 3 375
0 51 69 38 64 45 3 376
1 22 47 2 26 2 1 377
0 13 50 62 47 60 3 378
1 105 50 70 53 57 1 379
1 91 58 43 51 52 2 380
0 112 58 80 54 80 3 381
0 59 44 11 34 16 3 382
1 51 59 24 41 45 2 383
1 77 60 1 56 2 5 384
1 78 60 20 63 24 1 385
1 92 44 4 38 5 5 386
1 71 48 3 41 4 1 387
1 72 66 40 69 32 1 388
0 102 46 2 50 2 3 389
1 10 56 41 51 46 1 390
1 128 31 13 37 13 1 391
0 93 6 33 5 19 3 392
1 66 40 38 38 40 2 393
1 131 56 28 62 35 1 394
0 37 67 93 60 94 3 395
1 2 46 3 42 3 1 396
1 36 43 40 48 51 1 397
1 112 55 38 54 35 2 398
0 38 66 75 64 74 3 399
1 113 5 38 6 33 1 400
0 10 60 25 60 30 3 401
1 139 57 2 61 2 6 402
1 80 61 51 58 58 1 403
1 10 42 31 37 43 3 404
0 95 70 71 70 68 4 405
0 134 56 41 54 45 4 406
0 136 51 29 55 24 3 407
0 97 69 73 51 75 3 408
0 82 67 72 70 72 3 409
0 80 33 45 30 45 5 410
0 61 49 81 55 81 3 411
1 9 53 50 45 61 2 412
1 118 53 75 68 74 1 413
1 13 69 37 67 48 1 414
1 111 49 56 48 54 1 415
0 104 62 39 66 9 3 416
1 117 58 44 56 39 3 417
0 45 53 80 40 80 3 418
0 56 62 24 60 13 3 419
1 74 70 6 81 5 2 420
0 52 68 33 70 37 3 421
1 139 3 13 6 30 2 422
1 70 49 64 43 64 2 423
0 65 30 54 31 51 3 424
0 27 48 51 56 25 3 425
0 12 68 73 72 66 3 426
0 52 62 34 54 8 3 427
1 23 45 4 41 4 1 428
0 72 55 2 57 0 4 429
0 73 59 72 55 62 3 430
1 10 57 28 54 29 3 431
1 108 5 68 6 66 1 432
1 125 57 40 54 44 1 433
1 67 51 80 47 80 1 434
0 87 61 46 63 39 5 435
1 7 53 68 51 72 1 436
0 7 33 48 31 47 3 437
1 32 40 37 42 38 2 438
0 37 5 61 6 63 3 439
1 64 27 51 29 52 1 440
1 24 6 60 6 63 2 441
1 140 35 16 62 58 1 442
1 87 48 49 47 51 3 443
0 25 43 12 37 13 3 444
1 2 42 2 47 2 1 445
0 103 55 30 57 28 3 446
0 143 69 36 52 26 3 447
0 139 6 35 5 47 3 448
1 43 98 18 98 22 1 449
1 24 87 3 81 2 1 450
0 17 73 67 72 71 3 451
0 21 49 61 50 59 3 452
0 143 42 12 44 11 3 453
0 78 52 80 56 80 3 454
0 18 61 48 50 62 3 455
0 48 6 50 2 22 3 456
1 115 62 44 57 48 1 457
1 88 53 18 50 19 1 458
1 53 63 16 50 18 1 459
0 69 57 60 57 47 3 460
1 135 55 38 46 50 1 461
1 94 28 58 31 58 2 462
0 37 16 21 56 41 3 463
0 92 57 72 58 75 3 464
1 16 60 31 62 32 1 465
0 39 67 41 65 40 3 466
1 111 50 48 42 72 2 467
0 133 34 43 32 46 3 468
1 126 7 43 7 38 1 469
0 7 5 55 3 58 3 470
1 77 50 19 46 20 1 471
0 54 45 80 54 81 3 472
1 38 60 25 61 23 2 473
0 72 98 23 98 18 3 474
0 128 48 29 49 32 3 475
0 138 56 78 53 75 3 476
0 89 5 45 6 41 3 477
1 18 56 62 54 55 1 478
1 0 60 18 25 16 1 479
0 114 70 35 69 44 3 480
0 32 36 13 40 13 3 481
1 96 4 49 5 47 1 482
0 1 55 80 50 81 3 483
0 75 30 46 31 49 3 484
0 44 91 32 92 28 3 485
1 1 64 17 57 18 1 486
0 42 91 28 91 32 3 487
0 106 6 42 5 65 3 488
1 86 55 40 50 52 2 489
0 17 52 39 58 39 3 490
1 31 51 75 66 62 1 491
1 9 50 18 47 14 1 492
0 88 57 37 56 39 3 493
0 88 64 34 53 45 6 494
1 30 56 46 49 60 1 495
0 29 51 26 54 26 3 496
1 40 51 80 11 60 1 497
1 78 61 41 61 46 3 498
1 36 64 32 64 27 3 499
1 93 50 27 51 24 1 500
0 74 52 63 60 42 6 501
1 88 53 51 53 58 1 502
0 137 30 54 26 65 3 503
0 31 64 1 61 1 6 504
0 31 43 66 47 52 3 505
0 19 53 50 50 64 3 506
1 65 57 46 60 42 1 507
1 55 6 40 6 32 1 508
1 133 52 81 55 80 1 509
1 13 65 49 64 47 3 510
0 0 50 54 48 68 3 511
1 95 69 70 70 72 1 512
1 108 53 53 55 50 1 513
0 125 58 25 58 34 3 514
0 143 73 32 66 32 3 515
1 130 54 56 58 48 1 516
0 120 30 46 33 46 3 517
1 129 66 42 66 45 1 518
1 5 41 38 37 40 2 519
1 0 60 15 52 19 1 520
1 98 60 27 49 26 1 521
0 108 91 27 90 41 5 522
0 80 67 44 69 40 3 523
0 31 45 2 42 2 3 524
1 114 31 49 27 52 1 525
1 7 49 39 49 43 1 526
0 53 55 37 61 23 6 527
0 32 77 6 81 5 3 528
1 122 6 32 5 41 1 529
1 28 50 55 47 62 2 530
0 59 64 42 59 45 3 531
0 86 73 68 71 72 3 532
0 130 47 31 52 25 4 533
0 27 6 35 5 40 3 534
1 90 47 46 45 60 1 535
1 39 57 47 45 64 5 536
1 76 6 59 7 46 3 537
0 126 6 53 5 61 3 538
1 73 98 22 98 29 3 539
0 38 60 26 54 34 3 540
1 76 60 44 61 41 3 541
0 48 91 35 90 38 3 542
0 136 57 39 55 40 3 543
0 97 49 38 37 39 3 544
0 93 44 34 45 32 3 545
0 27 39 13 36 13 3 546
0 119 39 28 43 31 3 547
0 139 77 7 81 6 3 548
0 18 81 6 83 4 3 549
0 4 69 74 71 69 3 550
1 26 48 55 49 57 1 551
0 62 54 47 51 34 3 552
0 120 44 17 48 19 3 553
0 136 7 50 6 45 3 554
1 101 65 1 51 2 1 555
1 7 5 58 6 60 5 556
1 65 6 25 6 21 1 557
0 47 87 3 85 4 3 558
1 105 69 69 69 74 1 559
1 39 46 48 60 17 1 560
0 11 32 78 48 80 3 561
1 96 59 2 52 3 1 562
0 16 54 47 59 55 3 563
0 74 72 40 77 13 3 564
0 122 36 41 35 46 3 565
0 67 6 69 5 73 3 566
1 115 71 72 67 73 1 567
1 60 52 18 49 18 4 568
1 109 30 49 29 54 1 569
1 42 45 51 44 41 1 570
1 120 51 56 48 55 1 571
0 138 53 46 51 55 3 572
1 112 46 45 41 77 1 573
1 114 58 54 59 52 1 574
0 17 45 4 42 3 3 575
0 123 60 20 55 31 3 576
0 49 43 39 44 33 3 577
1 117 50 37 60 40 5 578
0 76 64 43 61 43 3 579
1 52 37 41 41 41 2 580
1 78 44 45 39 37 1 581
1 57 31 43 27 48 1 582
1 85 52 46 48 53 1 583
1 93 90 37 91 35 1 584
0 59 66 40 69 41 3 585
0 128 39 10 35 11 6 586
0 105 68 49 69 45 3 587
0 93 53 40 56 44 3 588
1 107 88 93 86 94 5 589
1 86 30 14 57 16 1 590
0 13 73 36 70 41 6 591
0 78 6 59 6 47 3 592
1 66 58 17 57 19 1 593
1 63 68 77 70 75 5 594
0 97 50 27 55 23 5 595
1 5 21 19 28 37 2 596
0 24 49 55 57 46 3 597
0 100 50 54 46 64 3 598
1 124 90 37 90 25 1 599
0 22 53 50 55 38 3 600
0 142 6 59 6 55 3 601
1 21 60 47 62 41 1 602
1 108 68 73 51 75 1 603
1 20 64 1 55 2 2 604
1 29 58 37 50 49 1 605
1 99 59 41 55 43 1 606
1 78 46 3 30 4 1 607
1 4 52 24 46 31 2 608
1 8 58 31 60 30 5 609
0 94 26 25 54 41 3 610
1 101 53 50 50 40 3 611
1 111 58 75 62 69 3 612
0 11 52 48 51 46 3 613
0 11 67 42 68 40 3 614
1 126 56 73 55 75 3 615
1 99 90 42 92 28 1 616
0 72 49 49 47 42 3 617
0 120 61 42 53 34 3 618
1 97 47 4 40 4 1 619
0 102 56 49 53 42 5 620
1 35 71 32 63 48 1 621
1 132 62 30 68 43 6 622
0 95 5 35 6 31 3 623
0 132 61 59 63 57 3 624
1 14 47 43 50 36 1 625
1 123 59 54 61 47 3 626
0 89 29 51 28 33 3 627
1 51 59 29 60 27 1 628
0 18 59 22 61 32 5 629
0 83 5 48 6 44 3 630
0 25 49 48 40 82 3 631
1 42 46 54 38 47 6 632
1 0 62 21 60 20 1 633
0 86 39 38 37 40 3 634
0 17 41 13 36 14 3 635
0 86 40 9 36 13 3 636
1 96 32 15 34 12 5 637
0 14 49 51 39 91 3 638
1 51 31 52 32 48 1 639
1 7 68 69 67 73 1 640
0 5 31 34 31 42 3 641
1 59 56 80 49 81 1 642
0 121 41 42 42 39 5 643
1 116 6 50 6 46 1 644
0 14 53 50 55 49 3 645
0 2 55 27 47 30 3 646
1 82 48 20 45 20 3 647
1 76 41 2 47 2 1 648
0 29 50 47 60 40 3 649
1 142 49 48 52 52 1 650
0 110 72 25 66 26 3 651
1 115 62 70 61 73 1 652
1 13 58 45 54 55 1 653
0 69 79 3 82 4 3 654
0 86 98 15 98 23 6 655
0 106 6 33 6 28 3 656
1 7 60 40 53 56 5 657
1 36 32 45 31 43 2 658
0 25 67 46 66 50 3 659
1 102 51 32 51 26 2 660
0 130 5 58 0 42 3 661
0 35 42 30 50 32 5 662
0 18 43 32 44 30 3 663
0 99 67 42 65 43 3 664
1 116 64 32 65 18 1 665
0 38 71 74 69 73 3 666
1 49 49 3 42 4 1 667
1 116 58 29 59 27 3 668
1 119 61 30 60 34 2 669
1 103 60 47 48 48 2 670
0 48 52 55 52 52 3 671
0 96 43 11 40 11 3 672
1 93 6 35 6 31 5 673
1 70 88 93 86 94 2 674
1 36 35 16 53 40 1 675
0 35 55 32 58 34 3 676
0 50 46 33 50 29 6 677
0 59 69 45 66 49 3 678
1 87 53 51 51 50 1 679
0 141 60 44 56 55 3 680
1 141 50 62 30 80 1 681
0 41 63 1 60 1 3 682
0 39 59 40 55 42 3 683
0 64 32 48 30 46 3 684
1 72 62 2 64 1 2 685
1 17 48 2 53 2 6 686
1 78 92 33 91 31 1 687
1 13 76 7 81 5 5 688
1 107 30 49 29 35 1 689
0 12 52 17 41 20 3 690
1 5 70 41 67 37 1 691
0 134 72 33 71 38 3 692
0 39 60 14 46 19 3 693
1 111 47 54 49 51 2 694
0 51 33 45 30 52 6 695
0 14 55 39 52 44 5 696
1 102 39 37 43 35 1 697
0 139 47 59 56 31 3 698
0 143 32 44 11 41 3 699
1 8 51 40 52 31 2 700
1 106 71 26 58 26 2 701
1 102 59 56 57 57 1 702
0 14 98 21 98 25 5 703
1 96 35 12 28 12 5 704
0 39 68 40 66 50 3 705
0 11 44 66 49 62 4 706
0 83 54 34 38 33 3 707
1 44 69 35 67 41 5 708
1 65 64 18 59 18 4 709
0 48 69 44 68 36 3 710
1 21 88 93 84 93 6 711
0 8 54 34 57 26 3 712
0 108 68 39 60 58 3 713
1 81 52 30 19 34 1 714
0 102 54 2 63 1 3 715
1 72 67 74 70 72 1 716
0 41 59 28 53 34 3 717
1 66 72 41 63 45 4 718
1 117 18 14 59 21 1 719
0 116 57 33 56 31 3 720
0 71 49 42 32 55 3 721
1 43 54 65 51 62 1 722
1 109 34 40 30 50 1 723
1 30 32 78 41 74 1 724
0 130 58 52 57 49 3 725
1 25 69 37 67 32 1 726
1 132 33 50 31 49 4 727
1 43 63 37 64 43 1 728
1 62 61 51 61 48 1 729
1 27 50 32 49 29 1 730
0 117 51 47 54 44 3 731
0 123 50 19 56 20 3 732
1 69 51 79 53 80 2 733
0 106 68 39 70 29 3 734
0 91 55 50 50 48 3 735
0 98 53 32 56 31 3 736
1 21 92 26 90 36 1 737
0 43 60 43 64 37 3 738
1 48 90 36 92 27 5 739
1 94 24 49 27 53 3 740
0 139 65 1 55 2 3 741
1 102 54 59 51 59 1 742
0 29 57 38 52 45 3 743
0 135 52 50 54 43 4 744
1 33 90 17 91 22 1 745
0 52 46 31 50 25 3 746
0 128 12 8 36 11 3 747
1 104 50 36 47 37 1 748
0 26 50 53 54 42 5 749
1 75 40 34 43 30 4 750
1 48 52 47 52 58 2 751
1 48 92 33 97 7 1 752
0 79 88 93 86 94 3 753
0 134 69 34 66 33 5 754
0 14 56 20 53 21 3 755
1 1 61 17 57 18 1 756
1 140 73 67 65 74 1 757
1 28 98 7 98 25 2 758
0 9 53 45 49 54 3 759
0 41 56 52 52 61 3 760
0 17 56 72 51 78 3 761
0 32 54 59 55 53 4 762
0 51 53 75 69 73 3 763
0 18 54 56 51 62 3 764
0 76 62 39 62 48 3 765
0 105 31 49 32 36 3 766
0 17 43 38 44 36 3 767
1 97 81 6 78 6 1 768
1 23 56 77 53 77 3 769
1 134 66 93 62 96 1 770
1 113 5 38 5 44 1 771
1 66 50 20 52 17 4 772
0 143 53 78 44 76 3 773
1 65 31 46 27 59 2 774
0 112 56 40 60 32 5 775
1 36 66 37 64 36 2 776
1 137 55 48 61 41 2 777
0 52 71 26 64 49 3 778
0 27 55 79 53 77 3 779
1 121 67 79 67 76 5 780
0 79 59 18 58 20 5 781
0 42 66 93 61 94 3 782
0 132 87 4 84 4 3 783
1 42 59 38 62 34 2 784
0 56 49 52 51 49 3 785
0 129 37 13 35 9 3 786
1 69 61 29 60 26 1 787
1 143 56 18 49 16 4 788
1 101 44 2 49 2 1 789
0 102 52 23 51 26 3 790
1 86 54 40 53 43 1 791
1 20 30 51 31 53 1 792
0 110 41 39 36 47 3 793
1 52 38 47 41 43 2 794
0 37 45 32 42 36 3 795
0 123 6 35 5 33 3 796
0 130 52 80 57 80 3 797
1 5 51 61 53 68 1 798
1 66 74 30 72 36 1 799
0 67 49 47 33 57 3 800
1 1 55 50 54 36 1 801
1 124 41 37 42 39 2 802
0 123 32 51 30 35 3 803
1 83 59 28 55 39 5 804
1 57 52 35 48 36 4 805
0 35 47 66 48 64 3 806
1 60 60 42 61 46 3 807
0 15 57 2 49 3 3 808
0 35 64 44 61 49 3 809
1 16 51 26 50 29 1 810
0 116 54 48 55 58 3 811
0 127 51 61 47 67 3 812
0 54 60 48 27 68 3 813
1 26 64 48 64 55 1 814
1 44 61 37 62 34 5 815
0 68 60 35 58 38 3 816
1 86 63 1 61 2 1 817
1 46 49 19 46 20 1 818
1 52 47 2 53 1 4 819
1 79 55 18 62 17 1 820
1 60 52 76 55 76 1 821
0 134 58 80 51 80 3 822
0 106 4 46 6 42 3 823
0 136 5 67 3 79 3 824
0 129 50 52 43 79 3 825
1 48 91 40 90 37 5 826
0 117 55 40 56 46 3 827
0 143 49 23 54 28 4 828
1 128 36 13 28 12 1 829
0 24 54 80 51 80 3 830
0 51 70 76 97 64 3 831
1 74 32 55 31 50 4 832
1 73 61 43 58 36 1 833
0 111 63 32 60 37 3 834
1 74 60 47 58 55 5 835
1 48 78 6 80 5 1 836
0 117 69 68 68 72 3 837
1 56 54 81 52 80 1 838
0 96 40 12 35 14 6 839
0 113 57 32 42 42 3 840
1 66 66 41 69 35 1 841
0 20 50 45 52 42 3 842
1 68 52 34 55 31 1 843
0 122 69 76 71 67 3 844
0 121 39 38 38 40 3 845
0 69 65 93 66 91 3 846
0 5 51 18 49 19 3 847
1 57 6 44 5 38 1 848
1 97 5 64 5 75 1 849
1 139 53 45 56 38 1 850
0 1 60 16 54 19 3 851
1 64 6 40 6 45 1 852
0 48 29 48 32 43 3 853
0 82 53 45 50 29 5 854
1 70 68 41 66 49 1 855
0 14 46 19 44 20 5 856
0 40 44 37 45 34 3 857
0 105 72 41 69 39 3 858
0 94 33 48 32 53 3 859
1 87 39 48 41 50 1 860
0 29 65 35 59 37 3 861
1 64 46 53 33 57 5 862
0 129 61 69 48 67 3 863
1 136 86 5 88 4 1 864
0 97 54 46 54 43 5 865
0 124 51 62 53 60 3 866
0 81 5 40 5 43 3 867
0 50 55 26 55 22 3 868
1 6 62 16 50 20 2 869
0 73 77 4 78 6 3 870
1 1 5 61 3 64 2 871
1 0 59 33 59 45 1 872
0 16 27 49 26 51 3 873
1 43 60 49 62 45 2 874
1 76 53 21 56 22 2 875
1 104 43 2 47 2 1 876
0 52 41 46 39 48 3 877
1 39 56 47 52 35 3 878
1 140 63 34 54 52 1 879
0 74 6 31 6 35 3 880
0 141 63 32 61 43 3 881
0 86 48 67 44 62 3 882
1 37 47 4 50 3 1 883
0 34 53 41 50 48 4 884
1 64 55 33 57 35 1 885
0 120 28 49 31 42 3 886
0 54 33 50 32 45 3 887
1 52 67 42 64 44 1 888
1 16 79 6 82 6 3 889
0 75 87 4 84 4 3 890
0 13 5 68 4 76 5 891
1 3 53 46 56 38 2 892
1 127 70 72 67 70 2 893
1 33 46 20 50 18 1 894
0 14 98 19 98 15 3 895
0 41 41 35 43 30 3 896
1 65 5 39 6 34 2 897
1 66 52 35 56 30 2 898
1 143 30 50 30 63 1 899
1 112 31 41 32 46 1 900
0 39 62 34 57 39 3 901
0 48 69 36 69 39 3 902
0 24 58 35 50 27 3 903
0 104 70 37 68 40 3 904
0 82 67 78 63 79 6 905
0 60 83 4 81 5 3 906
0 77 55 31 58 28 5 907
0 137 68 43 57 66 3 908
1 120 98 23 98 30 1 909
1 27 6 57 6 47 1 910
0 102 45 21 49 19 6 911
1 80 67 93 64 96 2 912
1 52 68 41 73 30 1 913
1 50 6 41 6 34 1 914
0 102 53 2 48 2 5 915
1 143 27 50 34 40 2 916
1 95 63 1 66 1 1 917
1 88 55 9 51 10 1 918
0 27 6 48 7 37 3 919
1 1 55 14 61 14 1 920
0 0 58 74 51 77 3 921
0 53 44 51 35 43 3 922
1 96 61 32 58 39 1 923
0 53 31 57 28 55 3 924
1 16 70 38 72 42 1 925
1 77 51 49 53 46 5 926
1 27 67 40 74 32 3 927
0 91 52 41 55 41 3 928
1 126 53 77 56 77 6 929
0 25 59 26 61 23 3 930
0 121 51 28 46 31 3 931
1 97 44 44 52 47 1 932
0 141 55 64 32 37 3 933
1 127 29 47 30 45 1 934
1 71 62 59 59 38 1 935
0 28 4 47 2 32 4 936
0 76 49 2 46 2 3 937
1 38 38 40 45 30 4 938
0 111 62 39 62 35 5 939
1 136 6 48 6 45 2 940
1 75 34 41 31 47 1 941
1 23 66 46 64 45 2 942
0 115 86 92 81 92 3 943
0 108 73 37 69 38 3 944
0 136 7 38 6 35 6 945
0 112 45 3 41 3 3 946
1 45 86 5 88 4 1 947
1 42 61 61 71 40 1 948
1 2 46 49 22 20 3 949
0 1 6 50 6 53 3 950
1 96 52 46 50 48 1 951
1 86 98 16 98 13 2 952
0 46 62 38 54 38 3 953
1 8 54 40 56 35 3 954
0 71 50 51 46 61 3 955
1 52 66 93 65 96 1 956
0 46 56 43 57 47 6 957
0 48 54 40 55 48 4 958
1 13 72 41 69 45 1 959
0 24 41 38 42 34 3 960
0 37 67 42 66 25 3 961
0 138 40 19 44 20 3 962
0 114 67 72 71 71 3 963
0 101 56 80 53 81 3 964
1 65 32 15 60 31 1 965
0 55 52 49 54 47 3 966
1 14 98 22 98 16 2 967
1 120 67 93 64 94 1 968
0 0 53 24 55 26 3 969
1 13 69 43 74 30 1 970
0 84 50 32 45 35 4 971
1 24 68 34 68 41 2 972
1 135 43 59 45 51 1 973
1 17 42 47 44 59 3 974
0 35 59 50 61 51 3 975
0 73 64 32 58 38 3 976
1 42 45 61 32 56 1 977
0 53 49 2 46 2 3 978
1 74 48 56 44 61 1 979
1 86 7 40 6 31 1 980
1 126 50 43 45 53 1 981
0 27 55 37 58 37 3 982
0 108 54 80 57 80 3 983
0 141 49 51 43 76 3 984
0 89 54 80 57 80 3 985
1 57 41 9 47 8 2 986
0 28 52 34 46 43 3 987
1 135 6 64 5 69 6 988
0 108 29 55 30 52 3 989
1 108 66 73 70 71 5 990
1 33 91 32 92 26 5 991
1 64 33 43 54 41 3 992
0 54 60 42 50 39 3 993
0 49 28 2 40 2 3 994
1 143 69 44 72 39 1 995
1 8 49 38 52 40 5 996
1 0 55 66 51 63 1 997
1 65 31 52 33 50 2 998
1 3 59 29 59 26 1 999
0 18 50 60 57 54 3 1000
0 21 55 42 45 43 3 1001
1 59 91 34 92 31 1 1002
0 39 65 43 64 46 4 1003
1 69 63 31 63 25 2 1004
1 132 48 78 53 74 5 1005
0 137 41 11 38 13 3 1006
0 97 50 54 55 50 3 1007
1 86 55 78 53 81 1 1008
0 116 72 33 66 50 3 1009
1 54 54 38 54 42 1 1010
0 60 45 20 39 17 3 1011
1 25 45 49 48 31 5 1012
1 72 52 81 53 79 4 1013
0 136 65 40 61 52 3 1014
1 35 48 23 55 22 1 1015
0 114 67 72 70 71 3 1016
1 126 55 16 58 27 4 1017
0 111 41 40 42 33 3 1018
1 82 52 29 48 52 3 1019
1 83 5 67 6 65 1 1020
1 113 84 4 86 5 3 1021
0 130 67 27 67 16 3 1022
1 36 5 68 6 64 2 1023
1 0 67 35 56 39 2 1024
1 142 45 4 42 4 4 1025
1 52 48 21 45 20 1 1026
0 10 40 38 42 34 5 1027
1 131 62 40 62 46 1 1028
0 73 60 19 59 21 3 1029
0 34 59 66 61 70 3 1030
1 102 54 1 47 2 1 1031
1 137 43 2 48 2 1 1032
0 130 6 33 6 30 3 1033
0 108 40 45 44 34 3 1034
0 107 41 30 3 34 3 1035
0 57 87 3 85 4 3 1036
0 132 50 55 48 53 3 1037
0 51 82 5 79 5 6 1038
1 81 48 29 53 30 1 1039
0 110 65 46 67 47 3 1040
1 57 6 43 7 51 1 1041
0 137 58 36 53 45 3 1042
1 42 61 32 54 21 1 1043
0 25 68 34 67 36 3 1044
0 79 35 47 41 47 3 1045
0 16 66 25 69 32 3 1046
0 92 66 43 68 46 5 1047
0 43 63 1 59 1 3 1048
1 37 84 4 88 3 1 1049
1 14 87 94 83 93 1 1050
1 93 38 30 34 39 1 1051
1 24 49 51 48 54 2 1052
1 134 69 40 64 31 1 1053
0 55 5 34 5 38 3 1054
1 92 54 40 45 33 2 1055
0 6 98 7 98 3 3 1056
1 100 69 35 62 30 3 1057
0 130 65 53 58 65 3 1058
1 67 52 37 58 44 1 1059
1 123 5 37 5 53 1 1060
1 6 87 92 86 96 5 1061
0 13 58 37 53 43 5 1062
0 26 74 33 67 42 5 1063
1 25 40 13 38 12 3 1064
1 86 6 33 6 29 1 1065
1 128 52 41 47 45 1 1066
1 10 40 38 44 31 1 1067
0 63 91 33 91 36 3 1068
1 96 30 44 27 35 2 1069
0 112 56 58 55 56 3 1070
0 140 58 33 49 31 3 1071
1 5 61 74 35 77 1 1072
0 126 41 21 37 31 3 1073
1 123 29 65 31 56 1 1074
0 127 54 52 55 55 3 1075
0 119 98 18 98 29 3 1076
1 22 29 63 26 78 2 1077
1 59 47 51 46 44 2 1078
0 35 45 4 49 3 3 1079
1 133 58 75 59 70 1 1080
1 123 32 54 31 60 1 1081
0 10 43 12 40 12 3 1082
0 123 54 47 46 67 3 1083
0 50 26 2 45 2 3 1084
0 16 73 67 71 68 4 1085
0 65 48 51 53 63 3 1086
0 110 43 40 47 31 3 1087
0 11 46 4 41 4 5 1088
1 38 38 58 66 78 5 1089
1 11 60 73 58 75 6 1090
0 16 51 68 46 57 3 1091
1 53 60 30 54 32 1 1092
1 118 89 93 80 92 1 1093
1 60 60 37 60 32 2 1094
0 49 50 49 49 51 3 1095
1 133 50 49 47 64 6 1096
0 40 59 41 59 34 3 1097
1 126 52 18 59 19 2 1098
1 64 60 31 63 35 2 1099
1 57 6 50 4 57 2 1100
0 48 54 40 55 38 3 1101
1 86 18 2 44 4 2 1102
1 80 43 12 39 12 2 1103
1 143 20 47 17 46 3 1104
1 57 64 76 70 73 1 1105
0 14 57 39 56 41 3 1106
0 6 71 74 68 76 3 1107
0 0 41 12 36 13 3 1108
1 75 37 13 38 8 1 1109
0 83 32 14 57 25 3 1110
0 60 59 49 60 46 3 1111
1 27 6 65 5 69 5 1112
0 0 72 37 69 45 3 1113
0 28 88 94 84 92 3 1114
1 56 59 65 58 61 1 1115
0 29 61 40 59 36 5 1116
0 141 38 47 48 42 3 1117
0 20 62 42 56 37 3 1118
0 97 89 92 86 94 3 1119
0 107 49 32 51 26 3 1120
0 122 32 52 33 48 3 1121
0 41 57 52 50 48 3 1122
1 56 48 63 54 42 3 1123
1 111 48 36 49 42 2 1124
0 116 31 46 32 48 3 1125
0 55 58 34 60 23 3 1126
0 106 82 3 87 4 6 1127
0 91 67 43 50 46 4 1128
1 108 6 69 5 71 1 1129
0 39 44 50 44 77 3 1130
0 57 45 68 48 71 5 1131
0 0 63 25 69 32 3 1132
0 73 6 29 5 39 3 1133
0 77 63 24 57 35 5 1134
0 43 54 25 61 37 3 1135
0 26 58 37 51 49 3 1136
0 1 44 53 49 47 3 1137
1 53 58 14 54 12 2 1138
1 5 47 4 39 4 1 1139
1 69 55 75 59 74 1 1140
1 117 41 37 59 21 1 1141
1 69 43 54 53 57 1 1142
0 39 55 38 52 45 3 1143
1 143 45 48 47 50 1 1144
0 143 59 25 60 31 6 1145
1 62 64 1 54 2 1 1146
1 8 55 2 63 2 2 1147
1 108 52 2 56 2 6 1148
0 57 87 4 84 4 3 1149
0 97 62 29 64 27 5 1150
1 112 33 46 27 49 1 1151
0 64 27 50 31 50 3 1152
1 48 63 56 60 58 1 1153
0 139 6 32 6 27 3 1154
1 56 67 41 66 44 1 1155
0 10 57 32 59 28 3 1156
0 95 64 41 62 45 3 1157
0 52 88 93 86 95 3 1158
0 117 36 40 35 45 3 1159
0 62 57 2 50 1 3 1160
1 120 92 31 92 28 3 1161
1 33 27 25 47 54 1 1162
0 72 66 39 69 42 3 1163
1 116 56 55 46 33 3 1164
0 82 56 26 52 42 3 1165
0 131 61 49 61 45 3 1166
1 16 29 48 26 50 1 1167
1 143 60 36 56 37 2 1168
1 18 67 45 69 38 1 1169
1 109 61 45 61 42 2 1170
1 120 52 27 48 34 2 1171
0 130 6 31 6 34 3 1172
0 143 60 22 59 26 3 1173
1 81 51 17 45 21 2 1174
0 6 41 12 37 13 3 1175
0 42 57 38 37 33 3 1176
1 85 43 38 44 35 1 1177
1 132 53 34 51 37 1 1178
0 20 6 60 5 65 3 1179
1 112 39 12 35 13 1 1180
1 66 46 31 46 34 5 1181
1 111 78 4 82 5 1 1182
0 116 47 21 51 19 3 1183
1 132 32 78 51 66 6 1184
0 32 57 63 57 60 3 1185
0 116 61 2 82 5 3 1186
0 108 63 1 60 1 3 1187
0 112 31 44 29 46 3 1188
0 96 45 21 50 18 3 1189
1 31 62 24 57 37 1 1190
0 120 48 54 48 58 3 1191
0 102 6 38 6 30 3 1192
1 40 5 66 6 60 1 1193
1 133 51 48 44 62 5 1194
1 36 61 24 59 25 1 1195
0 120 49 51 56 24 3 1196
0 43 49 53 49 47 3 1197
0 135 65 49 69 40 3 1198
0 109 64 46 37 16 3 1199
1 32 56 41 53 40 1 1200
1 26 51 45 36 61 1 1201
1 35 57 50 55 52 1 1202
1 137 27 58 31 48 1 1203
0 123 31 47 27 57 3 1204
1 28 46 45 47 51 2 1205
1 89 87 4 83 4 1 1206
1 64 39 12 41 11 1 1207
1 2 31 49 32 43 1 1208
1 26 70 28 66 49 1 1209
1 44 91 32 90 36 1 1210
0 77 51 50 41 46 3 1211
0 50 91 40 91 37 3 1212
0 116 70 31 69 35 3 1213
0 54 5 68 6 65 3 1214
1 51 98 16 98 2 2 1215
1 63 30 45 25 58 3 1216
0 89 91 42 90 45 3 1217
0 66 28 2 50 2 3 1218
1 77 69 35 65 51 2 1219
0 52 68 36 66 38 3 1220
1 5 30 62 16 46 1 1221
1 79 54 16 57 18 1 1222
1 60 74 67 72 69 1 1223
0 10 55 38 63 41 4 1224
1 87 54 42 53 49 1 1225
0 73 30 47 30 42 3 1226
0 57 52 35 54 32 3 1227
0 56 55 80 52 80 3 1228
0 90 54 37 52 33 3 1229
0 117 50 62 48 67 6 1230
0 11 50 77 57 75 3 1231
1 88 58 34 64 28 1 1232
0 63 91 36 91 28 3 1233
1 78 59 45 58 36 1 1234
0 120 50 52 49 54 3 1235
0 99 32 47 33 45 3 1236
0 96 44 29 47 30 3 1237
0 116 41 3 49 2 3 1238
0 106 53 80 56 80 3 1239
1 124 66 44 36 16 1 1240
1 56 53 57 54 53 1 1241
1 99 60 44 64 30 1 1242
0 35 51 30 49 31 3 1243
1 103 49 79 49 82 1 1244
1 126 53 46 48 57 1 1245
1 72 87 4 84 4 2 1246
0 10 62 30 69 41 5 1247
0 44 51 75 61 78 3 1248
0 72 51 64 52 54 4 1249
1 19 49 48 32 57 2 1250
0 43 63 34 61 35 3 1251
1 140 68 42 63 44 6 1252
0 14 64 34 59 36 3 1253
1 94 54 30 54 47 1 1254
1 65 31 46 25 63 1 1255
1 129 50 66 53 26 2 1256
1 83 50 45 62 51 1 1257
1 80 32 43 26 50 1 1258
1 89 67 79 68 77 1 1259
0 50 51 48 40 48 3 1260
1 73 69 70 67 72 1 1261
0 55 77 6 70 6 3 1262
0 115 58 48 61 45 3 1263
1 46 32 52 33 47 1 1264
0 58 58 33 55 30 3 1265
0 17 54 74 57 75 3 1266
1 102 52 30 56 30 1 1267
1 143 46 22 51 18 3 1268
1 63 52 83 56 78 1 1269
0 137 32 49 27 57 3 1270
1 23 54 32 59 28 1 1271
1 35 53 44 57 38 1 1272
1 109 59 74 56 73 1 1273
1 61 5 39 6 41 1 1274
0 31 50 29 57 43 3 1275
1 143 52 57 52 61 1 1276
1 80 31 42 49 44 1 1277
0 114 69 73 67 74 3 1278
0 58 58 21 53 30 3 1279
0 14 58 38 59 45 5 1280
0 10 44 1 48 1 3 1281
0 24 49 2 53 1 6 1282
0 129 88 94 93 95 3 1283
1 80 59 36 57 37 1 1284
0 64 40 12 32 16 5 1285
0 139 67 92 62 93 3 1286
0 141 53 33 35 28 3 1287
1 76 6 53 5 44 3 1288
1 73 52 44 65 30 1 1289
1 80 6 66 6 70 2 1290
1 125 66 93 62 94 2 1291
1 6 64 75 69 72 1 1292
1 91 52 45 48 54 2 1293
1 77 54 55 57 57 2 1294
1 23 90 37 90 42 1 1295
0 73 57 60 58 58 3 1296
1 100 98 22 98 16 1 1297
1 22 53 49 55 46 2 1298
1 64 60 33 53 44 1 1299
0 108 60 35 54 25 3 1300
1 86 28 53 30 51 1 1301
1 33 53 49 44 33 1 1302
0 10 62 40 59 47 3 1303
1 141 60 44 65 23 1 1304
1 24 63 28 64 26 1 1305
1 118 45 4 29 4 4 1306
1 126 54 74 59 74 1 1307
0 68 52 58 47 62 3 1308
1 22 70 34 63 56 2 1309
0 128 53 33 50 38 3 1310
1 1 56 65 56 53 1 1311
1 64 54 22 56 15 5 1312
1 67 53 41 43 45 5 1313
0 109 53 76 99 67 5 1314
1 114 68 73 70 72 1 1315
1 94 70 45 73 37 1 1316
0 6 33 44 33 47 3 1317
0 53 44 51 38 55 5 1318
1 61 71 74 69 62 3 1319
0 39 70 42 68 44 3 1320
1 135 41 41 43 30 3 1321
1 50 47 27 51 25 1 1322
1 134 62 26 59 24 3 1323
1 26 71 35 69 34 1 1324
0 4 49 29 47 31 5 1325
0 33 53 43 48 54 3 1326
1 19 51 18 47 21 2 1327
0 13 52 80 45 81 3 1328
1 72 48 36 53 44 6 1329
0 111 5 41 5 36 3 1330
1 86 54 77 60 73 2 1331
0 139 66 46 67 43 3 1332
0 130 42 2 49 2 5 1333
0 98 29 57 30 62 3 1334
0 30 6 34 6 38 3 1335
0 120 53 75 57 76 3 1336
0 32 60 36 55 48 3 1337
1 45 42 12 40 13 4 1338
1 102 51 19 48 19 6 1339
1 101 62 51 61 48 1 1340
1 3 50 1 47 2 2 1341
1 90 62 47 62 43 1 1342
1 99 48 2 34 1 1 1343
1 39 6 31 5 42 1 1344
1 32 60 70 54 81 1 1345
0 49 6 26 5 29 3 1346
0 41 80 5 78 4 3 1347
0 24 56 44 53 45 3 1348
0 139 5 35 5 41 5 1349
0 69 49 3 37 4 3 1350
1 39 65 43 67 42 1 1351
0 53 32 43 32 46 3 1352
1 0 70 71 70 76 1 1353
0 52 67 42 70 37 3 1354
1 131 91 33 90 47 1 1355
1 76 69 35 58 41 1 1356
1 45 49 2 52 2 1 1357
0 52 65 31 64 52 3 1358
1 13 52 76 54 75 1 1359
1 69 60 35 63 36 1 1360
1 66 38 40 39 37 1 1361
0 46 56 60 51 62 3 1362
1 108 92 31 91 28 1 1363
1 74 44 49 45 36 1 1364
1 118 48 53 50 38 2 1365
0 24 59 35 55 38 3 1366
0 56 68 38 66 41 3 1367
0 8 55 32 57 29 4 1368
0 121 37 28 42 33 3 1369
0 116 53 48 54 43 3 1370
1 43 38 58 43 64 1 1371
0 126 28 48 25 47 3 1372
0 39 61 36 56 51 3 1373
0 64 30 59 29 61 3 1374
0 76 67 74 69 76 3 1375
1 91 65 45 69 44 1 1376
1 83 43 23 46 9 1 1377
1 16 28 54 33 43 4 1378
0 50 53 27 51 26 3 1379
1 52 41 42 33 59 6 1380
1 116 41 2 45 2 1 1381
0 86 51 81 53 76 3 1382
0 88 57 39 55 42 3 1383
1 13 45 20 50 20 1 1384
0 52 42 45 61 35 3 1385
0 18 57 43 58 40 3 1386
0 136 48 51 55 42 3 1387
1 75 51 41 54 39 1 1388
0 97 51 26 53 29 3 1389
0 83 62 45 56 51 3 1390
0 128 59 24 57 28 3 1391
0 87 51 19 46 20 3 1392
1 132 63 31 65 28 1 1393
0 31 58 2 52 2 3 1394
1 52 59 42 57 30 5 1395
0 38 54 32 45 42 3 1396
1 12 65 49 64 51 1 1397
0 116 73 71 38 58 3 1398
1 128 31 45 30 43 6 1399
0 34 60 73 58 75 3 1400
1 137 27 61 26 64 1 1401
0 75 61 29 60 25 5 1402
0 141 43 12 39 14 3 1403
1 116 62 23 59 26 1 1404
0 8 69 41 70 43 3 1405
0 42 91 32 91 29 3 1406
0 113 5 70 6 66 3 1407
0 117 52 44 57 43 6 1408
0 83 98 17 98 22 3 1409
1 90 39 39 43 40 1 1410
1 113 58 31 54 31 1 1411
0 125 65 74 63 77 3 1412
0 112 52 31 49 28 5 1413
0 81 50 27 47 30 3 1414
0 82 5 41 6 28 3 1415
1 118 16 50 32 33 1 1416
0 60 51 61 61 51 3 1417
1 67 55 80 50 80 1 1418
1 98 55 17 44 21 5 1419
1 114 66 74 64 76 5 1420
1 125 59 45 51 55 1 1421
0 143 46 3 49 2 3 1422
1 134 5 68 6 66 1 1423
1 91 87 91 85 93 1 1424
1 111 2 97 3 95 1 1425
1 83 67 36 66 40 1 1426
1 141 53 35 62 40 1 1427
1 78 34 40 30 37 2 1428
1 32 52 46 51 44 5 1429
0 108 67 93 64 94 3 1430
0 98 15 21 61 35 3 1431
1 78 78 6 80 5 1 1432
1 32 61 51 55 54 1 1433
1 143 61 46 62 43 1 1434
1 18 48 2 26 2 3 1435
1 99 91 33 91 30 1 1436
0 5 44 4 31 4 3 1437
1 19 50 54 46 59 2 1438
1 108 51 25 52 27 1 1439
1 40 44 17 53 43 2 1440
1 39 48 50 57 43 1 1441
0 14 57 38 61 22 3 1442
0 88 54 44 53 46 3 1443
1 14 49 21 47 19 1 1444
0 103 7 37 4 56 3 1445
1 0 61 38 50 25 1 1446
1 86 98 21 98 24 1 1447
1 32 59 60 56 64 1 1448
1 119 69 44 66 50 1 1449
0 27 64 50 63 55 3 1450
0 0 38 14 40 12 5 1451
1 40 46 20 44 24 1 1452
1 73 33 54 31 50 1 1453
0 62 56 1 64 1 5 1454
0 23 98 16 98 22 3 1455
1 86 46 67 43 68 1 1456
1 69 51 47 60 31 1 1457
0 46 47 3 17 2 3 1458
1 94 51 52 56 49 2 1459
0 102 62 31 57 44 3 1460
0 2 92 30 92 34 3 1461
1 16 52 47 53 45 1 1462
1 5 49 19 46 20 1 1463
1 64 58 35 60 33 1 1464
0 15 60 2 64 1 3 1465
1 81 57 40 56 42 2 1466
1 65 60 42 57 48 6 1467
0 125 56 62 53 60 3 1468
0 67 67 41 72 34 3 1469
1 121 6 37 6 34 3 1470
1 85 5 68 6 64 4 1471
1 34 61 46 51 44 4 1472
1 117 59 44 52 57 5 1473
0 116 81 4 75 4 3 1474
0 70 55 73 62 72 3 1475
1 139 60 53 50 46 1 1476
0 11 56 77 98 67 5 1477
0 84 54 44 50 41 3 1478
0 11 68 41 70 43 3 1479
1 57 49 3 39 4 5 1480
0 117 53 43 56 40 3 1481
1 9 51 59 53 48 5 1482
1 32 55 52 42 53 1 1483
0 44 55 73 58 75 4 1484
0 29 52 21 53 26 3 1485
0 62 71 70 69 75 3 1486
1 133 44 4 41 4 1 1487
0 74 57 61 57 52 3 1488
1 38 66 93 64 94 2 1489
0 110 90 36 90 42 3 1490
0 141 50 52 55 47 3 1491
1 123 51 19 43 23 1 1492
0 51 55 49 58 36 3 1493
0 109 53 48 52 50 3 1494
1 87 53 34 50 33 2 1495
0 39 58 45 56 47 3 1496
1 45 47 19 41 18 1 1497
0 83 50 28 56 23 3 1498
1 137 68 36 71 38 5 1499
1 83 40 30 59 13 4 1500
1 130 69 37 35 16 2 1501
0 9 54 45 55 39 3 1502
0 79 41 42 37 40 3 1503
0 36 6 65 6 62 3 1504
1 72 64 93 62 91 5 1505
1 54 52 45 53 42 1 1506
1 72 58 40 33 43 1 1507
1 90 60 31 54 46 2 1508
1 89 54 38 56 45 4 1509
1 21 87 92 85 91 4 1510
0 7 33 47 29 34 5 1511
0 52 42 3 46 3 3 1512
0 28 42 3 38 3 3 1513
0 99 34 45 33 48 3 1514
0 28 44 31 46 29 3 1515
0 116 58 56 64 47 3 1516
0 59 53 48 54 40 3 1517
0 26 39 39 45 61 3 1518
1 65 29 53 29 61 1 1519
0 5 45 3 41 4 3 1520
0 102 62 38 54 42 3 1521
1 0 51 60 53 56 2 1522
1 137 26 2 45 3 6 1523
0 48 92 31 92 25 3 1524
1 17 7 43 5 57 5 1525
1 78 48 34 38 40 1 1526
1 125 51 81 56 77 3 1527
1 66 72 70 69 76 1 1528
0 28 64 35 60 41 3 1529
0 22 55 30 58 32 3 1530
0 79 71 38 64 37 3 1531
0 124 53 62 46 59 3 1532
0 29 55 40 44 38 5 1533
0 88 61 41 62 44 3 1534
1 136 88 93 85 94 1 1535
1 94 50 53 45 58 3 1536
0 60 53 44 44 42 4 1537
0 96 42 35 37 41 3 1538
0 38 52 33 50 34 3 1539
1 67 54 18 44 18 1 1540
1 132 98 11 98 30 1 1541
1 57 52 50 50 48 1 1542
1 130 6 35 5 40 2 1543
1 42 58 57 48 55 1 1544
1 109 52 45 50 54 2 1545
0 113 56 25 54 34 3 1546
0 79 98 16 98 31 3 1547
0 84 52 47 55 42 3 1548
0 28 66 91 68 90 3 1549
0 80 52 59 51 62 4 1550
0 102 59 35 59 45 3 1551
0 93 61 2 57 2 3 1552
0 133 52 50 52 55 5 1553
0 77 61 22 59 26 3 1554
1 22 53 54 54 51 4 1555
0 98 64 45 59 55 3 1556
0 27 69 35 70 39 3 1557
0 50 62 37 50 54 3 1558
1 28 63 17 51 20 2 1559
0 35 86 94 82 93 6 1560
0 138 69 47 71 39 3 1561
0 40 55 53 53 57 3 1562
1 34 48 19 27 26 1 1563
0 99 61 36 50 36 3 1564
1 137 66 36 69 40 1 1565
0 112 67 37 70 31 3 1566
0 46 5 45 5 50 5 1567
0 109 50 60 53 51 3 1568
1 53 62 17 58 18 2 1569
1 93 36 27 43 28 2 1570
1 73 38 48 38 65 3 1571
1 8 23 25 40 49 5 1572
1 57 6 42 5 56 5 1573
0 38 42 3 45 2 6 1574
1 80 58 75 59 71 5 1575
0 87 44 74 51 63 3 1576
1 108 64 1 54 2 1 1577
1 138 58 77 57 75 3 1578
0 98 52 44 57 44 3 1579
1 18 62 42 56 53 2 1580
0 72 98 20 98 8 3 1581
0 19 50 20 41 19 3 1582
1 134 56 2 62 2 1 1583
0 129 32 44 32 47 3 1584
1 50 87 3 84 4 1 1585
0 10 50 53 51 51 3 1586
1 57 70 72 69 74 2 1587
1 92 54 16 52 14 5 1588
1 0 69 43 73 37 1 1589
1 11 53 52 55 45 1 1590
0 118 51 19 58 17 3 1591
1 76 7 45 5 86 1 1592
0 90 56 76 60 77 4 1593
0 62 54 46 53 44 4 1594
1 38 56 37 54 38 5 1595
0 111 58 33 66 29 3 1596
0 13 60 31 64 45 3 1597
0 107 44 34 43 31 5 1598
0 16 37 13 45 11 3 1599
1 9 47 80 51 80 1 1600
0 26 56 26 56 37 3 1601
0 82 5 59 4 48 4 1602
0 113 50 2 45 3 3 1603
0 109 88 3 81 2 3 1604
1 55 87 4 82 5 5 1605
0 108 65 75 70 72 3 1606
1 115 57 45 59 44 1 1607
0 0 68 40 63 53 3 1608
0 46 16 2 38 4 3 1609
1 13 65 52 55 66 1 1610
1 66 43 38 39 46 4 1611
0 23 35 13 42 12 3 1612
1 79 43 33 42 31 6 1613
1 90 57 28 60 27 1 1614
1 99 79 6 70 6 1 1615
1 67 55 50 48 55 1 1616
0 14 65 75 70 72 4 1617
0 16 38 9 47 8 3 1618
1 111 51 49 55 42 5 1619
1 42 68 34 68 43 3 1620
0 13 67 38 65 26 3 1621
1 9 55 42 48 32 1 1622
0 68 60 37 58 36 6 1623
1 74 43 3 46 2 2 1624
0 16 70 68 72 69 3 1625
0 77 47 29 52 27 3 1626
1 3 64 31 62 37 1 1627
1 128 33 36 28 53 3 1628
0 44 54 27 47 31 3 1629
0 134 72 31 67 41 3 1630
1 67 38 40 36 41 1 1631
1 1 69 45 57 67 2 1632
1 111 55 48 55 45 1 1633
0 97 49 55 54 55 3 1634
1 17 68 34 68 39 1 1635
0 20 59 46 61 28 3 1636
1 76 46 55 45 51 1 1637
0 101 40 48 64 24 3 1638
1 29 62 31 59 36 2 1639
0 78 58 33 57 40 3 1640
1 3 47 33 54 25 1 1641
0 128 51 27 46 31 4 1642
1 49 72 31 69 44 1 1643
0 78 53 47 55 42 3 1644
1 114 57 38 57 46 3 1645
0 51 77 6 81 5 6 1646
0 68 54 31 32 34 3 1647
0 26 54 43 51 47 3 1648
1 55 46 2 52 2 4 1649
0 6 45 60 50 76 3 1650
1 77 60 1 52 2 1 1651
0 82 57 39 56 43 6 1652
0 46 56 2 65 1 3 1653
0 114 32 48 29 56 4 1654
0 53 53 43 55 45 3 1655
0 89 61 51 50 46 3 1656
1 122 6 63 6 68 4 1657
0 3 45 2 41 3 3 1658
0 46 58 57 61 51 3 1659
0 32 46 4 42 4 3 1660
1 75 55 32 57 29 1 1661
0 124 58 2 60 1 6 1662
1 30 33 45 31 46 1 1663
1 104 62 29 61 35 1 1664
1 56 53 80 56 80 1 1665
1 61 39 37 37 41 1 1666
1 89 53 44 49 49 1 1667
1 50 50 24 40 14 5 1668
1 28 5 67 1 65 1 1669
0 1 56 72 58 75 4 1670
0 53 71 39 65 49 3 1671
0 133 55 68 52 64 3 1672
0 112 54 24 59 27 3 1673
0 114 68 44 69 40 3 1674
1 0 70 73 73 67 2 1675
0 39 65 41 68 41 3 1676
0 128 63 53 63 43 3 1677
1 95 68 77 70 73 1 1678
0 87 60 48 55 51 3 1679
0 57 6 54 5 59 5 1680
0 99 47 51 43 58 3 1681
1 62 62 1 56 2 2 1682
1 99 51 19 60 17 1 1683
0 118 56 19 54 18 3 1684
1 123 61 40 60 34 1 1685
1 131 6 35 6 31 3 1686
1 94 26 64 27 62 1 1687
1 89 7 38 7 45 2 1688
0 33 56 27 54 32 3 1689
0 80 50 64 41 59 3 1690
1 17 55 73 57 77 5 1691
0 120 62 37 60 41 3 1692
1 128 36 14 34 10 1 1693
1 111 45 2 49 2 1 1694
0 12 51 56 51 47 3 1695
0 108 31 58 32 52 3 1696
0 32 49 35 54 44 3 1697
0 19 47 43 46 33 3 1698
1 31 43 4 38 5 1 1699
0 55 40 4 30 4 3 1700
0 79 31 48 30 51 3 1701
0 36 45 50 45 61 5 1702
1 62 54 46 42 44 1 1703
0 26 49 43 54 40 3 1704
0 54 62 33 55 40 3 1705
1 127 58 17 43 19 1 1706
0 104 56 29 54 31 3 1707
1 3 91 25 92 34 1 1708
0 128 55 31 58 33 3 1709
0 24 61 40 60 43 3 1710
0 72 55 73 54 75 3 1711
0 98 57 43 55 46 3 1712
1 86 6 29 5 38 2 1713
0 106 53 46 53 43 3 1714
1 13 66 41 50 46 1 1715
1 130 5 69 6 65 1 1716
0 114 55 53 57 49 3 1717
0 53 6 28 6 32 3 1718
0 7 30 50 27 58 5 1719
1 63 92 28 92 36 1 1720
1 19 51 23 49 33 3 1721
1 52 35 46 41 36 1 1722
0 39 92 26 91 29 3 1723
1 94 47 56 52 44 1 1724
1 134 70 64 73 67 1 1725
0 114 53 81 56 78 3 1726
0 65 30 50 27 59 5 1727
0 96 30 45 33 43 4 1728
1 57 98 24 98 19 1 1729
0 12 58 55 55 67 3 1730
0 88 52 2 45 2 3 1731
1 0 34 45 31 46 4 1732
0 108 54 41 52 46 3 1733
1 108 63 29 58 27 1 1734
0 90 54 39 59 19 3 1735
1 95 50 32 51 27 1 1736
1 121 54 46 54 52 2 1737
1 54 5 69 6 66 1 1738
0 17 36 13 41 12 3 1739
0 48 26 51 32 49 5 1740
1 133 45 63 49 53 2 1741
1 52 9 26 31 46 1 1742
1 72 47 37 53 42 6 1743
0 72 67 35 70 19 3 1744
0 88 65 51 98 27 3 1745
1 31 49 18 52 24 1 1746
0 98 58 30 56 31 5 1747
0 143 57 32 58 34 3 1748
0 46 59 52 51 59 6 1749
0 113 57 19 59 17 3 1750
1 58 58 39 49 47 1 1751
0 17 51 29 54 27 3 1752
0 33 56 74 63 69 3 1753
1 68 48 54 56 45 1 1754
0 14 87 93 89 92 3 1755
1 48 32 45 31 42 6 1756
0 6 87 93 85 94 3 1757
1 135 42 40 42 32 1 1758
1 132 59 39 64 31 5 1759
1 1 61 32 54 39 1 1760
0 102 45 20 49 20 6 1761
0 5 51 51 52 46 3 1762
0 72 49 44 57 39 3 1763
0 11 46 63 48 65 3 1764
0 125 63 38 58 46 3 1765
0 48 34 46 30 51 3 1766
1 116 61 26 60 29 1 1767
1 84 58 33 56 37 2 1768
1 44 55 43 63 34 3 1769
1 51 60 26 58 31 1 1770
1 129 60 45 60 42 3 1771
0 143 98 17 98 22 3 1772
0 132 59 44 53 54 3 1773
1 136 88 92 85 95 1 1774
0 121 6 29 6 37 3 1775
1 122 67 42 65 43 1 1776
0 109 61 47 52 68 3 1777
1 47 51 51 49 64 1 1778
0 116 31 50 31 55 3 1779
0 44 32 46 13 42 3 1780
1 29 45 24 54 24 1 1781
0 14 62 17 59 20 3 1782
1 57 51 39 52 33 1 1783
1 56 53 53 45 66 5 1784
1 89 68 47 36 15 1 1785
1 129 60 32 46 32 1 1786
1 109 59 55 57 60 1 1787
1 46 60 46 58 58 4 1788
1 23 51 35 54 38 1 1789
1 119 62 37 59 38 1 1790
1 8 39 39 48 40 2 1791
0 46 48 20 40 22 3 1792
1 59 90 29 90 24 3 1793
0 19 59 26 60 21 3 1794
1 98 56 30 57 27 1 1795
1 8 53 40 56 43 4 1796
1 6 49 59 48 66 1 1797
0 18 56 39 59 36 3 1798
0 68 64 27 62 35 3 1799
0 75 92 29 92 35 3 1800
1 10 44 24 45 28 1 1801
0 116 49 19 45 22 3 1802
0 137 53 75 57 74 3 1803
1 65 60 45 37 41 1 1804
1 23 61 26 51 29 4 1805
1 98 52 54 47 60 1 1806
1 13 6 66 6 52 1 1807
0 10 44 62 45 51 3 1808
1 97 5 61 5 64 1 1809
1 29 64 42 63 46 1 1810
0 112 61 1 55 2 3 1811
1 119 69 38 65 43 4 1812
0 24 47 80 53 80 3 1813
1 83 56 32 44 34 1 1814
1 56 53 80 57 80 1 1815
1 96 60 35 58 38 1 1816
0 33 98 22 98 29 3 1817
0 94 48 21 52 19 3 1818
0 93 55 2 66 1 6 1819
0 88 61 41 55 36 3 1820
0 76 6 40 6 49 3 1821
1 64 42 18 66 37 1 1822
1 36 31 56 30 49 1 1823
0 49 54 31 56 26 3 1824
1 23 59 27 47 25 1 1825
0 91 35 16 66 48 3 1826
1 35 50 39 46 36 4 1827
0 24 5 73 6 63 3 1828
0 43 62 42 55 53 3 1829
0 93 58 41 63 32 3 1830
1 94 32 55 32 50 1 1831
0 109 65 94 59 90 3 1832
1 110 54 53 51 60 2 1833
1 117 53 46 58 42 2 1834
0 111 53 50 47 61 3 1835
0 88 57 39 60 25 3 1836
0 29 65 94 67 92 3 1837
1 121 65 75 68 72 1 1838
1 44 59 1 62 1 1 1839
1 71 60 49 62 46 1 1840
0 131 37 22 54 18 3 1841
0 67 59 35 49 22 3 1842
0 61 32 47 34 45 3 1843
0 92 31 57 32 47 3 1844
0 57 50 37 41 30 3 1845
1 106 56 42 52 56 3 1846
1 39 86 94 88 91 1 1847
1 64 32 47 30 52 1 1848
1 109 6 42 5 36 1 1849
1 26 49 57 50 55 1 1850
0 136 61 36 62 39 3 1851
0 46 63 1 60 1 3 1852
1 78 91 34 91 31 5 1853
1 13 68 42 58 37 1 1854
0 108 52 75 67 73 3 1855
1 7 45 44 34 43 1 1856
1 78 73 68 69 73 1 1857
0 109 63 28 60 31 3 1858
1 12 43 17 49 19 1 1859
1 33 63 46 66 41 2 1860
0 128 50 14 51 18 3 1861
0 100 39 37 38 39 3 1862
0 141 47 68 49 61 3 1863
1 77 61 23 56 35 1 1864
1 42 43 2 48 2 1 1865
1 35 89 93 86 92 1 1866
0 92 40 69 51 47 3 1867
0 81 50 29 44 35 6 1868
0 25 49 24 49 36 3 1869
1 43 64 41 37 16 1 1870
1 93 67 49 65 44 2 1871
0 16 27 44 28 40 3 1872
1 103 54 31 57 15 1 1873
0 122 56 80 51 80 3 1874
1 46 5 37 6 32 1 1875
0 26 64 94 59 93 3 1876
0 10 54 2 48 2 3 1877
0 92 71 37 73 32 5 1878
1 52 48 2 28 2 6 1879
0 51 57 21 59 26 3 1880
0 29 67 39 61 29 3 1881
0 72 67 34 69 37 3 1882
1 97 82 5 80 6 1 1883
0 97 52 48 48 59 3 1884
0 53 83 5 80 6 3 1885
1 52 49 2 46 2 1 1886
1 128 41 13 36 13 1 1887
0 25 67 24 68 33 3 1888
1 8 60 28 61 25 5 1889
1 67 5 66 5 69 2 1890
1 66 72 38 69 36 3 1891
0 54 51 20 58 19 3 1892
0 128 52 1 50 2 3 1893
0 89 91 33 90 37 3 1894
1 20 47 54 47 50 2 1895
0 40 49 46 47 42 3 1896
0 89 59 17 42 17 3 1897
1 21 44 52 43 58 1 1898
0 65 31 47 26 64 3 1899
1 89 52 80 29 79 1 1900
0 108 91 15 90 37 3 1901
0 41 85 4 82 5 3 1902
0 48 43 61 46 69 3 1903
0 39 55 45 53 53 3 1904
0 57 71 34 58 66 3 1905
1 72 59 34 55 39 1 1906
0 83 59 21 60 24 3 1907
0 87 46 20 49 20 3 1908
1 1 65 45 71 38 1 1909
1 141 61 29 61 26 1 1910
0 78 78 6 76 8 3 1911
0 93 64 43 67 27 3 1912
0 45 55 80 58 80 3 1913
1 14 51 51 49 54 1 1914
1 110 27 3 18 2 1 1915
1 102 6 37 6 30 1 1916
0 109 46 42 42 39 3 1917
1 93 90 43 90 40 1 1918
0 13 6 68 2 64 3 1919
1 66 69 43 65 44 1 1920
1 7 59 37 53 46 1 1921
0 56 30 45 31 43 3 1922
1 125 44 54 40 63 1 1923
0 104 48 50 54 49 3 1924
0 82 62 36 67 11 3 1925
1 28 45 4 40 4 1 1926
1 101 64 36 55 42 2 1927
0 12 60 28 58 27 3 1928
1 95 56 75 48 79 1 1929
0 33 91 39 91 33 3 1930
1 0 80 4 81 6 1 1931
0 54 64 26 63 35 3 1932
1 82 61 40 70 35 1 1933
1 18 36 31 42 35 1 1934
0 26 48 65 41 79 3 1935
1 105 56 18 50 19 2 1936
1 27 52 76 49 77 1 1937
1 10 55 80 51 80 1 1938
0 46 67 92 68 89 5 1939
0 129 32 56 46 53 3 1940
0 91 49 81 48 86 3 1941
0 55 37 16 70 43 3 1942
0 10 6 63 6 66 3 1943
1 100 60 26 59 29 1 1944
0 83 55 18 58 18 3 1945
1 51 98 17 98 22 1 1946
1 102 61 30 61 35 6 1947
1 122 49 51 56 41 1 1948
1 116 50 62 53 25 6 1949
1 130 63 42 62 46 5 1950
0 12 65 74 64 76 3 1951
0 132 60 38 64 29 3 1952
0 56 50 53 48 56 3 1953
0 82 53 54 50 55 5 1954
1 57 31 34 27 34 2 1955
1 123 41 2 49 2 1 1956
1 0 69 40 71 41 2 1957
1 24 55 45 53 34 1 1958
1 4 57 59 61 30 1 1959
1 73 59 21 60 32 2 1960
1 23 14 10 42 22 6 1961
1 96 40 68 43 64 6 1962
1 65 6 37 6 29 1 1963
1 100 58 60 59 47 1 1964
1 101 67 43 64 43 1 1965
0 35 37 13 40 13 3 1966
0 59 69 41 55 45 3 1967
1 47 59 30 49 24 1 1968
0 36 33 50 34 43 3 1969
0 39 58 29 56 32 3 1970
1 90 32 46 33 48 4 1971
0 43 74 30 70 35 3 1972
1 117 68 39 70 41 1 1973
0 88 59 57 58 60 3 1974
1 126 56 43 55 45 1 1975
0 143 47 34 46 37 3 1976
0 51 60 30 59 24 3 1977
1 19 45 21 48 19 1 1978
0 78 65 43 63 48 3 1979
0 98 62 31 58 38 4 1980
0 39 52 45 54 42 3 1981
0 139 6 32 6 29 3 1982
1 18 29 54 30 51 2 1983
1 76 40 23 33 26 1 1984
1 134 50 46 62 22 1 1985
0 82 53 40 52 42 3 1986
0 22 46 45 47 49 3 1987
1 14 54 46 53 44 1 1988
1 87 54 81 40 81 1 1989
1 111 6 29 6 34 1 1990
1 95 56 49 56 46 1 1991
0 10 61 31 63 36 5 1992
0 130 55 42 53 44 3 1993
0 38 53 50 50 50 3 1994
1 135 55 30 54 34 1 1995
0 143 1 95 2 97 5 1996
1 88 56 52 57 45 1 1997
0 36 31 50 31 57 5 1998
1 48 6 55 6 40 1 1999
