1 92 64 16 49 22 3 0
0 38 69 35 68 37 3 1
1 112 55 38 60 43 1 2
0 18 84 4 88 3 3 3
1 26 48 69 46 68 1 4
1 24 59 38 59 34 5 5
1 121 53 40 42 42 1 6
0 69 48 4 20 3 3 7
0 124 58 36 53 43 3 8
1 112 49 45 47 51 1 9
1 117 54 45 48 56 3 10
1 45 55 42 53 56 1 11
0 32 54 41 56 38 3 12
1 20 69 42 73 30 2 13
0 17 5 63 6 65 3 14
0 17 55 75 57 78 3 15
1 129 6 37 6 33 1 16
1 93 65 1 56 1 1 17
1 74 53 60 52 64 1 18
1 23 56 28 57 31 2 19
1 80 41 11 40 14 1 20
0 133 58 31 57 26 4 21
0 126 98 16 98 13 3 22
1 124 69 36 56 58 5 23
1 106 58 38 60 31 2 24
0 27 6 60 6 52 3 25
1 28 61 35 53 44 2 26
1 95 37 16 96 4 1 27
1 50 45 61 47 52 1 28
0 118 58 19 60 17 3 29
0 72 52 77 54 76 3 30
0 118 41 11 36 14 4 31
1 41 70 15 36 18 2 32
1 23 42 34 47 27 1 33
0 57 57 2 60 2 4 34
1 133 61 1 64 1 1 35
1 42 88 4 82 4 1 36
1 104 51 25 53 26 1 37
0 117 58 47 60 44 3 38
0 35 64 31 27 45 3 39
1 128 35 13 42 11 5 40
1 129 55 47 50 50 1 41
0 12 50 51 53 49 3 42
0 104 53 81 50 79 3 43
1 94 28 43 25 51 1 44
1 139 49 29 64 34 2 45
1 130 6 36 6 25 5 46
1 102 48 66 43 59 1 47
1 108 52 1 44 2 1 48
0 70 54 2 61 1 3 49
1 39 53 45 51 47 1 50
0 122 56 80 53 80 3 51
0 30 60 31 54 30 3 52
0 0 61 51 60 53 3 53
1 8 56 30 58 25 3 54
1 66 68 36 64 45 3 55
0 57 6 54 5 36 3 56
0 124 91 33 91 29 5 57
1 57 5 81 5 70 1 58
1 46 49 53 42 54 1 59
0 65 39 47 34 46 3 60
0 94 5 67 5 72 3 61
1 41 55 43 59 41 1 62
0 53 68 76 66 75 3 63
0 124 36 13 39 14 3 64
1 31 48 2 44 3 2 65
0 48 47 42 47 52 3 66
1 91 50 50 27 39 2 67
1 13 51 34 47 37 1 68
0 10 60 30 52 24 3 69
0 51 44 4 40 4 3 70
1 54 55 18 62 17 1 71
1 36 52 41 56 44 1 72
1 57 62 32 61 36 1 73
1 81 71 31 63 30 1 74
1 62 48 39 52 45 1 75
1 41 44 45 52 46 1 76
1 142 55 39 64 35 3 77
0 128 49 35 42 32 3 78
1 59 66 41 65 47 1 79
1 61 51 43 60 31 1 80
0 124 69 41 69 25 3 81
0 7 31 59 29 65 3 82
1 102 69 75 67 74 1 83
0 39 61 24 59 20 3 84
1 64 52 61 54 55 2 85
0 143 28 49 23 40 3 86
0 65 60 35 55 43 6 87
0 92 51 59 48 55 4 88
1 6 68 72 67 76 6 89
0 23 41 20 52 17 3 90
1 121 66 74 68 73 2 91
0 83 50 19 36 18 3 92
1 111 6 31 6 39 5 93
0 101 43 4 39 5 3 94
0 35 72 41 69 39 3 95
1 124 92 27 91 30 1 96
0 28 98 17 98 20 3 97
1 38 48 38 54 31 1 98
0 24 56 80 50 80 3 99
0 76 59 1 57 2 3 100
0 37 6 51 6 44 3 101
0 33 92 33 90 36 3 102
1 80 64 45 59 49 1 103
0 139 54 80 45 80 3 104
0 88 45 62 52 51 3 105
0 48 69 73 71 69 3 106
0 16 42 36 49 38 6 107
1 2 55 80 53 81 1 108
1 143 57 38 56 50 1 109
1 0 39 12 43 13 1 110
0 104 59 37 63 35 5 111
0 66 47 30 45 34 4 112
1 14 58 47 60 43 2 113
1 28 62 45 62 55 1 114
0 95 32 78 57 76 3 115
1 64 61 35 44 31 1 116
1 85 47 59 49 52 1 117
0 27 59 20 60 17 3 118
0 31 45 48 47 50 3 119
0 52 48 79 55 75 4 120
1 50 52 28 51 24 1 121
0 78 90 42 91 35 3 122
0 61 40 37 38 41 3 123
1 128 45 60 45 53 1 124
0 96 27 49 32 46 5 125
0 48 91 41 92 29 3 126
0 50 51 20 55 25 3 127
0 97 49 34 46 30 5 128
1 107 41 43 38 49 5 129
0 21 7 47 6 45 3 130
0 96 55 50 57 40 6 131
0 14 59 17 52 19 3 132
0 115 43 59 46 52 3 133
1 138 46 53 31 55 1 134
0 56 59 26 62 20 3 135
0 38 40 36 40 25 3 136
0 43 56 43 59 43 3 137
0 125 66 92 63 94 3 138
1 22 33 50 30 51 5 139
0 43 86 4 82 3 5 140
0 52 52 20 55 20 3 141
1 52 49 2 13 0 1 142
1 131 6 40 6 50 1 143
0 114 46 37 51 24 3 144
0 70 67 73 68 76 3 145
1 85 41 11 43 12 1 146
0 82 37 79 37 71 3 147
1 111 6 35 5 38 3 148
0 106 50 79 50 68 3 149
0 19 42 22 44 23 5 150
1 136 51 80 55 80 1 151
1 2 42 3 49 2 1 152
1 140 57 18 60 16 1 153
0 58 60 41 59 34 6 154
0 86 6 31 6 44 3 155
1 33 49 19 44 21 6 156
0 122 90 39 91 37 3 157
0 107 42 31 38 41 5 158
1 2 42 58 45 54 1 159
1 39 55 44 28 39 1 160
1 0 45 3 49 3 1 161
0 66 48 29 54 27 5 162
0 1 40 43 38 39 3 163
1 45 73 67 71 68 1 164
0 5 52 59 55 56 3 165
0 87 98 17 98 22 3 166
1 119 55 22 52 29 1 167
0 14 85 21 87 20 3 168
1 82 30 51 32 48 2 169
0 30 86 4 81 2 3 170
1 137 92 30 92 26 3 171
1 133 60 47 58 48 1 172
0 140 71 30 69 40 3 173
0 60 59 60 52 59 3 174
1 98 54 38 47 44 1 175
1 34 80 5 83 4 1 176
1 83 5 37 6 39 2 177
1 120 5 70 7 66 2 178
0 91 48 53 31 55 3 179
1 105 98 14 98 11 1 180
0 5 54 81 53 76 3 181
0 92 72 35 65 50 3 182
1 8 57 34 58 39 2 183
1 115 48 21 50 19 2 184
1 65 51 55 48 52 1 185
0 116 59 40 66 39 6 186
0 106 39 10 28 12 3 187
1 99 66 92 65 90 1 188
0 27 82 5 79 6 5 189
0 130 73 34 65 46 3 190
0 99 57 80 54 80 3 191
0 21 57 27 63 42 3 192
0 130 89 31 87 27 3 193
0 65 58 46 56 52 3 194
1 82 57 41 55 43 3 195
0 88 70 30 69 36 3 196
1 1 57 40 55 39 1 197
1 27 6 65 5 69 1 198
0 104 49 38 40 37 3 199
1 97 98 24 98 20 1 200
0 80 52 75 54 80 3 201
1 100 59 44 58 55 1 202
0 130 53 71 58 58 4 203
1 123 30 54 30 51 2 204
0 93 23 19 46 52 3 205
1 62 52 58 56 41 1 206
0 72 6 46 6 43 3 207
1 5 45 22 47 21 1 208
1 21 50 30 51 26 2 209
0 46 47 22 45 23 5 210
0 117 27 48 30 45 3 211
1 121 88 3 86 4 6 212
1 39 51 58 52 46 6 213
1 102 6 38 6 27 1 214
1 48 67 33 71 31 5 215
1 103 44 52 31 74 1 216
1 48 52 39 60 35 2 217
1 84 50 38 56 46 2 218
0 64 6 53 7 49 3 219
1 64 56 40 58 41 3 220
1 73 60 17 53 16 2 221
1 38 56 42 44 40 1 222
0 88 50 42 56 42 3 223
0 48 47 44 42 68 3 224
1 133 50 53 51 50 2 225
0 140 62 31 53 41 3 226
0 55 6 26 6 29 3 227
0 57 50 40 55 43 5 228
0 139 44 50 53 48 3 229
0 50 59 30 57 29 3 230
1 32 59 31 59 25 5 231
1 91 51 80 58 80 2 232
1 79 60 17 57 18 2 233
1 48 56 46 40 48 1 234
0 33 52 48 31 39 3 235
0 141 54 46 49 53 5 236
0 117 55 38 45 65 3 237
0 64 45 53 43 59 3 238
1 16 50 31 49 33 1 239
1 93 78 90 83 93 2 240
0 16 6 69 5 65 3 241
0 105 71 32 73 30 3 242
1 64 63 44 68 39 5 243
1 138 43 39 18 96 2 244
0 79 43 24 32 27 3 245
1 12 55 18 49 20 1 246
1 93 6 28 5 38 1 247
0 133 57 80 54 80 3 248
1 66 71 43 72 37 3 249
0 77 46 3 44 4 3 250
1 46 66 93 64 91 1 251
0 109 51 50 54 47 3 252
1 74 5 28 4 33 1 253
1 80 5 60 1 67 1 254
0 57 68 64 65 63 3 255
0 138 55 75 57 74 3 256
1 88 43 3 46 2 6 257
0 141 98 22 98 17 3 258
0 94 91 36 92 34 3 259
1 74 78 6 80 5 1 260
1 17 6 44 5 38 2 261
1 99 47 22 44 21 1 262
0 69 59 29 54 30 4 263
1 95 46 2 49 2 1 264
0 30 67 35 70 32 3 265
1 54 60 46 65 36 2 266
1 80 56 43 47 16 2 267
0 29 69 75 70 72 3 268
0 6 70 68 68 70 5 269
0 55 64 42 67 32 3 270
1 60 67 33 67 43 1 271
0 10 56 61 53 64 3 272
1 126 48 46 46 52 1 273
0 49 90 42 94 6 3 274
0 115 11 60 50 70 3 275
0 93 89 92 87 95 5 276
1 14 72 5 76 7 1 277
0 18 52 54 55 45 4 278
0 96 56 40 54 38 5 279
1 95 67 79 72 71 1 280
1 18 91 34 90 36 2 281
1 41 13 27 49 54 1 282
1 18 58 63 49 66 3 283
0 104 58 44 56 40 3 284
1 65 6 30 6 26 2 285
1 111 63 45 66 44 1 286
0 99 59 37 60 40 3 287
1 7 55 36 60 31 1 288
0 1 81 2 86 4 3 289
0 0 53 46 47 54 3 290
1 115 98 18 98 23 1 291
1 83 56 19 6 14 1 292
1 11 87 3 85 4 4 293
1 69 51 19 46 15 1 294
0 43 50 49 53 42 3 295
1 138 48 56 46 73 3 296
0 143 42 37 57 38 3 297
0 2 48 43 37 51 3 298
0 39 45 52 33 57 3 299
0 130 67 43 60 28 3 300
0 18 50 71 52 32 4 301
1 72 63 45 67 38 1 302
1 26 60 23 55 37 1 303
0 76 30 46 31 44 3 304
0 34 41 48 34 39 3 305
1 26 54 52 52 49 5 306
1 137 57 36 56 29 1 307
0 48 45 35 41 38 3 308
0 94 52 45 57 39 3 309
0 120 58 48 60 42 3 310
1 89 52 80 55 80 1 311
1 86 63 70 54 75 2 312
0 35 49 28 55 27 3 313
1 68 62 44 68 40 1 314
1 5 44 20 48 21 1 315
0 45 92 28 89 19 3 316
1 40 6 56 6 53 1 317
0 110 67 78 51 75 3 318
0 22 87 4 84 4 3 319
0 52 98 19 98 15 3 320
1 95 48 2 46 3 1 321
1 48 48 34 51 34 1 322
0 26 31 40 31 37 3 323
0 24 57 45 54 39 3 324
0 39 49 48 15 38 3 325
1 82 56 42 47 36 1 326
1 64 27 52 29 51 1 327
1 74 58 71 55 76 1 328
1 28 51 32 47 32 1 329
0 130 55 66 55 52 3 330
0 91 52 65 59 47 3 331
1 102 58 59 53 59 2 332
1 112 40 42 41 31 1 333
1 20 56 20 44 25 1 334
0 115 52 16 61 17 3 335
0 92 48 3 45 4 3 336
1 15 60 32 62 34 1 337
0 130 39 37 42 37 3 338
0 92 74 33 73 36 3 339
0 105 61 52 54 44 3 340
1 81 6 65 5 67 1 341
0 79 37 41 38 39 6 342
1 143 50 27 52 30 1 343
1 85 45 2 48 2 1 344
0 112 52 24 54 27 3 345
1 96 7 41 6 48 3 346
0 71 56 2 66 1 3 347
1 87 39 48 41 51 3 348
0 95 31 47 28 56 3 349
0 122 91 40 91 31 3 350
0 87 47 61 49 63 3 351
0 31 66 44 65 41 3 352
0 141 55 74 58 75 3 353
0 18 91 35 92 32 3 354
0 90 65 27 30 14 3 355
1 5 62 41 54 63 1 356
1 74 56 50 57 52 1 357
0 28 27 50 32 46 3 358
0 69 46 4 49 3 3 359
0 47 6 52 6 56 3 360
1 103 63 34 61 40 2 361
0 97 51 32 52 30 3 362
1 43 49 63 47 55 1 363
1 120 59 54 59 48 3 364
1 26 66 41 71 39 1 365
1 128 30 31 32 35 1 366
1 28 69 35 67 34 1 367
1 90 70 72 72 74 1 368
0 108 64 76 70 72 3 369
1 21 32 54 33 46 1 370
0 101 70 31 68 40 3 371
1 43 55 30 52 25 1 372
0 57 54 55 56 50 3 373
1 126 48 31 55 26 3 374
0 28 42 40 39 39 3 375
0 91 25 38 18 40 3 376
0 86 41 2 44 3 3 377
0 143 44 11 35 13 3 378
0 81 67 36 67 33 3 379
1 90 60 42 60 53 3 380
1 44 70 72 74 66 1 381
0 41 39 28 42 33 3 382
1 85 56 19 55 21 3 383
1 100 54 69 57 49 1 384
0 28 55 42 57 41 4 385
1 65 54 37 58 28 3 386
0 107 86 94 88 93 3 387
1 112 32 48 32 42 1 388
1 99 65 94 67 92 2 389
0 88 98 21 98 14 3 390
0 98 58 43 57 48 4 391
0 112 53 17 57 18 3 392
0 119 59 34 58 38 3 393
1 78 92 26 91 31 5 394
1 55 80 6 82 4 1 395
0 99 45 3 41 4 3 396
1 5 48 4 39 4 5 397
1 97 67 36 69 42 1 398
1 127 58 16 59 32 1 399
1 62 53 55 47 70 1 400
0 38 39 44 41 40 3 401
1 122 65 39 64 41 1 402
1 104 42 64 48 60 3 403
0 125 50 20 43 21 3 404
1 46 58 45 54 49 2 405
1 39 53 57 51 56 2 406
1 110 31 46 32 52 1 407
0 111 54 80 50 80 6 408
0 130 59 45 62 43 3 409
0 50 59 17 57 18 4 410
1 64 33 43 6 33 1 411
0 112 52 29 54 28 3 412
0 98 47 49 46 51 3 413
1 94 67 32 65 48 1 414
0 80 90 37 91 19 3 415
0 63 44 4 36 4 3 416
0 54 55 38 62 32 6 417
0 47 7 48 6 54 3 418
0 27 28 55 30 53 3 419
0 59 63 16 60 16 3 420
0 141 56 53 46 47 6 421
1 103 55 31 58 26 4 422
1 0 68 42 67 38 1 423
0 96 45 61 52 48 3 424
1 112 48 31 50 29 2 425
0 43 85 5 87 2 3 426
0 123 87 3 85 4 3 427
0 51 6 64 5 71 3 428
1 14 58 37 50 61 1 429
1 68 50 53 46 74 1 430
0 126 53 54 55 50 3 431
0 51 59 26 61 29 3 432
0 108 67 92 65 94 3 433
1 32 31 48 30 52 1 434
1 108 65 1 55 1 1 435
1 89 47 58 46 51 1 436
1 3 53 39 61 32 1 437
1 69 61 42 55 48 1 438
1 24 55 43 61 34 1 439
1 119 5 28 6 31 4 440
1 98 60 22 55 29 1 441
1 87 54 48 52 52 1 442
1 31 5 68 6 65 1 443
1 41 47 57 45 62 1 444
0 112 39 53 45 52 3 445
1 38 49 56 11 22 1 446
0 135 67 28 70 32 3 447
0 123 30 49 34 43 3 448
0 122 5 68 6 65 3 449
1 72 54 40 33 42 1 450
0 1 59 37 50 43 5 451
0 85 45 48 32 54 3 452
1 86 98 14 98 18 1 453
0 39 58 44 52 46 3 454
1 65 81 5 79 6 2 455
0 87 84 4 87 4 3 456
0 1 69 40 66 49 3 457
1 32 59 46 64 29 1 458
0 79 69 36 60 44 3 459
1 93 91 34 91 31 1 460
1 108 31 47 29 53 1 461
1 115 61 29 55 42 1 462
1 86 63 31 56 41 1 463
0 116 56 31 50 32 3 464
1 117 58 43 46 59 1 465
0 22 33 48 30 51 3 466
0 23 47 46 46 44 3 467
1 96 35 14 39 14 2 468
0 113 6 33 5 39 3 469
0 105 63 17 59 17 3 470
1 85 54 24 44 23 2 471
0 98 64 41 54 58 3 472
1 105 47 59 49 56 1 473
1 132 57 46 54 51 1 474
1 86 98 11 98 23 1 475
0 27 49 49 55 41 3 476
1 108 5 37 5 48 1 477
1 50 88 93 87 91 1 478
1 143 50 20 31 16 1 479
0 72 44 45 40 36 3 480
1 83 98 17 98 22 1 481
1 79 51 19 59 18 1 482
1 32 32 45 31 49 6 483
0 54 61 18 58 17 3 484
1 108 69 40 61 56 1 485
1 16 41 12 36 13 1 486
0 9 50 48 56 39 3 487
1 39 57 45 60 42 2 488
1 9 51 50 50 58 1 489
1 129 85 94 86 90 1 490
0 48 70 38 37 15 3 491
1 65 61 48 57 60 1 492
1 93 34 47 34 55 4 493
0 105 68 48 65 54 3 494
1 136 59 74 52 77 1 495
1 112 68 77 69 75 1 496
1 13 14 1 47 2 1 497
1 88 43 58 21 19 2 498
0 9 53 51 53 39 3 499
0 108 32 49 29 53 3 500
0 46 51 83 54 80 3 501
1 68 56 39 58 40 1 502
1 143 27 50 27 45 1 503
0 55 44 64 49 65 3 504
0 113 70 73 66 75 3 505
1 120 28 25 29 35 2 506
0 143 56 1 43 1 3 507
1 91 42 12 39 12 1 508
1 46 58 45 55 54 1 509
1 70 63 30 43 37 1 510
0 33 51 49 49 52 3 511
0 33 53 40 40 46 3 512
1 48 4 31 0 25 5 513
1 52 55 26 50 35 1 514
1 108 6 63 6 66 6 515
1 88 58 40 57 45 2 516
1 76 60 37 58 36 1 517
1 68 68 41 64 47 3 518
1 16 21 19 19 28 2 519
0 73 56 41 51 53 3 520
1 39 50 52 55 47 4 521
1 46 65 1 61 1 1 522
1 108 64 43 65 47 1 523
1 16 69 37 66 46 1 524
0 103 5 40 6 43 3 525
0 102 57 39 39 37 3 526
0 18 41 4 53 2 3 527
0 73 59 33 46 42 3 528
0 53 67 34 68 38 3 529
0 17 6 54 4 46 3 530
1 51 30 77 58 74 1 531
0 112 45 57 45 54 6 532
0 0 63 34 43 39 3 533
0 31 68 40 66 35 3 534
1 1 66 74 68 72 1 535
1 71 69 40 73 32 1 536
1 26 69 22 73 18 5 537
0 111 80 5 83 4 3 538
0 126 52 47 48 55 3 539
1 133 50 64 55 49 2 540
0 17 5 52 4 50 3 541
0 130 83 4 79 5 3 542
1 107 88 93 81 92 1 543
0 44 45 35 46 37 3 544
0 46 52 63 55 49 3 545
1 11 52 56 42 51 2 546
0 108 92 32 91 30 3 547
1 92 56 61 55 63 2 548
0 71 29 49 26 51 3 549
1 127 47 57 46 50 5 550
0 16 32 44 30 45 3 551
1 121 54 45 58 38 1 552
0 9 47 33 49 36 3 553
1 117 58 39 56 42 2 554
0 117 54 54 49 31 3 555
0 58 30 60 28 58 3 556
1 83 54 1 60 1 1 557
1 80 83 3 85 4 1 558
1 125 6 46 7 36 2 559
1 101 49 39 46 38 1 560
1 91 55 42 54 50 5 561
0 17 5 35 5 51 3 562
0 48 91 31 91 34 3 563
1 102 64 77 70 67 1 564
0 88 61 30 59 33 3 565
1 85 67 34 68 40 1 566
0 141 55 50 43 78 3 567
0 39 64 44 69 37 3 568
1 98 62 22 59 23 1 569
1 85 70 35 68 40 2 570
1 32 29 47 23 48 1 571
1 38 53 41 43 35 1 572
0 58 54 23 50 31 3 573
0 30 48 37 51 37 3 574
0 95 56 80 52 80 3 575
1 63 91 17 91 33 2 576
0 20 65 47 65 50 3 577
0 119 51 61 44 52 3 578
0 52 48 43 39 54 3 579
1 61 56 39 43 39 1 580
0 49 28 53 25 53 3 581
0 92 59 17 56 18 5 582
1 113 32 53 26 75 2 583
0 46 49 48 57 12 3 584
1 70 87 4 81 2 2 585
1 51 73 71 98 64 2 586
1 0 61 44 56 53 1 587
0 51 30 46 28 57 5 588
1 86 53 37 52 34 1 589
1 46 62 1 65 1 2 590
1 102 54 46 52 51 1 591
0 39 61 37 58 32 3 592
0 128 92 34 91 39 3 593
0 30 6 49 7 44 3 594
0 97 47 3 43 2 3 595
1 60 62 18 53 14 2 596
0 112 70 6 78 6 3 597
0 86 65 28 62 35 3 598
0 16 36 13 22 11 3 599
1 79 43 30 43 35 1 600
1 97 53 52 52 37 2 601
1 64 41 70 36 80 1 602
0 18 6 35 6 32 3 603
0 24 53 45 55 40 5 604
1 56 69 37 64 41 1 605
0 93 60 35 63 38 5 606
1 113 29 58 33 50 2 607
1 95 31 50 28 68 1 608
0 112 61 73 53 64 3 609
1 106 53 40 55 39 1 610
1 79 60 29 64 26 1 611
1 76 70 70 69 75 2 612
0 26 72 35 66 41 5 613
1 7 61 35 58 37 3 614
0 139 92 29 90 25 3 615
0 108 91 35 92 29 3 616
1 37 7 44 6 42 1 617
0 65 51 47 36 57 3 618
1 54 38 12 41 12 1 619
0 8 48 55 45 1 3 620
1 26 73 36 71 38 3 621
1 47 33 45 29 46 1 622
0 69 7 40 6 33 4 623
1 143 80 5 79 7 1 624
0 143 44 11 40 12 3 625
0 67 5 61 5 64 3 626
0 122 59 35 63 37 3 627
0 86 51 48 53 46 3 628
0 40 92 33 92 29 3 629
0 134 30 14 60 29 3 630
0 116 50 19 45 21 3 631
1 53 42 34 42 31 1 632
0 105 6 48 6 63 3 633
0 72 56 59 63 42 3 634
0 93 6 32 6 36 3 635
0 116 57 28 58 33 3 636
0 52 65 92 66 90 3 637
1 31 61 1 56 2 5 638
0 36 30 60 27 69 3 639
1 14 92 25 89 18 4 640
1 88 6 37 5 41 2 641
0 77 53 59 51 62 3 642
1 62 50 30 42 24 4 643
0 66 47 30 50 32 3 644
0 126 58 74 12 60 3 645
1 83 54 27 58 31 3 646
1 3 69 33 71 34 1 647
0 116 51 19 45 21 5 648
1 132 59 43 45 42 4 649
1 88 45 4 41 4 1 650
0 139 60 29 50 37 3 651
1 120 60 27 59 22 1 652
1 108 67 72 71 71 1 653
0 18 92 29 91 31 3 654
0 141 35 38 33 39 3 655
1 107 42 34 32 39 2 656
0 42 52 50 52 38 3 657
1 106 77 7 80 4 6 658
1 62 65 1 51 3 3 659
1 116 46 20 50 16 2 660
0 37 67 92 66 94 3 661
1 108 67 47 68 45 1 662
0 11 46 71 51 59 3 663
1 128 6 30 5 18 1 664
0 38 41 37 39 40 3 665
1 10 40 35 39 37 5 666
1 57 56 78 54 81 2 667
1 14 6 67 5 69 2 668
0 64 55 41 52 40 3 669
0 0 56 38 60 36 3 670
1 131 56 27 59 26 1 671
1 41 80 6 83 4 2 672
0 130 57 50 54 55 5 673
1 16 52 35 55 52 1 674
1 52 49 44 50 42 1 675
1 15 86 4 84 5 2 676
1 49 38 48 39 37 1 677
1 73 46 48 22 19 2 678
1 77 54 41 48 40 1 679
1 143 98 20 98 30 2 680
0 11 31 48 24 67 3 681
1 19 54 80 45 80 1 682
1 81 71 33 50 46 3 683
1 45 28 56 16 45 1 684
0 91 53 18 29 18 3 685
0 96 65 27 66 36 3 686
0 94 45 21 52 19 3 687
0 13 78 6 82 6 3 688
1 92 44 18 40 39 2 689
0 9 54 42 59 36 3 690
0 98 50 36 59 28 5 691
1 130 51 45 55 38 5 692
0 71 48 19 43 21 3 693
0 38 57 29 52 37 3 694
0 91 32 57 39 55 3 695
0 107 43 37 46 27 3 696
1 114 50 35 50 49 1 697
0 103 56 1 63 1 3 698
0 31 61 37 63 32 3 699
1 46 49 3 45 4 5 700
0 128 34 44 31 45 3 701
0 141 59 30 55 30 3 702
1 128 39 12 44 12 1 703
0 65 6 29 6 34 3 704
0 16 31 43 34 41 3 705
1 102 54 81 39 80 1 706
0 24 50 38 56 37 5 707
1 78 40 13 36 13 1 708
0 86 98 19 98 15 3 709
0 110 56 40 59 42 3 710
1 11 6 64 5 60 2 711
1 25 67 38 64 43 1 712
1 49 48 69 41 68 1 713
1 43 53 40 54 42 2 714
0 134 64 76 60 75 3 715
1 21 44 67 44 62 1 716
0 119 72 41 65 45 3 717
0 52 58 25 54 24 3 718
1 128 39 13 27 12 1 719
1 21 59 54 56 51 1 720
1 28 68 33 67 25 2 721
1 108 51 62 58 56 1 722
0 23 32 49 32 46 3 723
1 104 5 39 6 6 3 724
1 44 59 29 55 31 2 725
0 94 55 78 56 76 3 726
0 51 49 79 58 75 3 727
1 79 74 35 65 54 3 728
0 92 51 15 46 18 3 729
0 65 59 27 63 20 3 730
0 134 50 27 45 37 3 731
1 9 53 52 55 50 1 732
0 30 60 18 63 18 3 733
1 108 34 42 32 56 1 734
1 48 87 4 86 2 1 735
1 61 57 74 51 79 2 736
1 5 50 77 48 81 1 737
0 49 61 28 62 26 3 738
0 18 92 29 92 21 5 739
0 72 50 50 51 45 3 740
0 74 47 20 50 18 3 741
1 72 63 46 67 37 1 742
1 108 62 31 58 20 1 743
0 51 51 49 55 52 3 744
0 68 88 3 84 4 3 745
0 2 38 39 39 37 3 746
1 54 68 43 68 39 2 747
1 70 47 50 45 48 1 748
1 88 86 4 88 3 1 749
0 93 51 2 27 2 3 750
0 40 56 77 59 77 3 751
0 41 72 38 73 40 3 752
1 98 6 65 5 61 1 753
1 84 66 38 66 23 1 754
1 132 51 29 50 32 1 755
1 38 39 46 41 42 1 756
1 117 57 42 53 57 5 757
0 18 69 42 61 46 3 758
0 92 88 94 85 94 3 759
1 117 46 2 51 2 1 760
1 120 64 42 50 46 2 761
1 79 68 47 64 45 1 762
1 33 57 36 61 26 3 763
0 61 47 20 45 21 3 764
0 105 71 40 70 42 6 765
1 76 61 28 57 31 1 766
1 74 67 23 65 21 2 767
0 96 6 38 4 45 3 768
1 140 53 21 53 26 2 769
1 116 6 49 5 63 1 770
1 126 6 13 6 30 1 771
1 96 69 40 59 45 3 772
0 129 43 58 45 59 5 773
0 125 52 47 44 50 3 774
0 103 70 73 69 68 3 775
1 40 47 51 47 41 1 776
0 57 52 76 56 79 3 777
0 72 62 30 52 24 5 778
1 138 21 18 38 65 2 779
0 124 68 76 51 75 3 780
1 20 68 33 61 42 1 781
1 108 31 44 30 58 1 782
0 138 49 28 49 38 4 783
0 73 61 40 63 47 3 784
0 46 56 57 50 63 4 785
1 13 53 44 55 46 6 786
0 65 81 5 98 3 3 787
1 51 40 37 44 36 2 788
0 87 48 78 56 74 3 789
1 5 47 20 40 20 1 790
1 88 45 62 48 68 2 791
0 82 68 76 69 72 6 792
0 24 48 54 53 45 3 793
0 127 44 21 34 18 3 794
1 83 46 42 47 50 1 795
1 60 68 41 69 38 1 796
0 116 46 50 51 49 3 797
1 117 50 49 49 54 1 798
0 119 45 3 34 2 3 799
0 100 98 20 98 17 3 800
1 135 80 6 77 8 1 801
0 57 65 74 68 72 3 802
0 83 5 45 6 37 3 803
0 105 61 18 59 16 6 804
1 20 32 50 26 67 2 805
0 100 98 22 98 17 3 806
0 47 37 5 40 5 3 807
1 84 53 59 54 56 1 808
0 76 60 48 50 52 3 809
0 23 70 6 76 7 3 810
1 79 68 73 72 71 1 811
1 0 45 4 36 4 1 812
1 38 67 43 68 33 1 813
0 79 32 48 26 77 3 814
1 9 48 54 44 50 5 815
1 49 52 42 54 39 1 816
1 62 69 40 71 41 1 817
0 38 58 29 58 32 3 818
0 90 55 47 49 40 3 819
0 95 70 71 71 69 4 820
1 38 51 29 58 37 1 821
1 70 63 32 63 29 1 822
1 99 66 91 67 93 1 823
1 79 31 45 30 50 6 824
0 4 70 72 74 67 3 825
1 83 45 33 47 35 1 826
1 38 59 27 53 36 1 827
0 74 80 6 69 6 3 828
0 2 56 53 54 57 3 829
0 7 31 57 33 50 3 830
1 14 61 38 52 36 1 831
1 73 6 44 7 52 3 832
0 48 33 49 53 48 3 833
0 14 87 93 85 94 3 834
1 77 60 30 60 27 3 835
0 68 56 27 58 29 3 836
1 77 58 32 62 21 3 837
0 46 63 17 59 18 3 838
1 48 92 26 91 29 2 839
0 40 59 17 62 18 3 840
0 35 48 56 49 53 3 841
1 88 57 40 52 41 5 842
0 51 44 18 47 16 3 843
1 130 50 47 53 44 5 844
1 136 81 2 86 4 1 845
1 58 64 31 58 34 1 846
0 97 45 4 47 3 3 847
0 77 60 17 54 18 3 848
0 112 41 13 37 13 6 849
1 142 65 75 64 77 1 850
0 124 59 40 60 38 3 851
0 18 55 65 44 92 3 852
1 74 53 57 55 59 1 853
0 64 54 44 57 39 3 854
1 126 69 76 74 66 2 855
1 133 52 80 55 80 6 856
1 38 62 36 60 34 2 857
0 73 72 35 65 44 4 858
0 112 37 13 40 12 3 859
0 5 52 60 54 56 3 860
1 24 46 31 44 33 1 861
1 17 49 45 53 40 2 862
1 105 47 22 55 23 1 863
0 14 53 57 57 59 3 864
0 138 49 60 49 56 3 865
0 10 41 38 41 34 3 866
0 105 68 47 63 33 3 867
1 78 59 40 61 39 1 868
0 11 52 56 50 52 3 869
1 12 59 31 62 20 1 870
1 128 29 46 16 46 2 871
0 132 30 53 28 59 3 872
0 35 50 24 49 28 3 873
1 97 58 36 61 33 2 874
1 52 37 42 42 31 1 875
0 73 59 45 65 33 5 876
1 57 15 21 46 37 1 877
0 102 44 2 47 2 3 878
0 129 87 4 84 4 3 879
0 57 52 45 36 41 3 880
1 117 52 44 51 47 1 881
1 101 59 35 53 32 4 882
0 141 57 42 51 60 3 883
0 54 92 34 91 31 3 884
1 22 47 29 45 32 1 885
1 40 59 36 64 31 1 886
0 12 59 24 57 27 3 887
1 34 59 74 62 70 2 888
1 133 57 80 52 80 6 889
0 57 7 43 6 48 3 890
0 142 90 36 92 26 3 891
0 125 52 41 47 67 3 892
0 0 62 42 58 58 3 893
0 108 91 31 91 39 3 894
0 7 61 31 62 35 3 895
1 24 58 56 56 55 1 896
1 112 54 19 57 18 2 897
1 48 32 49 28 52 1 898
0 37 48 21 51 19 3 899
0 82 52 75 51 33 3 900
0 8 50 80 53 80 3 901
0 74 51 73 61 47 5 902
0 115 49 51 51 54 3 903
0 110 32 51 27 60 3 904
0 43 98 20 98 14 4 905
0 41 55 44 46 43 3 906
1 17 6 52 4 74 1 907
1 80 41 2 45 2 1 908
0 34 61 41 60 38 3 909
0 48 51 49 53 47 3 910
0 81 52 31 46 32 6 911
1 37 7 38 7 52 1 912
0 70 69 33 62 53 3 913
1 4 50 29 49 20 1 914
0 141 61 46 64 44 3 915
0 34 51 31 47 31 3 916
1 116 59 22 60 27 1 917
0 6 63 75 65 77 3 918
1 104 61 63 59 64 1 919
1 124 45 42 50 38 2 920
1 104 98 18 98 14 1 921
0 43 98 14 98 22 3 922
0 88 6 32 5 35 3 923
1 74 70 6 80 3 3 924
1 23 58 55 45 56 2 925
0 40 98 18 98 23 3 926
0 131 31 47 22 50 3 927
1 96 15 43 14 46 1 928
0 117 48 57 50 51 3 929
0 0 59 41 57 39 3 930
0 39 31 45 33 47 3 931
1 54 61 35 56 46 4 932
0 18 48 3 31 4 3 933
0 87 6 31 5 38 3 934
0 78 28 40 30 36 3 935
1 134 70 37 63 47 2 936
0 32 30 43 26 49 3 937
0 64 41 11 39 13 3 938
0 31 48 2 45 2 3 939
1 38 39 40 35 52 1 940
0 97 6 38 6 34 3 941
0 81 54 26 52 24 3 942
1 123 47 2 50 2 1 943
1 77 55 2 63 1 1 944
0 111 60 54 27 44 3 945
0 135 34 26 35 28 3 946
0 122 6 64 5 61 4 947
0 127 71 68 68 72 3 948
1 13 69 46 72 27 1 949
1 48 53 40 95 29 2 950
0 117 70 35 57 25 3 951
1 8 52 33 50 35 1 952
0 19 51 28 48 29 5 953
1 112 64 50 69 42 1 954
1 123 50 46 62 58 1 955
0 143 56 25 51 33 3 956
1 80 56 34 55 37 1 957
0 53 50 36 51 34 3 958
1 40 6 63 5 68 3 959
0 112 30 46 32 45 3 960
0 104 54 45 50 45 3 961
0 101 54 48 46 62 6 962
0 118 69 42 67 44 3 963
0 139 39 46 38 48 3 964
0 68 56 44 68 35 5 965
0 73 59 35 57 38 3 966
1 100 30 59 32 55 2 967
1 8 49 36 53 41 1 968
0 3 90 23 91 25 3 969
1 13 65 45 51 43 4 970
1 74 62 42 53 59 1 971
0 78 58 37 63 36 3 972
0 53 52 53 44 72 3 973
1 110 88 94 86 93 1 974
0 129 54 28 55 42 3 975
0 55 57 39 50 50 3 976
1 24 44 45 44 50 1 977
1 55 65 51 64 53 3 978
0 92 90 36 91 28 3 979
0 30 6 65 5 70 3 980
0 46 49 43 54 45 3 981
1 109 74 30 70 35 1 982
1 132 69 38 68 40 1 983
1 84 98 19 98 22 1 984
1 42 48 24 56 25 3 985
0 143 42 60 47 48 5 986
0 97 54 80 56 75 3 987
1 42 45 20 49 18 1 988
0 141 51 48 54 46 3 989
0 66 48 29 52 26 3 990
1 72 6 28 6 38 1 991
0 87 49 56 50 50 3 992
1 13 47 80 49 81 1 993
1 32 59 49 55 54 5 994
0 39 65 44 46 34 3 995
1 143 84 4 87 4 1 996
0 96 67 38 64 33 3 997
1 133 45 62 43 64 1 998
1 95 42 3 48 2 1 999
1 29 6 50 6 54 2 1000
0 94 60 62 63 56 3 1001
1 44 6 31 6 28 1 1002
0 108 33 59 58 31 4 1003
0 9 6 66 4 68 3 1004
0 86 6 45 6 65 3 1005
1 23 39 47 35 49 2 1006
0 139 41 12 35 11 3 1007
1 128 58 33 53 34 1 1008
0 31 72 70 70 69 3 1009
1 117 47 20 49 19 1 1010
0 76 59 34 49 48 3 1011
0 62 69 33 68 31 5 1012
0 4 87 4 85 5 3 1013
0 51 59 32 44 31 3 1014
0 54 61 35 64 36 3 1015
0 59 44 45 50 53 3 1016
0 21 4 72 5 70 3 1017
1 53 41 50 38 52 2 1018
0 141 66 39 55 52 3 1019
0 129 5 39 6 28 3 1020
1 81 49 2 45 2 1 1021
0 39 63 33 54 50 3 1022
1 59 68 33 52 40 1 1023
0 123 29 66 32 47 3 1024
1 123 48 2 25 2 5 1025
0 130 55 42 51 47 3 1026
1 24 53 43 54 46 1 1027
0 46 37 16 50 46 3 1028
0 28 54 32 51 34 3 1029
1 101 44 65 48 51 1 1030
0 38 52 41 53 32 3 1031
1 57 57 28 50 36 1 1032
0 66 66 31 64 50 5 1033
1 143 44 22 50 20 2 1034
1 63 62 50 47 73 1 1035
0 98 60 50 50 44 3 1036
1 97 47 4 43 3 5 1037
1 124 68 40 70 41 6 1038
1 14 98 22 98 29 1 1039
0 119 61 30 45 40 3 1040
0 140 70 33 72 36 3 1041
1 51 36 13 39 13 2 1042
0 137 31 56 35 20 3 1043
0 32 52 29 58 36 3 1044
0 40 53 28 51 32 3 1045
0 23 61 22 59 26 3 1046
0 55 42 36 31 39 3 1047
0 132 58 80 52 79 3 1048
1 119 43 18 61 50 2 1049
0 87 25 51 21 57 3 1050
0 81 64 75 69 70 3 1051
1 108 69 31 62 26 1 1052
1 33 90 36 91 28 1 1053
0 48 55 46 54 44 5 1054
0 72 31 42 55 38 3 1055
1 118 69 41 69 32 4 1056
0 72 44 61 51 50 3 1057
0 42 98 20 98 23 3 1058
1 122 42 51 40 46 4 1059
0 76 58 33 57 31 3 1060
1 111 61 32 54 45 3 1061
1 25 71 68 67 73 1 1062
0 93 45 35 46 28 3 1063
0 81 49 46 42 61 3 1064
1 68 6 65 5 69 2 1065
1 24 71 38 61 52 1 1066
1 108 67 74 70 72 1 1067
1 46 56 2 63 1 5 1068
0 118 54 39 59 35 3 1069
1 70 60 22 62 24 2 1070
0 112 52 24 52 27 3 1071
1 46 62 1 59 1 5 1072
1 20 69 72 71 71 1 1073
1 130 49 20 46 17 1 1074
0 89 42 4 30 4 3 1075
1 16 47 42 46 47 3 1076
1 7 62 39 53 56 3 1077
0 110 43 46 41 48 3 1078
0 68 60 19 63 18 3 1079
0 90 32 47 32 52 3 1080
0 72 70 39 69 41 3 1081
0 16 60 42 53 24 3 1082
0 143 55 80 52 81 5 1083
0 51 67 40 36 16 3 1084
1 52 67 39 69 37 1 1085
1 15 52 33 53 31 1 1086
0 67 39 46 44 50 4 1087
0 17 58 76 57 72 3 1088
1 75 87 4 84 4 2 1089
0 21 53 41 59 34 3 1090
0 135 37 41 33 57 3 1091
1 23 38 40 41 43 2 1092
0 102 52 50 52 57 3 1093
1 115 53 77 55 76 2 1094
1 130 49 79 11 60 1 1095
1 126 98 18 98 24 4 1096
1 34 45 48 46 43 1 1097
0 77 63 31 59 30 3 1098
0 35 55 80 50 81 5 1099
0 7 5 57 6 52 3 1100
0 137 98 21 98 14 3 1101
0 83 51 34 49 38 3 1102
0 46 50 19 44 21 3 1103
1 20 60 35 58 42 1 1104
1 63 30 46 31 51 2 1105
1 96 66 45 53 43 1 1106
1 68 57 46 60 43 1 1107
1 78 49 49 42 57 1 1108
1 54 5 67 6 63 5 1109
0 24 48 36 49 39 3 1110
0 106 7 37 6 40 3 1111
1 82 53 52 45 47 1 1112
1 133 40 12 31 12 2 1113
0 116 82 5 79 7 3 1114
1 60 57 48 56 54 1 1115
0 98 47 42 49 41 3 1116
1 0 31 50 30 52 1 1117
1 6 63 75 67 73 2 1118
0 131 6 55 6 66 3 1119
0 44 60 37 63 40 3 1120
1 141 58 32 55 31 3 1121
1 136 41 13 35 13 1 1122
0 82 64 76 67 74 3 1123
1 81 49 36 53 32 1 1124
0 4 54 40 47 59 5 1125
1 87 60 24 55 39 1 1126
0 60 58 74 54 81 3 1127
0 137 41 44 42 40 3 1128
1 8 47 4 38 4 1 1129
0 84 34 40 22 45 3 1130
1 99 59 46 58 36 1 1131
0 115 55 40 47 67 6 1132
0 97 58 75 50 78 3 1133
0 139 6 29 6 25 5 1134
0 81 6 67 5 69 5 1135
0 76 33 52 29 64 4 1136
0 39 51 58 29 79 6 1137
0 109 38 11 41 10 3 1138
1 115 49 56 46 71 1 1139
1 83 58 29 50 19 1 1140
0 131 58 38 60 32 3 1141
1 19 51 46 42 73 2 1142
1 92 70 33 66 42 1 1143
0 99 67 93 65 91 3 1144
1 9 50 42 56 35 2 1145
0 104 56 24 50 33 3 1146
1 80 58 26 63 22 2 1147
0 101 38 14 34 16 3 1148
1 143 98 23 98 19 1 1149
0 22 40 4 47 4 3 1150
1 107 88 93 82 94 1 1151
1 3 71 38 69 42 2 1152
1 138 69 72 72 70 1 1153
0 12 92 30 92 33 3 1154
0 46 58 38 54 41 3 1155
1 46 82 4 61 2 1 1156
1 57 69 6 82 5 1 1157
0 8 35 32 55 33 5 1158
1 60 49 19 44 21 1 1159
1 117 53 52 49 63 1 1160
1 46 24 0 62 2 1 1161
0 28 53 46 51 48 3 1162
1 66 51 25 37 40 1 1163
1 104 61 68 63 69 2 1164
1 48 40 9 35 10 2 1165
1 48 40 12 37 13 2 1166
0 102 67 92 66 94 3 1167
1 80 58 42 56 37 3 1168
0 128 31 45 27 49 3 1169
0 143 41 34 37 41 3 1170
0 132 61 70 56 77 3 1171
1 69 54 77 62 70 3 1172
1 4 67 33 63 30 1 1173
0 129 68 77 70 71 4 1174
1 20 6 65 5 68 1 1175
1 92 56 20 53 21 1 1176
1 102 65 44 68 39 1 1177
1 15 35 36 45 44 4 1178
0 101 55 28 52 56 3 1179
0 22 60 36 60 43 3 1180
0 80 61 70 52 67 3 1181
0 110 40 48 43 41 3 1182
1 32 34 16 25 12 1 1183
0 125 82 6 83 4 3 1184
1 94 56 40 57 37 2 1185
0 42 6 69 6 64 3 1186
1 28 62 35 60 36 1 1187
1 38 61 24 57 28 1 1188
0 12 60 30 54 18 3 1189
1 117 70 37 64 24 2 1190
1 132 65 34 64 36 1 1191
0 115 54 42 52 53 4 1192
0 120 44 11 38 8 3 1193
1 99 6 52 6 57 1 1194
1 65 6 35 8 23 1 1195
1 71 60 51 62 49 1 1196
0 62 61 1 65 1 3 1197
1 1 52 19 56 18 3 1198
1 88 56 39 47 42 1 1199
0 127 68 41 69 32 3 1200
0 49 45 27 42 35 3 1201
1 79 37 40 40 45 1 1202
1 117 67 43 49 74 1 1203
1 77 47 70 48 67 1 1204
1 80 91 33 90 36 3 1205
1 66 46 27 37 42 1 1206
1 96 26 55 26 52 5 1207
1 75 52 37 60 39 1 1208
1 28 36 74 57 72 1 1209
0 65 60 22 59 29 3 1210
0 130 48 51 53 46 3 1211
1 96 61 36 54 51 1 1212
1 137 44 28 42 31 1 1213
1 94 6 66 5 68 1 1214
1 108 56 80 52 80 2 1215
1 132 56 79 58 75 1 1216
1 131 59 19 61 18 2 1217
1 105 71 42 64 46 2 1218
1 55 43 31 43 34 1 1219
0 92 5 67 6 64 3 1220
1 68 48 40 58 34 1 1221
1 132 55 44 52 32 6 1222
0 130 56 42 60 41 3 1223
0 27 60 42 62 39 3 1224
0 55 54 43 58 45 3 1225
0 72 61 29 67 34 3 1226
1 139 57 2 60 1 6 1227
0 136 56 40 58 36 3 1228
0 117 47 40 44 41 5 1229
1 114 54 41 55 45 1 1230
0 65 61 41 49 48 3 1231
0 42 67 46 68 41 3 1232
0 125 87 4 84 4 5 1233
1 88 56 34 35 42 1 1234
1 17 62 48 48 44 2 1235
1 111 55 22 53 28 1 1236
1 87 48 33 52 47 3 1237
1 57 59 71 61 69 1 1238
1 141 38 48 32 43 1 1239
0 61 6 64 5 66 3 1240
1 96 54 32 51 35 1 1241
1 91 60 32 52 43 1 1242
0 134 45 4 39 4 3 1243
1 18 5 39 6 35 1 1244
1 105 70 23 68 39 1 1245
0 43 62 50 56 39 3 1246
0 112 33 43 28 48 4 1247
1 27 49 63 55 48 1 1248
0 82 5 67 5 77 3 1249
0 105 65 35 38 45 3 1250
0 74 46 4 39 5 6 1251
0 112 46 48 47 54 3 1252
0 46 53 63 53 57 3 1253
0 142 67 44 53 39 3 1254
0 18 58 54 59 57 3 1255
1 97 57 20 49 23 3 1256
1 139 64 1 61 2 5 1257
0 80 32 38 42 33 3 1258
0 138 70 39 71 33 3 1259
1 96 37 13 40 12 3 1260
0 77 35 41 38 39 3 1261
1 54 31 59 26 71 1 1262
1 107 53 33 57 27 2 1263
1 78 78 6 81 5 1 1264
1 127 42 55 47 50 1 1265
0 100 67 34 66 37 3 1266
1 97 56 24 53 29 2 1267
0 39 48 2 28 2 3 1268
1 55 69 34 63 44 1 1269
0 117 50 55 38 39 5 1270
1 100 86 4 84 3 2 1271
1 92 56 72 54 77 2 1272
1 23 49 36 50 34 1 1273
1 21 62 35 56 39 2 1274
0 2 54 81 50 80 3 1275
0 86 98 17 98 23 3 1276
0 22 69 38 67 40 3 1277
0 0 70 29 69 35 3 1278
1 119 51 27 53 23 2 1279
0 74 6 37 5 39 3 1280
1 32 36 9 30 13 2 1281
0 76 62 49 64 46 3 1282
1 119 91 36 90 49 1 1283
0 93 55 2 58 2 3 1284
0 0 31 45 30 48 3 1285
1 101 44 56 31 55 4 1286
1 139 6 49 6 9 1 1287
1 62 52 44 54 51 1 1288
0 14 53 45 45 49 3 1289
1 103 60 41 98 27 2 1290
0 0 41 13 38 13 3 1291
0 43 66 93 61 93 3 1292
1 87 61 45 64 44 1 1293
0 19 62 1 54 2 3 1294
0 118 41 11 39 8 3 1295
1 107 43 58 45 61 1 1296
0 44 58 48 43 48 3 1297
1 58 61 32 64 29 2 1298
0 79 46 27 44 29 3 1299
0 18 48 36 49 34 3 1300
1 78 90 37 91 34 1 1301
0 72 49 55 49 59 3 1302
1 97 57 46 56 55 1 1303
1 13 44 17 64 42 1 1304
1 93 11 35 15 38 2 1305
0 93 54 33 61 24 3 1306
1 7 6 47 7 37 2 1307
1 24 49 55 50 51 1 1308
0 17 56 41 57 38 3 1309
0 117 52 54 51 50 6 1310
1 0 67 73 69 70 1 1311
0 8 51 27 54 28 3 1312
0 15 58 2 62 2 3 1313
0 66 29 47 23 49 4 1314
1 117 43 46 49 57 1 1315
1 109 53 50 53 46 3 1316
1 101 55 38 66 38 1 1317
1 105 70 36 64 43 1 1318
0 111 60 49 57 59 3 1319
0 130 50 50 44 63 3 1320
1 91 55 39 57 43 1 1321
1 133 57 32 62 35 2 1322
1 138 47 3 41 3 1 1323
0 7 6 40 7 45 3 1324
0 48 67 41 58 40 3 1325
1 8 7 39 6 49 1 1326
0 33 54 18 52 19 3 1327
0 79 61 22 62 26 4 1328
0 52 43 2 41 3 3 1329
0 138 44 64 32 42 3 1330
1 21 60 31 57 23 1 1331
0 97 83 4 81 5 6 1332
1 14 56 39 61 32 5 1333
1 127 68 41 69 37 1 1334
0 8 51 19 45 18 3 1335
1 112 69 76 66 74 1 1336
1 80 51 47 57 39 1 1337
1 93 61 2 64 1 3 1338
0 34 22 19 47 53 3 1339
0 108 64 1 55 2 5 1340
0 102 61 32 63 39 3 1341
0 55 56 46 54 44 3 1342
1 104 55 40 55 48 1 1343
1 0 27 41 32 37 5 1344
1 128 60 31 96 28 2 1345
0 50 47 53 33 57 3 1346
0 126 49 48 37 50 3 1347
1 22 69 45 69 42 1 1348
0 54 64 45 61 49 3 1349
0 60 51 19 45 22 5 1350
0 36 47 35 69 40 3 1351
1 56 50 44 55 35 1 1352
1 13 55 80 53 79 1 1353
0 128 79 7 81 5 3 1354
0 128 50 28 53 25 3 1355
1 25 61 19 64 18 1 1356
0 11 47 2 35 1 3 1357
0 21 60 51 65 41 3 1358
1 110 53 81 49 78 2 1359
1 9 36 15 58 21 1 1360
1 107 39 37 43 36 1 1361
1 50 56 39 57 44 1 1362
0 59 29 46 30 50 3 1363
1 55 80 6 83 4 3 1364
1 55 35 14 40 11 1 1365
0 25 6 49 6 43 3 1366
1 120 61 47 63 48 1 1367
1 117 44 63 50 54 2 1368
0 121 6 43 5 66 3 1369
1 132 56 42 49 53 1 1370
1 87 60 48 61 51 1 1371
1 16 68 40 57 38 1 1372
1 46 67 9 59 36 2 1373
0 21 30 14 49 16 3 1374
1 118 70 42 60 43 1 1375
0 20 67 41 60 42 3 1376
1 53 57 43 57 37 1 1377
0 0 39 13 36 14 3 1378
1 18 57 17 46 24 1 1379
0 17 51 43 53 41 3 1380
0 23 55 79 32 78 5 1381
1 101 56 38 54 46 5 1382
0 74 47 20 42 22 4 1383
1 135 53 45 53 52 5 1384
0 120 57 77 63 70 3 1385
1 139 92 16 90 25 1 1386
1 7 30 50 33 41 3 1387
0 80 45 4 37 4 3 1388
1 126 5 55 5 60 1 1389
0 13 58 34 56 35 3 1390
0 76 31 42 27 42 3 1391
0 118 60 55 52 74 4 1392
1 140 87 94 89 93 3 1393
1 59 58 1 61 1 1 1394
0 129 40 38 41 32 3 1395
1 85 48 66 44 64 1 1396
0 104 39 15 32 14 3 1397
0 61 6 36 6 33 3 1398
1 44 68 38 62 50 5 1399
0 56 67 47 50 46 3 1400
1 1 57 40 57 34 1 1401
0 130 60 39 59 44 3 1402
0 24 40 34 43 19 3 1403
0 9 52 45 53 54 3 1404
0 110 59 26 56 30 3 1405
1 136 5 49 5 64 4 1406
1 22 87 4 83 4 1 1407
0 58 55 40 59 37 3 1408
1 63 65 28 66 30 1 1409
0 111 51 55 50 57 3 1410
1 128 32 45 31 49 1 1411
0 35 91 27 90 38 5 1412
0 33 34 51 43 57 3 1413
1 125 72 39 71 32 3 1414
0 48 42 12 44 11 5 1415
1 98 56 30 59 28 1 1416
0 48 4 66 6 68 3 1417
1 4 90 36 91 28 2 1418
0 47 47 3 44 4 3 1419
1 106 54 50 52 41 5 1420
1 118 57 20 49 23 1 1421
0 24 66 48 64 46 3 1422
0 80 53 76 51 77 3 1423
1 24 45 2 51 2 6 1424
1 61 38 42 40 22 1 1425
0 96 51 27 54 26 3 1426
0 48 58 47 60 51 3 1427
1 56 70 31 66 38 1 1428
1 16 66 34 70 31 1 1429
1 102 61 1 58 1 1 1430
1 27 46 62 55 47 2 1431
1 30 56 80 52 80 1 1432
1 87 58 2 60 1 1 1433
0 83 59 31 60 27 3 1434
0 38 79 6 81 5 3 1435
1 1 48 2 37 2 1 1436
0 91 51 47 51 54 3 1437
1 127 68 40 71 41 1 1438
0 26 92 34 91 37 3 1439
0 53 53 16 51 22 3 1440
1 38 27 26 45 49 1 1441
1 143 67 93 66 95 2 1442
0 75 62 39 40 22 3 1443
1 72 56 34 60 33 1 1444
0 63 46 31 56 21 3 1445
1 93 90 37 91 34 5 1446
1 139 48 53 51 50 1 1447
1 111 53 81 56 80 3 1448
0 137 56 40 55 38 3 1449
0 88 45 19 40 20 3 1450
0 78 59 46 58 42 3 1451
0 83 59 27 48 20 6 1452
0 66 50 27 53 28 3 1453
1 56 56 35 59 37 3 1454
0 77 62 1 65 1 3 1455
1 97 55 75 54 77 2 1456
1 118 52 45 52 54 2 1457
0 115 48 47 46 32 3 1458
0 93 44 36 41 32 3 1459
0 51 30 36 29 42 5 1460
1 82 58 41 55 42 1 1461
0 92 66 42 68 26 3 1462
1 143 49 78 58 75 1 1463
1 127 68 73 69 75 1 1464
1 63 48 4 45 3 2 1465
1 133 6 37 6 34 1 1466
0 132 51 77 57 75 3 1467
1 48 29 47 19 47 6 1468
1 108 6 64 5 54 3 1469
0 46 77 6 79 7 3 1470
0 51 58 75 28 90 3 1471
0 13 73 31 68 32 5 1472
1 135 78 6 70 6 1 1473
0 95 69 40 70 30 3 1474
0 123 28 57 30 62 6 1475
0 54 5 71 4 76 6 1476
0 0 49 54 49 65 3 1477
1 130 27 25 44 50 1 1478
1 0 28 49 27 45 6 1479
0 15 65 74 67 71 3 1480
0 57 56 80 52 80 3 1481
1 16 47 48 58 27 1 1482
0 22 31 57 29 56 3 1483
0 24 56 80 37 81 3 1484
0 41 44 62 50 55 3 1485
0 130 60 45 62 48 5 1486
1 85 71 38 67 37 1 1487
1 24 54 38 54 41 1 1488
0 24 45 44 30 42 3 1489
1 135 44 32 43 38 6 1490
0 65 33 53 31 46 3 1491
0 42 52 37 54 35 3 1492
0 79 30 58 32 54 3 1493
1 40 5 69 6 63 1 1494
1 104 69 36 69 33 6 1495
0 29 53 20 59 37 3 1496
0 67 55 45 51 55 5 1497
0 116 6 37 6 28 3 1498
0 63 91 36 90 38 3 1499
1 15 34 45 31 49 2 1500
0 88 52 60 54 55 3 1501
0 86 56 74 54 75 3 1502
1 31 56 2 59 1 1 1503
1 44 62 30 55 40 1 1504
1 98 47 41 41 52 2 1505
1 51 69 73 71 74 6 1506
0 27 51 44 55 39 3 1507
0 56 56 34 60 36 5 1508
0 65 55 50 37 74 3 1509
0 39 57 45 42 39 5 1510
1 26 70 27 56 39 1 1511
1 117 55 52 52 47 3 1512
1 27 39 37 38 40 1 1513
1 93 91 30 91 40 1 1514
0 143 56 48 59 57 3 1515
0 95 54 39 65 42 5 1516
0 19 60 27 60 24 3 1517
1 51 31 49 33 47 5 1518
1 96 33 46 29 47 1 1519
1 84 88 3 85 4 1 1520
0 116 66 93 67 91 3 1521
0 125 27 24 53 17 3 1522
0 65 55 42 53 44 3 1523
1 94 31 45 33 42 2 1524
1 116 58 26 62 27 1 1525
1 15 49 2 47 3 1 1526
0 38 58 31 54 27 3 1527
0 109 46 50 51 48 3 1528
1 83 49 28 55 26 2 1529
1 108 66 40 36 16 1 1530
1 129 62 39 66 44 1 1531
0 18 56 41 61 33 3 1532
1 66 65 15 59 19 1 1533
1 124 67 23 70 11 3 1534
1 82 43 31 36 44 1 1535
0 76 56 41 50 42 3 1536
0 73 59 32 52 46 3 1537
0 14 61 18 65 16 3 1538
0 128 41 11 43 12 3 1539
1 130 55 43 54 47 1 1540
0 10 32 43 29 52 3 1541
1 78 54 41 52 54 1 1542
0 13 66 38 63 24 3 1543
1 46 61 46 57 56 1 1544
0 135 43 23 48 22 3 1545
1 96 69 38 55 64 4 1546
0 0 36 13 40 12 3 1547
0 39 51 49 52 22 3 1548
0 98 59 27 56 26 3 1549
0 79 64 42 66 38 3 1550
0 124 64 1 59 1 3 1551
0 55 70 33 69 36 3 1552
1 22 27 60 29 52 1 1553
1 91 71 74 72 68 4 1554
0 3 90 45 88 53 3 1555
0 3 70 40 73 30 3 1556
0 138 49 49 54 44 3 1557
0 127 55 18 60 16 3 1558
0 118 34 40 32 47 3 1559
1 24 51 48 53 55 1 1560
0 142 33 45 31 46 3 1561
0 14 57 75 58 70 3 1562
0 39 42 22 50 25 3 1563
1 86 98 20 98 17 5 1564
1 72 52 48 40 46 2 1565
1 78 59 40 57 39 1 1566
0 84 47 43 45 50 3 1567
0 133 57 48 55 53 3 1568
1 110 51 41 49 46 2 1569
1 141 48 54 58 39 1 1570
0 34 30 60 29 54 3 1571
0 100 57 18 53 19 3 1572
0 9 58 38 55 39 6 1573
1 94 52 48 49 51 2 1574
0 98 61 32 57 37 3 1575
0 94 60 42 59 44 3 1576
1 72 51 59 51 54 1 1577
1 120 58 43 49 50 1 1578
0 27 59 16 56 11 3 1579
0 42 49 41 40 36 3 1580
1 67 50 39 49 52 1 1581
0 107 53 41 50 35 3 1582
1 106 67 40 69 43 2 1583
0 49 45 49 47 42 3 1584
0 135 42 41 39 37 3 1585
1 3 43 55 42 59 1 1586
0 100 47 3 43 2 3 1587
0 90 60 23 54 31 3 1588
0 12 98 22 98 16 3 1589
1 88 55 37 29 54 3 1590
1 141 63 47 62 37 1 1591
0 72 54 52 49 56 3 1592
1 3 92 27 91 35 5 1593
0 108 27 60 33 41 3 1594
0 140 61 33 59 31 3 1595
1 116 59 58 58 53 5 1596
0 120 47 59 47 56 3 1597
0 66 43 2 13 0 6 1598
0 37 58 41 60 62 3 1599
1 106 6 56 6 50 2 1600
1 114 98 25 98 22 1 1601
1 96 60 34 53 42 1 1602
1 140 41 35 44 32 2 1603
0 101 52 27 46 30 3 1604
1 58 44 39 44 14 1 1605
0 57 47 4 42 3 3 1606
1 68 69 33 69 36 1 1607
0 25 57 29 48 25 3 1608
0 26 69 37 72 40 3 1609
0 134 49 3 46 3 3 1610
1 0 98 14 98 18 1 1611
0 44 41 44 39 47 3 1612
0 143 57 34 49 52 3 1613
0 86 6 49 7 52 3 1614
0 115 55 28 53 40 3 1615
1 93 38 38 37 40 2 1616
1 110 52 33 28 27 1 1617
0 35 49 29 51 27 3 1618
0 28 40 13 38 14 3 1619
1 108 34 25 37 31 1 1620
0 52 41 43 39 44 6 1621
0 112 86 4 91 0 3 1622
1 129 89 93 86 94 2 1623
0 134 54 57 55 52 3 1624
0 31 58 80 50 81 3 1625
0 108 91 33 91 40 3 1626
1 54 47 2 50 2 2 1627
1 73 62 1 65 1 3 1628
0 63 58 75 56 76 3 1629
0 131 62 16 52 17 6 1630
0 26 51 55 41 38 6 1631
1 109 48 2 45 2 1 1632
1 54 59 54 51 51 1 1633
1 82 54 38 55 42 2 1634
1 122 41 31 45 29 1 1635
0 26 64 44 63 34 3 1636
1 142 70 70 68 74 1 1637
1 19 56 39 59 34 2 1638
0 127 6 25 6 35 3 1639
1 44 3 96 1 95 1 1640
1 78 46 29 44 30 2 1641
0 51 30 59 28 56 5 1642
0 143 88 94 83 93 3 1643
1 26 56 46 43 46 2 1644
0 106 42 46 45 48 3 1645
1 6 46 29 37 40 1 1646
1 118 60 17 62 18 1 1647
1 25 47 53 47 50 2 1648
1 134 57 39 51 53 1 1649
1 24 53 44 50 20 1 1650
0 118 56 20 42 26 6 1651
1 72 98 14 98 18 1 1652
0 87 46 61 50 43 3 1653
1 20 56 18 59 18 1 1654
0 143 53 29 60 33 3 1655
0 91 53 40 49 31 3 1656
1 90 56 29 55 32 1 1657
0 44 53 30 58 17 3 1658
0 8 55 52 52 46 3 1659
1 52 48 29 52 28 1 1660
0 29 63 33 58 37 5 1661
1 108 70 42 61 63 5 1662
1 117 54 46 55 39 2 1663
0 48 36 14 35 11 5 1664
0 48 49 43 55 37 3 1665
1 137 87 93 85 91 1 1666
0 52 62 51 63 49 3 1667
1 126 70 68 71 70 1 1668
0 131 64 16 17 19 4 1669
0 105 6 35 5 40 3 1670
1 120 56 39 61 53 1 1671
1 79 70 36 68 38 2 1672
1 32 51 59 54 52 1 1673
1 78 68 33 67 13 3 1674
0 121 45 35 36 43 3 1675
1 35 50 27 51 29 5 1676
1 120 54 76 59 76 1 1677
0 124 54 44 56 40 3 1678
0 139 44 48 50 49 3 1679
0 52 40 37 44 35 3 1680
0 93 6 37 6 34 3 1681
1 52 45 34 39 46 6 1682
1 40 5 72 5 69 1 1683
1 101 43 57 45 53 1 1684
0 89 59 41 66 25 3 1685
1 11 51 68 53 63 1 1686
0 59 31 49 28 57 3 1687
1 28 88 93 86 95 1 1688
0 91 59 1 52 1 3 1689
1 92 70 36 71 25 1 1690
1 18 91 37 92 31 1 1691
1 26 43 48 44 44 1 1692
0 66 52 26 50 27 3 1693
1 36 67 33 67 40 4 1694
0 74 44 33 53 24 3 1695
1 120 70 67 66 67 1 1696
0 126 61 1 64 1 3 1697
1 38 71 68 72 66 5 1698
1 83 60 29 49 38 1 1699
1 7 7 49 7 41 2 1700
1 50 46 35 52 29 1 1701
0 31 55 44 58 41 3 1702
1 102 51 53 54 52 5 1703
1 20 50 59 52 55 2 1704
1 109 44 4 48 3 6 1705
0 39 46 63 49 47 3 1706
1 0 33 41 31 46 5 1707
1 105 55 18 51 19 1 1708
1 99 6 41 5 18 2 1709
0 40 58 1 61 2 3 1710
1 121 5 40 6 32 2 1711
1 8 55 30 51 43 1 1712
1 102 38 14 36 13 1 1713
1 141 53 34 55 38 2 1714
1 23 27 25 52 51 2 1715
1 34 53 44 49 51 1 1716
1 28 54 45 52 47 6 1717
0 124 55 27 52 27 3 1718
1 135 56 41 54 39 3 1719
1 121 41 35 43 36 1 1720
0 93 91 29 90 36 3 1721
0 7 33 43 35 41 3 1722
0 121 72 70 68 72 3 1723
0 34 58 70 56 73 5 1724
1 100 53 80 49 80 2 1725
0 90 29 48 17 48 3 1726
0 115 98 26 98 21 3 1727
1 101 52 17 48 19 1 1728
0 131 86 4 80 2 3 1729
1 24 63 45 54 44 1 1730
1 79 33 46 32 54 1 1731
1 126 55 18 60 17 1 1732
0 112 57 61 51 60 3 1733
1 32 5 71 5 68 1 1734
1 31 56 2 59 2 1 1735
1 29 50 40 43 68 1 1736
1 80 38 13 43 9 1 1737
1 143 68 36 64 44 1 1738
0 70 36 13 40 14 3 1739
0 71 36 13 38 12 3 1740
1 104 31 50 32 48 1 1741
1 51 31 55 31 59 3 1742
0 59 60 27 61 24 3 1743
0 7 7 51 6 47 3 1744
1 139 61 1 58 2 1 1745
1 77 59 0 54 1 1 1746
0 68 68 40 62 46 3 1747
0 67 51 80 56 80 5 1748
1 36 19 58 27 58 4 1749
0 104 59 41 56 40 3 1750
1 119 44 4 46 3 1 1751
1 116 43 2 49 2 1 1752
0 40 58 75 56 76 3 1753
1 93 88 94 85 95 1 1754
0 64 39 10 40 12 3 1755
0 46 59 57 61 45 3 1756
1 102 55 54 58 46 1 1757
0 34 41 11 36 15 3 1758
1 117 29 61 42 81 1 1759
1 50 69 33 47 29 1 1760
1 4 46 37 51 32 5 1761
1 113 46 23 54 36 1 1762
1 67 5 63 4 65 1 1763
0 39 61 41 58 39 3 1764
1 4 67 38 49 37 1 1765
1 44 57 47 50 55 1 1766
0 74 49 18 48 20 3 1767
1 18 68 38 62 45 1 1768
0 74 62 1 55 1 4 1769
0 136 47 54 46 49 3 1770
1 53 52 58 46 70 1 1771
0 43 58 37 59 29 6 1772
0 130 61 19 37 33 3 1773
1 16 60 30 62 33 1 1774
1 12 68 76 70 73 1 1775
1 24 60 31 33 43 5 1776
0 32 55 41 31 42 5 1777
1 127 73 37 65 33 1 1778
1 18 91 30 91 33 1 1779
1 101 26 25 55 39 1 1780
1 130 52 18 49 19 3 1781
1 140 53 71 55 66 2 1782
0 60 55 64 51 60 5 1783
1 50 53 30 47 29 3 1784
1 55 91 32 90 24 1 1785
1 25 48 53 43 51 1 1786
1 4 70 33 72 40 4 1787
0 90 57 67 56 72 3 1788
0 111 53 80 56 80 3 1789
0 8 55 2 58 2 3 1790
1 19 61 1 64 1 1 1791
1 96 54 58 55 53 2 1792
0 3 91 35 92 28 5 1793
0 141 53 39 53 44 3 1794
1 116 57 28 59 25 1 1795
0 143 39 12 35 12 6 1796
0 14 56 25 53 32 3 1797
0 18 91 33 91 38 3 1798
0 143 33 46 30 45 3 1799
0 56 46 60 52 54 3 1800
0 96 50 66 51 57 5 1801
1 125 5 40 5 51 2 1802
1 14 98 13 98 17 1 1803
0 122 5 69 6 67 3 1804
0 113 88 93 86 91 3 1805
0 13 55 44 52 48 3 1806
0 136 61 46 68 47 3 1807
0 108 90 35 92 31 3 1808
1 88 56 23 52 29 1 1809
1 139 55 2 50 2 1 1810
1 112 59 35 62 34 1 1811
1 0 36 4 40 4 1 1812
0 12 56 29 55 38 3 1813
1 96 63 31 66 29 2 1814
1 126 40 36 48 36 1 1815
1 80 35 15 42 13 1 1816
1 6 67 38 66 26 1 1817
1 86 5 35 7 38 3 1818
1 43 6 47 6 54 1 1819
0 37 52 50 38 52 4 1820
0 4 49 49 52 46 3 1821
1 95 58 1 49 2 1 1822
1 44 38 58 70 74 1 1823
0 103 88 93 85 94 3 1824
1 135 42 40 40 44 2 1825
0 142 53 42 46 52 3 1826
0 77 58 47 55 55 3 1827
0 87 87 93 86 90 3 1828
1 85 61 31 62 34 1 1829
1 117 44 64 54 54 5 1830
1 125 60 37 61 34 1 1831
0 48 92 31 91 34 3 1832
1 36 54 48 50 48 1 1833
1 40 58 1 61 1 1 1834
1 0 55 49 51 49 5 1835
0 100 32 43 23 50 3 1836
1 26 59 26 54 32 2 1837
0 90 66 92 65 94 3 1838
0 68 55 39 55 47 3 1839
0 129 47 55 43 58 3 1840
0 68 17 44 22 45 3 1841
0 118 98 20 98 23 4 1842
0 136 53 37 61 33 3 1843
0 19 54 27 49 28 3 1844
1 115 91 35 92 30 1 1845
0 28 46 45 48 53 3 1846
1 13 41 43 40 45 1 1847
1 134 59 44 55 42 1 1848
0 102 60 33 55 40 3 1849
0 41 30 55 27 60 3 1850
1 78 38 38 37 41 1 1851
0 57 5 72 7 48 3 1852
1 52 37 32 33 36 1 1853
1 78 54 44 55 42 2 1854
0 117 92 21 90 25 3 1855
1 126 58 48 46 45 2 1856
1 58 58 34 60 32 1 1857
0 136 52 46 50 43 3 1858
1 101 54 45 49 59 3 1859
0 115 98 19 98 15 3 1860
0 32 54 55 53 59 6 1861
1 11 47 2 53 1 1 1862
1 24 40 21 42 25 1 1863
1 105 53 40 50 36 2 1864
0 62 69 71 60 73 3 1865
0 82 51 49 58 36 4 1866
0 68 44 11 41 11 3 1867
1 2 87 3 85 4 2 1868
0 66 67 93 65 94 3 1869
1 97 47 57 41 79 1 1870
0 27 52 30 49 33 3 1871
1 38 72 69 72 72 1 1872
0 29 55 39 59 31 3 1873
0 115 63 32 31 15 3 1874
1 86 53 76 58 75 1 1875
1 66 49 4 39 5 1 1876
1 49 79 6 77 2 1 1877
0 128 43 11 39 10 3 1878
1 132 68 34 67 36 1 1879
0 94 31 46 33 48 3 1880
0 96 34 41 33 44 3 1881
1 82 40 43 42 41 2 1882
1 60 81 5 94 0 1 1883
1 69 55 74 58 75 2 1884
1 7 70 39 68 36 1 1885
0 75 62 34 58 12 4 1886
1 103 31 57 29 61 2 1887
1 67 54 42 50 58 1 1888
0 0 58 77 56 78 3 1889
0 16 48 39 46 41 3 1890
1 61 50 32 47 31 2 1891
1 68 61 32 62 35 1 1892
1 14 41 17 52 19 1 1893
1 92 60 32 61 38 1 1894
0 101 50 19 52 18 3 1895
0 85 41 4 47 4 3 1896
0 80 87 4 83 4 3 1897
1 115 86 95 82 95 4 1898
0 6 70 33 90 28 3 1899
1 74 58 47 58 56 1 1900
0 0 58 70 57 73 3 1901
0 65 57 39 49 35 3 1902
1 35 54 24 50 27 3 1903
1 140 68 42 67 38 1 1904
0 84 58 27 53 31 3 1905
0 5 47 51 45 39 3 1906
0 38 56 29 54 30 5 1907
1 93 88 93 85 96 1 1908
0 13 69 38 66 44 3 1909
0 112 32 46 33 44 3 1910
1 40 52 78 55 78 1 1911
0 85 72 70 68 74 3 1912
0 25 54 23 56 17 3 1913
0 53 55 18 52 20 6 1914
0 117 64 36 59 41 4 1915
0 30 87 3 80 4 3 1916
1 44 61 30 61 33 6 1917
1 108 64 16 62 17 1 1918
1 88 55 38 52 41 1 1919
0 20 63 47 36 14 3 1920
1 89 89 92 82 94 4 1921
0 73 60 47 60 42 3 1922
1 109 55 37 56 54 1 1923
1 54 98 18 98 28 1 1924
1 31 64 1 60 1 2 1925
0 38 60 29 60 24 5 1926
0 69 48 3 44 3 3 1927
1 86 5 38 5 59 1 1928
1 69 54 80 58 80 2 1929
0 97 83 4 81 5 3 1930
1 102 68 72 69 74 1 1931
0 21 60 47 50 52 6 1932
1 141 63 43 60 39 1 1933
1 81 58 75 60 74 1 1934
0 42 62 51 59 47 3 1935
0 9 61 39 59 43 3 1936
0 108 61 2 58 2 5 1937
0 127 49 66 52 58 3 1938
1 44 61 41 40 38 2 1939
0 102 35 20 40 20 5 1940
0 14 53 47 53 35 3 1941
0 48 54 33 44 54 3 1942
1 56 45 2 43 3 2 1943
0 102 55 51 61 32 6 1944
1 104 48 49 48 52 1 1945
1 54 55 31 63 25 1 1946
1 26 52 63 53 73 1 1947
1 141 48 16 49 19 2 1948
1 96 34 46 33 44 3 1949
1 61 5 73 6 69 1 1950
1 1 70 36 67 38 2 1951
0 115 30 14 27 18 3 1952
0 92 98 22 98 12 3 1953
1 79 61 18 58 18 1 1954
1 38 31 35 42 19 2 1955
1 27 57 18 51 20 2 1956
1 0 6 69 6 66 1 1957
0 68 55 29 58 25 3 1958
0 102 42 66 45 61 5 1959
0 79 31 52 32 48 3 1960
1 28 54 45 55 42 1 1961
0 110 81 5 94 4 3 1962
0 106 50 70 56 59 3 1963
1 141 48 43 54 39 1 1964
0 66 6 54 5 75 3 1965
1 5 50 20 54 18 3 1966
0 9 53 49 53 39 3 1967
0 21 65 43 66 38 3 1968
0 65 81 6 70 6 3 1969
1 28 35 4 45 2 1 1970
0 52 43 19 51 5 3 1971
0 62 44 51 43 37 3 1972
1 65 42 45 28 37 1 1973
0 124 62 2 66 1 3 1974
0 9 55 53 58 47 3 1975
0 26 70 37 72 34 3 1976
1 98 51 48 50 60 2 1977
1 66 52 26 54 23 6 1978
1 22 30 53 32 54 2 1979
0 4 62 2 59 1 3 1980
0 8 85 93 85 96 3 1981
1 92 73 37 67 40 1 1982
0 121 86 4 83 4 3 1983
0 111 58 80 50 80 3 1984
0 143 56 34 61 36 3 1985
1 94 52 1 61 1 2 1986
0 55 54 31 50 34 3 1987
0 77 57 29 54 31 5 1988
1 76 6 49 6 58 1 1989
1 85 59 50 61 42 1 1990
0 93 5 45 6 37 6 1991
1 13 69 42 71 37 1 1992
1 79 43 38 43 30 5 1993
1 5 55 35 56 38 1 1994
0 115 70 33 66 34 3 1995
0 46 61 2 46 1 3 1996
1 25 60 25 57 30 2 1997
1 36 52 21 60 23 4 1998
0 76 46 58 31 55 3 1999
