1 113 54 33 43 50 1 0
1 136 33 45 34 41 2 1
1 40 6 55 6 48 1 2
1 7 28 57 32 53 2 3
0 118 42 42 33 43 3 4
1 0 51 18 52 25 1 5
0 32 57 48 62 47 3 6
1 117 51 61 52 54 5 7
1 32 60 49 61 52 1 8
0 99 48 54 37 35 3 9
0 68 43 64 49 56 3 10
1 0 57 28 51 26 1 11
0 108 92 25 89 35 3 12
0 33 5 31 29 37 3 13
1 28 52 49 37 65 5 14
0 84 55 48 53 50 3 15
0 0 54 56 51 61 3 16
0 73 56 49 57 45 3 17
0 46 88 93 84 94 3 18
1 73 33 41 31 46 2 19
1 25 72 66 65 74 1 20
0 3 54 80 32 78 3 21
1 20 66 46 66 34 1 22
0 76 63 76 68 73 3 23
0 116 6 54 3 43 3 24
0 23 55 30 53 32 3 25
0 74 50 20 46 20 3 26
0 8 21 19 39 54 3 27
1 139 99 2 66 1 2 28
0 130 55 44 57 41 5 29
0 57 56 41 55 47 3 30
0 102 51 2 53 1 5 31
1 53 44 50 47 50 1 32
0 124 49 37 31 55 3 33
0 104 61 32 59 33 6 34
0 0 48 62 6 22 3 35
1 93 92 28 90 38 1 36
0 0 41 22 38 40 3 37
1 124 91 32 92 26 1 38
0 130 53 48 37 44 3 39
1 80 54 80 60 75 1 40
1 80 43 29 42 33 1 41
1 64 32 48 18 62 2 42
0 49 88 92 87 94 3 43
0 79 60 29 52 33 3 44
0 132 41 61 46 56 3 45
0 52 45 3 53 2 3 46
0 134 61 2 80 5 3 47
0 15 52 27 52 24 3 48
1 14 67 34 70 35 1 49
0 91 66 23 70 36 3 50
0 6 87 94 88 92 3 51
1 134 66 94 64 96 1 52
0 113 55 18 46 19 3 53
1 56 55 80 58 80 6 54
1 13 5 69 5 66 1 55
1 42 45 50 47 51 1 56
1 143 31 46 30 44 1 57
0 62 52 45 53 48 6 58
1 58 48 48 57 44 2 59
0 117 50 2 41 3 3 60
1 9 54 41 54 35 2 61
1 101 28 44 32 48 1 62
0 101 69 42 67 38 3 63
0 48 55 42 53 40 5 64
1 117 57 46 58 43 2 65
1 130 53 48 47 38 6 66
1 12 66 93 65 91 1 67
0 93 45 32 43 38 3 68
0 133 59 27 57 36 3 69
1 32 57 41 60 38 2 70
1 31 42 29 44 32 1 71
1 46 67 44 62 47 1 72
1 40 61 22 46 27 2 73
1 143 57 33 56 40 1 74
1 0 57 34 51 35 1 75
1 63 45 4 41 4 1 76
0 28 98 22 98 19 3 77
1 127 67 78 38 58 2 78
1 63 56 2 44 1 1 79
0 49 53 42 48 39 3 80
0 94 29 55 30 53 3 81
0 88 56 49 57 51 3 82
0 64 55 43 53 13 3 83
0 134 65 94 59 91 3 84
0 63 50 37 60 39 3 85
1 135 33 58 38 49 1 86
0 97 69 71 72 70 3 87
1 71 26 52 20 50 1 88
1 133 21 30 29 35 1 89
0 24 49 43 56 38 5 90
0 25 67 71 73 66 3 91
0 103 5 39 6 25 3 92
1 111 70 6 80 6 1 93
0 130 5 39 6 24 3 94
1 123 92 31 91 33 1 95
0 123 62 25 63 23 3 96
1 101 50 60 47 70 1 97
1 49 25 59 23 63 1 98
1 89 69 42 71 38 1 99
0 74 54 62 57 51 3 100
0 122 6 68 5 73 3 101
1 74 48 19 52 18 1 102
1 86 6 44 6 56 2 103
0 131 63 16 59 15 5 104
0 65 49 48 55 51 3 105
0 28 69 69 71 68 3 106
1 16 33 45 28 36 1 107
1 67 55 43 37 45 1 108
1 57 6 62 6 13 1 109
1 8 60 31 61 42 1 110
1 123 31 45 29 40 1 111
1 47 55 41 49 47 1 112
0 50 49 29 51 27 3 113
0 74 47 59 37 60 3 114
1 20 39 4 25 5 1 115
1 73 59 35 54 43 3 116
0 48 91 27 90 36 6 117
1 123 85 4 86 2 1 118
0 98 61 71 57 73 3 119
1 23 54 31 40 32 3 120
1 102 71 68 68 73 1 121
1 27 53 80 58 80 2 122
1 0 53 35 54 33 2 123
0 68 47 39 56 25 5 124
0 67 53 47 56 37 3 125
0 38 50 2 14 1 5 126
1 91 48 19 52 18 1 127
1 47 57 38 55 45 1 128
1 39 98 20 98 29 1 129
1 41 46 2 50 2 2 130
0 82 50 47 56 46 3 131
0 31 71 70 69 72 3 132
0 100 59 80 53 80 4 133
1 89 55 80 58 80 1 134
0 64 38 12 40 11 3 135
0 104 68 44 69 42 3 136
0 132 39 43 35 55 3 137
0 39 82 5 69 6 3 138
1 127 6 37 6 34 3 139
1 131 60 17 64 17 3 140
0 68 71 39 68 38 4 141
1 47 64 16 53 19 4 142
1 109 63 47 54 52 4 143
1 140 31 50 28 54 1 144
1 21 62 48 66 38 6 145
0 99 61 66 58 85 3 146
1 103 60 26 59 24 2 147
0 99 87 4 83 4 3 148
1 55 6 28 6 33 2 149
0 57 5 52 4 59 3 150
1 143 38 14 35 9 1 151
1 17 61 70 30 77 5 152
0 98 57 49 59 43 6 153
0 98 73 34 65 44 3 154
1 126 88 3 86 4 1 155
1 68 59 43 51 45 2 156
0 79 26 59 34 45 3 157
0 109 57 21 57 16 3 158
1 0 39 12 36 13 1 159
0 48 7 43 6 53 3 160
1 130 60 45 58 48 1 161
0 29 58 34 56 35 3 162
1 1 62 18 54 19 6 163
0 143 53 44 49 47 3 164
1 48 43 11 40 13 4 165
0 49 57 18 47 19 3 166
1 32 59 31 53 33 1 167
0 47 45 32 42 34 3 168
1 56 6 65 5 71 1 169
1 143 66 43 65 47 1 170
1 28 54 56 51 62 2 171
1 0 59 26 60 24 1 172
0 29 29 48 27 52 3 173
1 133 54 51 41 84 1 174
1 96 44 12 40 12 2 175
0 19 92 35 92 32 4 176
1 131 58 19 60 18 4 177
0 20 50 36 49 33 3 178
1 14 50 38 55 40 1 179
0 93 35 56 36 49 3 180
0 0 54 45 55 39 3 181
1 35 52 76 49 77 1 182
0 35 57 80 52 81 3 183
1 63 66 74 73 67 5 184
1 44 67 42 60 44 5 185
1 126 25 40 30 37 2 186
0 124 91 30 92 32 3 187
0 136 52 39 49 43 3 188
1 76 61 46 66 38 1 189
1 26 48 68 44 60 1 190
1 77 59 1 62 0 5 191
0 123 44 4 47 4 3 192
1 80 55 37 60 35 1 193
1 94 57 43 60 46 1 194
0 72 60 1 54 2 3 195
1 115 58 36 44 40 6 196
0 66 85 5 86 3 3 197
1 100 88 93 86 95 1 198
1 67 51 48 54 47 3 199
0 86 88 93 86 95 5 200
0 2 61 28 39 23 4 201
0 128 61 32 63 33 3 202
0 92 27 54 25 53 3 203
0 89 4 62 6 66 3 204
1 27 47 44 45 62 1 205
1 76 80 6 62 2 2 206
0 87 52 54 49 55 3 207
0 119 46 4 43 4 3 208
1 104 46 54 45 49 1 209
0 55 43 4 40 4 3 210
0 130 69 33 64 7 5 211
0 89 80 5 82 6 3 212
1 137 32 53 33 50 2 213
0 94 66 48 72 36 3 214
0 11 53 52 49 63 5 215
1 70 6 63 5 67 1 216
0 81 44 34 40 35 3 217
0 34 7 37 6 53 3 218
1 101 47 51 47 43 2 219
0 87 54 47 51 56 5 220
1 56 50 20 52 18 1 221
0 91 51 41 54 41 3 222
0 100 98 18 98 25 3 223
0 1 56 39 61 49 3 224
0 132 48 19 46 20 3 225
1 35 27 48 30 46 1 226
0 19 47 36 51 26 6 227
0 105 86 93 78 91 3 228
0 79 38 40 41 36 3 229
0 143 48 57 52 57 5 230
0 128 59 38 60 40 3 231
1 52 70 43 70 10 1 232
1 76 48 48 68 38 2 233
0 108 6 60 6 66 3 234
0 10 49 2 52 1 3 235
1 121 54 34 54 31 1 236
0 84 46 31 53 24 3 237
1 15 57 1 60 1 6 238
1 131 55 65 51 64 1 239
0 38 62 25 60 30 3 240
1 104 53 52 49 51 6 241
1 9 53 49 54 40 1 242
0 63 56 77 51 79 3 243
0 62 48 2 82 1 3 244
1 107 49 54 54 42 1 245
1 141 61 51 58 22 6 246
0 134 98 22 98 17 3 247
0 36 60 54 61 51 3 248
0 65 33 49 32 45 6 249
1 102 59 45 51 62 1 250
1 31 43 2 46 3 6 251
1 56 55 80 58 80 2 252
0 118 52 22 51 20 6 253
0 46 62 1 55 2 3 254
0 135 50 36 58 28 3 255
0 25 3 96 1 95 6 256
1 79 67 42 58 40 5 257
0 7 29 52 31 59 3 258
0 23 53 40 47 41 3 259
0 49 60 52 59 54 3 260
0 63 46 18 41 17 3 261
1 131 59 24 55 23 1 262
0 65 6 37 6 27 3 263
1 2 64 1 58 2 1 264
0 116 50 19 47 20 3 265
1 40 66 38 66 41 1 266
0 17 60 37 55 35 3 267
0 100 57 80 52 80 3 268
1 17 54 76 32 78 1 269
0 132 28 55 27 60 3 270
0 43 90 37 88 31 3 271
1 125 54 40 52 49 2 272
1 20 64 16 60 16 1 273
0 99 58 17 61 16 3 274
1 46 47 50 50 50 1 275
0 58 6 49 7 40 3 276
1 39 34 45 32 48 2 277
0 71 98 17 98 5 3 278
0 133 44 65 52 46 3 279
0 82 78 6 80 5 3 280
0 111 54 42 55 47 3 281
0 141 50 53 48 32 3 282
1 53 56 29 55 31 1 283
1 13 59 76 58 72 2 284
1 118 55 58 62 50 1 285
1 32 60 51 55 57 1 286
1 108 60 1 55 2 2 287
0 32 57 52 57 49 3 288
1 43 98 20 98 29 1 289
0 22 63 33 69 35 3 290
0 7 63 42 66 38 3 291
1 23 48 3 41 3 5 292
0 58 58 38 62 32 3 293
1 94 30 53 34 40 3 294
1 141 52 62 58 58 1 295
0 16 30 47 31 45 3 296
1 103 44 4 48 3 1 297
1 105 60 15 55 21 1 298
0 79 43 26 44 33 3 299
1 120 61 45 62 48 4 300
1 37 6 44 7 16 1 301
1 68 48 54 51 48 1 302
1 47 31 44 31 47 2 303
0 108 61 1 56 1 5 304
1 96 53 42 47 57 1 305
0 40 41 13 39 14 3 306
1 71 56 26 57 34 2 307
1 46 48 3 45 4 1 308
1 79 71 35 70 37 2 309
1 57 48 16 62 17 1 310
0 11 51 54 49 56 3 311
0 93 68 36 70 25 3 312
0 46 50 32 46 30 3 313
1 141 47 54 53 44 1 314
1 62 61 58 51 57 1 315
1 102 43 18 46 20 1 316
0 35 47 35 49 29 3 317
0 128 49 37 52 38 3 318
1 120 61 39 61 43 1 319
0 111 54 45 57 34 3 320
0 56 55 80 50 80 3 321
0 84 43 58 41 66 3 322
0 39 54 52 56 26 3 323
1 140 65 49 67 38 3 324
1 50 6 55 6 50 2 325
0 130 69 39 67 51 3 326
0 43 61 39 58 47 3 327
0 62 6 63 5 66 3 328
0 39 55 46 36 67 6 329
1 73 48 54 46 41 1 330
1 37 34 40 33 42 1 331
1 3 68 45 68 38 6 332
0 34 67 49 63 59 3 333
0 19 45 20 50 19 3 334
0 134 87 4 83 4 3 335
0 84 88 93 86 95 3 336
1 98 59 29 60 22 1 337
1 11 45 61 48 55 2 338
1 82 48 54 54 39 1 339
0 86 87 93 86 91 5 340
0 48 51 55 37 50 3 341
0 29 71 38 72 29 3 342
1 11 59 52 54 56 1 343
1 26 52 19 59 17 4 344
0 124 62 1 59 1 3 345
1 124 98 23 98 26 1 346
0 46 60 30 56 30 3 347
0 114 65 80 52 75 3 348
0 17 69 74 66 79 3 349
1 59 59 37 59 42 2 350
1 85 42 39 36 45 1 351
1 73 58 47 59 41 5 352
1 107 40 46 44 34 2 353
0 40 57 35 57 38 3 354
1 104 98 21 98 18 1 355
0 44 56 35 51 33 3 356
1 77 70 33 73 36 1 357
1 42 43 11 40 13 1 358
0 116 60 23 56 14 3 359
1 28 54 75 62 68 5 360
1 45 6 42 5 35 1 361
1 112 14 11 60 22 1 362
0 72 49 40 47 50 3 363
0 96 6 64 5 84 5 364
0 78 56 80 51 80 3 365
0 115 48 2 43 2 3 366
0 94 5 70 5 67 3 367
1 82 47 65 48 61 2 368
0 82 60 42 63 36 3 369
0 53 48 38 45 35 4 370
0 13 6 69 5 67 3 371
0 111 55 44 52 42 3 372
1 119 46 54 43 56 1 373
1 98 68 74 71 68 1 374
0 67 5 70 6 61 6 375
1 24 55 80 52 80 1 376
0 87 36 49 43 54 5 377
0 41 56 35 58 34 3 378
1 44 66 74 71 71 2 379
1 40 38 14 35 15 3 380
0 17 73 34 69 40 3 381
1 18 70 38 73 30 1 382
1 130 48 20 52 19 1 383
1 127 53 49 54 46 1 384
1 24 53 45 51 49 1 385
1 128 61 33 57 35 1 386
1 38 38 40 40 36 1 387
0 59 52 80 54 81 3 388
0 12 58 37 42 37 3 389
0 48 91 40 92 33 3 390
1 102 71 32 72 29 2 391
1 94 48 80 50 77 1 392
0 69 66 43 68 40 4 393
0 81 42 18 69 28 3 394
1 129 6 63 5 69 2 395
1 104 68 34 66 37 1 396
1 105 65 49 52 39 4 397
0 52 44 30 41 35 3 398
1 68 54 80 30 79 2 399
1 117 47 67 44 63 1 400
1 110 56 32 56 48 1 401
1 42 98 25 98 20 2 402
1 108 16 50 34 44 4 403
1 140 50 39 45 53 1 404
0 65 59 46 56 50 3 405
0 90 33 48 30 60 3 406
0 141 63 36 57 41 3 407
0 104 6 43 6 33 4 408
1 121 58 42 53 52 1 409
1 28 98 18 98 23 5 410
1 40 67 42 63 53 5 411
0 82 59 52 64 43 3 412
1 98 57 29 54 31 2 413
0 29 31 48 30 44 3 414
1 126 51 31 49 34 2 415
1 71 54 42 51 56 2 416
0 139 63 1 54 1 3 417
0 59 71 34 67 48 3 418
0 47 49 73 51 71 3 419
0 130 48 44 57 45 5 420
1 131 52 42 48 44 1 421
0 78 32 45 28 33 3 422
1 121 42 35 45 32 5 423
1 113 82 4 78 4 1 424
0 138 57 38 61 48 4 425
0 34 70 73 66 73 3 426
1 1 52 80 47 80 4 427
0 5 53 38 53 41 3 428
1 62 45 43 42 34 1 429
1 68 98 22 98 18 2 430
1 120 46 4 42 4 2 431
0 103 51 80 48 80 3 432
1 88 57 40 56 47 1 433
0 72 56 41 57 39 5 434
1 105 70 33 67 50 1 435
0 8 61 36 36 34 3 436
1 52 42 34 64 70 3 437
0 70 32 48 31 59 3 438
0 0 60 50 65 39 6 439
0 3 61 24 54 31 4 440
0 24 33 43 52 28 4 441
1 38 56 18 58 16 1 442
0 59 59 35 60 32 3 443
0 141 46 49 53 51 3 444
1 132 64 36 60 37 1 445
0 109 16 2 23 3 3 446
1 81 62 2 56 2 1 447
1 77 57 1 54 2 1 448
1 90 58 28 54 33 1 449
1 39 58 48 50 49 1 450
1 38 44 2 46 3 6 451
0 131 62 34 59 34 3 452
0 82 46 48 44 51 3 453
0 16 16 50 15 43 3 454
0 11 55 44 55 53 3 455
0 105 58 17 63 16 3 456
0 16 49 37 45 51 3 457
0 65 65 41 63 44 3 458
1 25 57 30 55 32 1 459
0 111 6 54 4 51 3 460
1 39 58 47 51 64 1 461
0 77 62 1 57 1 3 462
0 132 31 45 29 53 4 463
0 115 58 75 55 76 3 464
1 118 68 43 69 40 2 465
0 133 61 47 63 49 3 466
1 117 58 42 56 38 1 467
1 79 28 67 21 72 2 468
1 17 57 48 60 44 2 469
0 39 55 47 58 43 3 470
1 74 46 21 44 20 1 471
0 60 57 45 61 41 3 472
0 95 50 47 50 43 3 473
0 97 48 30 54 25 3 474
1 1 59 30 55 36 1 475
1 45 52 80 48 80 2 476
0 20 55 29 49 50 3 477
0 50 65 74 64 76 3 478
1 141 41 45 54 52 6 479
0 93 43 22 47 20 3 480
0 105 56 74 54 76 3 481
1 134 68 69 70 68 1 482
0 124 91 31 91 34 3 483
1 43 49 28 52 28 2 484
0 31 71 41 63 50 3 485
0 42 50 16 52 17 3 486
0 69 59 34 62 35 3 487
0 92 31 40 32 51 3 488
1 16 71 38 36 16 1 489
1 97 44 11 42 13 4 490
1 73 3 96 1 95 2 491
1 91 53 44 55 31 3 492
0 57 56 78 57 75 3 493
1 24 58 75 55 73 1 494
0 26 48 57 54 47 3 495
0 91 50 43 54 39 3 496
0 44 64 31 61 34 3 497
1 20 45 34 46 27 2 498
1 60 55 55 46 71 1 499
0 101 65 50 44 66 3 500
1 36 32 56 33 44 1 501
0 113 50 23 52 25 6 502
0 132 58 32 44 22 3 503
1 121 66 44 57 49 2 504
0 68 59 36 31 14 3 505
0 97 32 78 51 76 3 506
1 6 64 46 69 35 1 507
0 6 88 92 87 94 3 508
1 130 30 54 31 56 2 509
1 31 67 78 72 71 1 510
1 114 30 60 32 54 1 511
1 10 57 47 54 47 2 512
0 109 51 49 44 35 3 513
0 24 45 32 42 31 3 514
1 10 57 38 62 32 6 515
1 43 61 38 60 31 1 516
0 132 65 45 63 44 3 517
1 0 69 35 64 43 1 518
0 32 6 46 6 53 3 519
0 80 62 69 57 72 3 520
1 28 6 65 4 66 2 521
0 46 69 40 63 48 3 522
1 14 98 16 98 22 1 523
1 48 42 63 43 68 1 524
0 115 47 78 53 77 3 525
0 133 35 85 31 79 3 526
0 14 53 43 59 45 3 527
1 139 6 34 6 37 1 528
1 4 50 27 46 37 1 529
0 56 51 50 51 57 3 530
0 62 56 2 59 1 6 531
0 17 64 77 65 74 3 532
1 90 50 49 51 45 1 533
1 104 53 44 48 49 4 534
1 72 66 75 71 69 1 535
1 5 91 32 91 29 1 536
1 4 38 3 42 3 2 537
0 22 32 45 31 51 3 538
1 48 50 60 52 55 3 539
1 108 62 34 60 30 1 540
0 68 60 30 57 27 3 541
1 116 66 48 52 42 5 542
0 112 60 27 58 26 3 543
1 92 61 17 65 16 1 544
1 7 60 34 47 51 2 545
0 51 31 44 31 48 3 546
1 93 41 22 43 35 2 547
0 79 67 42 73 35 3 548
1 51 31 52 32 48 2 549
0 141 60 34 59 36 3 550
1 51 31 46 30 51 2 551
1 143 63 18 60 19 5 552
0 129 43 2 46 3 3 553
1 103 53 52 54 54 2 554
0 75 4 39 6 33 3 555
1 32 41 11 38 12 1 556
0 102 54 55 53 35 5 557
0 103 56 29 48 31 3 558
1 14 54 51 43 30 1 559
0 72 70 37 65 22 3 560
1 13 68 46 69 44 2 561
1 62 50 60 60 47 1 562
0 94 33 44 27 59 3 563
1 11 52 53 55 42 1 564
1 64 67 33 63 32 1 565
1 16 31 46 33 47 1 566
1 78 49 49 56 47 1 567
1 17 46 50 47 53 1 568
1 63 91 42 91 37 2 569
1 45 34 24 40 23 1 570
1 121 6 33 6 44 1 571
1 37 6 39 4 38 6 572
1 18 45 3 40 3 1 573
1 96 31 47 35 41 5 574
1 18 55 38 57 46 1 575
0 104 49 40 43 41 3 576
0 102 36 14 39 14 3 577
1 72 4 53 4 50 2 578
0 125 48 79 50 85 3 579
1 104 47 50 45 48 1 580
0 10 59 45 56 39 3 581
0 46 54 57 58 36 3 582
0 126 56 39 53 40 4 583
1 142 70 41 71 34 1 584
1 62 88 93 85 93 1 585
0 107 47 40 41 65 6 586
1 97 46 3 43 4 3 587
0 79 47 87 54 81 3 588
0 125 58 58 56 51 3 589
0 50 62 25 58 27 3 590
0 125 64 79 69 77 3 591
1 98 57 59 53 60 1 592
0 131 40 4 30 4 3 593
0 125 40 42 39 44 3 594
0 126 56 52 52 58 3 595
1 26 50 49 45 64 1 596
1 94 48 24 62 25 1 597
0 48 51 49 57 40 3 598
1 44 43 59 32 56 2 599
0 65 55 52 51 50 3 600
0 115 45 21 40 20 3 601
0 143 30 45 31 43 3 602
0 0 63 20 59 29 3 603
1 132 54 49 52 54 1 604
1 15 45 4 41 4 1 605
0 32 67 35 68 37 3 606
0 2 58 35 58 11 3 607
0 56 52 52 55 50 3 608
0 43 42 4 37 4 3 609
1 74 37 14 35 15 1 610
1 121 6 34 5 37 1 611
0 19 47 2 51 2 3 612
1 133 50 37 22 19 2 613
0 51 61 29 52 28 3 614
1 136 31 47 29 46 1 615
1 51 77 6 80 6 1 616
1 10 73 67 70 70 1 617
1 54 89 92 86 95 1 618
1 140 64 45 62 44 1 619
1 130 66 47 69 43 1 620
0 122 5 69 6 66 3 621
0 48 91 28 90 3 3 622
1 43 48 46 49 37 1 623
0 29 68 74 70 72 3 624
0 109 63 43 66 36 3 625
0 65 30 57 30 54 3 626
1 110 48 54 61 43 4 627
0 53 47 50 48 54 3 628
0 63 69 74 72 74 3 629
0 23 54 75 57 75 3 630
0 67 53 80 50 80 3 631
1 72 56 44 59 37 5 632
1 46 62 1 56 1 1 633
0 141 5 65 6 58 3 634
1 51 30 35 31 50 1 635
1 13 67 48 63 46 1 636
0 134 56 37 54 30 3 637
0 24 53 45 54 38 3 638
1 86 6 42 6 54 6 639
0 64 53 56 53 43 3 640
0 125 60 1 65 1 3 641
1 12 57 28 58 26 1 642
0 123 50 43 54 42 3 643
1 6 29 48 32 45 1 644
0 86 6 54 7 48 3 645
0 70 32 42 19 47 3 646
0 120 82 5 78 6 3 647
0 98 60 29 61 25 3 648
0 4 51 26 49 28 3 649
0 98 55 30 60 26 3 650
0 96 33 48 35 40 3 651
0 73 57 45 52 44 3 652
1 32 62 51 50 53 6 653
0 57 68 73 71 68 5 654
0 141 53 30 47 36 5 655
0 91 58 33 58 30 3 656
0 40 55 80 48 81 3 657
1 136 85 92 88 92 5 658
0 48 55 38 52 42 3 659
1 0 36 11 38 10 1 660
1 23 57 47 50 53 2 661
0 14 56 75 55 77 3 662
1 89 86 4 88 3 1 663
1 122 5 66 6 64 1 664
0 31 38 29 44 38 3 665
0 12 29 63 30 57 3 666
0 66 40 13 38 8 4 667
0 90 28 33 28 41 3 668
1 108 68 42 69 40 2 669
1 129 27 58 29 42 4 670
0 36 30 53 33 50 3 671
1 88 52 25 49 21 1 672
0 80 71 36 71 39 3 673
1 128 57 27 58 24 5 674
0 139 92 29 91 37 3 675
0 111 44 4 28 4 3 676
0 1 55 41 51 44 3 677
0 74 59 33 60 30 3 678
1 137 31 50 31 59 1 679
0 75 54 45 53 56 3 680
1 131 51 16 48 16 2 681
1 48 56 40 55 42 2 682
1 47 6 26 7 43 1 683
0 24 49 34 44 46 3 684
0 143 72 68 51 74 3 685
1 124 43 68 45 63 1 686
0 15 81 2 86 3 3 687
0 118 61 19 57 18 3 688
0 48 43 2 47 2 3 689
1 47 69 33 67 34 1 690
1 51 31 49 34 42 1 691
1 91 63 33 60 43 1 692
1 135 41 31 39 36 1 693
1 136 50 27 54 26 1 694
1 46 45 58 43 64 1 695
0 72 12 60 56 67 3 696
0 46 60 55 55 54 5 697
1 66 54 71 60 53 1 698
0 47 6 52 4 44 3 699
1 106 78 8 76 7 1 700
1 130 52 44 28 44 1 701
0 11 44 37 43 39 3 702
1 0 58 29 59 26 1 703
0 84 67 41 64 17 3 704
1 1 98 21 98 18 1 705
0 109 65 33 64 28 3 706
1 21 62 43 65 35 5 707
1 11 46 62 49 66 1 708
0 71 45 63 50 62 3 709
0 130 56 65 57 59 3 710
0 129 86 94 89 92 3 711
0 68 52 47 53 45 3 712
1 124 43 43 42 50 1 713
1 84 47 46 45 54 5 714
1 70 61 1 65 1 1 715
1 60 58 36 61 43 1 716
0 134 58 33 58 26 3 717
0 56 54 80 50 81 3 718
0 115 53 48 54 50 5 719
0 55 73 37 64 45 4 720
0 125 52 54 52 49 5 721
1 94 52 45 50 49 4 722
1 25 55 74 57 76 1 723
0 70 69 46 65 53 3 724
0 91 5 59 6 50 3 725
1 122 6 67 6 63 2 726
0 94 31 50 32 52 3 727
0 1 52 76 49 77 3 728
0 126 42 66 47 57 3 729
0 123 57 38 60 36 3 730
0 9 5 40 5 37 3 731
0 32 58 33 54 38 3 732
1 115 98 23 98 3 5 733
0 95 73 67 70 72 5 734
0 35 54 80 52 81 3 735
0 86 98 23 98 19 3 736
0 126 55 74 13 61 3 737
1 63 63 39 55 51 1 738
1 27 7 42 6 46 1 739
1 132 72 40 69 39 2 740
0 9 58 38 55 38 3 741
0 38 33 47 34 42 3 742
1 135 48 48 49 50 1 743
0 70 69 37 70 44 3 744
1 79 49 51 53 55 1 745
1 8 51 34 56 27 1 746
1 87 63 41 65 36 1 747
0 109 50 50 47 62 3 748
1 136 41 41 45 45 4 749
0 102 60 41 56 40 3 750
0 57 53 75 49 80 5 751
0 108 61 38 59 42 3 752
0 143 29 47 33 41 6 753
0 81 6 32 6 38 3 754
1 60 45 20 52 19 1 755
0 67 37 29 32 24 3 756
0 51 52 45 55 45 3 757
1 108 64 31 45 56 1 758
1 136 53 43 51 42 4 759
0 64 33 46 29 54 3 760
1 6 50 84 39 92 2 761
0 113 54 33 49 36 3 762
1 15 83 4 87 4 1 763
1 83 6 32 6 21 3 764
1 11 60 42 59 44 1 765
0 5 52 61 59 53 3 766
1 71 31 48 32 44 1 767
1 113 98 15 98 11 1 768
0 80 39 12 43 11 3 769
1 99 53 34 54 32 3 770
0 9 6 28 5 40 3 771
1 123 45 21 50 19 2 772
0 108 54 42 47 59 3 773
1 98 55 29 50 37 1 774
0 127 57 29 59 31 3 775
1 127 59 25 57 35 1 776
0 83 49 25 54 16 3 777
0 3 69 44 61 61 3 778
0 139 30 46 34 42 3 779
0 44 59 46 57 49 3 780
0 0 68 40 70 38 3 781
0 138 59 75 56 74 3 782
1 13 50 53 49 48 1 783
1 122 60 33 53 26 1 784
0 83 44 54 47 52 3 785
1 109 60 29 50 50 5 786
1 93 60 2 46 1 5 787
1 132 55 79 51 78 1 788
0 26 66 48 64 46 5 789
1 135 42 62 44 54 1 790
1 48 56 40 48 50 1 791
0 58 54 42 53 44 3 792
0 72 6 69 5 67 3 793
1 0 27 50 31 44 5 794
1 100 30 45 32 42 1 795
0 43 35 13 38 12 3 796
1 65 61 38 52 47 1 797
0 111 49 54 56 50 3 798
0 65 64 45 59 45 3 799
1 120 83 4 79 6 1 800
0 120 69 40 69 44 3 801
0 79 58 36 53 44 3 802
1 60 41 18 52 17 5 803
0 23 56 41 58 39 3 804
0 1 6 33 26 50 3 805
1 39 47 36 54 45 1 806
1 34 44 11 41 13 1 807
0 63 92 27 91 31 3 808
1 73 51 78 57 76 1 809
0 137 31 40 29 39 3 810
0 86 57 48 54 33 3 811
1 94 28 54 30 53 2 812
1 111 27 25 43 32 1 813
0 98 61 35 64 28 3 814
1 21 61 47 63 49 1 815
0 61 69 42 71 39 3 816
1 14 57 38 55 41 1 817
1 2 56 80 52 80 1 818
1 31 50 2 27 2 1 819
0 75 60 33 55 42 3 820
0 134 56 50 59 45 3 821
0 73 51 2 48 2 3 822
1 46 67 42 68 40 2 823
1 75 59 77 56 76 1 824
0 134 50 42 53 40 3 825
0 128 88 93 86 94 3 826
1 100 40 20 36 19 1 827
1 72 55 43 42 63 1 828
1 19 47 22 49 16 4 829
0 24 68 37 43 18 3 830
0 52 69 37 74 30 5 831
0 61 44 65 53 52 3 832
1 91 60 36 59 34 1 833
1 109 6 35 6 38 1 834
1 98 39 12 43 10 2 835
1 143 52 19 50 21 1 836
1 28 64 31 57 38 1 837
1 90 62 25 63 21 3 838
0 126 67 33 60 54 3 839
0 31 69 71 64 71 5 840
1 103 46 4 49 4 4 841
1 96 67 45 66 37 2 842
1 102 57 54 53 58 6 843
0 41 44 63 47 67 3 844
1 111 49 80 56 80 1 845
0 44 67 40 62 48 3 846
0 0 6 29 5 39 3 847
0 27 5 53 2 19 3 848
0 7 6 41 6 50 3 849
1 7 52 19 49 20 1 850
0 121 13 1 42 2 3 851
1 0 42 2 46 2 1 852
0 25 40 45 45 33 4 853
1 102 55 41 50 62 1 854
1 93 89 92 88 94 5 855
0 61 40 11 43 11 3 856
1 128 61 28 56 37 1 857
1 114 38 40 41 43 1 858
1 47 46 53 46 42 1 859
0 19 68 21 69 29 3 860
1 111 47 57 56 29 5 861
1 68 62 32 59 34 4 862
1 109 58 50 49 43 1 863
0 40 64 45 53 59 3 864
1 31 57 2 60 1 1 865
0 93 56 2 58 1 3 866
0 27 60 36 56 39 3 867
1 37 5 57 6 49 1 868
0 109 55 75 15 60 3 869
1 92 67 40 68 46 3 870
0 108 5 71 5 74 3 871
1 32 87 2 85 4 1 872
1 87 60 31 49 50 1 873
0 12 60 30 57 29 3 874
0 80 37 11 43 11 3 875
0 123 50 64 49 71 3 876
1 67 33 52 31 51 4 877
1 45 6 35 6 38 2 878
1 111 54 47 38 52 4 879
0 84 65 38 88 31 3 880
1 68 62 30 63 48 1 881
1 23 56 35 48 37 6 882
0 137 44 52 23 20 3 883
0 48 62 32 61 37 3 884
1 136 71 69 69 70 1 885
1 132 55 73 48 79 2 886
0 82 69 71 64 76 3 887
0 117 47 68 51 63 3 888
1 76 68 72 69 70 1 889
1 16 31 43 30 46 6 890
1 116 62 26 60 25 2 891
1 121 5 36 6 34 1 892
1 57 55 32 55 29 2 893
0 106 91 37 91 34 3 894
1 46 56 59 53 62 1 895
0 43 98 15 98 19 3 896
0 48 34 41 29 36 3 897
0 29 69 69 65 75 3 898
1 70 6 65 5 67 1 899
0 117 56 39 60 42 3 900
0 89 81 6 83 4 3 901
0 60 69 37 69 45 3 902
0 143 73 38 70 39 3 903
1 116 54 57 58 59 1 904
0 9 5 37 5 44 3 905
1 109 62 48 42 52 1 906
0 122 57 80 51 80 3 907
1 36 31 51 29 61 1 908
0 96 30 46 31 43 3 909
0 87 58 39 96 28 3 910
1 102 91 26 91 31 1 911
0 48 91 38 91 41 3 912
1 126 49 51 51 57 1 913
0 0 42 11 39 14 3 914
1 97 59 51 46 51 4 915
0 52 51 53 54 52 3 916
0 54 63 39 60 44 3 917
0 26 86 93 82 91 4 918
1 116 54 41 58 35 3 919
0 43 62 40 62 44 3 920
1 14 47 53 43 38 1 921
0 32 32 43 28 33 4 922
1 65 62 51 59 47 5 923
1 20 79 6 81 5 1 924
0 24 65 40 63 45 3 925
1 50 55 2 59 2 1 926
0 46 49 53 49 45 3 927
1 129 98 19 98 14 1 928
0 137 54 19 51 20 3 929
1 128 36 13 35 15 2 930
1 113 54 34 60 27 1 931
1 8 58 50 61 46 3 932
1 102 40 91 45 63 2 933
1 96 46 57 45 59 1 934
0 97 54 29 50 32 3 935
0 116 66 94 64 96 4 936
1 36 51 48 45 49 1 937
1 121 39 37 44 25 2 938
0 109 60 52 52 50 3 939
1 52 69 37 65 42 1 940
1 48 55 31 48 34 1 941
1 112 50 33 37 27 3 942
0 88 49 2 44 2 3 943
1 132 64 32 70 33 5 944
1 39 70 36 69 38 2 945
0 18 55 30 57 45 3 946
0 84 49 39 53 40 3 947
0 7 27 60 26 62 5 948
1 102 49 21 44 19 5 949
1 8 51 34 49 39 1 950
1 10 43 19 43 24 5 951
0 50 22 19 16 24 5 952
0 4 55 20 45 24 3 953
1 67 61 70 58 75 1 954
1 118 59 18 55 19 2 955
1 17 54 40 66 38 2 956
1 140 66 34 66 39 1 957
1 13 56 42 58 38 1 958
1 70 52 50 52 53 1 959
1 98 56 31 54 38 1 960
0 97 58 38 60 43 3 961
1 46 43 3 26 3 1 962
1 64 51 40 96 28 1 963
0 126 48 38 49 34 3 964
1 66 50 33 53 29 1 965
0 132 55 44 56 21 3 966
0 95 6 37 4 49 3 967
1 122 51 28 50 25 1 968
1 121 6 29 6 36 1 969
1 24 27 58 29 55 1 970
0 21 60 40 61 38 3 971
1 121 70 35 53 61 2 972
1 32 68 78 72 71 1 973
0 140 67 75 73 67 3 974
1 18 57 52 51 62 1 975
0 94 53 39 54 37 3 976
0 88 69 38 50 46 3 977
1 96 7 39 6 46 2 978
0 69 81 5 70 6 3 979
0 53 54 47 53 54 3 980
1 117 44 63 48 55 1 981
1 80 30 51 33 45 1 982
1 41 62 37 61 39 2 983
0 13 55 39 53 50 6 984
0 16 44 10 41 12 3 985
0 88 47 2 42 2 3 986
1 112 53 18 49 20 2 987
0 19 45 23 47 16 3 988
1 10 71 32 67 39 5 989
0 98 61 22 54 31 3 990
1 129 54 17 49 18 4 991
0 28 51 48 53 42 6 992
0 90 46 44 47 51 3 993
1 143 30 61 32 54 1 994
0 134 60 15 55 14 3 995
1 53 58 16 63 17 5 996
0 117 30 58 33 50 3 997
1 129 28 57 31 49 3 998
0 41 91 31 89 35 3 999
0 39 56 41 55 43 3 1000
1 119 68 39 65 45 1 1001
0 68 54 45 56 42 3 1002
0 82 50 49 52 50 3 1003
0 6 71 63 72 70 3 1004
1 80 54 52 45 62 1 1005
1 83 52 40 50 36 1 1006
0 36 71 75 71 72 3 1007
1 75 69 40 68 42 1 1008
0 57 5 42 5 37 3 1009
1 44 88 93 83 91 1 1010
0 18 46 46 37 32 3 1011
1 102 49 16 32 18 3 1012
0 80 49 43 52 41 5 1013
1 37 50 24 48 23 2 1014
1 102 57 44 36 81 6 1015
1 111 52 80 55 80 5 1016
1 37 40 12 38 13 1 1017
1 45 67 34 63 44 1 1018
0 97 32 78 55 76 3 1019
1 130 66 40 62 46 2 1020
1 127 79 6 76 7 1 1021
1 23 41 3 47 3 1 1022
0 77 48 2 43 3 3 1023
1 140 60 71 54 76 2 1024
1 139 91 28 91 31 1 1025
0 139 78 7 75 5 3 1026
1 72 98 22 98 19 1 1027
1 19 53 27 54 41 2 1028
1 112 6 53 6 50 1 1029
1 1 92 30 91 37 2 1030
0 18 91 41 90 47 3 1031
0 123 56 74 61 69 3 1032
1 12 62 29 47 21 1 1033
0 57 50 2 45 2 3 1034
0 88 62 23 58 35 3 1035
0 128 46 41 49 43 6 1036
0 93 90 50 90 47 3 1037
0 75 63 33 52 37 6 1038
0 83 59 34 58 31 3 1039
1 96 54 43 52 48 5 1040
0 124 67 35 63 54 5 1041
1 88 56 52 57 49 6 1042
0 8 58 29 57 35 3 1043
1 139 57 38 58 41 1 1044
1 19 51 26 55 25 3 1045
1 78 55 43 52 44 6 1046
1 0 61 26 53 37 6 1047
0 52 62 1 65 1 3 1048
1 80 26 25 54 46 4 1049
0 126 6 52 6 49 3 1050
0 52 49 2 46 3 3 1051
1 135 87 3 86 5 2 1052
1 19 64 32 69 27 2 1053
1 78 48 50 49 48 2 1054
1 130 55 29 50 35 1 1055
1 77 50 30 54 32 1 1056
0 92 17 2 45 4 3 1057
0 52 53 45 48 49 3 1058
0 116 64 93 59 90 5 1059
1 111 54 51 52 47 1 1060
0 103 29 53 28 55 3 1061
0 43 57 80 52 80 3 1062
1 1 89 93 87 92 1 1063
1 24 56 41 50 53 2 1064
1 17 68 40 51 66 1 1065
0 39 55 40 60 40 3 1066
1 32 78 6 80 5 1 1067
0 85 45 3 42 3 3 1068
1 53 64 17 62 15 4 1069
0 102 6 31 6 34 5 1070
1 67 55 41 57 35 1 1071
1 54 63 31 51 23 6 1072
0 116 63 22 62 24 3 1073
0 67 53 40 51 42 4 1074
0 20 67 36 62 48 3 1075
1 96 66 47 61 51 1 1076
1 84 48 80 52 80 1 1077
0 136 62 40 54 45 3 1078
0 100 67 43 54 44 3 1079
0 143 26 50 28 47 5 1080
1 64 40 11 37 14 1 1081
1 135 39 44 41 43 1 1082
1 120 83 5 77 6 1 1083
0 88 46 17 45 23 3 1084
1 43 87 4 85 5 1 1085
1 68 50 39 55 33 6 1086
0 76 43 54 47 52 3 1087
1 95 69 72 70 75 1 1088
0 78 63 47 48 44 3 1089
1 5 30 77 42 64 1 1090
1 130 57 59 58 55 2 1091
1 34 47 4 42 3 2 1092
0 52 54 39 57 39 3 1093
0 13 34 40 32 41 3 1094
1 62 61 1 49 1 1 1095
0 72 48 36 46 52 3 1096
0 99 50 2 47 2 3 1097
0 93 91 36 91 33 5 1098
1 18 91 29 88 36 1 1099
0 36 54 49 53 52 3 1100
0 32 70 6 76 5 3 1101
0 94 33 46 25 55 3 1102
0 88 40 12 40 9 3 1103
0 39 55 45 48 52 3 1104
0 42 88 93 84 94 6 1105
0 96 44 61 46 57 3 1106
1 31 62 1 64 2 1 1107
0 56 52 41 55 37 3 1108
1 140 68 42 67 34 1 1109
0 14 63 36 64 28 3 1110
1 51 63 33 60 39 3 1111
0 15 56 35 58 30 3 1112
0 26 53 44 60 39 5 1113
0 128 43 12 40 12 3 1114
1 134 49 79 50 76 1 1115
1 16 32 54 26 46 2 1116
0 133 6 68 5 64 3 1117
0 135 5 67 6 69 4 1118
0 16 38 14 44 12 3 1119
1 39 55 50 53 53 1 1120
0 32 53 52 53 55 3 1121
1 5 45 48 47 49 2 1122
1 76 66 36 61 48 1 1123
1 112 56 34 61 32 1 1124
0 92 65 50 63 54 3 1125
1 17 6 64 6 50 1 1126
1 26 44 63 36 53 2 1127
0 88 31 45 29 47 3 1128
1 86 53 80 58 75 1 1129
0 103 40 13 43 11 3 1130
1 41 60 35 56 37 1 1131
0 102 50 51 26 36 3 1132
1 56 47 59 45 62 1 1133
1 1 67 38 56 38 1 1134
0 111 66 93 65 95 3 1135
0 123 27 59 26 64 3 1136
1 128 31 49 29 52 2 1137
0 125 78 6 81 5 3 1138
0 114 47 80 39 80 3 1139
1 138 6 30 6 34 1 1140
0 66 65 42 54 59 3 1141
0 39 52 45 55 40 3 1142
0 51 68 77 64 79 3 1143
0 46 58 38 59 42 5 1144
1 109 61 43 60 40 2 1145
1 72 54 42 56 40 1 1146
0 118 45 61 34 74 3 1147
0 72 54 52 49 55 3 1148
1 87 62 40 61 35 5 1149
1 81 64 45 49 45 5 1150
0 78 49 39 47 36 3 1151
0 121 69 70 68 72 3 1152
1 76 65 40 59 61 1 1153
1 67 57 80 30 79 1 1154
0 39 53 29 54 40 3 1155
1 126 50 49 54 54 1 1156
1 28 46 50 46 35 1 1157
1 56 44 65 41 76 2 1158
0 49 59 33 59 42 3 1159
0 100 41 61 45 60 3 1160
0 39 68 46 64 43 3 1161
0 143 36 14 34 13 6 1162
1 16 27 50 30 51 3 1163
0 48 31 42 22 65 3 1164
1 38 46 29 42 39 2 1165
0 50 53 27 46 30 3 1166
0 40 56 34 51 33 3 1167
1 103 65 44 71 34 1 1168
0 130 6 21 5 39 5 1169
0 87 6 40 6 43 3 1170
0 92 58 18 54 19 3 1171
0 44 41 5 37 5 3 1172
1 57 98 12 98 9 4 1173
0 116 54 32 51 26 5 1174
0 21 61 53 58 56 3 1175
1 115 68 33 66 7 1 1176
1 23 51 34 30 32 3 1177
0 137 29 54 27 33 3 1178
0 28 65 14 66 12 3 1179
0 97 46 3 40 3 3 1180
0 19 43 59 43 54 3 1181
0 3 91 39 90 44 4 1182
1 60 51 18 48 20 6 1183
0 31 61 31 63 37 3 1184
0 88 5 37 6 31 3 1185
1 0 58 49 55 52 1 1186
0 62 57 46 65 34 3 1187
1 123 28 58 28 53 6 1188
0 67 48 52 52 46 5 1189
1 74 14 60 55 75 1 1190
1 63 92 27 91 32 2 1191
0 121 51 75 68 77 3 1192
0 108 90 41 91 37 3 1193
0 128 26 50 27 48 3 1194
1 72 98 18 98 22 3 1195
1 108 91 33 92 28 4 1196
1 107 41 2 46 2 5 1197
0 51 54 40 52 42 3 1198
0 54 63 48 55 60 3 1199
0 16 31 50 27 52 3 1200
1 98 42 35 43 38 2 1201
0 126 6 49 6 32 3 1202
0 90 56 55 55 52 3 1203
1 51 59 24 61 30 5 1204
0 117 62 35 53 31 3 1205
1 78 56 38 55 42 1 1206
0 111 5 78 5 74 3 1207
0 131 48 50 49 31 3 1208
1 22 42 41 47 26 2 1209
0 116 57 48 55 53 3 1210
0 71 53 43 53 46 3 1211
1 27 58 17 28 16 5 1212
0 125 78 6 81 5 3 1213
1 81 47 52 47 57 5 1214
0 57 29 51 27 49 3 1215
1 130 6 49 6 53 1 1216
0 102 55 54 59 57 3 1217
1 2 61 28 70 23 1 1218
1 73 61 25 59 32 2 1219
0 111 49 57 38 52 3 1220
0 105 57 28 60 27 3 1221
1 120 56 34 57 39 1 1222
1 92 61 42 64 43 3 1223
1 38 91 38 91 27 1 1224
1 101 21 20 45 3 2 1225
0 32 89 33 89 37 3 1226
1 80 29 45 32 46 1 1227
1 59 55 44 53 46 1 1228
1 132 40 4 16 2 1 1229
0 74 65 46 57 62 3 1230
0 77 54 2 62 1 3 1231
1 128 51 25 48 28 1 1232
1 10 42 26 41 35 4 1233
0 124 91 27 90 37 4 1234
1 136 45 4 24 3 2 1235
1 95 68 73 70 72 2 1236
1 64 26 42 33 42 1 1237
0 6 36 15 48 44 3 1238
0 120 59 48 58 51 3 1239
0 56 54 42 60 39 3 1240
1 120 43 38 39 37 4 1241
0 133 61 18 55 27 3 1242
0 51 50 80 32 78 5 1243
1 59 60 32 61 35 1 1244
0 118 60 17 63 17 3 1245
1 138 52 82 49 80 1 1246
1 19 60 31 65 27 2 1247
1 111 53 53 56 49 1 1248
0 13 50 47 57 47 3 1249
0 53 53 40 54 38 3 1250
0 62 60 1 56 2 3 1251
0 54 52 39 54 36 3 1252
1 10 41 40 42 42 1 1253
0 130 55 50 56 47 3 1254
0 111 62 34 55 28 3 1255
1 62 47 46 22 19 5 1256
1 59 45 20 46 18 2 1257
1 9 54 41 52 44 1 1258
1 128 59 33 61 37 1 1259
1 1 56 20 49 23 1 1260
0 33 90 39 91 32 5 1261
1 120 63 46 64 43 2 1262
1 94 27 58 31 44 1 1263
0 130 36 15 30 6 3 1264
0 40 56 73 32 78 3 1265
0 62 68 42 71 40 3 1266
1 74 55 79 57 75 1 1267
0 109 47 4 44 4 3 1268
1 0 36 13 39 12 1 1269
0 56 59 28 55 31 3 1270
0 32 61 40 65 45 3 1271
0 73 78 6 81 5 3 1272
1 57 63 76 62 79 5 1273
1 137 55 32 54 34 2 1274
0 39 49 47 52 46 6 1275
1 58 56 40 62 34 1 1276
1 24 48 56 51 58 1 1277
1 141 31 49 33 40 1 1278
1 42 66 42 66 38 1 1279
0 72 68 40 70 43 3 1280
1 2 53 37 59 27 1 1281
0 92 69 31 66 37 3 1282
0 7 6 61 6 50 3 1283
1 74 57 45 57 55 1 1284
1 12 55 80 50 80 2 1285
1 38 48 54 30 26 5 1286
1 59 47 72 48 69 1 1287
0 117 64 75 69 69 3 1288
1 128 46 61 51 46 1 1289
0 38 63 21 57 29 3 1290
0 95 54 40 52 41 3 1291
1 133 47 72 48 59 1 1292
0 49 67 35 68 40 3 1293
0 8 49 37 47 40 5 1294
0 101 59 52 60 50 3 1295
0 80 57 31 52 44 3 1296
1 17 6 44 6 52 6 1297
1 14 98 16 98 19 2 1298
1 74 5 41 5 37 2 1299
0 8 83 4 81 5 3 1300
1 128 60 50 64 40 1 1301
0 136 39 38 33 34 3 1302
0 132 42 3 32 3 3 1303
1 44 56 39 58 37 1 1304
1 82 58 28 55 33 1 1305
0 128 53 33 55 30 5 1306
1 87 6 21 5 4 1 1307
0 74 56 48 57 58 5 1308
1 43 63 34 60 35 1 1309
1 129 51 67 57 44 3 1310
0 122 56 38 58 39 4 1311
0 126 6 28 6 36 3 1312
1 68 46 53 48 51 1 1313
1 124 91 31 91 35 5 1314
0 62 43 3 47 2 3 1315
0 62 46 55 42 55 3 1316
1 15 55 53 51 62 1 1317
0 21 50 36 45 52 3 1318
1 37 6 32 6 36 2 1319
1 116 66 95 67 93 4 1320
1 83 87 3 85 4 4 1321
0 132 39 53 33 57 3 1322
0 71 55 80 51 80 3 1323
1 3 90 36 89 33 1 1324
1 23 61 41 63 42 1 1325
1 76 48 2 52 2 2 1326
0 112 31 52 28 37 3 1327
0 11 51 48 49 23 3 1328
0 38 61 25 54 39 3 1329
1 85 66 44 69 41 1 1330
1 27 82 5 98 4 1 1331
1 133 67 42 62 54 3 1332
1 39 53 51 51 62 1 1333
1 138 31 45 32 55 2 1334
1 50 62 19 56 28 1 1335
1 67 65 1 61 1 1 1336
0 74 85 5 83 4 3 1337
0 103 91 38 90 25 3 1338
0 62 57 2 63 1 3 1339
1 18 88 35 92 30 3 1340
0 10 43 31 39 36 3 1341
0 36 50 29 55 33 3 1342
1 78 40 11 42 12 1 1343
0 48 51 59 46 59 3 1344
0 74 50 62 57 58 3 1345
1 49 70 34 67 45 2 1346
0 98 57 49 48 52 3 1347
1 38 54 33 45 41 1 1348
1 94 69 39 72 31 1 1349
1 102 49 3 47 2 5 1350
1 52 28 2 39 1 6 1351
1 93 42 32 37 41 1 1352
1 102 53 42 59 44 2 1353
1 102 28 44 27 48 2 1354
1 108 91 38 90 42 1 1355
1 18 92 24 90 30 1 1356
0 41 30 45 31 42 3 1357
1 76 7 40 6 30 1 1358
1 91 51 49 55 41 1 1359
1 14 42 60 46 46 1 1360
0 39 63 50 65 48 3 1361
0 57 42 74 46 68 3 1362
0 100 70 31 64 33 3 1363
1 51 62 25 55 21 1 1364
1 17 49 51 48 55 1 1365
1 79 38 41 41 43 1 1366
0 6 82 5 81 3 3 1367
1 56 48 68 53 54 1 1368
0 8 54 34 51 33 3 1369
1 78 58 48 55 54 1 1370
1 64 29 47 30 51 2 1371
0 67 55 65 51 76 3 1372
1 58 41 38 38 40 1 1373
0 24 63 30 61 29 3 1374
1 32 40 12 45 10 1 1375
0 121 64 42 59 46 3 1376
1 73 56 49 54 53 2 1377
1 58 50 53 50 47 1 1378
1 27 54 18 60 17 1 1379
1 133 68 70 66 73 1 1380
1 139 91 29 92 25 1 1381
1 82 39 27 50 49 3 1382
0 65 62 46 67 36 3 1383
0 100 52 27 51 24 3 1384
1 8 58 18 28 26 1 1385
1 95 31 59 32 54 1 1386
0 69 98 17 98 20 3 1387
0 71 46 54 46 49 3 1388
1 121 68 72 70 75 1 1389
1 46 6 38 5 41 1 1390
0 120 32 56 42 39 3 1391
0 124 55 2 62 1 3 1392
1 77 61 24 54 32 2 1393
0 120 59 28 56 25 3 1394
0 1 30 42 34 41 5 1395
0 101 64 42 61 40 3 1396
1 79 6 55 6 58 1 1397
1 132 56 46 57 38 3 1398
0 46 59 45 61 51 3 1399
1 57 56 35 54 39 2 1400
0 38 53 46 52 42 3 1401
0 90 53 36 52 45 3 1402
0 27 5 57 6 51 3 1403
0 88 64 41 63 46 5 1404
0 111 62 48 35 16 3 1405
1 85 61 23 63 34 1 1406
1 37 6 59 7 7 1 1407
0 107 35 45 41 32 3 1408
1 10 60 52 45 73 2 1409
0 12 69 34 68 40 3 1410
1 102 6 67 8 51 2 1411
0 63 64 17 23 18 3 1412
1 87 51 59 41 56 1 1413
0 101 89 92 86 93 3 1414
1 39 57 76 55 77 1 1415
1 134 66 72 69 73 5 1416
1 78 92 31 91 35 6 1417
0 10 41 43 45 32 3 1418
0 66 42 29 41 36 3 1419
1 111 69 40 71 42 1 1420
0 83 51 23 56 31 5 1421
1 16 33 46 31 48 5 1422
0 90 64 46 40 51 3 1423
1 49 56 54 58 49 2 1424
1 119 36 11 38 9 1 1425
1 57 98 7 98 10 3 1426
0 57 50 80 56 80 3 1427
1 98 63 40 61 47 3 1428
1 139 60 14 58 17 2 1429
1 133 55 80 53 81 1 1430
1 111 54 80 51 80 1 1431
0 74 6 66 5 68 3 1432
0 53 52 34 46 43 3 1433
1 80 6 30 6 33 4 1434
0 133 50 65 52 60 3 1435
0 5 49 45 44 45 3 1436
1 48 69 33 64 43 1 1437
0 46 56 39 57 41 3 1438
0 93 31 45 35 39 3 1439
1 19 54 45 52 42 1 1440
1 57 98 17 98 23 1 1441
1 109 51 78 61 70 1 1442
1 76 55 39 62 26 1 1443
1 107 7 53 6 59 3 1444
0 33 48 16 45 18 5 1445
1 88 69 40 64 45 1 1446
0 36 68 42 60 41 3 1447
1 53 61 36 57 39 1 1448
0 12 55 28 61 22 3 1449
1 57 56 76 32 78 1 1450
0 54 64 30 49 28 3 1451
0 90 87 3 81 2 3 1452
0 31 32 49 30 51 3 1453
1 17 91 40 92 24 1 1454
0 34 47 3 49 4 3 1455
1 44 64 34 61 33 1 1456
0 72 50 54 54 52 3 1457
1 83 53 40 57 26 6 1458
0 134 66 47 51 68 3 1459
1 29 49 55 45 32 4 1460
1 71 52 55 49 56 2 1461
0 107 67 34 67 37 3 1462
0 131 58 28 51 25 3 1463
1 0 59 47 32 85 1 1464
0 72 67 36 67 23 3 1465
0 64 54 58 51 64 3 1466
0 111 48 56 49 52 3 1467
1 24 67 44 68 39 1 1468
0 62 5 40 6 36 3 1469
1 97 54 70 41 89 1 1470
1 143 58 17 51 19 1 1471
0 110 49 39 55 40 3 1472
0 141 59 25 61 29 3 1473
0 56 46 24 44 30 3 1474
0 35 51 29 49 33 3 1475
1 87 42 56 47 50 5 1476
1 51 30 63 31 57 1 1477
0 46 59 38 46 44 4 1478
1 48 40 12 36 13 5 1479
1 5 45 20 48 20 2 1480
0 88 65 31 68 33 3 1481
0 89 56 38 54 40 3 1482
0 72 57 61 55 65 4 1483
0 69 55 75 57 76 3 1484
0 86 6 52 6 57 5 1485
0 20 67 35 68 37 3 1486
1 90 63 24 57 30 1 1487
0 127 32 48 29 52 3 1488
1 137 57 29 61 17 2 1489
0 112 67 42 67 36 6 1490
1 9 54 49 49 56 3 1491
0 48 54 58 45 60 3 1492
0 51 43 39 42 42 3 1493
1 71 67 36 66 40 1 1494
1 139 49 56 46 60 1 1495
0 100 52 19 49 19 3 1496
1 78 55 33 59 27 2 1497
0 96 50 51 47 54 3 1498
0 22 56 15 44 24 3 1499
0 44 70 36 69 40 3 1500
1 87 54 38 52 46 1 1501
0 68 90 21 91 27 3 1502
0 61 6 35 6 29 4 1503
0 32 52 2 48 2 3 1504
1 139 77 6 70 6 1 1505
1 93 14 0 47 2 3 1506
1 23 68 39 67 41 1 1507
1 115 55 80 52 80 1 1508
1 48 33 45 15 49 1 1509
0 82 56 52 39 50 3 1510
0 125 55 38 48 36 3 1511
1 126 53 74 57 75 5 1512
0 45 56 18 51 19 3 1513
0 26 49 41 37 29 3 1514
1 102 59 33 57 47 5 1515
1 4 51 48 49 51 1 1516
0 3 50 2 43 3 3 1517
0 46 36 13 41 11 3 1518
1 104 62 32 44 40 5 1519
0 84 55 72 56 75 3 1520
0 124 61 39 54 49 3 1521
0 50 53 29 46 34 5 1522
0 60 55 41 15 21 3 1523
1 83 6 30 6 27 5 1524
0 102 5 25 6 22 3 1525
1 38 58 33 54 39 5 1526
0 121 71 69 70 72 3 1527
0 19 47 31 50 29 3 1528
1 18 91 36 90 23 1 1529
0 138 58 77 55 73 3 1530
1 63 91 36 91 33 1 1531
1 132 59 26 60 23 3 1532
0 128 53 20 57 18 3 1533
0 96 58 39 55 40 3 1534
1 18 48 54 49 49 1 1535
0 30 53 41 54 39 3 1536
0 65 55 51 51 54 5 1537
0 72 47 57 48 54 4 1538
0 32 31 42 51 42 5 1539
0 38 46 23 52 41 5 1540
0 15 84 4 88 2 5 1541
0 58 61 38 51 49 3 1542
0 2 50 33 51 31 3 1543
1 106 86 4 88 3 1 1544
1 135 5 70 6 67 1 1545
1 5 51 61 58 57 2 1546
0 102 51 61 49 65 3 1547
0 39 69 35 72 35 3 1548
1 101 52 42 53 46 2 1549
1 10 57 46 44 52 1 1550
0 117 60 45 58 46 4 1551
1 59 49 28 53 28 1 1552
0 56 64 31 68 22 6 1553
0 114 60 29 55 27 3 1554
0 23 39 58 71 71 3 1555
0 140 58 30 61 25 3 1556
0 20 50 28 51 26 3 1557
1 96 59 70 54 76 1 1558
1 4 51 27 48 28 1 1559
1 106 55 80 50 81 2 1560
1 83 56 35 47 41 2 1561
1 19 68 74 67 76 6 1562
0 24 54 80 30 80 3 1563
1 32 69 44 72 29 1 1564
1 13 30 54 31 48 1 1565
1 88 60 37 54 42 2 1566
0 50 53 40 49 50 3 1567
0 87 71 42 71 39 3 1568
0 70 61 52 57 63 3 1569
0 61 6 45 5 56 3 1570
1 28 47 50 43 44 3 1571
1 86 41 34 38 38 1 1572
1 142 56 18 51 20 1 1573
1 60 46 18 51 19 1 1574
0 97 73 70 70 72 3 1575
0 88 59 35 61 37 3 1576
0 45 42 35 21 34 3 1577
1 103 68 48 64 51 1 1578
1 91 54 38 55 29 2 1579
0 66 6 58 5 79 3 1580
1 10 98 19 98 16 1 1581
1 37 83 3 87 2 1 1582
1 81 65 94 62 95 1 1583
1 15 55 38 54 52 1 1584
1 117 63 41 62 44 1 1585
1 88 48 21 44 20 3 1586
0 129 54 45 44 66 3 1587
1 10 67 93 65 94 1 1588
0 2 65 95 66 93 3 1589
1 9 52 59 53 56 4 1590
0 61 32 33 27 41 3 1591
0 38 55 54 54 42 3 1592
0 34 45 31 50 17 3 1593
1 51 68 69 72 71 5 1594
0 81 46 41 47 34 3 1595
1 126 55 26 50 36 5 1596
1 119 61 39 57 44 2 1597
0 112 41 12 43 11 4 1598
1 53 60 16 59 19 1 1599
1 127 68 40 58 61 2 1600
0 59 27 61 30 49 3 1601
1 25 61 37 64 29 1 1602
1 111 70 39 61 22 1 1603
0 83 6 30 6 33 5 1604
1 84 61 42 57 48 1 1605
1 101 53 19 55 20 1 1606
1 12 43 58 45 60 1 1607
0 25 71 63 40 57 3 1608
0 137 44 3 47 3 3 1609
0 15 69 35 68 43 3 1610
0 143 46 18 49 18 3 1611
0 25 59 27 60 24 3 1612
0 97 69 6 79 6 3 1613
0 8 59 34 57 27 3 1614
0 38 60 41 55 40 3 1615
1 74 50 17 48 20 5 1616
1 132 67 42 59 45 1 1617
0 143 67 38 69 35 3 1618
1 56 68 76 64 75 1 1619
0 96 36 13 42 13 3 1620
0 128 50 35 53 33 5 1621
1 99 43 4 40 4 1 1622
0 64 32 43 34 41 5 1623
1 46 62 36 60 38 1 1624
0 88 52 17 50 15 3 1625
0 26 52 28 58 30 6 1626
1 76 6 31 6 7 1 1627
1 89 87 4 82 3 1 1628
1 53 55 45 57 35 1 1629
1 82 54 46 48 54 2 1630
0 85 38 47 41 43 3 1631
0 4 51 31 50 28 3 1632
1 55 55 29 60 31 1 1633
1 45 47 47 46 45 1 1634
1 23 66 41 56 39 3 1635
1 45 45 61 33 57 1 1636
0 74 5 36 5 47 3 1637
0 135 86 2 87 4 3 1638
1 64 31 47 30 56 1 1639
1 80 34 40 31 46 3 1640
0 80 33 45 30 32 3 1641
1 134 58 38 56 42 1 1642
0 135 39 41 40 44 3 1643
1 23 69 38 61 33 3 1644
1 22 71 32 71 39 1 1645
1 10 39 4 37 5 2 1646
1 57 41 34 44 37 1 1647
0 38 41 35 45 34 3 1648
0 64 62 42 62 46 3 1649
0 107 50 39 41 67 3 1650
0 133 65 49 54 44 3 1651
0 123 32 45 32 48 3 1652
0 134 5 23 6 13 3 1653
1 103 61 25 60 23 2 1654
0 116 81 5 79 6 3 1655
1 120 50 44 55 45 1 1656
1 92 59 74 58 70 1 1657
1 91 49 65 48 69 2 1658
0 27 5 69 6 66 3 1659
1 11 51 50 52 53 1 1660
1 107 31 42 62 32 1 1661
0 130 49 49 55 42 3 1662
1 11 43 3 38 3 1 1663
1 20 68 34 65 48 2 1664
0 86 98 7 98 12 3 1665
1 69 70 35 67 39 1 1666
0 116 48 20 50 18 4 1667
1 29 61 1 54 2 1 1668
0 48 48 41 45 46 3 1669
1 109 98 15 98 10 2 1670
0 40 5 71 4 69 3 1671
0 58 60 34 64 36 3 1672
0 120 55 43 45 36 3 1673
0 36 33 52 31 60 3 1674
1 137 61 42 61 36 3 1675
1 19 51 20 43 24 1 1676
0 113 58 28 57 31 3 1677
0 108 67 93 65 95 3 1678
0 118 48 71 43 76 3 1679
1 83 51 19 62 18 1 1680
1 83 53 34 54 32 3 1681
1 141 68 72 68 68 1 1682
1 23 34 40 29 47 1 1683
0 133 48 18 50 20 3 1684
0 41 49 53 45 66 3 1685
0 124 91 31 92 25 3 1686
1 97 67 41 71 39 1 1687
1 0 31 45 32 41 1 1688
0 88 52 58 57 49 3 1689
0 60 51 19 49 18 3 1690
1 99 68 39 69 37 1 1691
0 134 36 13 38 14 3 1692
0 104 6 60 5 64 3 1693
0 121 41 41 46 29 3 1694
0 132 39 18 47 22 3 1695
1 21 60 51 53 34 1 1696
1 13 54 46 50 48 1 1697
0 113 61 23 58 26 3 1698
0 43 60 51 62 45 3 1699
0 118 6 37 6 40 3 1700
0 51 59 16 50 28 6 1701
0 143 60 73 56 74 5 1702
1 141 36 49 32 44 1 1703
0 139 91 31 90 37 3 1704
1 13 60 39 61 37 1 1705
0 80 35 4 28 4 3 1706
0 108 47 2 50 2 3 1707
1 26 56 61 53 56 2 1708
0 18 57 50 53 59 3 1709
1 36 9 27 20 52 1 1710
0 102 46 18 50 19 3 1711
0 45 46 2 52 2 3 1712
0 43 28 47 30 44 3 1713
1 80 68 39 64 48 6 1714
1 108 51 46 47 42 1 1715
1 27 6 41 6 49 2 1716
0 11 43 54 46 57 3 1717
1 0 46 4 42 4 1 1718
0 48 31 44 28 47 3 1719
0 58 41 36 36 41 3 1720
1 97 57 39 59 37 1 1721
1 28 98 17 98 24 1 1722
0 54 6 63 6 66 3 1723
0 25 43 2 46 2 3 1724
0 96 66 75 68 73 3 1725
1 125 38 14 40 13 1 1726
0 109 46 4 38 5 3 1727
0 10 6 54 7 47 3 1728
1 105 60 49 59 52 2 1729
0 128 30 46 32 43 3 1730
1 68 49 50 52 46 1 1731
0 121 33 38 36 41 5 1732
1 48 30 48 26 51 1 1733
1 141 55 36 54 45 2 1734
1 102 69 73 70 76 6 1735
1 87 87 3 85 4 2 1736
0 89 46 20 52 19 3 1737
0 66 59 18 46 19 3 1738
1 58 60 36 61 38 2 1739
0 92 16 2 46 4 5 1740
0 34 54 52 49 53 3 1741
0 63 68 41 67 36 3 1742
0 48 50 50 51 47 3 1743
0 65 61 30 52 24 3 1744
0 110 41 42 43 33 3 1745
0 47 67 93 62 94 3 1746
1 42 92 27 91 29 1 1747
0 138 55 77 52 82 3 1748
0 70 67 34 68 31 3 1749
0 53 70 75 70 71 3 1750
0 56 53 41 55 37 3 1751
0 80 55 44 48 48 3 1752
1 17 63 69 57 70 1 1753
1 0 67 50 68 48 5 1754
1 65 67 37 64 47 1 1755
1 19 53 28 50 27 1 1756
1 64 33 41 30 45 4 1757
1 57 4 51 5 48 2 1758
1 60 69 36 66 40 1 1759
1 60 52 19 49 19 5 1760
1 6 54 28 61 29 2 1761
1 46 46 20 50 19 1 1762
1 59 40 38 39 36 1 1763
0 115 55 18 51 20 3 1764
1 26 62 32 58 32 1 1765
1 104 53 58 46 57 2 1766
1 8 49 23 51 24 2 1767
1 11 44 55 49 52 1 1768
0 97 60 37 59 32 3 1769
0 56 57 80 54 80 3 1770
0 45 49 56 48 58 3 1771
0 21 87 94 82 94 3 1772
1 90 58 34 57 40 1 1773
1 39 88 91 86 93 1 1774
1 28 56 40 50 38 1 1775
0 24 91 25 90 17 3 1776
1 86 54 41 58 37 2 1777
0 49 60 42 57 44 3 1778
1 77 55 2 59 1 1 1779
1 102 48 69 49 60 1 1780
0 79 61 31 60 38 3 1781
1 45 50 48 56 42 2 1782
1 84 68 38 53 35 1 1783
0 47 6 69 6 50 3 1784
0 86 56 80 53 81 3 1785
0 125 61 39 58 38 3 1786
0 87 48 70 50 65 3 1787
1 143 53 19 55 18 5 1788
0 48 56 37 57 34 3 1789
0 41 60 42 59 45 3 1790
0 28 55 43 53 45 3 1791
0 57 98 16 98 21 3 1792
0 41 54 56 48 55 3 1793
0 4 57 19 55 20 3 1794
0 39 52 44 52 32 4 1795
1 118 27 59 28 61 3 1796
0 131 60 29 53 31 4 1797
1 67 38 38 22 31 1 1798
0 65 54 2 57 2 3 1799
0 11 33 44 28 65 3 1800
0 143 27 48 30 51 6 1801
0 79 60 32 59 34 3 1802
1 23 59 44 61 41 1 1803
0 70 61 2 49 2 3 1804
1 51 49 50 53 48 2 1805
1 75 68 39 30 28 1 1806
1 56 52 45 52 53 1 1807
1 130 62 2 80 6 3 1808
1 117 46 59 45 62 1 1809
0 140 58 42 42 39 3 1810
0 41 54 25 46 45 3 1811
0 88 44 2 47 2 3 1812
1 74 98 25 98 17 2 1813
0 54 26 22 42 52 3 1814
0 0 66 20 51 34 3 1815
0 118 54 51 52 44 3 1816
0 55 78 6 81 6 3 1817
0 22 64 1 61 2 3 1818
1 104 54 21 60 15 1 1819
0 65 71 37 68 39 3 1820
1 80 58 40 57 42 4 1821
0 33 91 36 89 35 3 1822
1 61 21 19 33 57 1 1823
0 105 53 21 49 23 3 1824
0 1 58 40 59 33 3 1825
1 18 52 45 54 48 1 1826
0 96 73 38 67 39 3 1827
0 68 65 42 63 47 3 1828
0 74 45 18 44 20 3 1829
0 140 53 51 54 53 3 1830
0 60 50 19 53 17 3 1831
0 61 48 4 41 4 3 1832
0 40 58 18 61 18 3 1833
0 58 53 25 56 24 3 1834
0 107 98 14 98 20 3 1835
0 79 87 94 83 93 3 1836
1 115 98 15 98 19 6 1837
1 64 58 72 58 75 1 1838
1 102 6 28 6 32 3 1839
1 126 53 36 46 37 2 1840
0 139 60 2 53 2 3 1841
0 31 69 40 64 46 3 1842
1 134 98 21 98 18 1 1843
0 126 55 77 60 74 5 1844
1 2 5 68 3 66 2 1845
1 63 45 3 42 4 1 1846
0 111 6 67 6 64 3 1847
0 66 39 57 30 58 3 1848
0 136 6 46 7 36 3 1849
1 121 67 49 64 47 1 1850
1 114 72 31 70 34 6 1851
0 120 86 94 78 90 3 1852
0 119 64 46 62 29 3 1853
1 76 42 62 47 52 6 1854
0 112 67 34 45 18 3 1855
0 103 52 35 53 30 3 1856
0 134 66 73 72 71 3 1857
1 16 39 13 35 14 1 1858
1 138 68 74 67 76 2 1859
1 121 57 42 51 48 3 1860
1 108 5 69 6 66 1 1861
1 52 43 2 49 2 1 1862
1 39 68 39 68 19 3 1863
1 84 66 41 68 38 1 1864
1 105 59 16 52 19 2 1865
0 88 31 45 32 43 3 1866
0 26 61 31 65 27 3 1867
0 68 63 29 60 35 6 1868
1 19 61 46 55 59 1 1869
1 49 61 38 56 50 1 1870
1 82 32 61 36 56 1 1871
0 143 56 51 64 37 3 1872
1 74 52 19 49 18 6 1873
1 21 56 52 58 54 2 1874
0 107 40 36 43 38 3 1875
1 51 56 76 62 71 1 1876
0 31 67 42 63 53 3 1877
0 138 43 4 34 4 3 1878
0 111 61 37 55 40 3 1879
1 102 56 44 56 48 2 1880
1 14 27 25 50 20 1 1881
0 63 71 75 12 57 5 1882
0 3 64 33 55 30 3 1883
1 27 57 20 51 19 1 1884
1 32 55 43 55 40 1 1885
1 130 57 61 48 41 5 1886
0 128 85 5 87 3 3 1887
0 65 26 25 52 31 3 1888
0 23 53 38 50 36 4 1889
1 12 63 53 60 62 5 1890
1 50 8 26 28 51 2 1891
0 22 49 2 46 2 3 1892
1 66 32 57 45 34 1 1893
0 14 70 6 78 7 3 1894
1 143 53 45 62 39 1 1895
0 82 68 41 59 42 3 1896
0 100 56 47 60 42 3 1897
1 27 7 47 6 54 1 1898
1 46 47 20 49 19 1 1899
0 87 62 38 61 47 3 1900
0 59 36 15 70 40 3 1901
0 3 48 2 45 2 5 1902
1 60 61 1 64 1 4 1903
1 36 51 2 48 2 1 1904
0 126 55 77 57 75 3 1905
1 107 59 18 55 50 4 1906
0 129 57 39 57 29 3 1907
0 116 53 41 48 30 3 1908
1 140 90 42 90 39 1 1909
1 16 41 12 37 11 1 1910
0 109 55 59 52 19 3 1911
0 21 60 71 57 72 3 1912
1 116 62 23 60 27 6 1913
1 58 43 73 45 75 1 1914
1 56 45 71 47 68 1 1915
0 55 5 38 6 40 3 1916
1 108 62 33 42 39 5 1917
0 73 61 33 43 39 3 1918
0 143 46 64 52 53 3 1919
1 129 48 13 46 12 1 1920
1 126 41 4 47 4 5 1921
0 121 58 35 54 37 3 1922
0 5 6 49 6 65 3 1923
0 51 53 45 45 49 3 1924
0 143 31 50 30 48 3 1925
0 97 59 74 56 76 3 1926
0 52 53 40 53 44 3 1927
1 60 62 41 59 45 1 1928
1 45 46 53 23 19 1 1929
0 114 7 39 6 45 3 1930
1 88 49 43 47 48 1 1931
1 111 6 32 6 26 2 1932
0 83 49 2 46 3 3 1933
0 59 45 33 51 37 3 1934
0 140 65 75 68 72 3 1935
1 51 54 75 48 78 3 1936
0 4 43 31 42 38 3 1937
0 53 57 29 59 28 3 1938
1 136 31 46 23 48 1 1939
0 9 55 36 55 42 6 1940
0 120 92 30 91 34 4 1941
0 5 51 64 47 57 3 1942
0 2 21 19 20 34 3 1943
0 7 45 21 48 19 3 1944
0 105 50 16 57 20 3 1945
1 79 42 38 42 34 5 1946
0 109 42 2 49 2 5 1947
0 43 98 24 98 19 3 1948
1 119 29 53 24 61 1 1949
0 3 56 65 59 50 3 1950
1 56 56 50 54 70 2 1951
1 115 49 36 48 38 1 1952
0 55 67 47 61 61 6 1953
1 79 40 37 37 40 1 1954
1 88 35 2 40 2 6 1955
1 135 7 67 5 70 1 1956
0 68 58 29 48 38 3 1957
1 61 65 32 19 42 2 1958
1 29 53 34 54 41 1 1959
1 127 68 34 63 5 4 1960
1 77 46 29 41 33 1 1961
1 98 51 33 56 36 1 1962
1 105 55 18 64 16 1 1963
0 10 43 38 42 35 3 1964
1 111 51 49 48 59 1 1965
1 83 63 33 60 34 1 1966
0 19 53 27 54 25 6 1967
1 117 51 60 42 81 2 1968
0 68 57 43 52 44 3 1969
1 122 31 55 34 42 4 1970
0 60 43 29 30 39 3 1971
0 74 56 50 51 52 3 1972
0 18 53 57 60 53 3 1973
0 136 87 4 84 4 3 1974
1 42 68 36 70 41 2 1975
1 55 52 59 50 48 2 1976
0 28 39 69 42 62 6 1977
0 132 58 47 58 44 3 1978
0 43 57 49 63 43 3 1979
0 57 55 43 54 49 3 1980
1 87 45 53 42 72 1 1981
1 32 29 46 18 41 5 1982
0 137 31 15 63 15 3 1983
0 72 54 41 53 48 3 1984
1 1 54 39 56 35 3 1985
0 79 22 18 42 49 6 1986
1 117 52 54 42 69 2 1987
1 42 6 60 5 69 3 1988
1 100 63 32 65 28 1 1989
0 0 62 52 70 42 3 1990
1 143 48 45 47 49 1 1991
1 108 92 27 90 38 1 1992
0 135 71 41 70 35 3 1993
0 93 90 35 91 37 3 1994
1 39 51 48 57 36 6 1995
0 10 44 35 38 39 3 1996
1 80 69 31 68 35 3 1997
1 70 70 72 65 75 1 1998
1 7 5 36 5 32 1 1999
