1 4 79 6 74 9 1 0
1 56 47 67 44 66 4 1
1 73 54 49 38 50 2 2
1 111 56 30 60 22 1 3
0 71 56 52 52 71 3 4
0 104 53 69 51 51 3 5
1 108 24 0 49 0 2 6
1 45 52 2 48 2 1 7
1 85 46 41 44 39 1 8
1 7 55 80 53 81 1 9
1 128 71 36 69 35 1 10
1 57 61 32 57 40 2 11
0 12 46 58 43 54 3 12
0 109 16 2 28 3 3 13
1 114 58 26 55 26 3 14
0 1 55 43 52 37 3 15
1 65 31 55 29 52 1 16
0 38 53 40 55 37 3 17
1 87 53 45 46 36 2 18
0 101 41 27 40 30 3 19
0 62 56 51 65 37 3 20
0 38 39 3 42 3 4 21
0 63 91 32 90 43 3 22
0 50 55 40 54 54 3 23
0 53 42 33 36 30 3 24
1 48 72 70 70 72 1 25
0 82 31 55 27 51 3 26
1 72 63 40 60 47 2 27
1 133 58 38 57 41 1 28
1 108 5 69 5 66 2 29
0 81 48 30 51 27 3 30
0 142 46 2 28 2 3 31
0 143 38 14 40 13 3 32
0 132 59 33 58 38 3 33
0 128 34 52 36 56 3 34
1 48 91 31 92 27 1 35
1 121 53 46 51 47 1 36
0 120 56 77 58 75 3 37
1 137 29 61 27 60 5 38
0 57 49 3 45 4 3 39
1 36 42 60 43 57 3 40
0 121 42 29 41 37 3 41
1 131 55 48 61 40 1 42
1 119 59 26 55 30 2 43
1 75 61 36 56 51 3 44
0 128 31 44 32 46 3 45
1 118 62 33 62 37 1 46
0 72 58 37 40 24 3 47
1 127 50 44 57 35 4 48
1 3 50 38 53 18 4 49
0 16 47 31 54 25 3 50
1 37 87 90 89 91 2 51
0 2 61 35 62 30 3 52
0 127 45 4 23 5 3 53
1 13 69 34 69 42 2 54
0 96 6 61 6 50 5 55
1 8 64 52 62 51 1 56
0 63 32 46 30 50 3 57
0 101 61 34 62 12 3 58
0 23 79 7 81 5 3 59
0 5 90 37 92 35 3 60
0 5 52 44 60 51 3 61
0 72 63 49 62 46 3 62
1 23 5 64 5 67 1 63
1 0 61 25 54 41 3 64
1 109 50 77 47 80 1 65
1 8 41 69 32 55 1 66
0 82 56 47 54 52 3 67
0 39 49 67 48 65 3 68
0 23 56 31 54 37 5 69
0 10 51 48 51 52 3 70
0 54 67 38 67 41 3 71
1 89 73 67 68 74 1 72
1 27 59 29 57 27 1 73
1 7 56 31 46 39 1 74
0 7 31 58 29 59 3 75
1 1 58 36 48 45 5 76
1 141 61 45 64 46 1 77
0 9 91 36 90 42 3 78
1 129 26 50 27 48 1 79
0 120 63 77 70 72 3 80
1 118 46 48 23 19 5 81
1 46 74 30 69 34 1 82
1 24 39 37 42 33 5 83
1 91 56 40 51 49 6 84
1 76 65 75 68 73 1 85
1 0 44 29 45 35 2 86
0 34 43 43 46 42 3 87
0 108 6 31 6 36 3 88
0 104 54 40 49 54 3 89
1 72 53 34 48 31 1 90
1 81 35 16 46 21 2 91
1 134 92 18 91 34 1 92
0 71 44 17 66 18 3 93
0 136 68 42 56 37 3 94
0 7 66 93 64 94 3 95
0 3 88 3 86 4 5 96
0 63 51 66 57 59 3 97
1 1 59 16 58 18 2 98
0 53 50 22 48 21 3 99
1 126 52 48 53 44 1 100
0 89 55 43 43 39 3 101
1 130 70 6 68 8 1 102
1 19 53 48 48 56 4 103
1 24 18 14 38 20 4 104
1 116 51 62 56 51 1 105
1 52 59 40 68 43 1 106
0 14 61 32 59 35 3 107
1 52 54 44 61 37 1 108
0 55 46 55 49 47 3 109
0 143 57 45 62 35 3 110
1 137 61 41 59 47 1 111
1 18 54 38 50 34 1 112
0 143 52 83 53 81 3 113
1 17 56 73 49 79 1 114
0 44 68 34 59 40 3 115
1 39 49 18 42 18 1 116
0 18 46 57 41 60 3 117
1 138 98 17 98 23 1 118
1 87 46 62 45 54 1 119
0 102 70 33 50 33 4 120
0 28 55 73 51 76 3 121
0 108 36 13 25 12 4 122
0 35 55 27 52 28 3 123
0 136 56 23 45 24 3 124
1 77 57 29 53 34 3 125
0 76 56 38 64 36 5 126
1 108 90 37 91 40 1 127
1 108 58 17 60 16 4 128
0 1 61 19 58 19 3 129
1 110 43 38 42 40 3 130
1 14 50 56 44 60 1 131
1 52 70 33 68 39 2 132
0 119 60 27 56 41 3 133
0 69 33 57 47 52 3 134
0 52 52 2 49 2 3 135
0 68 68 43 67 38 4 136
0 100 47 39 47 30 3 137
1 139 49 40 54 42 1 138
0 123 47 72 48 70 3 139
0 126 86 94 84 96 3 140
0 143 26 50 28 47 3 141
0 87 42 82 45 77 3 142
1 55 62 45 61 40 2 143
0 104 92 25 91 31 3 144
0 143 39 12 32 13 5 145
0 128 56 30 60 30 5 146
0 8 57 26 57 30 3 147
0 3 78 6 81 5 3 148
1 88 48 2 46 3 6 149
0 55 5 38 5 47 3 150
0 13 24 38 26 36 3 151
1 69 58 19 60 18 1 152
1 47 50 39 46 36 2 153
1 91 54 50 55 42 1 154
1 21 72 68 40 58 2 155
1 36 54 45 55 31 1 156
1 19 54 54 52 59 2 157
0 18 6 53 6 71 3 158
1 38 55 35 53 40 2 159
1 106 67 42 64 42 1 160
0 122 55 74 57 75 3 161
0 128 43 11 36 14 3 162
0 24 87 2 85 4 3 163
1 8 57 25 60 30 1 164
0 79 38 39 42 36 6 165
1 13 49 48 58 41 6 166
1 40 53 40 18 24 1 167
0 72 67 93 66 91 3 168
0 116 56 22 59 23 5 169
0 21 54 75 59 77 3 170
0 39 62 18 60 17 3 171
1 61 45 59 45 53 1 172
0 96 34 42 28 48 3 173
0 72 56 41 59 37 3 174
0 108 65 42 52 42 3 175
0 6 40 23 45 23 3 176
0 16 41 11 36 14 3 177
0 124 91 31 92 24 3 178
0 68 34 48 26 72 3 179
0 96 51 47 52 49 3 180
0 96 6 52 5 65 3 181
0 41 61 37 59 35 4 182
0 41 41 34 43 35 3 183
1 34 58 17 51 17 2 184
0 82 53 47 55 44 3 185
1 122 60 30 63 32 1 186
1 35 55 15 50 16 1 187
1 35 60 41 54 53 1 188
1 102 6 28 6 33 1 189
0 11 14 12 16 14 3 190
0 43 98 15 98 19 3 191
1 72 57 75 60 77 2 192
1 100 49 81 53 81 1 193
0 68 52 27 50 30 5 194
0 32 80 6 83 4 3 195
0 92 57 28 63 22 3 196
0 134 60 45 41 52 3 197
0 39 56 38 53 45 3 198
1 116 47 19 41 20 5 199
1 117 79 6 81 5 1 200
1 76 63 42 67 43 4 201
1 79 42 34 30 33 1 202
1 41 53 50 51 51 1 203
0 4 53 47 43 78 3 204
0 107 32 34 32 37 5 205
1 24 53 41 54 46 3 206
1 96 61 28 70 31 1 207
0 134 55 27 42 39 3 208
0 8 52 39 49 39 3 209
0 18 91 36 92 28 3 210
1 139 6 32 6 36 1 211
0 134 6 54 5 52 3 212
0 1 52 55 52 51 3 213
0 16 56 41 59 40 3 214
0 120 34 45 28 49 3 215
1 8 67 33 64 24 1 216
0 21 39 12 42 12 3 217
1 0 60 29 54 30 2 218
1 42 61 40 70 42 2 219
0 143 72 69 70 72 3 220
1 74 51 49 44 50 1 221
1 115 45 4 41 4 2 222
0 5 59 54 61 43 3 223
0 143 32 44 27 48 3 224
0 85 63 46 49 45 3 225
0 80 68 33 71 32 3 226
1 118 48 31 44 35 1 227
1 26 41 41 36 41 1 228
1 42 89 35 91 26 4 229
0 6 67 42 50 46 3 230
0 49 70 72 67 74 3 231
0 126 53 19 63 17 3 232
0 106 55 80 31 80 3 233
1 88 68 36 57 38 1 234
1 0 67 35 66 38 4 235
1 58 69 45 63 58 1 236
1 110 53 24 51 26 1 237
0 48 48 52 46 51 3 238
1 142 54 41 57 39 1 239
0 41 50 53 45 61 5 240
1 137 53 47 42 70 2 241
1 122 58 2 62 2 1 242
0 49 60 23 61 38 3 243
1 56 69 37 63 44 2 244
1 18 51 63 55 52 1 245
1 82 87 91 85 92 1 246
1 111 52 58 50 53 1 247
1 5 47 39 49 38 1 248
1 100 98 21 98 24 1 249
1 67 38 49 31 54 1 250
1 121 6 47 7 44 1 251
1 21 48 2 45 3 1 252
0 78 57 38 50 46 5 253
1 60 63 22 56 29 1 254
1 116 7 47 6 59 1 255
0 28 32 57 41 69 3 256
1 8 41 27 41 32 1 257
0 63 51 76 45 77 3 258
1 82 51 58 54 42 1 259
0 103 63 22 61 28 3 260
1 60 54 36 59 37 1 261
0 17 60 30 67 46 3 262
1 137 61 42 58 42 1 263
1 8 50 50 53 45 1 264
1 86 5 57 6 43 1 265
1 14 34 47 38 40 2 266
0 112 42 12 38 12 3 267
0 87 58 46 64 37 3 268
0 1 66 93 68 90 3 269
1 56 30 14 41 52 3 270
0 61 40 38 43 38 3 271
0 106 6 41 5 35 4 272
0 11 48 80 42 80 3 273
1 94 81 2 87 2 3 274
1 135 6 65 5 67 1 275
0 0 59 64 67 58 3 276
0 32 53 57 54 55 3 277
1 122 32 39 34 40 2 278
0 112 53 24 51 31 3 279
0 48 39 12 36 13 4 280
0 13 67 47 67 43 3 281
0 140 31 45 30 48 3 282
0 28 63 70 33 77 3 283
0 64 54 26 54 29 3 284
1 7 98 19 98 30 2 285
0 41 46 26 42 30 3 286
0 21 54 52 51 52 3 287
1 30 71 69 70 72 1 288
0 4 53 27 49 32 3 289
0 74 56 52 56 66 3 290
1 43 90 36 91 29 1 291
0 60 52 76 12 60 3 292
1 23 64 21 55 26 1 293
0 92 42 3 44 4 3 294
0 52 61 41 66 40 3 295
0 110 98 26 98 21 3 296
0 74 60 73 56 72 3 297
1 122 30 52 30 60 1 298
0 141 84 4 87 4 3 299
0 27 5 28 5 7 3 300
0 26 52 45 54 47 3 301
1 62 63 1 56 2 6 302
1 60 56 80 53 80 1 303
0 120 52 41 56 38 3 304
1 58 59 33 60 22 2 305
0 43 58 33 54 60 3 306
1 51 81 6 83 4 2 307
1 74 53 45 57 47 1 308
0 23 50 24 43 22 3 309
0 62 92 29 92 32 3 310
0 66 48 31 52 29 3 311
1 91 60 1 58 2 4 312
0 110 29 66 28 59 3 313
1 108 29 55 26 42 1 314
0 111 68 41 60 57 3 315
0 18 91 26 92 29 3 316
1 64 32 44 23 45 1 317
1 133 54 80 52 81 1 318
1 138 90 40 90 49 3 319
0 15 49 1 52 2 3 320
0 113 60 36 58 39 3 321
0 71 46 44 47 50 3 322
0 75 5 68 4 76 3 323
0 56 54 38 60 36 3 324
0 10 60 33 25 31 3 325
1 111 63 45 70 44 1 326
1 135 6 64 6 67 5 327
1 17 6 52 6 48 1 328
1 140 54 46 59 47 2 329
0 54 61 31 48 33 3 330
1 39 54 58 51 63 1 331
0 19 62 52 64 53 3 332
0 104 57 30 56 26 3 333
0 13 53 40 45 35 3 334
0 140 61 25 58 23 3 335
0 48 45 4 52 3 3 336
0 81 13 0 48 2 3 337
1 0 58 38 59 35 1 338
0 107 57 75 56 77 3 339
1 108 56 51 61 46 1 340
0 58 55 42 57 47 3 341
1 119 56 49 48 56 1 342
1 117 55 45 57 38 1 343
1 1 32 78 53 81 1 344
1 12 45 36 56 39 1 345
1 121 6 31 6 37 2 346
1 37 6 33 6 37 5 347
1 117 61 42 61 35 1 348
0 78 61 39 68 39 3 349
0 99 30 53 28 56 3 350
1 32 46 53 47 43 1 351
0 90 67 38 63 49 3 352
1 139 90 34 87 27 2 353
1 134 72 69 70 74 1 354
0 74 57 73 62 69 5 355
0 117 52 13 50 14 3 356
0 17 53 1 49 2 3 357
0 77 58 18 42 19 3 358
1 10 66 94 65 91 4 359
0 130 6 32 6 29 3 360
0 75 91 35 91 39 3 361
0 79 70 39 65 45 3 362
0 115 47 44 38 48 3 363
0 134 45 59 42 55 3 364
0 2 49 54 51 45 3 365
0 118 55 30 39 30 3 366
1 45 55 56 56 59 3 367
0 126 60 42 56 41 3 368
0 44 53 75 64 79 3 369
0 68 61 39 56 42 3 370
1 94 32 37 27 60 3 371
1 92 68 45 65 33 1 372
0 44 57 48 59 36 3 373
0 14 50 28 51 32 3 374
1 87 64 40 51 47 1 375
0 24 43 31 42 40 5 376
0 32 62 48 58 47 3 377
0 48 52 1 50 2 3 378
1 125 48 2 52 2 1 379
0 107 67 43 66 38 3 380
0 141 46 49 49 52 3 381
0 107 42 31 40 36 3 382
1 113 81 2 79 4 1 383
0 132 60 31 65 29 3 384
1 50 37 41 45 33 2 385
1 55 47 54 49 51 1 386
1 12 60 25 59 28 1 387
0 102 71 42 69 40 3 388
1 32 48 67 50 62 1 389
0 86 56 77 55 79 3 390
0 108 56 23 60 23 3 391
0 93 64 31 57 44 5 392
1 69 51 76 57 75 1 393
1 52 65 45 66 43 6 394
0 108 54 36 61 34 5 395
0 114 59 36 59 43 3 396
1 19 53 50 48 59 1 397
0 94 56 72 58 75 3 398
0 32 60 46 55 54 3 399
1 18 60 52 58 57 2 400
0 102 50 48 52 45 3 401
1 100 50 26 51 29 1 402
1 64 34 41 32 42 3 403
1 114 50 51 51 45 2 404
0 62 98 22 98 10 3 405
1 41 48 4 43 4 1 406
0 133 45 60 43 64 3 407
1 81 6 31 6 35 1 408
0 38 42 30 36 32 3 409
1 120 55 41 33 43 4 410
1 31 48 51 46 46 1 411
1 26 70 71 69 74 1 412
0 66 58 19 56 20 3 413
1 85 71 39 60 11 1 414
1 138 58 16 54 23 1 415
1 60 32 45 32 42 1 416
0 59 55 80 52 80 3 417
0 32 51 18 47 20 3 418
1 0 67 47 69 41 1 419
1 128 38 40 45 32 1 420
0 112 55 36 54 38 3 421
0 27 6 43 7 37 3 422
1 11 27 59 29 54 1 423
0 101 48 19 46 20 3 424
1 107 47 3 41 4 1 425
1 24 57 44 53 51 4 426
0 128 31 45 26 49 3 427
1 53 55 30 49 36 5 428
0 123 28 60 31 49 6 429
0 9 28 57 30 61 3 430
0 26 69 46 68 23 3 431
1 33 86 94 89 92 1 432
0 5 62 43 61 49 3 433
1 78 53 81 51 80 2 434
1 102 54 41 57 35 2 435
1 94 53 48 53 55 1 436
0 81 52 39 44 43 3 437
0 29 22 49 17 46 3 438
0 106 54 40 53 49 3 439
1 83 61 23 51 5 3 440
1 7 7 38 6 48 2 441
1 60 49 72 57 54 1 442
0 43 57 45 49 61 3 443
0 143 98 21 98 14 3 444
0 33 49 18 45 21 3 445
0 76 52 39 61 39 3 446
0 111 57 28 57 38 3 447
1 53 53 41 54 39 1 448
0 102 65 75 61 71 3 449
0 2 58 49 54 58 3 450
1 130 50 17 53 18 1 451
0 14 56 20 50 20 3 452
0 5 52 61 44 60 3 453
0 3 92 25 90 38 3 454
0 7 6 40 5 63 3 455
1 15 64 1 60 1 2 456
0 141 69 23 67 26 4 457
1 74 45 18 51 19 1 458
0 37 6 51 5 56 3 459
1 101 54 46 37 50 2 460
0 120 62 42 57 54 3 461
0 36 33 48 27 38 3 462
1 69 55 52 49 60 1 463
0 70 69 68 70 72 4 464
1 70 58 33 54 35 1 465
0 77 52 27 47 29 3 466
0 88 52 60 52 52 3 467
1 104 33 47 30 51 4 468
1 103 52 21 60 31 1 469
1 47 56 38 52 40 2 470
0 73 46 44 43 39 3 471
0 130 46 20 50 20 3 472
0 117 40 9 33 11 3 473
0 117 61 42 60 53 3 474
1 132 63 37 61 42 3 475
0 95 70 72 73 68 3 476
0 136 46 54 31 55 4 477
1 102 41 17 46 18 3 478
1 117 87 93 81 92 1 479
0 133 53 45 51 50 3 480
0 80 68 43 66 39 3 481
0 49 35 16 68 44 3 482
0 132 65 44 66 42 3 483
0 86 54 76 56 75 3 484
1 120 54 39 51 44 5 485
1 43 64 47 54 33 2 486
1 15 47 42 33 57 1 487
0 68 46 50 32 56 3 488
1 18 61 29 57 27 1 489
1 122 48 2 50 1 2 490
1 116 70 6 79 6 1 491
0 100 61 33 59 35 3 492
0 110 71 41 64 46 3 493
0 77 62 24 56 31 3 494
1 96 67 41 59 43 1 495
1 42 71 37 73 33 1 496
0 143 32 57 44 63 3 497
0 39 56 48 49 49 5 498
1 104 53 33 51 35 1 499
1 39 53 46 53 49 6 500
0 115 6 37 6 33 3 501
0 79 47 46 21 20 3 502
1 139 63 1 59 1 1 503
1 96 33 45 25 52 5 504
0 1 54 23 51 25 3 505
0 133 50 35 55 49 3 506
1 125 55 42 54 45 1 507
0 132 68 42 70 41 3 508
1 131 61 16 55 20 4 509
0 13 5 67 6 60 3 510
0 29 31 54 43 56 3 511
0 18 49 58 43 27 3 512
1 64 25 40 28 40 2 513
1 76 67 77 49 72 1 514
0 39 56 29 58 27 3 515
1 132 65 48 68 39 1 516
0 58 54 41 49 39 3 517
0 42 45 54 46 49 3 518
1 120 52 47 45 48 2 519
1 61 60 30 54 32 2 520
0 92 33 46 32 44 3 521
1 63 92 31 90 36 1 522
1 28 58 36 53 44 2 523
0 75 65 43 68 40 3 524
1 36 32 50 30 52 1 525
0 57 5 42 5 24 3 526
1 74 34 46 35 18 3 527
1 10 66 92 65 94 2 528
0 110 56 53 59 45 3 529
0 134 66 94 63 97 3 530
1 99 29 55 29 62 1 531
0 8 67 35 67 44 3 532
0 117 67 41 61 59 3 533
1 112 54 57 57 52 1 534
1 133 42 80 34 80 1 535
0 16 43 22 40 20 3 536
1 69 81 6 79 7 5 537
1 69 56 77 54 76 1 538
1 98 61 41 55 52 1 539
0 76 30 46 31 42 3 540
0 54 49 51 36 39 6 541
1 71 68 48 59 43 2 542
0 30 59 54 56 55 3 543
0 23 55 30 52 35 6 544
0 0 62 70 61 74 3 545
1 9 59 31 63 33 1 546
0 43 45 34 42 30 3 547
0 136 49 43 47 32 3 548
1 103 58 32 60 24 5 549
0 14 57 37 63 31 3 550
0 22 32 49 30 52 3 551
1 46 44 30 42 35 2 552
0 52 35 16 70 26 3 553
0 118 67 49 63 55 3 554
1 133 45 48 47 50 1 555
1 113 64 76 70 72 2 556
1 80 58 41 68 18 2 557
0 6 39 14 40 9 3 558
0 141 54 80 55 78 3 559
1 85 47 45 45 51 1 560
1 113 62 42 65 37 2 561
0 105 55 18 59 18 3 562
1 89 64 76 70 71 1 563
0 27 53 19 50 20 3 564
0 101 55 44 55 49 3 565
1 33 92 27 90 36 6 566
0 26 54 50 54 42 3 567
1 44 29 47 27 48 1 568
1 140 98 17 98 23 2 569
0 114 47 44 49 43 3 570
1 126 6 29 6 39 1 571
0 28 59 50 61 45 3 572
0 130 68 35 70 37 3 573
1 57 70 73 70 69 2 574
1 89 47 80 56 80 1 575
1 19 55 47 53 45 1 576
1 0 34 45 31 43 1 577
0 134 59 37 55 42 4 578
1 129 63 34 63 30 6 579
0 37 56 65 53 71 3 580
1 130 35 68 53 62 5 581
1 51 54 80 50 80 1 582
0 104 55 78 53 82 3 583
0 48 50 54 45 60 3 584
0 136 6 69 6 65 3 585
1 107 27 47 28 44 2 586
0 74 44 4 48 3 3 587
1 112 53 41 55 40 1 588
0 31 59 40 50 48 3 589
0 31 62 51 61 49 3 590
0 50 49 33 44 34 3 591
1 66 6 43 4 94 3 592
1 32 33 46 34 42 5 593
1 120 52 41 47 54 1 594
0 33 52 48 37 50 6 595
1 36 30 54 27 61 6 596
1 45 91 31 91 37 2 597
1 143 54 69 55 56 2 598
1 95 59 35 53 44 1 599
0 72 47 41 50 37 3 600
1 61 6 37 5 47 1 601
0 16 71 74 73 68 3 602
1 84 47 2 44 2 1 603
1 37 6 62 6 38 5 604
1 73 58 33 53 42 1 605
1 72 98 21 98 17 1 606
1 24 53 1 51 2 1 607
1 116 87 3 84 2 4 608
0 7 55 29 62 31 3 609
0 95 60 42 52 52 3 610
0 122 92 28 91 31 3 611
1 73 49 43 55 42 1 612
1 40 5 69 5 66 2 613
1 91 58 42 50 47 4 614
1 100 49 80 54 80 1 615
0 108 92 26 92 31 6 616
0 129 80 5 70 6 3 617
1 84 56 18 51 21 1 618
1 28 59 46 54 54 2 619
1 40 6 68 4 67 1 620
1 18 54 46 50 51 1 621
1 104 46 60 50 38 4 622
1 93 41 42 40 44 1 623
0 32 31 45 31 41 3 624
1 116 57 50 51 62 5 625
0 66 52 25 51 30 3 626
0 94 51 62 60 52 3 627
1 39 59 18 53 19 3 628
1 105 45 11 42 12 1 629
1 10 30 52 30 55 1 630
0 79 62 38 63 32 3 631
1 70 50 27 54 25 1 632
1 24 29 53 31 50 2 633
0 58 87 4 84 4 3 634
0 17 39 46 35 46 3 635
0 28 55 46 51 46 3 636
0 133 50 52 48 53 3 637
1 71 88 94 82 95 2 638
1 66 47 2 51 2 1 639
0 19 51 19 61 17 3 640
1 109 56 40 54 38 1 641
1 5 44 54 46 55 2 642
1 83 56 29 56 36 2 643
0 138 69 76 70 73 3 644
0 102 51 64 49 70 3 645
1 99 47 46 47 52 1 646
0 24 55 45 56 40 3 647
1 123 30 59 29 55 5 648
0 105 39 37 41 35 3 649
0 3 53 59 51 60 3 650
1 79 31 47 29 54 1 651
0 137 81 5 78 6 3 652
1 9 55 48 54 42 2 653
1 102 49 2 53 1 1 654
1 38 38 40 40 37 5 655
1 13 6 65 5 69 1 656
0 132 70 33 74 31 3 657
0 43 57 44 50 29 3 658
1 49 51 42 57 34 1 659
1 42 58 44 66 43 2 660
1 111 53 54 48 53 1 661
0 62 47 54 47 51 3 662
0 10 58 43 67 47 3 663
1 140 69 42 72 36 1 664
1 60 92 26 92 29 1 665
1 0 55 42 55 39 2 666
1 103 68 43 65 42 1 667
1 34 57 37 54 42 2 668
0 135 6 65 5 67 3 669
0 111 62 50 62 47 3 670
1 24 54 38 54 46 3 671
0 9 52 24 47 18 3 672
1 55 38 42 44 38 1 673
0 83 79 6 81 5 3 674
0 127 6 30 6 35 3 675
0 37 37 41 47 27 3 676
1 87 61 46 41 42 4 677
1 121 59 36 54 43 1 678
0 9 55 44 57 43 3 679
1 135 58 73 53 74 1 680
0 18 53 60 54 57 3 681
0 24 70 73 68 72 3 682
0 56 84 4 88 3 3 683
0 1 50 1 38 2 3 684
1 135 7 43 5 40 1 685
1 48 49 57 50 51 1 686
0 102 54 53 52 59 3 687
1 96 68 43 70 30 1 688
1 125 53 2 82 1 2 689
1 143 47 19 45 18 1 690
1 29 53 49 54 47 1 691
1 46 59 48 51 61 4 692
1 78 91 30 90 50 1 693
0 109 62 32 62 47 3 694
1 10 46 61 44 65 1 695
0 18 55 55 52 61 6 696
1 102 53 54 41 87 1 697
0 65 60 49 50 45 3 698
0 79 44 52 46 45 3 699
1 0 6 29 5 36 1 700
1 130 36 9 42 13 1 701
0 36 58 34 49 43 3 702
0 105 55 43 49 46 3 703
1 55 68 43 66 39 2 704
0 48 59 41 57 36 3 705
1 134 73 35 64 48 1 706
0 0 32 45 30 42 3 707
0 63 66 93 68 90 3 708
1 9 52 40 51 43 1 709
0 55 66 34 73 30 3 710
1 103 91 22 90 25 1 711
1 56 45 63 51 47 1 712
0 143 33 48 30 47 3 713
1 87 57 25 56 13 1 714
1 143 58 47 55 62 6 715
1 80 27 50 31 41 1 716
0 143 6 27 6 43 3 717
0 83 55 40 50 47 3 718
0 116 46 2 49 2 3 719
1 105 68 39 65 44 4 720
1 129 41 33 59 29 1 721
0 78 92 31 91 33 3 722
1 134 68 71 71 71 1 723
1 72 59 38 60 36 6 724
0 140 51 31 55 27 3 725
0 9 4 39 5 33 3 726
1 79 65 16 57 18 5 727
1 89 51 50 49 52 1 728
1 13 6 69 5 71 3 729
0 130 27 25 54 39 3 730
1 70 53 40 46 37 4 731
1 32 30 51 29 54 1 732
0 56 52 52 49 67 3 733
1 78 61 41 49 49 1 734
1 32 32 45 30 46 1 735
0 43 91 36 91 32 3 736
1 59 57 44 53 44 1 737
1 87 55 53 50 61 1 738
1 88 52 1 48 2 1 739
0 4 49 28 52 27 3 740
0 88 56 54 55 48 3 741
0 51 61 25 59 27 3 742
1 55 6 39 5 16 1 743
0 35 65 1 55 2 3 744
0 121 70 70 68 71 3 745
1 32 58 77 57 75 2 746
0 128 47 30 43 30 3 747
1 85 42 47 50 46 3 748
1 0 32 47 30 46 1 749
1 39 53 45 57 32 1 750
0 94 67 93 65 94 3 751
0 121 71 36 71 32 3 752
1 68 50 48 47 63 1 753
0 122 48 19 45 21 3 754
1 118 54 51 54 44 2 755
1 15 62 1 54 2 2 756
0 114 60 31 62 35 3 757
0 122 6 68 2 64 5 758
1 92 45 18 55 20 2 759
0 55 62 58 66 50 3 760
0 6 36 3 33 3 3 761
1 24 65 94 67 93 3 762
1 33 53 46 54 41 2 763
0 60 67 39 62 29 3 764
0 138 58 36 57 33 3 765
0 116 52 60 51 62 3 766
1 9 6 40 6 46 2 767
0 134 66 93 65 91 5 768
1 63 53 46 50 48 1 769
1 104 57 39 31 42 2 770
1 0 52 59 53 55 1 771
1 83 69 36 70 34 1 772
0 89 53 45 44 65 3 773
0 75 58 17 51 19 3 774
1 63 55 19 32 19 1 775
1 19 27 49 33 45 1 776
1 34 60 27 60 30 3 777
0 97 53 24 45 38 3 778
1 79 55 46 52 50 1 779
0 117 51 48 52 43 3 780
0 42 46 55 43 61 3 781
0 52 73 32 59 37 3 782
1 15 53 32 50 35 2 783
0 143 27 40 25 43 3 784
0 128 54 40 53 44 5 785
0 137 29 55 26 64 5 786
1 19 64 45 64 51 1 787
1 9 31 44 32 48 3 788
0 29 68 37 66 39 3 789
1 108 77 6 62 2 2 790
1 102 55 40 39 61 2 791
0 139 5 39 5 48 3 792
1 119 44 62 51 60 2 793
0 26 6 29 6 34 3 794
0 52 73 36 69 35 3 795
1 139 88 92 87 94 1 796
0 94 58 2 65 1 3 797
0 24 50 40 38 52 3 798
0 106 58 47 50 38 4 799
0 96 62 36 61 38 3 800
1 35 86 95 87 92 5 801
0 80 31 45 28 42 3 802
0 36 26 59 29 54 3 803
0 44 47 40 48 38 3 804
0 102 6 39 6 43 5 805
1 75 53 69 59 56 1 806
0 28 51 47 27 25 3 807
0 19 54 26 46 31 3 808
0 57 52 45 48 49 3 809
1 102 57 37 59 39 1 810
1 26 50 48 48 60 1 811
1 27 6 64 6 49 1 812
1 90 6 44 6 53 1 813
0 28 52 44 48 38 3 814
0 126 92 31 89 55 3 815
1 79 70 33 65 42 5 816
0 71 69 40 41 31 3 817
1 36 62 33 61 29 1 818
1 98 53 31 49 35 1 819
1 123 49 2 38 3 1 820
1 29 60 17 63 16 1 821
0 23 54 38 42 57 3 822
0 17 50 17 47 16 3 823
1 43 61 38 31 14 6 824
0 16 51 2 48 2 3 825
1 3 48 3 42 2 1 826
1 116 59 31 56 30 6 827
1 47 52 43 63 39 2 828
0 34 53 45 50 49 3 829
1 133 28 49 25 52 1 830
1 70 45 55 41 38 1 831
0 97 55 77 31 78 3 832
0 36 65 45 63 49 3 833
1 130 53 41 46 67 1 834
0 53 58 28 60 27 5 835
1 103 67 33 64 21 3 836
1 143 45 43 47 50 5 837
0 71 49 2 44 2 3 838
0 92 49 60 51 56 3 839
1 86 47 56 49 53 2 840
0 127 57 50 57 46 3 841
0 143 49 20 51 19 3 842
1 110 6 44 6 51 2 843
0 87 59 30 58 27 3 844
0 25 61 30 51 19 4 845
1 70 55 27 52 25 3 846
0 45 6 52 6 44 3 847
0 3 27 2 35 4 3 848
0 77 81 6 85 5 3 849
1 116 53 28 42 28 1 850
1 123 12 0 38 2 1 851
0 99 57 76 35 77 3 852
1 97 39 48 44 54 1 853
1 24 55 41 49 48 1 854
1 131 68 77 69 75 1 855
0 64 67 73 70 73 3 856
0 82 52 47 54 43 3 857
1 111 6 36 6 27 1 858
1 104 68 37 69 35 1 859
1 122 7 52 2 44 2 860
1 104 59 33 60 40 5 861
0 41 60 48 33 67 3 862
1 63 52 48 51 50 2 863
1 79 88 93 85 96 1 864
0 16 48 49 50 28 3 865
0 1 51 18 48 18 3 866
0 9 53 43 56 41 6 867
0 28 58 36 58 45 3 868
1 32 58 57 54 38 5 869
1 101 49 56 54 56 1 870
1 141 60 53 61 51 5 871
1 57 52 66 55 74 1 872
1 122 59 35 47 35 2 873
1 36 31 51 27 44 1 874
1 103 47 54 45 62 3 875
1 67 58 80 48 80 1 876
0 63 46 31 51 26 3 877
0 45 54 28 52 30 3 878
1 41 39 63 45 77 1 879
0 74 92 23 91 19 3 880
0 32 63 44 57 51 3 881
0 24 50 58 49 23 3 882
1 137 5 35 5 43 1 883
1 118 61 18 49 16 1 884
0 95 71 41 69 46 3 885
1 48 27 25 46 38 1 886
1 35 56 40 58 37 1 887
0 80 41 12 37 13 3 888
0 69 48 2 44 3 4 889
1 103 49 3 46 4 5 890
0 114 68 40 35 39 3 891
1 66 65 43 69 38 4 892
0 64 29 12 36 11 5 893
1 26 53 53 55 50 2 894
0 5 56 62 51 66 3 895
0 115 61 38 47 57 3 896
1 123 98 17 98 23 1 897
1 68 50 36 56 25 2 898
0 107 43 29 41 31 5 899
1 12 58 33 54 41 1 900
1 39 53 45 57 42 6 901
1 64 27 41 22 39 1 902
1 110 68 36 69 32 1 903
1 111 77 6 81 5 1 904
0 36 86 4 84 6 3 905
1 11 47 44 44 54 1 906
0 27 6 30 5 39 3 907
1 31 60 45 58 49 1 908
1 63 90 22 91 37 5 909
0 139 60 1 58 2 3 910
0 119 67 41 70 37 4 911
0 123 28 57 30 56 4 912
0 127 36 15 49 33 5 913
0 116 55 45 53 43 3 914
0 116 47 2 52 2 6 915
1 120 55 80 51 81 1 916
0 41 81 6 99 3 6 917
1 13 49 29 47 30 2 918
1 21 43 13 41 11 1 919
1 53 62 22 49 45 1 920
1 66 7 51 7 46 4 921
0 9 48 61 55 47 5 922
1 67 6 64 5 69 1 923
0 127 46 47 40 40 5 924
1 71 60 30 52 23 1 925
0 125 49 51 52 46 3 926
1 2 34 25 40 25 1 927
0 111 54 50 53 43 5 928
1 132 47 50 47 46 2 929
0 17 58 18 52 19 3 930
1 112 29 47 23 45 1 931
0 40 83 4 80 6 3 932
0 57 67 92 60 93 4 933
0 109 81 2 87 4 3 934
0 20 91 34 90 36 3 935
1 79 54 44 59 41 5 936
1 53 54 29 57 26 5 937
0 140 53 60 57 62 3 938
0 116 83 4 78 7 3 939
1 57 46 67 49 61 2 940
1 3 55 38 58 39 2 941
1 139 6 30 5 10 1 942
0 68 27 35 24 30 3 943
1 27 5 40 5 46 1 944
1 108 59 2 55 2 4 945
0 126 56 46 57 43 3 946
0 136 5 68 5 62 3 947
1 33 56 41 53 40 4 948
1 98 65 39 60 45 2 949
1 1 55 66 56 60 2 950
1 26 6 45 6 56 1 951
0 87 56 33 53 32 3 952
0 142 5 69 6 65 3 953
1 123 36 43 48 64 1 954
1 128 40 12 43 11 1 955
0 1 57 20 52 22 3 956
1 36 60 42 57 42 1 957
0 3 80 5 70 6 3 958
0 134 29 37 56 42 3 959
0 24 52 1 48 2 3 960
1 117 52 45 45 51 1 961
0 129 69 41 69 32 3 962
1 1 32 43 34 41 1 963
1 14 49 26 64 34 1 964
0 74 6 67 6 64 3 965
0 58 55 32 59 29 3 966
0 64 57 36 55 39 3 967
0 108 5 71 6 68 5 968
1 7 6 33 6 25 3 969
1 87 45 64 43 63 1 970
0 112 38 14 40 13 3 971
1 120 55 67 50 70 1 972
1 10 63 20 62 23 1 973
0 93 57 2 60 1 3 974
1 65 5 19 5 28 1 975
1 110 57 49 50 50 1 976
1 49 62 35 59 38 1 977
0 138 80 6 70 6 3 978
0 52 45 23 33 38 3 979
1 71 60 35 63 36 1 980
1 104 5 66 6 63 1 981
1 74 51 19 52 17 3 982
1 97 6 55 6 58 2 983
1 17 32 49 29 63 3 984
1 127 67 39 63 30 1 985
0 65 5 71 3 67 3 986
0 39 54 44 58 46 6 987
0 3 54 39 58 41 3 988
1 80 56 76 63 69 5 989
0 70 51 48 53 45 3 990
1 132 55 39 55 42 1 991
1 15 24 0 42 2 1 992
0 67 4 66 4 71 3 993
1 106 5 67 5 62 2 994
1 7 42 12 37 13 1 995
0 31 44 35 42 31 3 996
0 42 57 41 59 42 6 997
1 19 68 73 72 68 1 998
0 53 52 53 38 52 3 999
1 60 60 32 55 41 1 1000
0 97 63 78 60 87 3 1001
0 24 55 80 58 80 3 1002
0 138 55 2 64 1 4 1003
0 121 70 34 69 36 3 1004
1 29 45 3 35 5 1 1005
0 51 57 1 62 1 3 1006
0 51 30 59 31 47 3 1007
1 20 68 43 65 48 3 1008
0 111 52 57 51 62 3 1009
1 132 48 77 55 78 1 1010
0 115 98 20 98 11 3 1011
0 72 61 42 62 46 3 1012
1 8 52 17 54 14 1 1013
1 0 55 32 61 23 1 1014
1 28 58 19 49 23 1 1015
1 66 5 64 7 48 1 1016
1 42 52 48 48 47 1 1017
0 51 55 75 53 77 3 1018
1 63 91 35 91 31 1 1019
0 123 55 41 53 44 3 1020
1 79 59 17 57 18 1 1021
0 73 59 38 55 44 3 1022
1 93 69 40 67 37 2 1023
0 78 55 80 52 81 5 1024
0 0 34 44 29 53 6 1025
1 138 61 69 32 78 5 1026
0 103 55 74 57 76 3 1027
0 16 45 49 48 51 3 1028
0 141 81 3 81 6 3 1029
1 3 91 45 86 30 5 1030
0 69 53 54 62 38 3 1031
0 63 92 31 91 29 3 1032
1 40 57 18 48 18 1 1033
0 137 61 73 35 78 3 1034
1 46 51 81 55 79 1 1035
1 33 60 35 61 38 3 1036
0 87 62 24 61 29 3 1037
0 50 88 94 86 95 3 1038
0 132 84 4 86 3 5 1039
1 88 58 39 59 36 1 1040
1 13 56 41 58 39 2 1041
0 108 55 2 62 1 3 1042
1 98 55 41 57 39 2 1043
0 132 55 40 54 43 3 1044
0 26 66 31 72 24 3 1045
1 57 53 50 53 35 6 1046
0 122 88 94 89 92 3 1047
1 65 58 42 56 40 5 1048
0 143 98 24 98 17 6 1049
1 79 43 31 38 28 1 1050
0 48 46 37 56 42 3 1051
0 65 81 6 70 6 3 1052
0 9 57 38 60 32 3 1053
0 90 56 39 61 34 3 1054
1 112 67 42 59 40 6 1055
1 60 98 18 98 25 1 1056
0 29 68 43 68 39 3 1057
0 73 6 66 2 52 3 1058
0 4 49 29 46 30 3 1059
0 102 58 35 55 49 3 1060
0 117 51 78 58 75 3 1061
0 122 68 40 66 39 3 1062
0 38 41 34 44 37 3 1063
0 138 55 67 50 76 3 1064
1 120 43 80 50 80 1 1065
0 127 49 65 44 62 3 1066
1 18 61 1 59 2 1 1067
0 78 57 43 55 44 5 1068
0 15 55 27 51 24 3 1069
0 27 50 47 50 13 3 1070
0 40 67 36 63 45 3 1071
1 63 48 3 45 4 5 1072
0 76 65 43 58 43 3 1073
0 55 59 74 55 75 3 1074
1 50 42 58 44 38 1 1075
0 96 57 59 50 62 3 1076
1 110 44 20 35 50 2 1077
1 74 67 41 35 16 2 1078
0 112 58 18 61 17 3 1079
0 56 52 38 49 49 3 1080
1 26 59 17 62 17 1 1081
1 87 49 57 51 55 1 1082
0 47 88 4 87 2 3 1083
0 102 58 44 56 39 3 1084
0 49 70 75 73 68 3 1085
0 58 51 37 49 38 3 1086
0 139 91 36 92 28 3 1087
0 131 57 48 56 51 3 1088
1 108 6 66 5 69 1 1089
1 32 51 40 55 42 1 1090
0 120 68 34 62 47 3 1091
0 118 58 26 54 21 3 1092
1 70 48 19 51 20 1 1093
1 35 87 4 83 4 4 1094
0 130 47 52 46 58 3 1095
1 111 55 43 45 50 1 1096
0 116 48 20 50 19 3 1097
1 111 6 35 5 37 1 1098
0 43 27 48 33 44 3 1099
1 5 46 49 45 51 2 1100
1 5 50 44 47 58 5 1101
1 63 49 66 46 61 1 1102
1 6 54 41 56 43 2 1103
1 76 58 43 54 44 2 1104
0 12 98 24 98 20 3 1105
1 14 60 14 63 12 3 1106
1 118 56 39 54 38 1 1107
0 46 53 82 51 81 5 1108
1 143 98 21 98 24 1 1109
1 136 49 33 53 44 1 1110
1 28 53 42 52 46 1 1111
0 80 60 70 55 77 3 1112
1 74 41 35 46 27 1 1113
1 46 56 53 52 62 1 1114
0 51 45 3 41 4 3 1115
0 42 57 45 59 43 4 1116
1 50 49 30 51 32 1 1117
0 108 30 55 31 51 3 1118
1 94 69 37 71 38 1 1119
0 40 53 38 57 35 3 1120
0 18 53 39 58 34 3 1121
0 49 45 27 45 33 3 1122
1 78 56 32 56 42 2 1123
1 90 41 35 39 37 1 1124
0 39 70 43 68 48 3 1125
1 92 68 42 66 35 5 1126
1 3 51 36 50 25 2 1127
0 59 3 96 1 95 3 1128
0 37 79 2 80 0 3 1129
0 53 58 33 58 26 3 1130
0 43 6 64 6 68 3 1131
1 21 61 40 55 54 1 1132
1 87 42 42 52 38 1 1133
1 88 57 45 54 58 1 1134
0 89 56 80 52 80 3 1135
0 106 6 53 5 59 3 1136
0 1 6 46 6 55 3 1137
0 112 31 43 34 43 5 1138
1 60 57 45 57 54 1 1139
1 11 46 56 47 51 1 1140
1 20 60 1 64 1 2 1141
1 48 38 12 42 12 5 1142
0 16 45 3 41 3 3 1143
1 97 78 4 81 4 1 1144
0 37 89 93 90 90 3 1145
0 18 59 1 40 1 4 1146
1 60 60 38 65 45 1 1147
1 127 56 41 54 55 1 1148
0 19 48 54 45 57 3 1149
0 132 67 40 70 39 3 1150
1 28 52 59 56 72 1 1151
1 42 65 32 65 28 1 1152
1 30 60 50 60 54 1 1153
0 1 62 26 43 25 3 1154
1 11 49 53 51 49 1 1155
1 3 60 45 31 39 2 1156
0 102 60 42 64 36 3 1157
1 143 48 19 28 20 6 1158
1 11 44 73 44 79 3 1159
0 91 83 4 70 6 3 1160
0 34 50 79 54 76 4 1161
0 85 59 30 55 27 3 1162
1 102 52 36 47 37 2 1163
1 38 61 29 58 26 6 1164
1 0 70 36 68 39 2 1165
1 81 49 4 45 4 1 1166
0 122 5 38 6 32 3 1167
1 117 69 34 68 32 6 1168
0 46 50 20 47 21 3 1169
0 28 67 39 68 41 3 1170
1 36 71 37 69 15 1 1171
0 96 68 33 63 45 3 1172
1 59 6 67 5 33 1 1173
0 10 47 3 50 2 3 1174
1 38 50 36 52 33 1 1175
1 29 81 6 70 6 2 1176
0 82 68 72 98 64 3 1177
1 115 53 46 51 56 2 1178
0 82 51 80 54 80 3 1179
1 31 58 2 61 2 1 1180
1 99 49 57 19 56 1 1181
1 116 58 31 55 31 2 1182
0 94 1 58 5 73 3 1183
0 78 56 80 49 81 3 1184
0 62 49 26 52 24 3 1185
0 44 47 31 45 32 3 1186
0 97 47 38 52 25 3 1187
1 50 64 16 56 18 1 1188
1 16 37 13 40 12 1 1189
0 96 86 91 88 93 3 1190
1 16 26 50 29 46 5 1191
1 14 37 55 44 54 1 1192
0 92 57 76 60 76 3 1193
1 136 54 40 61 30 1 1194
1 28 64 75 52 75 1 1195
0 141 63 21 62 24 3 1196
1 92 51 27 48 24 2 1197
1 102 44 54 47 39 1 1198
0 32 98 22 98 14 3 1199
1 26 51 54 49 44 1 1200
0 33 91 28 91 33 5 1201
1 118 37 13 40 9 1 1202
0 97 53 75 49 79 3 1203
0 30 56 40 46 52 3 1204
1 5 29 47 30 45 1 1205
0 129 47 3 41 4 3 1206
1 5 42 24 44 23 5 1207
0 43 60 41 58 39 3 1208
0 114 46 31 53 25 4 1209
1 22 58 43 54 43 1 1210
1 33 48 2 51 2 1 1211
1 17 63 78 64 80 1 1212
1 53 52 20 52 41 1 1213
1 19 71 69 69 68 1 1214
0 21 86 94 88 93 3 1215
1 94 41 32 42 40 1 1216
1 59 46 31 45 42 1 1217
1 117 57 39 61 36 1 1218
1 74 53 57 56 62 1 1219
0 1 32 18 37 18 3 1220
0 130 56 63 56 55 6 1221
0 40 63 48 66 40 3 1222
0 14 55 45 44 50 3 1223
0 132 32 78 61 72 3 1224
0 26 47 65 42 66 3 1225
1 46 47 20 49 21 2 1226
1 108 64 31 63 26 1 1227
1 19 85 4 83 3 1 1228
0 24 67 35 67 28 4 1229
0 38 71 74 69 76 3 1230
1 53 52 45 56 47 1 1231
0 69 52 46 51 57 3 1232
1 14 56 18 59 17 1 1233
1 105 51 19 46 20 2 1234
0 74 55 59 59 49 3 1235
1 63 90 37 89 35 1 1236
1 64 40 12 38 14 1 1237
1 40 58 75 54 79 2 1238
1 73 33 50 26 45 1 1239
1 52 63 35 55 51 2 1240
0 18 6 35 6 29 3 1241
0 25 53 47 58 45 3 1242
0 115 50 71 42 87 3 1243
1 98 63 45 61 49 3 1244
1 29 54 74 32 78 1 1245
1 119 73 34 67 40 2 1246
1 21 61 37 59 43 1 1247
1 90 61 26 59 29 5 1248
1 83 51 32 58 34 1 1249
0 104 49 36 45 48 3 1250
1 88 66 42 67 28 1 1251
1 17 35 13 40 11 3 1252
0 112 48 44 47 47 3 1253
1 40 57 79 55 77 1 1254
1 126 56 28 60 27 2 1255
1 60 57 37 55 35 2 1256
1 36 31 33 43 12 1 1257
0 24 31 47 33 55 3 1258
0 64 36 11 42 9 3 1259
1 54 54 38 57 39 1 1260
0 82 45 48 32 56 3 1261
0 124 68 40 65 44 3 1262
1 72 61 32 59 35 1 1263
0 31 56 2 61 1 5 1264
1 74 49 50 56 46 1 1265
0 67 58 80 55 80 3 1266
0 39 51 45 50 48 3 1267
1 132 67 73 69 74 4 1268
1 92 62 35 38 27 2 1269
1 114 66 74 67 51 1 1270
1 23 54 31 65 30 1 1271
1 135 5 40 5 46 1 1272
0 11 34 40 31 52 3 1273
0 26 54 54 54 46 3 1274
0 69 63 44 64 39 3 1275
1 117 66 38 61 24 2 1276
1 109 43 2 47 2 1 1277
1 88 51 31 47 32 4 1278
1 93 91 28 90 37 1 1279
0 44 48 56 51 61 3 1280
1 96 6 48 6 43 4 1281
1 38 58 34 55 29 2 1282
1 97 54 76 32 78 1 1283
0 29 61 42 56 40 3 1284
1 120 56 18 47 23 1 1285
1 132 52 43 56 49 2 1286
0 62 53 47 43 52 3 1287
0 75 91 28 92 32 3 1288
1 60 46 4 41 4 1 1289
1 78 48 3 45 3 1 1290
0 15 70 73 68 74 3 1291
0 20 51 75 62 80 3 1292
1 60 68 34 59 45 1 1293
0 2 56 80 51 80 3 1294
1 102 61 33 48 41 1 1295
1 40 56 37 54 38 1 1296
1 39 58 39 62 31 1 1297
0 64 62 48 62 56 3 1298
1 93 62 1 60 2 1 1299
1 77 59 45 58 31 1 1300
0 127 46 4 36 4 3 1301
1 68 42 42 40 44 1 1302
1 52 41 31 43 33 3 1303
1 41 57 40 52 48 3 1304
0 80 31 42 53 45 5 1305
0 143 48 29 45 50 3 1306
0 51 29 66 30 58 3 1307
0 78 42 30 38 38 3 1308
1 78 69 33 66 40 1 1309
0 91 71 67 67 73 3 1310
0 79 45 61 48 50 6 1311
1 120 55 56 49 60 2 1312
1 32 62 1 55 2 4 1313
0 93 54 74 50 79 3 1314
0 13 58 47 60 49 3 1315
0 87 56 51 57 49 3 1316
0 16 42 13 37 13 3 1317
1 47 38 13 40 12 1 1318
1 31 49 2 46 2 2 1319
0 39 73 33 66 41 3 1320
0 68 68 42 55 45 3 1321
1 25 40 58 64 72 1 1322
1 32 35 41 32 44 5 1323
0 39 65 42 64 46 3 1324
0 135 51 46 49 50 3 1325
1 48 58 27 61 26 1 1326
1 133 54 42 54 15 1 1327
0 130 77 5 70 6 5 1328
1 139 50 48 53 41 1 1329
1 108 50 49 57 35 1 1330
0 80 5 68 6 64 3 1331
1 60 48 20 46 21 1 1332
1 53 47 38 49 40 1 1333
0 14 54 45 58 46 3 1334
1 18 78 6 74 6 1 1335
0 116 59 26 59 29 3 1336
1 110 58 30 55 35 2 1337
0 79 49 57 54 47 4 1338
1 12 61 37 59 39 1 1339
0 24 53 49 55 46 3 1340
1 56 51 19 44 17 1 1341
0 8 51 2 46 2 3 1342
0 32 57 62 53 28 5 1343
0 13 46 44 54 53 3 1344
0 93 61 40 50 44 3 1345
0 9 55 41 54 44 4 1346
0 0 6 30 6 25 3 1347
0 35 66 43 69 37 3 1348
1 56 42 51 45 48 1 1349
0 26 68 39 65 43 3 1350
0 60 57 51 61 44 6 1351
0 102 62 35 59 36 3 1352
1 117 60 38 55 37 2 1353
1 0 98 22 98 17 1 1354
1 24 57 42 53 46 2 1355
0 106 55 44 49 53 3 1356
1 133 49 2 45 2 1 1357
1 41 59 1 56 1 2 1358
1 87 51 49 55 52 3 1359
1 26 28 40 32 41 1 1360
1 66 67 40 68 45 1 1361
0 139 6 33 5 54 3 1362
0 9 64 42 60 42 3 1363
1 65 58 44 56 46 2 1364
1 128 81 5 79 7 1 1365
1 89 69 43 49 45 1 1366
1 68 52 49 42 74 1 1367
1 61 33 44 31 45 3 1368
1 131 57 19 58 17 1 1369
1 96 52 28 26 28 1 1370
1 39 54 26 53 29 5 1371
0 26 69 37 68 39 3 1372
1 9 33 43 54 38 5 1373
0 94 32 51 33 28 3 1374
0 20 59 36 43 39 3 1375
1 65 6 43 5 54 1 1376
0 141 62 48 65 42 3 1377
0 123 29 54 28 59 3 1378
0 26 59 46 58 43 3 1379
1 14 98 22 98 36 6 1380
0 7 6 50 6 61 6 1381
0 97 46 31 51 27 5 1382
1 107 52 18 48 19 1 1383
1 53 51 50 56 44 6 1384
1 4 45 63 50 49 1 1385
0 14 42 11 44 12 4 1386
0 36 51 46 52 42 3 1387
0 46 48 21 49 19 3 1388
0 128 56 29 55 32 3 1389
1 115 60 75 61 73 1 1390
0 21 55 41 59 42 3 1391
0 41 59 36 58 39 3 1392
1 19 59 40 50 59 1 1393
1 87 27 25 46 33 1 1394
1 65 60 17 63 18 1 1395
0 123 32 45 27 50 4 1396
1 140 69 33 71 31 2 1397
0 129 59 36 63 30 6 1398
1 138 53 40 54 46 4 1399
1 31 46 2 50 2 2 1400
1 93 51 61 52 75 1 1401
0 79 64 45 70 42 3 1402
1 1 92 26 92 34 2 1403
1 89 65 39 50 50 1 1404
0 57 40 12 37 15 3 1405
1 88 69 35 61 24 5 1406
1 97 57 72 59 75 1 1407
1 0 45 3 43 4 2 1408
1 128 55 24 46 30 1 1409
0 130 51 64 59 46 3 1410
0 126 59 53 62 44 3 1411
0 141 49 47 47 41 3 1412
1 4 68 42 65 32 3 1413
0 33 46 60 48 33 3 1414
1 98 34 14 37 13 1 1415
0 64 69 30 43 19 3 1416
0 114 64 75 72 73 3 1417
1 35 68 72 69 69 1 1418
1 72 71 33 66 28 1 1419
1 2 60 28 51 34 1 1420
1 120 55 40 57 33 1 1421
0 124 67 44 59 52 3 1422
0 105 62 16 56 18 5 1423
1 29 56 41 56 49 1 1424
0 135 41 33 41 15 6 1425
1 119 52 2 48 2 1 1426
0 95 72 72 65 74 3 1427
1 108 43 18 63 27 5 1428
0 96 52 42 48 60 3 1429
1 61 60 30 58 28 4 1430
0 120 59 49 40 70 3 1431
0 51 37 12 45 8 3 1432
0 20 53 75 68 77 3 1433
1 19 56 80 50 80 2 1434
1 122 56 53 63 45 1 1435
0 24 55 79 56 76 4 1436
1 136 55 41 15 20 2 1437
1 23 58 34 51 34 1 1438
0 72 6 27 4 43 3 1439
0 43 62 40 61 46 3 1440
1 52 65 45 67 41 1 1441
1 113 37 40 42 33 1 1442
0 126 32 57 30 85 3 1443
0 50 49 79 57 76 3 1444
1 5 57 58 58 50 1 1445
1 64 45 62 22 19 1 1446
1 20 52 24 53 26 1 1447
1 130 6 30 5 37 1 1448
0 131 32 47 33 44 3 1449
0 57 33 48 32 52 3 1450
0 14 33 16 30 12 3 1451
0 141 53 47 51 48 3 1452
0 25 45 48 44 55 4 1453
0 19 48 4 45 3 3 1454
0 119 69 38 68 40 6 1455
1 98 62 39 62 46 1 1456
0 102 5 42 5 32 4 1457
0 10 6 49 7 46 3 1458
1 53 53 53 57 37 1 1459
1 39 62 33 62 39 2 1460
1 86 59 24 54 32 1 1461
1 120 49 43 57 35 2 1462
1 88 6 47 6 43 3 1463
1 112 49 19 44 34 6 1464
1 143 49 19 45 21 2 1465
0 72 98 7 98 18 3 1466
1 78 66 46 64 50 1 1467
0 80 41 34 37 40 3 1468
0 34 50 24 46 23 3 1469
0 138 62 45 65 50 3 1470
0 23 45 4 41 4 3 1471
1 118 58 17 53 19 5 1472
1 115 52 49 52 35 6 1473
1 116 38 58 48 42 1 1474
0 57 85 92 88 91 3 1475
1 73 60 33 63 36 1 1476
1 67 46 46 42 55 1 1477
0 93 50 1 63 2 3 1478
0 48 30 42 26 58 3 1479
1 124 56 41 58 42 1 1480
0 46 67 93 61 93 6 1481
1 22 52 29 51 26 1 1482
0 143 50 37 53 34 3 1483
1 115 59 43 55 42 1 1484
0 38 58 18 9 17 3 1485
0 14 62 30 64 34 3 1486
1 4 66 34 66 39 5 1487
0 33 53 56 50 77 3 1488
1 80 52 53 50 48 1 1489
0 36 39 14 33 16 3 1490
0 39 67 40 48 44 3 1491
1 101 62 31 61 28 1 1492
1 23 52 33 55 28 1 1493
1 0 68 34 63 44 1 1494
0 38 49 2 46 2 3 1495
1 117 73 31 50 46 1 1496
0 114 48 29 46 31 3 1497
0 51 54 30 53 14 3 1498
0 26 71 39 64 43 3 1499
1 128 62 39 60 33 1 1500
1 34 58 45 62 35 1 1501
0 91 29 48 32 44 3 1502
0 108 58 29 56 35 4 1503
0 11 42 3 46 2 3 1504
1 23 53 35 59 25 4 1505
0 31 61 2 63 1 3 1506
0 51 54 75 56 74 3 1507
1 90 32 57 32 53 2 1508
0 34 58 72 56 74 3 1509
1 18 88 3 93 3 1 1510
1 46 40 36 37 34 1 1511
1 53 52 33 53 40 1 1512
1 50 55 45 53 48 1 1513
0 64 50 80 42 80 3 1514
1 95 54 50 54 47 1 1515
0 132 69 40 69 33 3 1516
1 3 92 29 90 26 5 1517
1 10 61 40 62 42 1 1518
0 28 64 33 55 22 3 1519
0 42 88 93 85 91 3 1520
0 75 53 45 49 51 3 1521
1 141 52 55 43 45 6 1522
0 122 6 28 6 36 3 1523
1 1 47 57 56 47 1 1524
0 25 61 29 60 33 5 1525
0 124 73 66 67 72 3 1526
1 14 50 49 43 52 1 1527
0 134 76 7 82 4 3 1528
1 28 70 35 71 33 1 1529
1 29 54 80 51 80 1 1530
0 13 58 51 55 54 3 1531
1 19 56 37 49 38 2 1532
1 102 53 80 49 81 1 1533
1 53 54 38 53 45 1 1534
0 13 80 6 83 4 3 1535
0 58 62 1 66 1 3 1536
1 100 42 67 48 60 1 1537
1 8 50 44 47 42 1 1538
1 34 50 79 53 74 1 1539
0 6 46 4 29 4 3 1540
0 102 45 72 44 66 3 1541
0 131 82 5 78 6 3 1542
0 42 47 4 43 4 4 1543
1 141 78 7 80 5 1 1544
0 14 46 4 43 4 3 1545
0 0 92 29 92 26 3 1546
0 59 43 59 43 55 3 1547
0 97 66 93 63 94 3 1548
0 118 47 50 46 54 3 1549
1 118 45 51 48 53 2 1550
1 143 51 19 48 19 6 1551
1 78 60 61 69 42 1 1552
1 35 52 80 54 79 1 1553
0 113 61 51 57 58 3 1554
0 27 66 92 64 93 3 1555
1 39 66 34 64 52 2 1556
1 93 30 14 43 52 6 1557
0 52 78 6 82 6 3 1558
0 77 53 43 51 47 3 1559
0 29 58 44 56 43 3 1560
0 25 54 43 55 41 3 1561
1 39 60 38 55 38 5 1562
0 19 49 20 36 19 3 1563
1 78 55 27 52 31 1 1564
1 134 54 31 52 30 1 1565
1 43 57 20 61 18 1 1566
1 117 6 55 6 49 1 1567
0 108 63 1 57 1 3 1568
1 135 6 64 5 69 2 1569
1 90 44 56 46 49 6 1570
0 54 30 14 49 21 3 1571
1 26 69 41 66 38 1 1572
1 77 51 46 49 51 4 1573
1 115 55 74 58 71 2 1574
0 137 92 32 91 28 3 1575
1 0 58 17 59 0 1 1576
1 89 27 62 29 54 1 1577
0 29 49 28 57 30 6 1578
1 68 49 55 50 53 6 1579
0 84 53 1 62 1 3 1580
0 143 30 43 32 46 3 1581
1 24 67 35 64 33 1 1582
1 102 53 46 39 48 3 1583
1 36 57 60 56 65 1 1584
0 24 53 55 48 55 3 1585
1 39 57 39 55 47 3 1586
0 73 64 34 56 41 3 1587
0 13 32 48 34 45 3 1588
1 107 42 34 37 21 1 1589
0 15 52 35 50 36 3 1590
1 43 44 61 53 58 1 1591
0 108 45 18 41 19 3 1592
1 32 56 42 56 39 2 1593
0 104 54 38 57 39 3 1594
1 23 53 47 51 48 2 1595
0 25 66 73 68 71 3 1596
0 65 5 37 6 29 3 1597
1 133 54 46 55 51 6 1598
0 21 41 12 28 12 3 1599
0 51 59 23 61 25 5 1600
0 24 54 41 53 44 3 1601
1 86 98 22 98 18 2 1602
0 35 46 27 59 19 3 1603
1 19 4 39 6 33 2 1604
1 22 29 44 27 45 1 1605
0 92 80 5 71 5 5 1606
1 143 32 48 31 46 3 1607
0 29 6 48 7 30 3 1608
0 81 50 18 48 19 3 1609
1 107 45 50 48 53 1 1610
1 59 48 29 48 34 2 1611
0 56 53 48 53 51 3 1612
1 83 57 39 50 31 1 1613
1 128 56 30 53 32 1 1614
0 87 49 47 50 54 3 1615
1 80 31 42 26 41 1 1616
1 33 91 35 89 33 1 1617
0 119 55 45 49 58 3 1618
1 49 53 32 54 30 1 1619
1 54 61 34 60 40 1 1620
0 59 37 51 22 39 3 1621
1 76 58 48 59 43 1 1622
0 103 58 75 61 72 6 1623
1 26 41 44 41 40 1 1624
1 72 48 39 44 72 1 1625
1 97 61 50 58 57 1 1626
1 120 38 12 36 13 1 1627
1 87 60 40 64 45 2 1628
1 133 49 39 48 25 1 1629
0 52 91 34 91 31 3 1630
0 54 61 50 35 37 3 1631
1 39 59 57 58 59 1 1632
1 10 61 34 62 39 3 1633
1 101 30 14 60 21 6 1634
0 60 57 76 59 77 3 1635
0 38 5 58 7 45 4 1636
1 129 98 17 98 21 1 1637
1 109 50 52 62 40 1 1638
1 112 48 31 49 29 3 1639
0 75 64 44 66 42 3 1640
1 53 62 17 57 18 5 1641
0 102 47 59 51 51 3 1642
0 139 66 1 55 2 3 1643
0 28 6 42 6 51 3 1644
1 90 46 3 37 5 2 1645
0 126 6 43 6 50 3 1646
0 133 61 2 65 1 3 1647
0 130 59 32 56 29 4 1648
0 80 58 75 50 76 5 1649
1 128 59 34 57 35 1 1650
0 143 57 59 52 62 3 1651
1 135 51 45 49 50 1 1652
1 19 61 34 63 33 1 1653
0 40 34 4 44 4 3 1654
1 65 28 56 31 42 2 1655
1 82 44 4 41 4 1 1656
0 135 42 29 68 33 3 1657
1 122 70 33 67 38 1 1658
0 70 69 73 67 74 3 1659
0 9 1 95 3 96 3 1660
1 106 62 17 59 17 1 1661
1 12 69 37 66 47 1 1662
1 133 57 75 54 76 1 1663
1 36 56 45 54 46 1 1664
1 128 60 24 50 37 5 1665
1 48 51 40 51 47 5 1666
1 37 48 29 51 28 1 1667
1 79 53 24 55 25 2 1668
1 71 54 76 61 73 2 1669
1 34 35 15 38 14 1 1670
1 12 28 41 27 43 1 1671
1 67 6 65 5 70 2 1672
0 18 57 47 56 51 3 1673
0 34 44 4 47 4 3 1674
0 45 54 0 53 80 3 1675
1 18 4 39 6 18 5 1676
0 52 69 72 71 74 3 1677
0 33 59 34 58 45 3 1678
0 132 65 46 71 39 3 1679
1 19 55 24 51 32 1 1680
0 108 33 49 29 53 3 1681
0 133 59 57 52 62 3 1682
0 75 50 46 49 50 3 1683
0 4 67 41 57 52 5 1684
0 19 31 36 33 39 4 1685
1 94 70 37 67 44 1 1686
0 107 6 42 6 39 3 1687
1 72 68 41 64 42 5 1688
0 5 68 77 65 76 3 1689
1 25 59 26 58 23 1 1690
0 108 33 50 33 45 3 1691
1 80 79 7 83 4 1 1692
1 121 87 3 83 4 1 1693
0 25 49 43 55 42 3 1694
1 50 47 31 40 31 1 1695
0 61 90 26 92 20 3 1696
0 19 28 59 31 47 3 1697
1 58 52 60 61 52 2 1698
1 75 45 66 50 64 3 1699
1 143 68 71 66 74 1 1700
0 128 46 3 43 3 3 1701
0 5 56 47 60 49 5 1702
0 19 51 19 48 21 3 1703
1 106 57 38 56 41 3 1704
1 125 53 42 52 45 1 1705
1 140 81 2 83 3 1 1706
1 4 69 33 64 52 6 1707
0 111 53 46 51 55 3 1708
0 126 6 28 6 33 3 1709
0 71 59 30 37 31 3 1710
1 45 55 80 52 80 1 1711
1 59 68 44 61 50 1 1712
0 120 30 51 28 57 3 1713
0 126 60 72 53 76 3 1714
0 88 63 40 57 39 3 1715
0 79 49 28 52 24 3 1716
0 51 40 12 42 13 3 1717
1 73 61 32 62 35 3 1718
0 48 32 46 31 42 3 1719
0 41 46 57 45 61 3 1720
0 63 92 34 91 38 3 1721
0 93 6 32 6 24 3 1722
0 103 58 29 55 26 3 1723
0 111 42 30 37 41 3 1724
0 36 32 55 31 58 3 1725
1 89 67 38 68 42 3 1726
0 88 58 26 59 28 3 1727
1 11 44 71 56 42 1 1728
0 53 56 18 61 17 3 1729
0 105 56 39 59 37 3 1730
0 23 45 32 40 37 3 1731
0 24 56 40 54 41 3 1732
1 81 59 34 54 41 1 1733
1 48 91 43 91 38 1 1734
0 66 61 29 63 15 3 1735
0 123 60 30 49 20 3 1736
0 109 48 4 43 3 3 1737
1 60 47 52 40 35 2 1738
1 134 48 21 45 21 1 1739
0 139 92 21 92 26 3 1740
1 0 29 51 32 49 1 1741
0 80 48 4 42 3 3 1742
1 143 42 58 43 55 5 1743
0 121 41 34 40 43 3 1744
0 72 67 42 45 43 3 1745
1 43 55 45 53 48 4 1746
1 40 50 28 48 29 1 1747
1 11 56 72 58 67 2 1748
0 137 54 44 49 32 3 1749
1 142 52 42 55 42 1 1750
1 14 51 80 54 80 2 1751
0 80 35 14 39 12 3 1752
0 17 47 3 43 4 4 1753
0 38 51 49 53 43 3 1754
0 11 66 38 63 35 3 1755
1 114 52 51 55 46 4 1756
0 133 51 80 49 81 3 1757
1 39 66 41 71 38 1 1758
1 133 72 35 67 40 2 1759
1 92 52 82 59 75 1 1760
1 79 72 69 68 74 2 1761
1 7 6 31 5 55 6 1762
1 78 92 24 91 26 1 1763
1 54 62 2 60 1 4 1764
0 33 43 23 46 22 3 1765
1 102 55 46 53 52 2 1766
1 105 50 20 47 21 2 1767
0 39 69 37 70 40 3 1768
0 141 42 57 48 43 5 1769
1 27 56 12 27 15 1 1770
1 110 78 7 80 6 1 1771
0 20 58 46 63 36 3 1772
0 102 6 31 5 40 5 1773
1 8 54 39 55 43 1 1774
0 6 28 47 31 44 3 1775
0 140 70 36 69 40 5 1776
1 83 59 28 47 49 1 1777
1 132 62 51 67 48 4 1778
0 120 62 46 64 42 6 1779
0 72 51 53 51 50 3 1780
0 96 43 63 54 51 3 1781
1 25 5 73 6 66 1 1782
0 75 98 17 98 23 3 1783
1 33 55 80 52 79 1 1784
0 58 61 40 59 38 3 1785
1 5 40 46 32 57 1 1786
0 105 60 16 63 18 3 1787
1 72 67 93 64 91 1 1788
1 112 55 37 43 42 1 1789
0 40 69 37 67 41 5 1790
1 84 63 38 66 27 1 1791
0 52 56 73 49 78 3 1792
1 13 55 39 54 43 1 1793
0 72 66 93 62 94 3 1794
1 107 42 33 44 31 6 1795
0 5 48 20 51 20 3 1796
0 40 64 1 56 2 3 1797
0 80 35 13 33 11 3 1798
0 97 57 29 60 26 3 1799
0 52 52 2 49 2 3 1800
0 142 61 48 56 48 3 1801
0 129 5 68 6 66 3 1802
1 40 59 26 46 27 2 1803
0 56 45 60 46 57 3 1804
0 125 48 40 31 55 3 1805
0 128 68 40 62 46 3 1806
0 10 52 45 50 64 3 1807
0 137 60 43 58 39 3 1808
1 116 79 5 77 6 4 1809
1 63 88 93 86 94 2 1810
1 62 47 51 47 46 2 1811
1 79 71 43 66 41 3 1812
1 106 58 44 49 46 3 1813
1 135 53 41 44 35 1 1814
1 95 55 49 84 32 2 1815
1 17 59 35 33 43 1 1816
0 114 52 35 54 32 3 1817
1 17 33 49 30 47 4 1818
0 127 66 50 99 26 3 1819
0 133 53 45 57 43 3 1820
0 24 57 18 34 26 3 1821
1 29 53 51 52 43 1 1822
0 68 61 29 59 37 3 1823
0 68 68 38 62 51 3 1824
0 25 56 32 58 30 3 1825
1 18 69 45 66 23 4 1826
0 109 48 4 45 4 3 1827
0 110 31 15 65 27 4 1828
1 23 50 35 56 35 3 1829
0 10 47 2 51 2 3 1830
0 142 67 43 71 38 3 1831
0 143 47 3 41 4 3 1832
0 125 57 36 58 23 3 1833
0 12 54 33 51 29 3 1834
1 135 54 47 51 54 4 1835
1 102 57 52 58 47 1 1836
1 93 6 28 6 33 1 1837
0 113 57 28 56 35 3 1838
0 1 49 50 49 53 3 1839
0 49 52 47 48 52 3 1840
0 46 61 37 62 39 3 1841
0 12 55 22 58 26 3 1842
0 30 64 28 59 36 3 1843
1 116 58 30 55 30 1 1844
0 66 43 35 42 30 3 1845
1 136 98 17 98 14 1 1846
1 103 32 78 50 78 1 1847
1 52 41 36 40 21 5 1848
0 18 3 96 1 95 3 1849
1 70 62 35 57 21 1 1850
1 128 16 48 18 46 2 1851
1 140 72 29 57 39 1 1852
1 103 55 43 54 41 2 1853
0 86 46 3 44 4 3 1854
1 21 87 91 88 89 1 1855
0 66 40 38 47 28 5 1856
0 76 57 35 56 37 3 1857
1 5 50 55 50 67 6 1858
0 134 46 36 55 42 3 1859
0 46 66 1 62 2 3 1860
1 85 55 33 57 22 1 1861
0 9 42 2 49 2 3 1862
0 36 48 4 46 3 3 1863
1 39 70 42 73 32 1 1864
0 90 6 29 6 32 3 1865
1 66 47 27 45 39 1 1866
0 46 49 18 46 14 3 1867
0 138 45 63 46 58 3 1868
1 137 30 61 26 69 1 1869
1 3 58 36 62 34 1 1870
0 86 54 18 59 30 3 1871
1 91 54 80 57 80 1 1872
0 32 62 39 62 36 5 1873
0 104 47 45 49 38 3 1874
0 9 55 50 52 57 3 1875
0 109 6 66 6 63 3 1876
0 112 54 38 57 38 3 1877
1 38 71 74 44 65 3 1878
1 64 87 95 82 93 2 1879
1 126 48 54 53 54 5 1880
1 102 51 59 49 63 1 1881
1 106 55 40 51 56 1 1882
1 45 33 49 31 44 2 1883
0 50 51 79 55 78 3 1884
0 138 47 36 52 44 3 1885
1 69 48 49 46 55 1 1886
1 48 91 36 91 40 1 1887
0 78 49 55 47 57 3 1888
0 88 48 73 51 69 3 1889
1 125 34 27 45 35 2 1890
0 17 56 72 50 77 3 1891
0 6 43 58 45 52 3 1892
1 140 98 25 98 18 2 1893
0 5 56 47 50 54 3 1894
0 32 55 47 51 51 3 1895
0 36 55 74 49 77 3 1896
1 57 53 44 53 47 2 1897
0 66 67 48 69 42 3 1898
0 124 63 43 53 42 3 1899
0 19 70 72 69 75 3 1900
1 0 67 42 73 33 2 1901
0 72 66 38 65 42 3 1902
0 55 5 38 5 41 5 1903
0 43 98 15 98 23 3 1904
0 65 32 48 31 56 3 1905
1 9 51 56 47 57 1 1906
1 48 60 42 56 37 1 1907
0 63 56 76 60 71 3 1908
1 135 58 42 59 45 1 1909
1 40 48 4 45 3 1 1910
1 21 62 46 66 37 1 1911
0 116 65 38 67 45 3 1912
1 137 49 2 28 2 1 1913
1 32 40 12 37 13 1 1914
1 89 56 19 64 16 1 1915
0 5 43 11 40 12 3 1916
1 27 56 17 59 17 1 1917
0 31 71 74 74 80 3 1918
1 79 50 47 53 44 1 1919
0 15 45 63 43 60 3 1920
0 56 82 4 79 7 3 1921
0 66 71 33 65 32 3 1922
1 2 56 39 32 42 2 1923
0 47 48 68 49 65 3 1924
0 43 98 10 98 15 3 1925
1 26 42 12 40 13 1 1926
0 131 44 28 47 23 4 1927
0 110 74 33 70 42 3 1928
1 138 41 41 41 34 2 1929
1 18 57 37 56 46 2 1930
1 52 68 73 73 67 1 1931
1 5 52 18 48 19 2 1932
0 39 58 39 49 47 3 1933
1 33 45 42 47 45 1 1934
0 20 47 39 49 38 3 1935
1 7 6 55 5 59 1 1936
1 112 57 19 61 19 1 1937
1 63 49 20 53 18 2 1938
1 122 52 80 56 80 1 1939
1 143 52 59 58 56 1 1940
1 134 64 76 70 72 1 1941
1 112 41 12 44 10 1 1942
0 76 66 74 39 58 3 1943
1 103 43 3 36 3 2 1944
0 6 58 46 60 44 3 1945
0 78 53 45 56 43 3 1946
0 1 63 17 56 18 3 1947
1 124 52 45 61 38 1 1948
0 139 53 43 53 46 3 1949
1 41 81 5 69 6 1 1950
1 14 46 19 42 18 1 1951
0 106 6 26 6 22 3 1952
0 82 64 26 61 38 3 1953
0 70 72 67 68 62 3 1954
1 64 67 36 65 46 1 1955
1 108 33 46 28 59 2 1956
0 121 53 44 54 31 3 1957
0 96 31 46 25 41 3 1958
0 72 52 28 50 29 3 1959
1 24 56 50 57 36 1 1960
1 46 98 18 98 14 1 1961
1 139 6 37 5 40 5 1962
0 100 38 14 36 13 3 1963
0 22 57 47 62 35 4 1964
0 16 6 67 6 63 3 1965
0 88 50 59 53 58 3 1966
0 115 48 19 42 24 3 1967
1 126 59 40 31 42 3 1968
0 83 59 30 58 28 3 1969
1 5 54 76 57 76 1 1970
1 66 6 45 6 65 1 1971
1 46 52 60 51 62 1 1972
0 124 11 61 49 78 3 1973
0 96 59 27 55 42 3 1974
1 38 60 29 61 26 1 1975
0 25 54 28 50 27 3 1976
0 143 60 45 54 52 3 1977
0 122 63 45 65 47 3 1978
0 132 64 36 57 47 3 1979
1 24 63 46 55 43 4 1980
1 128 59 26 59 22 1 1981
0 137 42 20 49 19 3 1982
1 130 51 18 48 19 1 1983
1 139 90 29 90 26 2 1984
0 48 51 46 54 45 3 1985
0 90 47 41 47 50 3 1986
1 24 58 17 43 19 1 1987
1 18 57 53 56 58 3 1988
1 46 52 19 45 20 1 1989
1 114 35 16 68 39 2 1990
0 36 33 48 33 41 3 1991
0 77 30 46 32 47 3 1992
1 52 53 52 51 59 3 1993
0 86 47 4 43 4 3 1994
0 97 62 35 64 30 3 1995
0 136 7 37 6 47 3 1996
0 54 55 50 61 37 3 1997
1 1 60 38 60 35 1 1998
0 24 6 52 6 42 3 1999
