1 91 54 42 48 62 1 0
0 9 54 44 53 42 3 1
0 84 68 34 67 39 3 2
1 126 48 43 44 52 1 3
1 72 59 35 65 40 5 4
0 43 62 51 61 46 5 5
1 84 63 17 49 16 1 6
1 31 63 26 58 34 1 7
1 9 56 46 53 55 3 8
1 52 61 41 51 29 1 9
0 64 59 35 54 34 3 10
0 81 40 13 38 12 3 11
0 80 5 39 6 37 3 12
1 17 63 44 62 46 1 13
0 105 73 38 69 41 3 14
0 104 66 75 70 72 3 15
0 88 62 33 56 50 3 16
0 53 33 48 31 46 3 17
1 44 33 43 32 55 3 18
0 21 51 19 47 20 3 19
1 127 71 38 63 33 1 20
0 12 51 27 52 25 3 21
1 67 54 81 50 81 2 22
0 36 69 73 66 74 3 23
0 76 46 54 45 52 3 24
0 128 53 44 55 41 3 25
0 122 5 69 6 61 3 26
0 90 55 21 59 19 3 27
1 0 67 35 64 31 2 28
1 57 61 69 60 76 1 29
0 7 31 57 34 45 3 30
1 39 56 38 55 40 5 31
0 53 54 46 55 44 3 32
0 104 39 13 42 12 3 33
1 62 47 49 45 51 1 34
0 40 51 52 55 42 3 35
0 123 30 57 31 40 3 36
0 89 42 3 49 2 3 37
1 17 46 31 51 26 2 38
1 49 57 17 54 18 1 39
0 70 58 24 61 23 3 40
0 30 67 38 67 42 3 41
0 73 49 29 46 32 3 42
1 125 47 60 46 49 6 43
1 123 31 56 27 59 1 44
0 138 47 49 22 19 3 45
0 1 66 91 64 96 3 46
0 37 55 74 53 77 3 47
0 100 82 5 80 6 3 48
1 100 64 33 55 51 3 49
0 52 55 38 47 49 3 50
1 41 44 65 40 85 1 51
1 75 48 21 52 19 1 52
1 19 60 35 53 44 1 53
0 117 56 43 59 41 3 54
0 9 91 35 90 45 3 55
1 53 67 42 61 40 1 56
1 84 28 58 33 49 1 57
0 119 73 32 71 34 6 58
0 131 47 41 46 47 3 59
0 113 52 33 51 35 3 60
0 46 43 55 41 62 3 61
0 36 65 39 67 40 6 62
0 136 29 55 27 59 3 63
1 24 42 20 43 25 1 64
0 14 63 17 58 19 3 65
0 0 44 12 41 12 5 66
1 86 98 13 98 16 1 67
0 12 58 41 26 24 3 68
0 17 6 51 6 54 3 69
0 42 63 31 62 35 3 70
0 2 87 3 86 5 3 71
1 83 52 33 57 31 2 72
0 118 5 27 6 29 3 73
0 0 59 30 60 24 4 74
1 51 33 50 20 56 1 75
0 139 67 44 36 15 3 76
0 83 60 38 64 29 3 77
0 36 56 29 49 24 3 78
1 86 49 18 47 19 1 79
0 63 50 2 45 2 3 80
0 2 61 35 61 43 3 81
0 11 50 28 54 24 3 82
1 95 72 67 98 64 2 83
0 7 6 50 5 62 3 84
0 21 59 1 63 1 3 85
0 117 57 39 55 48 3 86
1 66 87 3 85 4 1 87
0 57 52 59 46 75 3 88
0 143 6 38 5 20 3 89
1 60 38 17 44 18 1 90
0 78 60 35 49 48 3 91
0 32 40 4 17 3 3 92
0 115 49 50 49 60 3 93
1 112 30 47 25 58 2 94
1 56 49 48 45 58 3 95
1 32 58 48 51 36 3 96
0 12 54 22 55 32 3 97
0 64 52 1 49 2 3 98
1 0 30 47 32 40 5 99
0 143 63 18 59 17 3 100
0 139 6 30 6 34 3 101
1 91 58 38 61 41 1 102
0 73 51 16 49 17 3 103
0 143 71 33 72 35 3 104
0 4 30 50 31 45 3 105
1 79 31 47 32 52 5 106
0 130 4 39 6 31 3 107
1 81 69 35 68 48 1 108
0 36 31 45 29 48 3 109
1 125 46 56 47 47 1 110
1 108 60 33 62 29 1 111
0 57 98 23 98 20 3 112
1 45 53 52 50 37 1 113
0 67 52 41 57 35 3 114
0 139 67 73 70 75 3 115
0 124 67 45 36 15 6 116
0 118 68 21 52 42 3 117
1 52 66 43 69 44 5 118
1 67 6 67 1 68 1 119
1 89 43 13 45 11 2 120
1 140 46 30 56 23 2 121
0 1 60 18 57 17 6 122
0 119 50 20 39 24 3 123
0 66 58 14 69 11 3 124
1 25 69 74 73 66 6 125
0 78 53 44 50 46 5 126
1 79 51 3 54 2 2 127
0 128 56 35 60 32 3 128
0 68 67 44 52 42 4 129
0 104 50 48 60 38 3 130
0 51 32 55 29 65 3 131
1 107 88 94 85 96 1 132
1 17 45 49 42 33 1 133
0 82 67 72 71 68 3 134
1 91 52 46 53 50 2 135
0 88 58 54 59 56 3 136
0 19 87 94 89 93 3 137
1 60 51 44 37 36 5 138
1 24 68 38 52 42 2 139
0 35 53 1 50 2 3 140
1 70 66 41 59 41 1 141
1 16 6 51 7 44 1 142
1 113 52 42 54 37 1 143
0 9 54 45 53 52 3 144
1 93 90 35 92 27 2 145
1 11 47 59 54 51 1 146
1 117 56 39 58 36 1 147
0 18 62 39 60 31 6 148
0 102 6 34 6 37 3 149
1 60 60 37 56 34 1 150
0 36 58 44 44 40 3 151
0 111 78 6 82 5 3 152
0 69 40 42 38 40 3 153
0 38 53 32 55 27 3 154
0 16 49 39 45 45 3 155
0 103 55 30 57 27 3 156
0 128 31 42 46 27 6 157
1 53 55 19 61 18 1 158
0 32 47 54 52 48 3 159
0 19 52 18 46 20 3 160
1 97 30 77 54 76 1 161
1 139 53 47 47 54 1 162
1 104 91 33 91 30 1 163
0 120 46 48 50 39 4 164
0 110 69 25 68 28 3 165
0 130 6 29 5 36 3 166
0 2 6 38 5 40 3 167
0 54 5 66 7 57 3 168
0 96 59 34 57 36 3 169
0 43 98 19 98 16 5 170
1 91 70 71 61 78 1 171
0 82 49 58 54 48 3 172
1 112 31 50 34 46 5 173
1 65 62 44 40 50 1 174
1 135 56 34 36 60 1 175
1 32 39 14 35 13 2 176
0 104 64 28 63 31 3 177
1 82 52 44 49 52 1 178
0 128 56 31 61 26 3 179
1 129 49 37 47 49 1 180
1 49 50 39 43 56 2 181
1 52 74 35 70 42 1 182
0 92 7 41 6 31 3 183
1 12 68 39 63 47 2 184
0 66 41 4 45 4 3 185
1 122 55 30 52 31 1 186
0 89 58 35 57 39 3 187
0 92 5 46 6 31 3 188
1 70 58 43 52 42 1 189
0 116 57 49 56 52 3 190
0 62 46 44 45 50 3 191
1 12 70 71 69 74 1 192
0 1 57 17 60 16 3 193
1 23 64 1 60 1 1 194
1 95 32 56 19 46 1 195
0 4 50 19 45 31 3 196
1 106 47 71 42 47 1 197
0 91 69 40 60 24 3 198
1 117 5 40 5 47 1 199
0 25 59 31 59 27 3 200
1 46 52 19 49 19 1 201
0 105 55 52 49 58 3 202
1 93 55 2 64 1 1 203
0 35 55 80 51 81 3 204
1 109 65 42 65 39 1 205
1 63 43 31 40 42 1 206
0 19 54 25 53 29 3 207
0 121 6 36 6 32 3 208
1 107 60 17 56 19 1 209
0 44 42 42 44 34 3 210
0 57 3 96 1 95 4 211
1 88 57 63 55 55 3 212
1 133 50 80 56 80 1 213
0 116 6 53 5 63 3 214
1 63 98 20 98 36 1 215
0 116 67 93 65 92 3 216
0 66 66 47 65 52 3 217
0 0 58 26 57 28 5 218
1 87 46 43 42 56 2 219
1 137 70 28 60 42 2 220
0 109 6 31 5 39 3 221
1 124 90 41 91 44 1 222
0 78 91 31 90 37 3 223
0 13 81 5 78 4 3 224
1 134 38 22 48 13 1 225
0 111 54 28 52 26 3 226
0 128 51 31 54 14 5 227
0 34 46 4 51 2 3 228
1 91 56 40 59 43 2 229
1 9 46 17 50 18 1 230
1 4 66 74 68 72 1 231
0 19 52 27 47 30 3 232
1 97 40 41 37 40 3 233
0 59 46 60 43 57 3 234
0 25 6 33 5 56 3 235
0 84 46 55 28 76 5 236
1 132 56 40 58 36 1 237
1 53 53 42 47 54 6 238
0 27 74 30 64 44 3 239
0 2 47 2 51 2 3 240
1 93 62 2 58 2 1 241
0 77 54 41 52 44 3 242
0 25 43 60 42 66 3 243
0 13 49 49 57 46 5 244
0 15 65 1 60 1 3 245
1 35 56 80 53 81 5 246
0 34 54 75 50 80 3 247
0 139 3 14 6 40 3 248
0 143 51 80 55 80 3 249
0 125 67 93 69 99 3 250
0 97 51 49 55 48 3 251
0 78 42 38 42 41 3 252
0 2 54 81 51 81 5 253
1 106 90 37 91 31 2 254
0 125 56 18 53 19 3 255
1 78 42 33 44 34 3 256
0 74 45 4 40 5 3 257
1 2 62 32 54 38 3 258
0 81 67 93 66 91 3 259
1 107 85 93 86 95 1 260
0 65 33 44 32 56 3 261
1 82 42 36 40 37 2 262
1 7 6 55 4 99 1 263
1 4 57 61 55 55 1 264
0 42 42 59 40 63 3 265
1 33 60 38 35 54 2 266
0 143 27 44 25 52 3 267
0 47 6 64 5 72 3 268
1 33 92 27 90 21 1 269
0 55 6 29 6 37 3 270
1 115 45 61 33 56 1 271
0 130 60 50 60 42 3 272
0 84 51 83 50 85 4 273
1 80 62 39 61 35 3 274
0 15 6 47 5 58 3 275
1 66 70 42 63 58 1 276
1 56 60 72 58 73 2 277
1 138 27 44 30 44 2 278
1 72 57 38 30 39 1 279
1 44 56 50 56 39 2 280
0 124 40 54 41 51 3 281
0 73 64 35 59 36 3 282
1 79 56 20 30 17 1 283
1 13 46 18 49 18 2 284
1 42 65 1 60 0 1 285
1 67 72 41 65 42 2 286
1 57 82 5 80 4 1 287
0 138 51 24 54 29 3 288
0 74 50 19 54 17 6 289
0 81 57 2 62 1 3 290
1 12 67 72 69 70 1 291
0 96 43 61 50 53 3 292
1 75 54 58 48 56 1 293
0 92 57 19 53 19 3 294
0 137 29 54 11 42 3 295
1 134 31 44 32 55 1 296
1 5 58 29 54 39 1 297
1 25 61 19 58 19 1 298
0 80 52 40 54 41 3 299
1 128 64 48 68 43 2 300
1 62 70 40 69 33 1 301
0 99 41 10 41 7 3 302
1 35 88 93 86 92 2 303
0 20 54 57 36 90 3 304
1 109 59 39 63 40 1 305
0 37 42 12 37 13 3 306
0 74 46 20 50 19 5 307
0 62 61 39 58 58 3 308
0 66 98 21 98 15 3 309
1 39 89 92 84 92 3 310
1 139 60 1 55 2 1 311
1 122 62 23 56 28 1 312
1 83 52 42 49 46 1 313
0 123 51 18 48 19 3 314
0 107 43 29 27 38 6 315
0 57 47 25 47 15 3 316
1 80 53 46 55 43 6 317
1 13 54 19 56 20 1 318
0 30 55 77 58 75 3 319
1 42 42 3 49 2 3 320
0 82 71 38 61 55 3 321
0 17 6 48 6 56 5 322
0 74 41 3 26 2 3 323
1 90 53 23 55 22 5 324
1 51 58 27 55 31 1 325
0 44 49 52 50 50 3 326
1 62 55 1 52 1 5 327
0 106 6 54 6 41 3 328
1 41 45 18 51 19 1 329
1 37 53 41 57 38 1 330
0 17 6 44 6 40 3 331
0 117 54 44 56 42 3 332
1 77 34 40 30 43 1 333
1 130 56 51 58 48 2 334
1 32 61 51 60 49 1 335
1 85 62 2 58 2 1 336
1 83 62 25 61 29 1 337
0 1 66 45 63 26 4 338
0 98 32 4 36 4 3 339
1 29 33 41 29 53 1 340
1 9 59 41 56 43 1 341
0 17 57 40 56 35 3 342
0 5 49 18 45 20 3 343
0 111 65 1 60 1 4 344
1 31 51 25 57 29 1 345
1 73 69 37 68 39 1 346
0 41 77 8 74 7 3 347
0 48 56 41 31 42 3 348
0 6 84 95 86 94 3 349
0 61 55 42 62 31 4 350
0 48 53 40 54 30 3 351
0 108 26 75 30 52 3 352
0 23 72 72 67 78 3 353
1 96 33 45 26 51 1 354
1 32 61 47 59 44 3 355
0 58 64 28 59 39 3 356
1 17 52 42 53 46 1 357
1 135 55 34 54 39 1 358
1 139 43 45 42 51 1 359
1 89 25 18 0 18 1 360
1 108 57 1 62 1 6 361
0 66 26 48 23 46 3 362
1 18 63 34 58 22 5 363
1 117 52 50 51 63 6 364
1 64 88 93 85 92 1 365
0 73 64 33 61 38 5 366
1 130 48 51 53 56 1 367
0 56 54 58 55 25 4 368
1 130 55 40 63 44 5 369
1 66 49 2 43 3 1 370
1 73 49 20 51 19 1 371
1 117 45 28 43 30 1 372
1 118 61 19 58 17 1 373
0 15 65 1 57 2 3 374
0 0 45 31 41 31 3 375
0 68 61 32 47 35 3 376
0 118 47 2 43 2 3 377
0 46 6 44 6 34 5 378
0 6 60 27 56 30 3 379
0 45 46 3 44 4 3 380
1 97 55 28 53 29 1 381
0 97 63 70 56 75 3 382
1 81 6 61 6 64 3 383
0 128 57 35 60 37 3 384
1 37 39 4 43 4 1 385
1 141 98 22 98 25 2 386
0 130 53 46 51 49 4 387
0 11 40 35 45 31 3 388
1 13 15 20 54 26 1 389
1 74 5 69 5 72 2 390
1 76 58 33 61 42 5 391
0 91 71 41 65 32 3 392
1 39 55 40 49 47 1 393
1 27 58 17 60 16 1 394
1 4 48 24 53 21 3 395
0 118 59 2 61 1 3 396
1 9 52 40 55 41 2 397
0 46 56 53 51 30 3 398
0 79 64 45 67 40 3 399
1 73 53 49 55 46 1 400
1 51 6 64 5 59 2 401
1 138 50 78 53 80 1 402
0 121 61 38 54 55 3 403
0 112 58 39 38 42 6 404
1 108 6 34 6 26 2 405
0 108 59 1 64 1 4 406
1 62 64 1 61 1 1 407
1 0 48 58 54 60 1 408
1 72 98 18 98 21 5 409
1 62 39 13 43 11 1 410
1 80 55 36 53 39 1 411
1 122 63 43 67 34 1 412
0 135 45 33 44 29 5 413
0 2 56 23 53 20 3 414
1 17 46 3 42 2 2 415
1 56 55 80 52 81 1 416
1 65 42 46 54 48 1 417
1 36 47 53 32 57 5 418
0 119 62 36 56 38 3 419
0 120 46 2 43 2 3 420
1 2 66 50 66 35 1 421
0 52 53 52 49 50 3 422
0 120 53 43 50 32 3 423
0 129 88 93 86 92 5 424
1 127 43 59 44 54 1 425
0 84 78 90 80 93 3 426
1 39 7 37 6 33 2 427
1 37 79 5 82 5 1 428
1 27 6 31 6 34 1 429
0 1 56 41 60 34 3 430
0 10 43 31 44 36 6 431
0 73 64 28 57 38 3 432
0 112 29 51 28 47 3 433
0 93 71 39 71 34 3 434
0 28 57 77 58 75 3 435
1 97 54 53 52 25 1 436
1 136 4 55 2 46 4 437
0 3 60 18 53 19 3 438
0 24 49 53 50 64 3 439
1 48 68 33 66 32 1 440
1 48 40 12 30 16 1 441
0 19 46 20 52 15 3 442
0 39 46 57 45 60 3 443
1 5 50 64 54 66 1 444
0 113 38 13 44 12 4 445
1 57 33 45 30 43 1 446
0 132 58 38 56 41 3 447
1 38 62 26 59 32 5 448
1 120 52 48 55 45 5 449
1 54 6 64 5 69 5 450
0 112 37 13 40 12 3 451
0 21 56 65 56 50 4 452
1 116 56 53 51 63 6 453
1 59 62 48 67 45 1 454
1 113 49 34 46 42 3 455
1 110 50 65 48 68 1 456
0 97 50 49 52 45 5 457
1 39 36 15 55 62 1 458
1 112 44 34 49 28 1 459
0 93 90 40 91 37 3 460
1 139 61 1 57 1 2 461
1 96 98 22 98 25 1 462
0 42 42 12 47 8 3 463
0 73 27 57 27 60 3 464
0 27 63 57 68 47 3 465
1 32 30 46 27 45 2 466
1 80 68 42 67 37 6 467
0 70 52 47 53 45 3 468
0 27 61 31 59 36 4 469
0 38 55 39 54 34 3 470
1 21 6 46 6 66 3 471
0 39 49 54 53 56 3 472
0 94 59 19 58 17 3 473
1 98 66 47 65 40 1 474
0 17 34 45 32 44 3 475
1 16 60 24 57 29 1 476
0 73 1 95 3 96 3 477
0 80 22 48 23 45 3 478
0 38 72 67 70 71 3 479
0 115 49 59 52 46 6 480
0 111 61 54 55 55 3 481
1 107 37 40 41 36 1 482
1 87 52 60 50 63 2 483
1 27 6 60 5 71 2 484
1 91 56 45 51 47 3 485
0 141 5 42 32 49 3 486
0 74 51 61 50 63 5 487
1 0 44 12 36 13 1 488
0 108 67 38 56 44 6 489
1 76 39 55 37 50 1 490
1 92 47 71 45 61 1 491
0 47 72 35 70 27 3 492
0 112 28 48 32 43 3 493
0 0 71 43 69 38 5 494
0 5 11 60 49 79 3 495
0 118 42 58 46 48 3 496
1 143 30 51 20 65 4 497
0 0 29 47 30 50 3 498
1 139 61 45 59 47 4 499
1 18 70 72 65 76 2 500
1 19 70 36 68 42 1 501
0 79 54 36 56 38 3 502
1 76 54 46 54 55 1 503
0 102 6 35 5 40 3 504
1 28 98 13 98 19 1 505
1 79 37 50 35 46 1 506
1 3 47 2 51 1 1 507
0 12 68 35 60 40 3 508
1 135 44 34 46 31 1 509
1 57 65 42 63 46 1 510
1 19 30 52 29 61 2 511
0 66 44 40 53 29 3 512
1 84 91 25 91 29 1 513
0 113 57 27 51 23 3 514
0 13 73 33 70 38 3 515
1 83 61 52 60 34 2 516
1 104 50 47 54 51 1 517
0 51 45 4 41 4 3 518
0 51 6 67 4 68 3 519
0 83 54 25 53 28 3 520
1 60 48 21 43 22 4 521
0 82 55 48 56 39 3 522
1 92 82 5 75 6 1 523
0 130 50 31 54 23 3 524
1 137 56 39 54 54 1 525
1 54 67 92 65 94 1 526
1 128 66 45 67 39 1 527
1 136 50 20 43 19 1 528
1 134 68 43 64 41 1 529
0 88 60 28 60 23 3 530
1 32 58 1 64 1 2 531
1 82 55 40 56 38 1 532
0 102 51 2 43 1 3 533
1 65 30 62 33 50 2 534
0 140 58 46 54 44 3 535
0 73 53 16 56 18 3 536
1 31 56 2 58 1 1 537
1 46 80 5 77 6 1 538
1 16 41 10 36 13 1 539
1 141 55 40 53 50 1 540
1 0 49 55 49 60 6 541
0 51 58 28 54 32 3 542
1 141 87 93 84 93 1 543
1 20 68 41 65 45 2 544
0 79 54 1 67 0 3 545
1 24 68 41 60 42 1 546
0 0 56 31 60 23 3 547
1 36 53 46 58 38 1 548
0 22 54 38 59 34 3 549
0 80 56 40 57 35 3 550
0 92 68 41 66 45 3 551
1 93 6 34 6 31 2 552
0 18 59 55 61 45 3 553
1 24 44 33 39 37 1 554
0 77 56 29 58 33 3 555
1 110 48 2 28 2 1 556
1 136 57 39 33 43 6 557
1 47 55 26 51 25 1 558
0 50 39 12 32 9 3 559
0 45 47 2 50 2 3 560
1 116 56 51 58 47 1 561
0 39 57 38 53 43 3 562
0 79 57 50 55 53 3 563
1 15 51 35 48 34 2 564
0 16 28 47 31 44 3 565
0 100 52 80 55 80 4 566
0 11 47 44 45 53 5 567
0 81 67 38 68 40 3 568
0 44 53 46 54 39 3 569
0 8 51 36 53 34 3 570
1 41 44 18 47 19 1 571
0 35 54 29 55 22 3 572
1 115 89 93 85 94 1 573
0 23 62 41 55 60 3 574
1 83 71 34 68 39 2 575
1 64 53 51 55 50 5 576
0 136 52 42 54 39 3 577
1 105 87 4 93 3 1 578
0 44 58 36 56 40 3 579
1 97 53 43 52 47 2 580
0 86 55 38 51 49 3 581
1 31 5 67 5 71 1 582
0 118 72 38 69 34 3 583
1 66 51 25 53 27 1 584
0 93 55 2 61 1 3 585
0 117 51 45 56 48 3 586
1 136 6 55 6 49 1 587
1 94 4 66 5 64 2 588
0 121 6 40 6 49 3 589
1 36 70 32 72 15 1 590
0 89 51 2 28 2 3 591
0 19 48 33 55 27 3 592
0 71 44 11 41 12 3 593
0 34 47 44 41 73 3 594
1 27 59 19 26 13 1 595
0 98 50 44 49 29 3 596
0 100 55 27 60 29 3 597
1 106 79 5 80 3 2 598
0 102 6 32 6 37 5 599
1 114 59 44 61 41 1 600
0 54 61 35 49 35 3 601
1 143 48 21 45 20 4 602
0 96 54 35 53 40 3 603
1 33 91 32 92 27 3 604
1 73 54 49 47 67 1 605
0 18 90 38 90 44 3 606
0 16 51 60 52 58 3 607
1 65 61 37 62 51 1 608
1 30 68 35 71 30 1 609
1 85 30 51 33 42 2 610
0 114 98 15 98 21 3 611
1 117 58 40 55 46 1 612
1 128 48 35 46 37 1 613
0 55 42 59 42 43 3 614
1 40 50 2 43 2 1 615
1 136 59 53 66 45 1 616
0 56 32 51 32 47 3 617
0 7 6 55 5 57 3 618
0 82 6 67 4 68 3 619
1 25 65 75 69 76 5 620
1 96 6 44 5 57 1 621
1 84 44 18 66 72 1 622
1 83 51 48 54 48 1 623
0 16 29 49 27 48 6 624
0 139 6 28 6 33 3 625
1 115 40 45 41 17 1 626
1 109 55 73 54 75 5 627
0 20 69 38 63 44 3 628
0 78 42 10 40 11 3 629
1 25 60 24 38 20 1 630
1 57 98 15 98 7 5 631
1 105 47 2 50 2 1 632
0 52 6 30 6 35 3 633
0 78 91 28 92 30 3 634
0 68 61 36 54 55 3 635
0 102 61 31 64 28 3 636
1 117 54 30 32 42 1 637
0 88 67 42 52 40 3 638
0 143 86 94 88 93 5 639
0 89 37 13 41 12 3 640
0 60 44 17 66 44 3 641
1 51 55 31 66 5 4 642
0 104 57 41 53 43 3 643
0 66 57 56 60 49 3 644
0 57 91 29 91 32 3 645
1 66 56 38 60 39 1 646
1 120 40 4 43 4 4 647
1 52 51 34 60 35 1 648
0 66 69 38 71 22 3 649
0 44 56 27 58 28 3 650
1 13 5 68 5 71 1 651
1 30 50 25 44 22 1 652
1 116 48 55 48 40 1 653
0 12 52 43 49 33 3 654
0 122 47 4 40 4 3 655
1 57 7 47 8 43 1 656
0 89 50 16 53 15 3 657
0 130 49 28 48 57 3 658
1 93 61 38 55 53 1 659
0 137 42 5 29 5 3 660
1 70 65 45 70 23 3 661
0 137 29 54 31 52 5 662
0 96 52 75 59 54 3 663
1 12 58 33 59 25 1 664
1 68 67 38 64 43 2 665
1 26 68 35 67 38 1 666
0 4 58 2 55 2 3 667
0 124 90 35 86 25 3 668
1 112 53 27 46 31 2 669
0 97 59 18 56 18 3 670
1 143 83 4 87 4 2 671
0 32 66 48 69 38 3 672
0 11 51 45 48 54 3 673
0 13 69 74 72 74 3 674
1 3 35 45 45 75 2 675
1 39 38 41 42 39 1 676
1 63 49 33 55 26 2 677
1 59 70 42 69 40 1 678
1 51 30 53 29 55 1 679
0 90 24 0 34 2 3 680
0 14 98 20 98 17 5 681
1 41 23 20 16 31 1 682
1 135 48 39 54 41 5 683
1 116 58 62 54 56 1 684
1 105 62 19 60 17 1 685
0 56 48 56 48 68 3 686
0 53 52 35 53 38 3 687
1 79 47 61 48 58 1 688
1 32 58 58 34 47 2 689
0 131 48 23 44 19 3 690
1 118 44 53 46 49 1 691
1 51 30 49 26 68 1 692
1 92 57 29 56 22 3 693
0 26 69 34 71 29 3 694
1 58 55 36 53 32 1 695
1 21 45 4 29 4 1 696
1 66 7 46 6 63 5 697
0 136 90 38 89 34 3 698
1 24 54 45 52 43 1 699
1 35 49 20 39 20 2 700
0 33 38 42 41 42 3 701
0 79 53 48 49 53 3 702
0 88 42 18 70 19 3 703
1 64 68 33 68 27 1 704
1 89 53 80 42 81 5 705
1 129 54 54 48 55 2 706
1 113 60 30 63 33 1 707
1 35 50 27 47 30 5 708
1 116 55 40 49 48 2 709
1 128 30 51 27 50 1 710
0 118 62 18 53 16 3 711
0 0 38 14 39 9 3 712
0 6 62 49 58 46 3 713
1 97 66 93 65 95 1 714
0 78 55 41 28 25 3 715
0 32 63 29 55 28 4 716
1 132 45 4 37 4 5 717
1 47 54 38 57 37 2 718
0 130 37 13 41 12 4 719
0 143 64 16 55 18 3 720
1 101 53 39 51 42 1 721
0 57 49 2 52 1 3 722
0 64 30 45 30 50 3 723
1 113 55 38 61 26 1 724
0 57 6 44 5 58 3 725
1 117 54 44 52 45 1 726
0 1 92 21 91 28 3 727
1 94 73 36 73 30 2 728
1 132 66 45 66 39 1 729
0 0 98 16 98 13 3 730
1 120 67 78 69 76 4 731
0 17 91 35 90 21 3 732
1 86 98 18 98 21 1 733
0 60 55 75 58 75 3 734
0 134 45 50 40 47 3 735
0 14 53 49 47 54 6 736
1 110 32 46 26 53 1 737
0 33 91 27 90 35 3 738
1 45 68 11 78 10 2 739
0 90 55 33 56 24 3 740
0 92 69 34 67 35 3 741
0 97 61 69 54 75 3 742
0 5 50 35 48 38 3 743
1 14 48 19 50 20 1 744
0 81 47 4 56 3 3 745
1 48 55 43 46 62 1 746
1 34 5 42 6 53 1 747
1 76 55 43 61 37 1 748
1 115 58 48 60 46 2 749
1 51 31 53 32 50 1 750
1 24 46 34 42 34 6 751
1 96 88 92 85 94 1 752
1 2 86 4 88 3 1 753
0 38 13 10 5 8 3 754
1 104 51 45 55 43 2 755
0 121 54 42 53 45 3 756
1 34 56 18 46 19 1 757
1 7 26 2 17 1 1 758
0 86 36 4 22 4 3 759
0 128 45 18 55 19 3 760
0 98 55 37 49 38 3 761
1 81 91 38 90 41 1 762
0 56 54 18 51 20 3 763
1 106 70 44 65 42 3 764
0 17 68 35 68 39 3 765
0 121 49 3 47 4 3 766
0 1 54 41 60 32 3 767
0 10 56 2 52 1 3 768
1 44 56 42 62 32 2 769
1 79 67 33 66 35 3 770
1 98 61 45 59 43 2 771
0 108 55 31 49 30 3 772
0 49 51 58 49 55 3 773
1 55 53 49 49 56 2 774
0 26 69 40 58 40 3 775
0 35 50 29 41 29 3 776
0 53 65 40 69 32 3 777
1 6 5 66 7 57 1 778
1 88 55 37 48 38 1 779
1 38 59 29 58 34 1 780
0 90 71 38 68 43 3 781
0 95 54 37 49 43 3 782
0 141 60 27 59 17 3 783
0 4 50 27 53 24 3 784
0 38 60 30 54 38 5 785
1 66 48 35 51 27 1 786
1 68 62 24 59 29 1 787
1 11 47 71 48 57 2 788
0 118 58 80 54 80 3 789
0 50 52 25 47 30 3 790
0 68 54 31 51 33 6 791
1 140 60 42 60 55 2 792
1 72 56 75 54 80 1 793
0 99 56 30 53 33 3 794
0 88 45 19 52 19 3 795
1 17 51 79 55 78 1 796
0 10 51 33 45 34 3 797
0 86 59 71 57 75 3 798
1 28 45 17 50 20 4 799
0 110 71 75 69 70 3 800
1 109 61 46 66 37 1 801
0 10 58 73 56 76 3 802
0 71 46 42 52 37 3 803
1 143 21 61 50 56 4 804
1 63 60 39 57 40 1 805
1 128 51 27 40 29 1 806
0 104 56 33 38 39 5 807
1 126 63 70 56 72 2 808
1 51 45 3 37 4 2 809
0 2 58 2 62 1 3 810
0 113 55 30 60 32 3 811
0 102 69 76 67 74 3 812
1 23 63 69 60 71 2 813
1 75 30 46 31 44 1 814
1 114 55 39 56 42 1 815
1 75 91 36 91 31 1 816
1 35 40 23 43 16 2 817
1 7 29 55 28 57 1 818
1 102 68 70 70 71 1 819
0 117 55 50 49 55 3 820
0 71 27 60 30 62 3 821
0 76 49 18 48 23 3 822
0 142 38 29 38 26 3 823
0 43 60 43 61 49 3 824
0 2 44 77 52 82 3 825
0 45 47 17 45 19 3 826
0 41 58 34 60 32 3 827
1 127 43 12 34 15 2 828
1 16 36 13 39 11 1 829
0 82 70 68 52 75 3 830
1 111 58 40 58 45 1 831
0 14 60 18 57 18 3 832
1 103 59 48 55 53 1 833
0 136 54 33 57 26 3 834
1 70 98 22 98 25 1 835
0 5 91 30 92 28 3 836
1 96 7 45 6 47 4 837
0 131 59 14 65 12 5 838
1 87 48 59 44 62 2 839
1 129 50 51 44 66 2 840
1 133 78 6 81 5 1 841
0 87 6 47 5 53 3 842
0 65 54 76 14 61 3 843
1 65 49 48 48 50 1 844
0 5 51 18 46 22 3 845
0 48 55 37 57 39 5 846
1 84 44 53 37 60 5 847
0 96 48 54 50 38 3 848
1 78 46 31 50 25 1 849
1 43 54 41 56 42 3 850
0 68 86 95 87 93 3 851
0 48 29 51 27 50 3 852
0 127 53 57 57 50 3 853
1 134 71 71 71 68 3 854
1 74 81 6 99 3 2 855
0 109 98 25 98 14 3 856
0 136 61 30 62 23 3 857
1 105 66 49 65 53 1 858
1 0 53 67 59 42 1 859
0 83 76 8 78 6 5 860
1 14 56 49 62 39 2 861
0 48 53 40 45 35 3 862
1 49 66 43 60 42 1 863
1 129 78 90 87 93 4 864
0 79 45 33 51 43 3 865
1 126 48 68 52 56 1 866
0 82 57 39 54 40 3 867
1 54 49 40 51 38 1 868
1 6 63 41 57 56 2 869
0 7 6 30 7 16 3 870
0 79 39 36 38 39 3 871
1 14 98 21 98 15 3 872
1 51 61 31 64 33 1 873
1 13 59 43 61 44 1 874
0 1 62 17 54 19 5 875
1 0 98 23 98 19 1 876
0 48 44 11 39 12 3 877
0 50 40 51 48 53 3 878
1 41 55 80 51 80 1 879
0 51 46 3 39 4 5 880
1 118 91 30 91 35 2 881
0 3 91 28 91 25 3 882
0 15 37 42 43 38 3 883
1 141 50 49 54 41 1 884
1 108 30 59 29 62 2 885
0 74 6 34 6 28 5 886
1 101 88 4 85 6 1 887
1 11 32 13 38 14 2 888
0 88 11 0 31 2 3 889
0 51 62 26 55 33 3 890
0 93 57 40 49 56 3 891
0 122 59 35 57 46 3 892
0 56 65 31 64 23 4 893
0 14 60 32 61 24 3 894
1 4 53 26 51 27 3 895
0 8 32 50 31 46 3 896
1 37 52 43 60 37 1 897
1 60 81 2 88 4 2 898
0 14 47 4 43 3 3 899
1 105 64 76 70 72 2 900
1 19 66 93 61 95 1 901
1 10 43 24 45 28 1 902
0 117 58 43 56 46 4 903
1 126 47 2 44 2 1 904
0 31 69 69 72 68 3 905
0 98 55 30 51 6 6 906
0 129 46 54 23 20 3 907
1 70 50 55 38 52 2 908
1 54 45 11 39 12 1 909
1 51 29 59 32 49 2 910
1 14 87 3 85 4 1 911
1 142 66 39 68 41 1 912
0 94 52 46 55 48 3 913
1 74 6 21 5 19 6 914
1 116 51 18 46 21 2 915
1 32 39 14 41 13 1 916
1 55 69 39 49 45 1 917
1 69 46 4 43 4 1 918
0 48 29 47 27 53 5 919
1 95 69 42 54 63 1 920
0 143 6 39 6 28 3 921
0 64 38 11 40 12 3 922
1 116 49 28 54 26 4 923
0 60 31 47 28 53 3 924
0 19 72 69 70 70 3 925
1 33 62 39 66 37 1 926
1 98 40 49 36 47 1 927
0 74 5 29 6 33 3 928
1 81 47 30 54 24 1 929
0 93 52 55 51 46 3 930
1 96 39 12 36 14 1 931
0 77 59 26 58 29 3 932
1 97 54 45 52 59 1 933
0 74 33 48 31 47 3 934
1 24 47 56 41 62 1 935
1 34 58 42 51 46 2 936
0 32 57 67 55 65 3 937
1 88 47 56 51 63 1 938
1 62 29 65 31 50 2 939
1 111 35 45 33 37 1 940
0 130 50 79 47 76 3 941
0 64 69 41 67 44 5 942
0 92 69 36 72 38 3 943
1 5 46 20 50 20 1 944
1 9 53 46 50 48 3 945
0 26 55 35 49 43 4 946
0 9 51 59 52 45 3 947
1 49 63 18 61 16 2 948
0 58 27 51 28 48 3 949
0 23 55 78 53 81 3 950
0 34 61 69 57 76 5 951
0 50 45 41 44 46 3 952
1 132 56 47 52 55 2 953
1 141 48 37 55 39 2 954
0 125 71 38 73 35 3 955
0 112 32 48 27 50 6 956
0 65 60 36 56 47 5 957
1 8 60 41 59 33 3 958
1 69 45 50 48 52 1 959
1 41 58 75 58 67 1 960
1 130 54 46 47 48 1 961
0 0 40 12 37 13 3 962
0 63 91 12 92 16 5 963
0 137 33 47 31 51 3 964
0 42 54 40 49 47 3 965
0 51 59 25 60 22 3 966
0 14 53 19 66 16 3 967
0 35 44 18 62 47 3 968
1 79 41 32 44 30 6 969
0 0 50 49 58 34 3 970
1 74 80 5 63 2 3 971
1 143 43 62 50 54 1 972
0 95 6 27 5 36 3 973
1 102 55 44 51 55 6 974
1 135 52 45 51 49 1 975
0 78 48 2 51 2 3 976
1 79 70 34 64 44 6 977
1 29 91 34 92 32 1 978
1 39 58 39 54 54 1 979
0 94 33 50 31 49 3 980
0 35 42 58 42 66 3 981
0 64 64 44 65 39 3 982
1 88 64 76 67 78 1 983
0 124 57 45 49 45 3 984
1 126 6 41 6 53 5 985
0 97 32 78 51 63 5 986
1 43 63 17 56 20 1 987
0 16 69 6 79 6 3 988
1 118 5 68 5 71 1 989
0 31 60 23 55 37 3 990
1 7 5 37 6 34 2 991
0 33 90 37 92 29 4 992
0 78 59 41 56 40 6 993
1 87 56 77 59 71 1 994
0 48 92 31 91 34 3 995
0 13 71 39 59 41 3 996
0 85 53 80 55 78 3 997
1 106 30 51 29 55 1 998
1 133 11 22 46 25 5 999
1 122 51 81 54 80 1 1000
0 38 39 2 27 2 6 1001
0 40 54 13 64 16 3 1002
0 13 68 34 63 54 3 1003
1 9 98 19 98 15 1 1004
0 11 47 58 45 63 6 1005
0 111 52 45 56 37 5 1006
1 83 83 4 80 6 5 1007
0 66 98 24 98 19 3 1008
0 0 62 32 67 8 3 1009
1 92 69 37 64 45 2 1010
1 72 38 39 42 39 1 1011
0 51 30 46 27 41 3 1012
0 85 53 56 52 47 3 1013
0 108 3 96 1 95 3 1014
0 100 67 33 69 36 3 1015
0 37 55 42 52 43 3 1016
0 64 62 22 60 19 3 1017
0 126 54 36 50 47 3 1018
0 141 72 36 73 34 3 1019
1 9 43 58 42 61 1 1020
1 130 67 39 68 35 1 1021
0 5 50 2 7 2 3 1022
0 56 51 47 29 45 3 1023
1 40 58 57 52 33 3 1024
1 139 91 27 91 31 1 1025
1 25 64 28 60 30 1 1026
1 65 58 73 55 74 1 1027
1 43 59 56 54 68 1 1028
0 127 46 4 37 5 3 1029
0 102 90 38 91 34 3 1030
1 14 44 18 62 16 1 1031
0 123 38 2 49 2 3 1032
0 100 56 54 53 63 3 1033
0 124 37 13 35 14 3 1034
0 48 38 38 34 35 3 1035
0 116 49 83 59 57 3 1036
0 139 6 32 6 37 3 1037
0 115 44 63 32 56 3 1038
1 130 53 1 51 2 6 1039
1 48 38 14 35 13 2 1040
1 61 60 33 59 35 3 1041
0 62 65 1 61 2 3 1042
1 5 91 28 91 34 4 1043
0 68 48 44 57 44 3 1044
0 73 51 27 52 24 3 1045
1 52 42 39 38 40 5 1046
1 15 59 54 56 55 1 1047
1 132 48 4 46 3 1 1048
1 93 6 29 5 21 2 1049
1 123 31 56 24 74 5 1050
1 90 64 26 64 29 3 1051
0 14 60 32 61 35 3 1052
0 40 5 67 6 63 3 1053
0 134 51 80 47 80 3 1054
1 4 69 33 56 39 6 1055
1 39 69 35 71 34 2 1056
1 18 92 34 91 39 1 1057
1 96 36 13 43 12 1 1058
1 120 56 35 52 43 1 1059
1 73 64 33 58 37 1 1060
1 16 40 12 45 11 5 1061
1 38 54 30 54 21 1 1062
0 63 90 36 89 34 3 1063
1 67 46 3 40 4 1 1064
1 138 68 74 65 76 3 1065
1 59 6 51 6 43 1 1066
1 6 56 34 53 32 1 1067
0 126 58 72 54 77 3 1068
0 98 56 18 52 20 3 1069
1 0 49 53 60 38 4 1070
1 102 81 6 70 6 1 1071
1 80 41 9 33 10 3 1072
1 81 68 40 63 44 1 1073
0 124 34 45 31 50 3 1074
0 136 57 35 55 42 3 1075
1 0 40 12 34 14 2 1076
1 133 59 44 55 42 1 1077
0 102 54 52 45 70 3 1078
1 125 6 28 5 35 1 1079
1 53 62 24 59 26 3 1080
0 32 42 13 34 12 3 1081
0 116 66 93 62 92 3 1082
0 52 70 34 70 40 3 1083
0 33 45 58 32 55 3 1084
0 122 59 54 57 50 3 1085
0 25 58 18 28 16 3 1086
1 66 41 36 46 33 3 1087
1 32 48 43 56 40 1 1088
1 137 61 45 61 42 1 1089
0 126 49 78 60 69 3 1090
0 88 48 49 48 46 3 1091
1 92 53 41 54 46 2 1092
0 106 47 4 48 2 3 1093
0 42 33 43 30 46 3 1094
0 143 57 75 54 78 3 1095
0 104 60 42 65 42 5 1096
1 53 53 24 54 31 1 1097
1 102 53 45 57 47 5 1098
1 126 7 50 6 45 3 1099
1 52 62 47 62 50 1 1100
0 104 50 42 52 41 6 1101
1 10 57 39 65 42 1 1102
1 47 5 71 5 68 2 1103
1 52 44 2 48 2 1 1104
0 22 29 63 15 45 3 1105
0 66 53 54 50 51 3 1106
1 38 53 80 47 79 1 1107
0 7 6 46 6 50 5 1108
1 117 50 49 55 51 1 1109
0 63 46 4 43 4 6 1110
1 54 5 67 6 60 2 1111
0 53 49 39 52 45 5 1112
1 90 38 21 38 28 1 1113
1 79 53 57 54 53 1 1114
1 136 50 2 43 2 1 1115
0 114 45 3 43 4 3 1116
1 17 51 78 52 76 1 1117
1 121 69 45 66 48 1 1118
0 80 65 92 61 92 3 1119
1 90 49 49 46 46 2 1120
0 63 58 75 56 51 3 1121
0 62 62 1 55 1 3 1122
1 56 51 45 52 52 5 1123
0 76 62 51 70 42 3 1124
0 90 55 80 56 78 3 1125
0 38 59 28 55 28 3 1126
0 131 53 47 53 42 3 1127
0 65 69 33 48 44 3 1128
0 2 56 80 50 80 3 1129
1 120 32 57 50 38 1 1130
1 143 32 42 26 29 2 1131
0 132 48 81 49 79 3 1132
0 72 67 34 66 44 5 1133
0 102 62 39 50 51 5 1134
0 106 5 72 5 68 3 1135
1 130 57 61 50 58 1 1136
1 92 44 4 38 5 1 1137
1 51 58 25 56 17 1 1138
0 87 43 68 35 86 3 1139
0 133 46 69 50 64 3 1140
1 112 40 13 38 14 2 1141
1 51 60 22 63 19 1 1142
0 76 6 41 6 35 3 1143
1 132 46 62 58 44 2 1144
0 64 40 44 29 38 3 1145
1 18 68 43 63 39 1 1146
0 22 51 53 56 41 3 1147
0 105 71 39 65 45 3 1148
1 13 46 2 49 2 1 1149
1 74 79 5 81 6 1 1150
0 88 36 52 38 48 3 1151
0 82 51 59 48 56 3 1152
1 12 53 1 50 2 2 1153
1 39 35 16 46 34 1 1154
1 142 49 59 45 60 2 1155
0 108 30 60 27 62 3 1156
0 131 33 42 32 45 3 1157
0 102 5 36 6 34 6 1158
0 121 41 30 35 44 3 1159
0 10 52 46 58 24 3 1160
0 26 67 42 59 43 3 1161
0 86 59 75 56 76 3 1162
1 20 66 41 66 38 1 1163
1 32 6 46 5 52 3 1164
0 124 90 24 91 17 6 1165
0 86 31 44 31 41 3 1166
1 51 71 30 68 33 1 1167
1 51 31 49 32 46 2 1168
0 25 60 50 63 46 3 1169
0 68 43 18 63 43 5 1170
1 111 68 41 63 28 4 1171
1 125 50 32 50 28 3 1172
1 17 56 35 57 38 1 1173
1 11 42 40 40 37 1 1174
1 129 47 2 51 2 4 1175
1 43 29 53 26 57 1 1176
1 115 61 71 54 77 1 1177
1 55 61 33 56 32 1 1178
0 6 87 94 88 92 5 1179
0 18 6 27 6 21 3 1180
0 84 47 2 53 1 3 1181
0 85 3 96 1 95 3 1182
1 14 50 50 53 51 3 1183
1 34 52 82 51 79 5 1184
0 27 56 35 44 45 4 1185
1 5 98 22 98 28 1 1186
1 91 53 43 52 49 1 1187
1 39 55 47 54 43 2 1188
1 139 67 49 59 66 1 1189
1 16 68 39 68 18 1 1190
1 122 45 45 40 48 1 1191
0 130 43 4 40 4 3 1192
0 32 68 39 58 45 3 1193
0 24 68 40 65 41 3 1194
0 132 64 36 53 44 3 1195
1 129 42 30 36 42 1 1196
1 74 47 19 51 19 6 1197
1 139 52 51 56 41 5 1198
1 26 54 45 55 50 1 1199
1 29 63 69 59 71 2 1200
0 136 51 33 31 42 3 1201
0 0 40 12 48 7 3 1202
1 29 62 39 62 31 1 1203
0 14 53 46 52 48 3 1204
0 16 67 48 67 41 3 1205
1 32 63 49 61 47 3 1206
1 78 91 41 89 55 1 1207
0 68 53 38 56 35 3 1208
1 114 41 38 42 36 1 1209
0 105 69 35 71 34 3 1210
1 83 45 30 32 35 2 1211
1 82 40 14 37 13 4 1212
1 61 25 52 29 46 1 1213
0 93 92 27 92 31 5 1214
0 32 60 51 55 57 3 1215
0 88 52 62 44 87 5 1216
1 32 56 31 65 9 2 1217
0 58 63 1 60 1 3 1218
0 77 56 2 60 1 3 1219
0 86 7 42 5 30 5 1220
0 48 55 18 63 18 3 1221
1 42 67 73 70 73 2 1222
1 12 51 50 27 58 4 1223
1 21 58 49 60 41 4 1224
1 71 44 11 42 13 3 1225
1 98 54 33 56 27 1 1226
0 46 61 32 62 37 3 1227
1 126 51 49 40 74 5 1228
1 38 59 38 60 36 1 1229
0 72 98 19 98 11 3 1230
1 84 41 36 33 39 1 1231
0 121 43 38 41 42 3 1232
0 30 49 55 45 60 3 1233
1 27 5 37 6 31 6 1234
1 116 98 10 98 15 1 1235
0 89 61 38 42 39 3 1236
1 51 61 71 61 74 3 1237
1 21 90 90 86 90 1 1238
0 113 45 3 28 4 3 1239
0 93 60 31 62 30 3 1240
0 68 49 37 52 38 3 1241
0 10 47 28 44 38 5 1242
0 36 92 34 91 31 3 1243
1 104 46 47 47 49 4 1244
1 107 46 3 49 2 1 1245
0 32 41 13 35 14 3 1246
1 109 55 52 60 49 4 1247
1 122 54 80 52 79 1 1248
1 67 7 53 6 50 2 1249
0 113 50 24 52 23 3 1250
1 34 70 37 68 46 2 1251
1 108 64 1 53 3 1 1252
0 113 60 23 53 31 3 1253
1 39 58 42 55 42 5 1254
0 137 51 60 53 56 3 1255
0 129 47 47 47 52 6 1256
1 60 64 30 65 24 4 1257
0 141 57 38 38 27 3 1258
1 95 68 27 64 19 1 1259
0 99 21 19 41 22 3 1260
0 90 56 28 61 31 3 1261
0 38 40 35 37 40 3 1262
0 52 46 44 47 41 3 1263
1 12 63 40 60 44 2 1264
1 63 72 66 70 70 1 1265
0 32 50 42 46 48 3 1266
1 136 55 40 56 38 1 1267
1 22 31 34 25 42 5 1268
0 36 28 54 27 59 3 1269
1 133 61 37 58 42 1 1270
1 94 32 47 30 52 1 1271
1 90 58 33 52 42 1 1272
0 77 56 2 60 1 3 1273
1 54 55 53 50 48 5 1274
1 17 49 21 46 20 2 1275
1 53 55 38 54 44 1 1276
0 61 57 30 55 32 3 1277
1 48 50 57 51 55 1 1278
0 121 60 0 57 0 3 1279
0 51 59 36 62 32 3 1280
1 33 54 80 51 80 1 1281
1 143 34 45 29 47 1 1282
0 5 42 17 44 18 3 1283
0 28 62 81 71 75 3 1284
1 56 50 60 47 58 1 1285
1 71 60 41 49 55 1 1286
0 4 67 92 65 95 3 1287
0 56 66 93 62 94 3 1288
0 52 36 13 40 12 3 1289
0 0 47 46 43 54 3 1290
0 64 27 51 25 54 3 1291
1 16 67 34 61 29 1 1292
1 136 56 40 59 33 1 1293
1 85 47 54 49 51 2 1294
1 128 36 13 43 12 1 1295
1 124 69 34 66 35 1 1296
0 4 47 72 49 67 3 1297
1 44 51 57 58 37 3 1298
0 60 46 22 49 21 5 1299
0 73 56 39 60 39 5 1300
0 0 32 45 30 46 3 1301
0 83 57 39 55 41 4 1302
0 31 83 4 81 5 3 1303
0 122 91 32 91 35 3 1304
0 100 78 7 80 6 3 1305
1 28 80 6 70 6 1 1306
0 108 30 47 28 64 3 1307
1 43 56 51 54 53 1 1308
1 87 6 43 5 45 1 1309
0 104 56 37 57 39 5 1310
1 38 66 74 70 72 5 1311
0 96 39 10 0 6 6 1312
0 138 56 29 55 31 3 1313
0 140 92 34 91 32 3 1314
1 73 76 5 81 5 1 1315
1 53 6 55 6 52 1 1316
0 102 59 42 45 57 3 1317
0 19 69 40 70 42 3 1318
1 56 53 48 44 49 1 1319
0 97 42 13 38 12 3 1320
1 88 60 34 65 28 1 1321
1 18 31 46 29 47 1 1322
0 128 69 69 70 72 3 1323
0 91 62 36 55 46 3 1324
1 40 5 70 5 67 2 1325
0 87 47 51 47 41 3 1326
1 95 30 51 28 54 3 1327
0 101 5 40 5 37 3 1328
1 64 30 49 27 59 1 1329
0 96 25 46 29 46 5 1330
1 54 63 40 50 49 2 1331
0 13 56 30 72 31 3 1332
0 9 53 44 55 49 3 1333
1 38 63 29 65 27 1 1334
0 102 49 55 50 48 4 1335
0 72 98 14 98 17 3 1336
0 74 44 2 47 2 3 1337
1 32 33 46 28 36 1 1338
1 14 98 19 98 16 2 1339
0 81 67 92 64 92 3 1340
0 115 58 19 56 18 3 1341
1 38 51 42 55 35 1 1342
0 24 51 42 49 43 3 1343
0 115 52 24 52 31 3 1344
0 38 62 26 59 27 3 1345
1 67 51 80 55 80 3 1346
1 14 31 45 30 50 3 1347
0 83 55 37 48 39 3 1348
0 60 54 56 56 50 3 1349
0 11 44 32 42 31 3 1350
1 7 6 42 6 54 5 1351
0 9 54 39 57 39 3 1352
0 138 56 78 51 78 3 1353
0 23 45 3 42 4 5 1354
1 137 54 43 55 40 1 1355
0 102 56 52 55 48 3 1356
1 106 50 40 53 46 1 1357
0 79 59 32 55 31 3 1358
0 38 70 72 68 73 3 1359
1 54 6 33 5 36 2 1360
1 83 40 14 37 13 2 1361
1 92 81 6 83 4 5 1362
0 50 61 30 56 46 3 1363
0 108 56 2 60 2 3 1364
0 71 32 48 30 54 3 1365
1 134 81 6 83 4 4 1366
0 143 33 43 32 37 3 1367
0 111 6 49 2 18 3 1368
0 109 57 47 64 44 3 1369
1 96 48 51 51 49 1 1370
0 8 41 11 36 13 3 1371
1 97 47 4 41 4 1 1372
0 83 71 36 70 45 3 1373
1 100 89 92 87 90 1 1374
1 71 44 11 41 11 1 1375
1 68 49 54 54 51 1 1376
0 11 91 33 90 36 3 1377
1 106 45 19 39 18 1 1378
1 65 52 45 24 44 1 1379
0 56 68 35 65 43 3 1380
0 78 44 3 40 4 3 1381
0 18 90 26 92 32 3 1382
1 63 90 36 92 32 2 1383
0 36 54 33 59 29 3 1384
0 32 56 52 60 51 3 1385
1 139 92 23 91 31 2 1386
1 71 59 36 51 44 3 1387
0 18 75 6 79 0 3 1388
1 139 70 6 80 6 1 1389
0 19 45 18 57 13 3 1390
0 137 36 27 62 30 3 1391
1 96 53 47 55 45 1 1392
0 38 6 46 6 32 3 1393
1 87 46 60 49 54 2 1394
1 64 64 32 68 35 2 1395
1 30 40 12 44 10 1 1396
0 117 38 58 26 55 3 1397
1 58 49 19 53 17 2 1398
0 39 68 33 48 44 3 1399
0 141 70 35 69 40 3 1400
1 32 60 51 52 60 1 1401
0 108 64 41 67 37 3 1402
0 12 51 29 60 30 3 1403
1 96 64 34 56 21 2 1404
0 24 18 14 26 25 3 1405
1 72 87 93 89 92 2 1406
0 90 63 21 60 25 5 1407
1 56 54 80 58 80 3 1408
0 96 73 31 73 37 3 1409
0 10 42 3 46 3 5 1410
0 82 53 41 54 43 5 1411
0 120 47 58 45 61 3 1412
1 71 6 38 3 13 4 1413
0 91 53 48 44 45 3 1414
0 98 46 49 32 56 3 1415
1 65 65 51 64 53 2 1416
0 50 50 32 48 28 3 1417
1 93 41 36 43 34 1 1418
1 64 63 44 55 36 1 1419
0 41 60 45 58 37 3 1420
0 125 62 2 78 5 3 1421
1 50 53 41 44 52 1 1422
0 98 67 74 59 75 3 1423
1 139 58 1 63 1 2 1424
0 36 64 41 61 40 6 1425
1 127 7 45 6 40 1 1426
1 102 50 18 48 19 1 1427
0 96 38 31 46 56 3 1428
1 139 65 37 59 45 1 1429
0 58 61 42 58 39 3 1430
0 39 68 43 63 44 3 1431
0 40 6 66 4 68 3 1432
0 23 57 30 58 33 3 1433
0 57 68 34 67 44 3 1434
0 102 58 22 50 28 3 1435
0 54 61 13 58 17 3 1436
1 33 46 20 49 18 5 1437
0 3 60 30 59 36 3 1438
0 39 53 56 46 72 3 1439
0 114 56 45 48 41 3 1440
0 78 58 42 55 41 3 1441
0 34 46 3 39 4 5 1442
1 128 57 28 58 25 5 1443
1 102 70 71 68 70 5 1444
0 65 33 45 32 50 3 1445
0 88 77 6 81 6 3 1446
1 91 63 47 70 44 1 1447
0 39 71 41 65 46 3 1448
1 76 46 41 50 37 2 1449
0 10 55 37 63 38 3 1450
1 40 48 3 42 2 3 1451
0 48 28 49 32 43 5 1452
1 123 56 63 57 49 1 1453
1 64 56 29 60 30 5 1454
1 26 67 74 65 77 1 1455
0 120 48 3 42 4 3 1456
1 121 60 42 48 58 4 1457
1 71 58 61 56 59 1 1458
0 130 64 39 56 39 3 1459
1 14 43 65 47 52 2 1460
0 107 62 40 61 36 3 1461
1 126 65 95 65 92 1 1462
0 143 27 50 31 38 6 1463
1 141 61 1 40 2 1 1464
1 119 59 43 59 60 1 1465
0 39 60 42 55 49 4 1466
1 117 55 77 49 83 4 1467
0 56 53 49 50 49 3 1468
1 127 69 72 68 74 1 1469
0 130 42 3 49 2 3 1470
0 87 62 50 55 52 3 1471
0 22 60 22 55 22 4 1472
0 143 98 24 98 18 3 1473
1 83 79 5 81 6 2 1474
1 62 52 55 51 48 1 1475
0 16 36 13 39 13 3 1476
0 92 69 25 43 18 3 1477
0 52 74 31 64 51 3 1478
0 100 53 34 50 36 3 1479
0 116 62 44 72 51 3 1480
0 26 50 49 44 61 3 1481
0 65 81 3 75 4 4 1482
0 125 57 47 61 49 3 1483
0 66 50 33 47 32 3 1484
1 9 52 34 59 37 1 1485
1 103 56 40 33 43 1 1486
0 137 31 52 32 44 6 1487
1 8 55 27 52 33 1 1488
0 66 52 27 52 24 4 1489
1 127 53 41 49 55 2 1490
1 104 55 41 16 21 3 1491
0 130 51 42 52 39 3 1492
0 116 5 42 6 40 3 1493
1 28 45 43 47 52 2 1494
0 42 66 38 68 40 4 1495
0 46 50 19 30 18 3 1496
1 27 5 71 6 65 1 1497
1 35 68 74 71 69 3 1498
0 34 54 75 58 71 3 1499
1 35 54 80 57 80 1 1500
1 122 6 68 6 65 5 1501
0 82 68 70 69 73 3 1502
0 27 6 49 5 54 3 1503
1 41 55 39 61 34 4 1504
0 97 61 31 64 35 3 1505
1 107 41 33 41 42 2 1506
1 53 47 45 51 9 1 1507
1 78 54 40 50 47 1 1508
0 4 36 13 33 15 3 1509
0 69 49 4 41 4 3 1510
0 78 91 34 92 31 3 1511
1 137 6 41 7 10 2 1512
1 10 68 43 63 52 6 1513
0 66 45 37 42 30 3 1514
0 45 66 38 67 43 3 1515
1 1 57 45 55 43 3 1516
0 119 34 4 37 4 3 1517
1 36 29 54 28 60 1 1518
1 108 56 1 51 1 1 1519
0 37 6 29 6 43 3 1520
0 102 53 54 48 64 3 1521
0 19 59 36 57 48 3 1522
1 78 54 42 61 36 2 1523
0 92 58 17 53 19 3 1524
1 102 50 20 45 20 1 1525
0 143 33 50 32 45 4 1526
1 94 32 51 34 43 5 1527
1 102 45 49 42 61 1 1528
1 143 45 20 50 19 1 1529
1 121 64 41 61 51 1 1530
0 10 47 41 47 52 3 1531
1 128 57 80 51 81 1 1532
0 60 62 15 56 13 4 1533
1 71 62 49 62 46 1 1534
1 23 57 33 60 26 1 1535
1 137 46 2 51 2 6 1536
1 103 61 21 46 41 3 1537
0 43 54 44 48 26 3 1538
0 111 51 26 53 28 3 1539
1 135 56 77 60 77 4 1540
1 17 52 45 52 48 1 1541
1 122 69 37 65 43 1 1542
1 10 61 51 62 42 4 1543
1 12 66 44 63 49 1 1544
0 60 43 17 53 18 3 1545
0 9 54 39 56 40 3 1546
0 55 43 78 59 73 3 1547
1 113 52 35 55 31 2 1548
0 25 56 18 60 17 4 1549
1 138 43 57 47 50 2 1550
1 37 67 42 66 45 1 1551
1 34 53 75 57 75 1 1552
0 35 55 27 51 27 5 1553
0 83 51 46 57 45 3 1554
1 76 57 49 55 53 2 1555
0 40 58 34 59 36 3 1556
1 18 90 37 91 39 1 1557
0 88 33 40 35 37 3 1558
1 19 53 43 49 61 1 1559
0 132 53 43 54 45 3 1560
1 117 48 29 49 33 4 1561
1 113 62 1 65 1 1 1562
0 96 6 57 6 54 3 1563
1 73 55 47 53 54 1 1564
1 68 58 40 59 37 3 1565
1 57 89 93 86 94 4 1566
0 141 52 44 48 53 3 1567
1 114 50 78 56 75 1 1568
1 137 46 45 49 48 2 1569
1 75 55 80 50 81 2 1570
0 42 79 92 85 94 3 1571
1 1 6 54 6 61 1 1572
1 96 35 14 41 13 5 1573
0 79 57 1 60 1 3 1574
1 56 50 44 48 43 4 1575
0 82 21 19 52 46 3 1576
1 143 37 13 34 14 1 1577
0 18 41 61 43 56 3 1578
0 117 56 42 50 62 5 1579
0 71 58 72 54 77 3 1580
1 136 68 41 70 34 2 1581
0 115 98 21 98 18 3 1582
0 130 63 39 56 22 3 1583
0 76 26 33 33 30 3 1584
0 60 73 68 98 64 3 1585
1 99 53 42 50 41 1 1586
0 63 48 4 38 3 3 1587
0 87 46 64 42 85 3 1588
0 103 68 71 68 74 3 1589
0 32 6 33 5 35 3 1590
1 132 6 32 6 40 4 1591
0 27 6 68 5 66 6 1592
1 5 42 55 24 44 1 1593
0 94 6 67 5 70 3 1594
1 74 55 73 57 77 1 1595
1 94 5 67 3 64 2 1596
0 87 64 46 52 48 3 1597
0 52 51 48 50 46 3 1598
0 17 7 49 6 47 5 1599
1 132 45 45 47 43 6 1600
1 116 56 37 54 44 2 1601
0 99 68 43 64 44 3 1602
0 2 56 80 53 80 5 1603
0 142 41 36 40 45 3 1604
1 10 44 37 43 39 5 1605
1 5 53 71 50 44 3 1606
0 1 67 92 66 94 3 1607
0 46 50 19 48 21 4 1608
1 55 88 93 87 91 2 1609
0 80 31 44 33 42 3 1610
0 40 58 17 60 16 4 1611
1 92 54 42 56 40 1 1612
1 25 59 29 61 30 1 1613
1 110 47 71 54 54 1 1614
0 97 53 41 53 50 3 1615
0 41 31 51 34 40 3 1616
0 6 87 94 82 94 3 1617
0 29 52 45 59 41 3 1618
1 122 56 44 53 49 1 1619
1 9 61 22 61 28 1 1620
1 72 98 22 98 18 6 1621
0 85 47 39 46 47 3 1622
0 14 65 53 67 46 3 1623
1 62 62 22 55 12 1 1624
1 26 69 45 72 34 5 1625
0 59 57 20 51 20 3 1626
1 70 32 41 32 48 1 1627
1 126 53 44 55 48 2 1628
1 56 54 39 51 43 1 1629
0 53 56 31 58 28 3 1630
1 31 50 64 53 54 3 1631
1 53 57 26 54 36 1 1632
0 96 98 21 98 18 3 1633
1 31 26 57 27 53 1 1634
0 41 46 58 44 62 3 1635
1 0 43 4 40 5 2 1636
0 4 68 41 67 38 6 1637
1 128 58 40 56 41 1 1638
0 143 54 75 57 75 3 1639
0 102 53 43 54 52 3 1640
1 52 87 4 85 5 1 1641
0 97 57 41 56 38 3 1642
1 57 55 80 58 80 1 1643
0 22 28 57 31 55 5 1644
1 141 48 42 46 7 1 1645
0 43 61 44 62 41 3 1646
0 90 48 44 47 50 5 1647
1 46 41 20 46 18 2 1648
0 116 55 58 57 63 3 1649
1 0 35 40 34 44 1 1650
1 33 43 3 39 3 1 1651
0 23 31 55 32 39 3 1652
1 128 56 30 52 41 2 1653
1 66 56 18 42 26 3 1654
1 41 65 37 55 52 1 1655
0 82 53 44 54 51 5 1656
0 14 59 37 58 39 3 1657
0 102 54 43 50 48 3 1658
0 93 62 33 64 34 3 1659
1 69 45 4 41 4 1 1660
0 14 48 52 46 69 3 1661
1 117 50 49 52 52 1 1662
1 47 67 50 50 69 2 1663
0 91 61 72 57 74 3 1664
0 1 67 93 64 95 3 1665
0 6 50 18 52 19 3 1666
1 126 5 41 6 34 1 1667
0 34 56 72 61 71 3 1668
0 122 68 70 67 74 3 1669
1 28 86 4 83 3 1 1670
0 143 68 43 69 40 3 1671
0 80 31 47 32 39 3 1672
0 0 72 38 69 39 3 1673
0 106 64 41 62 46 3 1674
0 56 60 34 53 43 3 1675
1 112 42 11 40 13 2 1676
1 21 48 3 43 3 1 1677
1 24 49 33 49 37 3 1678
0 63 91 32 90 25 3 1679
0 117 59 40 58 42 3 1680
1 19 32 57 38 59 1 1681
0 16 36 13 40 11 3 1682
0 44 54 42 58 40 5 1683
1 74 92 32 92 28 1 1684
1 136 87 4 85 5 5 1685
1 53 58 26 53 32 1 1686
0 5 68 40 66 7 3 1687
1 46 54 77 50 78 1 1688
1 35 46 2 49 2 2 1689
1 7 31 57 31 49 3 1690
1 39 61 35 62 29 3 1691
0 130 5 41 6 34 3 1692
1 66 64 46 69 38 1 1693
0 26 91 36 91 32 4 1694
1 72 43 2 48 2 1 1695
0 111 34 44 33 46 3 1696
1 138 36 4 47 4 1 1697
0 60 56 63 55 67 3 1698
1 18 55 54 57 55 3 1699
1 28 46 3 40 3 6 1700
0 59 55 26 57 22 3 1701
1 32 59 42 59 36 1 1702
1 141 54 54 56 41 1 1703
0 11 40 4 36 5 3 1704
0 128 36 43 40 44 3 1705
1 3 60 18 56 18 3 1706
0 0 43 41 38 40 3 1707
1 139 69 70 68 74 2 1708
0 16 61 41 62 43 3 1709
1 142 98 18 98 21 4 1710
0 134 62 84 71 68 3 1711
0 45 92 28 92 32 3 1712
0 24 61 18 51 20 3 1713
0 56 44 67 49 67 3 1714
1 108 54 1 66 1 5 1715
0 33 42 59 48 43 3 1716
1 127 71 38 68 41 1 1717
0 69 66 31 71 27 3 1718
1 83 55 35 53 40 6 1719
1 123 46 3 50 2 4 1720
0 141 53 41 57 42 3 1721
1 78 6 28 6 48 1 1722
1 4 53 41 48 52 1 1723
1 97 5 54 6 45 1 1724
1 102 52 45 54 41 2 1725
1 88 32 47 33 43 2 1726
0 82 62 44 56 53 3 1727
1 5 58 34 53 34 2 1728
1 118 51 46 44 61 1 1729
0 38 57 33 56 30 5 1730
0 31 57 2 59 1 3 1731
1 36 67 35 60 30 5 1732
0 91 53 40 49 37 6 1733
0 96 31 43 34 45 5 1734
1 64 43 12 40 12 1 1735
0 8 56 80 52 80 3 1736
0 137 59 54 55 64 3 1737
0 115 4 74 5 69 3 1738
1 75 54 18 60 17 1 1739
1 19 36 15 66 25 1 1740
1 45 52 19 58 17 1 1741
1 8 56 27 59 32 1 1742
1 104 63 31 64 26 1 1743
1 107 55 45 53 26 2 1744
1 76 6 38 5 52 1 1745
0 137 46 2 51 2 3 1746
1 56 58 37 58 42 1 1747
0 0 62 46 56 40 3 1748
1 67 58 80 51 80 3 1749
1 24 47 58 53 45 6 1750
0 64 27 43 31 42 3 1751
0 5 51 18 49 19 5 1752
0 30 61 32 62 34 3 1753
0 64 88 2 84 4 3 1754
0 50 86 92 89 90 3 1755
1 57 59 76 51 77 6 1756
0 103 54 44 58 41 3 1757
1 80 50 38 51 25 1 1758
1 131 70 73 65 77 1 1759
1 104 88 93 86 94 1 1760
1 52 71 39 70 34 1 1761
1 130 50 65 49 70 5 1762
1 130 63 43 66 43 2 1763
1 108 57 2 64 1 1 1764
1 53 54 32 40 39 1 1765
0 42 63 35 48 50 3 1766
1 23 59 73 55 75 2 1767
1 33 59 56 57 60 3 1768
0 106 5 58 5 79 5 1769
0 73 61 38 59 35 3 1770
0 57 53 50 46 48 3 1771
1 60 62 23 53 21 4 1772
0 50 53 21 53 17 3 1773
0 5 41 75 44 51 3 1774
0 108 90 38 92 33 5 1775
0 131 98 21 98 24 3 1776
0 136 59 17 57 18 3 1777
0 62 47 88 48 84 3 1778
1 74 47 4 44 4 1 1779
1 88 57 60 36 98 1 1780
1 0 31 46 31 43 2 1781
0 96 54 40 46 38 3 1782
1 66 70 33 69 35 1 1783
1 15 45 38 51 47 2 1784
0 90 60 25 59 27 3 1785
1 53 50 35 51 6 1 1786
0 66 55 18 46 18 3 1787
1 46 57 60 58 52 4 1788
1 113 91 26 91 29 1 1789
1 9 89 92 87 94 1 1790
1 1 53 47 47 58 3 1791
0 29 51 29 52 31 6 1792
0 134 55 44 60 33 4 1793
1 48 27 50 32 42 1 1794
0 8 44 35 43 32 3 1795
1 43 86 3 84 4 5 1796
0 6 71 68 69 74 3 1797
1 79 34 41 32 37 4 1798
1 77 61 28 59 23 3 1799
1 45 49 57 56 42 3 1800
0 129 59 35 57 38 3 1801
1 78 51 80 54 81 1 1802
0 27 30 50 26 65 3 1803
0 118 29 57 30 54 3 1804
1 67 5 68 6 66 1 1805
1 138 49 19 45 18 3 1806
0 40 65 45 60 40 6 1807
0 98 98 23 98 16 3 1808
0 102 49 20 50 18 3 1809
0 33 62 24 60 23 3 1810
0 27 5 70 5 73 5 1811
0 137 29 58 27 59 3 1812
1 103 58 75 55 75 1 1813
1 34 58 42 18 34 3 1814
0 39 69 38 69 26 3 1815
0 113 72 67 71 70 3 1816
0 49 53 38 52 42 3 1817
0 95 50 16 51 19 3 1818
0 87 57 29 50 27 3 1819
0 18 56 55 57 61 3 1820
1 130 57 46 61 49 1 1821
0 0 46 2 52 2 3 1822
0 63 91 18 92 32 3 1823
1 34 41 3 39 4 2 1824
1 86 69 40 67 44 1 1825
1 22 30 61 27 58 1 1826
1 15 56 76 58 62 1 1827
1 9 56 40 60 38 6 1828
0 96 65 12 62 13 3 1829
1 117 49 49 51 46 5 1830
1 37 6 36 5 33 2 1831
1 96 31 50 33 43 1 1832
0 88 48 19 40 16 6 1833
1 122 49 2 46 2 1 1834
1 50 57 17 54 22 1 1835
1 98 61 40 55 52 1 1836
1 122 31 34 25 52 1 1837
0 36 51 55 49 54 3 1838
1 19 67 48 64 46 1 1839
1 138 47 45 47 48 1 1840
0 112 23 19 27 27 3 1841
1 98 70 40 69 42 1 1842
1 130 57 49 53 46 6 1843
0 12 46 50 42 58 3 1844
0 139 42 62 43 56 3 1845
0 121 70 69 68 70 3 1846
1 86 5 51 4 49 3 1847
0 25 48 2 39 2 3 1848
0 120 54 50 53 47 4 1849
0 25 55 74 50 80 3 1850
1 7 7 39 6 55 3 1851
0 93 89 93 86 95 3 1852
0 34 55 74 60 76 3 1853
1 130 6 30 6 37 1 1854
0 98 42 35 43 42 3 1855
1 24 43 62 50 43 1 1856
1 0 39 14 42 11 2 1857
1 121 54 39 51 41 2 1858
1 127 48 41 47 49 1 1859
0 138 55 80 58 75 3 1860
1 47 6 33 6 28 2 1861
0 104 48 43 54 40 3 1862
1 143 29 52 33 45 1 1863
0 70 53 38 59 52 3 1864
1 131 58 39 55 39 1 1865
1 22 38 12 42 12 1 1866
1 14 60 34 60 31 1 1867
0 65 56 38 53 52 6 1868
1 93 40 51 41 74 1 1869
1 75 98 12 98 17 1 1870
1 140 68 42 65 44 2 1871
0 20 48 2 44 2 3 1872
1 21 63 49 60 49 1 1873
1 92 79 5 82 5 1 1874
1 72 98 19 98 22 1 1875
1 140 64 31 67 35 6 1876
1 60 50 45 47 47 1 1877
0 135 42 29 37 28 3 1878
1 121 48 55 49 58 1 1879
1 101 53 50 56 50 2 1880
0 129 55 18 61 19 3 1881
0 120 54 81 57 80 3 1882
1 141 48 63 48 56 1 1883
0 21 4 39 5 28 3 1884
1 48 58 42 51 57 1 1885
0 57 6 50 6 42 6 1886
0 59 52 53 50 60 3 1887
1 21 78 90 87 91 2 1888
0 131 47 46 50 37 3 1889
0 25 46 63 56 49 3 1890
1 32 61 38 56 43 6 1891
1 141 55 39 60 29 2 1892
0 27 6 41 6 44 5 1893
1 53 53 49 49 58 1 1894
0 84 61 39 60 34 3 1895
1 56 56 64 60 49 1 1896
0 126 6 54 6 46 6 1897
0 48 52 48 43 45 3 1898
1 121 46 19 45 17 1 1899
0 12 56 80 49 81 3 1900
1 125 6 40 2 20 1 1901
0 138 46 48 47 50 3 1902
1 14 52 19 48 20 1 1903
1 131 44 19 47 18 5 1904
1 65 36 46 37 44 5 1905
1 76 68 71 72 71 5 1906
0 8 42 60 44 55 6 1907
0 41 32 15 62 29 3 1908
1 48 49 53 54 57 1 1909
0 45 56 80 52 80 3 1910
0 40 57 75 60 77 3 1911
0 111 56 28 55 40 3 1912
1 52 53 44 50 47 2 1913
1 27 51 19 46 21 1 1914
1 92 70 36 71 42 1 1915
1 38 91 41 91 33 2 1916
0 32 53 42 48 56 3 1917
1 39 65 75 68 72 1 1918
0 5 60 37 58 39 3 1919
0 2 5 60 4 68 3 1920
0 79 41 33 43 32 3 1921
0 109 64 40 65 38 3 1922
0 98 49 36 55 29 3 1923
1 98 64 31 64 54 3 1924
1 10 60 45 54 49 1 1925
0 36 33 50 27 63 6 1926
1 111 56 57 48 60 1 1927
1 140 64 41 68 34 1 1928
0 137 47 3 49 2 3 1929
0 143 98 16 98 7 3 1930
1 36 66 80 70 68 2 1931
0 71 57 35 56 41 3 1932
0 67 54 80 58 80 6 1933
1 26 54 54 50 63 1 1934
1 100 50 48 56 39 1 1935
0 100 57 80 51 80 3 1936
1 127 58 16 59 26 1 1937
0 77 61 21 64 21 3 1938
0 28 33 56 38 35 3 1939
1 92 71 74 70 72 1 1940
1 87 51 63 36 58 3 1941
0 143 68 72 70 69 3 1942
0 69 44 54 31 55 3 1943
0 89 55 80 52 81 3 1944
1 0 98 27 98 15 1 1945
1 134 43 39 42 32 3 1946
1 96 30 51 32 42 5 1947
1 12 64 74 69 71 6 1948
1 21 47 4 36 4 1 1949
0 67 77 6 70 6 3 1950
0 143 41 5 44 4 3 1951
0 137 67 44 68 46 3 1952
1 141 49 51 54 55 1 1953
1 74 59 49 57 47 1 1954
1 111 68 36 70 33 1 1955
1 101 53 43 51 54 2 1956
0 88 6 35 5 44 3 1957
1 80 55 77 53 76 1 1958
0 24 56 47 52 47 3 1959
1 58 53 34 57 52 1 1960
1 49 55 39 60 38 2 1961
0 95 52 2 43 2 3 1962
0 82 51 50 55 39 3 1963
0 86 56 55 54 56 3 1964
0 47 50 49 45 49 3 1965
1 0 69 43 70 45 3 1966
0 46 59 55 55 52 3 1967
1 123 58 50 56 55 1 1968
0 73 47 48 44 53 3 1969
1 130 27 12 32 13 2 1970
0 107 45 32 44 38 3 1971
0 57 70 74 59 88 3 1972
1 81 5 69 6 66 1 1973
1 53 47 18 57 14 6 1974
0 74 54 50 54 47 4 1975
0 82 31 44 33 45 3 1976
0 119 54 37 50 44 3 1977
1 108 5 73 5 60 1 1978
0 131 31 46 33 43 3 1979
1 49 60 53 65 49 1 1980
1 63 90 43 91 39 1 1981
0 133 52 50 52 56 3 1982
1 96 41 41 42 39 1 1983
0 100 57 80 50 80 3 1984
1 24 52 47 58 45 2 1985
1 108 26 63 29 54 6 1986
0 17 6 42 6 50 3 1987
1 50 47 30 42 22 6 1988
1 5 55 51 54 71 1 1989
1 52 45 34 41 36 3 1990
1 73 57 80 54 80 2 1991
1 5 46 18 51 17 1 1992
1 121 41 64 43 65 1 1993
0 128 54 50 55 42 3 1994
0 132 71 37 68 42 3 1995
1 92 62 34 32 31 1 1996
0 72 58 27 55 28 3 1997
1 30 68 33 67 42 1 1998
1 130 54 39 59 43 2 1999
