1 90 14 0 48 2 4 0
0 43 64 42 60 49 3 1
0 130 61 39 50 51 5 2
0 35 55 80 36 80 3 3
1 135 47 55 41 76 3 4
0 11 55 49 44 66 3 5
0 126 31 78 53 76 3 6
0 19 49 21 51 20 3 7
0 41 48 56 44 62 3 8
0 108 5 72 6 63 3 9
1 112 43 11 40 13 2 10
0 58 53 44 48 50 3 11
1 141 57 37 63 30 1 12
0 136 82 4 80 6 3 13
0 66 56 20 52 20 3 14
1 75 69 44 49 43 1 15
1 128 37 15 40 13 2 16
1 24 53 45 57 46 4 17
0 77 51 28 50 30 3 18
0 126 62 69 60 71 3 19
1 26 49 42 58 27 5 20
0 74 29 52 31 49 3 21
1 62 92 32 91 34 3 22
0 25 62 39 56 39 3 23
0 16 62 39 61 42 3 24
1 120 60 25 47 27 1 25
0 51 57 39 59 41 3 26
1 4 64 48 68 42 1 27
0 10 53 50 49 51 3 28
0 20 25 61 26 50 3 29
0 92 52 20 59 17 3 30
0 106 6 46 5 38 6 31
0 137 6 32 6 38 3 32
1 9 66 92 65 94 1 33
1 99 32 46 27 60 1 34
1 3 91 40 90 45 1 35
1 108 5 70 6 66 1 36
0 88 53 59 51 61 4 37
0 35 48 30 28 24 3 38
1 0 78 6 72 6 1 39
0 33 48 60 47 62 3 40
0 65 49 27 50 33 3 41
0 18 6 41 4 22 3 42
0 139 56 40 58 43 3 43
0 38 59 26 57 28 3 44
0 69 64 41 69 35 3 45
1 24 41 43 39 38 5 46
1 139 52 24 46 31 1 47
0 85 30 53 28 59 3 48
0 120 47 52 42 71 3 49
1 61 68 69 64 75 1 50
0 128 52 25 50 27 3 51
0 51 55 72 49 79 3 52
0 32 24 53 27 51 3 53
0 132 68 42 63 45 3 54
0 126 39 75 43 77 3 55
1 8 89 92 85 95 2 56
1 124 91 28 90 36 2 57
1 64 27 56 34 45 3 58
1 130 57 49 43 46 1 59
0 136 50 45 51 43 5 60
0 130 54 58 56 60 6 61
0 3 48 2 52 2 3 62
0 26 49 55 56 24 3 63
1 45 50 56 27 26 2 64
1 84 58 39 54 45 3 65
1 124 52 41 50 43 1 66
0 49 68 44 70 41 3 67
0 100 64 41 58 43 3 68
1 17 54 1 46 2 5 69
1 8 77 7 78 4 1 70
0 23 56 76 54 77 3 71
0 46 78 6 81 5 3 72
0 75 87 3 85 4 3 73
0 4 49 55 56 30 3 74
0 107 88 94 86 95 3 75
0 52 43 38 41 42 3 76
1 96 43 4 30 4 2 77
0 116 81 6 83 4 3 78
0 108 61 35 60 39 3 79
0 112 50 38 47 45 3 80
0 89 69 35 67 39 3 81
0 107 38 41 42 39 5 82
1 56 55 50 56 41 1 83
0 77 31 46 34 43 3 84
1 13 54 44 50 35 1 85
0 40 67 92 59 90 3 86
1 77 55 2 59 1 5 87
1 76 49 37 44 10 1 88
0 130 6 37 6 34 3 89
0 55 61 32 41 31 3 90
1 65 53 44 57 48 1 91
0 30 27 48 29 35 3 92
0 94 66 93 65 95 3 93
1 10 69 68 70 70 1 94
1 16 34 45 31 33 6 95
1 1 30 77 62 70 2 96
1 93 42 38 37 42 5 97
1 140 6 54 5 69 1 98
0 64 41 11 39 12 3 99
0 124 92 23 89 30 3 100
0 1 64 16 59 17 3 101
0 106 68 27 66 28 3 102
0 18 50 61 52 64 6 103
1 70 70 36 70 41 1 104
1 16 6 30 5 38 1 105
0 112 80 6 82 5 3 106
1 94 6 67 6 64 1 107
0 4 60 14 67 6 3 108
0 32 55 53 56 43 3 109
1 53 56 54 55 56 1 110
1 8 50 18 48 19 1 111
1 106 6 44 6 49 1 112
1 79 71 34 65 43 6 113
1 10 41 42 37 42 1 114
0 75 45 62 44 64 3 115
0 84 59 91 66 92 3 116
0 86 55 45 44 61 3 117
1 113 66 25 68 28 1 118
1 53 58 20 51 19 1 119
1 128 61 41 23 44 1 120
1 60 49 20 53 17 1 121
1 58 56 39 57 46 5 122
0 21 56 49 60 47 3 123
0 25 61 29 54 34 3 124
1 79 48 62 59 29 1 125
1 52 54 51 52 45 5 126
1 132 57 2 62 2 1 127
0 57 68 69 71 72 3 128
1 77 5 45 5 48 2 129
0 17 43 12 38 14 3 130
0 139 52 51 49 49 3 131
0 140 81 2 86 5 3 132
1 23 61 28 59 32 1 133
0 92 47 59 45 60 3 134
0 133 43 75 42 68 5 135
1 113 45 3 48 4 1 136
1 37 60 17 52 17 1 137
0 38 83 5 70 6 3 138
0 4 64 44 61 52 5 139
1 47 55 79 55 75 1 140
0 88 53 18 51 20 3 141
0 132 70 73 69 75 3 142
1 46 43 19 50 27 2 143
1 80 69 41 64 38 6 144
0 91 54 41 51 56 3 145
1 97 33 69 55 47 1 146
1 141 37 34 41 45 1 147
0 32 33 13 36 11 4 148
1 108 92 35 92 24 1 149
0 0 59 55 53 68 3 150
0 98 53 33 55 28 3 151
1 19 33 52 31 50 2 152
1 115 45 50 27 25 1 153
1 43 59 28 58 31 2 154
0 111 56 80 52 80 3 155
0 34 55 43 56 45 3 156
1 11 41 20 29 17 1 157
0 0 51 59 49 66 3 158
1 137 19 58 11 57 1 159
0 66 52 46 45 52 3 160
0 21 58 49 61 46 3 161
0 29 33 48 32 45 3 162
0 87 56 53 42 52 3 163
0 126 61 38 44 40 3 164
0 108 91 18 90 29 3 165
1 129 71 68 69 69 1 166
1 140 55 40 59 38 1 167
1 3 66 48 48 44 6 168
1 64 53 39 50 42 1 169
1 78 6 44 7 40 3 170
1 86 47 43 45 52 2 171
0 89 62 33 43 32 3 172
0 127 52 44 56 39 3 173
0 137 31 42 25 77 5 174
1 122 58 47 56 50 3 175
0 24 52 45 48 46 3 176
1 38 45 3 41 2 5 177
1 38 47 41 58 28 1 178
0 102 54 44 66 28 6 179
1 54 65 91 67 93 2 180
1 65 61 50 54 52 1 181
1 121 6 27 6 31 1 182
0 87 6 28 5 48 3 183
0 13 66 45 69 37 5 184
0 102 57 29 49 15 3 185
0 53 65 41 68 33 3 186
0 105 59 38 50 43 3 187
0 122 5 38 4 34 3 188
1 93 55 41 42 51 1 189
0 93 90 36 91 28 3 190
1 141 59 33 54 36 3 191
0 85 62 26 39 36 3 192
1 24 49 45 49 54 1 193
0 119 47 3 41 3 3 194
1 37 7 51 6 64 1 195
0 66 42 39 45 13 3 196
1 25 56 41 61 39 5 197
0 108 1 58 2 63 3 198
1 46 60 2 58 1 2 199
0 27 5 69 6 65 3 200
1 141 60 51 56 53 5 201
1 57 53 75 56 77 1 202
1 24 59 34 56 39 1 203
0 126 62 22 61 29 3 204
0 103 56 29 54 37 3 205
0 120 48 16 48 21 3 206
1 107 36 41 34 37 5 207
0 57 62 39 89 24 3 208
1 26 44 53 49 38 6 209
0 108 42 58 44 51 3 210
1 27 68 36 69 40 1 211
1 53 31 47 30 62 1 212
0 76 24 49 64 41 5 213
1 102 59 57 57 59 1 214
1 52 64 41 63 43 5 215
1 57 41 4 49 3 1 216
0 24 32 55 27 61 3 217
1 25 45 4 39 5 2 218
1 142 88 93 85 94 1 219
1 130 60 39 51 37 1 220
0 123 53 16 60 18 3 221
1 21 86 95 87 93 1 222
1 70 56 15 51 17 2 223
0 58 52 45 56 47 3 224
0 77 57 2 60 1 3 225
0 103 58 73 49 85 3 226
1 112 91 32 92 27 1 227
0 56 4 49 6 29 3 228
0 81 48 41 57 47 3 229
0 48 68 42 65 40 3 230
1 84 55 80 52 80 1 231
0 135 28 40 26 39 4 232
1 125 48 29 50 27 2 233
1 86 98 8 98 18 1 234
1 40 52 59 56 65 1 235
1 111 52 45 52 58 1 236
0 55 6 35 6 30 4 237
0 93 92 31 90 37 3 238
1 89 55 80 59 80 1 239
1 26 69 43 69 40 1 240
0 12 56 40 50 54 3 241
0 44 59 37 63 34 5 242
1 72 53 49 52 51 1 243
1 14 87 93 84 94 1 244
1 32 42 10 38 10 1 245
1 138 47 32 46 49 1 246
1 9 52 55 47 59 1 247
0 105 55 18 52 19 3 248
1 104 59 24 51 30 2 249
0 60 46 20 53 17 3 250
1 143 57 43 45 44 2 251
1 15 59 2 56 2 1 252
0 10 29 54 33 44 3 253
0 38 65 74 70 72 3 254
1 15 52 60 56 50 2 255
1 7 67 41 66 48 1 256
1 0 57 34 59 24 3 257
0 102 45 21 49 20 3 258
0 128 58 76 61 73 3 259
0 102 58 39 54 44 3 260
0 10 47 60 50 53 3 261
0 51 32 78 46 89 3 262
0 95 67 70 69 72 3 263
1 97 46 43 29 42 1 264
0 102 55 45 55 54 3 265
0 140 66 40 67 38 3 266
0 75 59 36 36 28 5 267
1 70 27 50 34 42 1 268
0 55 62 52 65 49 4 269
1 48 43 11 32 13 5 270
1 60 61 41 57 58 2 271
0 139 90 40 90 43 3 272
0 33 47 3 44 3 3 273
1 88 67 39 69 45 6 274
1 116 6 57 7 43 5 275
1 32 62 36 58 44 1 276
1 95 52 27 47 29 1 277
0 2 55 80 47 81 3 278
0 117 50 45 54 41 3 279
0 49 55 43 54 41 3 280
0 73 50 80 47 80 3 281
1 91 50 47 50 57 1 282
1 100 87 3 85 4 1 283
0 32 54 36 56 35 3 284
1 128 46 31 53 27 5 285
0 137 8 26 10 38 3 286
1 112 51 25 50 33 2 287
0 88 68 39 71 30 3 288
0 79 31 50 28 58 5 289
0 20 64 1 55 2 3 290
1 132 58 46 54 43 1 291
0 2 45 51 47 43 3 292
1 62 89 24 91 26 4 293
0 131 52 60 51 62 3 294
0 95 92 31 92 34 3 295
0 26 53 46 32 43 3 296
0 115 53 31 34 40 5 297
1 63 92 30 91 36 1 298
1 129 49 49 46 55 1 299
0 12 61 1 64 1 3 300
1 51 47 18 50 18 1 301
1 60 50 65 44 61 4 302
1 52 69 44 65 43 1 303
0 98 64 42 62 41 3 304
0 73 64 44 65 46 3 305
1 58 60 2 55 2 2 306
0 3 53 1 51 2 3 307
0 10 61 42 55 51 3 308
1 125 48 48 51 47 1 309
0 66 37 40 45 33 4 310
0 103 57 30 61 25 3 311
0 64 40 4 30 5 3 312
0 66 71 39 71 34 3 313
0 88 40 10 37 11 3 314
1 108 32 48 33 43 1 315
0 26 50 49 46 56 3 316
1 39 6 47 6 44 1 317
0 89 58 38 60 37 3 318
0 64 52 19 55 21 5 319
1 143 60 38 58 37 1 320
1 100 56 80 50 81 1 321
0 141 45 32 45 27 3 322
0 141 57 44 55 45 3 323
0 20 51 47 49 50 3 324
1 9 55 41 37 51 1 325
1 24 44 37 43 32 5 326
1 49 59 1 63 1 3 327
0 36 46 53 47 51 3 328
1 17 61 36 55 42 1 329
0 94 5 75 6 68 3 330
0 22 92 29 91 27 3 331
1 71 54 53 49 50 3 332
0 63 92 27 89 24 3 333
0 105 86 94 88 93 3 334
1 136 59 18 56 13 4 335
1 77 87 3 83 3 2 336
0 19 58 27 56 29 3 337
0 53 48 36 59 26 3 338
0 129 46 50 23 18 3 339
0 6 56 2 41 1 3 340
1 104 58 42 55 41 1 341
1 72 52 34 50 39 1 342
1 138 54 19 45 19 2 343
0 46 53 74 52 77 3 344
0 37 89 92 84 94 3 345
1 133 41 36 36 41 1 346
1 117 61 42 55 46 5 347
1 66 55 18 61 19 2 348
0 65 56 40 51 46 3 349
0 40 6 48 6 52 4 350
1 83 78 6 81 5 6 351
0 20 69 41 67 38 3 352
0 115 57 72 50 79 3 353
0 101 51 50 53 46 3 354
1 40 61 41 65 37 2 355
0 115 49 78 55 76 3 356
0 44 63 41 60 42 3 357
1 125 49 53 49 46 2 358
0 117 59 45 55 25 3 359
0 109 56 30 63 26 3 360
1 105 70 43 67 43 2 361
0 36 59 29 60 27 3 362
1 72 49 61 45 59 1 363
0 39 45 61 46 55 3 364
0 1 52 19 53 12 3 365
1 10 60 51 64 44 5 366
0 17 46 52 47 49 3 367
0 67 54 80 49 81 3 368
0 121 6 30 5 56 3 369
0 117 66 28 58 45 3 370
1 75 67 42 69 40 1 371
1 65 27 60 24 79 1 372
0 104 38 4 35 4 3 373
1 54 62 39 47 45 1 374
1 34 91 31 90 36 1 375
0 58 61 36 63 37 3 376
1 98 57 38 58 48 1 377
1 36 27 64 26 67 1 378
0 103 59 27 59 23 5 379
1 91 53 75 56 82 1 380
0 132 71 32 74 30 5 381
1 88 67 41 54 44 1 382
0 130 54 55 40 56 3 383
1 22 72 38 71 27 3 384
1 139 61 31 61 37 1 385
1 116 57 16 51 30 6 386
0 71 6 54 4 58 3 387
0 96 51 61 54 60 3 388
1 0 60 45 62 41 1 389
0 87 68 42 66 44 3 390
1 100 60 23 60 29 2 391
0 41 3 96 4 94 6 392
1 91 40 4 44 4 2 393
1 120 57 73 54 73 2 394
0 127 45 21 50 20 3 395
0 12 81 6 99 3 4 396
0 46 57 49 56 52 3 397
1 140 68 77 68 74 2 398
0 120 29 47 29 54 3 399
0 14 62 40 58 46 3 400
1 128 57 29 59 23 2 401
1 96 53 43 41 45 2 402
0 63 63 29 54 22 3 403
0 9 66 41 66 49 3 404
1 126 57 41 43 54 2 405
0 95 68 41 63 43 3 406
1 66 60 19 56 18 3 407
0 136 63 1 59 1 3 408
0 100 55 40 53 24 3 409
1 118 51 19 57 13 2 410
1 121 89 92 86 94 2 411
1 16 68 28 68 22 1 412
1 116 61 21 62 29 4 413
1 79 32 45 30 25 1 414
0 140 62 35 58 33 3 415
0 78 55 80 59 80 3 416
0 46 61 50 58 58 3 417
1 102 51 58 54 53 1 418
1 8 68 42 68 39 1 419
0 51 82 5 80 6 5 420
1 41 50 55 52 50 1 421
1 15 47 3 28 2 4 422
1 23 68 40 60 54 1 423
0 43 64 41 62 46 5 424
0 11 50 52 48 60 3 425
0 104 67 35 66 47 3 426
0 88 48 56 42 42 5 427
0 61 66 73 70 72 3 428
1 139 6 27 5 41 5 429
0 40 51 62 54 56 3 430
0 137 32 49 34 44 3 431
0 9 55 42 50 43 3 432
0 78 58 80 53 80 5 433
0 33 53 45 50 48 3 434
0 16 70 35 71 32 3 435
0 87 61 39 56 52 5 436
0 64 41 13 33 16 3 437
0 97 60 72 59 70 3 438
0 14 59 36 61 37 5 439
1 38 50 27 52 24 1 440
0 97 46 3 41 4 3 441
1 46 61 37 51 58 3 442
0 91 67 35 68 42 3 443
1 82 43 39 40 44 2 444
0 75 59 19 56 14 3 445
0 114 32 42 30 45 3 446
1 130 42 40 41 42 1 447
1 3 49 2 52 1 2 448
1 36 68 33 62 31 1 449
1 10 55 60 51 51 1 450
1 98 58 27 54 34 1 451
1 39 51 35 57 37 6 452
1 113 14 10 58 26 3 453
1 59 55 66 45 77 2 454
0 29 52 51 61 33 3 455
1 65 31 52 28 56 1 456
1 64 54 56 51 60 2 457
1 44 56 40 55 48 3 458
1 9 68 70 70 72 3 459
0 27 56 18 29 14 3 460
0 62 61 1 56 2 3 461
1 132 46 3 39 3 1 462
1 24 54 40 58 39 1 463
1 68 46 41 52 41 1 464
0 78 38 29 34 27 3 465
0 1 47 16 43 18 3 466
0 67 56 80 59 80 3 467
1 8 54 27 58 33 1 468
0 74 50 2 47 2 3 469
1 127 55 50 53 52 3 470
0 102 45 20 49 20 3 471
0 122 50 49 52 46 3 472
0 96 98 25 98 19 3 473
0 86 55 42 48 49 3 474
1 128 59 26 53 43 5 475
1 139 51 45 44 76 1 476
0 83 6 29 5 26 3 477
1 19 32 49 32 46 1 478
0 60 60 42 58 52 3 479
1 96 6 31 6 47 1 480
0 103 58 26 61 23 3 481
1 40 59 16 57 18 5 482
1 110 98 15 98 27 1 483
0 80 32 49 28 33 3 484
1 119 56 75 63 69 1 485
1 96 42 61 43 53 1 486
1 121 98 18 98 12 1 487
0 66 6 33 6 64 5 488
1 57 6 53 6 49 1 489
1 15 62 1 54 2 4 490
1 128 48 28 50 27 3 491
1 111 5 27 6 29 1 492
1 43 61 51 44 48 1 493
1 123 62 35 57 37 1 494
1 81 6 60 6 65 1 495
1 139 91 35 90 37 1 496
1 86 6 29 3 55 5 497
1 15 63 46 64 42 1 498
1 45 51 81 48 80 3 499
0 87 46 59 49 53 3 500
1 46 50 19 45 20 2 501
0 80 91 35 91 24 3 502
0 48 50 49 48 52 3 503
0 52 69 40 72 34 3 504
1 24 43 32 43 23 2 505
1 132 62 35 63 37 1 506
0 115 48 29 43 27 3 507
0 129 83 4 82 6 3 508
1 112 56 39 56 35 1 509
1 56 87 4 84 5 3 510
0 65 51 49 57 43 3 511
1 44 59 28 63 31 4 512
0 83 55 36 53 32 5 513
1 76 59 47 50 50 1 514
1 124 65 1 63 2 1 515
0 142 58 17 60 19 3 516
1 3 57 46 61 39 4 517
1 80 50 19 46 21 3 518
0 96 6 51 6 61 3 519
0 87 60 18 53 18 3 520
1 102 49 59 48 67 1 521
0 91 54 44 52 43 6 522
0 64 57 36 58 42 3 523
1 14 54 19 51 20 1 524
0 119 98 31 98 24 3 525
1 22 6 64 5 67 3 526
1 120 50 77 56 74 1 527
0 130 48 2 52 1 3 528
0 112 29 48 16 49 3 529
1 20 65 43 59 60 2 530
0 52 49 47 47 50 3 531
1 132 52 47 55 40 1 532
1 47 60 32 56 38 1 533
0 137 8 26 14 36 6 534
0 133 30 14 61 41 3 535
1 67 5 69 6 67 6 536
0 87 60 30 60 27 5 537
0 39 53 51 49 53 5 538
0 21 58 49 56 52 3 539
1 107 43 35 40 37 1 540
1 86 85 92 87 94 1 541
1 96 34 44 33 46 3 542
0 52 64 47 69 42 3 543
0 26 60 26 63 22 3 544
0 24 54 41 56 40 3 545
0 10 33 34 24 24 3 546
0 39 59 37 55 42 3 547
0 72 54 43 53 46 3 548
0 19 46 26 43 32 3 549
1 20 61 42 56 29 1 550
1 39 71 39 64 45 2 551
0 115 42 56 31 55 3 552
1 92 68 47 64 46 6 553
1 94 67 42 66 39 1 554
0 116 87 2 84 4 3 555
0 88 63 25 57 33 3 556
1 93 47 59 54 41 1 557
0 128 33 44 31 50 3 558
1 12 42 21 44 22 3 559
1 52 40 38 42 41 3 560
0 20 41 30 31 27 3 561
0 65 54 45 60 40 3 562
0 107 54 38 54 43 3 563
1 73 54 56 46 44 2 564
0 26 49 53 50 51 3 565
0 65 6 39 5 41 3 566
0 14 43 58 43 54 3 567
0 88 58 37 60 36 3 568
0 0 67 33 69 34 5 569
1 68 58 36 54 46 5 570
1 125 58 36 30 31 2 571
1 60 48 19 45 20 1 572
0 143 52 42 54 49 3 573
0 137 46 37 55 26 3 574
1 112 6 36 6 14 1 575
0 32 61 32 61 39 3 576
0 72 52 43 53 40 3 577
0 110 43 64 41 65 5 578
1 97 30 77 50 74 1 579
0 94 32 50 28 37 3 580
1 36 53 33 49 36 2 581
1 79 61 36 57 39 1 582
0 64 31 42 36 29 3 583
0 104 63 44 62 46 3 584
1 71 68 39 67 41 1 585
1 130 53 44 43 42 1 586
1 128 58 37 61 41 3 587
0 135 41 42 43 31 5 588
0 115 98 22 98 17 3 589
1 32 55 38 57 34 1 590
1 122 62 30 77 8 1 591
1 41 50 53 53 47 1 592
0 126 39 12 37 14 4 593
1 10 36 30 39 29 2 594
0 21 71 68 68 73 3 595
0 27 51 49 49 51 3 596
1 27 5 69 5 73 2 597
0 143 57 53 54 56 3 598
1 120 58 75 56 79 2 599
1 130 6 33 6 30 2 600
1 24 98 19 98 22 2 601
0 36 63 20 58 29 3 602
1 43 46 58 47 50 1 603
0 2 55 48 59 31 3 604
0 79 89 92 86 94 3 605
0 14 98 9 98 19 3 606
1 1 66 93 70 89 6 607
0 66 73 33 67 47 3 608
1 135 91 36 92 34 3 609
0 19 49 17 50 19 3 610
0 137 19 58 26 66 3 611
1 125 36 10 40 11 1 612
0 68 54 18 50 37 3 613
0 25 58 33 59 25 3 614
1 96 55 45 51 49 2 615
1 127 47 42 47 51 3 616
1 40 34 43 29 35 4 617
1 33 91 32 92 24 1 618
0 5 57 40 57 48 3 619
0 72 98 20 98 17 3 620
1 44 56 42 59 38 5 621
0 87 60 31 55 20 3 622
1 48 91 40 91 33 1 623
1 27 51 46 48 68 1 624
0 35 62 41 65 31 3 625
1 143 33 50 31 51 1 626
1 50 53 46 50 51 1 627
0 124 91 33 92 37 3 628
1 104 47 41 43 9 5 629
1 94 42 31 42 24 2 630
1 66 6 32 6 36 2 631
0 96 21 61 53 35 3 632
0 93 45 34 43 30 5 633
1 18 4 38 6 35 2 634
0 96 45 50 47 56 3 635
0 99 53 62 55 63 3 636
1 31 63 1 57 1 2 637
0 41 5 46 6 44 3 638
1 137 65 43 68 39 1 639
1 130 68 33 68 43 3 640
0 25 64 76 70 68 3 641
0 64 46 32 51 25 3 642
0 136 98 19 98 25 3 643
1 66 38 41 43 40 2 644
0 87 5 38 5 45 3 645
0 62 63 2 61 3 3 646
1 116 45 19 50 18 6 647
1 68 57 31 56 34 1 648
1 98 6 54 6 44 3 649
1 123 3 96 1 95 1 650
0 82 68 73 71 75 3 651
1 108 67 39 64 44 2 652
0 67 49 48 47 52 3 653
0 69 69 35 64 51 3 654
0 57 60 28 54 38 3 655
0 35 55 27 51 28 3 656
1 127 54 20 57 19 2 657
1 19 47 36 52 26 6 658
1 19 50 20 52 19 5 659
1 139 84 1 82 4 1 660
0 1 58 39 51 49 5 661
0 49 58 80 55 80 3 662
0 97 52 57 53 55 3 663
1 10 47 51 48 54 1 664
0 32 39 37 49 11 3 665
0 120 56 49 61 38 3 666
1 79 56 19 59 19 5 667
0 5 49 55 54 52 3 668
1 82 68 72 64 75 1 669
1 121 6 30 6 35 1 670
1 20 86 4 85 99 1 671
0 101 62 39 64 27 5 672
0 134 5 27 6 19 3 673
1 77 27 25 55 44 1 674
0 141 60 24 54 32 3 675
1 123 70 31 68 38 1 676
0 74 49 18 47 19 3 677
0 102 50 18 46 20 3 678
0 74 89 93 86 96 3 679
1 142 68 72 66 74 1 680
1 126 7 48 2 20 5 681
1 63 67 36 68 33 1 682
0 74 52 63 52 60 3 683
1 32 70 6 80 6 1 684
0 82 56 39 47 56 3 685
0 123 56 41 54 51 4 686
1 76 69 70 70 74 2 687
0 118 64 16 50 19 3 688
1 115 89 92 87 93 2 689
0 70 88 3 83 4 3 690
0 42 31 50 31 55 3 691
1 69 59 28 59 25 1 692
0 13 52 52 54 50 3 693
0 57 54 47 48 51 3 694
0 108 67 39 63 44 3 695
0 129 49 79 53 81 3 696
1 115 53 80 47 80 1 697
1 10 54 61 55 59 1 698
1 49 88 93 86 91 3 699
0 47 6 49 6 54 3 700
1 141 33 45 24 61 1 701
0 51 55 30 58 31 3 702
1 64 44 33 48 33 1 703
1 133 6 29 6 40 1 704
0 38 52 33 48 34 3 705
0 13 45 64 50 60 4 706
0 41 60 69 49 65 3 707
1 63 6 36 6 29 1 708
0 130 68 38 62 28 3 709
1 14 62 17 59 16 1 710
1 102 45 70 42 70 1 711
1 12 31 51 33 47 2 712
0 66 37 42 42 35 3 713
0 143 47 20 53 18 3 714
1 64 87 5 85 6 1 715
1 114 47 4 45 3 2 716
1 130 53 17 45 20 1 717
0 65 31 45 31 58 3 718
1 10 66 93 61 92 1 719
1 32 32 44 29 46 6 720
0 29 62 2 65 1 3 721
1 125 82 6 77 3 4 722
1 67 57 36 56 34 1 723
1 123 46 20 52 18 1 724
0 137 31 46 32 44 3 725
0 40 72 70 70 72 3 726
1 27 31 57 32 45 1 727
0 109 88 93 79 91 3 728
1 100 5 38 6 26 1 729
1 12 54 52 45 60 4 730
0 32 22 10 32 12 3 731
1 54 71 33 67 27 3 732
0 107 51 80 54 81 3 733
0 9 44 33 47 59 3 734
0 119 63 47 52 70 3 735
0 3 36 13 44 12 3 736
1 87 51 49 51 55 2 737
0 65 33 44 32 47 3 738
1 92 61 18 64 17 2 739
1 132 6 67 3 77 1 740
0 57 41 4 39 5 5 741
0 98 61 16 58 16 3 742
1 86 5 63 7 48 1 743
1 89 66 38 66 42 1 744
0 28 66 94 64 96 5 745
0 14 56 18 53 19 3 746
1 53 70 70 68 74 1 747
1 46 58 36 31 14 2 748
1 52 66 43 68 41 6 749
1 117 87 3 85 4 1 750
0 25 59 24 56 35 3 751
0 65 80 5 78 6 3 752
0 103 50 44 54 44 3 753
1 67 52 51 40 48 1 754
0 34 62 17 34 19 3 755
0 48 38 14 40 13 5 756
0 0 64 42 62 48 3 757
0 143 41 12 17 14 3 758
1 66 70 73 74 67 1 759
0 128 91 32 92 30 3 760
0 46 67 92 64 96 3 761
0 80 15 49 25 57 3 762
0 139 92 36 90 25 3 763
0 79 58 31 50 36 3 764
1 65 59 27 51 41 1 765
1 37 6 35 4 34 2 766
1 72 53 48 45 49 1 767
0 97 51 49 54 46 3 768
1 103 58 48 54 52 4 769
0 108 30 49 29 63 5 770
1 143 66 93 63 97 6 771
1 3 59 23 53 39 2 772
1 18 98 21 98 17 3 773
1 141 54 57 57 58 2 774
0 125 83 4 87 2 3 775
1 25 66 93 62 93 2 776
0 6 58 17 59 22 3 777
0 27 92 30 92 33 3 778
0 56 36 16 66 37 3 779
0 68 55 28 56 26 6 780
0 59 54 47 56 38 3 781
0 9 52 76 58 77 3 782
1 26 46 31 54 18 1 783
1 139 77 7 69 8 1 784
0 44 59 36 58 38 3 785
0 32 41 13 37 13 3 786
0 49 46 3 50 3 3 787
0 82 46 20 44 21 3 788
0 18 55 57 51 64 3 789
1 107 41 31 42 40 1 790
1 46 49 84 50 81 1 791
0 121 72 70 52 75 3 792
1 32 34 39 31 44 2 793
0 112 49 28 47 29 3 794
1 0 60 74 32 78 2 795
1 123 71 73 72 69 1 796
1 103 46 22 40 25 2 797
0 49 87 4 84 4 3 798
0 27 55 41 56 39 3 799
0 143 70 6 67 7 3 800
1 97 53 41 47 54 1 801
0 107 45 18 51 17 3 802
0 6 87 94 83 93 5 803
1 10 54 36 57 34 3 804
1 137 29 61 32 56 1 805
0 3 57 40 56 38 4 806
0 47 6 70 6 60 4 807
1 44 5 42 7 38 1 808
0 41 29 48 27 49 3 809
0 65 6 39 6 18 5 810
0 105 6 65 6 68 3 811
1 88 49 18 46 18 1 812
0 89 27 26 45 49 3 813
1 120 47 46 57 36 1 814
0 22 33 39 18 47 3 815
0 34 55 43 57 48 3 816
0 92 50 27 50 31 3 817
0 64 86 94 97 92 3 818
0 83 43 39 41 22 3 819
0 100 88 93 85 93 3 820
0 116 61 29 55 33 3 821
1 13 6 59 3 48 3 822
0 97 70 49 91 0 3 823
0 93 91 34 91 31 4 824
0 129 43 37 40 37 3 825
1 64 59 2 63 1 1 826
1 76 43 12 39 12 1 827
0 17 68 48 64 54 3 828
1 8 55 53 55 47 4 829
1 18 50 60 52 55 1 830
1 124 51 45 50 64 3 831
1 7 59 29 53 40 2 832
1 58 44 29 41 32 1 833
0 130 50 78 30 78 3 834
0 115 47 3 50 2 3 835
1 108 72 70 69 71 4 836
1 133 48 80 37 80 2 837
1 48 54 45 49 45 1 838
1 51 31 56 33 50 4 839
0 109 64 43 62 47 3 840
0 54 58 49 50 52 3 841
1 121 67 74 73 66 2 842
0 52 49 28 59 42 3 843
1 46 59 51 62 53 1 844
1 76 47 59 52 45 1 845
1 104 67 42 68 39 1 846
1 81 44 4 41 4 2 847
0 39 56 36 57 38 3 848
0 0 57 80 52 80 3 849
1 31 5 63 6 53 1 850
0 102 49 60 52 47 3 851
0 124 92 24 86 34 3 852
0 125 87 4 84 4 3 853
1 52 55 42 55 49 1 854
1 73 7 48 6 53 2 855
0 24 49 41 54 41 5 856
1 27 6 55 6 52 6 857
1 23 31 48 27 59 1 858
0 0 70 43 67 43 4 859
0 16 31 47 33 46 4 860
0 41 82 5 78 6 3 861
0 8 58 25 55 30 3 862
0 131 57 76 60 76 3 863
0 66 69 36 64 26 3 864
0 91 86 94 88 93 3 865
0 126 46 46 51 49 3 866
0 17 58 75 61 72 3 867
1 128 57 25 45 53 5 868
1 132 88 92 86 91 1 869
0 46 59 54 56 54 3 870
0 83 56 29 55 26 3 871
1 2 45 50 45 54 1 872
0 115 78 90 82 93 3 873
1 24 55 47 52 47 4 874
0 53 49 49 54 50 3 875
0 21 32 47 29 48 3 876
0 73 54 52 62 38 5 877
1 40 47 39 50 44 1 878
1 25 58 25 55 31 3 879
0 123 61 14 58 14 3 880
0 108 92 28 91 31 3 881
0 140 37 57 36 64 3 882
0 2 63 67 67 64 3 883
0 102 49 64 50 62 3 884
0 24 56 77 57 75 3 885
1 77 29 47 29 52 2 886
0 72 70 24 68 21 3 887
1 125 59 15 29 17 3 888
0 81 64 1 61 1 3 889
0 121 43 53 33 57 5 890
0 117 61 46 60 49 3 891
1 16 30 45 30 42 1 892
1 30 52 47 50 54 1 893
0 8 53 46 50 52 3 894
0 141 60 45 58 49 5 895
0 77 62 1 59 1 3 896
1 96 46 60 44 62 1 897
1 107 67 93 65 92 1 898
1 78 31 58 32 51 2 899
0 66 48 30 52 30 5 900
0 46 51 77 55 73 3 901
0 9 49 38 49 31 3 902
1 68 5 68 6 65 1 903
1 55 5 37 6 33 2 904
0 95 68 72 67 74 5 905
1 104 62 46 64 45 1 906
1 48 44 11 41 13 2 907
0 44 59 35 52 26 3 908
0 88 60 44 60 41 3 909
1 114 33 46 33 43 1 910
0 88 62 32 95 29 3 911
0 52 58 44 69 45 3 912
0 77 53 2 62 1 3 913
1 68 69 44 66 37 1 914
1 143 66 93 62 92 1 915
1 96 29 47 26 51 2 916
1 42 89 93 85 96 5 917
1 139 92 27 91 30 5 918
1 55 7 53 7 48 1 919
1 128 31 45 27 48 1 920
1 74 46 2 43 2 2 921
1 22 6 60 6 53 1 922
0 11 56 29 60 28 3 923
1 82 6 33 6 40 1 924
1 28 6 55 6 44 1 925
0 48 52 42 54 39 3 926
0 132 56 42 49 58 3 927
0 0 59 47 54 55 3 928
1 105 43 33 40 36 1 929
1 13 64 45 68 38 1 930
1 44 57 80 50 80 3 931
1 111 6 29 5 27 6 932
1 66 40 37 45 27 1 933
0 92 92 21 91 38 3 934
0 113 57 30 53 34 3 935
0 90 55 34 57 52 3 936
0 86 57 73 53 77 3 937
1 39 50 37 53 23 5 938
1 50 47 20 45 23 4 939
0 66 31 50 26 64 3 940
0 124 47 44 47 48 3 941
0 28 57 73 52 77 3 942
0 123 65 48 66 24 3 943
1 4 46 2 49 2 1 944
1 84 58 43 62 37 4 945
1 17 7 39 6 50 3 946
1 88 61 38 62 34 3 947
0 26 48 66 51 60 3 948
1 0 64 1 62 2 1 949
0 53 41 42 26 41 3 950
0 46 69 6 79 3 3 951
0 26 44 66 42 69 3 952
0 108 70 70 71 72 3 953
1 75 39 40 40 38 4 954
1 19 53 47 54 42 1 955
0 79 87 4 84 4 3 956
0 52 23 20 47 51 3 957
0 62 53 48 51 46 3 958
0 60 72 5 74 6 3 959
1 95 91 35 92 30 4 960
1 95 51 75 59 74 1 961
1 121 39 37 41 38 5 962
0 17 5 42 5 66 3 963
0 67 5 67 6 65 3 964
1 32 36 12 33 10 6 965
0 111 52 42 55 42 3 966
0 68 47 19 51 20 3 967
0 53 52 47 54 39 3 968
1 21 6 33 6 37 2 969
1 116 48 2 51 2 1 970
0 19 55 23 53 28 3 971
0 84 57 38 51 43 3 972
1 64 30 43 26 51 2 973
0 97 63 38 61 36 3 974
0 138 55 77 57 75 3 975
0 12 55 31 57 28 3 976
0 19 43 68 45 52 3 977
0 54 63 49 64 46 3 978
0 24 54 40 57 40 3 979
1 3 92 24 91 31 1 980
1 66 6 53 6 49 1 981
1 52 66 40 68 43 1 982
1 117 44 44 43 48 5 983
1 33 51 46 48 62 2 984
1 48 51 44 54 41 1 985
0 94 30 51 31 49 3 986
1 139 81 4 78 4 1 987
0 107 45 29 41 31 3 988
1 141 54 39 54 43 3 989
0 42 42 41 37 40 3 990
1 82 55 36 59 39 1 991
1 56 60 46 56 24 1 992
0 51 62 1 59 1 3 993
0 87 49 56 49 59 4 994
0 78 40 46 43 46 3 995
1 32 41 13 37 13 1 996
0 57 58 75 56 73 3 997
0 37 58 2 55 2 3 998
1 11 41 35 22 31 1 999
0 75 58 42 67 36 3 1000
0 84 46 30 34 25 3 1001
1 22 46 58 31 55 2 1002
0 79 52 61 56 51 3 1003
0 14 58 19 48 18 6 1004
1 13 48 48 41 47 1 1005
0 26 64 44 72 35 3 1006
1 25 41 30 35 24 2 1007
0 83 55 38 47 38 3 1008
1 71 59 47 56 50 2 1009
0 123 49 41 47 48 3 1010
1 83 70 41 66 48 2 1011
1 81 57 20 54 18 1 1012
1 46 30 3 18 2 2 1013
1 88 55 40 59 31 3 1014
1 32 54 46 48 59 1 1015
0 109 63 44 59 50 3 1016
0 87 52 47 26 25 4 1017
1 107 40 44 45 34 1 1018
0 130 6 40 5 43 3 1019
0 5 46 3 43 3 3 1020
1 19 42 57 48 54 5 1021
0 108 91 33 92 31 5 1022
1 32 37 19 40 19 1 1023
1 128 87 93 84 93 1 1024
1 82 54 46 56 47 1 1025
0 129 42 35 38 42 3 1026
1 138 34 42 32 47 2 1027
0 59 39 84 40 80 3 1028
0 64 42 12 40 13 3 1029
1 107 39 38 31 37 1 1030
0 47 6 46 6 34 3 1031
1 86 52 44 31 37 5 1032
0 57 46 4 43 4 3 1033
0 24 42 20 36 19 3 1034
1 24 15 21 20 28 1 1035
0 6 54 46 43 29 3 1036
1 143 30 47 27 49 2 1037
1 115 52 78 56 76 1 1038
0 22 31 48 26 64 3 1039
1 60 50 16 51 18 5 1040
0 16 61 71 57 76 3 1041
0 117 57 41 58 39 3 1042
0 141 56 26 58 25 3 1043
0 112 43 55 47 50 3 1044
0 140 61 30 58 46 3 1045
1 10 53 36 55 61 1 1046
1 49 64 31 61 33 1 1047
0 56 49 66 41 85 6 1048
0 130 52 64 58 58 3 1049
0 94 54 23 56 24 3 1050
0 18 52 59 53 57 4 1051
0 88 67 43 66 40 3 1052
0 18 56 52 55 55 3 1053
1 141 58 48 56 51 5 1054
0 3 30 45 32 44 3 1055
0 54 45 2 42 3 3 1056
0 96 47 20 50 19 3 1057
0 12 62 39 57 37 4 1058
0 96 44 4 18 2 3 1059
0 130 55 53 63 42 3 1060
0 102 51 60 61 46 3 1061
1 107 60 25 59 30 1 1062
1 67 49 52 51 47 1 1063
0 56 47 44 43 53 5 1064
1 17 62 30 63 45 2 1065
1 112 41 11 39 9 3 1066
1 10 42 3 49 2 1 1067
1 46 51 78 58 75 1 1068
1 119 55 31 56 29 1 1069
1 65 4 39 5 47 5 1070
1 13 72 35 69 39 1 1071
0 105 49 79 55 79 3 1072
0 42 60 0 58 1 3 1073
1 120 6 39 6 31 1 1074
1 132 44 4 49 4 1 1075
1 91 63 38 56 46 1 1076
1 113 53 41 56 37 3 1077
1 93 62 52 63 50 1 1078
1 7 52 27 50 31 1 1079
0 15 38 40 41 42 3 1080
1 42 51 2 48 2 1 1081
0 139 51 55 49 51 3 1082
0 129 61 32 63 35 5 1083
1 83 78 6 82 6 2 1084
0 43 57 48 59 39 3 1085
0 143 88 93 86 94 3 1086
0 43 60 45 62 40 3 1087
1 22 52 75 70 57 1 1088
0 32 41 11 39 14 3 1089
1 40 59 17 51 20 1 1090
0 97 51 63 53 58 3 1091
1 70 69 72 73 67 2 1092
1 32 68 36 70 41 6 1093
1 98 50 36 55 31 2 1094
0 85 63 44 48 44 3 1095
1 53 57 18 62 17 2 1096
0 19 54 43 45 39 3 1097
1 40 53 40 62 31 5 1098
1 136 60 45 55 54 2 1099
0 14 90 36 91 34 3 1100
0 65 6 32 5 37 3 1101
1 79 33 48 32 55 2 1102
1 126 6 55 6 51 1 1103
0 79 72 35 70 38 5 1104
1 9 71 38 73 13 1 1105
1 26 57 38 62 34 6 1106
1 26 52 55 57 41 1 1107
0 132 59 34 57 45 6 1108
0 127 37 9 40 10 3 1109
1 132 49 37 48 45 1 1110
0 60 56 52 55 54 3 1111
0 28 98 17 98 23 6 1112
1 120 66 31 69 25 2 1113
1 135 37 40 41 41 1 1114
1 97 63 22 61 41 2 1115
0 5 47 14 48 23 3 1116
0 135 42 34 38 41 3 1117
1 120 98 22 98 17 1 1118
0 43 59 40 55 42 3 1119
0 115 63 33 60 33 3 1120
1 81 45 34 50 27 1 1121
1 3 14 0 51 2 5 1122
0 119 58 35 56 39 3 1123
1 15 64 1 60 1 4 1124
1 88 68 36 68 22 1 1125
1 81 6 66 6 63 4 1126
1 31 63 1 55 2 6 1127
1 143 61 18 64 16 1 1128
0 130 44 3 46 4 3 1129
0 124 60 1 58 2 3 1130
0 113 53 30 62 36 3 1131
1 134 46 3 42 3 1 1132
0 53 61 19 58 18 3 1133
1 121 58 46 56 53 1 1134
0 96 25 59 23 58 4 1135
1 66 55 25 51 21 3 1136
0 28 38 11 36 14 3 1137
1 121 39 36 37 41 1 1138
1 67 54 80 51 80 1 1139
0 140 67 77 69 75 3 1140
0 83 5 58 5 64 3 1141
1 112 46 33 44 28 2 1142
0 27 55 18 60 18 3 1143
1 92 47 18 43 21 1 1144
0 79 46 4 41 4 3 1145
0 87 58 59 55 52 3 1146
1 60 46 22 50 20 1 1147
0 23 45 4 40 4 6 1148
1 2 61 30 58 36 1 1149
1 112 45 29 38 41 1 1150
1 80 30 47 16 49 5 1151
0 115 49 79 58 75 3 1152
0 25 53 25 61 38 3 1153
1 105 87 3 85 4 1 1154
1 122 6 65 5 68 1 1155
0 99 61 42 67 49 3 1156
0 121 62 1 56 2 3 1157
0 39 64 45 68 42 3 1158
1 141 51 60 55 54 1 1159
0 108 33 44 27 62 3 1160
0 89 6 56 5 59 3 1161
1 46 44 18 51 19 5 1162
0 2 58 2 65 1 3 1163
1 73 46 2 49 2 3 1164
1 86 56 29 55 24 1 1165
0 105 73 37 53 66 3 1166
0 25 90 44 90 48 3 1167
1 68 58 29 56 38 1 1168
0 74 53 80 55 75 3 1169
1 56 54 43 60 30 1 1170
0 76 66 42 69 41 3 1171
1 16 27 50 28 52 6 1172
1 45 58 44 63 33 2 1173
1 78 91 27 92 34 2 1174
0 40 61 45 42 82 3 1175
0 15 43 2 50 2 3 1176
0 94 32 47 27 58 3 1177
0 95 45 34 55 28 3 1178
0 56 46 3 44 2 3 1179
0 122 31 15 55 40 3 1180
0 24 53 41 58 39 3 1181
1 124 92 31 88 32 1 1182
0 127 45 53 70 34 3 1183
0 99 58 2 43 1 3 1184
0 117 6 51 6 42 3 1185
1 68 66 34 53 39 3 1186
1 32 42 36 40 37 1 1187
1 7 62 31 60 32 5 1188
0 1 44 4 41 5 3 1189
1 134 68 40 69 42 1 1190
0 107 67 32 68 39 3 1191
1 22 30 46 32 48 5 1192
1 88 59 49 61 41 3 1193
1 124 6 33 5 37 1 1194
1 0 52 23 51 26 2 1195
0 112 42 12 40 11 3 1196
1 66 60 18 54 11 6 1197
1 114 55 80 52 80 4 1198
0 43 45 45 48 48 3 1199
1 50 6 51 6 27 3 1200
0 139 49 29 54 25 3 1201
1 143 50 64 45 65 4 1202
1 140 69 40 67 41 1 1203
0 84 36 13 41 12 3 1204
1 58 58 38 60 36 1 1205
1 44 55 50 57 45 2 1206
0 28 55 49 53 53 3 1207
1 140 72 71 68 74 1 1208
0 138 40 4 36 4 3 1209
0 126 54 73 58 75 3 1210
1 75 91 27 90 38 1 1211
1 49 59 32 55 32 1 1212
0 133 40 88 42 84 3 1213
0 75 52 47 60 52 3 1214
0 56 68 42 65 39 3 1215
0 142 6 42 5 39 3 1216
1 102 40 20 32 18 1 1217
0 29 66 27 60 22 3 1218
0 139 31 46 26 63 3 1219
0 7 27 58 28 60 3 1220
1 86 6 47 6 28 1 1221
1 66 53 26 46 31 1 1222
0 66 6 57 5 15 3 1223
0 37 6 34 4 35 3 1224
1 17 7 37 6 39 1 1225
1 91 62 48 50 46 5 1226
0 143 29 65 29 54 3 1227
0 63 53 59 56 54 3 1228
0 19 93 13 91 7 3 1229
0 1 66 93 62 93 5 1230
1 66 61 18 57 18 1 1231
0 130 47 20 49 19 5 1232
0 135 57 42 57 46 3 1233
1 40 52 54 44 64 1 1234
0 115 67 92 64 93 3 1235
1 94 51 20 55 20 1 1236
0 90 55 32 57 28 3 1237
0 92 32 43 32 48 3 1238
1 46 52 80 49 80 3 1239
1 93 59 34 62 33 1 1240
1 14 49 37 43 57 1 1241
0 24 45 20 49 18 3 1242
1 46 53 44 53 38 1 1243
0 19 53 27 52 25 4 1244
0 23 19 18 19 15 3 1245
0 31 65 80 68 73 3 1246
0 77 87 3 85 5 3 1247
1 78 58 40 59 38 1 1248
0 73 47 2 50 2 3 1249
1 52 68 42 69 44 1 1250
1 53 60 26 54 30 2 1251
0 95 69 69 70 72 6 1252
1 28 61 30 61 35 1 1253
0 88 55 40 61 38 3 1254
1 114 55 41 58 37 1 1255
1 50 57 28 41 29 1 1256
0 63 92 25 92 30 3 1257
0 30 45 50 31 55 3 1258
0 109 68 38 70 41 3 1259
1 60 34 45 30 51 1 1260
1 111 6 39 6 33 3 1261
1 126 58 73 49 80 2 1262
1 40 59 43 52 42 1 1263
0 61 63 30 61 35 3 1264
0 91 98 23 98 27 3 1265
0 96 6 54 7 42 3 1266
0 64 30 42 30 51 3 1267
1 34 60 33 53 46 2 1268
0 85 52 54 37 53 3 1269
0 109 73 67 51 75 3 1270
0 76 53 44 49 51 3 1271
1 78 52 45 54 42 2 1272
0 13 53 43 56 41 3 1273
1 83 62 35 59 44 5 1274
1 24 67 94 66 90 3 1275
1 23 55 31 50 42 1 1276
0 39 54 51 53 47 3 1277
0 102 71 43 68 40 3 1278
1 19 44 45 51 47 1 1279
1 54 55 38 65 36 1 1280
0 103 58 32 56 25 3 1281
0 14 59 16 56 18 3 1282
1 38 61 47 55 35 1 1283
1 28 66 93 63 96 1 1284
0 94 28 62 31 58 3 1285
0 31 71 69 70 72 3 1286
0 123 29 53 28 59 3 1287
1 48 90 37 92 29 3 1288
0 72 52 53 56 50 3 1289
1 85 48 20 43 17 1 1290
0 80 55 42 52 42 5 1291
1 94 50 36 60 42 1 1292
1 26 54 42 45 24 1 1293
1 92 71 25 60 41 6 1294
1 53 61 36 54 51 1 1295
1 0 46 18 51 18 2 1296
1 129 60 34 59 36 1 1297
0 132 52 43 59 36 3 1298
1 36 27 59 30 59 3 1299
0 46 59 57 62 41 3 1300
0 28 46 3 40 4 5 1301
1 143 62 17 45 24 1 1302
1 131 64 17 60 17 1 1303
1 88 58 45 52 42 1 1304
0 93 6 31 6 35 3 1305
0 120 47 58 45 70 3 1306
1 29 58 46 54 45 2 1307
1 16 54 29 53 27 3 1308
0 130 61 48 55 62 3 1309
1 36 64 34 60 41 1 1310
0 28 67 92 64 95 4 1311
0 42 55 63 50 72 3 1312
1 124 59 51 53 55 1 1313
0 68 43 4 36 4 3 1314
0 3 49 28 54 25 3 1315
0 136 59 33 33 42 3 1316
1 137 48 2 45 2 1 1317
1 133 48 2 60 2 1 1318
1 54 57 40 42 39 1 1319
1 54 59 36 60 38 1 1320
1 33 42 30 27 29 3 1321
0 133 49 49 52 49 3 1322
1 140 66 74 68 75 1 1323
0 19 80 5 78 6 3 1324
0 11 71 74 58 73 3 1325
0 46 56 44 58 52 3 1326
1 109 58 71 54 75 1 1327
1 115 62 37 61 40 1 1328
0 29 55 42 56 40 3 1329
0 102 57 39 63 31 3 1330
1 111 54 48 50 50 3 1331
1 3 61 1 59 0 1 1332
1 0 68 33 70 19 1 1333
0 46 51 46 54 40 3 1334
1 10 44 32 41 36 2 1335
1 107 43 32 43 35 2 1336
1 125 92 19 92 28 1 1337
0 77 57 36 54 39 3 1338
1 130 48 2 28 2 1 1339
1 86 57 39 61 35 1 1340
0 106 98 22 98 17 3 1341
0 109 63 49 56 61 5 1342
1 40 44 4 36 4 1 1343
0 27 58 33 57 39 4 1344
0 61 67 38 70 32 3 1345
0 39 61 36 54 40 3 1346
1 81 56 33 69 21 1 1347
1 86 6 31 6 38 1 1348
0 36 38 39 42 33 3 1349
1 79 64 35 62 67 1 1350
0 81 56 53 53 59 3 1351
1 132 65 1 59 1 1 1352
1 25 43 56 46 52 1 1353
1 44 92 28 92 24 1 1354
0 97 48 54 58 36 3 1355
0 137 27 60 27 41 3 1356
1 18 51 55 51 50 1 1357
0 25 51 75 73 67 3 1358
1 38 38 42 45 35 1 1359
1 82 55 45 48 45 1 1360
1 29 60 83 69 73 1 1361
0 28 44 4 38 3 3 1362
0 67 50 48 49 50 3 1363
0 103 66 93 64 92 3 1364
0 56 33 43 16 45 5 1365
1 8 61 23 58 32 6 1366
1 70 73 68 71 69 2 1367
1 101 42 13 36 14 3 1368
0 43 63 42 61 39 3 1369
1 105 70 43 59 64 1 1370
0 28 30 58 32 56 3 1371
1 11 50 76 48 78 1 1372
1 92 52 82 36 89 1 1373
1 86 53 43 53 46 1 1374
0 138 67 92 65 94 3 1375
0 78 53 46 48 54 3 1376
0 91 58 45 56 43 3 1377
1 118 57 20 55 21 3 1378
1 15 61 50 60 52 1 1379
0 9 55 49 48 55 3 1380
0 84 59 30 60 27 3 1381
0 141 47 59 51 48 3 1382
1 75 42 69 51 48 1 1383
0 107 41 44 42 31 3 1384
0 36 29 54 26 65 3 1385
0 76 6 39 6 43 6 1386
0 43 51 50 52 43 3 1387
1 46 60 48 49 67 1 1388
0 51 66 78 69 74 3 1389
1 8 98 15 98 19 1 1390
1 23 46 3 24 5 2 1391
0 104 59 40 57 38 3 1392
0 135 63 42 66 37 3 1393
0 77 62 2 64 1 3 1394
0 12 59 27 55 33 5 1395
1 24 39 37 30 33 1 1396
1 60 7 45 6 41 1 1397
0 5 43 57 39 53 3 1398
1 102 60 31 53 42 1 1399
1 137 68 43 68 39 1 1400
1 35 53 80 40 81 1 1401
1 133 49 36 56 41 2 1402
0 29 54 32 59 24 3 1403
0 29 91 31 91 39 3 1404
0 112 27 50 33 48 5 1405
0 0 42 12 36 13 5 1406
0 61 49 16 47 15 3 1407
0 128 34 14 43 12 3 1408
1 72 69 42 64 53 1 1409
1 126 57 76 60 69 2 1410
1 66 6 57 6 60 1 1411
0 77 54 24 53 26 3 1412
1 90 63 2 61 1 1 1413
1 0 62 38 57 45 1 1414
1 24 53 42 51 48 5 1415
1 36 31 49 26 58 1 1416
1 117 51 59 55 46 4 1417
1 63 92 31 91 35 2 1418
0 50 69 38 68 41 3 1419
1 63 63 70 58 75 1 1420
0 141 43 34 41 36 3 1421
0 47 51 54 42 56 3 1422
1 57 53 47 45 25 1 1423
1 120 53 46 53 50 6 1424
0 129 55 80 51 81 3 1425
1 114 59 43 57 41 1 1426
0 31 58 48 56 52 3 1427
1 68 56 29 50 33 4 1428
0 59 57 73 32 78 3 1429
0 86 45 63 36 60 3 1430
0 19 47 18 49 19 3 1431
1 42 87 3 85 4 3 1432
1 130 48 44 59 34 2 1433
1 143 48 16 51 19 1 1434
0 88 42 38 44 28 3 1435
0 113 52 42 55 38 3 1436
0 120 58 74 55 75 3 1437
0 132 6 50 3 33 3 1438
0 95 55 58 57 59 3 1439
0 75 62 17 60 18 3 1440
0 33 49 19 52 18 3 1441
1 98 54 21 55 23 2 1442
1 2 62 25 59 25 1 1443
0 65 60 74 54 74 3 1444
1 33 90 43 89 49 1 1445
0 34 45 4 42 4 3 1446
0 83 64 31 70 34 3 1447
0 48 55 19 59 17 3 1448
1 50 48 46 47 48 6 1449
0 33 98 14 98 20 3 1450
1 91 56 41 58 40 1 1451
0 104 60 75 57 74 3 1452
1 67 60 30 62 25 1 1453
0 28 98 15 98 11 3 1454
1 128 48 54 46 52 2 1455
0 90 55 35 60 29 3 1456
1 108 45 4 42 4 1 1457
1 136 51 43 54 40 5 1458
1 142 62 35 57 38 1 1459
0 108 27 51 31 38 3 1460
1 60 67 36 66 38 1 1461
0 128 51 25 47 31 3 1462
1 108 98 15 98 22 2 1463
1 32 59 47 57 33 1 1464
0 139 70 6 83 4 3 1465
1 11 49 65 45 62 1 1466
1 108 5 71 6 65 5 1467
0 73 79 5 83 4 3 1468
1 105 68 48 67 50 4 1469
0 77 65 93 61 92 3 1470
1 59 69 40 51 39 1 1471
0 67 5 68 6 65 3 1472
0 85 60 46 56 57 3 1473
0 1 45 71 44 65 3 1474
0 93 59 54 53 57 3 1475
1 96 54 56 50 69 3 1476
1 43 41 12 37 13 1 1477
0 65 60 44 57 60 4 1478
0 59 58 37 58 45 4 1479
0 51 33 50 31 42 6 1480
0 18 55 29 53 32 3 1481
1 32 62 32 57 21 1 1482
0 72 53 39 59 35 5 1483
1 132 61 34 56 39 1 1484
1 94 6 42 5 58 1 1485
0 116 54 38 50 44 3 1486
1 60 51 16 46 17 2 1487
1 64 27 50 25 53 1 1488
1 102 52 57 53 47 1 1489
0 26 51 48 50 61 3 1490
1 32 30 59 23 58 1 1491
1 64 48 45 48 38 5 1492
0 56 54 41 52 42 3 1493
0 60 53 45 54 41 3 1494
1 119 60 26 55 34 2 1495
0 86 51 75 63 75 3 1496
1 78 63 48 65 42 1 1497
1 22 5 67 5 70 1 1498
0 68 47 69 44 77 3 1499
1 34 32 50 27 63 1 1500
1 75 87 4 83 4 1 1501
0 130 57 39 54 45 3 1502
1 0 67 48 65 44 1 1503
1 16 40 13 36 13 6 1504
0 38 41 21 42 33 5 1505
1 80 29 47 31 45 1 1506
0 38 62 27 60 23 3 1507
0 96 6 46 7 38 3 1508
1 4 46 30 49 32 1 1509
1 104 55 38 57 39 1 1510
1 131 48 20 45 18 3 1511
0 134 67 36 57 45 3 1512
1 65 65 40 56 34 1 1513
1 26 69 73 70 70 1 1514
0 108 48 20 45 20 3 1515
1 39 66 33 69 35 2 1516
1 83 5 40 6 38 1 1517
1 28 91 31 91 28 3 1518
0 46 57 50 61 53 3 1519
1 28 98 17 98 20 1 1520
0 86 55 50 48 29 3 1521
1 37 6 33 5 36 5 1522
0 77 55 46 53 43 3 1523
1 53 59 35 57 41 3 1524
0 60 36 43 37 39 3 1525
1 135 43 54 45 51 1 1526
0 127 16 21 55 41 3 1527
1 24 46 59 45 62 1 1528
1 51 60 26 59 34 1 1529
1 101 68 39 67 41 1 1530
0 23 42 4 45 4 3 1531
0 69 50 41 58 39 3 1532
0 83 61 22 60 25 3 1533
0 32 40 13 35 13 3 1534
1 120 59 53 50 76 2 1535
1 118 43 2 40 3 1 1536
1 25 91 34 89 35 2 1537
0 57 6 37 5 34 3 1538
0 88 44 68 49 60 3 1539
1 128 55 32 55 37 1 1540
1 15 51 31 46 36 2 1541
1 117 51 47 57 43 1 1542
1 79 38 41 45 34 1 1543
1 108 31 48 31 59 1 1544
0 43 61 31 50 47 3 1545
1 92 6 65 5 69 1 1546
0 121 91 38 92 29 3 1547
1 91 47 45 49 37 1 1548
0 137 60 56 62 49 3 1549
1 102 51 80 58 80 1 1550
0 112 31 43 22 50 3 1551
1 41 80 92 77 92 1 1552
0 53 55 27 54 24 3 1553
1 110 37 13 39 12 2 1554
0 89 56 80 52 79 3 1555
0 71 68 38 65 47 3 1556
1 52 35 39 32 42 3 1557
0 77 54 42 53 46 3 1558
1 116 83 4 81 6 1 1559
0 22 32 47 24 55 4 1560
0 143 38 9 41 11 5 1561
1 128 51 45 53 42 1 1562
1 55 6 32 5 37 5 1563
1 36 32 48 31 52 1 1564
0 53 55 14 52 12 5 1565
0 65 68 42 68 39 3 1566
1 138 33 43 32 54 4 1567
0 60 61 1 56 1 3 1568
0 110 43 35 43 38 3 1569
1 53 55 27 50 34 1 1570
0 88 60 38 59 40 3 1571
1 102 58 37 59 44 5 1572
0 108 60 1 54 2 3 1573
0 42 60 31 57 38 3 1574
1 0 31 45 33 43 3 1575
0 53 52 53 48 53 3 1576
1 82 50 49 54 51 1 1577
0 52 59 43 56 53 3 1578
0 68 67 35 68 37 3 1579
1 106 7 42 7 47 1 1580
0 121 6 33 6 37 3 1581
1 130 68 45 66 50 1 1582
0 115 60 32 60 39 3 1583
1 95 60 27 62 20 1 1584
1 65 58 43 54 43 2 1585
0 82 52 56 56 46 6 1586
0 100 98 25 98 21 5 1587
1 44 52 80 59 80 1 1588
1 100 55 80 41 80 1 1589
1 23 53 45 54 42 2 1590
1 52 55 50 38 72 2 1591
1 111 57 29 63 33 2 1592
0 43 59 36 54 39 3 1593
1 26 54 43 48 49 1 1594
0 47 6 41 6 36 3 1595
0 52 42 18 54 43 3 1596
1 141 58 33 55 31 2 1597
1 92 52 16 46 18 2 1598
1 105 67 35 70 33 1 1599
0 74 6 33 5 28 5 1600
1 93 59 54 56 49 1 1601
0 48 52 51 52 55 3 1602
0 32 62 30 56 27 6 1603
0 75 56 40 32 42 3 1604
1 6 88 93 82 94 1 1605
1 13 49 49 44 48 5 1606
1 18 56 72 39 78 2 1607
0 87 91 38 90 35 3 1608
0 25 72 71 67 73 3 1609
0 19 51 27 40 29 3 1610
0 140 55 51 56 43 3 1611
1 5 56 52 53 60 1 1612
0 1 32 47 29 45 3 1613
1 5 55 28 59 30 1 1614
1 133 61 1 65 1 2 1615
1 32 59 37 43 39 1 1616
0 103 59 35 52 44 3 1617
1 127 21 19 47 29 3 1618
0 87 59 17 50 20 3 1619
1 39 51 29 57 44 2 1620
0 124 63 49 64 44 3 1621
0 102 58 39 60 35 3 1622
0 86 98 17 98 20 5 1623
0 126 54 75 53 79 3 1624
0 32 32 45 30 46 3 1625
1 59 91 41 91 32 3 1626
1 109 59 26 55 31 1 1627
0 19 64 43 61 48 3 1628
0 24 66 39 44 95 3 1629
0 132 56 43 51 48 6 1630
1 100 87 3 83 4 1 1631
1 68 59 49 59 53 3 1632
1 0 29 52 30 49 1 1633
1 0 71 41 70 36 5 1634
0 4 43 79 47 72 3 1635
1 2 53 41 48 52 2 1636
0 98 64 37 60 49 3 1637
1 4 60 30 59 33 2 1638
1 0 55 51 50 27 1 1639
1 58 50 81 54 80 4 1640
1 126 6 41 6 32 1 1641
1 116 50 19 49 21 2 1642
1 24 52 47 54 37 6 1643
0 57 54 49 52 47 3 1644
0 34 50 64 44 59 3 1645
0 67 6 62 5 57 3 1646
0 102 51 63 55 54 3 1647
0 88 54 70 51 77 6 1648
0 19 69 6 82 4 3 1649
1 119 50 56 53 64 3 1650
1 0 63 35 60 37 1 1651
0 78 92 34 92 24 6 1652
0 103 61 26 59 23 3 1653
0 30 88 93 87 95 3 1654
1 65 6 49 7 36 3 1655
1 111 52 81 26 80 1 1656
0 19 50 20 42 24 3 1657
1 112 49 58 45 64 1 1658
0 121 6 26 6 34 3 1659
0 19 69 41 61 34 3 1660
1 77 53 41 51 48 5 1661
0 1 6 48 6 64 3 1662
1 143 28 4 42 4 1 1663
1 80 56 50 52 50 1 1664
0 32 49 44 56 50 3 1665
0 14 78 90 89 92 6 1666
0 73 63 34 59 32 3 1667
0 123 33 51 31 56 3 1668
1 27 50 37 58 41 1 1669
1 4 50 80 48 79 4 1670
1 131 40 4 45 3 1 1671
0 128 53 24 50 29 3 1672
0 5 49 29 55 24 3 1673
1 81 46 31 50 26 1 1674
0 74 45 3 43 2 3 1675
1 25 43 62 42 65 1 1676
1 27 60 29 57 35 3 1677
0 128 41 22 51 28 3 1678
0 9 40 39 54 39 5 1679
1 18 59 54 57 59 1 1680
1 112 32 46 33 41 1 1681
0 129 53 48 45 61 3 1682
0 27 57 28 61 30 3 1683
1 86 40 11 39 14 3 1684
1 102 57 58 59 50 1 1685
1 14 59 37 55 43 1 1686
1 14 62 31 59 33 6 1687
1 102 54 44 49 47 1 1688
0 48 55 18 70 18 3 1689
1 140 77 6 81 5 1 1690
0 94 65 16 55 20 3 1691
0 111 52 24 54 22 3 1692
1 18 58 47 57 49 2 1693
0 59 63 39 61 43 3 1694
1 25 58 27 55 30 1 1695
0 113 76 16 68 38 3 1696
0 103 55 42 54 49 3 1697
0 54 71 31 49 35 3 1698
0 67 66 1 62 1 3 1699
0 75 88 4 84 4 3 1700
0 76 70 73 73 67 3 1701
1 111 51 60 48 56 5 1702
0 97 6 37 6 27 4 1703
1 74 47 20 45 21 1 1704
0 88 57 47 51 59 3 1705
0 88 57 26 57 31 3 1706
0 81 46 2 49 2 5 1707
1 31 63 1 56 2 5 1708
1 72 51 53 56 38 2 1709
0 40 5 68 5 71 6 1710
1 45 64 76 70 72 1 1711
1 0 57 42 42 66 1 1712
1 68 54 75 60 71 1 1713
1 64 48 2 53 1 1 1714
0 70 50 18 48 21 4 1715
0 14 55 46 57 38 3 1716
1 118 58 18 54 20 5 1717
1 128 29 54 27 66 1 1718
1 58 61 40 56 48 2 1719
1 97 46 64 49 62 1 1720
0 136 81 5 79 7 3 1721
1 34 68 37 64 46 1 1722
1 31 66 50 63 57 1 1723
1 121 43 41 41 40 1 1724
1 25 57 40 40 30 2 1725
1 141 57 44 53 54 1 1726
1 36 30 53 31 51 2 1727
0 107 44 34 46 27 3 1728
1 135 60 69 53 75 1 1729
1 3 42 62 41 66 1 1730
0 87 13 23 47 44 3 1731
1 117 53 45 58 45 1 1732
0 133 51 44 54 41 4 1733
1 110 44 17 66 19 1 1734
0 50 51 24 54 25 5 1735
1 126 44 35 43 30 1 1736
0 108 58 2 65 1 3 1737
1 93 61 32 59 30 1 1738
1 137 30 59 30 63 1 1739
0 101 53 28 59 36 3 1740
0 53 6 57 7 45 3 1741
0 88 62 43 60 44 3 1742
0 28 71 41 71 36 3 1743
1 76 53 62 57 59 2 1744
0 60 54 51 48 56 3 1745
0 93 29 55 33 44 3 1746
0 57 7 41 6 43 3 1747
1 96 50 59 57 39 1 1748
1 14 62 30 64 32 3 1749
0 21 6 50 4 90 3 1750
1 29 5 60 6 68 2 1751
1 102 54 56 52 61 1 1752
1 18 62 29 59 31 3 1753
1 116 55 57 53 58 2 1754
0 8 43 49 45 51 3 1755
1 88 67 37 67 34 1 1756
0 62 58 34 52 48 3 1757
0 58 61 32 57 49 3 1758
0 107 59 48 52 38 3 1759
1 45 80 6 83 4 1 1760
1 54 58 31 57 29 1 1761
1 67 58 72 55 76 1 1762
1 97 98 18 98 21 2 1763
1 66 64 50 70 29 1 1764
0 35 87 4 84 4 4 1765
1 72 49 66 47 69 1 1766
1 24 34 43 60 37 1 1767
1 39 58 36 49 48 5 1768
1 52 33 49 34 56 1 1769
0 131 70 39 71 36 3 1770
1 51 58 1 65 1 1 1771
0 101 52 44 50 47 3 1772
0 62 52 46 56 42 3 1773
1 51 49 3 44 4 1 1774
1 116 67 92 64 92 1 1775
1 132 7 50 6 31 1 1776
0 111 49 68 52 62 3 1777
1 47 57 49 54 56 2 1778
0 74 46 2 53 1 3 1779
1 133 53 55 48 58 5 1780
0 26 52 50 51 47 3 1781
0 117 56 47 58 38 3 1782
0 12 65 41 63 43 3 1783
1 48 55 37 57 38 6 1784
0 34 55 31 59 34 3 1785
1 136 44 11 37 11 1 1786
1 120 45 37 51 32 1 1787
1 28 61 25 58 26 2 1788
0 4 69 40 60 37 3 1789
0 21 41 20 39 19 3 1790
1 100 6 42 6 39 1 1791
1 72 42 40 48 57 3 1792
1 117 53 44 55 28 1 1793
1 12 98 12 98 16 2 1794
0 32 62 43 59 44 5 1795
1 55 50 26 56 21 1 1796
1 13 7 43 6 47 3 1797
1 78 56 41 44 40 2 1798
1 107 48 19 50 18 1 1799
0 39 64 46 67 41 5 1800
0 72 65 76 71 73 3 1801
1 92 51 2 48 1 1 1802
0 124 50 2 55 1 3 1803
0 16 31 45 34 40 6 1804
1 24 52 19 49 18 1 1805
0 43 29 38 44 50 3 1806
1 57 45 4 40 4 1 1807
0 48 91 40 90 38 3 1808
0 38 37 29 35 37 3 1809
0 121 45 34 43 39 3 1810
1 116 56 37 52 58 1 1811
1 26 56 43 49 47 1 1812
0 90 60 29 59 32 3 1813
1 5 49 18 50 20 1 1814
0 117 68 39 70 38 5 1815
0 130 80 6 82 4 3 1816
0 47 63 1 67 1 4 1817
1 38 52 42 48 44 1 1818
0 111 69 46 64 43 3 1819
0 33 30 52 27 50 3 1820
0 55 6 43 6 34 3 1821
0 37 59 47 61 44 3 1822
0 93 90 30 89 34 3 1823
0 25 49 30 53 31 3 1824
0 74 46 18 45 15 3 1825
0 9 68 37 61 60 3 1826
0 38 59 24 58 21 3 1827
1 16 42 12 39 12 1 1828
1 50 6 51 6 54 1 1829
1 100 53 80 48 80 1 1830
1 108 84 4 86 3 1 1831
0 9 65 41 67 40 3 1832
1 83 57 32 54 34 1 1833
0 41 37 27 39 29 4 1834
1 1 61 23 50 29 2 1835
0 66 37 41 43 30 3 1836
0 3 54 33 55 30 3 1837
1 69 63 16 56 18 1 1838
1 75 57 38 52 45 1 1839
0 41 52 53 54 45 3 1840
1 46 55 2 59 2 6 1841
0 81 43 35 44 32 3 1842
0 78 50 80 55 80 3 1843
1 99 57 44 42 39 1 1844
1 9 53 47 49 57 2 1845
1 40 58 74 59 72 1 1846
0 109 20 2 22 8 3 1847
0 143 27 50 29 47 3 1848
0 15 58 1 61 1 3 1849
1 42 55 43 48 60 1 1850
1 76 5 37 5 41 2 1851
0 116 61 51 51 62 5 1852
1 131 55 41 53 45 1 1853
1 69 57 76 55 77 1 1854
0 3 53 43 52 45 3 1855
1 83 5 27 5 30 1 1856
0 60 48 56 56 32 3 1857
0 32 50 68 43 84 3 1858
0 108 59 42 54 47 3 1859
0 25 67 74 68 76 3 1860
1 32 34 42 30 45 1 1861
0 117 49 52 52 47 3 1862
0 75 32 48 30 46 3 1863
1 57 53 47 47 54 1 1864
1 64 90 36 91 33 1 1865
0 56 56 40 33 43 3 1866
1 132 50 36 73 14 1 1867
1 90 49 43 53 40 1 1868
0 58 66 48 62 51 3 1869
1 97 53 47 49 51 1 1870
1 32 87 4 83 4 1 1871
1 26 63 21 50 17 3 1872
0 131 33 52 27 71 3 1873
0 40 59 76 56 73 3 1874
0 74 43 2 51 2 3 1875
0 52 65 44 47 33 3 1876
0 32 69 73 40 57 3 1877
1 73 54 29 59 25 1 1878
1 126 6 44 5 59 1 1879
0 31 98 16 98 19 3 1880
1 120 65 32 69 21 2 1881
0 0 69 74 63 81 5 1882
1 52 63 48 53 55 1 1883
1 134 79 3 81 5 1 1884
1 94 53 48 50 52 1 1885
1 29 33 46 30 43 2 1886
0 39 37 11 43 11 3 1887
1 52 42 23 46 32 1 1888
0 23 54 40 52 42 3 1889
1 136 68 33 64 31 5 1890
0 89 70 71 68 73 3 1891
0 45 55 52 60 42 3 1892
1 42 55 45 49 50 1 1893
1 112 32 41 27 52 2 1894
0 13 71 21 57 42 5 1895
1 6 6 64 6 68 1 1896
0 128 60 17 51 20 3 1897
1 112 36 13 40 13 5 1898
0 57 50 50 52 47 3 1899
1 120 59 73 61 74 1 1900
0 132 56 49 50 60 3 1901
0 19 70 37 65 43 3 1902
0 72 56 34 45 30 3 1903
0 30 36 52 37 47 3 1904
0 66 44 3 51 2 5 1905
0 75 49 52 47 54 3 1906
0 77 63 1 56 2 5 1907
0 136 61 34 57 36 3 1908
0 111 48 53 42 50 3 1909
1 68 48 54 56 50 1 1910
1 123 46 23 52 31 2 1911
1 130 56 53 51 61 1 1912
1 100 98 19 98 26 1 1913
0 80 43 11 40 12 3 1914
1 141 57 31 60 50 3 1915
0 142 31 45 28 59 3 1916
0 115 43 63 45 60 3 1917
0 110 43 38 37 43 3 1918
1 116 58 58 63 41 1 1919
0 87 48 56 44 63 3 1920
1 112 36 13 39 12 1 1921
1 62 58 73 55 75 1 1922
0 130 26 2 46 3 3 1923
0 112 29 47 30 45 3 1924
1 53 53 57 50 50 5 1925
0 124 63 1 65 99 3 1926
0 24 54 38 58 36 5 1927
0 92 64 16 58 18 3 1928
1 82 57 47 56 50 2 1929
1 94 30 54 30 51 2 1930
0 81 5 67 4 76 3 1931
0 81 59 33 63 36 3 1932
0 0 47 45 47 49 3 1933
1 88 52 25 50 9 1 1934
1 115 55 44 56 37 5 1935
0 51 62 22 58 26 3 1936
1 74 42 2 48 2 3 1937
1 14 4 63 6 59 1 1938
1 102 52 18 46 18 1 1939
0 108 28 56 30 55 3 1940
1 105 57 20 53 19 2 1941
0 143 50 18 53 18 3 1942
1 121 71 73 73 67 4 1943
1 65 33 50 32 44 2 1944
1 116 41 19 51 19 1 1945
0 126 51 80 55 80 3 1946
1 3 48 2 51 2 2 1947
1 117 59 35 56 38 1 1948
0 78 57 36 23 47 4 1949
1 28 40 71 42 69 3 1950
0 87 52 44 46 43 3 1951
1 2 55 80 44 80 2 1952
0 92 56 72 51 77 3 1953
1 118 51 25 57 28 1 1954
0 74 41 41 43 38 3 1955
0 92 63 29 63 25 3 1956
0 39 67 43 71 38 3 1957
1 36 57 30 48 37 2 1958
1 105 33 47 31 51 2 1959
1 54 62 41 59 47 3 1960
1 64 58 28 60 27 1 1961
1 116 6 50 6 55 1 1962
0 0 31 43 26 55 3 1963
1 70 33 42 28 49 2 1964
0 121 55 42 40 47 3 1965
1 65 30 59 30 62 5 1966
0 52 31 45 29 47 3 1967
1 76 62 21 51 26 1 1968
1 71 68 77 64 75 2 1969
1 77 53 50 52 46 6 1970
1 66 52 49 45 48 3 1971
0 19 59 37 52 44 3 1972
1 121 44 51 31 81 1 1973
0 89 52 55 50 33 3 1974
1 1 66 93 64 94 3 1975
0 87 48 48 46 53 3 1976
1 116 51 63 55 53 1 1977
1 107 87 4 84 4 1 1978
1 81 41 69 44 53 5 1979
1 78 48 80 55 80 1 1980
1 128 54 37 52 41 1 1981
0 78 57 30 53 37 3 1982
0 56 57 80 54 80 3 1983
1 65 45 74 3 63 2 1984
1 139 6 33 6 26 1 1985
1 108 90 35 91 37 5 1986
0 126 56 74 53 77 3 1987
0 4 55 23 54 25 3 1988
0 19 35 16 62 45 3 1989
0 92 69 44 64 45 3 1990
0 92 72 36 67 41 3 1991
1 8 46 42 48 43 5 1992
1 139 87 94 83 93 1 1993
0 14 61 19 47 19 3 1994
0 34 31 49 28 44 3 1995
1 115 54 66 54 61 1 1996
1 25 54 80 45 81 3 1997
1 121 98 21 98 24 1 1998
1 78 50 80 55 80 1 1999
