0 105 53 19 56 18 5 0
1 120 60 45 59 47 6 1
1 2 59 34 60 24 1 2
1 96 53 40 51 42 5 3
0 24 57 18 45 25 3 4
1 121 6 33 6 40 2 5
1 42 47 41 49 46 1 6
0 112 26 57 25 60 3 7
0 89 62 35 54 49 3 8
0 124 92 28 91 40 3 9
0 61 53 45 39 53 3 10
0 76 5 52 5 57 3 11
0 76 61 51 63 48 5 12
0 11 49 80 55 78 3 13
1 34 57 27 52 32 1 14
0 62 45 65 45 62 3 15
0 76 66 92 65 94 3 16
1 57 6 55 6 49 1 17
1 4 52 48 49 60 1 18
0 83 59 25 50 26 6 19
0 28 22 19 41 59 3 20
1 61 67 40 74 30 1 21
1 7 33 46 30 52 1 22
1 10 32 34 35 44 1 23
1 114 64 75 66 74 1 24
0 67 5 69 6 67 5 25
0 108 27 34 27 38 3 26
0 18 46 34 45 29 3 27
1 9 52 45 42 51 1 28
1 68 91 31 92 26 1 29
0 127 62 50 60 42 3 30
0 82 48 41 53 39 3 31
0 79 27 59 29 54 3 32
1 54 6 48 7 38 2 33
0 115 62 35 54 46 3 34
1 119 62 1 59 1 1 35
1 25 60 45 66 17 1 36
0 43 61 30 64 32 3 37
0 53 54 58 49 73 3 38
1 43 4 38 6 34 3 39
0 93 65 1 60 1 3 40
0 8 70 37 67 36 3 41
1 24 49 54 52 56 1 42
1 35 66 44 60 41 1 43
1 94 51 47 52 32 2 44
1 79 60 24 59 26 1 45
0 29 58 40 58 37 3 46
1 40 68 34 68 40 1 47
1 103 62 23 60 22 1 48
1 56 52 18 45 21 1 49
1 60 45 21 48 19 1 50
0 107 54 42 64 28 3 51
1 88 71 32 67 31 1 52
1 127 43 59 45 54 1 53
0 7 62 39 38 31 3 54
1 72 65 93 61 93 1 55
0 88 55 43 59 38 3 56
0 19 63 1 60 1 3 57
1 102 32 55 29 65 1 58
1 13 70 35 73 38 1 59
0 48 38 13 35 14 3 60
0 30 66 92 64 93 3 61
1 79 39 38 38 40 2 62
1 116 5 39 6 35 2 63
1 56 49 59 44 42 5 64
1 20 52 43 60 41 2 65
0 68 52 48 45 45 3 66
1 6 54 41 53 44 1 67
0 33 91 30 92 33 5 68
0 84 68 33 69 40 3 69
0 110 48 70 58 71 3 70
0 99 65 92 67 94 3 71
0 68 38 17 59 24 3 72
1 83 51 20 47 20 2 73
1 36 41 11 31 13 1 74
0 122 57 34 61 24 3 75
0 127 77 6 81 5 3 76
1 130 57 49 61 28 2 77
1 48 51 49 52 43 1 78
0 3 61 31 50 25 3 79
0 6 47 20 49 21 3 80
0 99 64 28 61 41 3 81
1 14 98 20 98 16 1 82
0 75 45 32 35 27 3 83
1 60 68 36 53 43 1 84
1 12 67 42 66 40 2 85
1 25 70 72 73 66 1 86
1 38 36 53 28 51 5 87
0 67 47 41 48 46 3 88
0 32 30 57 26 51 3 89
1 108 34 40 31 47 2 90
1 128 62 50 62 54 3 91
1 0 98 21 98 18 1 92
1 24 52 56 53 54 2 93
0 39 53 51 52 47 4 94
0 92 52 2 47 2 3 95
1 109 55 59 62 50 1 96
0 0 71 73 67 72 5 97
0 85 87 3 85 4 3 98
0 66 52 24 51 26 3 99
1 80 67 42 62 59 1 100
1 27 55 80 53 81 1 101
1 11 98 22 98 16 2 102
1 66 44 36 31 43 2 103
1 38 57 29 54 33 2 104
1 88 43 3 45 2 1 105
0 106 6 54 4 51 3 106
0 39 57 43 55 47 3 107
0 102 47 22 48 19 5 108
1 94 67 38 38 44 2 109
1 89 52 48 54 51 1 110
0 49 74 66 71 70 3 111
1 72 49 39 55 37 2 112
1 61 43 4 46 3 1 113
0 78 43 4 47 4 3 114
1 88 57 48 61 42 2 115
0 117 25 37 25 51 3 116
1 35 64 36 60 36 1 117
1 51 64 75 70 72 2 118
1 111 56 15 60 31 4 119
0 11 52 51 54 47 3 120
0 97 55 76 31 78 3 121
0 108 47 58 47 55 3 122
0 93 46 44 47 50 3 123
1 128 60 37 58 38 1 124
0 13 56 52 57 59 3 125
1 35 55 73 53 76 2 126
1 40 57 39 50 42 1 127
0 143 44 10 42 9 3 128
1 28 98 20 98 23 2 129
1 36 61 41 62 39 2 130
1 28 50 70 44 77 1 131
0 6 45 4 35 4 3 132
0 87 54 55 51 61 3 133
0 65 60 45 61 51 3 134
1 73 58 39 47 29 1 135
0 118 52 2 58 2 3 136
0 135 32 57 47 42 4 137
0 57 89 93 87 94 3 138
1 26 61 32 62 25 1 139
1 50 54 28 55 26 1 140
1 94 60 45 62 47 2 141
0 66 47 20 48 23 3 142
0 6 52 44 54 43 3 143
0 67 51 53 55 50 4 144
0 41 52 41 57 39 3 145
1 40 51 30 42 41 1 146
1 1 45 63 42 70 1 147
1 87 47 55 47 50 1 148
0 34 51 61 51 57 3 149
0 55 52 76 54 78 3 150
1 24 45 33 36 43 5 151
0 34 49 79 58 75 3 152
1 143 98 25 98 20 1 153
0 49 69 35 69 40 3 154
1 16 47 50 46 57 1 155
1 52 55 27 56 29 2 156
1 51 56 23 57 32 2 157
0 10 63 33 63 29 5 158
1 9 50 51 49 49 1 159
1 100 68 41 65 39 3 160
1 79 52 55 48 53 1 161
1 50 60 1 62 2 1 162
0 79 32 50 33 52 3 163
0 98 54 25 49 27 3 164
0 22 36 14 42 12 3 165
0 120 57 38 59 34 3 166
0 133 50 55 45 60 3 167
1 0 52 61 50 54 1 168
1 105 56 18 52 20 1 169
0 86 29 47 32 44 3 170
1 52 6 42 7 48 1 171
1 64 44 12 40 13 1 172
0 22 44 29 42 34 3 173
1 63 90 36 90 23 1 174
0 54 64 41 62 39 5 175
1 18 92 31 90 36 1 176
1 11 58 17 56 18 2 177
0 56 47 50 33 46 6 178
0 92 39 18 31 17 3 179
0 19 67 35 69 45 3 180
1 46 39 38 45 31 1 181
0 40 50 50 49 52 3 182
0 6 81 6 76 4 3 183
1 139 46 31 51 27 1 184
0 116 55 33 53 36 3 185
0 76 87 3 85 6 3 186
1 90 43 35 37 32 2 187
1 50 98 18 98 22 4 188
1 44 31 45 32 52 1 189
0 102 49 20 42 24 5 190
1 139 56 50 53 47 2 191
0 107 43 31 38 32 3 192
0 130 60 50 32 38 3 193
0 115 98 22 98 19 3 194
1 17 26 3 36 4 1 195
0 46 52 34 56 37 4 196
1 106 47 4 43 4 1 197
1 97 88 93 87 95 1 198
0 54 54 35 55 44 3 199
0 32 38 14 31 17 4 200
1 26 51 75 71 74 1 201
0 123 61 41 63 40 3 202
1 74 54 80 50 80 1 203
0 124 57 1 62 1 5 204
1 13 80 6 70 6 2 205
0 4 66 45 53 42 3 206
0 58 58 37 60 40 3 207
1 11 6 65 5 67 1 208
0 39 51 59 52 43 6 209
0 111 54 53 51 59 3 210
1 26 57 25 53 32 2 211
1 46 58 2 62 2 1 212
1 80 41 42 33 54 2 213
1 126 98 13 98 16 4 214
1 75 67 92 64 93 1 215
0 133 50 65 48 40 3 216
0 52 49 2 12 1 3 217
0 40 6 68 6 63 5 218
1 24 25 29 15 27 2 219
0 32 29 53 27 52 3 220
1 83 37 4 28 4 1 221
0 39 70 39 71 37 3 222
1 71 68 39 67 48 1 223
1 0 49 47 40 81 1 224
0 15 51 27 53 28 3 225
1 58 51 47 62 31 1 226
1 66 6 35 6 28 1 227
0 22 42 58 22 20 4 228
1 68 48 37 54 36 1 229
1 19 68 73 46 72 1 230
0 10 34 43 30 59 4 231
0 85 37 40 41 34 3 232
1 48 29 45 30 50 2 233
0 114 61 42 56 48 3 234
0 101 66 35 67 39 3 235
1 111 58 31 53 35 1 236
1 95 68 42 68 39 1 237
0 123 55 50 54 52 3 238
1 72 57 41 51 36 1 239
0 28 46 4 39 4 3 240
0 12 50 46 49 48 3 241
1 141 61 32 63 33 1 242
0 37 5 68 6 64 3 243
1 119 67 72 70 73 1 244
0 43 58 38 59 36 3 245
1 68 51 59 23 63 2 246
1 64 59 26 57 29 2 247
0 14 98 23 98 14 3 248
1 10 56 55 52 62 1 249
0 122 5 67 6 63 3 250
0 18 61 31 62 35 3 251
0 18 47 20 34 26 3 252
1 128 58 32 23 27 1 253
1 93 6 31 6 35 1 254
0 102 51 2 48 2 3 255
1 57 53 43 48 53 6 256
0 116 6 37 6 30 3 257
1 79 54 66 58 59 1 258
1 88 56 52 58 45 1 259
0 27 36 46 42 41 3 260
0 14 55 38 69 40 3 261
0 0 67 47 60 26 5 262
1 56 50 42 52 41 2 263
0 21 89 92 87 93 3 264
1 77 62 23 55 33 2 265
0 9 45 3 48 4 3 266
0 35 57 80 53 80 3 267
1 102 6 33 6 43 1 268
1 52 55 43 53 45 1 269
0 87 47 49 42 54 3 270
0 95 72 35 62 61 3 271
0 11 60 19 59 17 3 272
1 97 51 35 52 27 1 273
0 140 62 34 52 24 3 274
1 25 58 27 35 25 5 275
1 90 62 33 61 35 1 276
0 135 45 49 40 36 3 277
1 81 37 16 61 62 1 278
0 48 6 60 5 75 3 279
0 39 49 20 43 22 3 280
0 80 27 54 28 52 3 281
0 128 30 47 30 52 3 282
1 121 40 43 41 34 6 283
0 97 55 53 48 51 3 284
1 80 54 46 59 42 1 285
1 1 53 40 56 34 5 286
0 116 58 60 58 55 3 287
0 1 59 18 62 17 4 288
0 100 63 1 60 2 3 289
0 130 70 6 77 6 3 290
1 115 26 25 52 19 5 291
0 86 98 16 98 13 3 292
0 133 62 17 63 29 3 293
0 59 55 27 50 32 3 294
1 66 72 33 70 36 1 295
1 56 58 39 57 41 2 296
0 63 50 76 57 75 3 297
0 73 52 38 55 51 3 298
0 56 88 3 86 4 6 299
0 20 52 46 43 63 3 300
1 110 59 44 53 46 1 301
1 15 59 31 62 35 2 302
1 115 49 46 52 54 1 303
1 26 44 61 49 53 2 304
1 118 63 47 65 48 1 305
0 0 44 36 40 33 3 306
0 113 54 38 51 41 3 307
0 89 54 40 53 42 3 308
0 122 29 54 31 42 4 309
0 50 87 4 84 6 3 310
1 49 54 45 39 44 1 311
0 57 62 33 63 37 3 312
0 43 49 61 52 52 5 313
0 117 44 64 46 63 3 314
1 55 87 3 85 4 1 315
0 66 49 50 51 54 3 316
0 57 57 76 52 77 3 317
0 0 66 47 68 39 3 318
0 98 52 19 50 20 3 319
0 2 48 2 46 3 4 320
0 24 48 55 51 55 3 321
1 61 50 37 59 41 1 322
1 7 30 53 28 60 5 323
0 26 50 48 54 42 3 324
0 7 57 74 62 69 3 325
0 68 60 1 66 1 3 326
1 3 58 2 76 2 2 327
0 138 55 37 49 44 3 328
1 64 70 35 62 28 5 329
1 22 80 6 78 7 1 330
0 1 59 18 52 20 3 331
0 130 22 19 46 57 3 332
1 70 52 80 55 80 1 333
0 70 66 1 62 0 3 334
0 121 5 43 6 41 3 335
1 112 43 4 48 3 1 336
0 55 67 40 66 43 3 337
1 18 55 36 54 38 4 338
0 94 57 80 49 81 3 339
0 111 5 38 4 35 3 340
0 79 57 18 59 16 3 341
0 116 49 20 53 18 5 342
0 47 51 78 55 75 3 343
0 10 63 31 62 35 3 344
1 106 49 19 39 20 1 345
0 143 30 50 32 47 4 346
0 46 32 78 12 61 3 347
1 49 58 72 54 80 4 348
0 89 57 80 60 80 4 349
0 22 57 49 54 46 3 350
0 24 56 73 60 74 3 351
1 53 67 93 64 93 1 352
0 83 50 20 57 32 6 353
0 8 58 35 59 29 3 354
0 134 6 34 6 29 3 355
1 96 61 18 48 23 2 356
0 32 85 5 86 3 3 357
1 40 52 48 45 61 2 358
1 68 54 32 50 34 1 359
0 102 52 40 56 40 3 360
0 80 32 47 33 41 3 361
0 47 65 28 61 41 3 362
1 104 70 35 66 42 1 363
0 110 32 57 44 65 3 364
1 109 45 2 49 2 6 365
1 127 53 14 56 12 2 366
1 92 67 43 69 41 6 367
0 103 60 33 56 38 3 368
0 120 67 41 66 36 3 369
0 57 89 92 87 93 3 370
0 107 67 47 63 44 3 371
0 5 62 30 58 36 3 372
1 18 56 62 61 43 6 373
0 48 52 49 51 33 3 374
0 127 63 43 60 55 3 375
1 18 61 48 61 51 1 376
1 21 87 93 84 94 1 377
0 67 51 34 54 32 3 378
1 78 53 81 57 80 2 379
1 125 68 40 58 38 3 380
0 104 56 49 58 40 3 381
0 30 66 77 67 79 3 382
1 8 57 16 62 17 3 383
1 22 46 46 43 55 1 384
1 88 55 56 51 61 5 385
0 41 52 61 47 71 6 386
1 115 46 3 39 4 5 387
1 125 40 65 33 57 1 388
0 76 44 17 35 27 5 389
1 18 81 5 77 6 1 390
0 54 51 60 57 52 3 391
0 117 59 35 57 40 5 392
1 97 80 6 83 4 1 393
0 66 55 18 58 17 3 394
1 84 65 75 67 74 2 395
1 63 53 34 48 38 1 396
0 73 5 58 5 65 3 397
1 27 60 18 57 18 2 398
0 70 6 53 6 49 3 399
1 116 45 21 48 21 6 400
0 108 64 1 61 1 5 401
1 115 41 4 46 4 2 402
0 63 66 93 65 91 3 403
0 94 70 28 67 27 3 404
0 38 42 29 42 35 3 405
0 54 55 53 58 57 3 406
0 11 53 2 48 2 3 407
0 96 7 44 6 46 3 408
1 121 60 17 57 18 1 409
0 143 81 2 87 4 3 410
1 56 52 54 54 49 1 411
0 73 59 40 51 51 3 412
0 28 66 93 65 95 3 413
1 67 46 37 56 43 2 414
0 14 56 41 53 43 3 415
1 65 6 28 4 34 1 416
0 10 55 28 57 33 3 417
0 5 54 49 53 47 4 418
1 44 62 46 63 50 1 419
0 135 6 29 6 34 3 420
0 88 49 43 52 41 3 421
0 50 50 42 48 50 3 422
1 0 6 27 6 35 1 423
0 64 30 47 26 53 4 424
0 138 55 24 59 30 3 425
0 48 19 14 14 19 3 426
0 124 54 56 49 56 3 427
1 32 55 37 53 46 1 428
0 114 69 72 70 65 3 429
1 97 53 52 37 68 1 430
1 40 58 17 50 19 1 431
1 106 50 56 52 51 2 432
0 124 62 42 52 37 3 433
1 92 71 42 68 38 2 434
1 0 57 41 46 59 6 435
1 55 6 29 6 23 1 436
1 72 31 43 6 34 1 437
1 116 40 20 47 20 1 438
1 21 49 36 57 20 2 439
1 143 69 40 64 46 1 440
0 120 6 67 6 64 3 441
1 98 7 47 6 50 1 442
1 74 6 35 5 41 5 443
0 56 60 23 56 30 3 444
0 111 57 37 55 40 3 445
0 11 52 43 55 46 3 446
1 112 69 36 53 42 1 447
0 101 60 29 51 42 3 448
1 141 50 40 53 44 1 449
1 14 65 28 59 37 1 450
1 124 65 1 52 1 3 451
0 116 55 32 57 55 3 452
1 0 29 55 31 46 1 453
0 76 64 75 67 65 3 454
0 19 36 15 29 21 3 455
1 98 59 77 60 73 1 456
0 124 90 34 92 29 3 457
0 103 48 4 45 3 3 458
1 0 59 28 54 34 1 459
1 134 98 20 98 16 2 460
0 51 61 25 46 26 3 461
0 0 69 42 73 33 3 462
1 18 68 37 35 16 2 463
1 92 65 47 35 34 1 464
0 39 50 32 48 30 3 465
0 78 68 34 63 33 3 466
1 108 30 48 31 59 6 467
0 74 51 64 57 59 3 468
0 115 67 26 63 25 3 469
1 4 54 46 52 52 1 470
1 139 63 69 56 77 1 471
0 79 64 32 67 25 4 472
1 92 66 45 68 47 5 473
1 54 59 54 40 66 2 474
1 64 33 44 30 47 1 475
1 24 57 37 55 50 1 476
1 53 69 36 67 39 1 477
0 45 43 2 48 2 3 478
1 102 60 36 64 36 3 479
1 74 6 56 6 50 3 480
0 39 46 53 47 46 3 481
1 82 55 50 55 41 3 482
0 118 50 38 47 49 3 483
1 95 54 56 48 85 2 484
0 42 5 66 2 63 3 485
0 89 87 4 81 2 3 486
0 37 51 33 41 33 3 487
0 6 69 39 65 44 3 488
1 75 58 75 60 74 1 489
0 48 48 78 57 75 3 490
0 89 66 73 65 76 3 491
1 135 36 41 36 48 3 492
1 87 46 50 39 52 1 493
1 76 46 53 32 56 1 494
0 132 53 37 44 40 3 495
0 56 54 80 47 80 5 496
0 48 64 53 62 51 6 497
1 143 56 39 59 34 1 498
1 104 68 42 68 24 1 499
1 83 55 44 51 47 2 500
0 78 92 31 90 38 3 501
0 78 70 6 80 6 3 502
0 116 60 25 61 23 3 503
1 52 69 71 68 74 1 504
1 9 41 34 40 2 1 505
0 37 68 37 60 58 3 506
1 27 92 29 90 36 2 507
0 108 62 1 56 2 3 508
1 136 52 75 63 77 1 509
1 125 52 75 70 70 1 510
1 72 64 33 62 34 1 511
0 118 22 19 46 41 4 512
0 141 56 50 54 52 3 513
1 1 46 30 50 25 1 514
0 106 59 29 42 23 3 515
1 68 54 50 48 54 1 516
1 28 69 35 58 43 1 517
0 102 50 79 57 57 3 518
1 132 58 36 61 37 2 519
0 79 30 14 50 34 5 520
0 0 47 49 47 52 6 521
1 112 87 3 88 1 1 522
0 0 19 58 18 60 3 523
0 87 6 66 5 69 3 524
0 79 61 73 52 60 3 525
1 3 7 43 6 48 1 526
1 143 50 78 54 69 1 527
0 68 57 29 59 25 3 528
0 120 54 38 42 42 5 529
0 11 51 47 42 69 5 530
0 93 41 65 50 60 4 531
1 44 59 41 55 48 2 532
1 118 49 47 42 63 1 533
1 70 98 20 98 0 4 534
0 86 60 43 58 42 3 535
0 80 42 12 39 12 5 536
1 19 49 19 44 22 1 537
0 65 5 39 5 44 6 538
1 46 65 1 61 2 1 539
1 114 52 19 48 21 1 540
0 93 63 32 54 52 3 541
1 102 88 93 86 92 1 542
1 13 57 34 41 48 1 543
0 40 54 35 56 29 3 544
1 11 16 2 39 4 1 545
1 96 40 12 30 13 1 546
1 7 6 56 6 50 1 547
0 102 48 19 52 19 5 548
1 39 64 75 67 74 1 549
0 138 53 76 56 76 5 550
0 38 71 74 68 74 5 551
0 41 30 58 27 61 3 552
0 128 62 22 61 26 3 553
0 143 26 50 32 42 3 554
1 129 47 46 46 52 1 555
0 141 54 56 58 59 3 556
0 80 56 47 54 43 3 557
1 40 79 5 81 6 1 558
0 24 63 28 56 38 3 559
0 8 48 19 44 22 3 560
1 123 48 16 37 24 1 561
1 25 45 30 42 34 1 562
1 16 66 91 66 88 4 563
1 81 54 80 60 79 2 564
0 91 65 48 67 43 6 565
0 96 64 1 67 1 3 566
0 63 91 34 90 38 3 567
0 85 98 16 98 23 3 568
1 56 54 80 59 80 5 569
1 33 65 74 68 76 3 570
0 56 46 26 42 35 3 571
0 79 33 41 21 41 3 572
0 51 32 78 64 57 3 573
1 143 12 8 35 8 1 574
0 0 92 26 88 32 3 575
0 10 91 31 91 26 3 576
1 114 5 37 5 45 3 577
0 79 47 2 42 2 3 578
0 125 44 55 47 50 3 579
1 137 47 71 47 59 3 580
1 104 49 57 47 52 5 581
0 56 52 47 53 49 3 582
1 104 54 49 43 40 1 583
0 97 71 29 64 44 4 584
0 72 98 23 98 18 3 585
1 111 59 36 62 14 1 586
0 81 50 31 49 33 3 587
1 137 55 80 51 80 1 588
1 116 55 37 44 31 1 589
1 107 63 50 63 53 2 590
1 7 57 76 63 69 1 591
0 57 54 75 57 76 3 592
1 19 54 42 26 25 1 593
0 38 40 44 39 37 3 594
0 38 52 53 48 62 5 595
0 11 40 12 44 10 3 596
0 134 49 20 45 20 3 597
1 82 54 41 54 38 6 598
1 17 34 42 29 45 2 599
0 82 72 67 69 73 3 600
0 54 72 34 71 39 3 601
0 96 34 45 33 48 3 602
0 13 69 39 61 40 3 603
0 113 59 29 59 32 3 604
0 119 74 30 70 33 3 605
0 72 50 29 31 29 3 606
1 102 50 60 54 49 2 607
0 97 6 44 6 57 3 608
1 14 56 18 49 18 5 609
1 136 88 93 82 94 1 610
0 123 48 66 41 83 3 611
0 81 47 2 51 2 3 612
1 79 72 26 67 25 5 613
0 36 29 53 31 52 3 614
1 117 45 62 48 65 1 615
0 7 67 44 69 45 3 616
0 31 41 39 47 42 3 617
1 130 68 41 50 46 2 618
1 102 81 6 83 4 2 619
0 93 70 35 67 47 3 620
1 96 55 53 54 58 2 621
0 27 6 55 5 46 3 622
0 120 42 3 47 4 3 623
1 12 48 48 48 45 1 624
1 22 29 55 28 59 1 625
1 93 6 38 6 34 1 626
1 52 53 51 78 34 1 627
1 31 60 1 56 2 5 628
0 102 55 41 41 39 3 629
1 24 61 29 57 13 1 630
1 86 6 52 6 55 1 631
1 93 43 32 46 27 3 632
1 91 60 37 56 39 5 633
0 48 54 40 49 50 5 634
0 128 53 29 56 22 4 635
0 110 54 29 56 28 3 636
1 90 55 22 52 19 3 637
1 115 55 24 46 30 2 638
1 48 49 66 47 71 1 639
0 116 60 21 64 4 3 640
0 78 62 69 58 75 3 641
0 0 53 37 46 37 3 642
1 4 56 70 57 75 1 643
1 38 62 26 61 23 3 644
1 91 51 75 68 77 1 645
1 108 90 24 91 26 1 646
1 77 69 6 0 99 2 647
1 136 88 94 86 95 1 648
1 93 61 1 56 2 6 649
0 141 56 29 55 31 3 650
0 85 62 29 60 20 3 651
1 8 44 24 40 45 1 652
1 60 60 34 45 34 2 653
0 49 63 47 61 56 3 654
0 64 7 37 6 40 3 655
1 93 64 29 62 38 1 656
0 120 55 37 62 31 3 657
0 81 40 31 48 30 3 658
0 79 64 33 68 33 3 659
1 25 56 29 50 26 2 660
1 121 6 31 5 35 5 661
0 113 5 67 6 64 3 662
1 117 53 45 49 51 4 663
0 66 45 31 43 35 3 664
0 130 69 38 42 18 3 665
0 112 43 12 40 12 3 666
0 138 51 28 41 27 3 667
0 128 60 28 61 26 3 668
0 33 57 26 52 42 3 669
1 58 67 48 52 39 1 670
0 21 60 38 32 14 3 671
1 39 6 32 6 35 1 672
1 28 98 15 98 18 2 673
0 126 46 55 43 58 3 674
1 65 57 38 59 44 5 675
1 102 41 72 44 66 1 676
1 73 60 26 66 29 5 677
1 19 47 36 48 33 6 678
0 130 59 45 63 49 3 679
0 96 34 41 33 44 3 680
0 16 59 35 62 32 3 681
0 35 64 52 66 38 4 682
0 29 47 41 37 54 3 683
0 8 69 35 69 31 3 684
0 72 56 38 55 40 3 685
0 65 61 41 51 63 3 686
1 58 57 48 56 46 1 687
0 102 6 25 4 19 3 688
1 77 69 73 72 68 1 689
0 40 62 17 65 16 3 690
1 16 32 46 28 50 2 691
1 82 65 41 64 45 4 692
1 108 6 32 6 29 1 693
1 13 6 66 5 69 1 694
0 33 48 78 50 79 3 695
1 35 48 31 45 27 1 696
0 24 51 62 56 63 3 697
1 143 34 45 29 47 1 698
1 107 69 72 67 74 1 699
0 92 48 4 45 4 6 700
1 77 55 39 56 36 2 701
0 103 83 4 82 6 3 702
1 19 46 20 51 19 1 703
1 23 46 3 49 2 6 704
1 93 56 71 60 72 1 705
0 25 60 33 56 43 3 706
0 54 81 5 77 7 3 707
0 7 31 52 26 55 3 708
1 17 55 42 54 45 2 709
0 128 54 31 57 28 3 710
0 4 58 1 60 2 3 711
0 42 56 77 48 80 3 712
0 143 58 33 57 35 3 713
1 10 38 40 43 30 1 714
0 91 64 43 62 40 3 715
0 121 45 3 48 2 3 716
1 114 61 32 63 23 4 717
1 132 40 5 30 5 1 718
1 137 31 47 28 55 1 719
0 52 51 44 49 41 3 720
1 44 58 38 56 41 1 721
0 62 33 43 28 35 3 722
0 51 31 48 32 45 4 723
0 30 64 22 61 24 3 724
0 123 61 43 58 58 3 725
1 53 53 49 56 38 1 726
0 88 64 31 55 40 5 727
0 64 42 12 44 10 3 728
1 97 54 76 61 69 1 729
0 18 60 17 50 22 3 730
1 8 59 26 50 37 2 731
1 128 60 22 59 31 1 732
1 34 34 41 33 45 3 733
1 87 53 51 49 46 2 734
0 18 56 50 53 59 5 735
0 63 55 79 57 76 3 736
0 35 53 27 47 31 3 737
1 141 48 56 43 45 5 738
1 79 57 36 52 46 2 739
1 47 6 60 6 57 6 740
1 108 5 69 5 55 1 741
1 65 53 32 54 34 1 742
1 121 47 47 49 41 1 743
1 24 44 48 36 46 1 744
0 54 88 94 88 91 3 745
0 76 66 44 62 61 3 746
1 77 59 1 48 1 5 747
1 39 43 35 37 43 4 748
0 56 52 61 53 46 3 749
0 35 50 28 44 18 3 750
0 117 62 52 65 50 3 751
0 19 58 44 60 41 3 752
0 35 6 55 6 61 3 753
1 52 36 26 37 28 2 754
1 135 40 37 36 43 1 755
0 18 44 36 42 30 3 756
1 18 61 49 55 62 5 757
0 24 49 2 46 3 3 758
1 4 47 23 56 22 1 759
0 24 51 25 56 23 3 760
0 37 53 57 58 57 3 761
1 134 53 40 67 38 1 762
1 93 92 32 91 39 1 763
1 96 32 44 27 50 1 764
1 65 63 1 59 2 1 765
0 51 49 28 60 17 3 766
1 58 54 43 53 49 1 767
0 52 47 53 44 64 3 768
1 22 32 47 30 53 2 769
0 27 69 43 59 43 3 770
1 56 51 80 55 80 1 771
0 33 89 92 87 91 3 772
0 139 54 51 48 39 3 773
1 79 63 32 66 42 2 774
0 119 49 78 52 77 3 775
1 74 59 71 54 76 2 776
1 0 69 71 66 78 1 777
0 54 55 76 58 75 3 778
1 92 59 17 54 18 5 779
1 78 56 48 50 46 1 780
1 48 60 42 58 49 1 781
1 87 54 53 51 61 2 782
1 111 57 80 53 80 1 783
1 23 51 46 49 47 1 784
0 89 30 53 26 67 3 785
1 108 64 47 60 41 4 786
0 47 47 2 52 2 3 787
1 141 57 44 53 44 5 788
0 13 5 70 6 68 3 789
0 11 46 4 29 4 5 790
1 23 52 23 53 20 2 791
0 8 80 6 82 5 3 792
0 64 47 44 46 52 3 793
1 115 45 4 17 2 2 794
1 125 51 25 54 27 1 795
1 46 71 35 70 33 4 796
1 46 68 45 65 51 3 797
1 66 77 6 81 5 1 798
1 135 41 30 46 26 5 799
0 108 28 58 31 45 3 800
0 41 48 66 47 60 3 801
0 139 53 29 54 44 3 802
1 12 6 32 6 25 4 803
0 64 78 90 81 92 3 804
0 63 91 25 91 31 3 805
0 130 53 18 60 17 3 806
1 53 52 54 48 53 1 807
1 112 28 47 31 49 1 808
1 22 31 45 29 55 1 809
0 143 98 13 98 22 3 810
1 120 62 51 61 53 2 811
1 40 67 41 67 35 1 812
0 128 55 41 55 44 5 813
1 37 53 30 61 25 1 814
1 59 47 57 49 55 1 815
1 119 38 14 35 14 1 816
1 35 53 29 54 27 2 817
0 139 47 41 47 56 3 818
0 121 64 42 49 45 3 819
1 22 56 44 56 40 1 820
0 87 51 61 45 67 5 821
0 110 51 26 52 24 3 822
0 57 98 19 98 15 3 823
0 121 6 28 6 33 3 824
0 113 49 58 43 65 4 825
0 91 87 4 81 2 4 826
1 64 49 47 36 57 5 827
0 53 57 46 50 73 3 828
0 44 6 53 6 45 3 829
1 96 58 40 59 38 1 830
0 35 55 1 62 0 3 831
0 28 56 44 57 41 3 832
0 0 36 13 41 10 3 833
0 143 53 80 30 77 3 834
1 0 53 44 55 30 1 835
0 85 56 73 57 76 3 836
1 48 32 42 27 41 1 837
0 120 61 48 58 58 3 838
1 76 68 71 70 68 1 839
1 96 52 53 43 64 5 840
1 15 86 4 84 3 1 841
0 11 54 48 48 57 3 842
0 47 91 31 91 34 3 843
0 17 71 70 69 73 3 844
0 13 55 39 50 49 3 845
1 15 70 35 65 43 2 846
1 47 6 39 7 37 1 847
1 69 48 20 53 18 2 848
1 32 56 47 62 42 1 849
0 121 58 1 61 1 3 850
0 17 59 40 57 34 6 851
0 143 50 20 48 19 3 852
0 56 54 39 53 41 3 853
0 143 61 42 40 40 3 854
1 79 42 39 45 32 4 855
0 128 41 34 44 37 3 856
1 124 91 35 92 32 1 857
1 96 37 41 44 33 1 858
0 122 62 14 58 20 3 859
1 0 71 31 70 39 1 860
0 3 88 92 86 95 3 861
1 36 65 40 67 36 4 862
1 24 49 66 45 74 1 863
1 58 81 3 82 5 1 864
1 53 52 56 58 35 2 865
0 109 61 46 62 43 3 866
1 90 48 47 46 43 1 867
1 72 98 19 98 22 2 868
1 19 3 52 2 49 1 869
0 27 55 18 59 15 3 870
0 124 61 1 49 2 3 871
1 39 68 38 72 38 1 872
0 113 54 18 57 14 3 873
1 60 52 43 51 60 1 874
0 112 42 11 34 11 5 875
0 13 51 45 57 43 3 876
0 5 55 29 46 38 3 877
0 14 64 33 62 35 6 878
1 83 6 32 6 25 1 879
1 48 27 49 30 44 1 880
0 42 54 56 50 37 3 881
1 44 53 26 54 30 1 882
0 134 52 57 49 55 3 883
1 60 91 37 91 34 1 884
0 125 51 47 48 52 3 885
0 94 71 38 68 39 4 886
0 39 63 34 52 39 3 887
0 7 60 33 58 35 3 888
0 108 66 41 68 39 3 889
1 108 33 51 30 53 2 890
0 19 61 33 58 33 3 891
0 5 52 30 55 67 4 892
1 134 62 48 62 39 1 893
0 15 70 39 60 38 3 894
0 111 50 51 48 37 3 895
1 110 66 92 65 94 3 896
0 26 50 25 48 28 3 897
1 117 71 38 69 31 1 898
1 24 28 25 54 48 1 899
1 26 43 19 20 29 1 900
0 56 56 36 58 33 3 901
1 143 5 40 6 31 2 902
1 102 46 3 42 3 1 903
1 112 73 66 71 74 1 904
1 50 32 47 29 56 1 905
0 33 52 45 48 56 3 906
0 63 92 34 92 28 3 907
1 106 60 32 62 35 1 908
1 26 59 45 52 52 1 909
0 15 46 20 49 19 3 910
1 66 52 30 50 32 3 911
1 112 56 47 52 60 1 912
0 119 46 62 38 61 3 913
1 141 52 63 52 57 1 914
1 93 65 1 61 1 1 915
0 106 33 43 31 44 3 916
0 79 98 16 98 24 3 917
0 130 6 32 5 44 3 918
1 27 68 41 64 50 1 919
1 126 69 34 55 36 1 920
1 26 56 47 52 50 1 921
1 86 98 18 98 24 3 922
1 10 39 38 43 31 6 923
1 141 57 50 52 61 4 924
0 60 47 54 33 57 3 925
0 40 57 73 54 75 3 926
1 133 61 37 52 45 1 927
0 142 52 45 51 61 3 928
1 110 64 16 62 17 1 929
0 96 59 38 60 32 5 930
1 10 52 41 54 39 2 931
1 7 7 37 7 41 5 932
0 108 90 36 91 31 3 933
0 108 60 2 55 2 3 934
1 76 60 51 64 46 1 935
0 109 56 74 53 75 3 936
1 57 55 43 50 37 1 937
0 108 63 36 54 42 3 938
0 68 53 32 54 37 3 939
1 138 53 58 60 47 1 940
0 120 58 1 55 2 3 941
1 48 31 49 34 46 1 942
1 17 47 42 44 53 1 943
1 44 53 23 60 22 1 944
1 75 62 32 49 40 3 945
1 65 61 46 59 50 2 946
0 53 44 32 43 24 3 947
0 1 62 18 60 19 3 948
0 78 40 46 34 42 3 949
0 39 65 35 57 34 5 950
1 66 33 38 40 36 2 951
1 82 52 48 44 53 1 952
0 13 46 3 42 3 3 953
0 131 57 20 51 19 5 954
1 43 60 30 60 26 1 955
1 66 60 18 25 16 1 956
1 85 54 39 52 47 2 957
0 81 34 43 29 53 3 958
0 67 6 69 4 68 3 959
1 111 61 43 58 35 4 960
1 1 55 31 58 28 1 961
0 110 49 36 48 38 3 962
1 38 50 29 53 35 1 963
1 90 56 21 59 14 1 964
1 100 54 57 58 60 1 965
1 91 60 36 57 35 1 966
0 25 65 41 54 44 3 967
1 58 44 46 41 42 1 968
1 82 53 50 53 47 1 969
0 24 32 43 29 48 3 970
1 89 98 17 98 23 1 971
0 141 57 40 59 36 3 972
1 9 53 48 53 42 5 973
0 24 43 41 42 32 3 974
0 35 51 31 46 37 3 975
1 52 32 47 34 45 1 976
0 126 47 37 49 27 3 977
1 80 32 46 26 49 2 978
1 46 51 63 52 71 1 979
0 112 57 22 55 27 3 980
1 22 87 4 84 4 1 981
1 14 61 38 21 20 1 982
1 23 3 96 1 95 1 983
1 5 43 4 36 4 1 984
1 70 55 41 33 43 2 985
0 22 46 2 42 3 3 986
0 64 59 32 55 40 3 987
0 37 81 6 77 6 3 988
0 23 56 31 55 36 3 989
1 99 6 29 5 27 1 990
1 104 53 45 55 47 1 991
1 140 80 6 77 7 1 992
0 113 56 30 50 25 5 993
0 22 40 66 33 57 3 994
0 112 69 40 65 51 3 995
0 35 63 45 67 43 3 996
0 123 32 55 33 51 3 997
1 84 36 40 42 44 1 998
1 143 50 69 56 45 1 999
0 57 6 57 6 53 6 1000
0 43 54 49 51 44 3 1001
0 134 71 75 68 76 6 1002
1 52 60 41 38 47 5 1003
1 131 42 13 38 12 1 1004
1 23 48 79 56 75 1 1005
1 38 55 79 55 75 1 1006
0 39 56 41 41 47 3 1007
0 11 51 33 55 31 3 1008
0 81 66 93 63 97 5 1009
0 108 6 66 5 68 6 1010
1 76 62 39 64 42 1 1011
0 54 50 44 53 43 4 1012
1 93 91 36 91 33 2 1013
1 121 69 73 72 69 1 1014
1 58 91 28 90 37 2 1015
0 11 63 45 59 46 3 1016
0 72 98 9 98 15 5 1017
0 45 61 42 60 40 3 1018
0 87 52 62 47 60 3 1019
1 19 50 52 57 44 1 1020
1 77 52 49 52 41 1 1021
1 115 30 14 47 34 1 1022
0 47 5 39 5 31 3 1023
0 73 62 38 61 36 6 1024
0 96 41 38 41 41 3 1025
1 67 65 45 69 46 1 1026
1 88 41 42 37 40 3 1027
1 57 80 5 78 6 1 1028
1 31 44 62 47 50 6 1029
1 84 52 45 56 40 1 1030
0 66 52 20 60 18 3 1031
0 53 64 16 35 16 5 1032
0 123 42 2 49 2 3 1033
0 28 52 19 47 20 3 1034
1 53 67 47 36 16 1 1035
1 40 53 27 52 24 1 1036
1 77 54 48 53 46 1 1037
1 120 52 46 53 42 1 1038
1 54 52 19 53 32 1 1039
0 76 71 69 72 66 3 1040
0 49 54 57 59 57 3 1041
1 92 6 31 6 54 1 1042
1 100 57 38 51 38 1 1043
1 87 51 49 48 54 1 1044
0 92 72 32 70 33 3 1045
1 117 51 46 54 50 3 1046
1 64 63 33 62 37 1 1047
0 60 54 42 56 48 3 1048
0 11 53 56 55 42 3 1049
0 93 55 39 48 43 3 1050
0 13 69 69 72 71 3 1051
1 39 51 51 57 35 5 1052
0 115 40 43 42 38 3 1053
0 28 63 1 66 1 3 1054
0 25 55 32 58 28 3 1055
0 51 51 53 53 51 3 1056
1 105 70 37 69 43 1 1057
0 109 5 70 4 68 3 1058
0 1 51 16 55 16 3 1059
0 28 67 41 67 44 3 1060
1 11 86 91 80 92 1 1061
0 102 63 32 55 41 3 1062
0 30 59 33 61 35 3 1063
0 28 88 94 85 94 3 1064
1 126 98 15 98 18 1 1065
1 119 47 3 41 4 1 1066
1 97 57 36 54 39 1 1067
0 4 51 56 53 49 3 1068
0 64 58 40 31 14 6 1069
0 92 63 18 59 18 3 1070
0 113 69 6 78 4 3 1071
0 52 87 3 85 5 4 1072
0 76 52 44 47 62 3 1073
0 51 82 6 78 6 3 1074
1 41 48 69 49 66 6 1075
0 0 98 18 98 21 3 1076
0 51 31 33 24 51 3 1077
1 103 60 30 55 41 1 1078
1 23 52 35 59 28 1 1079
0 28 42 3 46 4 3 1080
0 0 47 50 33 57 3 1081
0 91 7 51 5 57 3 1082
1 86 6 34 7 50 1 1083
0 132 49 19 60 24 4 1084
0 102 62 40 61 37 5 1085
1 101 52 80 49 80 1 1086
0 39 70 35 61 22 3 1087
0 14 54 41 48 53 3 1088
1 106 67 73 72 71 4 1089
0 58 50 80 51 77 4 1090
0 90 46 2 53 1 5 1091
0 19 42 22 46 22 3 1092
1 141 51 49 52 46 2 1093
0 106 55 41 54 39 3 1094
1 142 52 19 50 18 4 1095
0 62 53 21 58 20 3 1096
1 74 64 67 40 57 1 1097
1 120 81 5 78 6 6 1098
1 45 53 46 55 41 2 1099
1 100 63 54 61 58 2 1100
0 92 69 35 65 43 3 1101
0 26 70 37 69 39 3 1102
0 139 45 55 50 55 3 1103
0 25 54 23 41 29 3 1104
0 133 59 42 52 43 3 1105
0 50 38 56 39 70 3 1106
0 139 68 8 76 9 3 1107
0 72 55 42 30 15 6 1108
1 91 3 31 24 36 1 1109
0 84 54 21 49 22 3 1110
0 79 32 46 31 49 3 1111
1 29 61 32 65 29 1 1112
1 38 50 32 46 33 3 1113
1 143 33 45 31 44 3 1114
1 74 46 62 47 56 1 1115
0 90 61 38 56 46 3 1116
0 99 47 52 45 63 3 1117
0 69 55 72 59 71 3 1118
0 138 52 82 46 82 4 1119
1 68 42 51 47 64 2 1120
0 79 44 33 37 49 3 1121
1 83 5 48 5 45 1 1122
1 26 68 41 64 45 1 1123
1 107 6 37 6 33 2 1124
1 113 56 42 57 40 1 1125
0 73 58 29 53 33 3 1126
1 93 42 40 41 44 3 1127
1 37 81 6 72 5 1 1128
1 87 67 93 65 95 1 1129
0 7 47 41 42 42 3 1130
0 123 54 57 47 57 3 1131
1 31 62 34 56 8 1 1132
1 102 55 43 52 44 1 1133
0 85 6 46 6 55 3 1134
0 43 40 65 37 52 3 1135
1 46 57 76 59 75 1 1136
1 83 91 40 91 43 1 1137
0 82 54 50 52 49 3 1138
1 72 91 37 92 34 1 1139
0 18 53 46 52 43 4 1140
0 108 62 69 59 71 3 1141
1 112 30 49 30 46 1 1142
0 23 69 40 70 38 6 1143
0 114 88 93 86 92 3 1144
0 88 81 5 77 1 3 1145
0 109 62 41 66 38 3 1146
0 51 31 49 33 43 3 1147
0 59 56 53 61 41 3 1148
1 25 61 26 58 17 1 1149
0 78 48 80 43 80 3 1150
1 105 61 42 58 42 1 1151
1 26 31 42 18 46 2 1152
0 131 49 38 57 36 3 1153
1 102 49 82 52 75 5 1154
0 116 64 31 53 43 3 1155
0 24 45 33 43 30 3 1156
0 128 66 38 68 35 3 1157
1 92 64 42 58 59 1 1158
0 123 40 45 41 35 3 1159
1 71 6 37 6 22 2 1160
1 17 38 3 48 1 2 1161
1 122 50 18 45 18 3 1162
1 52 71 41 52 36 1 1163
1 10 69 33 71 36 1 1164
1 26 50 64 43 78 1 1165
0 61 56 40 30 14 3 1166
0 51 55 35 60 29 3 1167
1 128 33 47 31 42 2 1168
1 82 51 50 53 31 1 1169
0 97 69 33 67 38 3 1170
1 54 6 34 4 36 1 1171
0 27 6 65 5 72 3 1172
0 132 55 58 54 66 3 1173
0 53 91 20 90 36 3 1174
1 13 64 32 67 35 1 1175
1 75 67 44 64 51 1 1176
0 75 32 45 31 43 3 1177
0 65 60 44 61 42 3 1178
1 52 90 36 90 20 2 1179
1 4 49 40 47 42 1 1180
1 4 52 61 53 55 1 1181
1 88 53 49 39 46 1 1182
1 55 68 35 65 41 3 1183
0 131 55 40 49 54 3 1184
1 78 91 34 90 37 1 1185
0 128 69 33 63 33 3 1186
0 98 62 20 59 15 3 1187
1 99 61 29 60 24 1 1188
1 6 54 46 43 46 1 1189
0 74 55 55 41 53 5 1190
0 126 59 71 60 74 3 1191
1 85 62 27 52 36 1 1192
1 126 71 72 68 77 1 1193
0 130 51 47 54 42 5 1194
1 48 51 60 52 58 1 1195
0 33 56 19 53 20 3 1196
1 67 54 81 47 80 5 1197
1 139 6 31 6 34 5 1198
0 132 61 41 63 37 3 1199
0 48 29 53 33 45 3 1200
0 59 61 1 54 1 3 1201
1 75 61 50 63 42 2 1202
0 120 53 40 51 45 3 1203
0 66 73 31 67 41 3 1204
0 139 54 44 44 52 3 1205
0 56 56 43 43 63 3 1206
0 63 43 10 40 9 3 1207
0 128 31 48 31 45 6 1208
1 94 51 43 58 34 1 1209
0 40 59 74 30 77 5 1210
1 136 54 74 52 75 1 1211
0 143 59 35 60 57 3 1212
1 80 54 38 51 33 1 1213
0 68 69 37 69 31 3 1214
0 132 63 57 64 55 3 1215
0 65 49 18 51 19 3 1216
0 115 46 58 33 57 3 1217
0 83 61 32 44 40 5 1218
0 141 60 27 57 30 3 1219
1 10 37 36 39 46 1 1220
1 50 50 20 45 20 1 1221
0 118 64 42 58 54 3 1222
1 77 47 57 52 55 1 1223
0 26 54 44 52 45 3 1224
1 2 41 9 39 12 1 1225
1 128 43 12 38 13 1 1226
0 119 53 61 54 36 3 1227
0 48 26 54 33 43 3 1228
0 72 53 43 41 37 3 1229
1 95 51 29 47 30 1 1230
1 7 55 18 52 19 1 1231
1 108 91 34 89 37 1 1232
1 30 62 52 62 49 1 1233
0 45 7 45 6 49 3 1234
1 74 54 39 48 46 2 1235
0 89 86 4 86 0 3 1236
1 22 48 19 50 20 2 1237
0 116 51 2 48 2 3 1238
0 92 57 15 53 18 5 1239
0 45 31 49 30 51 3 1240
1 94 60 22 62 21 2 1241
1 88 52 18 72 14 2 1242
1 51 28 56 24 66 2 1243
0 21 43 35 39 38 3 1244
0 55 58 38 54 41 3 1245
0 83 49 39 53 38 3 1246
0 57 98 19 98 23 3 1247
0 128 24 39 28 53 3 1248
0 48 58 41 61 38 3 1249
1 13 78 7 80 6 6 1250
0 50 67 40 70 30 3 1251
1 102 60 34 56 21 1 1252
0 26 50 37 50 40 3 1253
0 114 58 74 56 77 3 1254
0 16 35 15 37 14 5 1255
1 65 48 50 49 47 1 1256
1 114 65 76 67 74 3 1257
0 94 30 53 29 55 3 1258
0 43 48 40 55 46 3 1259
0 80 30 46 34 44 3 1260
1 21 49 55 49 51 1 1261
0 81 45 31 51 25 3 1262
1 80 70 35 70 39 1 1263
0 52 51 50 33 37 3 1264
0 63 47 51 47 33 3 1265
0 40 56 34 59 32 3 1266
0 37 58 29 55 37 3 1267
0 128 67 33 67 44 3 1268
0 22 43 58 45 51 3 1269
1 24 54 44 55 50 1 1270
0 0 53 44 46 62 3 1271
1 5 46 30 47 27 1 1272
1 108 30 52 33 43 6 1273
1 12 70 37 74 30 1 1274
0 78 62 24 59 26 3 1275
1 121 28 56 31 48 1 1276
1 5 49 18 47 21 2 1277
0 130 47 39 52 28 3 1278
0 48 35 15 37 14 3 1279
0 16 25 58 28 43 3 1280
1 12 60 22 57 27 5 1281
0 64 22 45 24 49 3 1282
0 124 32 49 17 50 3 1283
1 46 45 72 44 70 1 1284
1 22 30 52 27 70 1 1285
1 135 84 4 86 3 1 1286
1 65 66 37 62 43 5 1287
1 10 46 2 43 3 1 1288
0 141 47 50 44 57 3 1289
1 141 49 60 52 59 1 1290
0 112 41 10 36 13 3 1291
1 92 50 37 54 31 1 1292
0 108 64 76 66 75 6 1293
1 22 30 51 31 56 4 1294
0 138 6 48 3 80 3 1295
0 9 47 57 46 52 3 1296
1 5 58 40 57 34 1 1297
1 3 52 61 49 82 1 1298
1 71 72 74 71 72 1 1299
1 140 73 67 69 68 5 1300
0 89 50 52 43 64 3 1301
0 5 37 42 42 20 4 1302
0 134 67 46 35 16 3 1303
1 98 71 38 68 33 2 1304
0 17 29 63 32 53 3 1305
0 128 60 27 65 29 3 1306
1 111 57 44 61 39 1 1307
0 10 56 40 60 43 3 1308
0 3 5 35 7 48 3 1309
0 35 49 2 43 2 3 1310
1 66 58 39 70 35 1 1311
0 135 54 19 50 19 3 1312
1 53 51 48 52 46 1 1313
1 10 7 43 7 46 1 1314
1 55 51 43 60 37 2 1315
0 72 49 55 54 52 5 1316
1 38 48 49 43 51 2 1317
1 90 58 19 54 20 1 1318
0 137 31 49 30 61 3 1319
1 54 5 70 6 64 5 1320
0 26 56 44 53 45 3 1321
1 89 67 73 69 70 1 1322
1 10 61 1 57 2 3 1323
0 115 53 1 45 2 4 1324
0 9 60 31 62 38 3 1325
1 125 98 12 98 18 2 1326
1 32 37 11 36 13 2 1327
1 46 57 28 59 29 1 1328
0 113 61 24 44 35 3 1329
0 111 98 21 98 24 3 1330
1 54 62 32 53 37 6 1331
1 40 52 45 55 43 1 1332
0 122 69 38 40 42 3 1333
1 132 57 71 60 73 1 1334
1 10 34 45 32 46 1 1335
0 79 60 29 56 31 3 1336
1 139 57 28 60 27 1 1337
0 128 57 28 53 40 3 1338
0 77 56 41 54 40 3 1339
0 132 51 78 49 79 3 1340
1 61 45 4 40 5 1 1341
0 37 98 21 98 18 3 1342
1 30 59 28 55 31 1 1343
0 87 63 44 60 42 6 1344
0 61 69 42 68 48 3 1345
1 16 55 54 56 52 1 1346
0 67 48 2 27 2 3 1347
1 135 98 18 98 21 2 1348
0 24 49 2 46 2 3 1349
1 76 6 48 6 42 2 1350
0 122 45 30 49 29 3 1351
0 65 30 54 28 56 3 1352
0 87 49 67 0 17 3 1353
1 73 61 37 65 33 2 1354
1 49 43 39 23 30 1 1355
0 126 61 32 51 36 6 1356
1 111 48 54 46 60 1 1357
1 104 56 37 57 45 3 1358
0 82 39 37 42 34 3 1359
1 109 63 48 60 34 2 1360
0 130 71 40 74 30 3 1361
0 97 55 25 52 25 3 1362
1 128 51 31 55 27 2 1363
0 69 47 4 45 3 3 1364
1 64 34 45 31 43 1 1365
1 0 58 23 55 31 3 1366
1 9 17 21 56 38 2 1367
1 135 51 45 51 42 1 1368
1 36 49 28 44 34 4 1369
0 10 52 26 50 27 3 1370
1 0 73 36 64 48 1 1371
1 124 60 41 56 48 2 1372
0 63 54 80 50 81 4 1373
0 117 62 36 66 30 3 1374
0 132 58 75 55 77 6 1375
1 48 23 63 41 63 1 1376
0 66 42 39 43 32 3 1377
1 89 91 30 92 26 1 1378
0 7 30 52 27 59 3 1379
1 128 56 22 52 26 1 1380
0 102 81 5 82 3 3 1381
0 57 5 57 6 55 5 1382
0 16 40 12 35 13 3 1383
1 142 63 28 63 22 1 1384
0 69 46 4 38 5 3 1385
1 40 59 17 51 16 1 1386
1 62 49 30 50 28 2 1387
0 93 91 38 87 29 3 1388
1 142 43 63 51 50 1 1389
0 106 81 2 87 4 3 1390
0 79 67 50 64 46 3 1391
1 65 57 80 52 80 2 1392
1 45 53 80 47 80 2 1393
1 34 62 49 64 47 1 1394
1 116 6 32 6 35 1 1395
1 113 55 53 55 49 1 1396
1 112 40 12 42 11 2 1397
1 125 40 11 44 11 1 1398
1 13 6 66 5 59 1 1399
0 126 61 16 60 12 3 1400
1 1 56 38 16 21 1 1401
0 13 67 40 64 43 3 1402
1 66 62 16 57 20 6 1403
0 42 52 36 58 26 3 1404
0 111 6 28 6 37 3 1405
1 44 67 45 66 39 1 1406
0 103 55 74 57 73 3 1407
0 38 72 66 68 72 3 1408
1 0 36 13 41 12 1 1409
0 49 42 56 50 52 3 1410
1 48 53 48 47 59 2 1411
1 75 6 58 6 55 1 1412
0 115 40 48 46 49 6 1413
1 83 51 47 49 53 2 1414
0 21 84 94 88 93 3 1415
0 54 51 46 55 39 4 1416
1 34 33 57 35 50 2 1417
1 101 52 42 49 27 2 1418
1 81 51 27 48 30 1 1419
1 43 58 18 62 17 1 1420
0 88 69 6 81 5 3 1421
0 69 44 11 40 12 4 1422
1 78 55 43 49 49 1 1423
1 20 51 61 58 55 1 1424
1 52 70 36 69 26 1 1425
0 71 87 91 89 90 3 1426
0 5 55 19 51 25 3 1427
1 140 63 33 60 39 3 1428
0 18 61 28 60 52 3 1429
1 111 53 56 50 63 2 1430
1 88 63 54 60 61 1 1431
1 97 51 31 35 26 5 1432
1 117 61 35 50 39 1 1433
0 78 32 55 31 45 3 1434
1 8 60 25 55 27 1 1435
0 112 67 35 71 30 3 1436
1 28 45 4 39 4 1 1437
0 42 51 64 47 84 3 1438
1 6 63 42 66 36 1 1439
0 39 60 38 66 27 3 1440
0 95 67 43 44 34 3 1441
0 109 66 43 37 15 3 1442
1 74 6 36 6 31 1 1443
0 97 49 53 57 45 3 1444
0 9 52 46 47 46 3 1445
0 79 68 34 69 25 3 1446
1 118 36 50 45 33 3 1447
0 52 98 23 98 20 3 1448
1 92 56 18 62 17 1 1449
1 121 66 79 69 76 2 1450
0 87 68 48 67 41 4 1451
0 21 48 52 49 54 3 1452
0 80 45 34 55 24 3 1453
0 92 81 5 78 3 3 1454
1 15 57 42 52 41 1 1455
1 92 35 45 36 47 1 1456
1 112 46 45 47 49 1 1457
1 117 57 46 49 51 1 1458
0 129 64 51 54 44 3 1459
1 26 70 39 72 40 1 1460
0 5 44 21 49 20 5 1461
1 15 51 19 56 18 1 1462
0 61 57 48 61 49 3 1463
1 26 54 30 57 31 1 1464
1 81 50 58 47 59 1 1465
1 84 63 52 59 52 6 1466
0 108 80 6 69 6 3 1467
1 31 69 73 68 71 1 1468
0 24 70 42 73 36 3 1469
0 18 46 59 53 51 3 1470
0 106 56 41 47 71 3 1471
0 136 45 29 41 31 3 1472
0 111 51 80 55 80 5 1473
1 37 45 60 42 57 1 1474
0 138 49 44 57 39 3 1475
0 10 66 93 63 96 3 1476
0 94 5 70 4 78 3 1477
0 143 49 16 46 15 3 1478
1 76 64 67 73 69 5 1479
1 141 69 40 66 38 2 1480
1 115 15 20 58 24 1 1481
0 92 52 42 58 28 3 1482
0 9 51 40 54 40 3 1483
1 96 51 60 53 55 1 1484
0 69 46 4 42 4 3 1485
1 118 47 49 37 48 1 1486
0 18 51 29 49 33 3 1487
1 82 12 8 27 9 1 1488
1 59 13 1 32 4 1 1489
1 93 91 32 91 40 1 1490
0 0 61 43 55 52 3 1491
0 44 52 43 59 35 3 1492
0 51 62 24 59 25 3 1493
1 130 55 50 51 48 1 1494
0 29 30 46 27 50 4 1495
0 32 81 6 75 5 5 1496
1 57 89 93 86 95 2 1497
0 12 66 91 64 92 3 1498
0 15 69 44 71 37 3 1499
0 134 38 39 42 33 3 1500
0 89 62 1 66 1 3 1501
1 27 6 50 6 60 1 1502
1 51 28 55 26 75 1 1503
1 126 55 36 48 36 1 1504
0 80 58 36 55 47 3 1505
1 12 52 54 61 41 4 1506
0 21 66 39 63 53 3 1507
1 73 51 41 54 38 1 1508
0 83 33 49 32 55 3 1509
1 113 57 34 55 33 2 1510
0 137 47 3 43 2 3 1511
1 5 61 72 59 74 1 1512
0 111 52 43 53 28 3 1513
0 79 89 92 87 93 3 1514
0 114 6 31 6 28 4 1515
1 22 50 36 46 40 1 1516
1 80 29 48 31 45 1 1517
0 76 60 27 62 24 3 1518
0 115 51 53 49 54 3 1519
1 28 98 15 98 12 2 1520
0 92 64 39 58 56 3 1521
0 70 59 53 61 44 3 1522
0 20 45 18 65 41 3 1523
0 108 27 50 23 55 3 1524
0 64 59 29 59 26 5 1525
0 128 22 48 25 46 3 1526
0 123 28 57 34 41 3 1527
0 127 68 73 70 72 6 1528
0 32 57 44 57 49 3 1529
0 108 66 93 65 95 3 1530
0 118 62 18 56 18 3 1531
1 62 98 15 98 24 1 1532
0 112 45 59 32 57 3 1533
0 68 6 60 5 50 3 1534
1 31 59 30 57 26 2 1535
1 96 44 62 46 58 1 1536
1 98 57 34 53 38 5 1537
1 71 88 93 85 95 1 1538
0 143 60 18 56 18 3 1539
0 133 33 47 26 50 3 1540
1 96 33 44 27 33 2 1541
1 89 53 58 44 66 2 1542
0 25 60 31 62 24 3 1543
1 99 92 29 91 38 2 1544
0 22 53 81 56 80 3 1545
1 14 56 49 50 64 1 1546
1 42 28 55 22 63 1 1547
1 121 5 40 5 36 1 1548
1 68 50 38 49 43 1 1549
0 103 42 36 36 40 3 1550
0 19 55 75 58 75 3 1551
1 83 46 46 47 50 1 1552
1 28 42 68 48 43 5 1553
0 64 31 45 27 57 3 1554
1 46 61 44 56 50 4 1555
1 28 53 49 54 47 1 1556
0 120 41 4 30 4 3 1557
0 112 56 40 43 66 4 1558
1 87 44 67 46 64 1 1559
0 95 47 3 27 2 3 1560
1 56 46 3 44 4 1 1561
0 116 7 45 6 47 3 1562
1 9 55 38 43 49 3 1563
1 109 46 4 52 3 1 1564
1 79 53 19 56 18 1 1565
0 82 67 77 68 73 3 1566
1 123 32 56 31 51 1 1567
0 18 62 43 60 46 3 1568
0 78 55 80 52 80 3 1569
1 91 45 36 56 39 1 1570
1 36 49 48 43 42 1 1571
1 36 59 43 60 39 5 1572
1 97 33 46 32 49 1 1573
0 66 7 40 6 64 3 1574
0 112 6 43 7 51 3 1575
0 132 57 76 54 75 6 1576
0 74 6 37 6 26 3 1577
1 41 47 20 39 19 3 1578
1 17 6 52 6 44 2 1579
1 5 32 57 44 52 1 1580
0 112 36 13 40 12 3 1581
0 79 40 54 32 55 5 1582
1 74 45 3 49 3 1 1583
1 81 30 61 30 52 1 1584
0 100 98 22 98 27 5 1585
0 24 53 27 50 37 4 1586
1 43 60 52 62 48 1 1587
1 3 71 69 70 73 1 1588
1 96 67 41 52 69 1 1589
1 121 92 16 91 42 1 1590
1 4 53 19 59 17 1 1591
0 78 5 51 6 19 3 1592
1 54 50 78 54 80 1 1593
0 9 52 45 49 53 3 1594
0 22 57 61 59 55 3 1595
0 45 7 46 6 48 3 1596
1 47 51 26 47 24 1 1597
0 27 74 17 63 24 3 1598
1 25 58 27 56 29 1 1599
0 118 63 18 49 16 6 1600
0 66 48 2 34 2 3 1601
1 24 86 95 88 94 1 1602
1 143 35 40 29 37 2 1603
0 9 32 46 25 58 3 1604
0 86 51 30 54 24 3 1605
1 125 55 75 59 72 3 1606
1 101 98 11 98 19 1 1607
1 72 40 44 42 43 1 1608
0 80 49 63 51 60 3 1609
0 77 55 36 57 39 3 1610
1 25 51 75 51 85 1 1611
1 108 73 36 63 31 2 1612
0 119 72 35 70 39 3 1613
0 53 53 51 51 49 3 1614
1 61 62 39 41 74 2 1615
1 37 51 82 49 79 1 1616
0 89 38 39 34 38 3 1617
0 35 55 42 51 44 3 1618
1 83 30 15 37 38 1 1619
1 108 92 24 90 39 5 1620
1 122 46 55 50 57 1 1621
1 87 34 46 33 43 1 1622
0 122 86 92 84 93 3 1623
0 68 51 27 47 31 3 1624
1 0 98 18 98 21 2 1625
0 12 59 37 66 39 3 1626
0 106 6 46 6 55 3 1627
1 17 73 67 70 73 1 1628
0 93 60 1 44 2 3 1629
1 88 48 53 52 33 2 1630
0 72 61 45 65 36 3 1631
1 38 60 28 59 30 1 1632
1 103 32 48 33 46 2 1633
0 2 34 46 32 57 3 1634
0 79 87 93 84 94 3 1635
0 8 56 40 57 36 3 1636
0 12 31 34 28 35 3 1637
1 102 81 2 86 2 1 1638
0 5 55 74 59 72 3 1639
0 14 62 37 64 38 3 1640
0 96 34 43 32 36 5 1641
1 24 53 47 56 39 5 1642
0 25 57 40 47 54 3 1643
0 53 50 19 40 26 3 1644
1 18 60 43 57 41 1 1645
0 30 56 29 56 36 3 1646
0 19 42 56 45 46 3 1647
1 124 62 1 57 2 5 1648
1 35 53 81 45 81 1 1649
1 55 69 37 66 42 1 1650
1 94 46 60 51 55 1 1651
1 26 73 38 72 35 5 1652
1 50 56 22 50 24 1 1653
0 57 52 51 54 48 3 1654
1 81 5 65 6 68 1 1655
1 43 61 34 56 52 6 1656
1 76 54 56 60 45 1 1657
1 51 54 76 63 69 1 1658
0 85 42 12 38 12 3 1659
0 123 50 2 44 3 3 1660
1 96 71 31 69 38 1 1661
0 138 87 4 83 4 3 1662
0 124 63 2 59 1 3 1663
1 10 63 45 59 42 2 1664
0 27 87 4 85 5 3 1665
0 97 50 51 53 51 3 1666
0 117 53 55 46 69 3 1667
0 58 62 36 56 40 5 1668
1 29 59 39 62 40 1 1669
1 68 61 36 56 39 1 1670
1 64 31 44 33 47 6 1671
1 29 59 18 61 14 2 1672
0 106 71 70 68 72 3 1673
1 6 89 92 87 93 1 1674
0 0 70 35 65 23 6 1675
1 74 27 60 30 47 1 1676
0 5 52 45 35 48 3 1677
1 0 67 48 67 44 2 1678
0 86 98 19 98 22 3 1679
0 96 55 40 56 42 3 1680
1 55 48 46 55 45 1 1681
0 8 30 48 30 52 3 1682
1 46 55 32 54 60 1 1683
0 46 61 32 56 23 3 1684
1 93 6 60 6 69 2 1685
0 51 32 54 32 51 5 1686
1 9 35 85 41 76 1 1687
0 111 6 48 6 41 3 1688
0 5 6 64 5 71 3 1689
1 108 48 37 51 33 1 1690
0 54 52 49 60 43 6 1691
0 61 52 45 56 39 4 1692
0 16 38 12 33 13 3 1693
1 21 60 30 54 34 1 1694
1 76 6 43 5 55 1 1695
0 0 47 50 33 57 3 1696
1 117 58 44 60 42 1 1697
0 122 60 30 58 33 3 1698
1 132 57 48 54 50 1 1699
1 116 57 29 60 19 5 1700
0 90 6 43 5 61 3 1701
1 36 53 46 53 40 2 1702
0 83 5 48 6 43 3 1703
0 5 33 42 27 43 4 1704
0 63 92 30 92 20 3 1705
1 128 57 19 60 11 4 1706
1 107 73 68 68 69 1 1707
1 62 52 27 55 24 2 1708
1 89 47 4 39 5 1 1709
1 50 29 48 34 39 1 1710
0 105 63 17 60 18 5 1711
1 57 47 3 45 4 3 1712
0 19 52 27 48 30 3 1713
0 45 31 45 32 52 3 1714
0 135 55 40 59 43 3 1715
1 0 98 22 98 17 6 1716
1 92 55 44 20 43 1 1717
1 113 56 36 47 48 5 1718
0 20 55 2 65 1 3 1719
0 61 63 32 53 37 3 1720
1 36 29 47 32 46 1 1721
0 22 51 40 63 35 3 1722
1 96 35 10 41 11 5 1723
1 108 56 2 63 1 2 1724
1 65 59 49 39 43 1 1725
0 26 53 50 51 49 3 1726
1 137 60 18 62 17 1 1727
0 36 5 39 6 41 3 1728
0 73 55 43 52 44 3 1729
1 57 54 30 52 34 1 1730
1 50 52 76 58 75 2 1731
1 33 47 4 39 5 2 1732
0 133 50 63 53 54 4 1733
0 0 59 45 58 43 3 1734
1 49 63 47 65 50 1 1735
1 127 67 74 70 76 1 1736
1 77 59 39 66 41 1 1737
0 48 31 45 33 42 3 1738
1 53 52 47 50 55 1 1739
1 92 55 72 60 71 1 1740
0 19 45 4 38 3 3 1741
1 83 54 32 54 38 1 1742
0 82 53 48 37 50 3 1743
0 143 62 1 59 2 3 1744
1 104 55 41 60 35 1 1745
0 108 91 36 91 33 3 1746
0 102 47 31 50 32 3 1747
0 137 60 51 58 56 3 1748
1 138 57 76 56 78 3 1749
0 68 56 50 55 43 6 1750
0 78 42 31 42 40 3 1751
0 11 53 25 46 22 3 1752
1 112 61 23 61 27 1 1753
0 139 45 4 48 3 3 1754
0 96 31 42 36 43 3 1755
0 62 51 62 56 44 3 1756
0 60 58 60 52 61 5 1757
1 64 46 60 42 56 1 1758
0 120 28 60 27 58 3 1759
1 99 70 73 65 67 1 1760
1 19 52 26 54 28 1 1761
1 71 44 2 13 0 1 1762
0 25 62 38 53 44 6 1763
0 118 49 47 38 54 3 1764
0 25 60 25 58 34 3 1765
1 102 48 59 44 62 1 1766
0 87 60 51 51 64 3 1767
0 72 49 55 53 51 3 1768
0 53 60 50 60 46 3 1769
0 65 33 49 34 44 3 1770
0 133 63 34 32 14 3 1771
0 21 41 31 43 33 3 1772
1 96 60 35 57 35 2 1773
0 96 44 50 21 19 3 1774
0 16 45 53 42 49 3 1775
0 116 60 30 61 27 4 1776
1 37 49 40 54 46 2 1777
1 29 30 47 31 43 1 1778
1 48 56 28 57 31 1 1779
0 8 52 46 50 60 3 1780
0 62 6 38 6 30 3 1781
1 53 58 19 38 24 1 1782
1 32 58 80 51 80 1 1783
1 34 57 28 20 34 4 1784
0 119 62 22 67 6 4 1785
1 63 42 4 36 4 5 1786
0 109 62 40 53 57 3 1787
0 86 32 78 58 74 3 1788
1 37 6 49 5 64 1 1789
0 68 68 34 67 42 3 1790
0 2 48 64 48 58 3 1791
0 27 87 2 86 4 3 1792
1 7 54 2 47 2 1 1793
0 40 47 21 42 24 3 1794
1 108 6 64 6 67 5 1795
1 52 67 40 51 30 1 1796
1 96 3 14 5 58 2 1797
1 31 43 3 49 2 4 1798
0 64 63 33 66 41 3 1799
0 38 41 13 37 12 3 1800
1 120 37 16 58 44 1 1801
0 67 5 68 6 65 3 1802
1 60 56 63 56 53 1 1803
0 0 73 31 62 58 5 1804
0 75 59 49 52 62 3 1805
1 116 57 45 50 46 1 1806
0 103 55 37 53 35 3 1807
1 112 37 11 33 10 1 1808
0 14 50 13 52 12 3 1809
1 124 90 37 91 34 2 1810
1 6 45 58 46 45 1 1811
0 42 31 49 32 52 3 1812
0 143 32 44 30 43 3 1813
1 25 57 26 41 31 1 1814
0 127 68 36 60 22 3 1815
0 64 60 34 53 28 4 1816
1 10 65 42 60 45 6 1817
1 78 6 42 5 64 2 1818
1 27 59 19 64 16 1 1819
0 11 52 60 49 53 3 1820
0 79 43 11 41 12 3 1821
1 141 57 28 59 29 5 1822
0 108 32 55 30 46 6 1823
1 114 71 71 64 75 2 1824
0 122 46 43 44 2 3 1825
0 78 51 45 55 41 3 1826
0 23 55 75 49 80 5 1827
0 33 91 42 91 34 3 1828
0 9 58 18 52 19 3 1829
1 26 50 48 53 48 5 1830
0 138 60 40 56 40 3 1831
0 35 86 92 88 93 3 1832
1 33 59 47 59 50 1 1833
0 134 45 21 47 22 3 1834
1 98 28 42 31 34 1 1835
0 16 61 41 52 50 3 1836
1 24 45 35 42 38 1 1837
1 10 70 36 61 52 1 1838
1 83 61 32 61 36 1 1839
1 23 42 19 49 19 1 1840
0 122 64 36 60 37 3 1841
0 1 60 19 54 19 5 1842
0 105 68 39 64 45 3 1843
0 19 47 20 49 19 3 1844
1 8 67 33 64 31 1 1845
1 119 67 41 65 43 1 1846
0 92 68 39 67 33 3 1847
0 113 7 48 6 30 3 1848
1 107 66 31 71 34 1 1849
0 104 58 73 60 72 3 1850
1 98 70 37 69 40 2 1851
1 73 42 40 41 35 2 1852
0 21 28 54 43 48 3 1853
0 56 51 44 55 44 3 1854
1 122 43 61 55 57 2 1855
0 132 59 19 56 24 3 1856
0 76 58 47 54 37 3 1857
1 131 61 24 56 30 2 1858
0 13 53 43 49 48 5 1859
1 72 46 31 50 32 1 1860
1 120 58 32 52 43 1 1861
1 109 50 3 47 3 4 1862
1 120 60 48 60 43 1 1863
0 6 69 75 68 73 3 1864
1 97 61 2 80 5 1 1865
1 92 41 36 43 40 1 1866
0 30 88 93 86 94 3 1867
0 13 65 50 70 41 5 1868
1 12 60 14 60 23 1 1869
0 41 51 48 49 55 3 1870
1 15 54 80 51 80 2 1871
0 50 21 14 41 18 3 1872
0 108 40 19 67 46 3 1873
1 103 44 25 49 28 3 1874
1 97 53 45 54 43 1 1875
0 65 28 44 30 61 3 1876
0 10 65 1 43 3 3 1877
0 15 56 49 38 41 3 1878
1 25 69 68 72 69 1 1879
0 0 56 48 56 58 3 1880
1 17 50 53 53 56 4 1881
0 107 46 54 42 58 3 1882
0 77 49 36 50 39 3 1883
0 17 6 55 5 65 3 1884
1 70 67 41 68 46 2 1885
0 62 51 62 56 63 3 1886
0 109 42 2 48 2 3 1887
0 96 69 37 62 58 3 1888
0 50 49 36 58 37 3 1889
0 58 59 27 63 22 3 1890
0 73 89 92 86 92 3 1891
0 14 48 36 40 37 3 1892
0 32 59 57 55 66 3 1893
1 56 57 80 54 80 6 1894
1 66 49 29 53 19 1 1895
1 84 60 47 60 52 4 1896
0 0 55 53 51 50 3 1897
1 41 47 58 26 49 1 1898
0 98 56 31 55 26 4 1899
1 92 56 40 55 42 3 1900
1 67 65 41 69 38 1 1901
1 16 46 45 40 64 1 1902
0 112 42 11 40 13 3 1903
0 33 48 16 45 21 3 1904
0 26 11 30 10 34 6 1905
1 120 53 40 55 41 1 1906
1 130 63 45 58 58 6 1907
1 71 39 3 27 4 3 1908
0 140 45 49 40 54 3 1909
0 10 51 27 53 24 3 1910
0 14 98 18 98 14 3 1911
1 90 57 39 50 40 1 1912
0 72 51 49 49 54 3 1913
0 12 61 29 59 32 3 1914
0 97 66 49 67 46 3 1915
1 69 50 80 53 77 1 1916
1 118 49 49 48 55 1 1917
0 10 70 43 60 58 3 1918
0 117 65 29 64 36 3 1919
1 31 31 52 31 49 2 1920
0 112 62 17 59 17 3 1921
1 140 70 71 72 67 1 1922
0 77 56 2 42 1 3 1923
1 75 59 35 42 39 2 1924
0 118 58 20 64 16 3 1925
0 78 91 38 91 31 3 1926
1 94 59 75 56 75 1 1927
0 0 53 77 98 67 6 1928
0 137 37 19 41 19 3 1929
1 67 62 38 55 36 1 1930
0 48 40 12 37 9 3 1931
1 18 91 29 92 27 3 1932
0 27 56 80 50 80 3 1933
0 74 13 1 46 2 3 1934
1 120 62 46 64 45 5 1935
0 86 79 7 62 2 3 1936
0 32 67 43 69 38 5 1937
0 111 6 32 6 21 3 1938
0 116 53 68 54 60 5 1939
0 114 91 38 90 25 3 1940
1 65 61 42 60 48 1 1941
0 141 55 38 55 42 3 1942
1 138 46 53 42 59 1 1943
0 62 62 1 54 2 3 1944
1 42 49 53 51 47 1 1945
1 59 42 57 49 9 5 1946
1 114 67 34 57 61 1 1947
0 73 43 2 46 2 3 1948
0 51 32 46 27 59 6 1949
0 0 61 72 58 77 3 1950
1 73 49 34 47 35 1 1951
0 108 49 52 51 53 3 1952
1 90 59 14 57 15 2 1953
1 31 25 0 63 1 1 1954
0 97 61 38 54 53 3 1955
1 44 60 52 58 47 1 1956
0 135 98 14 98 10 3 1957
0 93 56 2 60 1 3 1958
1 57 52 19 54 18 2 1959
1 106 55 45 53 41 1 1960
0 13 54 81 36 81 3 1961
0 88 38 41 40 43 3 1962
0 29 57 39 58 34 3 1963
1 110 52 29 47 30 1 1964
0 36 68 39 63 17 3 1965
1 44 52 43 49 59 1 1966
1 48 33 48 35 40 2 1967
1 54 53 43 51 35 1 1968
1 4 48 56 49 60 2 1969
0 112 27 49 28 51 3 1970
0 52 43 18 67 24 3 1971
0 134 43 52 45 49 3 1972
1 29 58 49 56 55 1 1973
0 108 40 3 51 1 3 1974
0 35 88 93 84 93 3 1975
0 140 54 44 48 56 3 1976
0 12 71 68 67 74 3 1977
0 31 45 75 47 67 4 1978
1 3 58 35 62 29 3 1979
0 84 48 54 55 50 3 1980
1 10 62 1 55 2 1 1981
0 93 43 29 44 37 3 1982
1 18 92 29 90 40 2 1983
1 4 57 47 50 56 3 1984
0 78 6 34 5 36 3 1985
1 63 70 31 69 35 3 1986
0 63 90 41 90 38 3 1987
0 82 37 13 42 12 3 1988
0 86 98 15 98 25 3 1989
1 102 30 61 31 47 1 1990
0 29 55 40 65 28 3 1991
1 80 27 50 29 48 1 1992
1 64 34 42 33 37 4 1993
1 66 6 61 6 46 3 1994
1 120 57 60 53 61 6 1995
1 8 52 19 50 18 1 1996
0 69 32 50 30 53 3 1997
1 20 67 35 66 38 5 1998
0 44 65 29 63 36 3 1999
