1 136 55 41 61 30 2 0
0 11 81 2 87 4 5 1
1 119 61 47 63 46 1 2
0 110 4 69 6 59 3 3
1 96 32 44 25 39 1 4
0 5 48 40 32 57 3 5
0 139 54 42 48 55 3 6
1 48 28 47 30 44 1 7
0 101 54 51 52 44 3 8
1 104 55 41 56 47 6 9
0 32 54 69 59 54 3 10
0 40 58 36 55 40 3 11
1 101 54 45 56 41 1 12
1 106 69 6 74 6 1 13
0 17 52 44 46 51 3 14
0 95 37 39 33 39 3 15
0 98 29 56 26 72 3 16
1 113 59 36 60 32 1 17
1 136 41 36 37 39 2 18
1 129 61 31 57 38 1 19
0 94 91 34 89 35 3 20
1 106 32 48 31 42 3 21
1 109 47 3 44 2 1 22
0 80 29 48 31 44 3 23
0 56 46 54 39 48 3 24
0 86 98 16 98 19 4 25
0 54 32 46 30 45 3 26
0 80 32 44 29 52 5 27
1 22 31 56 30 60 1 28
1 25 55 45 53 48 3 29
0 12 55 21 53 20 3 30
0 135 59 26 60 24 3 31
1 89 54 80 62 70 1 32
1 126 91 42 90 38 1 33
1 67 48 57 45 61 2 34
1 106 42 3 46 2 1 35
1 64 91 37 87 26 2 36
1 35 52 29 52 26 2 37
1 102 57 33 55 52 1 38
1 66 51 26 52 17 1 39
1 111 45 38 51 29 1 40
0 101 60 39 55 41 5 41
0 78 61 40 62 31 3 42
0 76 67 33 68 39 3 43
1 77 53 33 56 29 1 44
1 47 51 19 46 20 1 45
0 23 41 51 41 54 3 46
1 64 32 55 27 73 2 47
1 46 64 92 68 90 3 48
1 64 70 35 68 36 1 49
0 84 69 36 58 44 4 50
1 24 42 51 37 47 1 51
1 137 30 58 32 56 1 52
1 139 55 75 58 75 1 53
1 7 32 47 24 54 4 54
0 42 58 44 56 43 3 55
0 81 39 13 35 13 3 56
0 6 66 44 70 43 3 57
1 40 54 76 57 75 1 58
1 61 43 12 45 11 4 59
1 124 65 51 64 53 1 60
0 96 52 45 56 39 3 61
1 9 48 57 55 49 1 62
1 121 39 37 32 38 5 63
1 78 6 53 5 58 1 64
1 99 31 42 15 37 1 65
1 39 28 47 26 50 1 66
0 48 57 29 68 33 3 67
0 48 68 41 53 44 3 68
1 128 52 40 57 35 1 69
1 116 98 22 98 27 1 70
0 66 33 40 23 32 3 71
1 119 7 44 6 54 2 72
0 68 81 5 75 3 3 73
1 48 92 24 91 20 1 74
1 133 60 14 57 20 1 75
1 132 71 25 69 27 4 76
0 93 60 33 63 36 3 77
1 64 56 26 62 31 1 78
0 74 60 72 52 82 5 79
0 0 68 37 68 41 3 80
1 93 60 1 64 1 1 81
1 6 45 50 47 54 1 82
1 140 54 75 62 69 4 83
0 72 52 45 53 49 3 84
1 142 28 37 33 45 1 85
0 116 60 49 62 43 3 86
1 11 47 59 43 63 2 87
0 7 54 42 50 52 3 88
1 62 61 18 55 16 2 89
1 50 47 3 42 3 1 90
1 26 54 53 51 63 4 91
0 139 40 46 42 41 3 92
1 65 65 33 57 32 2 93
1 76 53 48 49 50 1 94
1 43 45 3 41 4 1 95
0 44 68 73 52 75 3 96
1 54 6 65 4 67 1 97
0 94 5 67 6 65 5 98
0 47 54 43 53 48 3 99
0 109 58 52 51 62 3 100
0 26 49 64 50 35 3 101
1 48 27 57 26 52 1 102
0 79 60 13 52 14 3 103
1 57 5 78 5 82 1 104
0 85 43 11 41 12 3 105
1 77 92 16 91 32 1 106
0 122 58 36 61 39 3 107
0 117 92 30 90 38 3 108
1 24 59 45 60 39 2 109
1 45 48 54 0 38 2 110
1 117 98 16 98 19 1 111
1 14 98 21 98 15 2 112
0 8 91 30 92 28 3 113
0 111 52 17 51 19 3 114
1 82 77 7 80 6 2 115
1 78 98 19 98 26 1 116
1 17 48 4 44 4 6 117
0 115 68 34 70 36 3 118
1 132 59 35 58 37 1 119
0 93 42 33 40 36 3 120
0 54 66 92 64 96 3 121
0 46 65 1 59 2 3 122
1 141 55 77 52 82 2 123
0 62 54 41 46 69 3 124
1 94 6 30 5 48 2 125
0 76 49 19 46 20 3 126
1 139 5 65 5 69 1 127
0 65 57 40 58 37 3 128
0 115 43 70 45 54 3 129
0 95 6 31 5 39 3 130
1 16 65 40 63 47 1 131
0 95 66 36 66 40 3 132
0 81 41 30 43 34 3 133
1 63 5 72 4 76 1 134
0 102 56 39 55 41 3 135
0 43 42 4 35 4 3 136
1 50 52 54 41 41 2 137
1 97 48 55 33 40 1 138
0 43 31 49 31 42 3 139
1 33 56 80 46 80 2 140
0 104 61 50 60 41 3 141
1 2 68 34 61 49 1 142
1 8 60 26 49 37 1 143
1 96 57 38 16 21 3 144
0 115 88 92 80 92 3 145
0 57 67 47 66 41 3 146
0 127 64 77 70 72 5 147
0 69 64 55 66 49 3 148
0 28 98 11 98 15 3 149
1 19 47 29 46 31 1 150
1 79 41 42 45 31 1 151
0 10 98 16 98 22 4 152
1 121 32 69 41 61 4 153
0 116 49 41 47 52 3 154
1 14 48 15 51 16 5 155
1 10 39 39 41 42 6 156
1 85 54 39 60 29 1 157
1 57 7 43 5 64 1 158
1 94 6 64 5 70 3 159
0 118 5 47 5 56 3 160
0 94 59 29 46 27 3 161
0 37 53 56 49 64 3 162
1 137 83 93 78 94 2 163
0 35 54 80 30 79 4 164
1 42 68 36 66 34 1 165
0 83 55 55 56 64 3 166
1 24 98 23 98 18 1 167
1 120 49 36 56 25 1 168
1 95 51 1 47 2 5 169
1 64 49 45 53 44 1 170
1 34 64 36 57 37 2 171
0 33 54 36 55 47 3 172
0 68 57 34 46 51 3 173
1 68 63 57 66 50 1 174
1 79 31 41 34 41 1 175
1 87 54 49 46 62 6 176
1 11 54 45 53 51 1 177
0 117 56 47 54 56 3 178
1 120 61 38 54 45 2 179
0 24 42 59 45 61 3 180
1 17 6 42 6 29 1 181
1 10 33 39 27 26 1 182
1 104 35 43 42 42 1 183
0 141 43 59 58 43 3 184
0 143 47 54 40 73 3 185
0 129 59 49 58 47 3 186
0 84 58 70 58 74 3 187
0 10 64 40 60 42 3 188
1 111 35 16 66 40 2 189
1 72 54 39 56 40 1 190
1 32 57 19 60 17 1 191
1 43 64 76 70 72 1 192
1 143 31 46 35 40 5 193
0 114 68 36 67 39 3 194
1 86 59 41 57 40 2 195
0 25 71 25 65 38 3 196
0 128 6 33 6 37 3 197
0 60 6 52 4 57 3 198
1 26 51 61 47 57 2 199
1 65 6 65 5 67 2 200
0 134 58 39 55 42 3 201
0 59 58 48 56 50 3 202
1 96 41 4 46 3 1 203
0 68 55 44 64 33 3 204
0 42 55 57 57 51 3 205
0 128 61 23 62 25 5 206
0 83 58 27 60 30 3 207
1 38 53 46 47 57 5 208
1 31 58 1 61 1 5 209
0 13 72 69 71 75 3 210
0 120 78 6 80 5 3 211
1 67 37 13 40 13 1 212
1 86 6 41 7 45 2 213
1 47 58 75 55 74 1 214
0 102 61 23 54 18 4 215
1 115 6 64 5 69 2 216
0 54 62 50 55 59 3 217
0 61 6 43 6 48 3 218
0 118 55 21 25 28 3 219
1 20 44 18 21 56 2 220
0 17 49 2 45 2 3 221
1 132 54 27 52 29 1 222
1 68 55 30 40 43 1 223
1 48 48 44 46 32 5 224
0 66 54 33 49 38 3 225
0 9 49 32 52 31 3 226
0 121 71 42 71 39 3 227
0 73 53 44 57 38 4 228
1 14 88 93 86 94 1 229
0 130 60 47 57 51 3 230
0 48 28 48 31 50 3 231
1 141 60 42 54 41 4 232
1 136 59 42 60 37 1 233
1 31 30 44 27 40 4 234
1 82 43 55 48 56 3 235
1 40 47 2 26 2 4 236
0 62 46 54 50 36 3 237
0 109 44 1 41 2 3 238
0 37 78 7 98 3 3 239
1 32 30 37 32 42 2 240
0 2 46 54 48 52 3 241
1 138 69 6 76 6 2 242
0 45 61 51 51 59 3 243
1 72 33 42 47 48 1 244
0 115 87 4 81 2 3 245
1 48 63 50 62 54 1 246
1 66 57 19 53 20 2 247
1 105 70 42 67 42 1 248
1 32 91 28 92 31 1 249
1 116 57 62 50 84 6 250
0 39 53 56 51 60 3 251
1 18 54 16 55 20 2 252
1 31 65 1 62 1 2 253
1 24 59 28 61 24 3 254
1 4 53 41 38 80 5 255
0 6 62 39 53 36 3 256
0 79 65 44 76 13 3 257
0 106 43 36 53 46 3 258
1 130 51 37 58 42 1 259
1 91 45 2 48 2 2 260
1 95 71 67 70 69 2 261
1 128 69 33 62 51 1 262
0 0 68 45 66 31 3 263
1 103 56 42 46 48 1 264
0 11 53 50 38 45 3 265
0 127 39 12 43 11 3 266
0 11 61 38 60 32 3 267
0 132 17 15 65 30 3 268
1 7 46 4 49 2 1 269
1 122 58 38 57 40 6 270
0 83 88 3 84 4 3 271
1 76 69 73 70 71 1 272
0 11 50 65 54 45 3 273
0 18 61 49 55 54 3 274
0 93 38 41 39 37 3 275
1 66 42 34 41 41 1 276
0 135 38 38 37 41 3 277
0 87 52 55 47 58 3 278
1 17 61 40 57 44 1 279
1 128 55 38 60 38 1 280
1 24 49 52 55 47 1 281
1 65 43 42 32 39 3 282
0 13 71 33 69 35 3 283
1 87 6 36 6 30 2 284
0 96 38 12 39 14 4 285
1 12 55 30 58 34 5 286
1 92 60 16 63 16 1 287
1 16 34 42 27 50 5 288
1 112 43 12 40 12 1 289
0 39 66 77 69 76 3 290
0 24 6 36 6 21 3 291
0 97 61 31 59 38 3 292
1 33 49 32 49 28 2 293
1 60 57 40 55 47 1 294
1 11 49 3 42 4 1 295
1 18 53 58 50 79 2 296
1 125 57 45 52 58 1 297
0 98 69 69 72 69 3 298
1 116 56 53 55 56 1 299
1 126 52 42 48 27 1 300
1 107 85 5 87 4 2 301
1 72 56 57 54 59 2 302
0 14 6 59 7 53 3 303
0 100 58 47 56 52 3 304
0 11 51 78 53 77 3 305
0 104 60 25 59 27 3 306
1 100 42 12 39 12 2 307
0 56 50 55 35 54 3 308
1 86 58 39 31 14 6 309
0 92 67 42 66 39 3 310
1 82 54 42 53 45 1 311
0 66 41 30 38 30 3 312
1 130 56 18 49 20 2 313
1 93 49 29 53 24 3 314
1 13 41 4 44 4 1 315
0 22 48 56 55 43 4 316
1 123 30 55 31 59 1 317
0 127 45 31 51 26 3 318
1 105 70 30 72 32 5 319
1 32 50 49 42 50 1 320
1 7 48 19 50 20 4 321
0 102 61 36 53 42 3 322
1 24 58 42 58 39 1 323
0 30 32 44 30 45 3 324
1 33 50 20 52 19 6 325
0 13 49 34 52 28 3 326
1 52 5 71 6 63 1 327
0 127 30 59 30 50 3 328
0 121 6 32 6 38 3 329
1 109 30 14 29 30 2 330
0 129 48 23 50 25 3 331
0 136 31 44 31 48 3 332
0 15 5 78 5 81 3 333
1 96 36 13 38 14 5 334
0 62 52 45 51 48 3 335
0 61 52 54 51 60 3 336
0 13 71 37 68 42 3 337
1 8 58 19 53 18 3 338
0 59 45 48 32 57 3 339
0 51 32 39 33 45 3 340
1 100 28 59 28 55 1 341
0 48 58 29 57 26 3 342
0 88 58 40 59 33 3 343
0 103 64 76 62 80 3 344
0 17 61 69 59 74 4 345
1 62 65 1 59 1 1 346
0 15 59 43 53 53 3 347
1 46 45 4 42 4 1 348
1 23 59 30 52 40 5 349
1 28 60 42 55 42 2 350
0 82 61 47 63 43 3 351
1 134 54 42 53 44 1 352
0 88 68 37 69 41 3 353
0 99 50 61 46 57 3 354
1 127 59 47 49 67 1 355
0 42 55 77 50 79 3 356
1 36 43 1 47 1 1 357
1 97 55 77 50 79 1 358
1 126 61 31 59 32 1 359
1 138 32 50 33 42 1 360
1 107 68 40 52 25 1 361
1 94 59 17 52 20 1 362
0 38 59 23 59 26 5 363
1 75 48 56 47 53 1 364
0 116 47 30 48 34 3 365
0 14 49 65 49 50 3 366
0 105 57 18 59 17 3 367
0 18 62 30 57 22 3 368
1 18 58 54 55 56 1 369
0 132 52 55 31 34 3 370
1 59 70 41 39 20 1 371
1 76 55 27 51 26 2 372
0 136 6 49 6 56 3 373
0 34 82 5 79 6 3 374
1 44 61 42 64 35 2 375
0 112 86 4 83 4 3 376
1 25 60 23 56 21 1 377
0 68 48 68 55 51 5 378
0 134 65 93 63 94 3 379
0 126 44 50 41 73 3 380
1 5 48 3 39 5 1 381
1 129 51 29 50 31 2 382
1 126 6 49 6 65 5 383
0 112 69 39 71 40 3 384
0 11 55 53 44 64 3 385
0 100 50 21 42 20 3 386
1 62 56 40 59 41 2 387
0 74 53 62 51 61 5 388
0 128 43 11 41 12 5 389
0 29 68 39 66 41 4 390
1 143 66 93 59 90 1 391
1 53 41 63 45 59 6 392
1 61 45 45 58 37 1 393
0 97 81 6 79 5 3 394
0 51 27 58 28 60 3 395
0 97 60 39 53 21 3 396
0 80 52 49 38 78 3 397
1 139 5 41 6 25 1 398
1 78 56 80 51 80 2 399
1 5 63 44 62 39 1 400
0 56 50 52 38 58 3 401
0 53 52 58 49 17 3 402
0 21 60 53 56 49 3 403
1 85 57 1 48 1 4 404
1 108 60 1 63 1 1 405
0 40 48 4 40 4 3 406
0 66 92 26 92 29 3 407
0 30 63 1 61 0 3 408
1 0 57 48 54 64 2 409
0 133 52 53 50 50 3 410
0 38 57 34 50 34 3 411
1 104 53 25 64 28 1 412
1 21 69 36 60 41 2 413
1 38 57 41 60 42 2 414
1 124 92 32 91 30 2 415
0 28 58 74 56 75 5 416
0 121 54 69 55 67 3 417
0 141 55 16 53 20 3 418
0 128 54 46 55 44 6 419
0 50 55 41 58 39 3 420
1 18 52 61 51 65 6 421
1 19 50 31 49 33 1 422
0 112 66 93 62 97 3 423
1 91 42 32 39 38 2 424
1 94 62 20 61 23 2 425
1 116 49 3 47 4 1 426
1 106 31 49 30 47 2 427
0 16 45 18 67 34 5 428
0 94 87 3 86 5 3 429
0 102 52 59 52 48 3 430
0 52 43 2 50 2 3 431
0 79 45 3 41 4 3 432
1 56 48 80 53 80 4 433
1 72 53 40 52 47 2 434
1 136 46 2 49 2 1 435
1 94 27 50 29 47 3 436
0 62 65 1 62 1 6 437
1 18 56 48 51 44 3 438
0 130 58 60 43 96 3 439
0 137 43 2 46 2 3 440
1 9 52 32 53 30 1 441
1 41 87 94 81 93 1 442
1 104 56 41 21 36 1 443
0 88 48 21 44 21 3 444
1 94 30 50 30 58 3 445
1 55 26 33 30 35 1 446
0 49 30 59 30 62 3 447
1 78 52 15 50 13 1 448
0 123 27 58 31 49 3 449
0 96 6 48 5 39 3 450
1 65 54 41 53 43 2 451
0 55 98 18 98 13 3 452
1 31 70 6 79 6 3 453
0 7 54 42 52 43 3 454
0 122 51 55 40 72 3 455
1 115 88 94 84 94 1 456
1 0 66 39 63 43 5 457
0 94 5 69 5 66 3 458
0 44 64 76 68 72 3 459
0 64 54 57 53 55 3 460
1 59 48 16 49 18 1 461
1 51 45 3 40 4 1 462
1 75 67 43 61 53 1 463
1 132 64 52 65 48 1 464
1 133 57 28 60 31 1 465
1 128 29 46 23 49 2 466
0 87 52 58 43 75 5 467
0 18 91 34 92 29 3 468
1 114 63 46 71 33 1 469
0 102 6 30 6 33 3 470
0 26 51 52 49 55 3 471
1 19 53 28 52 25 1 472
0 35 47 31 49 28 5 473
1 112 52 24 54 27 5 474
1 37 65 94 67 92 1 475
1 123 57 20 53 21 2 476
0 65 27 61 31 46 3 477
0 107 46 51 41 39 3 478
0 94 59 41 50 43 3 479
1 18 6 41 5 43 3 480
1 76 62 25 58 27 2 481
1 13 50 43 56 46 1 482
1 93 92 27 90 36 1 483
0 87 47 72 38 59 6 484
0 127 52 52 51 47 3 485
0 118 55 50 45 63 3 486
0 102 58 33 56 34 3 487
1 87 50 50 60 44 1 488
0 34 64 36 59 33 3 489
0 8 42 39 45 31 3 490
1 93 88 93 82 94 5 491
0 34 44 4 35 5 3 492
0 78 48 19 40 23 3 493
0 34 43 11 40 12 3 494
1 43 54 42 44 36 1 495
0 91 53 78 50 80 4 496
1 66 32 34 32 43 3 497
0 79 68 40 66 43 3 498
1 24 68 33 61 48 2 499
0 26 49 37 33 53 3 500
1 67 55 24 54 22 1 501
0 116 61 25 59 26 3 502
0 80 66 42 68 46 3 503
1 109 49 2 45 2 1 504
1 38 42 34 46 28 1 505
1 68 49 39 60 26 6 506
1 0 53 46 26 25 1 507
0 105 59 73 53 74 3 508
0 40 53 75 50 77 3 509
0 22 47 44 44 56 3 510
0 56 56 22 41 22 3 511
0 121 40 24 45 35 5 512
1 140 65 93 62 92 3 513
1 0 62 49 61 47 2 514
0 104 55 42 58 40 3 515
0 83 59 45 27 22 3 516
0 23 87 3 85 4 3 517
1 11 58 75 59 71 5 518
1 128 42 11 40 12 2 519
1 55 5 38 6 28 1 520
1 124 62 1 57 2 1 521
1 120 83 4 82 6 1 522
0 44 63 45 61 48 3 523
0 130 61 15 59 16 3 524
1 72 57 40 56 43 1 525
1 136 57 40 65 19 3 526
1 69 49 54 47 57 2 527
0 47 6 57 6 54 3 528
0 70 40 39 41 42 3 529
0 40 40 36 38 40 4 530
1 0 42 11 33 11 6 531
0 80 53 77 57 73 3 532
1 88 70 35 70 31 1 533
1 41 48 42 52 41 2 534
0 78 54 58 59 51 4 535
1 46 58 54 51 63 1 536
1 114 61 50 65 44 1 537
1 109 49 2 45 2 1 538
1 123 69 31 49 26 1 539
0 76 54 38 57 35 3 540
0 74 53 67 62 70 3 541
1 28 98 18 98 21 1 542
1 82 98 21 98 24 1 543
0 8 60 29 56 30 3 544
1 43 98 19 98 23 1 545
1 51 46 4 37 5 1 546
0 128 59 21 49 24 3 547
1 106 7 43 7 37 3 548
0 72 61 32 59 36 3 549
0 141 58 46 41 70 3 550
0 108 51 44 51 47 3 551
1 63 33 16 35 14 1 552
0 52 38 50 57 55 3 553
0 91 43 66 47 54 3 554
1 143 98 16 98 12 4 555
0 75 68 39 67 44 5 556
0 53 55 26 56 36 3 557
0 40 74 5 78 6 3 558
0 125 77 6 79 5 6 559
1 87 47 2 53 1 1 560
1 133 60 38 60 42 5 561
1 93 91 33 91 29 1 562
1 32 69 41 67 37 1 563
1 105 72 33 68 39 1 564
1 28 6 57 5 70 1 565
1 83 67 73 65 76 1 566
1 117 57 59 59 54 1 567
1 13 25 51 40 57 3 568
0 59 32 46 33 44 3 569
0 62 53 40 21 27 3 570
0 79 32 55 30 60 3 571
1 116 56 31 58 34 1 572
1 101 55 41 52 42 1 573
1 137 58 80 50 80 1 574
1 121 5 26 5 42 1 575
0 130 6 40 4 30 4 576
1 116 67 93 65 94 1 577
0 16 35 12 40 12 3 578
0 89 26 42 31 34 3 579
0 57 98 21 98 15 3 580
0 9 42 11 44 12 3 581
0 53 53 34 51 32 3 582
0 26 53 53 49 55 5 583
1 38 53 49 53 52 3 584
0 21 62 33 61 30 3 585
1 88 68 71 65 74 1 586
0 6 30 54 34 45 3 587
0 117 53 75 63 76 3 588
0 100 98 24 98 12 5 589
0 55 91 32 91 38 3 590
0 36 44 4 47 4 3 591
1 27 6 64 6 67 1 592
1 113 42 26 44 18 1 593
1 74 49 21 46 20 1 594
1 60 68 39 64 42 3 595
1 5 54 75 58 75 2 596
0 102 47 59 49 57 3 597
1 40 6 65 5 69 1 598
0 69 52 36 56 21 3 599
1 79 52 38 59 36 1 600
1 36 41 3 45 3 1 601
0 64 36 13 41 12 3 602
1 72 46 73 46 70 2 603
1 116 51 79 57 75 2 604
1 72 6 31 5 36 2 605
1 132 82 5 80 6 1 606
1 92 54 25 51 24 1 607
0 53 55 32 53 33 3 608
1 39 50 50 52 54 5 609
0 75 68 47 48 44 3 610
1 22 57 40 59 42 2 611
1 48 55 80 52 80 1 612
1 117 53 44 60 37 1 613
1 0 98 20 98 23 2 614
1 58 48 41 51 51 1 615
1 0 51 80 54 80 1 616
1 10 29 54 30 50 1 617
1 96 55 80 51 80 1 618
1 10 47 3 43 3 1 619
0 14 98 16 98 13 6 620
0 25 59 33 55 31 3 621
1 111 68 42 68 32 4 622
0 54 67 93 65 95 3 623
1 62 68 34 66 35 1 624
0 118 60 19 60 16 3 625
0 140 59 14 55 13 3 626
0 53 52 41 54 39 3 627
0 28 45 3 47 4 3 628
0 88 42 34 31 39 3 629
0 52 32 40 38 45 3 630
1 127 56 34 58 31 1 631
1 41 79 7 77 6 1 632
0 52 46 29 43 29 3 633
1 121 72 66 72 70 1 634
0 113 40 12 45 11 4 635
0 23 55 41 57 39 3 636
1 92 68 33 50 46 2 637
1 120 56 40 57 49 1 638
0 43 62 50 58 48 3 639
0 128 19 14 45 37 3 640
0 40 58 47 61 50 3 641
0 75 62 34 54 45 3 642
0 61 91 31 89 37 3 643
0 135 34 26 36 25 3 644
1 120 63 48 63 36 3 645
1 78 91 38 91 31 1 646
0 139 5 39 5 49 3 647
1 130 6 33 6 30 2 648
1 141 62 42 60 45 6 649
1 72 69 38 65 44 2 650
0 35 66 93 65 95 3 651
0 107 91 39 90 36 3 652
0 45 61 23 54 40 3 653
0 64 41 13 34 12 6 654
0 0 72 37 71 23 3 655
1 79 64 31 57 41 1 656
1 143 73 31 69 33 1 657
0 48 52 26 49 50 3 658
0 127 62 17 53 15 3 659
0 38 69 74 74 66 3 660
0 7 6 42 6 49 3 661
0 14 51 48 42 46 3 662
1 143 60 37 59 35 1 663
1 74 59 16 52 22 1 664
1 26 57 39 59 36 1 665
1 14 63 38 64 36 1 666
1 63 69 76 66 74 2 667
1 86 42 3 46 3 2 668
0 77 50 49 28 25 5 669
0 73 50 60 36 23 3 670
1 96 31 43 34 45 1 671
1 77 51 54 47 65 1 672
0 79 28 60 27 70 3 673
1 138 59 74 57 72 1 674
1 86 64 36 61 38 1 675
0 119 52 28 45 43 4 676
1 41 49 59 52 45 1 677
0 113 58 30 55 26 3 678
0 98 58 57 56 55 3 679
1 56 49 54 51 43 1 680
1 32 62 44 57 48 2 681
0 39 72 26 65 32 3 682
0 14 58 17 54 21 3 683
1 17 32 43 26 50 2 684
0 14 21 19 43 18 3 685
0 102 45 73 42 72 3 686
0 43 56 39 61 51 3 687
1 45 57 80 51 80 1 688
1 131 51 48 48 55 2 689
0 114 71 29 71 18 3 690
0 74 30 14 32 28 3 691
0 60 25 66 28 54 3 692
0 44 57 53 52 62 3 693
0 104 53 45 55 42 3 694
0 141 50 50 53 45 3 695
0 132 66 28 46 8 3 696
1 78 55 45 57 38 2 697
1 32 56 62 60 50 1 698
0 96 58 36 57 38 3 699
0 92 58 19 51 20 5 700
0 65 57 35 54 36 3 701
0 130 34 40 33 37 3 702
1 113 53 32 49 35 3 703
1 9 51 47 53 45 1 704
1 102 56 39 62 38 1 705
0 6 72 73 71 67 3 706
1 110 36 47 35 55 1 707
0 134 66 93 63 94 3 708
1 63 56 52 58 45 2 709
0 136 70 75 69 73 3 710
1 4 49 54 44 64 1 711
0 3 47 2 44 1 5 712
0 22 65 51 70 33 3 713
1 96 64 17 52 19 2 714
0 95 68 35 53 68 3 715
0 121 26 2 46 2 3 716
0 14 37 17 44 15 6 717
1 115 45 3 50 2 1 718
0 73 64 36 64 32 3 719
1 81 38 39 42 34 1 720
1 110 58 35 59 26 4 721
0 66 68 38 69 36 3 722
0 143 34 43 55 42 3 723
0 32 67 34 51 45 3 724
1 128 16 50 20 48 1 725
1 46 54 46 48 63 1 726
0 111 30 14 56 37 3 727
0 46 47 19 50 19 3 728
0 81 98 21 98 26 3 729
1 77 62 1 56 2 1 730
1 23 53 27 53 24 4 731
0 80 31 45 32 37 3 732
1 19 50 18 45 21 1 733
1 14 49 43 15 21 1 734
0 130 88 93 84 94 3 735
0 52 67 35 66 40 3 736
0 54 61 37 61 40 3 737
0 99 5 68 6 65 3 738
1 5 59 74 12 60 5 739
0 86 42 3 33 4 3 740
0 93 82 5 98 3 3 741
0 22 46 49 45 46 3 742
0 56 56 38 59 41 3 743
0 104 69 40 58 25 3 744
0 132 53 43 64 30 3 745
1 10 38 39 44 39 1 746
0 12 51 26 46 31 3 747
1 36 63 45 49 45 6 748
0 96 3 21 27 59 3 749
0 121 43 40 38 40 3 750
1 26 48 69 44 66 2 751
0 38 67 73 67 76 6 752
0 17 69 73 72 68 4 753
0 129 98 20 98 23 3 754
0 19 91 27 92 32 3 755
0 132 49 20 39 18 3 756
1 48 31 49 29 51 6 757
1 104 53 45 52 36 1 758
0 36 47 39 50 39 3 759
0 95 86 4 84 6 4 760
0 52 64 46 66 39 3 761
0 113 59 37 55 43 3 762
0 19 47 47 38 52 3 763
1 125 61 1 54 1 1 764
0 107 36 44 38 49 3 765
1 9 44 64 52 54 2 766
1 22 31 50 28 56 1 767
0 111 70 33 69 41 3 768
1 0 52 29 57 28 5 769
1 123 30 52 33 42 1 770
1 78 58 45 55 46 1 771
1 32 42 36 46 28 2 772
0 130 6 28 6 32 3 773
0 143 60 48 57 48 3 774
0 24 48 62 47 59 3 775
0 26 49 28 46 30 3 776
0 98 35 16 69 26 3 777
1 51 58 18 59 23 1 778
0 3 53 30 50 32 3 779
0 67 61 1 66 1 3 780
1 84 29 48 28 50 1 781
1 102 50 53 48 58 4 782
0 102 58 14 61 24 5 783
1 67 54 45 51 56 1 784
0 108 68 70 70 72 3 785
1 117 6 48 6 44 2 786
1 0 43 63 46 58 1 787
0 86 62 1 65 1 3 788
1 106 60 37 58 47 1 789
1 133 55 80 45 80 1 790
0 108 91 31 91 27 3 791
1 126 54 42 50 22 5 792
0 67 55 80 58 80 3 793
0 85 69 42 60 58 3 794
0 118 65 92 65 95 3 795
0 124 91 38 90 41 5 796
0 109 53 47 56 43 3 797
0 139 32 50 29 53 3 798
0 86 58 39 55 41 3 799
0 103 58 21 60 27 3 800
0 28 67 93 65 95 3 801
0 29 61 36 51 47 3 802
0 32 64 39 61 42 6 803
0 105 58 19 63 17 3 804
1 38 60 24 61 26 1 805
0 134 42 33 44 31 3 806
1 56 32 44 27 66 1 807
0 80 65 48 54 44 3 808
1 43 62 29 58 26 1 809
0 140 62 33 60 34 3 810
1 81 73 70 69 76 2 811
1 111 14 10 52 39 1 812
0 55 41 4 46 3 3 813
1 94 98 19 98 11 1 814
1 12 68 70 42 61 1 815
1 8 67 36 64 41 1 816
1 135 41 39 41 42 1 817
1 111 53 50 48 53 1 818
1 109 47 57 38 54 1 819
0 60 52 70 51 65 3 820
0 50 45 63 55 52 3 821
1 9 52 50 58 35 1 822
1 67 46 60 44 58 6 823
0 123 6 46 6 49 3 824
1 132 30 61 34 42 3 825
1 41 49 2 28 2 2 826
1 78 49 54 48 61 4 827
1 27 7 48 6 51 2 828
1 66 61 40 56 40 1 829
0 81 70 42 73 38 3 830
1 16 55 66 57 48 1 831
1 25 59 31 55 42 1 832
1 132 60 37 53 45 1 833
0 132 56 76 60 73 3 834
1 56 57 80 53 80 1 835
0 98 52 41 50 42 3 836
1 115 31 47 24 41 1 837
0 2 6 28 6 35 3 838
0 102 58 58 61 48 3 839
0 25 54 44 50 41 6 840
0 126 7 47 6 49 3 841
1 2 58 46 56 47 3 842
1 21 6 54 6 51 2 843
0 25 51 47 56 63 3 844
0 106 14 10 60 27 3 845
1 22 61 50 51 48 1 846
0 70 11 15 46 33 3 847
1 91 68 44 50 46 1 848
1 19 72 71 69 71 2 849
0 110 42 57 47 49 3 850
0 0 47 37 51 35 3 851
0 69 49 39 53 53 3 852
0 28 78 6 80 5 3 853
0 108 65 39 68 39 3 854
1 66 63 45 66 43 1 855
1 83 49 38 54 38 2 856
0 18 68 77 64 76 3 857
0 40 41 37 42 34 3 858
0 50 6 40 6 43 3 859
1 39 55 42 50 48 1 860
0 119 44 63 45 65 3 861
1 107 98 21 98 15 3 862
0 97 54 52 47 72 3 863
0 60 48 21 47 19 3 864
0 58 44 2 49 2 3 865
0 8 55 16 60 10 3 866
1 64 42 12 35 16 1 867
1 120 53 39 55 40 1 868
0 50 45 50 48 52 3 869
0 99 66 92 65 94 3 870
1 54 56 77 55 75 1 871
0 43 56 61 60 43 5 872
1 56 51 47 62 31 1 873
1 9 50 37 48 32 1 874
0 3 41 45 27 39 3 875
1 97 6 49 6 61 1 876
1 106 6 48 7 53 1 877
0 40 54 76 50 78 3 878
1 4 55 43 49 54 1 879
1 118 52 59 58 57 3 880
1 5 48 20 49 18 1 881
1 18 47 40 43 42 1 882
0 116 6 53 6 49 4 883
0 72 44 71 43 73 6 884
0 66 39 37 43 23 3 885
0 121 44 34 45 30 3 886
0 87 60 50 57 61 4 887
1 94 29 56 31 52 1 888
1 28 50 78 31 78 4 889
1 62 39 44 37 50 5 890
1 18 61 38 43 39 2 891
0 105 78 6 83 4 3 892
0 25 52 34 60 39 3 893
0 75 45 44 47 50 3 894
1 119 55 39 49 32 1 895
1 65 29 42 28 29 1 896
0 38 57 28 54 31 3 897
1 87 55 76 53 75 1 898
1 44 69 74 73 67 2 899
0 82 6 68 4 66 3 900
1 5 53 55 54 51 1 901
0 46 6 34 6 40 3 902
1 24 58 38 54 38 1 903
0 113 47 21 43 24 3 904
0 88 82 6 74 6 3 905
0 39 48 16 50 18 3 906
1 132 61 33 59 38 1 907
1 117 39 37 43 36 1 908
0 13 60 36 63 31 3 909
1 67 6 51 5 59 2 910
0 14 52 56 46 54 3 911
0 26 5 64 6 66 3 912
0 50 88 93 85 95 5 913
1 39 56 39 53 50 1 914
1 16 33 44 32 48 5 915
0 74 6 37 6 33 3 916
0 24 76 7 80 6 3 917
0 53 50 30 55 32 3 918
1 114 37 16 65 43 2 919
0 115 98 18 98 25 3 920
0 63 6 54 5 86 3 921
0 137 60 39 55 28 3 922
1 83 60 40 60 44 2 923
0 93 63 16 55 18 3 924
1 99 58 33 56 35 2 925
1 102 53 44 46 40 1 926
0 12 54 42 48 53 3 927
1 121 46 58 47 50 2 928
1 90 33 50 33 53 1 929
0 122 4 61 6 65 3 930
1 128 56 39 54 40 1 931
0 72 49 55 53 59 3 932
0 3 72 31 65 45 3 933
1 80 71 31 70 40 1 934
1 80 52 46 55 46 5 935
1 139 56 2 61 1 1 936
0 43 98 31 98 28 3 937
0 46 51 20 43 22 3 938
1 122 50 37 47 36 1 939
0 0 61 28 64 21 3 940
1 82 50 51 56 36 2 941
1 120 69 35 68 39 6 942
0 57 56 37 54 41 3 943
0 66 57 31 48 36 3 944
0 9 69 73 72 66 3 945
0 49 42 36 38 37 3 946
0 30 48 31 47 22 3 947
1 1 50 44 55 44 1 948
1 92 41 43 37 41 2 949
1 99 48 53 48 50 1 950
0 3 90 36 92 32 4 951
1 95 70 74 72 69 1 952
1 54 62 52 57 49 2 953
1 36 45 2 39 2 1 954
0 10 43 30 42 36 3 955
1 5 61 45 56 54 1 956
1 14 58 37 61 38 2 957
0 128 50 46 68 43 3 958
1 133 59 40 56 37 1 959
0 133 50 36 43 45 3 960
0 55 29 54 31 49 3 961
0 112 38 13 40 12 3 962
0 74 6 33 6 36 6 963
0 48 42 66 49 62 5 964
0 23 46 4 40 4 6 965
0 38 55 74 29 72 3 966
1 93 57 36 58 34 1 967
1 120 60 45 57 57 5 968
1 91 69 45 69 40 6 969
0 103 61 30 58 30 3 970
1 103 67 43 69 40 2 971
0 48 61 71 57 76 3 972
0 53 36 13 40 11 3 973
0 14 53 36 49 28 3 974
1 0 66 33 67 26 1 975
0 68 64 44 35 37 3 976
1 14 69 33 49 45 1 977
0 44 66 73 68 70 6 978
1 77 60 49 61 47 3 979
1 142 81 5 79 6 1 980
1 16 29 12 41 13 1 981
0 72 58 36 56 41 3 982
1 124 6 62 3 56 2 983
1 81 53 29 52 27 1 984
1 102 6 28 5 39 3 985
1 5 6 42 6 53 1 986
0 16 5 39 6 47 3 987
1 102 50 20 43 24 5 988
1 15 59 1 56 2 3 989
0 5 60 45 51 62 3 990
0 119 69 44 67 42 3 991
0 35 31 44 33 43 3 992
0 96 42 12 40 13 3 993
1 41 50 66 47 71 1 994
1 101 55 42 39 69 6 995
1 66 6 57 5 31 5 996
0 108 47 57 45 61 3 997
1 126 58 37 55 42 1 998
0 107 6 34 5 38 3 999
1 116 48 35 43 23 1 1000
0 21 48 29 46 31 3 1001
0 34 46 3 50 3 4 1002
0 36 68 42 60 52 5 1003
1 43 62 47 63 50 2 1004
0 42 45 44 47 49 3 1005
1 41 65 24 66 33 1 1006
0 66 58 18 52 19 3 1007
1 2 89 90 81 92 1 1008
1 92 58 17 44 19 5 1009
1 118 58 40 48 35 1 1010
1 137 61 30 60 40 2 1011
1 99 98 16 98 19 2 1012
1 96 92 27 91 36 1 1013
0 26 51 52 51 60 3 1014
0 1 67 40 64 46 3 1015
0 98 51 44 52 41 3 1016
0 66 6 41 3 35 3 1017
1 52 60 29 56 22 1 1018
1 8 36 20 37 28 2 1019
1 136 53 46 54 44 1 1020
0 143 98 23 98 12 3 1021
0 133 62 40 59 42 3 1022
1 141 13 10 56 28 1 1023
1 58 54 45 53 43 5 1024
1 58 53 46 59 35 3 1025
1 55 3 13 2 52 1 1026
0 130 5 43 5 38 6 1027
1 66 42 36 34 26 1 1028
1 80 43 3 46 2 1 1029
0 136 50 32 53 33 3 1030
0 41 65 91 66 94 3 1031
1 7 51 37 43 33 2 1032
0 134 52 63 54 59 3 1033
0 96 37 13 43 11 3 1034
1 143 45 29 37 39 2 1035
0 140 49 53 46 58 3 1036
0 47 6 43 6 30 3 1037
1 75 51 49 54 52 2 1038
0 45 48 2 46 3 3 1039
0 137 28 54 29 63 3 1040
0 48 59 27 49 39 3 1041
0 111 53 81 50 81 3 1042
0 86 56 73 54 74 3 1043
0 0 44 66 39 76 3 1044
1 12 61 29 55 30 1 1045
0 33 92 32 91 17 5 1046
1 135 98 19 98 11 2 1047
0 94 49 37 54 36 3 1048
0 78 57 40 57 45 3 1049
0 134 66 94 64 93 3 1050
1 127 28 42 33 44 1 1051
0 38 55 53 60 53 3 1052
1 108 69 69 70 72 1 1053
1 14 59 59 55 66 3 1054
1 68 47 3 49 2 2 1055
0 35 46 3 42 4 3 1056
0 72 67 73 67 79 3 1057
1 28 66 93 65 96 1 1058
1 9 26 25 47 41 3 1059
0 28 54 42 53 40 3 1060
1 74 51 16 48 17 1 1061
1 64 81 4 80 6 1 1062
0 108 5 74 6 62 6 1063
1 64 41 36 45 35 1 1064
0 16 64 1 61 1 3 1065
0 1 56 35 57 38 3 1066
0 88 59 34 61 35 3 1067
1 11 59 41 56 42 2 1068
0 95 68 37 74 10 3 1069
0 85 67 43 48 44 3 1070
0 108 52 34 52 40 3 1071
0 96 6 41 6 54 3 1072
0 133 39 53 54 45 3 1073
1 17 68 70 39 76 2 1074
0 82 61 18 52 20 3 1075
1 77 37 39 41 36 1 1076
1 120 38 12 35 16 2 1077
1 109 63 43 61 51 1 1078
0 81 52 30 45 37 3 1079
0 121 90 38 90 25 3 1080
1 138 65 94 68 93 1 1081
0 12 61 34 61 19 3 1082
1 109 91 39 91 33 1 1083
0 133 63 33 54 45 3 1084
1 68 27 60 30 61 2 1085
1 111 64 76 62 79 1 1086
0 74 50 79 55 75 5 1087
0 28 46 2 51 2 4 1088
0 28 49 85 52 76 3 1089
1 3 90 24 91 21 1 1090
1 74 46 20 49 19 2 1091
1 9 51 48 53 50 5 1092
1 75 53 1 47 2 1 1093
0 14 50 46 45 60 3 1094
1 53 47 41 45 59 1 1095
1 83 43 12 37 11 2 1096
0 66 55 42 52 54 3 1097
0 106 52 53 38 52 3 1098
0 134 57 38 94 0 3 1099
1 46 57 71 53 81 2 1100
0 4 68 34 63 44 3 1101
0 86 54 20 52 19 3 1102
0 68 58 19 48 25 3 1103
0 130 6 31 5 25 3 1104
0 130 58 47 56 42 3 1105
1 22 31 48 29 56 2 1106
1 114 51 32 52 30 4 1107
1 62 45 75 46 70 3 1108
0 46 38 38 46 26 3 1109
0 12 88 93 85 96 3 1110
1 100 86 92 87 90 1 1111
0 135 54 49 50 48 3 1112
0 111 46 54 44 52 3 1113
1 46 6 34 6 31 1 1114
1 123 59 38 57 34 1 1115
0 95 50 46 48 39 3 1116
1 74 48 3 43 4 1 1117
1 102 59 37 58 45 1 1118
0 11 56 80 60 80 3 1119
1 45 66 74 70 72 1 1120
1 3 66 50 62 60 1 1121
1 107 28 57 31 60 1 1122
0 14 57 36 60 31 3 1123
1 26 71 39 66 42 1 1124
0 66 42 2 46 2 6 1125
0 121 6 39 5 55 3 1126
0 65 51 80 53 81 3 1127
0 74 51 2 48 2 3 1128
1 81 48 29 51 27 1 1129
0 8 61 33 58 36 3 1130
0 65 55 44 60 40 3 1131
1 130 6 34 5 40 1 1132
1 88 45 20 51 19 1 1133
0 8 23 19 52 16 6 1134
1 28 49 44 50 41 1 1135
1 132 53 50 52 53 1 1136
1 28 98 24 98 21 1 1137
1 111 58 38 27 22 1 1138
1 10 53 80 55 75 1 1139
1 93 56 2 59 2 1 1140
1 37 47 51 47 55 4 1141
0 88 45 51 47 50 3 1142
0 103 58 70 56 72 3 1143
0 36 70 40 67 36 3 1144
0 79 29 63 31 56 3 1145
1 106 6 27 6 31 2 1146
1 66 52 25 46 30 1 1147
1 23 50 79 53 76 1 1148
0 55 58 72 56 75 3 1149
1 40 47 19 55 18 6 1150
1 117 56 39 49 48 1 1151
1 107 39 22 35 55 3 1152
0 64 58 35 49 56 3 1153
1 37 52 36 41 48 2 1154
0 102 60 1 62 2 3 1155
1 114 43 29 43 35 2 1156
0 92 68 27 70 33 3 1157
1 64 33 43 35 41 1 1158
1 66 59 18 53 20 1 1159
1 126 4 47 2 46 2 1160
1 140 68 42 65 41 1 1161
0 35 57 41 49 36 3 1162
1 117 60 31 53 41 1 1163
0 113 62 46 55 51 4 1164
1 83 6 34 6 37 5 1165
0 122 56 76 58 75 3 1166
1 28 50 84 56 77 2 1167
1 13 58 37 59 40 2 1168
0 73 57 47 62 33 5 1169
1 39 66 38 69 39 6 1170
0 94 30 51 29 54 5 1171
0 124 60 2 58 0 3 1172
1 89 67 77 69 75 1 1173
1 136 32 40 41 21 2 1174
0 59 67 33 69 36 3 1175
1 109 69 32 66 39 1 1176
1 62 74 6 76 7 1 1177
0 114 44 31 36 41 3 1178
1 96 30 35 28 36 1 1179
0 113 58 33 53 40 3 1180
0 93 88 93 86 94 3 1181
1 84 49 33 44 19 1 1182
1 75 69 40 60 56 1 1183
1 41 54 57 57 51 1 1184
0 62 44 68 46 60 3 1185
0 86 45 34 57 40 3 1186
1 64 37 13 34 14 5 1187
1 45 56 80 53 81 1 1188
0 94 49 44 54 41 3 1189
0 120 50 20 53 19 3 1190
1 111 52 46 46 73 5 1191
0 140 45 18 48 20 3 1192
0 28 30 14 57 20 3 1193
0 92 49 21 46 24 3 1194
0 100 98 13 98 16 3 1195
1 79 53 16 57 14 1 1196
1 36 32 49 30 51 5 1197
0 85 68 43 54 74 3 1198
0 33 49 41 32 57 3 1199
0 107 51 78 53 77 3 1200
1 29 59 38 57 39 3 1201
1 132 52 48 56 38 1 1202
0 68 33 44 30 47 3 1203
1 25 60 30 51 29 1 1204
1 92 46 3 44 2 6 1205
1 38 66 73 71 72 1 1206
0 116 54 28 61 24 3 1207
1 17 6 47 7 50 5 1208
1 103 6 68 6 63 1 1209
0 112 56 80 44 81 3 1210
0 118 49 45 53 45 3 1211
1 134 68 72 69 69 2 1212
1 5 6 51 7 49 2 1213
1 103 81 2 88 3 1 1214
0 42 54 80 52 81 4 1215
1 66 42 36 39 39 1 1216
1 136 55 41 59 40 3 1217
0 140 63 43 68 40 3 1218
0 101 52 46 50 33 3 1219
0 143 64 16 58 17 3 1220
0 81 46 45 43 50 3 1221
0 109 98 16 98 19 3 1222
0 141 61 50 62 48 3 1223
0 58 64 30 65 28 3 1224
0 70 69 71 71 74 3 1225
1 96 51 56 46 69 6 1226
1 31 47 55 44 66 2 1227
0 33 43 34 45 37 3 1228
1 112 28 47 31 43 1 1229
1 138 47 23 50 28 2 1230
0 29 66 44 48 44 3 1231
0 48 55 43 58 39 3 1232
0 39 58 38 58 43 3 1233
1 60 39 51 29 55 1 1234
0 53 58 17 57 19 3 1235
0 37 6 42 5 60 5 1236
0 67 55 44 53 42 6 1237
0 5 64 34 59 41 3 1238
0 133 51 59 52 61 3 1239
0 143 54 39 55 43 3 1240
1 82 48 78 46 82 1 1241
1 8 55 44 48 43 1 1242
0 96 17 60 18 55 3 1243
1 32 37 13 43 12 3 1244
0 19 45 4 40 5 3 1245
0 29 67 92 65 94 3 1246
0 38 54 27 54 36 5 1247
0 17 70 39 73 14 3 1248
1 141 54 54 51 60 1 1249
0 26 48 49 50 47 3 1250
1 70 43 55 45 53 5 1251
1 14 54 46 55 43 1 1252
0 32 6 55 7 49 3 1253
1 111 60 27 55 24 1 1254
1 143 32 45 28 47 1 1255
1 78 58 75 54 77 1 1256
1 81 52 21 55 21 1 1257
0 93 30 56 32 51 3 1258
1 123 52 41 50 36 1 1259
1 104 46 52 45 54 1 1260
0 79 49 78 58 75 3 1261
0 79 48 60 52 51 3 1262
0 11 48 30 47 34 3 1263
0 70 48 44 39 48 3 1264
1 20 56 58 62 40 3 1265
0 27 62 40 56 50 3 1266
0 137 62 38 57 46 3 1267
1 48 39 12 41 11 1 1268
1 130 5 36 6 30 3 1269
1 76 6 37 6 42 1 1270
1 132 57 39 61 33 1 1271
0 88 50 74 54 66 3 1272
0 32 87 4 85 6 3 1273
0 138 51 76 55 75 3 1274
0 116 47 20 49 19 3 1275
1 92 71 35 73 30 5 1276
1 17 48 86 53 79 1 1277
0 73 63 30 51 48 5 1278
1 29 59 30 62 31 1 1279
1 46 43 19 68 26 1 1280
1 108 91 30 91 36 1 1281
0 14 98 22 98 17 3 1282
1 93 47 4 37 3 1 1283
1 10 42 31 41 37 1 1284
0 65 49 19 52 19 3 1285
0 121 35 37 38 35 3 1286
1 97 65 16 58 20 1 1287
0 104 60 36 54 35 3 1288
1 24 39 3 43 3 1 1289
0 71 68 73 70 72 3 1290
1 1 59 16 53 20 1 1291
0 107 42 42 44 30 6 1292
0 8 64 76 65 74 3 1293
1 76 7 48 6 55 4 1294
0 90 60 24 57 28 3 1295
0 24 39 37 43 36 5 1296
0 65 55 22 50 29 3 1297
0 128 29 2 42 0 3 1298
1 51 46 4 42 4 6 1299
1 28 60 34 55 41 1 1300
1 33 49 19 39 20 2 1301
0 97 47 41 47 49 3 1302
1 0 55 73 57 75 1 1303
1 34 65 28 63 39 4 1304
1 127 60 42 61 46 1 1305
0 54 66 37 55 52 6 1306
1 25 28 48 34 43 1 1307
0 32 60 73 56 76 3 1308
1 68 5 67 1 64 1 1309
0 130 5 39 6 33 3 1310
0 29 45 30 48 31 3 1311
0 16 69 46 64 45 3 1312
0 1 53 54 52 57 3 1313
0 62 40 1 61 2 3 1314
0 137 40 11 45 11 3 1315
0 117 70 37 73 30 3 1316
1 138 60 39 59 42 1 1317
1 66 69 45 63 53 1 1318
1 54 59 24 52 25 1 1319
1 4 55 24 52 27 5 1320
0 46 62 35 60 39 3 1321
0 62 25 0 44 0 3 1322
1 83 55 35 51 35 1 1323
1 138 21 19 22 24 1 1324
0 32 34 44 28 48 3 1325
0 98 35 29 30 33 3 1326
1 68 32 56 29 54 1 1327
0 27 55 39 57 32 3 1328
1 53 51 57 52 59 1 1329
0 94 56 80 52 80 3 1330
0 80 33 42 30 46 3 1331
1 110 53 47 47 59 4 1332
0 47 7 48 6 52 5 1333
0 52 66 33 64 26 3 1334
0 3 92 27 92 31 3 1335
0 40 46 3 44 4 3 1336
1 16 70 35 65 43 1 1337
0 2 63 43 67 44 3 1338
1 137 55 80 51 80 3 1339
0 32 41 11 35 13 3 1340
1 80 44 64 46 53 1 1341
1 76 6 28 6 32 3 1342
0 119 58 1 55 2 3 1343
0 116 61 26 60 31 3 1344
0 53 57 43 54 51 3 1345
0 30 6 49 6 44 3 1346
1 32 55 31 58 32 1 1347
1 2 53 45 51 54 2 1348
1 54 48 44 56 36 1 1349
1 137 27 67 30 60 1 1350
0 21 63 50 61 46 3 1351
0 109 50 77 45 81 3 1352
1 17 69 37 67 42 1 1353
0 140 63 43 62 45 3 1354
1 74 5 47 5 58 3 1355
1 124 52 32 56 23 2 1356
0 12 57 29 59 25 3 1357
1 133 72 40 70 36 1 1358
1 0 38 14 42 13 2 1359
0 94 29 53 31 46 3 1360
1 12 50 19 52 18 2 1361
0 66 59 1 63 1 3 1362
0 24 59 30 55 52 3 1363
0 23 61 50 58 44 3 1364
1 66 53 19 57 17 2 1365
0 128 59 30 60 27 3 1366
0 91 53 58 58 50 3 1367
1 44 50 49 56 42 2 1368
0 82 53 48 49 61 5 1369
1 141 54 53 51 50 1 1370
0 105 52 49 51 47 3 1371
1 114 41 42 38 41 3 1372
1 27 92 26 92 29 3 1373
0 92 71 40 70 34 3 1374
1 114 54 37 59 36 1 1375
0 4 68 39 72 39 3 1376
1 0 98 24 98 17 1 1377
0 66 6 53 6 50 3 1378
1 55 66 39 68 42 5 1379
1 79 71 39 62 49 2 1380
1 23 56 43 55 52 2 1381
0 78 33 41 26 58 4 1382
0 91 57 47 59 43 3 1383
0 117 54 45 49 66 3 1384
1 112 50 28 54 26 5 1385
1 78 69 37 71 33 1 1386
1 5 91 34 90 36 3 1387
0 29 59 2 54 2 4 1388
0 31 53 29 51 26 3 1389
1 92 80 6 83 4 5 1390
0 97 57 37 43 33 3 1391
0 2 60 37 62 38 3 1392
0 52 46 34 42 31 3 1393
1 54 53 80 50 81 1 1394
1 80 34 43 32 42 5 1395
1 58 31 50 30 43 1 1396
1 46 54 77 63 69 3 1397
1 9 57 37 55 45 1 1398
1 26 45 62 50 46 5 1399
0 5 57 38 58 40 3 1400
0 136 59 29 57 32 3 1401
0 37 83 4 81 5 4 1402
1 10 60 31 63 31 6 1403
1 5 44 21 46 20 1 1404
0 0 6 43 10 82 3 1405
0 65 81 6 82 4 3 1406
1 97 51 29 46 34 5 1407
1 61 62 26 64 21 1 1408
0 83 59 28 51 33 3 1409
0 104 53 38 55 37 3 1410
0 128 33 44 32 49 3 1411
0 82 60 30 62 27 3 1412
1 68 51 47 53 39 1 1413
0 22 50 19 46 20 3 1414
1 81 5 60 4 66 2 1415
1 108 6 30 6 26 1 1416
1 104 59 50 60 48 1 1417
0 55 69 72 73 67 3 1418
1 114 66 36 66 41 2 1419
0 139 59 38 39 56 3 1420
0 135 58 16 57 27 3 1421
0 91 65 41 54 40 3 1422
1 3 57 37 50 47 1 1423
0 102 50 20 41 20 3 1424
1 98 62 45 55 26 1 1425
1 32 60 41 64 36 1 1426
1 53 59 19 57 20 1 1427
1 0 69 41 67 33 5 1428
1 48 44 11 36 13 1 1429
1 126 55 72 54 74 2 1430
1 33 98 16 98 12 1 1431
0 42 46 2 51 2 3 1432
0 0 47 4 33 5 3 1433
1 36 69 39 63 50 1 1434
1 52 64 54 67 50 1 1435
0 142 56 49 55 43 3 1436
0 76 53 38 59 33 3 1437
0 48 51 59 53 60 6 1438
0 85 54 38 48 50 3 1439
0 77 54 19 58 17 3 1440
1 14 68 25 63 34 2 1441
1 97 6 30 5 42 1 1442
1 36 33 43 52 40 2 1443
1 43 42 34 39 38 2 1444
0 98 54 32 44 42 5 1445
1 33 61 1 50 1 1 1446
0 38 62 20 54 33 3 1447
0 131 59 55 63 49 3 1448
1 95 68 33 70 16 5 1449
1 143 36 15 28 12 1 1450
1 3 92 25 90 35 5 1451
0 57 52 34 49 36 3 1452
1 143 59 19 50 20 5 1453
1 35 45 36 38 41 2 1454
1 132 88 4 81 2 2 1455
0 6 90 31 91 25 3 1456
0 119 46 4 42 3 3 1457
1 127 73 67 51 74 1 1458
1 133 52 80 49 80 1 1459
0 44 72 71 51 75 6 1460
0 113 44 32 40 37 3 1461
0 104 43 58 44 60 3 1462
1 32 55 56 54 65 1 1463
1 5 50 20 45 21 1 1464
0 57 6 53 1 19 3 1465
1 75 51 62 50 73 1 1466
0 113 48 38 60 30 3 1467
0 143 30 54 31 50 3 1468
1 112 54 22 50 32 3 1469
1 102 65 30 58 38 2 1470
1 20 44 18 64 45 2 1471
1 106 55 40 48 62 4 1472
1 93 62 34 47 34 5 1473
1 66 91 39 91 32 1 1474
1 88 55 53 57 54 1 1475
0 121 68 76 52 75 3 1476
0 24 66 37 58 44 3 1477
0 99 57 32 33 36 3 1478
0 36 65 76 67 74 3 1479
1 48 28 35 30 45 1 1480
0 82 54 38 43 51 5 1481
1 111 55 41 52 47 2 1482
1 43 52 47 53 39 6 1483
1 103 46 54 46 51 3 1484
0 53 52 47 45 45 3 1485
0 26 55 45 47 59 3 1486
1 51 38 32 62 16 2 1487
0 87 41 44 42 40 3 1488
1 126 61 17 53 19 1 1489
1 108 29 63 23 82 5 1490
1 97 40 3 47 3 1 1491
0 49 54 25 45 34 3 1492
1 57 45 4 41 4 1 1493
0 125 56 79 57 76 3 1494
0 87 51 44 51 63 3 1495
1 4 46 31 52 26 1 1496
1 14 54 43 55 52 1 1497
1 116 50 18 52 17 2 1498
0 30 47 57 51 47 3 1499
1 118 30 46 26 51 1 1500
1 140 6 33 5 28 2 1501
0 20 14 10 49 24 3 1502
1 15 61 2 56 2 1 1503
0 40 41 2 48 2 3 1504
0 92 52 80 58 80 3 1505
0 30 56 34 65 37 3 1506
0 38 57 80 52 80 3 1507
0 16 56 80 48 80 3 1508
0 53 49 37 52 38 5 1509
0 105 66 78 66 74 3 1510
0 39 52 49 53 42 3 1511
1 130 28 49 22 39 1 1512
1 33 92 32 92 29 1 1513
0 139 6 32 6 26 3 1514
1 74 55 54 57 53 1 1515
0 123 41 34 42 32 3 1516
0 114 32 43 30 45 3 1517
0 5 64 1 56 1 4 1518
0 63 72 71 67 73 3 1519
0 2 38 40 39 37 3 1520
0 110 71 27 73 25 3 1521
0 140 70 72 52 75 3 1522
0 42 69 40 66 39 3 1523
0 98 60 37 54 41 3 1524
0 107 39 40 39 37 3 1525
1 22 54 80 45 80 4 1526
0 14 64 32 57 23 3 1527
0 18 42 59 44 57 3 1528
1 136 54 40 55 43 2 1529
1 10 55 31 38 23 2 1530
0 41 49 48 45 54 3 1531
0 48 32 43 31 48 3 1532
0 15 40 37 43 41 3 1533
1 39 69 38 68 40 1 1534
0 98 60 30 59 23 3 1535
0 134 63 38 60 41 3 1536
1 17 52 43 38 82 2 1537
1 104 67 46 35 16 1 1538
0 15 78 6 80 7 3 1539
0 7 68 33 64 44 3 1540
1 129 89 92 86 95 1 1541
0 31 61 1 54 2 3 1542
0 143 98 21 98 16 3 1543
1 85 65 41 67 47 1 1544
0 113 42 30 41 34 3 1545
1 78 91 34 89 36 2 1546
0 132 62 50 61 53 3 1547
1 108 32 34 28 36 2 1548
0 55 92 27 92 34 3 1549
0 93 53 54 54 51 3 1550
1 66 51 19 47 35 1 1551
0 39 87 4 81 2 3 1552
0 76 67 42 70 33 6 1553
1 20 86 4 83 6 1 1554
1 5 30 77 47 66 1 1555
0 64 44 65 47 52 3 1556
0 108 60 39 58 45 3 1557
0 131 38 28 35 17 3 1558
0 46 61 41 46 42 3 1559
0 65 31 49 32 39 3 1560
0 102 51 19 48 17 5 1561
0 86 45 45 38 58 3 1562
1 65 57 53 59 52 1 1563
1 72 56 38 60 36 1 1564
0 88 63 38 61 37 3 1565
1 16 29 51 31 45 1 1566
0 38 47 1 63 1 3 1567
1 45 54 48 54 41 2 1568
0 133 47 57 45 61 5 1569
0 24 50 36 52 57 3 1570
1 11 49 49 51 54 1 1571
1 45 51 62 45 62 1 1572
0 106 55 34 50 35 3 1573
1 76 52 80 57 80 1 1574
0 48 59 62 55 64 3 1575
1 57 73 70 40 58 1 1576
0 3 91 32 92 24 3 1577
0 141 52 48 48 52 3 1578
0 107 58 38 55 46 3 1579
0 74 50 2 47 2 5 1580
0 94 43 30 43 34 3 1581
0 4 51 55 49 51 3 1582
1 136 57 38 54 40 5 1583
1 66 5 48 5 54 6 1584
1 71 87 93 85 94 1 1585
0 105 57 41 57 47 3 1586
0 3 47 20 51 15 4 1587
0 33 42 23 44 22 3 1588
0 62 57 44 54 42 3 1589
1 19 53 16 58 14 1 1590
0 3 41 37 45 34 3 1591
0 135 86 91 86 95 3 1592
0 7 19 58 23 39 3 1593
1 67 87 95 88 93 2 1594
0 13 54 42 55 39 6 1595
1 108 91 41 90 50 1 1596
0 52 68 42 48 44 5 1597
1 88 48 2 51 2 2 1598
0 36 32 51 33 49 3 1599
1 20 55 65 50 73 1 1600
0 123 32 48 27 59 3 1601
1 2 60 25 54 30 1 1602
0 73 62 30 65 36 3 1603
0 126 54 45 49 51 3 1604
0 48 68 42 68 39 3 1605
0 42 45 18 49 18 3 1606
0 46 51 19 53 18 3 1607
0 61 80 5 77 6 3 1608
0 40 30 44 28 54 3 1609
0 68 63 46 66 40 5 1610
0 91 63 38 42 32 3 1611
0 139 68 73 69 75 3 1612
0 65 6 43 7 46 3 1613
0 120 64 42 57 49 3 1614
1 58 34 43 32 45 2 1615
1 35 69 70 70 73 1 1616
0 131 60 52 61 50 3 1617
1 74 6 36 6 42 1 1618
1 117 61 30 52 23 1 1619
0 104 69 75 68 73 3 1620
1 30 58 40 60 31 3 1621
0 109 38 3 49 3 3 1622
1 138 57 43 55 47 4 1623
0 94 66 74 63 76 3 1624
1 85 55 41 59 41 4 1625
1 86 48 52 47 55 5 1626
0 67 61 18 59 17 3 1627
0 97 50 78 57 75 3 1628
1 8 67 44 69 45 1 1629
1 29 61 22 61 32 1 1630
0 121 53 40 52 42 3 1631
1 40 46 17 44 16 2 1632
0 75 67 44 50 46 3 1633
0 97 56 43 57 46 3 1634
0 130 52 62 58 52 3 1635
0 31 45 67 67 78 6 1636
0 5 51 19 45 22 3 1637
0 19 44 18 46 19 3 1638
0 45 61 35 54 54 4 1639
1 102 54 56 58 54 5 1640
0 51 41 41 37 41 3 1641
0 113 59 32 55 35 3 1642
1 59 57 38 71 39 1 1643
1 97 47 3 36 4 1 1644
0 59 43 58 41 61 3 1645
1 64 57 28 60 23 5 1646
0 54 6 68 4 76 6 1647
1 117 53 45 58 26 1 1648
0 68 61 15 62 19 3 1649
1 84 70 19 68 22 1 1650
0 100 83 4 87 3 3 1651
1 46 5 69 5 61 2 1652
1 24 42 34 38 38 1 1653
1 92 6 53 6 40 2 1654
1 115 35 51 48 47 1 1655
1 50 46 23 46 19 5 1656
1 46 6 34 6 38 1 1657
1 18 91 40 92 35 1 1658
0 88 54 56 60 48 3 1659
0 51 32 52 28 59 3 1660
0 65 50 47 54 32 4 1661
1 10 62 43 62 47 1 1662
1 0 39 3 34 4 1 1663
0 64 61 21 55 36 3 1664
0 5 52 55 52 45 3 1665
0 2 49 20 41 21 3 1666
0 73 47 52 22 20 6 1667
1 91 47 55 49 51 2 1668
0 74 56 55 58 58 3 1669
1 13 71 43 67 9 1 1670
1 2 57 38 60 45 1 1671
1 51 55 31 60 28 1 1672
1 111 5 39 6 29 1 1673
0 116 7 40 6 56 3 1674
1 125 57 39 55 42 1 1675
1 27 7 53 6 66 1 1676
1 60 91 16 91 19 4 1677
1 43 60 44 62 45 1 1678
0 95 63 18 57 18 3 1679
1 71 60 1 58 2 1 1680
0 137 60 26 59 30 3 1681
0 140 67 42 70 42 3 1682
1 80 55 77 58 75 1 1683
0 52 55 38 60 39 3 1684
1 50 59 27 62 21 3 1685
1 93 58 2 55 2 1 1686
1 142 40 64 42 58 1 1687
0 141 62 46 61 42 3 1688
0 41 36 13 39 13 3 1689
0 119 60 2 64 1 3 1690
1 120 59 47 56 51 5 1691
1 67 50 80 42 80 1 1692
0 1 72 37 68 40 3 1693
1 19 48 58 44 64 1 1694
1 116 64 43 66 45 1 1695
1 133 50 61 41 56 1 1696
1 88 54 55 54 52 1 1697
1 16 66 43 65 46 6 1698
0 50 49 2 52 2 3 1699
1 108 56 36 58 27 1 1700
0 92 72 41 59 52 3 1701
1 14 59 44 62 39 2 1702
1 20 51 54 54 50 1 1703
1 86 49 51 55 39 1 1704
0 77 53 47 48 53 6 1705
1 61 37 42 40 37 2 1706
0 118 70 39 74 30 3 1707
0 139 65 1 62 1 3 1708
1 96 50 20 47 20 1 1709
1 29 62 31 68 39 1 1710
0 2 51 48 55 46 3 1711
1 116 60 16 50 19 1 1712
0 108 58 47 56 49 3 1713
0 74 6 66 3 69 3 1714
0 117 61 34 61 39 3 1715
1 8 49 42 47 45 2 1716
0 123 47 3 49 2 3 1717
1 38 57 29 53 33 1 1718
1 94 60 1 64 1 1 1719
0 96 31 50 28 56 3 1720
0 107 41 42 37 43 3 1721
0 63 47 55 47 50 3 1722
0 46 66 41 71 39 3 1723
0 141 43 58 45 63 3 1724
0 75 55 30 54 32 4 1725
1 49 78 6 81 5 1 1726
1 96 50 56 51 54 1 1727
1 14 53 44 59 32 1 1728
1 70 78 6 81 5 1 1729
1 120 45 3 34 3 1 1730
1 24 54 37 57 35 4 1731
0 100 86 2 87 4 5 1732
1 66 50 27 55 25 5 1733
1 29 63 1 60 1 1 1734
0 106 91 37 91 33 3 1735
1 92 81 5 79 6 1 1736
1 106 68 36 69 40 1 1737
0 12 39 17 50 19 3 1738
0 112 87 4 84 4 3 1739
0 110 41 41 40 7 3 1740
1 108 49 37 32 56 2 1741
1 50 63 21 56 15 2 1742
1 121 45 33 34 10 5 1743
0 1 6 67 2 64 3 1744
0 65 27 34 29 44 6 1745
0 40 5 70 4 73 3 1746
0 7 19 58 21 52 3 1747
0 52 65 76 67 74 3 1748
1 78 58 80 50 81 5 1749
1 87 62 24 59 29 1 1750
0 13 41 42 45 36 3 1751
0 34 86 5 88 4 3 1752
0 30 43 66 46 58 3 1753
0 11 42 31 48 35 3 1754
1 66 47 55 53 47 1 1755
0 7 32 47 23 82 3 1756
0 48 53 42 54 45 3 1757
1 27 7 45 6 48 1 1758
0 72 61 39 57 40 3 1759
0 32 39 14 36 13 3 1760
0 0 31 43 28 48 6 1761
1 70 57 48 57 53 2 1762
1 97 42 47 37 49 1 1763
0 53 52 43 64 35 3 1764
0 116 59 16 56 22 3 1765
1 4 44 38 42 34 1 1766
1 88 53 70 51 74 6 1767
1 141 6 32 6 28 4 1768
0 48 46 36 43 37 3 1769
1 143 48 59 46 60 5 1770
0 54 6 64 5 68 5 1771
1 113 55 32 56 26 2 1772
1 133 55 80 49 80 5 1773
1 108 57 44 67 38 1 1774
0 4 52 58 50 61 3 1775
1 9 47 37 52 47 1 1776
1 143 61 17 52 16 1 1777
1 128 29 48 31 46 1 1778
0 46 49 18 47 20 3 1779
0 45 67 92 64 91 3 1780
1 43 50 27 48 29 1 1781
0 91 60 1 65 1 3 1782
0 56 53 29 44 33 3 1783
0 135 59 18 63 17 3 1784
1 41 41 4 49 3 3 1785
1 122 55 73 57 74 1 1786
0 86 62 34 60 33 3 1787
1 53 62 31 56 18 2 1788
1 104 56 48 58 43 1 1789
0 113 55 29 57 28 5 1790
1 54 59 46 61 44 2 1791
0 67 88 93 86 94 3 1792
0 32 59 37 68 39 3 1793
0 75 60 22 51 19 3 1794
0 133 56 80 51 80 5 1795
0 64 50 26 45 25 3 1796
1 66 87 3 85 4 6 1797
0 27 6 67 6 63 5 1798
1 92 54 50 51 57 1 1799
1 116 80 5 69 6 1 1800
1 63 63 43 62 47 1 1801
0 79 32 56 32 53 6 1802
0 75 58 46 45 55 3 1803
1 82 60 29 58 30 1 1804
0 108 29 58 30 52 3 1805
1 63 92 28 91 32 1 1806
0 81 5 70 4 68 4 1807
0 66 69 46 63 48 3 1808
1 98 70 35 71 40 2 1809
1 55 64 44 66 42 1 1810
0 87 43 59 47 50 3 1811
0 43 60 45 63 45 3 1812
1 51 61 17 56 17 1 1813
1 90 45 44 47 46 1 1814
0 143 51 19 48 19 3 1815
0 30 6 28 6 32 3 1816
0 11 62 1 65 1 3 1817
1 51 52 45 50 46 1 1818
0 24 31 42 30 34 5 1819
1 124 62 1 66 1 4 1820
1 70 48 79 45 81 1 1821
1 56 51 2 48 2 1 1822
0 109 63 45 56 63 3 1823
1 14 60 34 62 32 1 1824
0 115 39 4 45 4 3 1825
0 9 52 48 95 29 3 1826
1 108 5 67 3 65 1 1827
0 7 6 54 6 59 3 1828
1 137 59 2 55 2 2 1829
1 36 55 60 45 66 1 1830
0 121 43 30 37 41 5 1831
0 75 47 32 46 30 3 1832
0 13 88 93 86 92 3 1833
1 58 57 38 54 41 1 1834
1 92 80 6 83 4 1 1835
0 108 31 51 28 56 3 1836
1 31 61 22 60 18 1 1837
1 17 37 3 41 3 1 1838
1 55 59 55 62 40 1 1839
1 24 48 2 43 2 1 1840
0 16 91 25 91 28 3 1841
0 133 64 41 66 39 3 1842
1 7 32 45 27 36 4 1843
1 66 65 44 71 36 1 1844
1 40 59 19 61 18 5 1845
1 119 65 32 70 29 1 1846
0 86 50 79 58 75 3 1847
1 58 46 36 50 30 5 1848
1 53 51 19 54 19 1 1849
1 9 56 35 58 41 1 1850
0 108 68 42 63 44 3 1851
0 15 54 80 51 80 3 1852
1 34 5 58 6 66 4 1853
1 8 63 31 62 34 1 1854
0 120 57 38 58 40 3 1855
1 112 53 27 52 25 1 1856
0 142 61 35 61 38 3 1857
1 62 58 46 63 37 2 1858
0 32 43 9 36 14 3 1859
0 92 62 2 79 5 3 1860
0 74 50 18 47 21 3 1861
0 79 42 34 43 30 5 1862
0 108 27 58 30 52 3 1863
0 139 68 37 73 40 3 1864
0 64 56 21 52 36 3 1865
0 11 59 27 58 33 3 1866
1 41 31 50 34 43 1 1867
1 11 46 45 41 50 1 1868
0 130 59 34 60 32 3 1869
0 71 60 69 54 70 3 1870
1 115 98 21 98 17 6 1871
0 0 69 73 52 75 6 1872
1 98 60 40 56 39 1 1873
0 132 67 41 41 34 3 1874
1 109 49 2 38 4 1 1875
0 2 53 42 55 46 3 1876
1 79 42 31 39 36 1 1877
0 126 66 93 68 90 3 1878
0 39 6 52 5 78 3 1879
1 18 61 32 53 23 6 1880
0 69 66 45 65 43 3 1881
0 92 72 37 65 44 3 1882
1 143 30 52 32 41 1 1883
1 14 63 30 60 25 1 1884
1 125 6 33 6 29 4 1885
0 89 54 42 41 47 3 1886
0 107 6 59 5 73 3 1887
1 92 65 51 67 48 1 1888
1 39 59 39 54 50 1 1889
0 66 41 38 42 32 3 1890
0 11 51 49 54 42 3 1891
1 48 28 54 30 44 1 1892
0 124 68 40 63 42 3 1893
0 92 60 19 56 20 3 1894
0 122 47 16 50 17 3 1895
0 85 68 40 71 34 3 1896
0 68 32 47 31 50 3 1897
1 116 61 50 58 59 1 1898
0 35 62 18 59 18 3 1899
0 98 73 33 74 30 3 1900
1 19 48 43 40 62 1 1901
0 50 61 34 60 24 3 1902
1 7 69 45 65 52 1 1903
0 92 45 30 44 34 3 1904
1 67 6 68 5 66 1 1905
1 40 58 18 52 17 2 1906
0 37 6 50 6 54 3 1907
0 4 53 42 54 47 3 1908
0 24 31 50 27 56 3 1909
1 80 50 44 48 43 1 1910
0 28 98 18 98 21 3 1911
1 14 46 50 47 43 1 1912
0 66 6 28 6 36 4 1913
0 64 58 28 60 27 3 1914
0 113 46 49 31 55 3 1915
1 17 52 40 53 45 1 1916
0 117 66 74 72 70 3 1917
1 101 51 48 49 53 5 1918
1 6 59 31 58 29 1 1919
1 6 39 20 63 42 1 1920
1 61 51 24 52 27 1 1921
1 98 56 30 55 34 3 1922
0 100 87 2 82 3 3 1923
0 68 49 66 51 64 3 1924
0 108 92 34 88 54 3 1925
0 25 59 26 60 23 3 1926
1 100 71 74 64 83 1 1927
1 127 70 40 68 42 1 1928
0 60 71 38 72 41 3 1929
1 135 43 38 42 33 1 1930
1 128 36 13 41 11 1 1931
0 37 60 33 62 35 3 1932
1 71 56 47 64 30 1 1933
0 17 28 66 30 60 3 1934
0 141 49 32 49 50 3 1935
1 27 6 57 6 65 3 1936
1 21 6 29 5 46 1 1937
1 28 98 19 98 25 3 1938
0 11 48 79 59 72 3 1939
0 54 61 51 60 54 3 1940
1 9 53 44 48 54 1 1941
0 70 6 49 7 51 3 1942
0 131 48 37 53 41 3 1943
0 93 31 14 38 29 5 1944
0 88 64 28 61 35 3 1945
1 116 6 60 4 57 1 1946
0 113 73 34 69 37 3 1947
1 68 60 39 57 38 1 1948
1 39 51 49 53 48 1 1949
0 111 98 22 98 19 3 1950
1 38 59 31 59 34 1 1951
0 23 32 46 32 42 3 1952
0 92 64 45 65 43 3 1953
1 57 46 3 36 4 1 1954
0 62 61 2 57 2 3 1955
0 13 49 48 49 56 3 1956
0 29 45 41 48 35 3 1957
0 108 49 38 52 33 3 1958
0 60 54 57 58 54 3 1959
0 126 5 50 6 53 3 1960
0 45 51 2 46 2 5 1961
0 119 60 32 43 40 3 1962
0 38 37 40 41 35 6 1963
1 117 58 35 62 36 5 1964
0 11 45 59 56 42 3 1965
0 19 27 41 25 40 3 1966
0 108 51 79 55 78 3 1967
0 13 61 22 60 27 3 1968
1 23 68 42 69 40 1 1969
0 38 45 33 45 28 3 1970
1 95 32 50 33 52 1 1971
0 13 87 3 81 2 3 1972
0 140 53 20 54 16 3 1973
0 30 48 19 47 21 3 1974
1 79 43 31 45 27 1 1975
1 59 61 46 61 50 1 1976
0 12 49 39 47 25 3 1977
1 98 61 41 58 47 1 1978
1 82 50 34 53 48 2 1979
0 109 57 21 60 25 3 1980
1 108 66 92 65 94 1 1981
1 40 53 76 12 60 1 1982
1 12 41 11 44 11 1 1983
0 94 5 67 6 63 3 1984
1 95 43 2 47 2 6 1985
0 9 53 50 48 59 3 1986
1 24 41 44 38 43 5 1987
0 108 67 37 60 44 3 1988
0 38 54 75 61 71 4 1989
1 70 68 74 69 72 1 1990
0 143 62 41 57 44 3 1991
1 60 47 21 42 24 1 1992
0 22 55 80 51 80 3 1993
1 43 98 24 98 19 1 1994
0 86 55 45 53 50 3 1995
1 3 62 48 54 64 1 1996
0 18 6 30 5 38 3 1997
1 55 65 44 60 42 1 1998
1 24 52 47 54 44 1 1999
