1 21 68 33 65 26 1 0
1 84 5 66 6 69 1 1
0 80 27 51 30 44 3 2
1 138 53 41 56 41 3 3
1 25 61 29 55 30 1 4
0 66 49 22 50 20 3 5
0 60 79 7 76 7 3 6
0 46 47 3 45 4 3 7
1 93 61 30 62 36 3 8
0 140 33 48 31 51 3 9
0 7 6 64 4 73 3 10
0 59 55 36 53 37 3 11
0 140 61 33 56 41 3 12
0 13 59 43 53 52 5 13
0 46 65 1 61 1 3 14
0 51 47 3 44 3 5 15
0 36 31 58 30 63 6 16
1 11 46 81 48 82 2 17
0 8 39 12 43 11 3 18
0 88 34 19 40 20 3 19
0 80 59 44 57 35 3 20
1 72 53 40 55 35 1 21
0 128 50 24 52 25 3 22
0 19 5 68 6 66 3 23
1 114 52 53 52 61 2 24
1 18 91 27 91 33 2 25
1 86 61 70 99 67 1 26
0 115 56 52 56 49 3 27
0 13 37 43 34 43 3 28
0 64 29 52 28 54 6 29
1 96 50 45 54 40 3 30
0 141 41 52 54 54 3 31
1 85 43 57 45 52 1 32
1 2 43 61 48 32 1 33
0 88 47 71 51 71 3 34
1 122 54 81 57 80 1 35
0 78 55 80 50 81 6 36
0 52 43 34 38 38 5 37
0 45 47 80 26 80 4 38
0 39 69 36 53 40 6 39
0 55 81 5 83 4 3 40
1 0 55 80 49 77 1 41
0 130 53 45 53 41 3 42
0 73 55 50 56 41 3 43
1 53 54 30 51 38 5 44
0 31 65 1 62 1 3 45
1 43 60 33 65 27 2 46
1 32 87 3 86 5 1 47
0 127 68 73 69 70 3 48
1 74 54 47 77 34 2 49
0 98 48 2 51 2 3 50
1 1 55 37 49 44 3 51
0 89 52 46 54 42 3 52
1 111 56 43 58 36 5 53
0 91 45 3 42 2 3 54
0 20 59 27 54 39 3 55
0 112 53 26 47 29 3 56
1 36 28 56 30 47 1 57
0 143 40 14 34 15 3 58
1 51 32 42 34 40 1 59
0 38 46 2 49 2 3 60
1 24 73 67 65 74 1 61
0 102 55 53 58 32 3 62
1 135 71 30 65 42 2 63
1 75 60 37 38 27 3 64
1 123 55 41 58 36 2 65
0 33 45 16 46 18 5 66
1 33 33 51 29 63 1 67
1 56 55 36 57 38 1 68
0 126 6 40 6 47 3 69
1 115 42 57 43 54 1 70
0 113 6 63 6 56 3 71
1 102 76 7 70 6 1 72
0 105 51 1 47 2 3 73
1 35 48 57 56 44 1 74
1 111 55 40 54 42 1 75
0 86 49 45 53 41 3 76
0 107 45 33 42 34 3 77
1 104 43 12 40 12 4 78
1 130 60 40 57 40 5 79
0 11 54 49 47 58 3 80
1 3 91 35 90 37 1 81
1 95 65 68 69 67 1 82
1 34 67 36 66 39 1 83
1 59 47 55 47 51 1 84
0 76 46 31 51 24 3 85
1 65 6 35 6 28 1 86
0 79 36 53 37 49 3 87
0 15 91 35 92 32 4 88
0 43 47 41 52 39 3 89
0 134 68 77 69 75 3 90
1 86 67 41 68 45 1 91
0 108 91 30 92 28 3 92
1 11 64 74 68 73 1 93
0 31 70 72 71 69 6 94
1 72 51 63 51 46 1 95
1 34 48 51 54 41 3 96
1 47 60 36 53 29 2 97
0 25 59 47 55 51 3 98
1 104 6 54 7 47 1 99
0 60 48 50 48 53 3 100
0 76 88 93 86 95 3 101
0 108 46 75 54 79 3 102
1 30 29 56 30 61 1 103
1 35 57 26 56 35 3 104
0 47 6 55 4 50 6 105
1 49 68 42 58 45 6 106
0 55 66 93 54 89 3 107
0 44 56 35 52 40 3 108
1 130 50 42 47 61 1 109
0 4 53 39 51 31 5 110
0 128 62 16 49 16 3 111
1 125 57 20 51 19 1 112
1 33 92 27 92 31 1 113
1 138 46 53 47 50 2 114
1 136 54 24 59 27 1 115
1 65 5 22 6 19 1 116
0 133 57 80 47 80 5 117
1 33 45 18 52 15 1 118
0 26 50 65 51 50 3 119
1 68 52 48 55 47 1 120
1 61 31 18 56 14 1 121
1 91 68 48 69 37 3 122
0 88 66 29 61 34 3 123
0 83 51 77 50 80 3 124
1 86 38 3 46 3 1 125
1 0 70 35 68 36 1 126
0 46 61 1 65 1 3 127
0 38 58 28 58 25 3 128
0 39 45 61 37 48 5 129
0 112 29 49 27 55 3 130
0 2 44 53 33 57 5 131
0 57 69 74 70 72 3 132
1 126 49 2 28 2 2 133
0 39 66 39 58 56 3 134
0 34 42 11 40 12 3 135
0 56 64 42 65 44 3 136
1 111 36 15 0 20 1 137
1 32 55 57 57 50 1 138
1 112 47 52 46 54 3 139
1 79 88 93 84 92 1 140
1 78 36 29 42 19 1 141
0 86 6 62 6 57 3 142
0 66 58 17 44 19 3 143
0 33 53 51 46 52 3 144
0 88 53 80 50 81 3 145
0 79 41 43 37 40 3 146
1 12 67 42 66 39 1 147
0 116 6 50 6 43 3 148
0 0 51 29 49 31 6 149
1 56 59 32 54 39 1 150
1 128 51 70 53 59 1 151
1 140 70 71 73 67 5 152
0 124 47 57 47 51 3 153
0 69 61 72 59 74 3 154
1 39 46 3 29 4 2 155
1 115 61 38 52 34 1 156
0 109 34 45 30 44 3 157
1 92 34 51 42 56 1 158
0 76 72 33 71 26 3 159
1 129 98 22 98 19 5 160
0 139 5 50 6 35 6 161
0 72 56 43 54 49 3 162
1 98 63 33 57 61 1 163
0 90 44 27 47 29 3 164
0 77 70 39 62 28 3 165
0 28 57 75 55 77 3 166
0 37 67 91 66 94 5 167
1 5 32 78 54 81 1 168
0 8 56 25 53 41 3 169
1 92 60 42 62 35 1 170
1 3 67 35 61 27 1 171
1 4 60 22 59 26 2 172
1 62 61 1 56 2 1 173
0 8 31 52 31 49 3 174
1 123 32 50 27 70 2 175
0 65 59 44 56 40 6 176
0 57 6 44 5 41 4 177
1 86 55 26 59 42 1 178
0 107 69 44 66 41 3 179
0 86 49 19 53 17 3 180
0 15 63 1 60 1 5 181
1 6 55 29 63 32 1 182
1 11 48 57 44 64 1 183
1 128 48 43 46 56 1 184
0 143 6 50 7 37 3 185
0 136 6 29 6 24 3 186
1 66 56 77 55 75 1 187
0 74 45 3 39 5 5 188
0 84 53 45 53 48 3 189
1 137 31 49 29 54 1 190
1 86 58 76 53 76 1 191
0 96 6 44 6 48 3 192
0 28 52 47 45 52 3 193
1 35 51 31 47 35 1 194
1 23 53 75 63 69 1 195
0 65 32 55 31 58 5 196
1 132 67 41 64 45 1 197
0 111 80 6 82 5 3 198
1 59 92 29 91 36 3 199
1 76 89 34 89 37 2 200
1 9 51 18 50 20 3 201
0 116 53 42 52 45 6 202
0 126 44 30 47 27 3 203
0 93 91 19 90 23 3 204
1 129 50 25 58 12 3 205
0 88 55 39 69 36 5 206
0 105 68 47 64 35 3 207
1 100 87 3 85 4 1 208
1 126 61 49 62 51 1 209
1 94 6 64 5 68 1 210
0 73 65 30 55 42 5 211
1 6 48 53 44 61 2 212
0 8 57 28 54 26 5 213
0 85 60 35 62 33 3 214
0 125 56 80 50 80 3 215
1 54 61 39 60 41 2 216
0 27 79 3 80 6 5 217
0 138 6 54 6 58 3 218
0 15 55 80 49 81 4 219
0 98 55 36 57 38 3 220
1 7 52 19 60 18 1 221
0 5 55 72 58 73 6 222
0 97 61 30 64 31 6 223
1 19 55 24 51 26 1 224
0 24 44 36 43 30 3 225
1 92 42 5 39 4 1 226
0 32 43 11 34 10 5 227
1 129 47 50 42 57 1 228
1 102 49 16 41 17 1 229
1 53 55 66 51 62 4 230
1 55 61 34 60 30 1 231
0 22 6 46 6 50 3 232
1 57 73 66 69 68 1 233
0 8 55 37 16 25 3 234
1 49 61 28 61 21 1 235
1 64 47 2 44 1 1 236
1 0 67 39 67 33 1 237
0 106 81 3 82 6 3 238
0 141 59 24 58 34 6 239
1 136 54 38 58 34 1 240
0 40 55 80 58 80 3 241
1 80 26 51 30 46 1 242
1 138 56 51 55 54 2 243
0 111 98 21 98 17 3 244
0 92 53 78 50 77 5 245
0 78 55 74 54 72 3 246
0 81 60 47 61 52 3 247
0 100 87 3 82 2 3 248
1 58 46 43 56 40 2 249
1 72 47 59 53 46 5 250
1 53 54 30 50 33 1 251
1 102 47 70 53 53 3 252
1 101 6 67 4 68 1 253
0 126 46 3 49 3 6 254
1 4 79 6 83 4 1 255
1 118 62 32 59 38 1 256
0 127 63 32 69 33 3 257
0 136 7 43 6 47 3 258
0 64 55 42 52 42 5 259
0 65 47 22 51 19 3 260
1 77 71 70 73 68 2 261
0 31 66 40 35 16 3 262
0 59 61 25 60 22 3 263
0 116 52 61 56 64 3 264
1 108 5 72 5 67 1 265
1 135 42 71 35 77 1 266
1 29 61 44 54 53 1 267
0 131 50 2 45 3 3 268
0 105 48 34 67 41 3 269
1 128 81 6 83 4 1 270
0 143 56 47 56 43 3 271
0 102 45 62 45 59 3 272
0 123 29 54 32 53 3 273
1 68 74 67 68 72 1 274
0 40 71 35 57 29 3 275
0 83 54 32 55 30 3 276
1 93 5 23 6 27 1 277
1 8 52 23 52 29 3 278
1 10 50 49 46 62 1 279
1 63 42 38 40 44 1 280
1 27 6 46 5 85 1 281
1 56 58 33 53 33 1 282
1 108 74 67 71 71 1 283
0 130 55 66 53 45 5 284
1 80 68 72 66 74 1 285
0 112 44 54 32 57 3 286
0 136 59 16 58 18 3 287
0 17 82 5 79 6 3 288
0 29 62 22 55 17 3 289
1 60 49 20 47 14 1 290
1 118 41 23 50 19 1 291
1 66 38 38 37 41 3 292
0 13 49 47 27 41 4 293
0 31 58 2 55 2 3 294
1 43 59 50 60 47 1 295
1 36 63 36 64 34 1 296
1 82 50 18 46 20 1 297
1 6 60 38 60 41 1 298
1 94 73 37 66 41 1 299
0 22 29 60 27 57 3 300
0 52 36 49 38 46 3 301
0 91 54 43 56 42 6 302
0 29 48 2 13 0 3 303
0 56 69 34 63 43 5 304
0 124 62 51 62 40 3 305
0 54 56 45 60 35 3 306
0 99 46 51 33 57 3 307
0 126 58 38 43 35 3 308
1 112 51 32 51 26 5 309
0 100 51 27 54 15 3 310
1 98 48 37 60 29 3 311
0 120 66 49 67 44 3 312
0 4 43 36 41 34 3 313
1 116 66 42 71 17 1 314
0 74 48 21 45 20 3 315
1 21 53 46 56 42 1 316
1 124 58 2 61 1 1 317
0 35 49 19 50 14 5 318
1 11 67 39 62 52 1 319
0 67 58 80 51 80 3 320
0 129 56 40 57 45 3 321
1 32 52 58 52 62 2 322
1 51 57 71 57 75 1 323
0 80 28 47 32 49 3 324
0 5 47 49 41 61 3 325
1 39 54 49 53 52 1 326
1 53 54 16 62 18 1 327
1 79 65 45 63 47 1 328
1 119 69 45 73 40 3 329
1 137 31 45 27 60 6 330
1 76 60 32 58 34 1 331
1 31 68 23 73 19 1 332
0 115 44 4 48 4 3 333
0 115 49 24 47 25 3 334
0 75 56 41 65 13 6 335
0 50 52 26 54 29 3 336
0 14 91 33 93 10 3 337
0 59 6 29 5 53 3 338
1 126 6 43 6 40 1 339
0 65 54 50 55 41 5 340
0 115 46 43 47 53 3 341
0 69 49 43 58 40 3 342
1 98 57 26 54 30 5 343
0 125 6 35 6 29 3 344
1 76 51 49 22 44 2 345
1 14 67 93 65 94 1 346
1 97 54 53 47 54 5 347
1 132 58 26 67 28 1 348
0 0 58 28 56 32 5 349
1 1 59 18 56 18 1 350
0 1 72 31 69 16 3 351
0 135 64 25 72 15 3 352
0 143 57 77 58 75 3 353
0 141 57 35 58 31 3 354
0 48 42 11 38 10 3 355
0 9 57 18 35 19 3 356
0 137 74 30 66 23 3 357
1 11 50 65 47 60 1 358
0 8 42 12 44 10 3 359
1 54 64 43 51 51 1 360
0 56 47 68 49 54 3 361
1 114 91 38 86 24 3 362
1 48 34 43 32 46 1 363
1 128 60 32 56 30 1 364
1 127 55 41 56 47 1 365
1 98 67 46 64 44 1 366
1 53 66 39 53 43 2 367
0 16 32 13 37 9 4 368
1 67 55 15 50 30 3 369
1 16 45 32 38 39 1 370
0 128 50 28 46 31 5 371
1 143 45 75 57 76 3 372
0 100 47 53 55 45 3 373
0 56 53 45 52 55 3 374
0 88 69 72 73 58 3 375
1 89 51 59 51 47 1 376
1 92 58 17 57 14 3 377
0 6 51 39 49 37 3 378
1 25 66 41 48 44 1 379
1 10 28 48 26 51 1 380
0 130 55 21 42 14 3 381
0 121 6 50 6 38 3 382
1 102 6 32 6 38 1 383
0 38 43 38 43 32 3 384
0 112 34 16 36 15 4 385
0 11 54 47 49 50 3 386
1 106 58 33 61 33 1 387
1 16 67 48 67 42 4 388
1 14 98 17 98 20 1 389
0 11 48 58 44 65 3 390
1 23 68 43 48 44 3 391
0 52 46 2 51 2 3 392
1 130 47 2 43 2 6 393
0 129 91 35 91 30 3 394
1 98 49 36 53 32 1 395
0 114 57 31 60 24 3 396
0 143 55 42 53 36 3 397
1 141 48 68 29 53 4 398
1 102 49 56 44 66 2 399
0 45 63 44 64 33 3 400
1 55 63 33 61 30 1 401
0 79 68 40 73 33 3 402
1 125 6 64 5 58 1 403
0 135 81 5 79 6 3 404
1 20 6 51 6 40 1 405
0 60 6 41 4 58 3 406
1 100 3 13 5 15 1 407
0 118 61 41 60 7 3 408
1 117 55 42 54 44 5 409
1 65 62 17 58 17 1 410
1 27 61 2 76 0 6 411
1 49 61 50 57 58 1 412
0 127 72 35 73 31 3 413
0 40 87 93 86 89 3 414
1 74 48 2 46 3 1 415
1 24 49 60 53 39 1 416
0 96 28 54 26 50 3 417
0 72 36 16 67 27 4 418
1 0 61 46 55 55 1 419
0 143 54 20 50 20 3 420
1 54 52 41 46 50 1 421
1 91 62 34 39 38 3 422
1 118 6 50 4 81 1 423
0 78 91 29 91 32 5 424
0 88 58 37 58 41 3 425
1 83 65 42 54 44 1 426
0 53 43 54 40 80 3 427
0 101 21 19 27 47 3 428
0 52 73 68 71 73 3 429
0 126 60 18 52 21 3 430
1 39 67 46 68 40 6 431
1 112 42 12 36 13 1 432
1 39 73 37 72 16 2 433
1 0 67 34 67 37 2 434
1 19 52 18 50 19 2 435
1 64 29 48 22 46 1 436
0 65 31 50 34 42 3 437
1 132 70 39 67 50 1 438
1 57 7 41 7 48 6 439
0 79 65 43 64 47 3 440
0 141 40 12 39 14 3 441
1 101 81 6 82 4 1 442
0 32 62 28 58 31 6 443
0 132 65 43 69 37 3 444
1 7 31 47 28 57 5 445
1 121 47 29 50 29 1 446
1 95 42 3 49 2 1 447
0 98 59 46 61 44 5 448
1 5 56 36 55 33 1 449
0 38 60 16 58 17 3 450
0 64 33 43 29 47 3 451
1 35 67 41 69 40 1 452
1 141 52 58 52 55 5 453
1 0 66 36 71 30 6 454
1 54 47 4 40 5 1 455
0 24 53 46 55 31 3 456
1 112 46 4 43 4 1 457
1 123 42 56 43 59 2 458
1 68 77 6 81 5 1 459
1 64 39 11 43 11 1 460
0 19 49 20 51 19 5 461
0 102 6 32 6 28 5 462
0 80 56 44 55 40 3 463
0 4 48 28 46 30 3 464
1 38 55 45 52 47 1 465
0 40 58 71 55 74 3 466
0 38 61 27 59 30 3 467
1 92 56 20 51 20 3 468
0 77 6 32 6 37 3 469
0 29 60 36 55 40 3 470
0 89 70 36 69 38 3 471
1 9 55 45 52 43 1 472
1 107 67 40 90 28 1 473
0 124 98 23 98 20 3 474
1 44 65 26 67 33 5 475
1 49 71 68 72 63 3 476
0 86 27 59 30 61 3 477
0 19 52 17 50 19 3 478
0 46 91 30 89 35 3 479
0 12 57 57 54 56 3 480
1 2 53 27 56 29 1 481
0 65 31 58 32 55 3 482
0 29 60 41 59 38 3 483
0 29 71 71 70 75 3 484
0 38 37 41 33 58 3 485
1 17 49 79 57 75 3 486
0 2 31 56 31 45 3 487
1 96 7 44 6 54 1 488
0 136 45 3 50 2 3 489
0 62 86 4 80 3 3 490
1 16 46 50 46 54 3 491
1 117 53 41 53 44 1 492
0 97 42 12 36 13 3 493
1 107 43 31 46 27 2 494
1 121 49 4 40 4 2 495
0 70 29 47 31 45 3 496
1 53 54 50 52 43 2 497
1 88 52 44 60 41 2 498
1 77 55 2 40 1 2 499
1 11 41 66 57 43 1 500
0 119 51 58 41 55 3 501
1 118 66 92 63 93 1 502
0 27 92 27 91 32 3 503
0 114 62 79 59 76 5 504
1 104 30 52 31 46 2 505
1 25 71 74 71 70 1 506
1 126 52 48 57 37 1 507
1 117 54 43 63 34 1 508
1 121 52 48 50 47 1 509
1 68 60 33 58 38 2 510
0 112 86 5 86 2 3 511
1 134 50 46 63 32 1 512
1 86 98 19 98 22 3 513
1 100 48 23 41 22 1 514
0 57 98 23 98 11 3 515
0 115 54 46 55 44 3 516
0 88 51 46 52 49 3 517
1 109 63 45 62 21 1 518
1 62 91 34 89 47 1 519
0 10 61 41 55 41 3 520
0 74 55 67 49 84 5 521
1 117 56 48 63 29 1 522
1 70 69 72 71 68 6 523
0 29 56 39 58 36 6 524
0 133 62 1 21 1 3 525
1 18 59 44 55 51 1 526
0 38 56 58 58 54 3 527
1 77 62 1 59 1 1 528
1 112 61 31 55 37 2 529
1 21 60 50 59 46 1 530
1 123 28 65 30 52 1 531
0 118 59 17 56 18 3 532
1 127 53 81 55 78 2 533
0 143 30 46 28 48 3 534
1 89 54 81 56 80 1 535
1 36 6 49 6 54 1 536
0 51 79 5 82 5 3 537
0 23 44 31 47 28 3 538
1 128 53 19 48 16 2 539
1 130 49 2 47 3 1 540
1 31 45 20 50 20 1 541
1 77 62 1 57 2 1 542
1 90 63 31 60 34 6 543
1 137 32 53 29 53 2 544
0 65 59 44 63 43 3 545
0 23 68 43 69 38 3 546
0 72 59 36 57 34 3 547
0 14 98 14 98 18 3 548
1 17 5 62 5 51 1 549
1 126 5 57 6 54 1 550
1 118 5 66 5 69 2 551
0 8 66 47 66 40 3 552
1 69 57 76 62 69 1 553
1 83 5 40 5 36 1 554
1 127 45 29 37 31 1 555
1 121 47 2 51 2 1 556
1 53 47 57 48 53 5 557
0 32 51 63 50 66 3 558
1 100 40 11 41 13 1 559
1 65 75 6 80 6 1 560
1 53 72 72 72 69 1 561
0 54 48 2 51 2 3 562
0 78 57 2 60 2 3 563
0 86 6 39 6 48 3 564
1 143 59 26 55 30 1 565
1 57 48 39 49 52 5 566
1 66 68 38 66 42 1 567
1 65 78 7 82 5 2 568
0 31 43 65 46 59 3 569
0 66 29 51 31 49 3 570
1 39 66 92 65 94 1 571
0 61 56 47 52 48 3 572
0 97 70 38 62 47 3 573
1 32 60 31 64 32 1 574
1 73 52 42 48 54 2 575
1 6 44 3 48 2 1 576
0 113 54 31 55 29 3 577
0 53 49 38 52 28 3 578
0 72 46 2 51 2 3 579
0 125 84 4 87 4 3 580
0 35 54 49 47 71 3 581
1 84 50 27 46 30 3 582
1 58 61 31 60 34 5 583
0 73 92 26 92 29 3 584
1 108 63 54 64 50 6 585
0 107 42 24 43 39 6 586
1 43 98 18 98 22 1 587
1 137 86 4 81 3 3 588
0 17 51 44 53 42 5 589
0 86 55 43 52 31 3 590
1 88 53 75 50 69 1 591
0 54 56 42 56 18 3 592
1 127 63 46 64 43 1 593
1 48 90 38 91 40 6 594
1 82 35 46 37 41 1 595
1 12 6 51 7 41 2 596
0 44 44 18 65 48 3 597
0 31 66 1 63 1 3 598
1 63 68 33 54 44 2 599
1 62 47 44 47 55 6 600
1 40 6 68 6 65 1 601
0 142 28 59 33 44 3 602
1 50 50 32 47 34 1 603
1 61 37 16 45 47 1 604
1 18 59 38 61 31 1 605
1 115 46 4 24 3 2 606
0 109 56 40 51 46 3 607
1 67 54 80 58 80 6 608
1 45 89 92 78 90 1 609
1 9 54 56 51 54 2 610
0 130 37 61 34 60 3 611
1 59 61 72 61 69 1 612
0 111 30 47 15 77 3 613
0 47 6 34 6 50 3 614
0 13 68 42 67 38 3 615
0 77 74 30 69 41 3 616
1 16 43 11 38 13 1 617
1 34 39 14 41 11 1 618
1 86 50 35 58 34 1 619
0 60 59 29 53 41 3 620
1 29 6 36 6 29 2 621
1 32 91 17 91 25 2 622
0 98 66 37 54 59 3 623
0 0 4 67 3 65 3 624
0 52 42 29 41 34 3 625
0 118 54 41 53 44 3 626
1 90 63 31 59 8 1 627
0 15 64 1 59 1 3 628
1 19 53 18 50 16 1 629
0 46 55 63 59 49 3 630
0 18 45 22 51 13 3 631
0 37 54 40 52 54 3 632
0 130 50 20 46 20 3 633
1 59 68 42 67 37 1 634
1 13 57 41 54 44 3 635
0 109 67 72 69 73 3 636
1 8 67 35 68 33 1 637
0 46 42 36 38 45 3 638
1 47 55 42 61 38 1 639
0 16 47 45 44 28 3 640
0 108 5 68 6 66 6 641
0 116 65 41 61 42 3 642
0 28 59 54 57 56 3 643
1 63 55 42 61 38 1 644
0 3 98 18 98 21 3 645
0 52 61 39 62 37 3 646
0 95 6 68 5 66 3 647
0 12 61 40 57 39 3 648
1 41 69 34 66 32 1 649
0 130 80 6 62 2 3 650
0 13 6 68 6 64 3 651
0 54 61 36 64 28 5 652
0 66 44 24 36 27 3 653
0 108 67 42 44 17 5 654
0 80 44 65 50 61 3 655
1 88 53 42 53 45 1 656
0 127 98 21 98 14 5 657
0 38 30 35 24 71 3 658
1 15 59 1 56 2 1 659
1 79 39 22 44 35 5 660
0 102 52 55 53 51 6 661
0 52 70 43 69 26 4 662
1 27 58 19 63 16 6 663
1 123 32 50 30 47 1 664
0 119 56 80 52 80 3 665
0 27 63 46 62 58 3 666
0 28 82 5 79 6 3 667
1 33 91 33 92 25 1 668
1 97 47 60 44 64 1 669
1 98 53 54 50 50 1 670
1 138 62 35 61 33 1 671
0 11 49 53 49 48 3 672
0 88 47 3 42 2 3 673
1 51 32 78 57 66 2 674
0 98 52 82 49 84 3 675
1 51 58 31 61 23 1 676
0 20 57 77 57 71 3 677
0 110 33 46 30 50 3 678
1 141 33 48 30 51 1 679
1 32 62 40 51 63 1 680
0 117 53 44 62 32 3 681
0 68 60 25 57 33 3 682
0 66 67 44 65 45 5 683
1 128 87 4 83 4 6 684
1 9 49 42 58 34 2 685
1 56 53 48 51 54 2 686
0 71 52 50 52 44 3 687
1 41 52 19 44 19 1 688
1 62 68 39 69 45 6 689
0 0 52 18 54 17 3 690
0 143 28 49 31 50 3 691
0 16 30 46 28 54 3 692
1 32 38 13 40 14 1 693
1 106 6 53 6 58 1 694
1 31 54 77 61 69 1 695
1 53 53 45 49 53 3 696
1 48 42 11 37 13 1 697
1 65 54 80 51 80 1 698
1 68 49 37 55 35 5 699
1 109 48 53 47 48 1 700
1 40 48 3 45 3 2 701
1 143 58 41 50 51 6 702
0 48 40 12 38 14 3 703
1 94 56 53 58 54 1 704
1 78 64 31 61 31 3 705
1 16 51 27 55 28 1 706
1 79 39 38 40 36 2 707
0 65 27 51 24 50 3 708
1 78 70 64 68 63 2 709
1 102 51 49 46 53 1 710
1 8 46 47 47 50 1 711
0 82 63 37 61 32 3 712
1 130 52 19 48 19 3 713
1 123 33 44 28 54 3 714
0 112 30 46 28 47 3 715
0 104 57 40 50 42 3 716
1 140 70 36 67 40 2 717
0 12 62 43 60 40 3 718
1 88 62 47 69 40 1 719
0 69 23 19 48 45 3 720
1 130 51 64 54 56 1 721
1 77 61 29 60 24 5 722
1 139 6 42 6 34 1 723
1 57 54 40 53 42 1 724
1 0 43 63 52 55 1 725
1 110 51 32 54 28 1 726
0 14 45 20 49 18 3 727
0 140 67 38 64 45 3 728
1 28 48 34 42 47 2 729
1 88 55 31 50 30 1 730
0 98 70 37 58 26 3 731
1 29 61 35 60 32 1 732
1 112 42 58 41 60 5 733
1 23 47 80 51 78 1 734
1 4 5 67 5 78 1 735
1 40 57 45 55 40 1 736
1 8 52 36 37 31 1 737
0 58 65 94 67 93 3 738
1 79 59 19 55 18 5 739
0 124 6 54 7 37 3 740
1 19 47 20 49 18 5 741
0 122 54 80 50 80 4 742
0 128 51 27 49 28 3 743
0 19 22 19 37 76 3 744
1 96 29 53 30 46 1 745
1 95 49 2 37 1 1 746
1 68 50 54 52 50 1 747
0 41 23 20 44 40 3 748
1 32 57 49 54 53 1 749
1 27 42 73 44 64 1 750
0 0 29 47 32 44 3 751
1 143 81 5 70 6 2 752
1 108 56 38 52 51 1 753
1 65 54 46 49 44 1 754
1 81 88 93 80 95 1 755
0 111 49 80 51 77 3 756
1 43 55 39 48 34 1 757
0 52 40 38 13 28 5 758
1 61 48 2 43 3 1 759
1 0 52 46 20 61 1 760
0 26 54 42 50 55 6 761
0 103 63 1 55 2 3 762
1 37 44 35 47 35 1 763
0 104 61 38 56 44 3 764
1 130 60 36 56 38 1 765
0 87 68 38 65 40 3 766
1 63 46 31 54 26 2 767
1 50 37 41 40 44 1 768
1 42 33 44 33 47 1 769
0 81 50 28 54 24 3 770
0 57 6 50 5 57 6 771
1 141 52 47 49 44 5 772
0 64 31 43 30 45 6 773
0 47 44 39 46 37 3 774
1 106 88 4 84 4 1 775
0 73 56 51 55 54 3 776
1 38 66 93 65 95 1 777
1 39 55 40 54 42 1 778
1 122 60 31 52 40 1 779
1 34 42 31 40 35 2 780
0 50 47 4 44 4 3 781
0 68 52 19 50 18 3 782
0 8 63 21 59 21 3 783
1 12 35 48 35 54 2 784
1 34 30 50 28 47 2 785
1 11 65 48 63 53 1 786
0 36 32 46 32 51 5 787
0 130 54 40 50 47 3 788
1 51 62 68 55 77 1 789
0 129 45 47 47 51 6 790
1 39 57 38 49 52 2 791
0 12 57 40 58 37 3 792
1 5 44 12 42 11 2 793
0 37 6 44 7 41 3 794
0 55 22 49 30 43 3 795
1 49 61 58 69 40 1 796
1 124 35 16 67 22 1 797
0 106 6 37 6 34 3 798
0 9 56 36 56 41 3 799
0 78 70 37 68 38 3 800
0 130 56 48 59 57 3 801
1 56 51 49 45 62 1 802
1 64 50 43 59 40 5 803
1 60 48 21 50 19 4 804
1 110 18 14 10 34 1 805
1 80 6 48 6 45 1 806
0 78 71 34 68 33 3 807
1 131 49 67 52 61 1 808
1 119 30 14 60 40 1 809
0 3 56 41 55 43 3 810
1 93 91 36 92 31 1 811
0 114 67 77 72 71 3 812
1 71 61 31 62 33 1 813
0 106 27 26 51 27 3 814
0 122 31 57 30 50 3 815
1 11 6 49 5 31 4 816
1 10 60 50 61 45 5 817
0 42 56 40 52 26 3 818
1 71 38 13 42 12 1 819
0 38 60 31 55 32 3 820
0 45 85 4 87 3 3 821
1 63 91 34 91 27 1 822
0 120 54 36 59 35 3 823
0 33 91 29 91 40 3 824
1 19 48 16 50 19 2 825
0 68 48 47 49 63 6 826
1 69 67 35 68 41 1 827
0 2 66 93 63 93 4 828
0 13 57 31 55 36 3 829
0 136 49 38 44 56 3 830
0 72 69 46 59 44 3 831
0 138 59 77 52 75 3 832
0 109 59 27 49 14 4 833
0 110 53 62 54 55 3 834
1 113 55 80 49 81 2 835
1 66 40 36 36 44 3 836
1 4 48 41 47 39 4 837
1 115 51 39 59 37 1 838
1 32 43 11 41 12 4 839
0 16 41 35 37 43 3 840
1 66 45 23 41 25 2 841
0 39 61 35 57 29 3 842
1 124 58 29 53 34 1 843
0 101 55 42 45 32 3 844
1 83 30 14 31 38 4 845
1 14 51 20 59 18 2 846
0 112 45 52 47 51 3 847
1 102 60 58 56 55 1 848
1 104 33 46 31 45 1 849
0 121 69 70 52 75 3 850
0 132 66 44 70 39 3 851
0 5 51 17 48 18 5 852
1 107 91 29 91 34 3 853
0 111 6 31 6 38 3 854
1 30 50 19 44 18 1 855
1 9 37 41 40 44 1 856
1 79 47 23 49 18 1 857
1 49 81 2 86 4 1 858
0 66 44 29 43 39 3 859
1 80 60 37 58 36 5 860
0 106 6 47 6 44 6 861
1 141 44 34 41 42 2 862
0 26 44 4 30 4 3 863
0 56 55 41 56 36 3 864
0 82 51 42 50 44 3 865
0 13 72 37 67 40 3 866
1 76 61 45 50 65 1 867
0 132 53 1 49 2 3 868
1 143 44 11 38 13 1 869
0 138 45 4 41 4 5 870
0 131 51 24 55 25 3 871
0 39 38 45 43 37 3 872
0 10 27 35 18 34 3 873
0 46 54 60 54 69 6 874
0 9 62 32 57 39 3 875
0 78 55 79 57 76 3 876
0 113 56 32 54 40 3 877
0 139 91 33 89 53 3 878
0 21 68 33 55 39 3 879
0 29 60 16 58 18 3 880
1 72 67 41 62 53 5 881
1 11 59 21 60 19 1 882
0 43 5 70 6 66 3 883
0 89 57 80 53 81 3 884
0 14 98 20 98 25 3 885
1 106 55 45 53 40 1 886
1 55 48 19 18 20 2 887
1 64 60 25 55 37 2 888
0 66 41 38 39 39 5 889
0 31 90 31 88 35 3 890
0 69 56 34 54 41 3 891
0 87 47 57 50 52 3 892
0 32 27 49 14 42 5 893
1 107 39 39 36 51 2 894
1 79 46 59 43 57 1 895
0 1 16 12 15 14 3 896
1 7 53 77 50 77 1 897
1 129 58 47 62 37 1 898
1 126 57 37 54 45 3 899
0 26 59 23 62 24 3 900
0 92 71 25 65 45 3 901
0 93 5 39 6 41 3 902
1 25 61 23 59 26 1 903
1 76 48 20 45 21 1 904
0 52 30 59 30 49 3 905
1 112 60 37 62 34 4 906
1 29 71 35 48 44 1 907
1 75 61 31 62 40 1 908
1 97 31 42 32 46 1 909
1 54 57 38 63 30 1 910
0 116 60 36 56 38 3 911
0 57 6 50 6 54 3 912
0 137 31 5 35 5 3 913
0 131 92 30 92 26 4 914
1 122 59 80 52 81 1 915
1 104 57 44 57 40 3 916
0 135 64 38 61 33 3 917
1 136 55 42 33 43 1 918
1 1 83 5 80 6 1 919
1 5 55 42 58 45 1 920
0 49 59 39 53 39 5 921
0 58 47 2 51 2 3 922
1 115 42 58 40 81 1 923
0 87 65 32 62 30 3 924
0 90 54 34 43 39 3 925
1 38 32 34 24 32 3 926
0 10 6 26 5 38 3 927
0 57 98 11 98 28 4 928
1 23 45 3 28 5 2 929
1 57 52 82 30 77 1 930
0 135 6 68 5 66 3 931
0 86 82 5 78 4 3 932
0 80 32 46 31 48 5 933
0 29 51 42 55 44 3 934
1 126 5 49 4 47 5 935
0 25 60 30 61 27 5 936
0 108 59 28 60 22 3 937
1 74 43 3 49 2 5 938
0 55 61 36 55 52 3 939
0 24 57 45 56 48 3 940
1 5 6 53 5 57 3 941
1 86 98 22 98 10 1 942
1 42 69 33 68 35 2 943
0 32 54 58 51 71 3 944
0 96 56 42 58 44 3 945
1 17 6 54 6 35 3 946
1 43 53 16 50 11 1 947
0 14 52 46 42 46 3 948
1 139 47 30 46 27 4 949
1 92 81 2 86 2 1 950
0 133 88 93 85 96 3 951
0 140 51 32 56 24 3 952
0 137 57 30 46 51 3 953
1 93 5 25 6 10 1 954
1 72 49 66 48 68 1 955
0 91 6 54 6 50 3 956
0 50 66 24 60 41 3 957
0 29 36 16 37 21 3 958
0 101 69 35 56 37 3 959
0 29 60 33 61 43 3 960
1 39 20 37 26 41 5 961
0 90 6 59 5 56 3 962
1 121 42 60 41 66 1 963
1 67 83 4 87 4 1 964
1 70 69 43 63 46 1 965
1 4 7 39 6 49 2 966
1 90 62 32 69 40 1 967
0 119 65 39 69 36 3 968
1 32 56 54 54 56 1 969
1 87 47 52 46 48 1 970
0 55 6 31 3 23 3 971
0 71 42 33 40 36 3 972
0 22 32 54 30 60 5 973
1 122 67 39 63 31 1 974
0 58 62 49 43 18 4 975
1 58 31 51 28 45 1 976
1 125 32 43 35 41 1 977
1 139 6 50 11 34 1 978
0 111 5 37 5 48 6 979
1 124 62 23 61 25 1 980
1 143 54 55 56 52 1 981
0 74 78 6 80 5 3 982
0 74 46 20 50 20 5 983
1 89 51 80 55 80 1 984
1 19 65 90 66 94 1 985
1 59 60 35 64 36 1 986
1 140 64 72 71 74 2 987
1 90 69 40 71 34 1 988
0 116 59 23 51 17 3 989
1 113 50 44 58 34 1 990
1 47 54 80 45 80 2 991
0 59 47 2 50 1 3 992
0 139 91 35 91 31 5 993
0 55 5 35 6 33 3 994
1 0 70 43 59 45 1 995
0 16 72 71 69 74 3 996
1 67 59 42 53 43 2 997
0 54 5 66 6 63 3 998
0 89 64 93 67 92 3 999
0 130 50 47 46 55 6 1000
0 36 40 66 32 57 3 1001
1 53 31 78 19 72 1 1002
0 23 62 1 56 2 3 1003
1 57 45 3 49 3 4 1004
0 9 53 50 51 49 5 1005
1 97 50 61 48 55 2 1006
0 116 63 2 48 2 3 1007
1 97 50 27 56 22 2 1008
1 139 61 27 54 23 4 1009
0 128 43 11 36 13 3 1010
1 119 67 49 71 39 5 1011
0 55 54 23 38 28 3 1012
0 138 45 4 42 4 5 1013
1 42 49 58 50 51 2 1014
0 5 51 48 51 44 5 1015
1 17 43 4 41 5 1 1016
1 121 6 38 6 33 1 1017
0 98 49 51 48 68 3 1018
0 51 55 79 53 80 3 1019
0 24 55 40 53 44 3 1020
0 24 51 45 51 32 3 1021
1 121 46 3 39 4 1 1022
1 81 69 42 70 39 1 1023
0 126 50 51 25 34 5 1024
1 133 49 80 46 80 1 1025
0 130 53 43 66 19 5 1026
0 65 64 36 55 41 4 1027
1 109 61 40 60 29 1 1028
1 48 37 55 40 65 1 1029
1 93 37 40 40 36 1 1030
1 114 46 2 54 1 4 1031
0 24 53 81 46 81 3 1032
0 92 60 46 65 39 3 1033
0 133 50 53 40 59 3 1034
1 18 61 42 49 30 5 1035
1 111 65 1 61 1 1 1036
1 93 35 28 39 28 1 1037
0 70 46 56 45 62 3 1038
1 63 59 42 57 45 1 1039
1 31 57 2 64 1 2 1040
0 40 52 81 48 80 3 1041
0 94 45 3 49 3 3 1042
0 26 70 39 63 56 5 1043
0 59 65 44 63 43 3 1044
0 112 62 40 56 50 3 1045
1 83 53 1 48 2 1 1046
1 76 54 56 50 65 1 1047
1 64 56 38 51 17 1 1048
0 33 69 39 70 44 3 1049
0 96 59 57 57 47 3 1050
0 14 57 48 57 24 3 1051
1 80 30 47 35 40 4 1052
1 80 66 35 70 37 1 1053
1 111 54 37 51 61 5 1054
0 93 62 35 51 21 3 1055
0 89 67 39 62 31 3 1056
1 132 58 46 56 41 1 1057
0 23 58 76 62 70 3 1058
0 90 5 57 6 43 3 1059
0 132 44 4 29 5 3 1060
0 39 53 40 57 39 3 1061
0 121 6 39 6 34 6 1062
1 128 55 26 51 31 6 1063
1 139 6 27 6 32 1 1064
1 58 61 22 60 28 1 1065
0 134 88 94 82 94 3 1066
0 118 52 57 52 43 3 1067
0 52 68 40 53 43 5 1068
1 56 5 68 6 65 1 1069
0 27 5 69 6 61 3 1070
0 91 53 44 57 38 3 1071
1 97 65 1 41 2 1 1072
1 95 58 50 41 52 2 1073
1 115 98 17 98 26 5 1074
0 112 36 13 42 12 3 1075
1 97 52 50 53 48 1 1076
0 57 98 25 98 22 6 1077
0 24 53 47 57 42 3 1078
1 19 41 12 44 11 1 1079
0 92 92 32 90 37 3 1080
0 84 59 41 54 38 3 1081
0 4 55 23 49 28 3 1082
0 10 62 36 49 34 3 1083
0 88 43 22 46 20 3 1084
1 98 47 31 48 29 3 1085
1 72 62 45 69 40 1 1086
1 31 60 2 39 1 2 1087
0 38 5 58 6 43 3 1088
0 117 33 48 31 47 3 1089
0 28 48 52 49 37 3 1090
1 48 30 46 26 50 1 1091
1 78 18 57 24 75 1 1092
1 93 42 34 33 23 1 1093
0 60 6 34 5 37 3 1094
1 131 49 2 46 2 1 1095
1 115 6 64 6 69 1 1096
0 13 50 77 53 76 3 1097
0 43 53 28 50 32 3 1098
0 93 91 29 91 38 3 1099
1 30 55 57 59 57 1 1100
0 112 52 45 39 42 3 1101
0 17 58 74 56 75 3 1102
0 18 92 26 91 31 3 1103
1 32 41 11 39 12 1 1104
0 108 54 43 48 54 3 1105
1 65 32 51 30 46 6 1106
1 141 43 3 46 2 1 1107
1 70 58 27 60 18 1 1108
1 44 63 40 62 38 1 1109
0 74 49 16 45 17 3 1110
1 143 54 38 58 29 1 1111
1 121 61 28 56 29 3 1112
0 107 41 40 37 39 3 1113
1 48 44 65 46 59 2 1114
0 64 59 31 55 21 3 1115
0 69 57 36 49 49 3 1116
1 38 5 69 6 65 2 1117
1 130 60 45 57 41 1 1118
1 28 57 29 55 27 1 1119
1 46 91 32 90 36 1 1120
1 106 81 6 78 6 6 1121
0 132 68 38 69 17 3 1122
1 48 31 45 27 50 1 1123
1 32 59 56 57 54 2 1124
1 111 65 40 68 42 3 1125
1 46 63 1 61 2 1 1126
0 140 58 50 49 84 3 1127
1 59 43 35 44 33 2 1128
1 27 9 26 28 57 1 1129
1 141 48 53 58 34 1 1130
0 18 53 43 49 49 3 1131
0 2 63 43 60 47 3 1132
0 1 61 18 55 19 3 1133
1 83 61 38 62 36 1 1134
0 89 67 74 73 66 3 1135
0 99 45 4 42 4 3 1136
0 106 53 24 55 28 3 1137
1 19 49 33 46 34 2 1138
0 139 5 41 6 44 3 1139
1 8 55 80 58 80 3 1140
0 35 46 30 51 24 3 1141
0 118 48 58 48 55 3 1142
1 96 52 50 48 52 1 1143
1 47 68 46 65 44 1 1144
1 121 65 75 69 73 1 1145
0 89 56 74 51 77 3 1146
1 57 86 94 82 93 5 1147
1 27 6 55 7 51 2 1148
1 11 57 2 62 2 1 1149
0 104 49 49 46 63 3 1150
0 52 55 49 57 46 5 1151
1 56 63 25 70 38 2 1152
0 54 58 41 54 42 3 1153
1 108 5 61 5 69 2 1154
1 51 79 5 81 6 1 1155
1 7 7 40 5 5 5 1156
0 93 91 38 92 26 3 1157
1 30 7 44 6 38 2 1158
1 111 48 41 52 30 1 1159
1 78 6 42 6 57 1 1160
1 22 58 58 42 46 1 1161
1 14 54 55 45 63 2 1162
0 139 65 1 56 2 3 1163
1 26 53 48 49 57 4 1164
0 14 52 40 46 51 3 1165
0 13 61 36 51 37 3 1166
0 1 53 16 61 17 5 1167
0 27 61 15 63 16 3 1168
0 128 6 33 6 27 3 1169
0 77 58 2 54 2 3 1170
1 135 56 80 59 80 2 1171
0 48 55 37 57 38 3 1172
1 124 58 1 62 1 1 1173
0 13 58 47 48 44 5 1174
1 80 28 48 32 43 4 1175
1 90 54 32 54 29 5 1176
0 105 57 41 57 36 3 1177
1 87 32 78 57 76 2 1178
1 126 60 40 67 34 2 1179
1 10 63 30 52 25 1 1180
1 138 50 26 48 23 1 1181
0 122 81 2 84 4 3 1182
1 135 58 45 51 49 2 1183
0 37 6 44 6 54 3 1184
1 31 64 1 61 1 5 1185
1 102 51 61 58 52 4 1186
0 24 52 50 53 44 3 1187
0 47 6 56 6 52 3 1188
0 93 39 4 36 4 3 1189
1 53 52 56 50 50 5 1190
0 83 29 59 30 54 3 1191
0 87 48 65 47 67 3 1192
0 106 6 44 6 48 3 1193
1 112 56 40 43 59 1 1194
1 77 85 5 87 2 5 1195
1 96 47 47 49 49 4 1196
1 21 41 36 45 31 4 1197
0 78 58 34 55 44 3 1198
1 108 71 32 68 41 1 1199
0 43 98 19 98 16 3 1200
1 29 57 26 45 21 1 1201
1 40 30 77 54 66 4 1202
1 110 54 36 52 46 4 1203
1 22 27 59 32 51 5 1204
1 111 46 48 38 84 1 1205
1 9 57 45 55 46 1 1206
1 35 51 17 46 18 3 1207
1 91 56 38 54 42 3 1208
1 61 58 37 56 40 1 1209
0 66 43 3 45 2 3 1210
1 81 67 93 66 91 5 1211
0 86 6 50 3 52 3 1212
0 130 81 5 83 4 3 1213
1 87 45 54 32 57 1 1214
1 0 57 37 66 28 1 1215
0 5 46 61 45 64 3 1216
0 103 5 69 6 66 3 1217
1 67 67 42 66 35 1 1218
1 136 52 75 47 73 3 1219
1 51 70 39 61 42 1 1220
1 13 58 2 65 1 4 1221
0 31 48 2 51 2 3 1222
0 100 60 79 53 80 3 1223
0 33 43 24 38 24 3 1224
0 136 59 26 56 30 3 1225
1 1 62 45 56 65 1 1226
0 31 92 32 91 34 3 1227
0 134 64 16 60 14 3 1228
1 108 31 49 28 56 1 1229
1 38 67 1 59 1 2 1230
0 14 58 22 54 27 3 1231
1 52 73 30 69 22 1 1232
0 132 68 41 54 65 3 1233
1 46 51 75 64 81 1 1234
0 10 56 49 65 35 3 1235
0 0 49 41 51 46 3 1236
1 18 41 12 37 13 4 1237
0 70 70 74 65 75 3 1238
1 135 91 40 92 35 1 1239
0 27 6 64 4 67 6 1240
0 116 66 1 62 1 3 1241
1 111 71 71 71 75 3 1242
0 141 62 26 58 26 3 1243
0 45 88 92 86 94 3 1244
1 18 6 29 6 33 6 1245
0 60 67 39 70 37 3 1246
1 4 77 6 80 7 1 1247
1 13 71 43 61 42 5 1248
1 124 49 54 50 48 1 1249
1 135 37 39 43 24 1 1250
1 78 31 48 30 55 3 1251
0 53 51 34 57 29 5 1252
1 2 50 50 52 27 2 1253
1 78 59 39 54 42 1 1254
0 100 61 46 63 49 3 1255
0 63 33 5 36 5 3 1256
1 125 81 6 78 7 4 1257
1 8 59 28 56 31 5 1258
0 45 51 2 56 1 3 1259
0 41 46 45 32 57 3 1260
1 67 5 68 5 71 6 1261
1 21 70 68 69 70 1 1262
0 136 70 71 51 75 3 1263
1 99 57 38 59 34 2 1264
0 139 3 13 4 22 5 1265
1 93 43 39 45 35 1 1266
1 28 64 16 53 16 3 1267
1 92 68 44 61 56 2 1268
0 74 47 39 57 38 4 1269
1 1 58 17 50 18 2 1270
0 48 60 62 61 58 3 1271
0 108 68 40 62 60 5 1272
1 16 38 14 40 13 1 1273
0 0 46 73 49 56 3 1274
1 121 41 41 45 32 1 1275
0 31 46 4 41 4 3 1276
1 104 91 29 90 37 2 1277
1 42 50 85 59 74 1 1278
0 77 39 12 36 14 3 1279
0 38 56 26 53 38 3 1280
1 136 5 48 5 59 5 1281
1 66 41 4 45 4 1 1282
0 0 29 36 34 42 5 1283
1 104 55 51 52 47 3 1284
1 130 6 65 5 69 1 1285
0 78 33 13 40 12 3 1286
0 57 6 58 7 51 3 1287
1 62 53 41 47 55 2 1288
0 93 30 48 30 51 3 1289
1 56 50 49 45 60 2 1290
0 128 49 24 50 12 3 1291
0 97 43 69 49 65 3 1292
0 68 40 11 39 14 3 1293
0 139 91 18 92 26 3 1294
1 38 44 36 37 40 1 1295
1 51 30 59 31 51 2 1296
0 17 49 37 47 50 3 1297
1 130 61 50 56 52 5 1298
0 136 61 37 53 41 3 1299
0 20 52 44 54 43 3 1300
0 66 92 30 90 36 3 1301
1 28 86 94 88 92 1 1302
0 120 61 39 63 40 3 1303
1 32 57 39 59 38 1 1304
0 141 50 38 47 36 3 1305
0 46 43 11 40 11 3 1306
0 80 58 74 51 77 3 1307
1 88 6 32 5 41 2 1308
1 20 46 20 50 19 1 1309
0 52 51 47 55 42 3 1310
1 72 6 68 6 64 2 1311
0 21 53 47 47 63 4 1312
0 34 1 95 3 94 3 1313
1 83 57 28 51 25 1 1314
0 128 54 39 62 31 3 1315
1 72 44 68 48 68 1 1316
0 24 67 42 65 38 5 1317
1 110 71 6 77 6 2 1318
1 8 68 38 68 42 1 1319
1 66 62 19 63 16 5 1320
1 97 63 76 52 75 1 1321
1 58 62 45 35 16 2 1322
0 119 61 62 63 60 5 1323
0 98 46 43 53 46 3 1324
0 103 47 48 50 43 3 1325
1 107 27 32 27 37 2 1326
0 3 50 25 53 27 3 1327
0 15 57 2 64 1 3 1328
0 127 58 72 57 77 3 1329
1 59 69 39 62 28 1 1330
0 126 43 4 40 5 3 1331
0 18 90 34 92 33 3 1332
0 75 56 51 56 55 3 1333
0 79 56 18 57 20 3 1334
1 105 59 37 53 46 1 1335
1 129 60 38 59 34 6 1336
1 16 57 28 58 18 2 1337
1 65 81 2 84 4 4 1338
0 80 98 20 98 24 3 1339
0 16 47 30 51 26 3 1340
0 38 67 74 70 72 3 1341
1 139 47 71 50 46 1 1342
0 66 40 45 39 23 3 1343
1 66 66 49 69 38 1 1344
0 139 51 20 58 17 3 1345
0 104 33 42 34 46 3 1346
1 130 28 2 48 2 2 1347
1 137 33 47 32 50 2 1348
0 44 59 33 57 47 3 1349
0 92 60 74 52 76 6 1350
0 88 29 47 26 51 3 1351
0 43 54 80 51 80 3 1352
1 72 36 15 27 18 1 1353
0 71 63 33 41 40 3 1354
0 46 87 3 85 2 3 1355
1 0 51 80 56 80 2 1356
0 93 91 30 91 33 3 1357
1 53 52 42 49 50 1 1358
1 23 59 41 52 45 2 1359
1 87 56 51 54 46 2 1360
1 17 62 30 61 34 2 1361
0 22 33 43 32 45 3 1362
1 97 41 30 33 30 1 1363
0 53 58 56 54 54 3 1364
0 77 52 50 48 65 6 1365
1 86 87 92 85 95 1 1366
1 113 13 10 37 55 1 1367
1 128 58 34 54 38 5 1368
1 75 63 30 55 27 1 1369
0 130 48 19 46 20 3 1370
1 101 55 41 57 38 1 1371
1 44 52 67 59 55 1 1372
1 55 59 44 54 53 3 1373
1 26 47 2 11 1 5 1374
1 132 72 40 70 44 2 1375
1 28 60 25 63 25 1 1376
1 104 45 30 40 44 2 1377
1 11 51 78 56 78 1 1378
1 92 68 34 66 37 1 1379
0 117 57 47 58 44 6 1380
1 28 61 34 44 40 1 1381
1 31 59 1 56 2 2 1382
1 38 55 31 58 27 3 1383
0 13 71 41 66 50 5 1384
1 76 59 30 57 34 1 1385
0 112 55 38 57 39 3 1386
0 82 33 46 35 41 4 1387
1 26 54 51 58 47 3 1388
0 15 74 35 58 23 3 1389
1 32 60 35 55 40 2 1390
0 117 55 41 58 40 5 1391
1 60 68 36 63 41 1 1392
0 33 46 22 45 20 3 1393
1 92 58 33 60 39 1 1394
1 96 42 12 40 14 1 1395
1 33 91 32 91 13 3 1396
0 7 31 59 28 67 3 1397
1 49 62 67 61 74 1 1398
1 132 13 23 41 87 3 1399
1 28 65 1 55 2 2 1400
1 4 69 39 69 43 1 1401
1 24 45 3 50 2 1 1402
0 56 59 42 57 47 3 1403
0 38 38 30 42 33 3 1404
0 46 68 34 71 36 3 1405
0 130 52 29 54 30 5 1406
1 106 88 94 84 93 1 1407
0 23 57 28 56 38 3 1408
1 123 25 78 27 58 1 1409
0 121 45 20 49 19 3 1410
1 132 56 26 56 30 1 1411
0 71 52 39 49 36 3 1412
0 32 25 60 32 48 3 1413
1 38 46 18 52 19 4 1414
0 94 32 44 32 50 3 1415
1 27 57 20 51 19 1 1416
1 130 42 3 17 1 1 1417
0 1 58 17 64 16 6 1418
0 118 68 73 69 69 3 1419
1 27 58 44 60 42 1 1420
1 82 63 57 66 53 1 1421
0 98 61 36 50 48 3 1422
1 76 58 33 49 31 1 1423
1 126 59 34 45 59 1 1424
0 65 33 50 32 52 3 1425
0 28 55 46 52 58 3 1426
0 80 48 2 51 2 3 1427
1 109 43 11 34 14 1 1428
1 24 63 57 71 36 1 1429
1 132 27 24 23 31 5 1430
0 84 49 49 50 47 3 1431
1 79 64 45 62 55 1 1432
0 126 50 57 41 63 3 1433
1 114 61 40 55 44 3 1434
0 20 63 75 65 74 3 1435
0 7 70 32 69 40 3 1436
0 0 54 46 55 51 3 1437
0 90 50 29 52 25 3 1438
0 82 56 35 49 49 6 1439
1 54 55 80 58 76 1 1440
0 88 62 40 57 39 3 1441
1 88 54 42 56 40 1 1442
1 37 48 28 48 31 1 1443
0 1 59 17 56 18 3 1444
1 48 51 43 55 39 1 1445
1 136 6 28 6 40 6 1446
1 90 61 22 60 24 1 1447
0 117 58 80 55 80 3 1448
0 115 78 90 87 91 3 1449
1 39 21 19 27 25 2 1450
1 125 57 1 62 0 3 1451
1 97 59 49 63 44 2 1452
0 36 47 2 51 2 3 1453
1 128 30 45 32 46 2 1454
1 0 61 39 54 39 2 1455
1 0 65 43 62 48 2 1456
0 80 53 76 51 78 3 1457
0 129 23 20 46 50 3 1458
0 139 6 25 6 34 3 1459
0 12 66 30 60 42 4 1460
1 111 50 56 49 54 4 1461
1 51 27 60 32 47 5 1462
0 58 58 36 66 28 3 1463
0 128 32 43 34 44 3 1464
1 2 43 80 46 80 1 1465
1 117 49 34 52 50 1 1466
0 40 42 75 47 68 3 1467
1 74 56 46 48 59 2 1468
0 39 57 28 48 31 3 1469
0 0 67 49 65 52 3 1470
0 115 48 55 47 47 3 1471
1 84 59 17 57 20 4 1472
1 6 38 12 39 14 1 1473
0 32 67 34 59 30 3 1474
1 70 65 42 68 40 1 1475
1 103 32 45 30 46 2 1476
1 106 42 67 44 66 1 1477
1 76 58 32 61 28 1 1478
0 52 51 48 48 50 3 1479
1 15 51 50 39 44 1 1480
0 43 63 38 48 51 3 1481
0 55 6 29 5 36 3 1482
1 105 58 18 51 20 1 1483
0 101 59 41 54 54 5 1484
0 65 6 68 6 64 3 1485
0 56 53 52 39 58 3 1486
1 82 41 12 45 11 1 1487
1 139 6 32 6 27 1 1488
1 15 63 1 53 1 5 1489
1 64 88 93 86 94 1 1490
1 136 52 32 59 37 1 1491
1 133 44 49 43 54 1 1492
1 97 45 62 53 53 2 1493
0 139 53 50 48 53 3 1494
0 38 55 21 55 32 6 1495
0 38 43 32 39 38 3 1496
0 130 60 29 57 22 3 1497
0 65 5 81 5 68 3 1498
0 105 63 20 61 28 3 1499
0 113 57 18 64 16 3 1500
0 94 29 55 28 59 3 1501
0 139 34 43 30 53 3 1502
1 19 30 55 28 58 1 1503
0 131 55 80 49 81 3 1504
0 87 46 3 39 3 3 1505
0 78 30 55 28 57 3 1506
0 48 92 32 91 36 3 1507
1 66 38 48 36 43 4 1508
0 101 52 54 49 53 3 1509
1 24 38 43 42 40 3 1510
1 0 51 49 44 62 1 1511
1 105 60 50 59 54 2 1512
1 116 91 37 91 31 1 1513
0 22 31 45 34 41 3 1514
1 80 50 77 54 80 1 1515
1 35 20 15 28 6 1 1516
1 89 55 80 51 80 1 1517
1 65 55 42 60 41 1 1518
1 76 64 76 67 74 1 1519
0 98 52 38 49 37 5 1520
0 24 49 52 43 82 3 1521
0 69 6 56 5 59 3 1522
1 112 66 41 69 40 1 1523
1 37 65 92 64 94 1 1524
0 38 50 18 49 20 3 1525
1 66 48 23 58 16 1 1526
0 5 58 29 52 43 4 1527
0 13 56 29 53 40 3 1528
1 142 42 39 37 21 2 1529
0 116 50 18 48 19 3 1530
1 48 40 35 37 41 1 1531
1 49 64 15 60 17 1 1532
0 121 66 44 63 54 3 1533
0 108 46 59 45 57 3 1534
0 13 78 7 80 5 3 1535
1 121 61 19 60 17 1 1536
0 70 6 36 4 26 3 1537
0 36 52 47 47 63 3 1538
1 114 54 1 61 1 1 1539
0 138 30 54 29 63 4 1540
1 120 63 22 61 29 3 1541
0 26 50 49 51 46 3 1542
0 66 43 32 37 40 3 1543
1 76 48 49 50 46 1 1544
0 46 56 1 63 1 3 1545
1 104 60 34 55 41 1 1546
0 17 47 2 50 2 3 1547
0 109 52 2 49 2 3 1548
0 82 51 75 40 57 3 1549
0 81 47 29 53 27 3 1550
0 131 64 35 67 33 3 1551
0 116 47 2 11 1 3 1552
1 55 45 3 42 2 1 1553
0 128 44 37 45 32 3 1554
1 32 68 39 58 64 1 1555
0 64 38 39 41 41 3 1556
1 28 69 36 64 49 3 1557
1 121 54 16 52 19 1 1558
1 132 41 36 42 32 1 1559
0 105 42 74 51 77 3 1560
1 102 65 75 70 73 1 1561
1 46 61 32 60 38 1 1562
0 102 45 3 42 3 3 1563
1 25 43 68 50 36 1 1564
0 18 66 93 62 92 3 1565
1 0 63 23 62 25 1 1566
0 6 61 33 55 41 3 1567
1 65 71 29 69 26 1 1568
1 1 52 40 56 35 1 1569
1 92 60 29 51 26 1 1570
1 120 52 77 30 77 6 1571
1 134 31 52 28 44 4 1572
1 139 6 52 6 49 1 1573
1 71 60 49 62 48 1 1574
1 80 40 3 34 3 6 1575
0 137 50 2 43 3 3 1576
0 87 60 31 49 30 3 1577
0 33 89 31 88 15 3 1578
0 100 42 33 39 36 3 1579
0 53 49 31 54 30 3 1580
0 80 59 35 66 7 3 1581
0 124 92 33 92 29 3 1582
0 130 5 35 6 26 3 1583
1 108 51 75 70 72 1 1584
1 108 67 1 62 0 1 1585
1 22 54 43 54 47 4 1586
0 13 69 34 66 40 6 1587
0 52 66 33 63 34 3 1588
0 125 53 43 55 38 3 1589
1 24 56 45 48 57 2 1590
1 86 31 58 32 55 2 1591
0 101 61 41 54 42 3 1592
1 73 55 43 54 51 1 1593
1 81 53 56 54 43 2 1594
1 105 72 34 66 43 5 1595
1 117 60 35 57 40 5 1596
0 60 53 18 49 19 6 1597
1 93 57 2 60 2 1 1598
0 6 67 78 69 74 3 1599
1 34 45 60 54 54 1 1600
0 11 49 20 46 21 3 1601
0 135 37 40 39 23 3 1602
1 66 69 37 73 30 1 1603
1 108 54 43 59 36 4 1604
1 30 55 74 60 69 1 1605
1 103 50 2 27 2 1 1606
1 132 70 33 70 36 1 1607
1 83 14 10 62 23 5 1608
0 63 36 13 33 13 3 1609
0 128 44 11 40 12 3 1610
1 98 36 15 8 13 1 1611
1 79 60 17 51 20 3 1612
0 10 62 51 62 47 3 1613
1 61 59 37 63 33 1 1614
1 50 70 6 83 4 4 1615
1 123 52 27 51 29 1 1616
0 135 53 43 53 46 3 1617
1 48 32 39 33 48 6 1618
1 118 59 17 61 18 1 1619
1 5 55 76 53 75 3 1620
0 78 91 35 91 39 3 1621
1 124 90 25 91 18 3 1622
0 62 31 48 32 51 3 1623
1 14 43 57 46 56 1 1624
0 103 56 29 61 28 3 1625
0 128 57 52 53 58 3 1626
0 21 65 44 61 53 3 1627
1 104 6 22 6 13 1 1628
1 106 53 50 54 46 1 1629
0 106 54 43 49 35 3 1630
0 54 31 33 29 35 3 1631
0 22 27 50 32 46 3 1632
0 81 69 45 67 40 3 1633
1 56 42 18 63 23 1 1634
1 127 70 72 71 68 1 1635
0 62 27 25 51 54 3 1636
1 20 52 59 53 54 2 1637
0 74 46 50 33 57 3 1638
0 11 61 1 64 1 3 1639
1 72 51 80 48 81 1 1640
0 66 49 80 54 69 3 1641
0 103 55 31 58 33 4 1642
0 128 28 49 24 61 3 1643
1 130 72 32 68 40 2 1644
0 37 6 35 6 31 3 1645
0 91 57 52 56 57 3 1646
0 57 61 48 61 51 3 1647
0 75 54 33 57 31 3 1648
1 133 30 53 28 57 1 1649
0 66 57 19 51 19 3 1650
0 58 58 39 55 44 3 1651
1 115 98 16 98 20 1 1652
1 73 56 39 58 36 1 1653
0 143 48 3 42 3 3 1654
1 100 5 67 5 61 1 1655
0 130 55 43 57 40 3 1656
1 52 57 46 55 39 3 1657
0 26 49 55 48 58 3 1658
1 2 56 80 46 81 1 1659
0 31 46 58 46 55 3 1660
0 143 61 70 58 74 3 1661
0 125 6 48 7 36 3 1662
0 23 51 44 53 41 3 1663
1 27 6 35 0 54 1 1664
1 23 58 77 55 76 1 1665
1 38 56 31 59 25 1 1666
0 119 32 17 38 14 3 1667
0 111 67 45 70 41 3 1668
1 96 86 4 88 3 1 1669
1 100 45 81 53 81 5 1670
0 52 35 51 43 35 6 1671
0 57 55 41 48 55 3 1672
0 81 70 39 72 32 5 1673
1 45 41 80 35 80 6 1674
0 13 70 22 72 21 3 1675
0 93 98 17 98 22 3 1676
1 25 55 73 57 72 1 1677
1 137 32 45 33 47 6 1678
0 38 58 28 46 44 3 1679
1 32 48 48 51 49 2 1680
1 67 49 2 47 3 1 1681
1 26 54 47 36 46 1 1682
0 38 59 15 59 31 3 1683
1 17 56 78 49 83 1 1684
1 88 58 47 53 45 1 1685
1 2 50 80 56 80 2 1686
0 96 37 13 41 12 3 1687
0 97 53 45 57 45 3 1688
0 9 63 56 64 47 3 1689
0 107 40 44 43 35 3 1690
0 27 37 41 35 45 3 1691
1 2 5 35 6 31 1 1692
0 115 52 48 52 58 3 1693
0 8 53 40 35 41 3 1694
1 18 50 38 53 51 1 1695
1 40 60 37 55 37 2 1696
0 11 54 52 50 48 3 1697
1 8 53 41 54 39 4 1698
1 124 91 30 91 33 5 1699
0 9 32 49 32 45 4 1700
1 115 68 38 90 27 2 1701
1 105 21 19 26 36 1 1702
0 130 41 12 36 14 3 1703
1 119 71 33 72 41 1 1704
0 13 68 38 60 43 6 1705
0 38 47 65 47 61 3 1706
0 74 89 93 88 91 3 1707
1 32 88 93 86 94 1 1708
1 128 52 35 51 33 1 1709
0 88 80 5 69 6 3 1710
0 28 62 31 52 28 3 1711
1 33 60 27 59 24 3 1712
1 123 46 2 50 2 5 1713
1 65 60 42 65 39 2 1714
1 139 57 34 49 48 2 1715
1 17 54 56 59 53 1 1716
1 88 57 59 59 54 5 1717
1 136 46 15 59 16 2 1718
1 52 39 43 45 33 2 1719
1 22 29 56 28 60 1 1720
0 2 60 41 56 37 3 1721
0 117 54 47 52 49 3 1722
1 100 68 36 69 39 1 1723
1 17 36 53 45 32 4 1724
1 124 79 6 81 5 2 1725
0 56 55 40 60 34 3 1726
0 40 68 43 50 40 3 1727
0 21 67 39 67 29 3 1728
1 14 58 46 55 50 5 1729
1 40 45 81 48 81 1 1730
0 116 60 30 59 26 5 1731
1 69 71 69 73 66 2 1732
1 112 28 48 32 49 5 1733
1 114 69 6 80 6 2 1734
1 56 71 38 68 42 1 1735
1 104 50 42 53 44 1 1736
0 108 66 92 64 93 3 1737
0 28 58 47 56 39 3 1738
0 71 67 35 64 32 3 1739
0 91 69 74 67 78 3 1740
0 74 42 63 40 40 3 1741
1 80 56 39 57 36 1 1742
1 60 29 60 31 49 2 1743
1 124 51 2 45 2 1 1744
0 2 59 39 52 41 3 1745
0 114 55 51 59 46 3 1746
1 48 49 55 52 57 1 1747
1 27 56 80 41 81 1 1748
1 128 67 25 64 26 1 1749
0 3 60 26 56 31 3 1750
1 3 44 54 43 56 1 1751
1 78 56 80 45 80 2 1752
0 38 49 29 43 30 3 1753
0 65 34 41 30 54 3 1754
1 102 36 28 44 32 4 1755
0 59 66 37 63 43 3 1756
0 120 58 38 56 39 3 1757
0 122 56 80 53 80 3 1758
0 4 53 52 50 57 3 1759
0 3 53 43 52 48 3 1760
1 33 50 16 46 17 1 1761
1 66 47 27 40 38 5 1762
0 48 30 47 27 49 5 1763
0 131 32 49 31 52 3 1764
0 65 53 41 53 47 3 1765
1 77 64 1 55 0 1 1766
1 93 92 32 91 34 1 1767
0 98 55 30 58 27 3 1768
0 4 63 32 62 34 3 1769
0 53 41 12 39 14 3 1770
0 53 57 18 52 19 3 1771
1 112 51 25 43 42 1 1772
1 74 65 94 66 90 1 1773
1 18 89 35 90 31 5 1774
0 87 5 39 6 41 3 1775
0 78 60 31 56 38 3 1776
0 74 6 53 6 49 3 1777
0 94 6 65 5 67 3 1778
1 137 6 37 5 53 1 1779
0 52 68 37 70 35 3 1780
1 27 5 69 6 62 1 1781
0 79 42 5 17 2 3 1782
1 26 62 37 46 35 3 1783
1 113 60 16 57 18 1 1784
0 80 37 4 30 4 3 1785
1 113 87 3 84 4 2 1786
1 108 91 36 91 31 1 1787
0 39 69 45 66 45 3 1788
1 107 56 53 54 56 4 1789
1 135 40 45 38 40 1 1790
1 75 68 38 67 46 1 1791
0 108 55 37 54 40 3 1792
0 104 34 39 31 42 3 1793
1 1 98 15 98 19 2 1794
1 26 44 63 44 44 3 1795
1 89 53 40 57 39 1 1796
0 3 40 4 46 3 3 1797
0 83 53 34 59 31 3 1798
0 62 54 46 50 23 3 1799
0 56 67 41 64 41 5 1800
0 51 27 45 28 43 3 1801
0 36 66 38 63 47 3 1802
0 111 60 26 53 43 3 1803
1 8 49 37 32 32 1 1804
1 7 48 52 59 45 1 1805
1 111 58 80 54 80 1 1806
1 96 50 29 53 34 1 1807
0 20 68 40 68 32 3 1808
0 132 46 3 44 2 3 1809
1 138 46 28 45 33 1 1810
0 97 52 30 48 33 3 1811
1 92 54 16 63 17 5 1812
0 84 52 44 58 36 3 1813
0 119 73 30 38 17 3 1814
1 11 53 46 50 55 1 1815
0 65 80 5 82 6 3 1816
1 79 44 35 46 32 1 1817
1 92 69 37 56 38 5 1818
0 123 65 75 70 72 3 1819
0 115 31 49 21 49 3 1820
0 39 92 28 92 34 3 1821
1 104 29 36 32 34 1 1822
1 35 7 40 7 47 2 1823
0 95 58 26 55 32 3 1824
0 92 25 33 46 27 3 1825
1 83 64 34 62 37 3 1826
0 22 31 48 28 57 3 1827
1 25 68 74 70 75 1 1828
1 31 60 2 57 2 1 1829
0 97 55 52 59 45 3 1830
1 122 6 29 6 37 1 1831
1 3 90 37 91 35 4 1832
1 67 53 52 53 41 2 1833
0 21 88 93 86 94 3 1834
0 120 58 54 58 48 3 1835
1 86 85 95 87 94 1 1836
0 136 6 50 5 69 3 1837
1 109 56 46 58 44 1 1838
0 97 49 78 45 89 3 1839
0 134 52 39 50 44 3 1840
1 9 85 4 82 5 5 1841
1 87 53 29 58 36 2 1842
0 5 60 30 55 31 3 1843
0 39 47 49 22 20 3 1844
1 21 55 75 48 79 2 1845
1 53 67 37 58 60 1 1846
0 48 48 40 41 13 3 1847
0 64 26 50 30 51 3 1848
1 48 40 11 31 12 1 1849
1 82 69 35 64 44 1 1850
1 62 50 20 58 16 3 1851
1 96 46 43 41 59 1 1852
1 75 62 37 64 34 5 1853
0 97 51 77 57 76 3 1854
0 121 6 35 5 38 3 1855
1 45 5 69 6 67 3 1856
1 89 59 74 56 76 1 1857
1 19 51 75 67 73 6 1858
0 130 61 35 51 38 3 1859
0 79 39 37 45 33 5 1860
0 43 98 15 98 22 3 1861
0 51 57 36 56 32 3 1862
1 5 50 20 45 20 1 1863
1 40 54 39 57 39 1 1864
1 75 92 24 92 32 1 1865
1 108 92 30 92 35 1 1866
1 92 58 20 55 21 1 1867
1 75 54 49 51 54 1 1868
0 38 62 24 54 30 3 1869
0 0 6 37 5 53 5 1870
0 54 80 6 83 4 3 1871
1 36 71 31 75 33 1 1872
0 128 32 45 31 43 6 1873
0 114 56 2 62 1 3 1874
1 66 67 40 63 48 1 1875
1 97 80 5 82 4 1 1876
1 89 5 70 5 65 2 1877
0 142 66 93 64 94 3 1878
1 87 53 28 42 48 2 1879
0 72 59 25 61 27 3 1880
0 140 69 69 70 73 3 1881
1 94 54 80 57 80 2 1882
0 38 52 1 43 1 5 1883
0 129 51 30 53 29 3 1884
1 63 53 45 57 43 2 1885
1 57 98 16 98 27 1 1886
1 8 98 14 98 25 3 1887
1 53 86 94 82 94 2 1888
0 141 52 57 49 57 3 1889
0 125 33 52 32 54 3 1890
1 28 63 43 69 40 2 1891
1 132 33 46 32 54 1 1892
1 95 5 37 6 21 2 1893
1 136 67 36 68 39 6 1894
1 42 67 46 67 43 1 1895
0 53 59 28 61 24 3 1896
1 24 59 49 47 50 1 1897
0 4 64 52 57 63 3 1898
1 26 56 46 50 54 2 1899
1 123 48 43 40 81 2 1900
1 36 28 62 26 64 1 1901
0 102 57 38 61 50 3 1902
0 101 67 34 62 57 3 1903
0 132 58 42 55 41 3 1904
0 92 64 50 69 47 5 1905
0 13 49 39 55 27 3 1906
0 56 49 21 45 21 3 1907
0 129 42 33 41 38 3 1908
1 95 59 44 61 43 3 1909
0 97 58 34 57 30 3 1910
0 104 56 48 57 40 3 1911
0 89 65 74 70 72 6 1912
0 135 90 37 90 41 3 1913
1 57 52 24 50 19 1 1914
0 135 45 54 47 52 3 1915
0 85 59 26 55 37 3 1916
0 59 55 20 63 18 3 1917
0 0 33 44 32 37 3 1918
0 59 58 39 32 15 3 1919
1 50 49 30 51 29 6 1920
1 143 54 67 51 65 6 1921
1 106 6 59 5 65 1 1922
0 111 60 24 54 32 3 1923
0 118 40 11 43 11 3 1924
0 18 88 4 86 3 3 1925
1 27 53 19 51 22 1 1926
0 76 66 36 67 38 3 1927
0 56 57 39 54 39 3 1928
1 143 36 15 34 14 1 1929
1 58 61 38 63 31 3 1930
0 41 54 51 51 44 3 1931
1 130 63 39 64 42 3 1932
0 28 66 43 64 45 3 1933
1 6 68 36 69 41 1 1934
1 100 63 37 60 35 2 1935
0 64 50 19 47 20 4 1936
1 123 29 55 30 52 1 1937
0 53 58 38 43 43 3 1938
0 140 35 16 5 44 3 1939
1 52 68 36 69 38 5 1940
0 129 48 2 27 2 3 1941
1 88 49 19 35 25 1 1942
0 129 64 33 59 26 3 1943
0 71 55 41 53 40 3 1944
1 118 60 17 53 14 1 1945
0 77 45 25 43 28 3 1946
0 127 58 37 55 39 3 1947
0 9 40 11 43 11 3 1948
0 135 6 66 6 63 3 1949
0 17 62 29 62 33 3 1950
0 92 56 41 58 34 3 1951
0 103 47 80 58 75 3 1952
1 42 35 47 19 49 2 1953
0 116 65 76 68 72 3 1954
0 30 60 35 33 43 3 1955
0 135 53 58 54 54 3 1956
0 102 50 59 50 62 3 1957
1 123 67 43 50 46 4 1958
1 76 52 69 53 67 1 1959
1 123 41 4 45 4 1 1960
0 34 73 34 72 36 3 1961
1 11 38 48 43 58 5 1962
1 139 6 28 6 33 5 1963
0 101 61 38 60 40 3 1964
0 140 53 40 51 48 3 1965
1 128 50 15 48 23 1 1966
1 67 52 80 56 80 6 1967
0 12 58 29 62 27 3 1968
0 120 58 48 60 45 3 1969
1 118 7 37 6 29 1 1970
0 96 39 12 42 12 3 1971
1 60 42 30 45 30 1 1972
1 73 63 33 54 18 1 1973
1 93 61 39 48 50 1 1974
0 142 60 48 57 58 3 1975
0 116 28 2 32 2 5 1976
1 16 67 39 70 41 1 1977
0 47 52 57 51 48 3 1978
1 136 87 3 81 2 3 1979
1 70 47 54 37 95 1 1980
1 126 88 93 86 94 1 1981
1 0 55 2 62 2 1 1982
1 106 67 74 51 75 2 1983
0 29 61 31 59 35 3 1984
0 42 46 44 62 18 3 1985
0 8 98 20 98 17 3 1986
0 66 6 51 5 58 3 1987
0 69 64 45 59 42 3 1988
0 115 55 42 49 50 3 1989
0 38 57 26 54 32 3 1990
1 39 55 43 62 34 1 1991
1 48 49 79 54 75 1 1992
0 3 53 55 49 66 3 1993
1 97 57 35 49 55 1 1994
0 20 54 42 55 40 4 1995
0 46 5 39 6 28 3 1996
1 17 47 59 50 53 1 1997
0 8 47 52 45 54 3 1998
0 101 56 36 54 34 3 1999
