1 103 61 46 64 46 1 0
1 132 59 37 60 34 1 1
0 44 55 75 32 78 3 2
0 60 53 59 53 69 3 3
1 50 28 51 32 45 1 4
0 0 31 45 27 50 6 5
1 60 61 17 43 19 4 6
0 13 68 41 66 44 5 7
1 12 63 51 65 47 3 8
0 39 69 35 68 44 3 9
1 91 54 42 56 39 1 10
1 109 60 45 64 37 5 11
0 48 36 13 42 11 6 12
0 96 51 61 50 51 3 13
0 57 49 49 43 19 3 14
0 143 56 54 51 64 3 15
0 19 72 22 75 22 3 16
1 108 27 61 14 62 5 17
0 92 70 37 66 41 3 18
1 14 98 20 98 15 1 19
1 116 6 39 6 27 1 20
0 46 53 17 50 18 3 21
0 83 92 21 92 25 3 22
1 111 55 80 51 80 1 23
1 72 47 46 46 42 3 24
1 79 70 35 70 41 1 25
1 80 50 44 54 41 1 26
0 78 85 13 86 18 3 27
1 62 69 71 65 77 2 28
0 9 68 36 73 30 3 29
0 119 38 39 35 39 3 30
0 101 45 33 54 39 3 31
1 102 53 55 54 59 2 32
0 45 57 74 58 70 3 33
1 83 6 39 5 44 1 34
1 106 40 12 43 12 3 35
0 53 50 48 53 47 3 36
0 51 62 25 63 21 5 37
1 10 69 41 67 36 1 38
0 61 38 4 35 4 3 39
1 34 19 58 31 46 1 40
1 128 31 46 26 51 5 41
1 102 5 44 6 32 4 42
1 6 61 37 62 39 1 43
1 42 61 37 55 39 1 44
1 109 49 3 45 3 1 45
0 39 92 25 91 35 3 46
0 13 69 39 65 51 3 47
0 46 5 39 5 43 3 48
0 44 65 76 63 78 3 49
0 34 73 34 74 37 3 50
0 41 45 45 49 49 3 51
1 91 57 42 48 48 5 52
1 13 33 41 42 41 2 53
1 91 60 35 53 44 3 54
1 81 5 58 6 45 1 55
1 66 73 35 67 50 1 56
1 48 56 36 57 40 5 57
1 142 68 40 48 44 1 58
1 109 65 43 48 44 2 59
1 30 28 2 45 3 1 60
0 10 54 1 51 1 3 61
1 139 67 35 62 46 1 62
1 46 6 29 5 25 1 63
0 42 69 28 55 38 3 64
1 117 6 41 6 53 1 65
1 27 58 41 59 37 1 66
1 57 6 54 6 63 1 67
1 112 38 52 47 50 1 68
1 68 48 4 30 4 1 69
0 109 57 76 55 77 5 70
0 26 62 38 61 40 4 71
1 48 37 13 39 14 5 72
0 136 6 38 6 44 3 73
0 44 59 40 55 41 3 74
1 133 56 48 56 39 4 75
1 61 58 60 55 67 1 76
1 45 49 67 48 69 2 77
1 130 6 38 5 36 1 78
1 119 6 33 5 39 1 79
1 24 30 52 31 50 2 80
0 28 19 58 31 46 3 81
0 27 89 57 89 64 3 82
0 102 59 44 55 50 3 83
0 97 55 77 57 76 3 84
1 107 58 47 54 44 1 85
0 14 56 18 58 17 6 86
0 61 6 42 6 52 3 87
1 95 58 40 49 54 2 88
0 97 55 26 51 31 3 89
0 33 41 35 43 36 3 90
1 48 67 39 65 49 1 91
0 7 30 54 30 58 3 92
0 45 5 71 5 64 3 93
0 58 48 39 57 38 3 94
1 117 57 41 49 53 1 95
0 112 39 10 36 11 3 96
0 13 72 33 71 37 5 97
0 60 43 12 35 13 3 98
0 135 87 3 85 4 3 99
0 91 43 60 44 58 3 100
1 78 58 20 55 19 1 101
1 110 30 50 31 52 1 102
1 69 79 7 80 5 1 103
0 84 56 63 52 32 3 104
0 117 64 31 63 34 3 105
1 20 30 53 28 45 1 106
0 122 56 45 55 43 3 107
1 132 43 54 43 58 1 108
1 71 70 6 80 5 1 109
1 79 66 41 70 35 3 110
1 112 50 30 46 30 6 111
0 43 57 43 55 42 3 112
1 4 51 25 46 30 1 113
1 108 89 92 87 93 1 114
0 136 86 4 83 4 3 115
1 113 54 29 59 28 1 116
0 112 5 65 5 60 3 117
0 63 6 25 5 39 3 118
0 139 91 32 92 24 6 119
0 86 57 2 60 2 3 120
1 81 53 29 57 22 1 121
0 20 49 52 45 51 3 122
1 57 98 20 98 17 1 123
0 2 56 51 61 41 3 124
1 101 63 45 67 36 2 125
0 143 57 31 53 32 3 126
0 24 55 80 51 80 3 127
1 130 45 20 50 19 1 128
0 6 59 35 62 31 3 129
1 41 41 45 40 48 1 130
0 31 6 63 5 68 3 131
1 74 4 87 4 84 1 132
0 12 66 39 54 36 3 133
1 86 50 36 53 31 1 134
0 117 64 32 59 33 4 135
1 52 56 41 57 49 1 136
0 118 48 79 45 81 3 137
0 93 46 41 47 50 3 138
0 110 71 30 62 31 3 139
1 66 50 32 47 31 1 140
1 99 70 74 62 68 2 141
0 46 65 92 67 93 3 142
1 130 47 36 57 31 1 143
0 88 70 36 48 44 3 144
1 76 6 55 7 40 2 145
1 83 61 22 57 19 1 146
1 115 92 23 88 32 4 147
1 115 49 17 53 18 1 148
0 116 60 51 60 46 3 149
1 21 28 22 39 48 2 150
0 7 46 4 49 2 3 151
0 30 35 54 37 48 3 152
1 102 45 45 54 50 1 153
0 29 68 48 69 44 3 154
0 131 52 45 55 41 3 155
0 104 52 75 46 57 4 156
1 103 41 4 39 5 1 157
0 46 52 63 58 57 3 158
0 126 45 34 42 30 3 159
0 92 51 19 57 18 3 160
1 102 46 58 51 60 2 161
0 24 44 51 42 56 3 162
0 108 66 73 70 73 3 163
1 3 62 34 63 36 1 164
0 93 44 36 46 26 3 165
1 42 32 42 33 48 4 166
0 24 33 75 34 77 5 167
0 97 54 51 48 67 3 168
0 62 56 54 57 52 3 169
0 138 50 61 56 55 3 170
0 72 56 40 33 43 3 171
0 46 6 31 5 37 4 172
0 109 43 3 47 3 3 173
0 0 42 11 37 11 3 174
1 15 81 5 79 7 1 175
1 21 48 20 41 20 2 176
1 86 62 69 57 72 5 177
1 62 54 2 61 1 1 178
1 68 6 57 6 60 1 179
1 36 70 35 71 37 2 180
1 74 98 22 98 16 3 181
0 102 51 54 51 51 3 182
0 43 90 37 90 41 3 183
1 81 47 51 56 38 1 184
0 26 47 57 51 50 3 185
1 99 42 58 43 54 1 186
1 28 70 36 67 33 1 187
0 24 45 29 42 35 6 188
0 43 47 36 54 49 5 189
1 56 50 45 51 42 1 190
0 7 31 38 30 51 5 191
1 111 55 41 45 62 2 192
1 23 60 30 53 40 1 193
0 32 31 45 29 49 3 194
0 138 56 40 51 47 3 195
0 52 53 35 64 44 3 196
1 82 66 94 64 93 1 197
1 136 61 40 66 8 1 198
0 68 61 35 55 40 3 199
0 19 45 18 49 18 3 200
1 117 60 44 59 42 2 201
1 120 53 17 49 25 1 202
1 88 52 18 47 22 3 203
0 53 49 52 51 45 3 204
1 51 30 60 29 56 1 205
1 36 50 61 50 65 1 206
0 56 51 45 50 49 3 207
1 116 54 55 53 71 2 208
1 114 61 39 62 41 2 209
1 121 88 3 84 4 6 210
0 102 79 6 81 5 3 211
1 8 55 38 55 30 5 212
1 38 54 18 54 33 1 213
1 143 53 43 58 37 1 214
1 118 91 35 91 38 2 215
1 113 53 40 52 43 1 216
1 21 43 2 45 3 1 217
0 54 98 17 98 20 4 218
1 2 65 75 68 72 1 219
1 141 56 61 40 49 1 220
1 61 60 41 55 43 2 221
0 14 51 60 56 47 3 222
1 33 52 19 50 18 5 223
0 14 53 45 59 29 3 224
0 79 63 30 59 38 3 225
1 96 6 50 5 71 1 226
1 49 6 34 5 58 1 227
1 28 41 69 42 65 5 228
1 9 51 41 57 40 2 229
0 72 40 46 46 49 3 230
1 108 5 68 6 65 2 231
0 71 6 48 5 71 3 232
1 42 55 75 58 76 1 233
1 10 56 57 62 40 3 234
0 99 6 48 6 24 3 235
1 83 6 27 6 33 5 236
0 64 32 39 41 31 3 237
0 79 43 29 44 35 3 238
1 17 56 38 54 36 1 239
1 25 39 54 44 54 5 240
0 23 58 30 57 34 3 241
1 30 70 38 60 34 1 242
0 4 53 39 55 45 6 243
0 133 53 55 46 45 3 244
1 71 51 29 51 25 2 245
0 80 59 36 62 33 3 246
1 116 63 20 61 25 1 247
0 131 69 72 40 58 3 248
0 4 55 23 54 27 3 249
1 111 53 55 54 53 2 250
1 105 49 2 52 1 1 251
0 0 64 44 63 49 3 252
0 1 64 35 55 40 3 253
0 15 59 1 56 1 3 254
0 14 98 23 98 19 3 255
1 48 91 31 92 34 5 256
0 14 52 49 37 51 3 257
0 39 65 27 62 35 3 258
1 100 6 36 6 43 1 259
0 22 33 49 31 48 5 260
1 43 58 46 60 41 2 261
1 23 49 56 47 70 1 262
0 17 6 53 7 37 5 263
1 112 88 3 81 2 1 264
0 117 44 65 50 53 3 265
1 1 29 37 31 42 2 266
1 52 58 34 56 31 1 267
1 43 55 53 54 55 1 268
0 119 59 37 57 38 5 269
1 93 47 47 28 49 1 270
0 79 87 92 86 94 3 271
0 108 61 2 55 2 3 272
1 97 30 55 32 50 1 273
0 82 51 51 53 55 3 274
1 65 48 50 50 47 1 275
0 6 47 59 46 64 3 276
0 141 57 54 51 63 3 277
1 102 70 73 72 71 3 278
1 140 32 55 31 42 4 279
0 28 64 41 66 38 3 280
1 56 60 25 57 29 2 281
1 0 60 14 57 15 1 282
1 16 28 47 26 55 1 283
0 9 6 42 5 46 3 284
0 119 72 40 69 42 3 285
0 30 55 41 54 39 3 286
1 85 54 40 55 38 1 287
1 79 28 60 26 73 3 288
0 72 54 76 56 72 3 289
0 128 48 43 61 32 6 290
1 95 41 4 46 4 1 291
1 143 49 51 53 55 1 292
1 118 29 48 27 51 2 293
0 128 61 47 59 49 3 294
1 65 82 5 78 6 2 295
1 11 46 57 51 49 1 296
1 30 54 40 65 25 1 297
1 77 59 1 54 2 3 298
1 117 57 26 48 37 1 299
1 122 68 39 71 37 2 300
0 13 68 49 70 42 4 301
0 83 6 42 5 35 3 302
1 25 61 30 61 19 1 303
0 91 58 39 31 42 4 304
0 126 56 39 50 53 6 305
1 130 60 29 61 24 1 306
0 2 55 23 52 25 3 307
1 94 46 32 52 25 1 308
1 46 60 55 56 58 1 309
1 43 98 15 98 18 1 310
0 33 62 29 54 37 3 311
0 127 54 42 49 53 3 312
1 106 6 44 6 41 1 313
0 7 6 33 7 23 3 314
1 122 37 14 40 12 3 315
0 97 48 4 43 3 3 316
1 82 50 19 48 21 1 317
1 141 77 6 64 2 1 318
0 89 46 62 46 69 3 319
1 69 56 22 56 31 1 320
1 24 59 37 55 39 2 321
0 73 54 43 57 38 3 322
0 65 33 47 30 52 3 323
0 43 63 48 63 40 3 324
1 63 49 18 51 20 4 325
1 36 49 20 45 21 2 326
1 133 6 51 6 61 1 327
1 130 80 5 78 6 1 328
1 112 59 17 57 18 1 329
1 36 57 14 49 4 2 330
1 53 53 34 24 33 1 331
0 12 62 44 62 40 3 332
1 80 62 36 61 40 2 333
1 89 53 43 60 42 1 334
0 73 54 42 52 44 3 335
0 120 64 38 62 41 5 336
1 74 54 65 52 63 1 337
0 70 53 58 50 44 4 338
1 128 46 30 55 22 1 339
0 76 60 46 56 57 3 340
1 0 74 67 69 74 6 341
1 101 61 32 49 40 1 342
1 141 31 43 31 46 4 343
0 7 28 41 30 46 3 344
0 9 52 42 52 37 5 345
0 25 61 21 60 27 3 346
0 26 61 53 58 49 3 347
1 46 54 36 55 34 1 348
0 40 56 18 44 20 5 349
0 130 52 18 46 20 3 350
0 87 61 45 50 52 3 351
1 133 52 36 47 36 1 352
0 29 52 34 44 35 3 353
1 54 5 61 6 64 3 354
0 6 88 93 86 94 3 355
0 133 25 40 26 38 3 356
1 57 7 50 5 68 2 357
0 109 69 35 65 27 3 358
0 43 5 45 5 40 3 359
1 7 54 41 57 42 1 360
1 132 31 43 30 46 1 361
0 1 98 14 98 19 3 362
0 10 58 43 59 45 3 363
0 120 88 4 86 3 3 364
0 7 46 36 47 41 3 365
0 143 61 46 56 45 3 366
0 48 82 93 84 92 3 367
1 116 57 2 53 1 1 368
0 137 47 3 26 2 3 369
1 79 56 19 60 18 1 370
1 64 62 56 61 60 2 371
0 2 66 39 68 34 3 372
0 139 81 6 70 6 3 373
1 127 60 38 61 30 1 374
1 39 48 45 54 46 5 375
0 125 49 50 52 42 3 376
1 92 78 6 82 4 1 377
0 94 32 47 28 56 6 378
1 23 52 33 54 32 1 379
1 116 54 61 57 51 3 380
0 18 79 5 83 4 3 381
1 125 51 70 51 65 1 382
1 8 98 19 98 22 1 383
0 141 89 37 90 34 3 384
1 85 67 26 67 33 1 385
0 102 55 49 61 41 3 386
0 122 53 80 57 79 3 387
1 116 63 49 80 66 1 388
0 88 56 52 65 17 3 389
0 87 5 68 6 65 3 390
1 10 39 38 37 42 2 391
0 24 56 50 55 45 3 392
1 54 59 32 61 38 2 393
0 102 43 18 53 43 3 394
0 100 51 81 47 81 3 395
0 138 52 50 64 36 3 396
1 2 48 39 46 53 1 397
0 39 54 52 48 59 4 398
0 41 53 57 55 56 3 399
1 103 66 93 67 91 2 400
0 29 47 57 52 55 3 401
0 101 30 53 26 41 3 402
1 142 46 59 48 54 2 403
0 95 65 50 62 49 3 404
0 121 72 71 70 75 3 405
1 2 37 28 43 30 1 406
1 143 35 13 39 13 1 407
0 13 40 4 45 4 3 408
0 70 45 43 48 45 3 409
1 63 58 70 57 74 1 410
1 103 48 32 46 25 1 411
0 38 81 2 87 4 3 412
1 32 71 30 66 40 2 413
1 64 57 38 58 36 1 414
0 92 12 8 24 9 3 415
1 125 50 20 48 21 2 416
1 79 47 39 54 27 2 417
0 101 52 76 56 76 3 418
1 142 49 26 46 24 2 419
0 5 49 79 55 76 3 420
0 13 57 18 62 19 3 421
0 0 40 51 32 46 3 422
0 19 52 19 50 21 3 423
1 32 4 63 6 60 2 424
0 47 71 35 63 31 3 425
0 52 53 48 44 34 3 426
1 97 67 93 65 95 2 427
1 80 30 45 34 40 1 428
0 94 5 64 6 61 3 429
1 25 47 2 53 2 1 430
1 65 28 56 15 44 1 431
0 117 54 43 57 43 3 432
1 99 6 43 7 46 1 433
1 0 42 11 37 11 1 434
1 140 69 69 70 72 1 435
0 45 67 39 52 42 3 436
1 121 37 51 44 35 1 437
1 88 60 31 60 38 1 438
0 116 55 2 52 2 3 439
1 128 45 33 43 30 2 440
0 141 61 22 57 35 3 441
1 86 63 28 59 47 2 442
1 48 53 43 47 59 1 443
0 143 54 41 57 35 3 444
0 110 29 61 28 57 3 445
0 11 55 53 50 55 3 446
0 66 88 92 87 94 3 447
0 77 58 27 56 31 3 448
1 130 56 42 60 39 1 449
1 130 47 2 52 2 1 450
0 121 28 56 30 63 3 451
1 61 36 15 61 45 3 452
0 125 50 49 43 53 3 453
0 5 60 43 57 41 3 454
0 106 70 41 68 48 3 455
1 143 40 4 47 4 1 456
1 82 48 57 53 45 2 457
1 50 98 20 98 2 2 458
1 22 33 44 27 54 1 459
0 112 31 44 17 48 3 460
0 0 22 20 40 69 3 461
0 2 51 20 45 21 3 462
1 104 57 37 55 43 3 463
1 141 48 48 46 54 1 464
1 9 55 48 57 47 1 465
1 97 48 29 43 28 1 466
0 103 53 45 58 34 3 467
0 84 61 50 57 47 3 468
1 44 73 67 67 73 3 469
0 5 33 57 41 72 3 470
1 131 60 55 53 58 1 471
0 73 54 49 51 52 4 472
1 96 33 44 26 41 3 473
1 136 62 19 50 20 2 474
0 43 58 46 54 53 3 475
0 128 52 28 46 30 3 476
0 3 28 2 46 2 3 477
1 137 6 35 5 49 1 478
1 84 30 55 31 51 2 479
0 4 20 15 48 29 5 480
1 14 30 44 30 50 4 481
0 66 47 2 42 3 3 482
1 64 58 36 54 39 6 483
1 125 52 42 44 48 1 484
0 80 54 39 60 36 3 485
1 48 1 21 50 49 1 486
1 0 60 33 42 39 1 487
1 92 70 23 64 53 1 488
1 24 43 32 42 14 6 489
1 66 65 44 67 41 6 490
0 71 53 57 50 60 3 491
0 138 48 2 28 2 3 492
0 116 48 21 52 18 3 493
1 53 63 16 59 18 1 494
1 116 65 92 65 95 6 495
0 16 30 44 28 54 3 496
0 4 53 44 54 34 5 497
0 102 48 20 49 18 3 498
1 40 42 12 39 14 1 499
0 16 54 18 52 19 3 500
1 63 52 41 57 38 1 501
1 11 53 77 54 75 1 502
0 106 36 11 38 10 3 503
0 127 60 37 50 38 3 504
1 125 58 28 59 23 2 505
1 31 91 37 91 34 1 506
1 107 80 3 82 2 1 507
0 71 91 29 91 33 3 508
0 128 31 46 35 40 3 509
1 112 31 40 36 48 4 510
0 74 41 12 44 11 3 511
0 111 6 38 6 30 3 512
0 81 47 49 46 59 4 513
1 55 46 29 40 43 2 514
0 67 53 49 50 48 3 515
1 78 91 37 90 39 2 516
0 136 60 34 54 41 3 517
1 1 59 31 57 29 1 518
1 32 83 5 80 5 1 519
0 14 55 45 45 37 3 520
0 22 40 14 36 14 3 521
1 26 63 35 53 43 1 522
1 7 43 34 40 36 1 523
0 53 54 32 57 31 3 524
1 58 60 34 62 36 1 525
0 51 58 39 56 35 3 526
0 66 44 37 41 32 5 527
0 83 60 1 50 3 3 528
1 57 54 44 55 46 2 529
0 87 88 94 84 94 3 530
1 106 61 40 57 44 1 531
1 131 56 35 59 31 2 532
1 134 72 67 68 73 1 533
0 44 60 42 57 46 3 534
1 11 56 20 62 17 2 535
1 114 50 52 49 57 4 536
1 108 92 29 91 32 3 537
0 108 33 46 31 58 3 538
0 112 50 63 42 64 3 539
0 123 6 65 5 71 3 540
1 91 54 30 53 51 2 541
1 48 39 12 37 13 5 542
1 72 92 34 91 32 2 543
1 63 42 39 46 32 1 544
0 132 51 77 57 78 3 545
0 53 54 41 52 47 3 546
0 5 48 21 46 20 6 547
0 39 50 53 51 51 3 548
0 75 6 30 6 34 3 549
0 15 67 1 61 1 3 550
0 32 54 55 51 59 3 551
1 37 7 46 6 49 2 552
1 23 32 78 11 70 1 553
0 14 65 26 62 39 3 554
1 118 43 3 45 2 1 555
0 93 92 35 90 42 3 556
0 59 58 47 56 43 3 557
1 39 49 18 46 19 2 558
1 116 6 50 5 53 1 559
0 95 64 77 68 75 6 560
0 65 6 65 6 61 3 561
1 23 48 37 54 31 1 562
1 41 54 27 58 28 1 563
1 5 43 58 45 59 1 564
1 18 31 47 28 60 1 565
0 104 87 4 84 6 3 566
0 117 52 45 56 39 3 567
0 60 30 51 33 46 3 568
1 2 35 49 44 51 1 569
1 93 31 14 64 27 1 570
1 126 5 36 6 27 1 571
1 88 47 2 43 2 5 572
1 62 65 42 63 44 1 573
0 3 71 75 69 72 3 574
1 132 45 61 42 57 1 575
0 95 47 50 70 32 3 576
0 114 44 65 52 56 3 577
1 66 71 38 70 36 1 578
1 98 48 21 50 20 4 579
0 73 49 20 51 18 3 580
1 134 59 71 53 75 2 581
1 118 46 56 31 55 6 582
0 37 6 44 6 35 3 583
0 24 40 36 43 34 6 584
1 78 55 80 61 80 1 585
1 108 27 60 28 57 1 586
0 70 38 38 37 42 3 587
1 53 56 37 50 31 1 588
0 108 61 34 62 38 3 589
0 24 54 30 44 29 3 590
0 47 47 3 53 4 3 591
1 38 56 29 62 23 1 592
1 22 33 44 34 42 5 593
1 92 56 48 58 46 1 594
1 16 91 34 90 36 1 595
1 5 70 37 70 33 2 596
1 37 6 43 6 40 5 597
1 11 67 41 60 37 1 598
0 105 61 32 56 40 3 599
1 58 69 37 71 36 1 600
1 67 41 73 40 64 1 601
1 70 46 4 44 3 1 602
0 57 45 4 47 3 3 603
1 8 46 54 46 58 2 604
1 50 53 17 51 19 3 605
0 66 40 58 64 49 3 606
0 93 91 41 90 46 3 607
1 108 90 36 92 29 1 608
1 77 53 41 48 53 1 609
0 80 55 40 53 47 3 610
0 19 49 51 52 47 3 611
0 78 45 80 56 80 5 612
0 14 53 44 54 50 3 613
1 51 54 27 59 34 2 614
1 96 48 67 49 65 1 615
0 143 30 52 31 50 3 616
0 140 57 45 54 44 3 617
1 31 5 56 4 58 1 618
0 43 98 12 98 6 6 619
0 29 51 40 53 42 3 620
0 46 57 38 55 50 3 621
1 60 67 40 63 45 1 622
1 103 69 72 67 74 1 623
0 66 40 2 49 2 5 624
1 109 43 3 45 2 2 625
0 43 6 62 6 66 3 626
0 33 46 32 52 41 4 627
0 30 60 34 60 31 3 628
0 130 56 61 55 57 5 629
0 105 52 19 62 18 3 630
0 111 6 35 6 31 5 631
1 137 52 2 47 2 1 632
1 13 52 64 45 53 2 633
0 77 62 23 57 17 3 634
0 48 56 36 58 33 3 635
0 121 67 73 70 73 6 636
0 25 68 72 70 73 3 637
1 50 34 14 37 14 1 638
1 0 50 60 52 50 1 639
1 143 47 18 52 18 2 640
1 64 37 13 39 14 1 641
1 118 43 12 45 10 1 642
1 72 66 93 64 95 5 643
1 96 48 52 50 36 1 644
1 50 52 26 45 23 5 645
0 80 71 38 68 38 3 646
0 114 69 73 97 64 3 647
1 38 72 68 67 71 1 648
0 40 48 20 29 20 3 649
1 138 49 55 49 58 1 650
1 5 45 20 49 19 3 651
0 81 5 70 6 68 3 652
1 128 61 29 70 26 2 653
1 129 27 71 29 63 2 654
1 120 46 3 48 4 1 655
0 8 56 58 61 49 3 656
1 98 55 31 51 35 1 657
1 112 52 29 50 32 3 658
0 130 47 72 61 50 3 659
1 78 6 57 7 42 2 660
1 51 31 51 31 46 1 661
0 48 47 3 49 2 3 662
1 48 34 15 39 14 1 663
0 102 45 34 41 32 3 664
1 73 62 29 61 35 1 665
0 21 88 93 84 92 5 666
1 87 56 32 50 33 2 667
0 37 80 7 81 5 3 668
0 88 54 69 49 84 3 669
1 118 92 26 91 33 1 670
1 116 57 47 54 43 1 671
0 10 59 52 60 50 3 672
1 103 6 36 5 58 1 673
1 108 47 3 49 2 1 674
0 33 91 36 92 32 3 675
1 27 53 19 39 18 1 676
1 19 7 46 6 54 2 677
0 126 6 42 5 72 5 678
1 18 59 44 57 53 5 679
1 17 59 75 61 61 1 680
1 46 39 4 30 5 1 681
0 120 55 52 66 37 3 682
1 102 30 42 30 45 1 683
0 82 48 54 52 45 4 684
1 46 55 74 47 69 1 685
1 48 92 30 92 24 2 686
1 28 67 93 65 94 1 687
1 55 47 2 50 2 1 688
0 12 47 80 41 80 3 689
1 38 53 43 52 61 2 690
1 54 62 31 55 40 2 691
0 7 57 51 60 54 3 692
0 86 6 41 6 55 6 693
1 95 50 21 56 20 1 694
1 115 35 4 33 3 1 695
0 114 6 52 6 55 4 696
1 57 43 4 40 4 6 697
0 54 71 6 74 6 3 698
1 69 70 33 72 37 1 699
1 50 31 43 31 46 1 700
0 11 53 26 63 30 3 701
1 42 36 13 34 14 2 702
1 18 68 39 49 75 1 703
0 143 42 12 37 13 3 704
1 19 6 41 6 45 1 705
1 86 58 41 61 43 1 706
0 17 48 46 46 45 3 707
1 13 98 25 98 34 1 708
0 105 65 44 62 48 3 709
0 25 45 54 32 57 6 710
0 44 54 41 55 43 3 711
0 108 32 50 30 59 3 712
1 48 63 44 62 46 2 713
0 128 54 47 52 50 3 714
1 86 59 31 56 27 1 715
0 3 52 32 61 35 3 716
0 37 51 26 53 24 3 717
0 5 46 20 52 19 6 718
1 22 67 44 64 42 1 719
1 121 58 48 62 46 1 720
0 99 49 55 66 60 4 721
1 59 61 26 62 20 4 722
1 14 52 50 49 52 1 723
1 112 54 37 54 40 3 724
0 143 48 49 50 62 5 725
0 71 91 38 89 55 3 726
0 137 29 63 28 59 3 727
1 107 48 4 45 4 3 728
0 121 27 25 51 34 3 729
0 75 60 41 56 39 6 730
1 14 48 30 51 31 1 731
1 97 79 6 62 2 5 732
1 44 67 38 64 42 1 733
0 68 67 37 71 31 3 734
0 29 68 37 70 9 4 735
0 55 43 54 38 55 3 736
1 99 58 37 62 34 1 737
1 3 91 34 90 41 1 738
0 33 38 46 48 23 3 739
1 31 63 32 61 35 1 740
1 16 40 11 37 13 1 741
0 96 88 93 86 91 3 742
0 135 39 38 33 38 3 743
0 100 86 94 88 93 3 744
1 9 51 46 56 39 5 745
0 41 66 73 49 83 3 746
1 74 56 51 53 60 5 747
1 51 59 31 59 28 2 748
1 20 69 37 72 38 1 749
1 39 56 29 49 39 1 750
1 64 35 42 41 46 1 751
1 116 61 2 75 4 5 752
0 103 46 4 41 4 3 753
1 41 53 30 56 31 2 754
0 80 27 50 29 47 6 755
0 137 65 1 63 2 3 756
0 26 48 55 56 47 3 757
1 41 40 9 47 7 1 758
0 44 57 42 63 37 4 759
1 118 71 73 71 68 2 760
0 120 6 51 5 56 3 761
0 12 62 23 58 28 3 762
1 117 53 45 50 48 1 763
0 91 54 52 51 53 3 764
1 68 62 35 55 41 1 765
0 39 64 44 49 46 3 766
0 23 58 25 56 31 3 767
0 111 57 37 49 52 3 768
1 39 55 73 58 75 3 769
0 6 55 80 36 80 3 770
0 89 58 48 56 55 3 771
1 93 46 44 38 31 1 772
0 106 78 5 81 5 3 773
0 17 61 73 59 74 3 774
0 81 53 47 48 62 3 775
0 88 58 37 46 35 3 776
1 3 91 42 92 24 2 777
0 45 42 54 32 56 3 778
0 24 57 80 52 80 6 779
0 55 98 21 98 17 3 780
0 127 69 74 70 72 3 781
0 35 59 31 61 23 3 782
0 86 55 41 53 37 3 783
1 67 57 40 60 35 3 784
1 13 70 35 66 32 6 785
1 103 56 38 53 44 2 786
1 30 60 36 53 46 1 787
0 9 60 45 54 68 3 788
0 21 55 54 54 52 3 789
1 115 51 47 49 50 1 790
0 112 33 52 29 37 3 791
0 17 6 51 7 37 3 792
1 19 51 52 52 46 2 793
1 117 49 34 50 56 1 794
1 36 29 55 27 58 1 795
0 108 29 65 28 58 5 796
0 11 62 22 59 32 3 797
0 74 45 22 40 20 3 798
1 17 7 51 7 18 1 799
1 12 67 35 69 40 6 800
1 48 67 36 68 40 1 801
0 12 70 72 72 69 5 802
1 125 66 36 65 39 1 803
0 61 6 70 6 44 3 804
1 51 52 78 50 79 1 805
0 16 62 58 54 71 3 806
1 117 40 42 42 43 1 807
0 112 37 15 70 38 3 808
0 136 55 26 58 27 3 809
1 120 56 43 54 45 1 810
1 22 55 26 48 29 4 811
1 57 51 46 49 66 1 812
1 119 69 38 65 30 5 813
1 58 55 52 60 43 1 814
1 112 45 44 23 19 1 815
0 66 51 55 56 38 3 816
1 118 58 17 64 17 1 817
0 115 58 75 60 72 3 818
1 45 91 31 92 26 1 819
0 29 38 13 41 13 3 820
0 90 46 46 22 19 3 821
1 5 49 43 54 43 2 822
0 87 45 59 41 71 3 823
1 48 90 25 92 21 6 824
1 51 33 44 28 44 2 825
1 101 56 43 44 40 3 826
0 57 33 50 32 39 3 827
1 22 8 26 17 44 6 828
0 21 42 40 38 38 3 829
0 108 54 38 56 35 3 830
0 30 53 40 51 42 3 831
1 106 58 53 55 56 2 832
1 140 50 53 53 53 1 833
0 32 48 45 46 51 3 834
1 0 65 50 63 51 1 835
1 116 47 2 43 3 2 836
1 122 6 60 5 65 1 837
0 123 62 32 55 41 3 838
0 104 55 29 50 36 4 839
0 113 54 37 58 27 3 840
1 127 72 35 64 44 2 841
1 9 54 43 49 32 6 842
1 48 63 45 65 47 1 843
0 65 29 58 31 52 3 844
1 39 54 39 35 53 2 845
1 124 92 27 91 40 1 846
1 88 65 51 68 45 1 847
1 106 53 40 49 38 2 848
1 1 63 19 61 18 6 849
0 111 56 30 52 28 3 850
1 87 58 28 46 26 1 851
0 1 50 42 55 41 3 852
0 53 53 40 55 41 3 853
0 74 6 29 5 39 3 854
0 74 51 19 48 19 3 855
0 0 6 54 5 66 3 856
1 51 49 3 46 4 2 857
1 129 49 53 53 54 1 858
0 56 6 60 5 69 3 859
1 12 62 50 48 31 5 860
0 69 54 43 53 45 3 861
0 75 67 40 69 42 3 862
1 77 54 37 57 41 1 863
1 18 6 49 6 43 1 864
1 112 86 4 84 3 1 865
0 16 52 26 48 22 3 866
0 39 62 37 50 46 3 867
1 83 58 24 53 34 1 868
1 65 41 38 42 33 2 869
1 0 5 65 4 48 1 870
0 93 39 22 43 20 3 871
0 97 43 78 55 72 3 872
0 107 42 41 43 39 3 873
1 66 40 36 36 41 1 874
1 103 48 78 52 82 1 875
0 33 50 39 49 53 3 876
0 38 31 45 27 60 3 877
1 44 50 56 52 54 1 878
0 48 55 39 42 45 3 879
1 56 57 51 62 45 1 880
1 103 63 70 59 70 1 881
0 117 48 67 45 63 3 882
1 130 6 31 6 34 1 883
0 80 38 12 36 13 3 884
1 88 48 20 53 18 1 885
1 44 47 52 45 46 1 886
0 140 56 38 49 48 3 887
0 139 59 22 55 42 3 888
0 80 31 44 34 40 3 889
0 124 57 29 39 30 4 890
0 38 36 49 32 61 3 891
0 139 90 37 90 45 3 892
1 11 59 49 61 46 3 893
0 138 56 75 53 79 3 894
0 79 63 33 48 58 3 895
1 34 28 37 24 41 1 896
1 85 6 33 5 38 1 897
0 0 98 13 98 16 3 898
1 111 60 32 57 40 2 899
1 97 34 40 33 42 3 900
1 108 30 58 27 60 2 901
1 64 47 54 45 60 1 902
1 14 98 15 98 19 2 903
0 46 66 94 67 92 5 904
0 141 55 43 54 46 3 905
0 38 63 16 46 15 3 906
0 88 55 41 56 39 3 907
0 39 49 49 57 43 3 908
1 75 59 54 47 60 1 909
0 135 52 62 51 67 3 910
1 133 37 34 43 32 2 911
1 7 53 60 55 64 1 912
1 31 6 41 7 46 1 913
1 142 98 22 98 31 3 914
0 51 31 45 29 54 3 915
0 21 57 39 52 35 3 916
1 58 58 38 53 49 1 917
0 83 44 35 42 43 3 918
1 100 55 39 14 23 1 919
0 99 28 54 29 51 3 920
0 118 68 41 70 35 3 921
0 32 51 74 49 69 3 922
1 0 27 56 22 47 1 923
1 81 67 93 65 94 1 924
0 139 90 40 90 43 3 925
1 121 42 21 41 31 1 926
1 132 39 63 33 57 1 927
0 68 37 41 43 35 3 928
1 86 52 19 53 10 1 929
0 8 57 51 57 59 3 930
1 117 59 21 58 44 1 931
1 0 40 46 48 29 1 932
0 70 53 39 57 39 3 933
1 110 58 19 54 21 1 934
0 35 57 80 51 81 3 935
0 20 68 38 62 56 3 936
0 58 61 29 62 23 3 937
1 88 56 48 49 65 2 938
1 14 57 40 69 12 1 939
0 37 91 28 92 31 3 940
0 136 50 40 57 38 3 941
0 24 44 48 45 50 3 942
1 58 61 35 55 52 5 943
1 109 57 58 56 55 1 944
0 21 62 33 55 45 3 945
0 131 43 64 46 56 3 946
1 57 49 79 52 78 1 947
1 64 46 4 18 3 3 948
0 86 49 51 51 43 3 949
0 57 6 41 6 51 3 950
1 137 49 53 52 45 1 951
0 62 66 39 68 40 3 952
1 12 52 75 57 75 1 953
0 131 62 49 60 52 3 954
0 3 91 35 91 40 5 955
0 128 58 33 55 39 3 956
0 69 71 35 69 42 3 957
1 103 55 21 48 16 1 958
1 10 56 28 57 26 1 959
1 95 51 1 47 2 1 960
1 103 45 4 41 4 1 961
0 11 40 36 37 39 3 962
1 78 42 2 49 2 1 963
0 97 6 37 6 28 3 964
1 9 56 37 60 35 2 965
0 5 46 53 47 50 3 966
1 128 52 46 46 27 1 967
1 43 55 50 52 46 1 968
1 39 49 2 46 3 1 969
1 64 59 41 60 33 4 970
0 17 43 2 46 2 3 971
1 72 29 58 31 46 3 972
1 142 55 41 48 44 1 973
0 111 56 80 51 80 5 974
1 122 5 65 6 63 5 975
0 87 41 39 34 32 3 976
1 17 6 41 7 44 1 977
0 18 48 2 52 2 3 978
1 2 6 56 6 53 1 979
0 7 6 58 6 46 6 980
0 107 50 25 46 30 3 981
0 134 69 33 69 45 3 982
0 104 55 49 50 49 3 983
1 142 57 40 55 42 1 984
1 3 43 3 46 2 1 985
1 131 55 18 58 17 1 986
0 32 91 40 91 34 3 987
1 67 47 80 51 80 1 988
1 37 92 27 92 37 1 989
1 9 77 6 79 7 1 990
1 62 6 47 6 53 3 991
1 7 61 30 62 27 2 992
1 99 61 21 63 20 2 993
0 116 51 68 49 66 3 994
1 117 60 32 60 38 1 995
1 14 52 20 62 19 1 996
0 120 41 34 43 35 3 997
1 125 52 53 51 56 1 998
0 133 47 71 48 66 3 999
0 14 53 41 45 63 6 1000
1 70 66 78 68 74 1 1001
1 28 62 36 64 28 1 1002
1 46 48 48 46 59 1 1003
0 38 44 12 40 12 3 1004
1 106 53 54 49 51 1 1005
0 112 56 49 49 51 3 1006
1 137 32 54 33 50 1 1007
0 130 58 49 57 59 4 1008
0 43 87 3 86 1 5 1009
1 60 5 40 6 42 1 1010
1 56 60 37 57 40 1 1011
1 51 52 23 55 26 1 1012
0 102 42 19 39 19 3 1013
1 39 48 49 58 38 1 1014
0 66 86 5 87 3 3 1015
1 119 58 19 61 19 2 1016
1 60 51 19 49 20 1 1017
0 37 6 29 6 34 3 1018
1 35 61 41 53 43 1 1019
0 110 98 14 98 17 3 1020
0 136 60 39 56 36 3 1021
1 43 69 74 71 69 3 1022
1 66 59 30 29 22 1 1023
1 83 65 77 67 73 1 1024
0 18 53 58 57 55 3 1025
0 43 60 46 57 39 5 1026
1 131 33 47 32 52 2 1027
1 136 73 66 67 48 1 1028
1 112 67 36 58 42 1 1029
1 104 32 42 33 50 1 1030
0 8 59 45 61 41 3 1031
0 25 63 21 62 24 3 1032
0 47 55 80 52 80 3 1033
0 133 82 5 80 6 3 1034
0 11 47 43 48 46 3 1035
0 48 58 39 60 34 3 1036
1 137 29 53 32 37 6 1037
1 14 53 46 49 60 1 1038
0 131 59 77 57 76 3 1039
0 73 69 72 72 68 3 1040
1 121 43 22 40 37 1 1041
1 41 6 44 5 68 1 1042
1 111 76 7 80 7 1 1043
0 97 54 29 50 28 3 1044
0 27 82 4 62 2 6 1045
0 135 47 55 50 37 3 1046
1 74 68 26 68 23 2 1047
1 143 5 62 6 64 1 1048
0 96 91 37 90 40 3 1049
0 89 60 75 69 70 3 1050
1 116 5 54 4 49 1 1051
0 116 55 51 59 47 3 1052
1 80 68 35 64 45 5 1053
1 72 47 72 49 29 1 1054
1 74 5 37 6 42 1 1055
1 61 58 37 61 38 5 1056
1 0 68 42 72 37 3 1057
0 58 51 31 49 32 3 1058
1 43 57 80 53 81 1 1059
0 133 58 28 63 21 3 1060
0 35 52 24 53 26 3 1061
1 77 63 46 59 54 2 1062
1 119 68 40 71 39 1 1063
0 22 60 30 58 28 3 1064
1 128 56 36 52 33 3 1065
1 110 52 50 48 65 1 1066
1 48 50 35 48 37 1 1067
0 138 86 94 88 93 3 1068
0 38 91 39 91 42 3 1069
1 34 47 50 46 57 1 1070
0 141 59 48 63 50 3 1071
0 116 6 28 5 16 3 1072
0 60 98 20 98 16 3 1073
0 21 62 30 60 34 3 1074
1 102 6 32 5 38 1 1075
1 54 54 39 49 54 3 1076
0 57 67 73 63 80 3 1077
0 72 56 37 58 38 3 1078
1 57 54 43 58 43 1 1079
1 137 31 49 33 48 1 1080
0 65 31 48 28 59 3 1081
1 106 60 45 64 44 1 1082
1 141 50 81 57 80 2 1083
0 105 48 48 47 51 3 1084
0 13 52 45 42 70 3 1085
0 57 7 44 6 29 3 1086
0 43 92 30 91 36 3 1087
1 98 55 27 48 36 1 1088
0 8 50 37 55 31 3 1089
0 143 59 74 57 75 3 1090
1 48 47 34 47 38 1 1091
0 48 54 40 56 39 3 1092
1 41 45 62 53 52 2 1093
1 13 61 38 54 42 1 1094
0 62 59 1 62 1 3 1095
1 13 64 93 66 90 2 1096
1 122 50 20 54 21 2 1097
0 140 65 68 63 66 3 1098
0 52 43 19 52 35 6 1099
1 40 45 4 37 4 1 1100
1 96 55 64 52 62 1 1101
0 130 60 45 59 43 3 1102
0 21 60 71 57 68 3 1103
1 10 57 18 53 21 3 1104
0 43 48 2 44 2 3 1105
0 60 57 42 58 38 4 1106
1 42 47 31 52 25 2 1107
0 130 62 2 78 4 3 1108
0 113 62 47 55 63 3 1109
1 38 45 28 44 39 1 1110
0 73 64 36 60 33 3 1111
0 5 58 40 56 36 3 1112
1 112 28 33 32 37 3 1113
1 81 60 43 59 39 2 1114
0 119 42 2 47 3 3 1115
1 98 49 35 56 28 2 1116
0 41 47 70 54 45 6 1117
0 49 69 39 37 16 4 1118
1 120 60 41 64 37 1 1119
0 57 53 44 55 43 3 1120
1 32 70 32 67 36 1 1121
0 87 41 42 37 40 3 1122
0 20 68 33 68 40 5 1123
0 108 53 54 48 58 3 1124
0 41 91 34 91 27 3 1125
1 143 26 51 22 51 1 1126
0 141 58 49 61 46 3 1127
0 22 54 38 51 35 3 1128
0 27 78 6 59 6 5 1129
0 2 63 55 69 42 3 1130
1 59 48 2 45 2 1 1131
0 66 39 37 44 32 3 1132
0 130 61 38 64 32 3 1133
0 83 5 41 6 31 3 1134
0 97 55 26 52 27 5 1135
0 126 53 47 54 54 3 1136
1 101 6 19 5 35 2 1137
1 93 6 36 6 33 6 1138
0 33 51 53 52 55 3 1139
1 24 52 45 57 43 1 1140
1 18 49 68 55 44 1 1141
0 94 54 47 51 55 3 1142
0 43 53 59 52 62 3 1143
1 42 67 48 59 67 1 1144
0 140 49 37 49 43 3 1145
1 56 6 32 5 44 1 1146
0 35 47 30 51 27 3 1147
0 25 46 18 49 18 3 1148
1 134 46 51 41 60 1 1149
0 65 60 40 68 28 3 1150
1 74 54 57 45 58 1 1151
0 87 88 4 86 3 3 1152
0 130 50 18 48 19 5 1153
1 73 6 28 6 34 1 1154
1 83 69 6 80 5 1 1155
1 10 54 38 62 39 2 1156
0 22 44 2 12 0 3 1157
0 117 56 41 47 57 3 1158
0 53 53 44 54 46 3 1159
1 108 98 20 99 26 3 1160
1 2 57 80 51 80 6 1161
0 130 52 52 45 48 3 1162
1 20 87 3 84 4 5 1163
1 22 32 55 26 66 1 1164
1 9 33 47 40 43 2 1165
1 92 70 36 61 59 2 1166
0 90 59 56 65 18 3 1167
1 18 98 18 98 22 2 1168
1 73 57 48 62 33 1 1169
1 136 6 51 5 72 6 1170
1 35 44 23 52 25 6 1171
0 79 41 34 43 35 3 1172
1 32 38 14 40 13 6 1173
1 90 87 3 83 4 1 1174
0 75 58 43 46 43 3 1175
0 48 41 12 43 11 3 1176
1 108 60 26 55 32 1 1177
1 74 50 16 48 17 1 1178
0 46 45 20 43 21 3 1179
1 128 34 41 27 49 5 1180
0 29 58 40 54 52 3 1181
0 79 43 32 42 34 3 1182
1 95 53 45 44 48 3 1183
1 86 66 39 64 41 1 1184
1 37 6 55 6 50 1 1185
1 10 63 43 61 38 1 1186
0 88 55 45 56 41 3 1187
0 8 59 42 68 35 3 1188
0 97 82 5 80 6 3 1189
1 0 5 65 4 21 2 1190
0 46 56 73 55 76 3 1191
1 79 70 34 68 40 5 1192
0 50 88 93 86 95 3 1193
1 103 54 20 51 20 1 1194
1 136 7 43 6 52 1 1195
0 93 78 7 81 5 3 1196
0 6 47 30 47 34 3 1197
1 48 43 54 45 44 1 1198
1 107 54 43 47 62 1 1199
1 109 6 42 6 51 3 1200
1 82 66 79 68 78 1 1201
1 13 56 50 50 54 1 1202
1 82 57 40 54 46 5 1203
0 129 98 17 98 23 3 1204
1 106 49 51 48 53 3 1205
1 124 6 33 5 37 3 1206
1 52 47 53 38 34 1 1207
0 48 49 34 55 42 3 1208
0 71 67 50 58 43 3 1209
0 123 50 2 47 2 6 1210
1 103 56 77 60 71 1 1211
0 112 49 29 47 34 3 1212
0 124 91 33 91 37 3 1213
0 43 66 26 64 24 3 1214
0 40 60 19 51 19 3 1215
0 95 67 74 70 72 3 1216
0 100 71 35 70 23 3 1217
1 90 52 43 45 61 1 1218
1 112 58 33 56 31 1 1219
0 61 42 30 43 32 3 1220
0 126 40 44 37 50 3 1221
0 77 49 33 51 30 3 1222
0 135 39 46 40 38 3 1223
1 65 56 42 52 47 1 1224
0 28 52 46 54 41 3 1225
1 83 55 27 54 31 1 1226
1 124 51 80 56 80 1 1227
1 24 38 39 39 20 5 1228
1 36 29 56 30 61 1 1229
1 50 37 51 22 20 6 1230
0 87 47 59 56 40 3 1231
1 86 6 49 6 54 1 1232
0 23 61 73 62 69 3 1233
0 38 43 36 45 32 3 1234
1 39 49 53 49 50 1 1235
1 116 70 35 67 38 1 1236
1 130 59 18 62 18 1 1237
0 141 87 4 82 3 3 1238
0 126 56 1 52 1 4 1239
1 66 46 38 44 39 2 1240
1 42 98 18 98 21 1 1241
0 49 66 41 36 16 3 1242
1 139 61 17 54 19 1 1243
1 131 55 15 42 15 1 1244
0 62 68 36 66 44 3 1245
0 124 58 33 54 26 3 1246
1 81 6 66 5 68 1 1247
1 83 92 29 90 34 1 1248
0 34 43 4 47 4 3 1249
0 100 61 37 61 31 3 1250
0 130 60 51 58 50 3 1251
1 104 67 42 68 31 1 1252
1 81 67 92 65 95 1 1253
0 120 52 29 55 41 3 1254
0 96 69 45 74 30 3 1255
0 44 55 40 54 34 5 1256
1 135 39 39 45 35 1 1257
0 113 50 24 57 24 3 1258
1 46 59 38 30 14 2 1259
0 88 48 21 44 22 3 1260
1 125 52 52 48 53 4 1261
0 95 68 68 70 74 3 1262
1 60 54 80 52 81 1 1263
1 142 35 41 34 44 2 1264
1 118 49 44 44 52 1 1265
0 42 86 94 86 97 3 1266
0 32 29 47 31 49 3 1267
1 120 77 6 80 6 2 1268
0 81 31 42 49 43 3 1269
0 110 52 41 50 45 3 1270
1 120 53 43 49 52 1 1271
1 104 45 62 32 55 1 1272
0 141 55 50 52 56 3 1273
1 128 58 48 62 44 1 1274
1 32 60 31 57 24 5 1275
1 136 5 50 6 58 5 1276
1 21 61 35 62 29 1 1277
0 83 45 4 36 4 3 1278
1 111 30 62 26 77 1 1279
1 19 67 91 65 92 1 1280
1 46 51 80 46 81 2 1281
0 79 60 38 60 41 3 1282
1 50 41 19 32 18 1 1283
1 43 60 45 61 52 5 1284
1 19 60 44 54 38 1 1285
0 139 65 1 51 1 3 1286
1 39 51 51 57 39 1 1287
0 85 68 35 64 32 3 1288
1 79 87 3 84 4 1 1289
1 32 69 39 66 23 1 1290
0 70 66 73 68 71 3 1291
1 126 53 47 54 50 1 1292
0 105 37 2 47 2 3 1293
1 96 37 13 43 12 1 1294
1 32 59 49 60 44 1 1295
0 11 46 64 46 56 3 1296
0 111 52 49 43 50 3 1297
0 54 60 51 53 57 3 1298
1 121 42 39 44 37 1 1299
0 119 70 33 70 39 3 1300
0 117 91 27 91 40 3 1301
1 75 31 46 28 48 1 1302
0 78 91 25 91 28 3 1303
1 105 43 31 42 35 1 1304
1 3 57 39 49 48 1 1305
1 103 59 27 56 31 3 1306
0 24 53 45 40 46 3 1307
1 28 51 53 53 57 2 1308
0 61 56 41 56 38 3 1309
1 1 98 15 98 18 1 1310
1 8 55 26 56 22 1 1311
1 75 60 39 58 47 1 1312
1 107 57 36 53 25 4 1313
1 0 60 1 65 1 1 1314
0 14 60 71 55 75 3 1315
1 134 66 93 68 90 1 1316
1 44 69 76 68 74 1 1317
0 65 56 76 60 71 3 1318
1 97 47 39 53 32 6 1319
0 48 49 46 44 50 3 1320
0 125 49 53 51 54 3 1321
0 113 54 44 48 59 3 1322
1 111 50 52 49 54 1 1323
1 24 55 41 62 31 1 1324
1 126 98 18 98 21 1 1325
1 69 58 37 57 47 3 1326
0 78 49 51 50 53 3 1327
0 89 70 37 59 30 3 1328
1 31 61 1 54 2 2 1329
0 95 47 49 41 42 3 1330
1 103 6 31 6 34 1 1331
1 107 41 35 44 24 5 1332
0 118 54 18 58 19 3 1333
0 14 60 19 62 17 3 1334
0 32 58 54 60 42 3 1335
0 46 68 39 71 34 3 1336
0 64 6 62 5 57 3 1337
0 123 51 2 47 2 3 1338
0 130 6 36 6 26 3 1339
1 128 50 32 51 25 6 1340
0 23 48 37 46 40 3 1341
1 12 6 54 4 46 2 1342
0 111 57 80 52 80 3 1343
0 36 32 50 30 52 3 1344
1 17 92 30 92 33 1 1345
0 139 92 30 91 28 3 1346
1 39 66 43 67 41 2 1347
1 38 60 45 54 66 3 1348
0 45 6 64 5 67 3 1349
0 137 6 38 6 45 4 1350
1 9 50 52 49 54 6 1351
0 83 52 38 45 37 3 1352
0 10 67 35 69 42 3 1353
0 68 48 53 53 40 3 1354
1 90 58 39 43 39 1 1355
1 116 40 12 45 11 1 1356
1 124 45 33 45 38 1 1357
1 12 55 43 55 39 1 1358
0 125 34 32 36 31 3 1359
0 108 59 1 63 1 3 1360
1 44 59 32 65 33 5 1361
0 140 63 38 62 41 3 1362
1 108 31 49 29 54 1 1363
1 65 71 31 72 29 2 1364
1 77 58 34 56 35 5 1365
1 9 59 18 53 20 1 1366
0 72 54 41 55 43 3 1367
0 105 71 43 56 43 3 1368
1 26 54 44 58 38 6 1369
1 80 28 36 27 41 1 1370
1 68 58 18 65 16 1 1371
1 43 53 46 53 42 2 1372
0 116 67 91 65 92 3 1373
1 77 87 94 82 93 1 1374
1 74 54 45 48 62 1 1375
0 41 55 31 60 23 3 1376
1 91 70 38 64 31 5 1377
1 112 42 11 35 11 1 1378
0 66 69 45 66 50 3 1379
0 7 30 55 27 62 5 1380
1 0 52 31 63 31 1 1381
0 3 92 29 91 35 3 1382
1 88 51 18 48 19 5 1383
1 51 27 57 28 67 1 1384
1 5 58 25 53 31 1 1385
1 117 6 35 6 31 1 1386
0 52 38 41 45 36 3 1387
0 10 42 33 45 32 3 1388
0 132 71 36 72 31 3 1389
1 47 52 57 52 52 2 1390
0 8 59 46 65 37 3 1391
0 67 28 64 30 61 3 1392
1 45 56 47 58 54 1 1393
0 36 65 40 55 39 3 1394
0 82 68 77 70 73 3 1395
1 32 50 45 47 48 1 1396
0 12 61 37 61 32 3 1397
0 0 65 45 69 46 3 1398
1 9 63 69 55 77 1 1399
1 40 48 2 52 2 1 1400
0 38 42 30 41 33 3 1401
1 126 48 30 46 31 1 1402
0 46 60 2 38 1 3 1403
1 11 62 31 65 31 3 1404
1 96 41 12 30 13 3 1405
1 6 60 39 54 41 1 1406
0 72 34 44 32 42 3 1407
0 50 91 31 90 35 3 1408
0 91 57 38 61 37 3 1409
0 82 65 76 67 77 3 1410
1 121 68 33 62 32 1 1411
0 8 60 30 49 35 3 1412
1 132 45 62 46 60 1 1413
1 141 52 58 56 39 1 1414
1 100 64 22 60 23 2 1415
0 143 51 54 52 58 3 1416
1 81 53 33 46 44 1 1417
0 93 62 39 59 38 3 1418
0 63 6 38 5 33 3 1419
1 124 53 2 61 1 1 1420
0 32 90 36 92 30 3 1421
1 9 53 49 53 39 5 1422
1 120 56 77 58 75 1 1423
0 24 41 43 40 45 3 1424
1 77 55 31 60 24 4 1425
0 121 69 26 68 22 3 1426
0 53 53 19 57 19 3 1427
1 109 59 48 62 48 2 1428
0 32 40 12 36 13 5 1429
0 56 43 80 53 80 3 1430
1 11 40 54 35 49 1 1431
1 139 27 26 46 68 1 1432
0 46 62 32 59 37 3 1433
0 110 46 48 42 58 3 1434
1 116 6 33 6 36 2 1435
1 123 53 41 58 39 1 1436
0 42 67 78 69 75 3 1437
1 60 49 18 47 21 1 1438
1 109 33 57 41 68 1 1439
0 25 48 47 41 53 3 1440
0 65 60 41 62 39 3 1441
1 76 64 79 67 74 1 1442
0 73 73 38 71 35 3 1443
0 124 61 35 51 34 3 1444
1 67 58 80 50 81 1 1445
1 39 48 43 48 33 1 1446
0 108 52 63 51 35 3 1447
0 66 44 37 47 28 3 1448
1 69 55 47 55 50 1 1449
0 74 77 6 82 4 3 1450
0 77 48 35 50 38 3 1451
1 103 54 25 52 28 1 1452
1 46 54 72 57 74 1 1453
1 67 60 33 55 30 1 1454
1 53 59 1 64 1 4 1455
0 51 53 80 56 78 3 1456
0 14 41 67 46 56 6 1457
1 13 5 74 5 71 2 1458
1 63 70 72 74 66 1 1459
0 88 68 40 63 56 3 1460
1 107 42 32 45 34 1 1461
1 54 57 58 55 51 2 1462
0 20 35 16 66 50 3 1463
1 14 53 45 57 46 1 1464
0 36 31 59 24 68 3 1465
0 51 29 63 24 55 3 1466
1 111 51 19 54 19 1 1467
0 97 53 38 16 21 3 1468
0 46 50 61 52 60 5 1469
0 131 58 18 54 19 4 1470
0 94 61 50 51 71 3 1471
1 30 61 42 55 58 2 1472
0 126 57 29 55 28 3 1473
0 39 73 31 65 42 3 1474
1 34 46 23 53 23 1 1475
1 134 47 47 38 52 1 1476
1 59 47 4 50 2 1 1477
0 26 31 38 31 33 3 1478
1 8 50 19 46 20 1 1479
0 33 91 38 92 34 3 1480
0 77 57 30 54 35 5 1481
1 5 54 69 50 61 1 1482
1 22 33 45 33 50 1 1483
1 132 60 31 49 28 4 1484
1 109 57 40 63 31 2 1485
0 124 65 1 61 2 3 1486
0 98 58 47 60 43 3 1487
1 5 62 36 60 38 1 1488
0 123 87 4 84 4 3 1489
1 126 45 37 38 45 3 1490
0 102 81 6 71 2 3 1491
1 7 5 37 6 40 1 1492
0 76 55 26 51 26 3 1493
1 21 55 27 50 35 2 1494
1 53 48 36 47 42 3 1495
0 120 52 80 55 80 3 1496
1 73 66 41 66 34 3 1497
0 82 66 41 64 44 3 1498
0 96 58 48 61 41 3 1499
0 7 71 38 72 32 3 1500
0 140 64 33 70 34 3 1501
1 120 78 4 82 4 1 1502
1 90 61 50 60 44 1 1503
0 108 53 45 51 54 3 1504
1 15 57 48 55 51 2 1505
0 22 32 43 30 44 3 1506
0 39 60 36 57 30 3 1507
1 74 6 35 6 25 1 1508
1 143 32 42 30 44 5 1509
1 13 69 43 63 46 1 1510
0 85 51 50 53 47 3 1511
0 58 4 39 6 33 3 1512
1 100 74 30 69 37 2 1513
0 74 63 43 55 52 3 1514
1 35 64 35 65 30 2 1515
0 50 48 28 54 29 3 1516
1 7 46 59 52 55 1 1517
0 39 68 40 70 36 3 1518
0 134 50 18 43 18 3 1519
1 7 33 47 20 50 5 1520
0 114 49 53 51 48 3 1521
0 41 51 35 57 27 3 1522
1 90 59 28 59 25 1 1523
0 43 55 42 57 41 4 1524
1 115 61 41 61 37 2 1525
1 81 69 69 70 71 2 1526
1 4 44 17 66 40 1 1527
1 38 43 11 40 11 2 1528
1 69 44 63 50 50 1 1529
1 79 50 33 43 41 1 1530
1 81 5 68 6 66 1 1531
0 10 35 40 32 43 3 1532
1 140 68 75 70 73 1 1533
1 116 74 6 80 5 1 1534
0 72 44 61 52 54 3 1535
1 139 92 30 90 36 3 1536
1 47 6 53 6 50 1 1537
0 0 41 12 43 11 3 1538
1 7 46 20 50 16 1 1539
1 130 31 49 31 52 2 1540
1 62 67 44 65 43 1 1541
0 66 48 23 52 23 3 1542
1 26 55 53 49 51 2 1543
0 64 63 21 57 35 3 1544
1 25 43 50 47 62 1 1545
0 54 66 92 65 94 5 1546
1 13 64 16 62 18 1 1547
1 3 41 12 23 11 4 1548
1 133 53 49 45 61 1 1549
1 143 31 43 30 46 2 1550
1 48 45 50 46 45 1 1551
1 46 55 2 60 1 1 1552
1 78 60 30 58 33 2 1553
1 59 71 32 66 31 1 1554
0 87 61 27 57 28 3 1555
0 31 63 16 59 15 3 1556
0 103 98 19 98 15 3 1557
0 106 72 32 70 33 3 1558
0 112 30 47 27 51 6 1559
0 64 6 60 5 65 3 1560
0 28 67 35 67 39 3 1561
0 94 32 55 31 58 3 1562
1 131 57 46 58 1 1 1563
1 44 55 41 51 44 2 1564
0 26 70 33 71 23 3 1565
0 74 57 76 59 75 3 1566
1 51 74 35 69 23 1 1567
0 20 53 48 45 49 3 1568
0 138 64 1 57 1 3 1569
1 114 70 42 65 53 1 1570
0 116 54 40 50 43 3 1571
1 37 72 70 71 68 1 1572
0 37 47 17 52 14 3 1573
0 5 57 58 57 55 3 1574
1 126 55 47 48 52 1 1575
1 68 58 32 60 29 1 1576
1 91 57 37 54 44 5 1577
0 47 50 30 45 28 3 1578
1 112 51 27 46 31 2 1579
1 116 80 5 78 6 1 1580
1 108 69 36 68 40 2 1581
1 128 52 33 55 29 1 1582
0 18 90 52 89 61 3 1583
0 20 69 35 67 33 3 1584
0 128 67 34 68 39 3 1585
0 26 45 58 50 62 3 1586
1 139 6 29 6 39 1 1587
1 33 98 22 98 12 1 1588
0 58 57 38 55 3 3 1589
0 79 88 93 82 93 3 1590
1 15 89 93 86 94 4 1591
1 40 47 4 49 3 1 1592
1 68 62 26 60 24 1 1593
1 98 51 36 64 40 1 1594
0 51 60 51 56 56 3 1595
1 4 56 76 61 70 1 1596
0 89 55 2 59 2 3 1597
1 92 30 3 36 4 3 1598
1 10 72 31 68 34 1 1599
1 27 54 76 57 74 3 1600
0 9 51 50 44 45 3 1601
0 66 71 34 74 30 3 1602
0 39 54 45 53 43 5 1603
0 120 53 44 60 33 3 1604
1 127 68 36 56 25 2 1605
1 107 42 39 41 36 1 1606
0 68 47 35 61 37 3 1607
0 37 66 30 59 35 3 1608
0 126 52 77 52 80 3 1609
0 29 53 44 56 44 3 1610
1 24 57 37 59 43 1 1611
1 14 72 31 44 32 1 1612
1 143 53 80 50 81 5 1613
1 104 54 49 50 46 2 1614
0 58 61 34 63 33 3 1615
1 116 6 66 1 19 3 1616
0 13 60 42 57 48 3 1617
0 98 49 48 42 44 3 1618
1 58 38 39 42 30 1 1619
1 137 28 60 28 56 1 1620
1 44 30 51 29 54 1 1621
0 110 58 37 38 39 3 1622
0 80 50 29 41 29 3 1623
1 13 55 44 54 51 1 1624
0 118 61 17 58 20 3 1625
1 22 98 18 98 22 1 1626
1 44 51 56 55 49 1 1627
0 9 61 33 58 39 6 1628
0 87 46 54 36 48 5 1629
1 32 54 50 47 68 3 1630
1 116 82 5 70 6 5 1631
0 9 56 47 55 50 6 1632
1 128 58 2 65 1 1 1633
0 130 56 39 52 50 3 1634
1 50 29 48 33 46 2 1635
1 53 53 49 51 56 1 1636
1 126 59 75 61 70 2 1637
0 108 31 47 28 59 3 1638
1 96 34 41 32 43 5 1639
0 115 67 74 70 73 3 1640
1 90 64 46 69 44 1 1641
0 93 5 27 6 22 6 1642
1 103 50 31 46 32 1 1643
0 71 59 17 53 19 3 1644
1 38 38 30 41 41 2 1645
0 73 57 37 59 34 4 1646
0 29 60 43 61 34 3 1647
0 83 77 6 80 5 5 1648
0 91 87 3 85 4 3 1649
0 13 48 1 54 2 3 1650
0 57 6 49 5 27 3 1651
1 91 61 36 58 38 5 1652
0 93 45 1 42 2 3 1653
0 28 39 46 37 45 3 1654
1 2 48 2 52 2 1 1655
1 125 55 42 48 37 1 1656
0 90 56 25 57 28 3 1657
0 35 53 24 50 27 3 1658
1 50 44 29 35 26 1 1659
0 75 37 28 35 29 3 1660
1 130 64 52 58 67 1 1661
0 0 75 31 70 38 3 1662
0 66 51 32 47 31 3 1663
0 57 47 3 44 4 4 1664
0 17 6 39 5 37 3 1665
0 1 57 20 59 18 3 1666
0 51 30 52 30 49 5 1667
0 79 55 21 50 22 3 1668
1 108 59 2 55 1 1 1669
1 121 53 19 55 26 1 1670
1 4 51 18 46 17 1 1671
0 24 52 50 54 41 3 1672
1 46 57 45 55 67 2 1673
1 130 48 2 51 2 2 1674
1 0 27 50 31 43 1 1675
0 128 55 33 51 46 3 1676
0 133 44 66 39 58 3 1677
0 24 54 51 57 45 3 1678
0 32 86 4 87 2 3 1679
0 36 62 19 65 16 3 1680
0 143 48 20 45 20 3 1681
1 103 58 27 60 31 5 1682
0 32 65 74 70 73 3 1683
1 24 49 34 51 25 1 1684
1 52 51 49 46 75 1 1685
1 52 56 48 55 44 2 1686
0 57 68 71 70 72 5 1687
0 76 64 43 62 34 3 1688
1 27 60 19 57 17 1 1689
0 15 59 2 63 1 3 1690
1 74 56 2 62 1 1 1691
0 26 45 70 45 74 3 1692
0 71 59 45 62 47 3 1693
0 138 98 25 98 21 3 1694
0 116 48 2 51 2 3 1695
1 25 60 25 56 30 6 1696
1 10 50 46 64 61 1 1697
0 124 54 36 57 33 3 1698
0 108 6 62 5 64 5 1699
0 79 39 40 39 48 5 1700
0 56 57 40 54 45 3 1701
0 137 49 43 51 41 3 1702
1 112 56 18 58 17 1 1703
1 113 42 13 40 12 1 1704
1 18 6 32 6 26 1 1705
0 122 6 68 5 70 3 1706
1 130 61 49 62 47 1 1707
1 6 66 37 65 41 2 1708
1 50 92 28 90 35 4 1709
0 72 49 45 50 43 3 1710
1 5 56 2 53 2 2 1711
1 87 58 50 59 53 5 1712
1 104 52 47 58 46 1 1713
1 118 51 31 46 31 4 1714
1 4 41 42 26 32 1 1715
0 96 42 75 37 58 3 1716
1 97 44 51 30 38 5 1717
1 83 60 37 52 41 2 1718
1 31 51 35 49 36 1 1719
1 121 47 34 44 35 1 1720
1 34 72 71 68 74 1 1721
0 114 46 43 47 48 3 1722
1 55 5 35 5 39 1 1723
1 17 59 76 60 73 2 1724
0 12 29 65 28 68 3 1725
0 48 6 51 5 55 3 1726
1 70 61 32 62 34 2 1727
1 64 59 41 55 36 1 1728
1 93 44 22 37 32 2 1729
0 35 38 14 41 13 3 1730
0 100 47 41 47 44 3 1731
1 49 88 3 84 6 1 1732
1 93 43 34 38 43 1 1733
1 25 47 45 43 41 1 1734
0 78 27 52 29 53 3 1735
1 108 32 55 32 50 3 1736
1 84 29 47 28 49 2 1737
1 98 53 33 51 36 2 1738
0 6 69 37 58 38 6 1739
0 87 58 48 53 61 3 1740
1 14 55 23 53 24 2 1741
1 108 66 93 64 94 4 1742
1 30 43 37 43 33 1 1743
0 16 6 52 6 46 3 1744
1 83 60 24 59 27 1 1745
0 13 66 42 68 38 3 1746
0 34 48 4 42 4 3 1747
0 115 57 72 53 76 3 1748
1 92 51 77 57 78 1 1749
1 130 6 37 6 29 2 1750
1 67 55 42 54 40 2 1751
1 74 56 63 50 81 3 1752
1 27 57 77 55 79 1 1753
1 28 48 2 51 2 1 1754
0 81 60 45 27 51 3 1755
0 65 56 48 49 47 3 1756
0 80 55 36 56 39 3 1757
0 25 90 45 89 53 3 1758
0 19 53 24 57 22 3 1759
1 91 47 56 49 55 1 1760
1 116 62 35 56 32 1 1761
0 29 54 50 48 51 3 1762
0 128 27 50 29 45 3 1763
1 4 62 52 68 40 4 1764
1 46 65 45 67 42 1 1765
0 107 59 49 61 45 3 1766
1 116 44 16 47 17 5 1767
0 8 47 52 45 50 3 1768
1 86 53 50 26 25 2 1769
1 104 60 41 60 36 1 1770
1 118 55 41 54 52 2 1771
1 52 42 34 30 35 1 1772
0 58 70 43 64 46 3 1773
0 42 35 49 37 48 3 1774
0 33 57 1 59 2 3 1775
1 106 64 80 67 76 3 1776
0 9 55 47 53 44 3 1777
1 127 62 47 68 40 1 1778
1 141 59 48 50 52 1 1779
1 12 62 78 65 79 2 1780
0 70 46 45 42 60 3 1781
0 49 55 30 60 14 3 1782
0 18 54 42 52 44 3 1783
1 137 91 29 90 51 2 1784
0 56 55 80 46 80 3 1785
1 139 61 1 56 1 1 1786
1 52 60 31 51 47 1 1787
1 114 52 52 50 57 1 1788
0 86 48 3 42 4 4 1789
1 93 43 57 45 52 1 1790
0 64 56 65 37 55 3 1791
0 97 47 29 46 31 3 1792
0 51 47 3 42 4 3 1793
0 37 47 41 43 38 3 1794
0 99 57 43 55 50 3 1795
0 65 6 43 6 33 3 1796
1 13 72 21 68 40 1 1797
1 10 56 28 54 33 3 1798
1 64 58 40 60 36 5 1799
1 89 51 20 57 20 1 1800
1 6 56 53 58 47 1 1801
0 60 57 18 61 18 3 1802
1 45 57 80 54 80 2 1803
0 97 54 28 48 34 6 1804
0 32 58 50 57 58 5 1805
0 108 56 18 46 21 3 1806
0 83 61 31 53 25 3 1807
0 96 6 54 7 36 3 1808
1 72 55 37 57 38 1 1809
1 130 50 20 40 24 1 1810
1 111 61 79 45 80 2 1811
0 25 58 25 56 27 3 1812
1 40 5 67 6 65 2 1813
0 79 41 23 35 26 3 1814
1 91 67 32 58 38 1 1815
0 44 50 28 60 31 3 1816
1 93 60 29 61 25 1 1817
0 120 70 43 69 45 3 1818
0 33 92 26 92 36 3 1819
1 4 37 40 43 36 1 1820
1 128 52 41 42 30 3 1821
1 71 88 92 87 94 2 1822
1 76 45 44 48 43 1 1823
1 107 88 92 86 95 1 1824
0 115 71 41 72 39 3 1825
1 29 46 32 49 33 2 1826
0 59 40 10 29 12 3 1827
0 32 58 72 58 75 3 1828
1 74 6 32 6 41 1 1829
1 143 49 20 33 23 3 1830
1 9 69 35 73 37 1 1831
0 11 48 4 39 3 3 1832
0 54 66 92 65 94 3 1833
1 0 54 2 62 1 1 1834
1 107 46 52 47 50 5 1835
0 84 71 34 69 46 3 1836
0 129 98 22 98 33 5 1837
0 122 6 49 6 44 3 1838
1 103 58 75 62 69 1 1839
0 69 46 63 48 61 3 1840
0 80 34 40 32 42 3 1841
0 39 29 53 33 44 3 1842
0 49 30 54 32 37 4 1843
1 81 48 29 52 29 1 1844
0 51 43 30 44 37 3 1845
0 66 5 63 5 67 3 1846
1 130 56 52 52 61 2 1847
1 66 38 45 33 57 1 1848
1 44 56 80 48 80 2 1849
1 25 56 50 48 58 1 1850
1 10 65 94 66 91 1 1851
0 88 52 33 58 29 3 1852
0 131 56 28 61 25 3 1853
1 93 34 42 31 42 1 1854
0 68 13 10 22 22 3 1855
0 14 30 53 34 42 3 1856
1 79 69 45 68 49 1 1857
0 54 59 17 63 17 3 1858
1 109 63 39 62 46 3 1859
0 35 92 33 90 44 3 1860
0 117 55 40 11 38 3 1861
1 98 47 23 49 27 4 1862
1 139 66 43 69 40 1 1863
1 82 57 40 54 50 1 1864
0 39 61 22 58 32 3 1865
0 19 48 42 39 65 3 1866
1 66 51 26 39 21 1 1867
1 102 57 55 52 71 1 1868
0 33 92 28 91 31 3 1869
1 122 88 3 86 4 1 1870
0 80 42 12 38 13 3 1871
0 121 40 44 46 34 5 1872
1 20 38 41 39 38 2 1873
0 38 52 36 52 33 3 1874
0 109 89 92 86 94 3 1875
0 25 62 36 61 38 4 1876
1 102 51 20 43 24 3 1877
0 103 54 79 41 78 3 1878
0 123 46 2 49 2 3 1879
1 41 62 51 62 46 1 1880
1 94 55 44 53 49 1 1881
1 83 27 42 28 37 1 1882
1 81 55 23 52 27 1 1883
0 92 67 24 71 26 3 1884
0 93 92 27 89 36 3 1885
1 125 49 29 44 33 2 1886
0 71 47 31 50 24 3 1887
0 112 31 46 25 39 3 1888
1 74 46 56 46 59 1 1889
1 111 45 68 47 58 1 1890
0 61 53 44 55 43 3 1891
1 0 37 47 37 51 2 1892
0 18 50 64 54 55 3 1893
1 72 47 57 45 62 1 1894
0 127 43 57 44 51 3 1895
1 88 57 36 60 36 2 1896
0 119 88 92 84 93 3 1897
1 13 98 22 98 15 1 1898
1 66 52 47 46 43 1 1899
1 2 61 38 55 30 2 1900
1 117 53 30 54 17 1 1901
0 80 32 44 27 49 3 1902
0 3 69 35 69 40 3 1903
1 48 61 41 65 42 1 1904
1 95 36 14 39 12 1 1905
0 45 46 3 42 4 3 1906
0 54 6 64 6 60 3 1907
0 88 56 55 56 58 3 1908
1 20 63 46 67 44 1 1909
0 141 56 39 61 38 3 1910
0 120 50 36 52 42 3 1911
0 30 31 51 33 42 3 1912
1 134 54 75 59 72 3 1913
0 128 56 18 57 28 3 1914
1 68 55 30 58 28 5 1915
0 62 57 2 54 2 3 1916
1 32 6 50 7 47 3 1917
0 79 29 53 32 49 3 1918
0 27 27 49 31 50 3 1919
1 98 28 48 32 42 3 1920
0 92 82 4 62 2 3 1921
1 130 52 61 50 63 5 1922
0 94 5 73 2 63 5 1923
1 17 6 49 4 82 1 1924
1 31 63 80 72 67 2 1925
1 40 50 45 58 39 1 1926
1 23 60 24 49 37 3 1927
1 41 54 15 44 19 1 1928
1 52 56 42 59 39 5 1929
1 45 24 41 31 65 1 1930
1 27 67 34 63 47 1 1931
1 24 55 45 55 38 5 1932
0 32 44 17 69 36 3 1933
0 130 61 41 59 53 3 1934
0 53 52 32 47 18 3 1935
0 9 53 40 50 59 3 1936
0 57 55 80 50 81 4 1937
0 78 54 41 59 33 3 1938
1 137 24 2 37 2 2 1939
1 23 57 38 62 36 3 1940
0 44 53 26 52 31 3 1941
1 78 91 33 90 47 1 1942
1 3 66 34 64 31 2 1943
1 99 55 59 52 49 1 1944
0 133 56 74 43 76 3 1945
0 88 56 62 55 57 3 1946
0 105 56 20 46 17 3 1947
0 84 98 12 98 15 3 1948
0 30 60 45 53 60 3 1949
0 60 63 31 56 28 3 1950
1 77 56 39 54 29 5 1951
1 9 50 51 54 45 2 1952
1 111 36 81 42 81 1 1953
0 92 91 27 91 38 4 1954
1 56 51 58 48 54 1 1955
1 33 51 2 47 2 1 1956
0 128 46 31 41 30 3 1957
1 11 44 4 29 4 1 1958
1 57 6 45 6 42 6 1959
1 134 61 41 53 52 2 1960
0 62 69 36 70 27 3 1961
0 75 65 48 63 46 3 1962
1 111 53 48 49 54 2 1963
0 52 45 30 41 43 5 1964
0 65 59 46 62 46 3 1965
1 87 55 42 43 59 1 1966
0 46 65 94 59 90 3 1967
0 94 31 57 29 56 3 1968
0 6 34 54 31 55 3 1969
0 120 54 44 52 47 3 1970
1 108 33 50 23 52 1 1971
1 107 45 30 43 31 1 1972
1 26 51 28 53 52 3 1973
0 136 7 52 6 50 4 1974
0 120 34 43 51 40 3 1975
1 13 65 45 71 39 1 1976
0 56 57 58 65 53 3 1977
1 63 58 34 56 31 1 1978
0 38 65 76 69 72 3 1979
0 21 53 80 46 80 3 1980
1 71 55 43 62 35 1 1981
0 125 91 33 91 30 3 1982
0 88 61 43 61 34 3 1983
1 99 53 43 34 35 1 1984
1 44 65 28 57 40 1 1985
1 51 92 29 92 35 1 1986
1 108 6 41 7 48 1 1987
0 54 60 51 61 45 3 1988
0 68 53 40 58 34 3 1989
1 16 67 93 65 95 2 1990
0 81 46 2 50 1 3 1991
1 142 39 14 40 11 2 1992
1 137 85 92 80 92 1 1993
0 13 70 39 70 35 3 1994
1 10 69 33 71 29 1 1995
0 88 60 52 65 44 6 1996
1 13 57 42 53 45 1 1997
0 141 64 43 60 44 6 1998
0 81 6 66 5 68 3 1999
