0 3 47 42 47 46 3 0
1 128 33 46 29 46 1 1
1 44 54 42 52 45 5 2
1 27 7 52 6 55 1 3
0 142 98 15 98 20 3 4
1 143 78 6 81 6 2 5
0 47 38 13 34 14 3 6
0 72 55 45 43 46 3 7
0 67 5 69 5 72 3 8
0 121 30 43 32 44 3 9
1 43 53 46 53 49 2 10
1 93 59 37 59 34 1 11
0 44 54 29 54 39 3 12
0 127 62 27 60 23 3 13
0 41 63 34 59 36 3 14
0 140 31 44 33 46 3 15
0 126 51 58 48 57 3 16
1 60 88 3 86 4 1 17
1 27 6 37 5 41 1 18
1 31 57 1 61 1 2 19
0 63 98 15 98 18 3 20
0 17 7 43 6 48 3 21
1 80 55 24 61 15 1 22
0 75 68 35 68 40 3 23
0 14 56 49 58 43 3 24
1 129 31 44 31 50 1 25
0 65 56 42 49 48 3 26
0 15 63 2 55 2 3 27
1 63 46 4 42 4 2 28
0 59 53 44 52 49 3 29
1 126 58 47 59 42 1 30
0 46 55 2 60 1 3 31
0 112 35 40 32 39 3 32
1 57 56 73 54 74 1 33
0 76 67 34 60 37 3 34
0 98 44 26 46 24 3 35
1 88 46 2 50 2 2 36
1 57 98 24 98 14 1 37
0 24 66 92 68 90 3 38
0 126 67 28 70 30 3 39
1 117 57 38 52 44 1 40
0 80 42 4 39 4 3 41
0 74 58 53 53 57 3 42
0 87 49 50 50 48 3 43
1 119 73 34 64 50 1 44
1 2 72 33 68 36 1 45
0 67 3 96 1 95 3 46
1 60 51 19 44 18 1 47
1 97 51 60 57 34 1 48
1 132 65 49 62 30 1 49
0 32 56 51 51 64 3 50
1 124 90 27 91 41 1 51
1 33 6 65 6 62 3 52
0 110 60 34 54 27 3 53
1 24 50 24 54 23 1 54
0 130 51 47 49 56 3 55
0 130 47 56 49 55 3 56
0 40 44 4 35 4 3 57
1 66 52 47 51 45 1 58
1 76 61 50 63 46 5 59
1 84 48 29 50 18 1 60
1 113 52 1 57 1 1 61
1 46 40 45 42 41 1 62
1 0 72 66 64 76 1 63
0 94 77 7 80 6 3 64
1 116 48 2 14 0 4 65
0 137 61 41 58 43 3 66
0 39 49 53 46 59 3 67
0 114 68 77 64 75 3 68
0 83 43 63 49 60 3 69
1 128 58 33 57 40 2 70
0 35 67 40 70 34 3 71
1 43 33 50 34 42 1 72
0 8 61 40 58 44 3 73
0 143 32 50 26 51 3 74
0 18 61 38 46 26 4 75
0 115 61 18 51 19 3 76
0 17 42 3 39 3 3 77
1 74 52 32 50 30 2 78
0 46 47 84 42 86 6 79
0 124 71 1 61 1 3 80
0 66 42 39 40 36 3 81
0 121 5 44 6 34 6 82
0 65 52 45 56 42 5 83
0 14 51 42 52 40 3 84
0 99 59 28 55 24 3 85
0 21 63 29 64 27 3 86
0 135 39 41 41 42 3 87
1 87 60 45 60 42 1 88
1 105 53 1 57 1 3 89
0 139 53 43 55 38 3 90
0 92 71 34 66 43 3 91
1 83 58 25 55 37 1 92
1 26 62 39 60 37 1 93
1 48 84 4 87 4 1 94
1 137 81 2 87 3 1 95
0 121 65 80 68 76 3 96
1 10 60 33 57 28 1 97
1 107 43 37 41 35 1 98
1 77 59 25 61 29 6 99
1 67 45 53 46 49 1 100
0 108 32 51 31 56 5 101
0 62 61 30 60 35 3 102
1 65 53 40 58 32 1 103
1 141 60 46 61 41 6 104
1 108 30 54 33 44 1 105
1 62 57 2 60 1 1 106
1 122 67 76 69 74 1 107
0 79 19 58 28 65 3 108
0 97 53 26 54 29 3 109
0 119 71 39 71 43 3 110
0 112 30 50 29 47 6 111
1 114 58 2 62 2 1 112
1 94 71 69 68 69 1 113
1 136 6 33 5 41 1 114
0 116 5 42 6 44 3 115
1 72 51 41 49 45 1 116
0 97 55 30 47 66 3 117
0 65 81 5 80 7 3 118
1 69 62 72 59 77 4 119
0 46 53 74 59 53 5 120
0 42 43 21 34 19 3 121
1 108 45 3 47 2 1 122
0 60 80 6 76 9 3 123
0 104 53 2 46 2 3 124
1 116 54 70 54 66 1 125
1 126 58 45 62 40 2 126
0 0 65 42 65 46 3 127
1 96 31 43 30 45 1 128
1 55 87 3 85 4 1 129
1 112 53 46 61 36 1 130
1 132 67 92 65 91 1 131
1 138 47 4 41 4 1 132
1 64 53 58 51 62 1 133
1 45 67 35 68 37 1 134
0 117 59 28 59 31 3 135
1 115 53 48 53 44 4 136
1 116 52 2 47 2 1 137
0 108 66 92 65 94 3 138
1 23 67 39 64 49 4 139
1 46 91 32 91 35 1 140
1 4 6 64 4 63 1 141
1 128 63 20 60 14 1 142
1 141 52 54 53 46 1 143
0 13 68 26 67 23 3 144
1 5 66 93 64 95 1 145
1 54 56 37 61 39 6 146
1 89 55 80 51 80 1 147
1 74 54 64 55 68 2 148
0 102 49 57 48 51 5 149
0 92 55 42 62 31 4 150
0 122 80 5 79 7 3 151
0 38 46 49 47 56 3 152
0 111 55 45 49 61 3 153
0 118 49 19 47 16 3 154
1 137 49 50 63 49 1 155
0 117 59 34 64 34 3 156
1 110 33 48 31 34 1 157
1 89 50 35 54 30 2 158
0 13 91 33 91 13 3 159
1 56 55 42 56 39 3 160
1 6 57 31 57 46 2 161
0 81 64 36 60 36 3 162
0 22 5 58 6 53 3 163
0 74 51 76 59 75 3 164
1 122 54 81 57 80 3 165
1 23 52 58 53 47 1 166
1 87 43 11 40 12 2 167
0 60 46 21 51 19 3 168
1 92 51 61 57 45 1 169
1 57 6 56 6 46 5 170
1 0 31 44 28 48 1 171
0 80 61 29 68 37 3 172
1 97 52 23 44 28 5 173
0 25 47 60 48 58 3 174
1 140 80 5 78 6 1 175
1 34 61 29 59 10 1 176
1 143 57 80 54 80 3 177
0 74 58 45 61 41 5 178
0 30 60 15 68 11 3 179
1 103 53 57 54 55 2 180
1 98 66 36 59 45 1 181
0 99 50 35 54 56 3 182
1 79 56 50 53 46 2 183
1 109 6 44 6 57 1 184
1 81 68 37 62 47 2 185
0 19 51 24 52 21 3 186
0 116 57 51 57 58 3 187
0 98 50 36 56 25 3 188
0 95 61 29 62 24 3 189
0 68 70 35 61 28 3 190
1 8 47 18 42 43 1 191
0 27 6 50 6 41 5 192
0 115 70 41 48 44 3 193
1 95 53 44 48 55 2 194
0 57 40 5 44 3 3 195
1 39 54 45 53 53 2 196
0 14 60 17 64 16 4 197
1 13 80 5 78 6 6 198
0 42 84 4 87 4 4 199
0 55 77 6 80 5 3 200
0 136 7 50 5 70 5 201
0 90 41 13 44 11 3 202
0 25 71 41 73 38 3 203
0 76 16 21 16 24 3 204
0 80 36 13 32 13 3 205
0 97 48 3 43 3 3 206
0 112 52 27 44 23 3 207
0 53 57 39 55 48 3 208
0 22 32 55 30 47 3 209
1 128 31 44 28 49 1 210
0 0 55 78 54 76 6 211
0 70 73 68 68 72 3 212
1 141 53 53 49 55 5 213
0 47 52 52 49 55 3 214
0 115 50 37 45 52 5 215
0 107 45 28 44 24 3 216
0 87 51 50 55 34 4 217
1 104 64 54 67 44 1 218
1 70 49 38 40 63 1 219
1 140 51 34 47 38 1 220
1 80 50 65 37 92 1 221
0 41 81 5 78 6 6 222
0 128 57 43 59 42 3 223
1 131 59 17 57 18 1 224
0 84 30 52 28 50 3 225
0 30 79 7 81 6 3 226
0 112 85 4 86 2 3 227
0 53 53 43 51 48 3 228
1 14 98 19 98 16 3 229
0 0 67 74 70 72 3 230
0 74 42 4 45 4 3 231
1 41 53 42 39 43 3 232
1 82 50 36 47 68 1 233
0 99 65 93 59 92 3 234
1 122 6 33 6 30 2 235
1 78 67 39 70 38 1 236
0 23 6 37 5 45 3 237
0 38 61 24 59 27 3 238
1 102 56 41 57 39 4 239
1 26 72 32 69 33 1 240
0 57 49 81 54 76 3 241
0 89 30 53 26 61 3 242
1 14 65 31 61 32 1 243
1 120 44 4 41 4 1 244
0 130 48 43 53 57 5 245
1 100 43 11 41 9 3 246
1 78 51 49 62 36 3 247
0 130 45 62 46 59 3 248
1 89 51 52 40 60 2 249
1 75 42 67 44 61 2 250
1 21 65 74 68 73 2 251
0 19 92 27 92 33 3 252
0 91 52 46 48 49 4 253
0 18 60 30 62 27 3 254
1 56 53 32 50 32 6 255
0 124 43 18 59 25 3 256
0 120 71 73 69 72 3 257
0 17 87 3 85 4 3 258
1 117 52 30 60 38 1 259
0 58 6 42 5 39 3 260
0 39 47 62 48 52 3 261
0 10 41 35 40 37 3 262
1 80 41 13 44 12 1 263
1 93 92 26 91 32 2 264
1 64 55 47 57 43 1 265
0 41 53 44 54 42 3 266
0 128 0 4 87 4 6 267
0 38 41 36 43 31 5 268
1 60 57 35 57 38 1 269
1 47 58 38 43 39 1 270
1 120 69 38 67 47 1 271
1 25 61 30 59 21 1 272
1 137 55 30 58 24 1 273
1 81 53 45 46 66 1 274
0 16 57 45 51 59 3 275
0 4 61 19 60 17 3 276
0 126 61 44 62 41 3 277
0 66 40 43 41 33 3 278
0 109 69 37 68 43 3 279
1 70 46 22 44 21 1 280
1 93 61 17 58 18 1 281
0 17 7 49 6 55 4 282
1 11 48 2 82 1 2 283
1 60 59 57 52 63 2 284
0 9 53 43 53 46 3 285
1 43 65 37 41 41 3 286
0 86 3 96 1 95 3 287
0 55 4 38 5 44 3 288
1 12 43 19 45 20 2 289
0 26 47 48 49 52 3 290
0 102 46 31 35 40 3 291
1 138 46 28 48 27 2 292
1 79 62 60 72 42 1 293
1 116 54 38 54 32 1 294
0 13 56 2 63 1 3 295
1 90 67 40 62 48 1 296
0 129 71 42 69 45 3 297
0 15 51 31 46 27 3 298
1 93 62 41 54 55 1 299
0 132 49 43 43 57 3 300
1 32 85 5 87 4 6 301
1 117 46 61 49 60 1 302
1 100 98 27 98 18 2 303
1 27 41 37 38 40 2 304
1 33 52 18 47 18 2 305
0 96 62 69 57 77 3 306
0 52 56 48 61 40 5 307
0 104 50 25 54 26 3 308
0 123 67 74 64 76 3 309
0 111 62 1 59 1 3 310
1 69 50 80 53 76 1 311
1 129 98 21 98 27 2 312
0 23 57 35 56 37 3 313
0 98 54 40 56 37 3 314
0 108 69 73 67 75 3 315
1 32 64 27 60 21 5 316
1 1 27 51 30 49 1 317
1 143 61 43 57 49 1 318
0 143 56 63 50 64 3 319
1 70 58 25 58 29 1 320
1 93 63 2 60 2 1 321
1 9 81 4 79 5 1 322
1 28 61 48 62 33 2 323
0 31 64 1 55 1 3 324
1 66 98 15 98 19 2 325
1 89 56 25 48 27 1 326
0 128 3 31 8 41 3 327
0 57 46 20 49 19 3 328
1 72 44 66 43 63 2 329
1 6 59 45 54 51 1 330
0 112 54 80 50 80 3 331
0 73 61 34 57 44 3 332
0 78 52 52 46 55 3 333
1 51 52 33 54 32 1 334
0 19 53 43 48 62 6 335
0 124 91 34 91 37 3 336
1 72 62 35 58 23 1 337
1 48 30 48 22 49 1 338
0 75 68 44 62 29 5 339
0 128 54 49 52 47 3 340
0 72 54 45 57 39 3 341
1 80 41 4 45 4 2 342
1 141 40 61 56 41 2 343
1 5 62 33 59 35 1 344
0 88 30 63 33 52 3 345
1 130 62 40 57 39 2 346
1 48 42 12 39 12 2 347
0 23 51 27 47 30 3 348
1 75 50 35 55 34 2 349
0 27 5 37 5 34 3 350
1 71 60 36 61 32 3 351
0 64 43 12 36 13 3 352
0 98 60 41 62 45 3 353
0 14 48 24 56 18 3 354
1 89 51 75 69 72 1 355
0 141 61 27 60 25 3 356
1 67 52 33 50 37 1 357
0 15 46 18 49 21 3 358
1 21 45 43 45 29 1 359
1 1 57 19 22 16 1 360
1 141 46 47 47 49 1 361
0 38 40 38 45 27 3 362
1 66 6 46 3 55 3 363
1 72 46 70 50 46 5 364
1 78 50 38 43 53 1 365
1 8 52 34 60 27 1 366
0 124 68 42 69 34 3 367
1 56 51 51 49 53 5 368
1 19 47 57 38 63 3 369
1 135 51 41 54 39 1 370
1 33 45 21 48 20 1 371
0 65 63 48 68 40 3 372
0 80 69 67 65 74 3 373
1 15 65 26 51 47 2 374
0 132 59 31 59 27 3 375
1 27 30 56 33 46 2 376
0 108 61 41 65 32 3 377
1 99 54 26 56 23 1 378
1 88 57 46 52 52 1 379
1 53 68 42 67 37 1 380
0 39 51 31 49 30 3 381
0 89 69 71 73 68 6 382
1 60 47 19 46 21 1 383
0 108 55 2 64 1 3 384
0 26 56 80 50 80 3 385
1 37 40 36 42 34 1 386
1 116 28 2 43 0 5 387
0 28 55 24 52 24 3 388
1 80 56 35 56 41 1 389
0 131 45 57 43 66 3 390
0 87 49 78 54 73 3 391
1 64 63 39 54 53 1 392
1 124 91 25 92 31 1 393
1 82 51 63 52 65 1 394
0 68 55 36 49 37 3 395
1 4 44 54 43 57 1 396
0 41 43 46 45 44 3 397
0 101 67 38 58 43 3 398
1 112 55 24 50 18 3 399
1 24 6 32 6 29 2 400
1 100 98 20 98 15 1 401
1 39 72 35 72 31 1 402
0 64 48 48 46 51 3 403
1 38 71 70 51 75 5 404
1 88 42 60 33 57 1 405
1 133 57 38 58 45 1 406
1 98 92 23 86 25 2 407
1 142 45 3 42 2 2 408
0 4 46 36 48 41 3 409
0 10 42 56 45 53 3 410
1 0 61 1 64 1 2 411
0 8 45 52 40 53 3 412
1 31 51 50 55 46 1 413
1 73 7 47 6 56 1 414
1 32 61 49 60 51 4 415
1 57 71 70 68 73 1 416
1 14 31 15 57 5 5 417
1 117 55 47 57 46 1 418
0 9 6 31 6 37 3 419
1 68 53 32 51 33 1 420
0 92 43 12 40 11 3 421
0 143 60 16 63 17 3 422
1 13 64 50 62 57 1 423
1 77 58 1 55 2 1 424
0 116 60 28 52 27 3 425
1 91 61 41 50 42 5 426
0 140 90 38 91 40 3 427
0 53 55 41 53 53 3 428
0 40 42 42 31 42 3 429
1 5 51 18 43 21 1 430
1 29 46 46 48 59 3 431
1 53 55 33 57 37 6 432
1 120 67 42 65 49 1 433
1 88 57 40 59 38 4 434
1 14 60 37 54 33 3 435
0 60 64 3 80 6 6 436
1 63 90 19 92 29 1 437
0 40 30 77 51 72 3 438
0 128 31 45 29 48 3 439
1 130 46 2 12 0 1 440
0 61 47 39 49 27 3 441
0 46 67 39 60 42 3 442
1 135 36 44 42 28 1 443
0 42 53 23 44 34 3 444
0 99 39 37 43 32 3 445
0 111 63 49 60 51 3 446
1 4 57 53 56 48 1 447
1 0 58 29 59 24 1 448
0 29 64 18 67 33 3 449
1 28 59 34 64 35 1 450
1 40 68 34 54 44 5 451
1 14 59 16 47 19 1 452
0 15 45 21 39 20 3 453
0 21 60 45 60 41 3 454
1 95 92 26 91 32 1 455
1 81 48 29 49 27 1 456
0 5 44 4 47 4 3 457
1 32 54 38 56 35 4 458
0 39 54 38 54 46 3 459
0 35 54 25 48 29 3 460
0 36 30 54 28 51 3 461
1 130 43 3 45 2 1 462
1 26 55 57 58 46 2 463
0 70 64 16 58 19 3 464
1 91 44 51 45 44 1 465
1 112 53 39 55 38 2 466
1 135 44 31 46 33 1 467
1 47 60 30 62 34 1 468
1 90 59 32 60 27 1 469
0 105 59 40 56 41 3 470
1 57 61 30 59 34 1 471
1 69 43 4 36 4 1 472
1 12 61 50 56 43 2 473
0 39 31 49 33 46 3 474
1 79 62 39 60 32 1 475
0 40 60 35 57 34 3 476
1 92 65 94 67 93 1 477
0 37 91 33 91 27 3 478
1 38 7 39 6 50 2 479
0 21 64 42 51 48 3 480
1 76 70 72 65 75 1 481
0 78 90 22 90 25 3 482
1 88 49 20 46 21 2 483
0 131 64 17 59 17 3 484
0 120 60 42 57 47 3 485
1 139 57 31 58 29 2 486
1 74 12 0 50 2 1 487
0 119 45 35 54 48 3 488
0 42 42 1 40 3 3 489
1 108 61 30 56 27 2 490
1 81 46 32 54 28 1 491
1 118 61 27 60 24 1 492
1 128 71 40 64 46 1 493
1 101 46 58 47 60 3 494
1 5 51 63 57 59 5 495
0 17 46 54 47 40 3 496
0 125 49 66 46 69 3 497
1 83 58 33 56 36 1 498
0 32 60 38 62 35 3 499
0 95 61 30 57 29 3 500
0 40 47 80 57 79 3 501
0 97 51 2 45 3 3 502
0 9 69 40 67 39 3 503
1 14 52 45 53 54 4 504
0 14 53 19 57 19 5 505
1 88 49 21 46 20 1 506
0 137 31 58 28 61 3 507
0 108 92 25 89 33 3 508
0 24 53 43 53 47 3 509
0 19 38 18 59 14 3 510
1 77 5 69 4 67 1 511
1 133 52 46 50 47 1 512
1 139 98 16 98 24 1 513
0 12 50 20 46 22 3 514
0 41 56 40 52 38 3 515
0 52 49 2 53 2 3 516
1 71 46 52 46 55 1 517
1 91 92 29 92 21 2 518
0 46 65 45 63 43 3 519
1 54 49 38 49 57 2 520
1 136 57 19 64 16 2 521
1 36 27 58 31 52 1 522
0 118 6 35 6 30 3 523
1 83 47 46 31 42 1 524
1 76 69 35 67 34 1 525
1 36 29 61 27 72 1 526
1 46 59 47 59 50 1 527
1 141 61 26 59 24 3 528
0 86 68 33 66 35 3 529
0 57 58 37 64 32 3 530
1 40 68 35 67 38 1 531
1 19 71 74 72 68 1 532
1 67 60 41 61 36 1 533
0 60 30 51 29 53 3 534
0 126 6 44 7 36 3 535
1 46 43 35 45 33 3 536
0 72 65 40 66 35 3 537
1 9 48 54 49 38 1 538
0 96 48 57 23 63 3 539
0 104 54 69 60 47 3 540
1 125 51 80 55 80 1 541
0 85 70 38 65 41 3 542
1 57 54 2 66 1 3 543
1 126 53 50 49 52 5 544
0 81 6 66 5 69 3 545
1 29 56 49 45 39 1 546
1 141 53 39 54 42 3 547
0 92 55 26 55 30 3 548
1 78 92 26 91 31 2 549
0 101 66 42 68 41 3 550
1 76 68 72 70 70 1 551
1 12 60 17 54 18 1 552
0 30 63 46 60 47 3 553
1 135 49 53 52 46 1 554
1 114 43 17 45 16 2 555
0 44 67 37 65 42 3 556
1 5 65 48 63 44 1 557
1 20 64 41 66 23 4 558
1 80 64 42 67 36 1 559
1 21 63 38 65 36 6 560
1 46 50 54 49 22 1 561
0 37 6 66 5 62 3 562
0 16 52 19 49 19 3 563
0 35 55 43 52 29 3 564
0 88 45 20 46 22 3 565
1 122 52 46 55 36 2 566
1 105 42 36 43 38 1 567
0 96 57 73 58 75 3 568
1 110 49 3 42 4 1 569
1 19 50 39 48 35 3 570
0 129 30 14 38 28 3 571
1 8 59 28 59 32 5 572
1 49 47 21 45 20 1 573
1 48 32 46 23 48 5 574
0 31 37 11 36 9 3 575
1 90 87 4 81 2 6 576
0 139 48 18 50 19 3 577
1 54 61 41 63 36 1 578
0 86 63 32 61 35 3 579
1 135 54 80 45 81 1 580
0 96 52 42 52 45 3 581
0 128 29 52 31 50 3 582
0 65 6 33 6 30 3 583
0 15 55 2 61 1 3 584
0 116 6 37 4 38 3 585
0 51 57 28 60 25 6 586
0 19 52 33 50 32 3 587
0 9 55 46 53 37 3 588
1 47 61 32 61 37 2 589
0 121 6 33 5 39 5 590
1 58 55 22 52 29 1 591
0 96 18 45 32 38 6 592
0 72 55 41 59 34 3 593
0 29 63 35 59 36 3 594
0 55 27 50 29 47 3 595
1 10 42 21 40 23 1 596
0 137 45 4 39 4 3 597
1 24 39 3 42 3 1 598
1 53 49 37 54 34 6 599
0 113 60 27 56 34 6 600
1 131 91 35 90 40 3 601
1 39 74 32 72 33 1 602
1 61 57 27 56 16 1 603
0 29 53 24 53 29 3 604
0 128 52 41 49 42 6 605
1 137 70 72 73 67 1 606
1 47 47 4 44 4 1 607
1 48 60 22 61 28 3 608
1 120 63 34 60 38 1 609
0 132 49 3 44 4 3 610
1 51 61 41 69 31 1 611
1 102 68 43 66 39 1 612
1 143 27 37 24 36 1 613
1 71 68 39 69 35 1 614
0 98 61 44 49 36 3 615
0 117 69 45 65 23 5 616
0 77 56 2 66 1 5 617
1 104 52 45 54 39 1 618
1 8 59 26 47 24 1 619
1 97 50 28 51 6 1 620
1 60 33 18 49 19 1 621
0 124 92 26 90 37 3 622
1 12 45 57 45 52 1 623
1 43 53 38 60 34 1 624
0 55 54 41 35 25 3 625
1 58 6 26 6 33 4 626
0 0 62 20 60 24 3 627
1 124 36 15 53 63 1 628
0 108 55 80 52 80 3 629
0 115 49 20 53 17 4 630
1 110 44 53 43 56 6 631
0 3 56 20 54 21 3 632
1 74 3 13 6 30 6 633
1 33 53 18 51 19 6 634
1 10 44 30 42 32 1 635
0 34 41 4 39 5 6 636
0 139 60 2 67 1 3 637
1 72 68 43 66 39 1 638
1 89 49 4 43 3 2 639
0 139 61 1 64 1 3 640
1 31 53 41 52 44 2 641
1 113 89 92 86 94 1 642
0 37 54 39 60 24 3 643
1 116 54 66 52 73 1 644
0 66 6 55 5 57 3 645
0 41 76 7 82 4 3 646
0 130 56 34 55 28 3 647
0 108 91 18 90 27 3 648
0 64 63 47 61 48 3 649
0 102 44 60 52 57 6 650
1 34 50 32 45 30 1 651
0 142 62 47 64 48 3 652
1 39 63 51 68 40 2 653
1 66 62 18 52 20 1 654
0 11 66 74 64 76 3 655
0 18 54 1 60 0 3 656
0 92 56 20 49 21 3 657
1 86 38 56 32 57 1 658
1 64 31 42 56 35 1 659
1 4 79 6 81 5 1 660
1 3 69 43 56 46 2 661
0 19 30 47 26 41 3 662
1 79 68 73 73 67 2 663
0 85 62 33 57 35 3 664
1 49 56 43 62 35 2 665
1 80 48 28 55 22 1 666
1 112 30 45 27 49 1 667
1 28 58 41 52 46 2 668
1 90 57 29 58 26 1 669
0 55 6 38 5 35 3 670
1 39 55 51 55 44 1 671
1 143 53 77 56 75 1 672
0 71 52 57 50 51 3 673
0 117 67 25 70 25 3 674
0 13 5 67 5 70 3 675
0 63 29 57 31 59 3 676
1 27 6 48 6 45 2 677
1 50 51 29 50 38 1 678
1 66 64 94 66 92 1 679
0 4 45 62 47 71 3 680
0 113 61 24 56 19 3 681
1 47 6 48 5 58 1 682
0 29 42 12 37 13 3 683
0 28 55 37 61 60 4 684
0 117 53 58 54 41 3 685
1 109 56 39 54 43 1 686
0 74 57 49 57 45 3 687
0 48 91 27 91 34 3 688
1 27 52 20 57 17 1 689
1 95 69 41 49 45 2 690
1 70 33 50 31 47 1 691
0 93 40 35 35 36 3 692
0 112 44 29 46 32 5 693
1 19 47 20 49 19 1 694
0 58 57 40 59 41 3 695
0 43 68 38 70 34 3 696
1 9 51 60 50 55 2 697
0 89 40 58 54 72 3 698
0 53 47 47 42 72 3 699
1 71 5 67 6 63 1 700
1 57 43 12 39 8 2 701
0 44 54 25 59 34 3 702
1 108 31 47 30 50 2 703
1 102 57 47 55 38 1 704
1 93 42 58 42 55 1 705
0 127 6 30 5 48 3 706
1 45 90 27 91 41 1 707
1 133 53 51 50 63 2 708
0 130 59 55 59 59 3 709
0 20 63 41 51 61 3 710
0 65 46 2 50 2 3 711
0 140 69 71 71 72 3 712
0 22 44 52 46 48 3 713
0 88 64 31 60 34 3 714
1 14 98 22 98 16 1 715
0 45 48 21 45 20 3 716
0 68 69 36 68 31 3 717
1 135 90 37 91 33 3 718
1 138 55 76 57 75 1 719
1 16 47 25 48 23 4 720
1 12 6 48 6 63 1 721
1 117 49 49 53 51 2 722
1 124 37 42 43 40 1 723
0 65 3 12 3 26 3 724
1 130 64 42 50 46 2 725
1 89 58 37 43 37 3 726
1 74 51 64 49 68 1 727
1 66 43 38 41 43 1 728
0 57 47 4 44 4 3 729
1 74 48 21 50 20 1 730
1 116 56 52 51 55 2 731
1 65 91 35 92 31 1 732
1 124 90 39 91 33 1 733
1 133 43 64 51 37 2 734
0 136 57 48 54 56 3 735
1 79 54 19 45 19 2 736
1 24 42 3 37 2 1 737
1 6 43 31 41 30 1 738
1 16 47 41 47 52 2 739
1 132 55 53 60 54 3 740
1 50 52 25 51 30 1 741
1 31 69 72 73 66 5 742
1 14 53 19 61 18 1 743
1 32 80 5 77 6 1 744
1 55 50 35 41 30 1 745
0 143 61 35 61 42 4 746
0 143 42 56 44 53 3 747
1 28 67 92 66 94 2 748
0 111 30 51 29 46 3 749
1 57 6 51 5 57 1 750
1 29 53 49 27 24 1 751
1 51 60 25 57 28 2 752
0 76 6 55 6 59 3 753
0 128 48 38 49 36 3 754
1 97 87 4 83 4 1 755
1 47 5 63 5 68 1 756
1 15 54 46 48 43 2 757
1 69 41 42 38 47 1 758
1 0 48 52 54 47 1 759
0 96 69 42 60 64 3 760
1 55 58 28 63 19 1 761
1 38 61 25 52 31 1 762
0 29 5 69 6 66 3 763
1 32 66 48 69 36 1 764
1 74 86 95 88 94 1 765
0 122 6 67 5 71 3 766
0 109 46 3 43 2 3 767
1 17 5 45 5 35 1 768
1 112 40 10 37 11 1 769
0 51 5 69 6 66 3 770
0 129 53 80 51 81 3 771
1 25 51 30 44 27 1 772
1 15 62 1 65 1 1 773
1 98 57 14 49 17 2 774
1 136 57 39 59 40 2 775
1 43 55 39 58 43 1 776
1 102 6 34 6 31 1 777
0 19 46 20 48 19 3 778
0 74 42 2 46 3 6 779
0 26 56 42 51 46 3 780
0 28 50 18 49 21 3 781
1 48 51 45 49 49 1 782
1 118 81 6 78 6 1 783
0 136 59 27 51 23 3 784
0 110 54 2 66 1 3 785
1 132 59 35 58 39 4 786
1 70 46 57 22 20 5 787
0 55 86 3 82 3 3 788
1 57 29 63 30 61 1 789
1 25 50 31 55 24 1 790
1 35 26 45 14 41 2 791
0 91 57 37 48 36 3 792
1 129 61 35 60 33 1 793
1 126 63 70 60 69 5 794
0 116 59 30 60 17 3 795
0 8 67 41 64 52 3 796
1 70 61 40 59 43 1 797
1 26 58 31 56 38 6 798
1 56 38 49 33 52 1 799
0 55 6 25 5 33 3 800
0 9 54 46 54 54 3 801
0 28 98 19 98 24 5 802
0 46 60 47 61 45 3 803
1 86 58 75 61 69 3 804
1 63 55 38 59 32 2 805
1 92 71 41 69 38 6 806
1 130 55 55 59 54 2 807
0 32 57 40 53 40 3 808
1 48 44 66 47 50 1 809
0 117 71 34 68 36 3 810
1 96 70 34 63 30 1 811
0 121 6 30 6 34 3 812
0 103 50 44 52 41 3 813
0 1 61 17 58 17 4 814
0 47 5 54 5 51 3 815
0 139 52 52 51 35 3 816
1 48 65 79 68 75 1 817
0 64 52 46 54 31 3 818
1 50 59 22 30 14 1 819
1 32 55 66 59 51 1 820
1 96 6 60 6 22 2 821
1 61 49 55 52 58 3 822
0 135 49 16 45 20 3 823
1 88 49 81 52 70 2 824
0 122 56 52 45 60 3 825
1 17 51 75 68 74 1 826
0 24 55 75 12 61 3 827
1 118 58 19 59 17 2 828
0 69 79 7 82 5 3 829
1 52 67 42 65 50 1 830
0 130 6 30 6 19 6 831
0 76 69 75 70 72 5 832
0 140 69 73 72 68 3 833
1 114 37 16 14 14 1 834
1 123 62 68 32 78 1 835
0 126 30 55 30 52 4 836
0 99 66 92 67 90 3 837
0 120 49 21 51 18 3 838
0 26 90 36 89 32 3 839
1 8 53 50 46 57 1 840
0 121 91 33 92 29 3 841
0 18 54 39 62 32 3 842
0 61 45 24 41 30 3 843
0 12 13 1 29 2 3 844
1 24 39 37 44 29 1 845
0 116 61 27 59 24 3 846
0 12 73 33 68 47 3 847
0 7 60 33 56 39 3 848
1 135 43 36 46 30 1 849
1 72 60 38 57 45 1 850
0 17 56 46 55 42 3 851
0 70 70 38 50 46 3 852
0 57 53 44 51 32 3 853
1 9 57 37 58 27 1 854
0 18 57 18 61 18 3 855
0 2 31 53 18 57 3 856
0 27 6 55 6 50 3 857
0 28 47 3 42 3 3 858
0 120 7 46 6 56 3 859
1 79 32 51 31 58 1 860
0 120 53 51 55 46 6 861
0 57 53 29 57 30 3 862
1 48 57 68 55 72 2 863
0 108 61 32 61 35 3 864
1 20 5 54 6 30 2 865
0 18 92 34 88 31 3 866
1 137 58 43 57 41 2 867
0 21 48 46 45 50 3 868
1 37 5 68 5 65 1 869
1 21 56 28 58 26 3 870
0 105 69 39 63 46 6 871
1 46 57 37 58 39 2 872
0 59 53 25 53 29 3 873
0 37 6 58 5 71 6 874
0 80 26 42 28 41 3 875
1 68 71 38 68 36 2 876
0 38 56 29 42 34 3 877
0 41 31 59 27 57 3 878
1 91 56 41 57 36 2 879
1 4 56 40 32 42 2 880
1 26 66 40 63 43 1 881
1 46 6 38 5 36 2 882
1 138 58 76 55 79 1 883
1 0 75 30 63 30 1 884
0 107 52 19 44 17 3 885
0 19 49 33 51 32 3 886
0 17 58 38 56 35 3 887
0 100 58 40 56 46 3 888
0 41 92 27 91 31 3 889
0 63 55 23 51 28 3 890
0 137 6 32 6 38 3 891
0 109 57 37 60 45 3 892
1 39 66 38 54 44 2 893
1 32 62 38 65 45 6 894
1 68 57 28 59 27 1 895
0 107 32 39 30 35 3 896
1 66 45 2 48 2 2 897
0 133 61 23 59 26 3 898
1 38 56 27 50 37 1 899
1 136 47 2 52 2 2 900
1 66 79 7 77 8 1 901
0 108 29 54 33 41 3 902
0 46 64 1 59 2 3 903
0 89 40 13 36 14 3 904
0 37 6 29 5 31 3 905
1 64 48 42 51 42 1 906
0 79 69 6 82 3 3 907
1 64 64 26 55 21 1 908
0 43 51 38 48 34 3 909
1 130 58 47 52 45 5 910
1 135 44 58 47 51 1 911
1 128 46 31 49 28 2 912
0 111 56 40 61 40 3 913
0 18 57 63 55 68 3 914
1 134 66 92 64 94 2 915
0 105 63 17 56 21 3 916
1 33 47 51 44 54 1 917
0 103 47 78 56 78 3 918
0 112 28 48 26 46 5 919
0 56 47 41 41 76 3 920
1 107 67 35 68 39 2 921
0 140 51 52 55 52 3 922
1 88 54 46 59 42 2 923
1 18 52 40 60 38 1 924
1 10 54 39 59 33 2 925
1 100 98 21 98 18 2 926
0 84 66 38 63 53 3 927
0 45 60 41 57 29 3 928
1 135 47 63 45 69 1 929
1 115 98 16 98 21 5 930
0 16 69 75 52 75 3 931
1 21 61 44 56 33 1 932
0 86 81 2 84 4 3 933
1 116 67 93 67 90 4 934
1 121 67 36 54 44 1 935
1 25 53 53 54 51 2 936
1 140 60 51 56 60 1 937
0 97 47 4 41 4 5 938
1 9 45 35 56 41 1 939
1 16 31 43 32 34 1 940
0 39 42 45 39 34 3 941
1 76 35 16 65 22 1 942
1 132 59 29 58 31 1 943
1 40 58 17 64 16 2 944
0 49 48 29 52 30 3 945
1 91 56 44 56 39 2 946
1 109 59 44 57 48 3 947
0 113 48 20 51 20 3 948
0 5 63 29 63 25 3 949
0 138 56 76 63 69 3 950
1 83 13 10 7 14 2 951
1 25 58 28 52 44 1 952
1 56 46 57 51 49 1 953
0 111 48 54 47 12 3 954
0 111 63 76 52 75 3 955
0 38 53 35 53 20 3 956
0 57 48 56 51 60 3 957
0 107 53 34 54 30 5 958
0 140 40 37 43 45 3 959
1 112 21 19 46 43 6 960
0 72 63 42 68 41 3 961
0 139 60 2 54 2 6 962
0 120 49 31 50 33 3 963
1 116 53 58 56 53 1 964
0 9 90 36 91 32 4 965
1 42 67 41 60 36 1 966
1 72 62 32 63 25 1 967
0 136 50 19 47 18 3 968
1 143 54 56 58 48 1 969
1 100 61 31 61 38 1 970
1 15 55 40 59 35 1 971
0 53 52 45 47 60 3 972
1 116 43 2 46 2 1 973
0 108 70 72 97 65 5 974
1 40 55 76 57 74 1 975
0 88 5 28 6 41 3 976
1 131 53 46 62 30 2 977
1 105 68 39 62 51 1 978
1 38 47 2 28 2 6 979
0 92 56 75 55 77 3 980
0 86 98 20 98 14 3 981
1 120 51 36 57 39 1 982
0 111 53 42 51 48 3 983
0 30 32 47 32 55 3 984
1 117 46 30 53 27 1 985
1 99 51 18 47 21 4 986
1 70 37 13 42 12 2 987
1 143 45 50 46 48 1 988
1 131 53 45 54 43 1 989
0 134 53 43 54 40 3 990
0 101 6 42 5 48 3 991
0 56 56 80 52 80 3 992
0 46 44 20 50 19 3 993
0 66 52 23 49 20 3 994
1 47 26 51 25 54 1 995
1 137 39 12 40 10 2 996
0 123 60 33 64 28 3 997
0 141 67 35 68 40 3 998
0 2 61 31 57 47 3 999
0 115 46 47 42 26 3 1000
0 16 29 37 30 51 3 1001
1 130 31 56 32 47 1 1002
1 79 4 62 5 65 1 1003
0 18 57 50 58 57 3 1004
0 67 6 66 5 61 3 1005
0 17 64 36 63 34 3 1006
0 48 68 33 67 41 3 1007
1 115 51 48 53 47 1 1008
0 0 48 56 50 58 3 1009
1 86 59 44 57 41 1 1010
1 38 54 39 54 31 5 1011
1 79 61 34 56 35 1 1012
1 28 91 35 92 31 3 1013
0 41 39 46 42 40 3 1014
1 88 46 48 48 52 2 1015
0 79 47 52 47 44 4 1016
1 116 54 39 64 46 1 1017
0 117 88 4 85 4 3 1018
0 139 82 5 70 6 3 1019
0 111 54 80 29 79 3 1020
1 91 6 47 6 50 3 1021
1 132 5 57 6 54 1 1022
0 17 6 55 6 50 4 1023
1 98 58 34 59 25 6 1024
1 43 55 54 52 50 3 1025
1 76 62 47 60 44 1 1026
0 13 44 80 40 80 3 1027
0 104 55 42 60 37 3 1028
1 86 98 28 98 23 1 1029
1 62 65 1 59 2 1 1030
0 103 27 58 22 57 3 1031
1 65 54 80 51 80 1 1032
1 101 47 52 48 32 1 1033
0 112 69 34 71 18 3 1034
0 85 7 52 5 58 3 1035
0 39 48 48 47 53 3 1036
1 39 48 53 49 55 5 1037
0 136 53 40 96 28 6 1038
1 67 49 44 51 42 1 1039
0 143 51 20 54 21 3 1040
0 28 52 32 48 36 3 1041
1 7 31 48 32 46 2 1042
1 66 63 70 57 67 1 1043
0 105 47 44 47 50 3 1044
0 102 6 28 6 18 5 1045
0 15 49 19 47 18 3 1046
1 78 91 26 91 32 1 1047
0 54 60 48 41 48 3 1048
1 45 49 2 13 0 5 1049
1 5 56 58 57 60 1 1050
0 94 57 37 56 39 3 1051
0 28 29 63 30 60 3 1052
0 63 5 47 5 55 4 1053
1 133 6 37 6 34 1 1054
0 24 50 50 53 54 3 1055
0 81 51 24 44 20 5 1056
0 95 49 28 47 30 3 1057
0 121 70 66 75 55 5 1058
1 134 54 41 53 43 1 1059
0 74 56 52 60 49 3 1060
1 100 54 80 49 81 1 1061
0 46 87 4 81 2 3 1062
1 79 46 40 60 31 2 1063
1 19 59 24 55 31 1 1064
1 48 42 99 41 13 1 1065
0 77 60 23 54 30 3 1066
1 139 6 22 5 35 6 1067
0 74 6 31 5 13 3 1068
0 116 47 20 51 18 3 1069
1 56 56 41 62 33 1 1070
1 107 45 33 43 38 4 1071
1 96 32 45 28 49 2 1072
1 14 49 40 48 63 1 1073
0 96 47 59 49 60 3 1074
1 116 43 23 46 22 3 1075
0 122 88 93 86 95 5 1076
0 137 36 16 50 24 3 1077
1 25 21 19 48 29 1 1078
0 41 5 58 6 60 3 1079
0 120 5 68 6 65 3 1080
1 36 32 55 33 50 1 1081
1 97 47 61 50 55 5 1082
0 128 6 35 5 41 3 1083
0 64 55 31 43 27 3 1084
0 96 44 65 48 45 3 1085
1 11 46 3 43 3 1 1086
0 96 30 46 27 51 5 1087
1 66 54 80 51 81 1 1088
0 48 68 41 66 45 3 1089
0 82 50 32 50 28 3 1090
1 10 57 49 62 41 6 1091
0 128 39 14 35 14 3 1092
0 25 61 24 62 21 3 1093
0 119 68 38 71 40 3 1094
0 103 54 38 52 40 3 1095
0 31 6 60 4 57 3 1096
0 116 69 35 72 36 3 1097
0 10 45 34 43 30 3 1098
1 0 57 41 59 42 1 1099
0 44 59 38 55 35 3 1100
0 28 85 93 87 94 3 1101
0 139 64 1 58 2 3 1102
0 41 62 18 54 21 3 1103
1 75 57 45 55 44 1 1104
1 57 98 18 98 21 2 1105
1 126 32 78 60 76 5 1106
1 64 43 12 36 11 5 1107
1 7 59 29 58 24 1 1108
0 68 52 36 57 25 3 1109
1 119 57 46 56 48 1 1110
1 76 53 75 50 68 5 1111
1 78 65 42 54 41 1 1112
0 93 64 32 54 29 3 1113
0 116 52 41 51 35 3 1114
0 42 51 27 18 28 3 1115
0 1 48 21 45 21 3 1116
0 14 61 41 63 47 3 1117
0 44 91 37 92 30 3 1118
1 130 38 28 45 31 1 1119
1 141 62 50 54 52 2 1120
0 107 41 42 42 38 3 1121
1 58 62 39 53 44 1 1122
0 58 52 50 47 47 3 1123
1 6 60 72 56 75 1 1124
1 54 58 41 60 31 1 1125
1 73 44 66 48 53 1 1126
0 143 34 44 32 42 3 1127
1 44 44 54 22 20 1 1128
0 104 73 39 68 40 3 1129
0 92 46 4 40 5 3 1130
0 89 66 73 69 74 3 1131
0 121 43 30 42 33 6 1132
0 32 39 40 39 22 3 1133
0 124 91 39 91 33 3 1134
1 3 44 2 51 1 1 1135
0 136 67 34 59 44 3 1136
1 108 32 53 32 48 2 1137
0 77 58 29 52 28 3 1138
0 67 49 29 46 32 3 1139
1 82 49 1 47 2 1 1140
0 0 29 49 33 46 3 1141
0 48 63 40 66 37 3 1142
0 78 92 31 91 40 3 1143
0 51 63 2 67 1 3 1144
0 13 44 39 44 35 3 1145
0 137 30 55 31 51 5 1146
0 108 59 34 55 33 3 1147
1 127 63 44 60 61 1 1148
0 98 52 36 54 33 3 1149
1 101 38 29 43 31 2 1150
0 124 39 12 33 16 3 1151
0 136 89 92 85 96 4 1152
0 7 62 35 54 43 6 1153
0 132 56 49 56 46 3 1154
1 96 52 61 57 64 2 1155
0 64 55 41 33 43 3 1156
1 81 53 1 45 2 1 1157
0 56 46 2 50 2 3 1158
1 141 49 38 49 41 5 1159
1 103 60 25 52 43 4 1160
1 25 43 4 40 4 1 1161
0 143 55 64 54 58 3 1162
0 0 47 48 22 19 3 1163
0 57 80 5 77 6 3 1164
1 24 47 56 28 55 1 1165
1 9 51 50 52 45 1 1166
0 87 44 74 53 81 3 1167
1 25 61 37 57 50 1 1168
1 143 98 20 98 17 1 1169
0 126 46 4 36 4 3 1170
1 8 47 4 37 4 1 1171
0 68 70 39 58 41 3 1172
1 96 56 36 57 34 1 1173
0 141 55 30 52 29 3 1174
1 70 48 55 47 68 1 1175
1 38 61 41 54 52 3 1176
0 66 37 42 41 35 3 1177
0 109 86 3 80 3 3 1178
1 143 98 18 98 21 1 1179
1 103 60 41 55 43 1 1180
1 60 5 65 7 48 1 1181
0 7 66 39 56 61 3 1182
0 128 6 30 5 37 3 1183
1 108 92 30 90 36 5 1184
0 18 84 4 86 3 3 1185
1 102 40 90 42 83 1 1186
1 28 44 4 41 4 1 1187
1 19 35 16 58 44 1 1188
0 50 34 41 30 42 3 1189
0 87 43 4 46 4 3 1190
0 134 66 93 65 95 3 1191
1 118 28 16 22 17 2 1192
1 98 53 32 62 22 2 1193
1 65 58 47 57 51 1 1194
1 51 27 72 27 67 1 1195
1 143 98 22 98 19 4 1196
1 9 4 38 5 46 2 1197
1 134 73 67 67 72 1 1198
1 97 68 40 71 38 2 1199
1 69 55 66 55 63 3 1200
1 87 59 54 54 53 2 1201
1 98 50 50 48 51 1 1202
1 39 68 38 74 30 1 1203
1 13 92 30 92 33 1 1204
1 107 69 34 60 27 1 1205
0 34 45 4 40 5 3 1206
1 128 58 37 59 34 1 1207
0 7 6 53 6 44 3 1208
0 9 53 41 48 53 3 1209
0 74 82 5 62 2 3 1210
0 20 54 39 53 34 4 1211
0 125 53 30 54 25 3 1212
0 76 60 32 54 21 4 1213
0 88 58 32 57 22 5 1214
1 64 31 45 33 44 5 1215
0 14 56 38 52 28 3 1216
1 118 58 58 58 45 1 1217
0 4 71 39 72 33 3 1218
1 69 42 4 48 3 1 1219
1 46 66 94 66 91 1 1220
0 41 26 61 33 50 3 1221
1 45 90 36 92 29 2 1222
0 51 60 14 56 15 3 1223
1 65 56 23 47 24 2 1224
0 40 59 23 61 24 3 1225
0 97 48 29 54 22 6 1226
0 105 59 17 50 16 5 1227
1 64 54 38 55 35 1 1228
1 3 42 3 44 2 1 1229
1 23 56 34 51 44 4 1230
0 75 58 38 61 35 3 1231
1 25 56 40 61 35 5 1232
1 13 56 41 35 26 1 1233
1 19 61 48 62 58 2 1234
1 24 54 80 45 80 5 1235
1 125 55 42 53 46 6 1236
0 74 51 64 59 45 3 1237
0 2 61 49 57 50 3 1238
1 32 81 5 76 7 1 1239
0 0 47 50 35 46 3 1240
0 108 60 50 64 41 3 1241
0 117 56 42 62 31 5 1242
1 119 61 1 65 1 2 1243
1 120 46 3 31 3 1 1244
1 16 28 47 32 42 1 1245
1 137 53 24 52 27 4 1246
1 48 45 3 47 2 1 1247
0 22 30 53 31 48 3 1248
0 137 63 57 67 47 3 1249
0 23 38 40 39 38 3 1250
0 105 63 51 70 33 3 1251
1 120 42 3 49 2 1 1252
0 139 5 37 6 42 3 1253
1 104 41 11 39 14 3 1254
1 87 62 39 48 56 2 1255
0 7 46 48 45 50 3 1256
0 86 56 39 53 50 4 1257
1 38 48 53 48 50 4 1258
1 39 50 62 53 48 1 1259
0 133 40 57 29 36 3 1260
0 0 39 14 43 11 6 1261
0 111 68 33 63 32 3 1262
1 78 68 36 70 37 1 1263
1 11 55 22 47 30 1 1264
1 102 48 19 46 20 2 1265
1 81 32 46 34 40 2 1266
0 70 44 63 46 45 3 1267
1 12 56 77 54 78 2 1268
0 32 31 46 12 32 4 1269
0 39 58 42 56 44 3 1270
0 85 30 50 28 49 3 1271
0 108 57 72 61 74 3 1272
1 143 40 12 36 11 6 1273
0 96 67 42 68 40 3 1274
0 83 61 24 59 37 3 1275
0 19 42 73 32 87 3 1276
0 71 6 67 5 73 3 1277
1 51 71 40 69 45 1 1278
0 108 6 66 5 71 3 1279
1 139 51 50 44 63 1 1280
0 76 55 52 51 52 3 1281
1 93 91 34 91 29 2 1282
1 44 54 44 58 38 1 1283
1 90 87 4 85 5 1 1284
0 26 50 60 52 57 3 1285
1 48 43 62 46 57 1 1286
1 87 51 52 53 58 5 1287
0 78 91 33 92 26 6 1288
0 4 62 2 79 7 3 1289
0 92 52 19 63 17 3 1290
0 86 55 80 50 81 3 1291
1 7 31 46 32 49 2 1292
1 66 36 2 47 2 2 1293
0 96 32 43 35 40 3 1294
1 108 33 48 27 58 1 1295
1 143 59 28 60 23 6 1296
0 86 58 30 52 47 3 1297
1 88 59 38 50 27 2 1298
1 95 62 35 56 47 1 1299
1 140 69 34 66 38 1 1300
1 102 55 46 43 34 6 1301
0 21 90 45 89 43 3 1302
1 15 56 2 64 1 6 1303
0 117 48 59 51 54 3 1304
0 103 47 27 44 34 4 1305
0 105 69 23 68 45 3 1306
1 16 31 44 31 50 6 1307
1 18 91 27 90 43 6 1308
0 65 68 42 63 35 3 1309
0 18 53 48 52 45 3 1310
1 76 54 40 58 42 1 1311
1 98 52 36 56 32 2 1312
1 50 49 28 53 27 3 1313
1 129 58 80 55 80 1 1314
0 81 5 67 6 63 3 1315
1 123 27 67 29 54 1 1316
0 126 53 44 54 41 3 1317
1 32 38 14 35 14 1 1318
0 114 71 36 49 45 3 1319
0 35 45 20 48 19 3 1320
0 111 6 33 6 29 6 1321
0 48 91 30 91 34 4 1322
1 90 70 72 68 74 1 1323
0 127 45 57 45 54 3 1324
0 81 6 65 5 68 3 1325
1 116 53 1 42 3 3 1326
1 7 54 39 48 54 2 1327
0 123 37 2 48 2 3 1328
1 36 44 11 35 14 1 1329
1 36 30 58 27 67 2 1330
1 73 59 45 53 42 2 1331
0 26 54 46 50 50 5 1332
0 129 64 30 56 47 3 1333
1 65 91 29 92 32 1 1334
1 141 54 48 53 45 1 1335
1 30 6 44 7 24 4 1336
0 90 54 31 60 25 3 1337
1 2 60 35 57 43 2 1338
0 22 71 68 67 74 3 1339
1 119 6 42 5 39 1 1340
0 23 58 35 59 28 3 1341
0 122 53 50 54 47 3 1342
1 57 98 18 98 15 1 1343
0 24 46 71 47 69 3 1344
1 94 30 48 33 42 1 1345
1 33 44 11 33 10 2 1346
0 32 43 33 34 25 3 1347
1 85 6 42 6 37 1 1348
1 5 45 21 50 19 5 1349
0 63 46 62 43 67 3 1350
0 84 86 5 84 4 4 1351
1 97 49 51 52 55 2 1352
1 50 52 29 51 23 3 1353
1 143 57 38 49 58 1 1354
1 74 46 4 41 4 3 1355
0 113 55 36 49 39 3 1356
0 100 40 44 46 32 4 1357
0 66 54 2 58 1 4 1358
1 132 69 42 68 39 5 1359
1 86 52 47 55 38 2 1360
1 22 6 68 6 64 2 1361
0 83 67 35 68 39 3 1362
0 2 51 45 50 47 3 1363
1 40 52 49 55 30 1 1364
0 120 52 43 54 46 3 1365
1 35 49 23 45 22 1 1366
1 28 48 2 26 2 2 1367
0 39 69 39 70 41 3 1368
0 50 47 80 40 80 3 1369
0 92 5 70 5 61 3 1370
0 104 53 43 52 47 3 1371
0 64 92 26 92 32 3 1372
0 143 12 60 55 79 3 1373
0 108 32 53 37 62 3 1374
1 65 80 5 83 4 1 1375
0 48 32 46 25 51 3 1376
0 143 52 29 55 28 3 1377
1 122 56 42 53 45 2 1378
0 39 44 2 22 2 3 1379
1 108 70 73 68 72 1 1380
0 90 47 53 41 75 3 1381
0 64 55 37 57 33 3 1382
0 71 57 16 59 21 3 1383
0 108 92 35 92 19 3 1384
1 136 49 3 45 3 2 1385
1 23 54 26 48 33 1 1386
1 60 49 60 45 69 1 1387
1 64 54 74 59 73 3 1388
0 31 67 38 69 34 3 1389
1 12 65 94 67 92 1 1390
1 139 58 17 55 18 2 1391
1 31 72 25 69 21 1 1392
1 96 6 48 6 41 2 1393
1 127 60 50 60 41 1 1394
1 100 98 16 98 4 1 1395
1 130 61 41 63 48 5 1396
0 131 89 93 88 89 3 1397
1 132 70 40 73 34 1 1398
0 46 51 78 57 73 3 1399
0 136 79 6 81 4 3 1400
1 138 84 93 82 94 1 1401
0 34 21 61 43 61 3 1402
0 28 52 29 40 44 3 1403
1 41 52 55 46 62 1 1404
0 139 4 39 4 29 3 1405
0 136 60 38 59 42 3 1406
1 88 57 46 58 50 3 1407
1 50 52 24 55 25 1 1408
1 102 49 67 24 47 6 1409
1 76 27 2 47 2 1 1410
1 3 70 40 64 18 1 1411
1 130 5 39 6 41 5 1412
1 53 57 74 56 77 1 1413
0 89 55 34 58 52 3 1414
1 3 6 58 5 68 1 1415
0 52 55 49 57 41 3 1416
1 72 68 39 64 42 1 1417
0 130 31 47 31 58 3 1418
0 42 6 30 5 40 3 1419
1 68 55 30 55 33 2 1420
0 14 87 94 90 90 3 1421
0 102 47 71 48 69 3 1422
0 5 62 41 51 47 3 1423
1 105 58 35 59 24 3 1424
0 64 62 23 64 21 4 1425
0 74 61 2 66 1 3 1426
1 136 57 20 52 22 2 1427
0 14 27 43 26 41 4 1428
1 121 6 36 5 39 1 1429
0 68 53 55 34 0 3 1430
1 110 52 75 68 74 2 1431
1 139 60 30 62 20 1 1432
1 32 45 46 47 45 1 1433
1 27 6 35 6 30 1 1434
1 95 69 73 71 69 1 1435
0 5 53 18 57 18 3 1436
0 18 23 34 21 35 6 1437
1 20 69 31 65 26 6 1438
0 78 91 34 90 36 3 1439
1 81 45 3 47 2 3 1440
0 37 5 40 4 32 3 1441
1 88 51 43 59 31 5 1442
1 95 6 65 6 55 1 1443
0 122 51 52 47 57 3 1444
1 25 34 41 33 43 1 1445
0 129 31 43 32 52 3 1446
1 106 28 49 29 47 1 1447
0 51 32 78 59 77 6 1448
1 92 53 41 54 50 2 1449
0 126 79 5 83 4 3 1450
0 12 55 80 51 80 3 1451
1 115 86 94 88 93 1 1452
0 118 31 53 30 49 3 1453
0 102 48 51 50 28 3 1454
0 111 48 54 53 56 3 1455
0 16 50 38 48 48 5 1456
1 116 53 45 56 45 1 1457
0 75 57 74 54 66 3 1458
1 32 40 43 31 41 1 1459
0 140 84 4 88 3 3 1460
1 101 60 18 55 18 1 1461
1 58 44 52 44 40 2 1462
0 97 49 54 45 52 3 1463
0 1 49 60 26 83 3 1464
1 8 58 16 58 23 1 1465
0 36 30 52 31 49 3 1466
1 104 45 2 49 2 2 1467
0 33 43 56 47 50 6 1468
1 85 33 43 41 40 1 1469
1 16 68 21 71 14 1 1470
0 126 68 36 69 40 3 1471
0 6 71 71 73 67 3 1472
1 44 71 41 72 36 1 1473
0 98 78 90 87 95 3 1474
0 143 32 78 49 79 5 1475
0 1 56 61 57 63 3 1476
1 74 6 34 6 29 1 1477
1 24 55 43 44 45 5 1478
0 134 5 29 5 21 3 1479
0 106 6 41 6 47 3 1480
1 96 52 43 50 48 1 1481
0 32 40 12 36 13 3 1482
0 3 6 51 6 45 3 1483
0 130 60 47 62 39 5 1484
0 68 51 36 50 38 6 1485
0 4 55 26 50 28 3 1486
1 32 59 29 58 31 2 1487
1 0 33 10 44 8 3 1488
1 115 47 55 43 56 1 1489
0 74 57 76 62 70 3 1490
0 49 67 73 73 67 3 1491
1 27 53 34 49 39 2 1492
0 135 41 38 38 34 3 1493
0 5 60 1 54 2 3 1494
0 28 68 78 69 76 3 1495
0 126 58 77 56 75 5 1496
0 128 56 40 55 42 3 1497
1 67 62 1 56 1 1 1498
0 97 59 22 48 34 3 1499
0 121 34 37 35 46 3 1500
1 106 50 50 52 55 2 1501
1 129 57 28 58 26 1 1502
1 29 71 42 66 42 4 1503
1 28 55 44 49 60 2 1504
1 75 52 80 50 78 1 1505
0 80 37 14 41 12 3 1506
1 18 5 43 6 30 1 1507
0 90 57 29 38 17 3 1508
0 89 58 80 53 81 3 1509
0 27 47 15 59 17 3 1510
1 109 55 36 61 31 1 1511
1 84 33 43 30 60 1 1512
1 28 59 70 56 76 1 1513
0 31 27 2 23 4 3 1514
1 119 54 81 50 81 1 1515
1 24 53 41 50 50 2 1516
0 90 41 11 36 13 3 1517
0 52 59 28 57 27 3 1518
0 11 92 26 92 29 4 1519
1 82 57 37 52 59 1 1520
1 14 98 23 98 19 1 1521
1 65 54 51 54 46 5 1522
0 65 53 53 61 35 3 1523
1 18 61 32 37 28 2 1524
1 96 5 61 5 76 1 1525
0 64 34 43 31 44 3 1526
1 139 6 27 6 35 1 1527
1 73 49 19 38 19 1 1528
1 121 64 34 60 38 2 1529
0 16 70 35 60 32 3 1530
1 141 44 53 46 50 1 1531
1 132 68 37 67 25 1 1532
0 14 59 1 62 1 4 1533
1 67 58 49 61 50 2 1534
1 0 57 46 52 48 1 1535
1 121 57 30 49 36 2 1536
1 62 46 43 50 40 1 1537
0 16 63 44 65 39 3 1538
1 45 42 81 35 81 1 1539
0 131 30 47 28 58 3 1540
1 92 51 82 51 78 6 1541
0 134 64 76 67 72 3 1542
0 2 43 2 49 2 3 1543
0 104 32 57 20 54 3 1544
1 136 66 93 65 95 1 1545
1 52 43 38 41 34 4 1546
1 76 70 39 69 37 1 1547
1 133 91 39 90 37 1 1548
0 62 60 52 54 55 3 1549
0 67 64 77 65 75 3 1550
1 140 53 43 51 30 1 1551
0 69 61 69 52 76 4 1552
1 120 47 4 36 3 1 1553
1 15 59 34 63 35 2 1554
1 0 31 45 26 50 5 1555
1 3 56 52 62 42 1 1556
0 116 78 6 80 5 3 1557
1 126 53 80 14 60 1 1558
0 110 52 19 57 20 3 1559
0 84 57 25 58 27 3 1560
1 122 55 51 49 53 2 1561
1 131 41 31 31 38 1 1562
0 65 50 48 57 36 3 1563
1 142 42 58 46 57 1 1564
1 102 36 13 40 13 2 1565
0 26 28 50 26 48 5 1566
0 23 58 30 49 29 3 1567
1 107 88 93 85 96 1 1568
1 10 37 48 45 48 1 1569
1 139 46 4 41 4 1 1570
1 52 53 35 53 28 1 1571
0 59 69 44 70 41 3 1572
1 116 66 41 59 40 1 1573
1 28 85 95 88 93 4 1574
1 113 51 37 53 32 2 1575
1 128 59 30 62 24 5 1576
0 35 61 23 53 39 3 1577
0 13 91 34 91 31 3 1578
1 137 71 29 38 16 2 1579
1 26 68 36 71 37 2 1580
0 56 53 59 44 49 3 1581
1 79 69 34 70 39 6 1582
1 128 49 42 48 46 2 1583
1 119 47 2 12 0 2 1584
0 141 6 37 6 34 3 1585
0 17 6 31 7 14 3 1586
0 32 36 13 35 15 3 1587
1 56 60 48 36 40 2 1588
1 125 53 42 52 50 1 1589
0 133 57 43 55 44 3 1590
1 53 53 47 56 44 1 1591
1 101 56 25 53 23 1 1592
1 133 56 80 52 80 2 1593
1 97 60 23 55 45 1 1594
1 59 68 36 58 27 1 1595
1 66 42 41 39 47 6 1596
1 5 50 77 57 75 1 1597
1 60 53 19 47 19 1 1598
1 95 56 22 53 19 1 1599
1 116 60 43 67 39 1 1600
1 132 25 31 29 37 1 1601
0 24 52 54 48 53 3 1602
0 63 61 29 57 27 3 1603
1 137 50 2 46 2 2 1604
0 142 53 41 46 48 3 1605
0 99 67 41 66 38 3 1606
1 45 72 72 68 74 1 1607
0 107 46 35 50 37 3 1608
0 89 59 30 56 31 3 1609
1 39 47 46 45 61 2 1610
0 2 56 49 59 35 3 1611
1 25 55 21 46 27 5 1612
0 81 41 36 43 40 3 1613
1 91 59 28 51 29 1 1614
0 33 42 2 39 3 3 1615
1 26 53 46 56 47 2 1616
1 16 52 75 68 76 1 1617
1 65 60 36 57 36 1 1618
0 113 49 40 47 50 3 1619
1 50 57 39 53 40 1 1620
0 117 58 40 61 40 3 1621
0 107 87 93 78 90 5 1622
1 92 54 75 50 80 1 1623
1 77 44 12 39 14 2 1624
0 120 79 5 81 6 3 1625
0 64 51 20 49 19 3 1626
1 122 6 69 5 74 1 1627
1 138 71 34 64 53 1 1628
0 51 48 47 48 43 3 1629
0 123 31 56 33 50 3 1630
0 39 51 58 51 50 3 1631
0 115 53 45 47 55 3 1632
1 66 31 10 39 18 1 1633
1 14 60 38 65 28 2 1634
0 116 49 21 46 20 3 1635
1 83 63 34 65 28 2 1636
0 121 61 17 58 19 3 1637
0 135 69 71 68 73 3 1638
1 111 57 38 63 30 1 1639
0 87 68 33 60 54 3 1640
1 128 31 46 34 42 2 1641
0 97 55 75 58 75 3 1642
0 132 59 38 65 32 3 1643
1 84 98 29 98 26 1 1644
1 1 60 40 52 42 5 1645
0 89 44 30 41 33 3 1646
0 111 6 30 5 39 3 1647
1 82 61 41 57 41 1 1648
1 142 50 34 43 44 1 1649
1 92 88 93 85 95 1 1650
1 93 91 31 92 33 1 1651
0 59 41 13 39 14 3 1652
1 73 51 53 48 54 1 1653
0 46 53 2 50 2 5 1654
1 12 33 45 22 45 1 1655
0 96 47 55 49 56 6 1656
0 65 55 64 57 53 3 1657
0 35 57 34 59 30 4 1658
0 26 46 4 39 4 3 1659
1 8 57 28 55 38 5 1660
0 0 98 21 98 16 3 1661
1 7 60 45 58 49 2 1662
1 120 80 6 83 4 4 1663
0 13 57 36 63 37 3 1664
0 111 26 50 29 52 3 1665
1 32 42 35 36 41 3 1666
0 100 51 46 51 36 3 1667
0 0 71 41 61 42 3 1668
1 16 90 38 91 31 1 1669
0 28 68 78 65 77 3 1670
1 2 46 42 48 33 1 1671
1 43 98 19 98 16 5 1672
0 100 5 62 6 65 4 1673
0 54 68 39 48 34 3 1674
0 126 62 33 44 40 3 1675
0 10 58 40 55 36 3 1676
1 14 92 29 91 35 1 1677
1 53 61 27 59 32 1 1678
0 93 62 2 64 1 5 1679
1 102 49 19 52 18 1 1680
0 128 50 20 45 21 4 1681
1 0 51 47 52 55 6 1682
0 32 54 59 54 55 3 1683
0 29 65 30 64 36 3 1684
1 26 69 33 69 28 1 1685
0 20 56 18 46 18 3 1686
0 13 5 70 6 63 3 1687
0 56 60 43 62 39 3 1688
0 43 98 18 98 23 3 1689
1 112 36 13 39 13 1 1690
0 102 57 39 55 42 3 1691
1 12 61 13 62 17 1 1692
0 33 61 54 54 68 3 1693
0 136 57 39 55 43 5 1694
1 86 45 4 40 5 1 1695
1 102 49 65 44 77 1 1696
0 65 5 36 6 34 5 1697
0 38 61 30 55 32 5 1698
1 93 5 40 6 34 1 1699
1 46 56 66 61 53 1 1700
0 110 26 58 25 56 3 1701
1 140 55 26 51 27 1 1702
1 51 55 77 58 68 4 1703
1 134 78 6 81 5 6 1704
1 48 59 25 47 20 2 1705
1 24 30 45 27 50 1 1706
1 0 43 12 40 11 6 1707
1 90 59 32 55 32 1 1708
1 35 38 13 40 14 1 1709
1 64 58 43 61 42 1 1710
1 32 58 59 51 72 4 1711
1 73 42 13 36 13 1 1712
1 0 31 45 29 47 2 1713
1 5 48 3 43 2 2 1714
1 54 63 43 60 46 5 1715
0 115 6 42 6 34 3 1716
1 40 55 74 57 73 4 1717
0 121 72 59 69 64 3 1718
0 32 61 38 62 36 3 1719
1 88 92 24 91 30 2 1720
0 123 43 38 44 25 3 1721
1 63 44 19 57 20 1 1722
1 13 43 56 42 58 1 1723
1 64 60 14 50 28 6 1724
1 24 57 30 51 35 1 1725
1 72 53 41 50 57 4 1726
1 35 6 37 6 34 1 1727
0 122 69 37 70 34 3 1728
0 8 51 61 54 46 3 1729
1 137 46 62 53 44 2 1730
1 109 30 4 27 4 6 1731
1 108 29 52 32 51 1 1732
0 33 68 74 69 72 4 1733
1 52 84 3 87 4 1 1734
1 99 6 37 5 30 1 1735
0 107 41 3 24 4 3 1736
0 74 48 31 47 34 3 1737
0 69 60 71 55 77 3 1738
0 116 57 52 58 54 3 1739
0 66 45 3 49 2 3 1740
0 54 6 62 5 64 3 1741
1 108 43 52 22 44 1 1742
1 62 59 77 51 76 1 1743
1 25 61 27 61 30 1 1744
1 83 55 42 59 31 6 1745
1 96 6 55 5 79 1 1746
1 1 53 75 58 72 1 1747
1 115 61 42 55 36 1 1748
0 48 59 2 62 1 3 1749
1 0 67 41 68 38 1 1750
0 106 49 48 38 53 3 1751
1 10 45 64 48 56 3 1752
1 54 87 93 85 94 4 1753
1 126 69 44 62 48 2 1754
1 54 71 43 73 37 1 1755
0 101 61 48 62 46 3 1756
0 74 6 33 6 38 4 1757
0 129 50 80 58 75 3 1758
0 102 53 76 59 72 3 1759
0 20 47 31 48 28 3 1760
0 109 59 17 65 16 3 1761
0 113 45 53 46 49 4 1762
0 112 54 38 57 39 3 1763
0 33 49 2 46 2 3 1764
0 135 40 36 37 40 3 1765
1 116 58 26 55 31 1 1766
1 102 50 19 46 20 2 1767
1 71 51 43 54 41 1 1768
0 142 47 68 40 79 3 1769
1 76 71 71 68 74 1 1770
0 92 67 42 67 8 3 1771
1 9 49 40 48 36 2 1772
0 136 40 13 44 12 3 1773
0 37 6 32 6 25 5 1774
0 128 34 16 41 10 3 1775
1 117 69 38 74 31 2 1776
1 133 45 64 49 65 4 1777
1 19 65 43 63 48 1 1778
0 33 53 17 50 20 3 1779
0 128 52 27 56 22 3 1780
1 0 68 39 60 41 6 1781
0 126 43 4 41 5 3 1782
1 107 42 31 40 36 5 1783
0 105 59 19 52 20 3 1784
1 80 42 11 39 11 1 1785
0 100 61 50 63 48 3 1786
1 89 51 77 31 78 1 1787
1 110 50 38 43 68 6 1788
0 96 35 13 41 13 3 1789
0 112 87 93 78 90 3 1790
0 64 88 93 85 91 3 1791
0 97 49 34 51 31 3 1792
0 125 54 39 51 43 3 1793
1 40 53 82 46 82 2 1794
1 103 55 31 53 35 6 1795
0 120 66 39 65 43 3 1796
0 24 55 46 51 59 3 1797
0 0 58 39 62 34 5 1798
1 48 27 49 25 51 1 1799
1 132 61 42 69 31 1 1800
0 119 70 27 69 37 6 1801
1 68 54 31 53 38 3 1802
1 53 60 31 53 39 1 1803
0 11 59 76 29 77 3 1804
0 126 51 13 53 12 5 1805
1 129 98 21 98 13 5 1806
0 111 60 30 32 14 5 1807
1 59 62 24 60 33 1 1808
0 61 58 37 43 37 4 1809
1 126 31 49 30 52 1 1810
1 0 56 31 58 27 1 1811
1 94 91 37 92 34 1 1812
0 140 49 40 54 39 3 1813
0 3 92 24 91 18 3 1814
1 81 55 22 52 24 1 1815
1 68 67 45 67 31 1 1816
0 89 86 4 87 2 5 1817
0 128 39 14 42 12 5 1818
1 129 48 48 46 52 1 1819
0 106 38 57 51 63 3 1820
0 60 98 15 98 20 3 1821
1 63 31 46 34 45 1 1822
0 100 87 2 86 4 3 1823
1 78 27 65 30 58 1 1824
1 66 52 24 61 29 1 1825
1 16 26 50 29 48 1 1826
1 51 64 35 61 37 1 1827
1 133 60 55 58 58 1 1828
1 24 6 39 6 26 1 1829
1 133 56 80 47 80 1 1830
1 22 42 74 37 69 1 1831
0 9 81 5 70 6 6 1832
1 45 58 37 59 41 2 1833
0 39 6 69 5 75 3 1834
0 105 60 36 32 67 3 1835
0 99 70 76 72 73 3 1836
1 44 61 34 61 42 1 1837
1 91 57 32 51 25 1 1838
1 11 48 57 49 55 5 1839
0 11 62 46 59 55 3 1840
0 79 27 60 30 53 3 1841
1 52 36 48 36 45 5 1842
1 1 41 33 42 41 3 1843
1 135 53 44 51 47 1 1844
0 45 69 70 64 66 3 1845
0 62 61 1 65 1 3 1846
1 124 50 2 47 2 1 1847
1 19 54 80 51 80 1 1848
0 13 43 19 63 32 3 1849
1 25 58 48 62 46 1 1850
0 114 63 33 70 23 3 1851
1 27 6 64 6 58 1 1852
0 28 82 4 79 5 3 1853
1 83 31 45 29 47 1 1854
0 97 49 28 46 32 3 1855
0 46 45 18 46 15 3 1856
1 26 53 50 48 48 5 1857
1 58 53 42 57 47 1 1858
1 129 98 18 98 21 1 1859
0 0 59 28 49 31 3 1860
1 114 42 3 50 2 4 1861
1 48 52 27 42 29 4 1862
0 40 6 51 6 54 4 1863
1 48 60 34 46 42 2 1864
0 104 5 64 5 61 3 1865
0 117 53 48 53 44 5 1866
1 116 6 43 6 29 2 1867
1 48 58 19 49 25 1 1868
0 65 69 42 68 35 3 1869
1 18 52 59 44 53 1 1870
1 132 64 45 67 37 5 1871
0 131 56 18 59 18 5 1872
1 24 53 39 57 39 1 1873
1 38 41 31 44 34 1 1874
1 39 55 49 63 35 5 1875
1 76 56 41 59 37 1 1876
1 142 46 36 56 22 1 1877
1 92 75 6 82 6 2 1878
0 68 68 36 70 37 3 1879
1 29 57 38 62 32 1 1880
0 33 90 41 90 34 3 1881
0 79 46 51 44 54 3 1882
0 104 62 35 59 37 3 1883
0 14 62 70 54 77 3 1884
0 118 52 19 49 23 6 1885
1 107 54 58 47 58 1 1886
1 85 63 69 60 71 2 1887
1 23 82 5 75 6 1 1888
1 39 59 2 61 1 1 1889
0 87 51 54 54 44 3 1890
1 131 51 46 44 64 2 1891
1 71 87 4 84 4 1 1892
0 4 49 55 43 45 3 1893
0 86 52 78 49 79 3 1894
1 143 58 18 51 19 1 1895
1 53 61 1 64 1 1 1896
1 96 38 14 34 15 2 1897
0 32 51 50 52 46 3 1898
0 105 59 42 56 48 3 1899
1 105 55 21 58 19 4 1900
1 5 42 3 45 3 2 1901
0 34 59 75 57 78 3 1902
0 131 51 47 52 55 3 1903
1 29 67 38 63 33 1 1904
1 103 60 1 64 1 3 1905
1 24 55 39 60 37 4 1906
1 29 32 50 30 52 1 1907
0 77 53 45 52 47 3 1908
1 96 48 64 48 59 1 1909
1 89 46 3 38 3 1 1910
1 120 49 3 39 5 2 1911
1 45 63 44 54 41 1 1912
0 117 44 64 49 65 3 1913
0 95 55 80 39 80 3 1914
1 83 29 65 27 70 1 1915
1 102 45 62 44 36 1 1916
1 93 6 31 6 36 2 1917
1 95 70 36 70 58 1 1918
0 47 6 46 6 43 3 1919
1 53 88 93 86 96 1 1920
1 39 44 54 41 60 1 1921
0 83 65 49 64 51 3 1922
1 18 59 43 89 24 2 1923
0 51 45 3 40 3 3 1924
0 39 57 38 39 39 3 1925
0 68 68 40 71 37 3 1926
0 27 53 57 50 64 3 1927
1 53 52 43 58 37 6 1928
0 46 58 57 48 50 5 1929
1 132 68 38 65 36 1 1930
0 65 53 43 50 48 3 1931
1 12 63 32 67 39 1 1932
0 32 5 58 7 38 3 1933
1 68 62 35 60 34 2 1934
1 32 41 12 36 14 1 1935
1 55 36 51 41 75 1 1936
0 102 5 44 6 38 3 1937
0 58 54 42 63 35 3 1938
1 21 57 78 59 71 2 1939
1 72 53 53 50 48 2 1940
0 121 53 54 57 44 3 1941
1 97 58 76 55 77 6 1942
1 93 92 26 91 32 1 1943
0 17 60 36 65 19 3 1944
1 13 68 39 71 40 1 1945
0 132 68 46 64 45 3 1946
0 112 52 24 53 27 3 1947
0 40 43 11 36 13 3 1948
1 8 79 7 82 5 1 1949
1 66 59 44 67 31 1 1950
0 118 54 21 60 19 3 1951
1 101 42 37 46 41 1 1952
0 100 70 73 72 68 3 1953
0 93 40 38 43 38 6 1954
1 107 44 38 44 34 1 1955
1 139 69 74 39 58 2 1956
1 18 53 32 49 35 2 1957
0 70 48 45 48 42 3 1958
1 108 5 67 6 65 1 1959
0 25 47 40 41 38 6 1960
1 12 68 40 67 44 5 1961
0 0 66 91 65 94 3 1962
1 59 6 32 6 39 1 1963
1 48 42 10 46 8 1 1964
1 48 47 31 55 22 1 1965
0 20 61 37 62 34 3 1966
1 31 50 58 48 56 2 1967
0 139 92 34 92 30 3 1968
1 120 55 42 57 41 1 1969
1 86 61 19 59 18 1 1970
0 19 38 58 33 66 3 1971
1 11 45 4 35 4 1 1972
1 97 50 52 52 58 1 1973
0 36 53 43 53 47 3 1974
1 126 57 43 53 44 1 1975
0 19 79 5 70 6 3 1976
0 54 5 65 1 68 6 1977
1 55 58 43 55 43 1 1978
0 128 52 27 2 7 3 1979
0 80 98 18 98 27 3 1980
1 89 64 68 65 66 2 1981
1 79 57 19 52 19 1 1982
1 108 5 70 5 67 5 1983
0 53 68 38 66 40 3 1984
0 102 85 5 79 2 3 1985
0 25 38 40 45 27 3 1986
0 79 30 49 33 41 5 1987
0 106 62 32 36 15 3 1988
1 116 6 48 6 51 1 1989
1 56 44 61 51 49 1 1990
0 46 55 65 52 60 3 1991
0 107 66 93 63 96 3 1992
1 13 50 41 42 39 1 1993
1 70 55 71 98 64 1 1994
0 51 35 40 32 44 3 1995
0 23 55 33 56 23 5 1996
1 7 30 52 28 57 2 1997
1 10 42 29 38 42 1 1998
0 74 58 36 57 38 3 1999
