1 59 45 20 41 20 2 0
1 51 43 12 41 11 2 1
1 53 52 56 53 42 1 2
1 27 47 50 46 52 1 3
1 42 55 23 53 24 1 4
1 46 51 20 36 18 1 5
1 68 56 37 63 19 1 6
1 63 48 3 37 4 1 7
0 57 59 26 59 29 3 8
0 35 52 24 51 26 5 9
0 50 46 53 31 55 3 10
0 85 56 80 52 80 3 11
1 139 49 46 63 49 1 12
1 137 79 5 82 4 1 13
1 134 65 42 35 16 1 14
1 26 51 80 56 80 1 15
0 111 65 72 70 70 3 16
1 46 66 1 60 1 1 17
1 111 5 45 5 59 1 18
1 110 58 16 65 15 1 19
1 105 59 16 53 17 5 20
1 48 53 55 55 47 1 21
0 126 38 24 42 30 3 22
1 124 80 4 81 6 1 23
1 67 3 68 5 69 1 24
0 25 57 34 50 38 3 25
0 126 53 46 56 36 3 26
1 93 39 28 43 33 5 27
0 78 60 41 49 49 5 28
0 34 56 77 55 75 5 29
0 25 50 28 51 26 3 30
1 53 49 31 55 17 2 31
1 48 45 58 43 65 1 32
1 89 71 73 73 67 1 33
0 93 45 34 99 31 3 34
0 111 6 31 5 44 3 35
1 27 57 39 51 46 1 36
1 27 32 78 14 60 2 37
1 80 63 69 59 70 1 38
0 133 6 51 7 43 3 39
1 140 63 28 70 30 3 40
1 8 60 31 44 40 1 41
0 76 51 75 65 63 3 42
0 117 48 54 41 73 3 43
1 107 52 46 48 53 2 44
1 54 62 34 61 31 1 45
1 95 6 29 6 37 1 46
0 12 66 42 62 30 3 47
0 138 45 4 37 4 3 48
1 43 56 75 62 68 1 49
0 62 46 47 45 51 3 50
1 5 57 49 64 18 2 51
0 38 43 30 40 38 4 52
0 88 56 36 59 35 5 53
0 27 63 49 69 43 3 54
0 50 50 1 54 1 3 55
0 51 33 47 30 50 3 56
0 52 41 36 40 45 3 57
1 28 55 31 56 25 1 58
1 26 46 73 51 63 1 59
0 67 48 80 55 80 5 60
1 51 61 16 54 20 1 61
1 105 59 17 64 16 1 62
1 106 92 30 90 45 2 63
1 37 56 29 55 32 1 64
0 71 40 36 38 40 3 65
0 137 29 53 31 51 3 66
1 36 30 53 28 57 1 67
0 93 54 40 52 46 3 68
0 16 54 39 57 45 3 69
1 63 50 78 53 79 1 70
0 130 46 20 50 20 3 71
1 83 52 46 59 35 1 72
1 95 71 30 66 39 1 73
0 6 56 29 54 33 3 74
0 41 55 38 57 41 3 75
0 93 52 54 52 47 3 76
0 140 54 26 56 23 3 77
1 11 45 3 39 5 1 78
0 23 42 3 40 4 3 79
1 127 53 24 57 35 1 80
0 47 49 2 52 2 4 81
0 5 57 2 54 2 3 82
0 7 58 59 62 18 3 83
1 59 52 1 48 2 2 84
1 0 71 39 62 29 1 85
1 127 92 24 91 32 1 86
0 4 50 31 48 28 3 87
0 74 54 59 55 57 3 88
0 65 52 48 57 44 3 89
1 13 55 42 56 48 1 90
1 33 41 24 45 22 1 91
1 65 56 49 50 29 1 92
1 109 54 39 52 46 3 93
1 91 64 43 63 45 1 94
0 75 30 54 26 67 3 95
0 60 59 45 56 51 3 96
1 70 6 35 5 33 1 97
0 88 43 12 39 14 3 98
1 134 40 20 43 29 1 99
0 42 51 80 48 80 3 100
0 54 54 31 53 33 3 101
0 19 48 29 37 27 3 102
0 112 59 35 57 36 3 103
0 23 57 34 51 44 3 104
1 96 40 12 43 12 1 105
0 20 60 1 57 2 3 106
1 36 67 35 69 42 1 107
1 0 47 20 50 18 1 108
0 89 71 69 66 74 6 109
0 38 39 46 42 41 6 110
1 29 63 22 62 25 2 111
0 57 98 16 98 20 3 112
0 128 69 33 61 60 3 113
0 76 91 27 90 36 3 114
1 100 98 23 98 20 2 115
1 67 52 45 48 65 1 116
0 19 55 23 54 25 3 117
0 109 41 2 28 2 6 118
1 82 6 69 5 63 1 119
0 41 53 45 55 43 3 120
1 103 53 75 59 70 2 121
0 116 39 39 42 40 4 122
1 96 6 31 6 44 2 123
0 106 67 34 66 38 3 124
0 137 98 21 98 24 3 125
0 86 5 36 7 49 3 126
1 78 91 33 91 28 1 127
1 11 63 54 63 47 1 128
0 81 31 50 31 32 3 129
1 143 98 15 98 22 1 130
1 24 6 55 6 48 1 131
0 78 46 3 42 3 3 132
0 141 54 40 54 36 3 133
1 131 46 19 47 15 1 134
0 112 30 45 34 43 5 135
0 93 5 37 6 32 3 136
0 86 6 63 5 67 3 137
1 22 56 28 57 31 1 138
1 110 61 48 59 58 1 139
0 72 50 42 49 45 3 140
1 54 6 64 5 70 1 141
1 108 57 2 61 1 1 142
1 139 6 29 5 36 1 143
1 96 5 59 6 32 1 144
0 36 53 24 50 27 3 145
0 24 64 52 61 50 3 146
0 0 22 19 40 80 3 147
0 6 59 44 57 45 3 148
0 96 47 60 57 38 3 149
1 39 6 55 6 58 1 150
1 112 59 40 58 38 1 151
1 67 45 65 50 47 1 152
0 7 69 76 70 74 3 153
1 30 61 33 63 17 1 154
1 51 31 47 32 52 1 155
0 121 7 46 7 37 3 156
1 123 56 37 57 39 2 157
1 16 39 14 44 11 1 158
0 106 54 40 54 49 3 159
1 60 61 44 57 49 2 160
1 85 55 74 57 75 1 161
0 63 53 77 42 78 6 162
1 88 54 43 52 44 1 163
1 88 62 49 67 44 1 164
0 97 86 92 88 93 3 165
0 45 47 80 56 80 3 166
1 11 54 75 58 75 3 167
1 46 63 46 68 40 1 168
0 29 56 50 63 35 6 169
1 124 30 34 33 36 1 170
1 8 67 42 64 52 1 171
1 5 58 39 47 48 1 172
1 88 57 49 66 17 1 173
1 10 54 44 55 35 1 174
0 24 53 19 60 18 3 175
0 48 43 12 34 11 3 176
1 49 27 51 29 52 2 177
1 108 5 69 5 63 5 178
0 17 56 36 57 48 3 179
0 116 50 20 48 19 3 180
1 142 6 33 6 29 4 181
0 15 53 41 50 44 3 182
1 33 64 36 59 34 1 183
1 28 54 67 55 64 1 184
1 0 62 44 67 20 2 185
0 0 72 35 72 39 5 186
1 113 55 43 54 39 1 187
1 26 41 35 44 34 1 188
1 126 61 29 54 28 1 189
0 80 67 34 68 36 3 190
0 102 87 4 81 2 3 191
0 98 64 33 68 33 3 192
1 100 45 81 50 81 1 193
1 7 6 60 7 40 5 194
0 35 43 57 43 37 3 195
1 76 7 47 6 57 1 196
1 108 5 67 6 65 1 197
0 3 43 12 31 15 3 198
0 40 6 69 5 67 5 199
1 9 68 42 67 39 1 200
1 37 12 0 37 2 1 201
0 120 25 12 30 11 3 202
0 51 39 5 35 5 3 203
1 66 61 18 64 16 2 204
1 75 59 37 52 43 2 205
0 111 79 7 76 7 3 206
1 19 92 34 91 44 1 207
0 55 70 6 80 5 3 208
1 104 68 42 67 27 4 209
1 68 55 58 53 57 2 210
0 8 59 33 65 31 3 211
1 116 67 42 37 15 3 212
0 68 53 33 56 29 3 213
1 5 47 85 31 93 1 214
1 38 46 51 56 26 2 215
0 61 32 39 27 59 3 216
0 40 62 48 60 45 3 217
1 105 57 59 56 64 2 218
0 136 55 35 53 38 3 219
0 88 69 25 69 42 3 220
0 44 56 38 31 42 3 221
1 115 98 21 98 10 2 222
0 63 91 36 91 33 3 223
0 42 71 33 72 35 3 224
1 102 74 67 71 72 3 225
1 89 87 3 85 4 1 226
1 129 54 46 51 56 1 227
1 116 69 41 71 42 1 228
1 96 37 13 40 11 5 229
1 69 30 54 32 52 2 230
1 72 60 44 60 39 4 231
1 123 55 47 48 28 2 232
0 59 60 74 98 67 3 233
0 3 5 72 6 66 3 234
1 77 53 18 50 19 1 235
0 90 59 32 56 34 3 236
1 23 72 36 69 42 1 237
0 16 67 34 70 30 3 238
0 74 60 46 58 47 3 239
1 143 54 36 57 38 2 240
1 137 61 1 50 1 2 241
0 38 59 27 53 36 3 242
1 27 62 24 66 23 1 243
0 7 51 20 54 20 3 244
1 121 42 29 42 38 1 245
0 46 52 70 50 79 3 246
0 39 39 91 41 86 3 247
1 39 64 43 71 41 1 248
0 27 5 70 6 65 3 249
1 28 60 47 58 57 1 250
1 139 79 6 70 6 1 251
0 79 70 35 64 51 3 252
1 131 56 76 57 74 1 253
1 17 47 21 44 22 1 254
1 95 71 70 69 74 1 255
1 62 58 2 55 2 5 256
1 11 55 75 57 77 1 257
1 103 53 43 53 47 1 258
1 102 91 33 91 30 1 259
0 59 43 57 45 61 3 260
0 127 50 46 58 38 5 261
1 104 56 43 55 45 1 262
1 112 52 25 53 27 5 263
1 86 59 77 59 74 1 264
1 38 26 54 32 45 3 265
1 132 43 41 44 31 2 266
0 133 44 69 46 60 3 267
1 85 69 44 69 37 1 268
0 18 58 45 56 39 3 269
1 64 68 74 71 74 1 270
1 119 53 45 57 36 1 271
0 24 56 38 58 35 3 272
1 6 69 69 67 73 3 273
1 106 52 2 48 2 1 274
0 19 44 76 56 74 3 275
1 130 82 4 79 6 1 276
0 91 60 55 56 43 3 277
1 26 56 42 59 43 1 278
0 62 32 46 29 47 3 279
0 30 55 53 56 51 3 280
0 18 31 45 30 54 3 281
1 112 50 28 53 24 1 282
0 21 31 46 21 45 3 283
1 19 53 18 39 30 2 284
1 92 57 29 58 33 1 285
0 9 53 36 52 39 3 286
1 60 52 63 53 68 2 287
1 6 6 34 5 36 1 288
0 79 73 34 63 59 5 289
1 1 56 37 60 36 5 290
1 36 46 53 70 34 1 291
0 26 46 27 44 26 3 292
1 41 49 56 55 45 1 293
1 21 60 34 58 46 1 294
0 35 53 27 52 30 3 295
1 63 55 74 58 75 1 296
1 101 53 48 50 51 2 297
1 97 78 7 81 5 6 298
0 49 59 32 61 35 3 299
1 4 53 44 56 39 1 300
0 138 40 12 42 11 3 301
1 26 55 38 55 43 1 302
0 92 69 6 81 5 3 303
1 19 48 21 43 24 2 304
1 131 39 14 42 12 2 305
1 42 92 24 92 28 1 306
1 128 48 44 54 40 2 307
0 24 55 45 52 46 3 308
1 91 88 94 85 96 2 309
1 110 67 23 71 27 1 310
1 100 47 25 46 27 2 311
0 136 54 69 58 49 3 312
1 72 5 70 5 67 1 313
1 100 59 71 51 72 1 314
1 115 98 15 98 19 1 315
1 32 54 39 55 44 2 316
0 61 63 34 60 30 3 317
0 52 68 42 52 44 5 318
1 140 50 77 32 78 2 319
0 35 54 52 52 57 3 320
0 102 57 20 53 21 3 321
1 143 32 42 31 46 6 322
0 129 44 30 41 34 3 323
1 121 48 3 38 4 1 324
1 101 65 41 63 48 6 325
1 122 48 37 49 45 1 326
0 25 54 56 49 56 3 327
1 106 6 42 7 47 1 328
0 5 48 86 47 56 3 329
0 13 68 41 69 37 5 330
1 43 61 47 62 40 6 331
0 80 29 47 32 44 5 332
1 66 70 34 68 26 1 333
1 36 64 32 63 44 4 334
1 120 69 40 68 43 2 335
1 140 70 37 61 50 1 336
0 82 52 46 53 48 6 337
1 14 62 39 64 35 1 338
0 101 53 52 51 56 3 339
0 126 51 49 48 54 5 340
0 62 84 4 81 2 4 341
0 79 47 44 45 50 3 342
1 68 45 21 48 19 4 343
1 143 49 19 48 21 1 344
0 117 52 44 56 40 3 345
0 111 52 45 44 61 3 346
1 42 53 42 51 36 1 347
1 96 6 30 7 41 2 348
0 108 5 68 6 66 3 349
0 38 55 50 57 45 3 350
1 0 55 42 46 37 6 351
0 108 56 1 60 1 3 352
1 24 64 1 59 1 2 353
0 105 69 42 68 38 3 354
0 86 55 80 51 80 3 355
1 41 50 52 44 62 1 356
1 39 49 50 55 43 1 357
1 66 37 41 31 27 1 358
0 139 92 29 91 19 3 359
0 3 47 2 51 2 3 360
0 52 53 55 55 54 3 361
1 26 70 31 38 15 1 362
0 116 61 28 54 24 4 363
1 116 52 51 51 57 1 364
1 55 54 37 60 23 1 365
0 61 27 50 30 52 3 366
1 68 60 33 59 36 5 367
1 42 5 68 6 66 1 368
1 2 55 38 37 51 1 369
1 143 37 13 43 12 1 370
0 139 49 44 37 56 3 371
1 3 91 33 91 40 5 372
1 133 72 35 69 38 2 373
1 23 84 92 86 91 1 374
0 60 58 52 52 60 3 375
1 101 53 54 50 60 1 376
0 32 39 12 45 10 3 377
0 81 53 57 51 63 3 378
1 105 54 21 43 22 1 379
1 4 47 4 42 3 1 380
1 95 98 18 98 23 1 381
0 75 51 27 46 32 3 382
1 4 66 35 63 52 4 383
1 8 52 36 50 38 5 384
0 62 60 2 56 2 3 385
0 48 54 39 55 37 3 386
1 143 59 17 56 18 5 387
0 24 53 40 58 39 4 388
1 59 57 49 61 42 2 389
0 118 53 19 57 18 6 390
0 135 42 34 43 30 3 391
0 3 40 37 37 41 3 392
1 101 65 20 65 17 1 393
1 26 69 38 73 35 1 394
0 51 31 52 28 44 5 395
1 50 42 30 54 27 5 396
0 117 53 53 55 52 3 397
1 75 57 48 52 45 4 398
0 96 59 35 57 37 3 399
1 57 55 40 64 31 1 400
1 127 46 53 40 54 1 401
1 24 58 43 57 48 3 402
0 18 52 60 55 49 3 403
1 38 56 30 51 36 1 404
1 14 56 73 52 65 2 405
0 73 65 28 63 33 3 406
1 84 44 33 42 31 3 407
0 54 68 40 68 32 3 408
0 91 59 42 67 41 3 409
0 27 49 33 52 31 3 410
1 116 69 35 69 40 5 411
1 4 53 27 48 34 1 412
1 85 70 38 73 30 2 413
0 78 54 80 50 80 3 414
0 120 6 47 6 53 3 415
0 128 54 40 57 30 6 416
0 33 38 52 27 24 5 417
1 3 49 2 46 2 1 418
0 79 31 58 29 63 3 419
0 101 57 30 56 26 3 420
0 79 49 47 58 42 3 421
1 118 52 19 53 17 1 422
0 48 50 50 45 62 3 423
0 50 46 35 41 27 3 424
0 4 71 71 67 72 3 425
1 69 51 28 49 33 1 426
0 45 73 32 69 36 3 427
1 125 75 6 82 5 1 428
0 54 61 39 64 43 3 429
0 65 42 29 41 34 3 430
0 127 42 3 50 2 3 431
1 86 59 35 30 15 1 432
1 42 57 45 51 48 1 433
0 13 66 93 68 90 3 434
0 88 54 66 58 58 3 435
0 143 42 13 41 11 3 436
0 106 80 6 83 4 3 437
0 81 35 29 38 25 3 438
1 33 49 34 51 32 1 439
0 79 57 38 63 34 3 440
1 35 53 45 49 49 1 441
1 132 59 36 53 20 1 442
1 75 48 2 27 2 1 443
0 94 5 56 6 64 3 444
0 84 62 33 62 30 3 445
1 98 52 34 59 31 1 446
1 112 65 49 67 42 1 447
0 96 6 42 6 51 3 448
1 139 60 26 61 29 2 449
1 67 31 43 32 46 1 450
1 86 7 50 6 46 1 451
1 8 72 34 70 42 1 452
0 18 69 71 40 57 3 453
0 66 40 43 38 46 3 454
0 3 91 18 89 22 3 455
0 127 98 16 98 20 3 456
1 5 5 58 6 44 2 457
1 28 98 21 98 17 5 458
0 12 67 42 68 29 3 459
1 98 63 43 68 21 1 460
1 37 50 27 48 28 1 461
0 24 42 29 42 33 3 462
0 58 59 39 61 38 3 463
0 18 7 44 7 38 3 464
0 97 50 60 52 55 3 465
0 136 53 29 52 26 3 466
1 31 59 2 61 1 1 467
0 55 59 36 56 39 3 468
1 86 54 49 49 52 1 469
1 114 87 2 81 2 1 470
0 137 49 41 47 42 3 471
1 86 45 4 42 3 1 472
1 102 34 17 40 17 1 473
1 0 60 44 59 33 1 474
0 83 49 2 46 2 3 475
1 103 58 54 61 45 2 476
0 99 36 52 38 49 3 477
1 56 57 36 61 32 6 478
0 93 58 1 61 1 3 479
0 128 57 29 57 35 3 480
0 114 70 37 67 42 3 481
0 76 6 48 7 46 4 482
1 19 91 36 91 39 1 483
0 64 33 48 34 40 3 484
1 6 6 64 5 68 2 485
0 102 53 17 49 18 3 486
0 83 49 37 54 39 4 487
0 38 37 43 41 37 3 488
1 25 60 27 63 20 1 489
0 93 92 35 92 23 3 490
1 16 30 47 31 44 6 491
0 6 62 26 56 30 3 492
0 134 70 72 73 65 3 493
1 118 60 22 61 25 2 494
1 24 56 22 51 26 2 495
0 41 53 43 42 74 3 496
1 70 69 73 65 77 1 497
1 140 6 29 6 35 2 498
0 43 70 43 70 39 3 499
0 88 42 42 59 23 3 500
0 23 67 41 61 55 3 501
1 97 31 37 31 45 1 502
0 99 49 52 19 38 3 503
1 6 58 36 63 32 2 504
1 74 50 54 43 63 1 505
1 52 39 36 37 39 1 506
1 125 6 36 5 21 2 507
0 143 53 19 56 18 3 508
0 112 57 39 31 42 6 509
0 35 46 32 36 28 3 510
1 39 73 36 71 40 2 511
0 88 63 34 61 35 3 512
1 44 57 38 61 38 1 513
0 49 33 42 27 52 3 514
0 34 56 79 58 77 3 515
0 77 58 28 55 31 3 516
0 1 55 39 52 41 3 517
1 50 73 38 68 37 1 518
0 48 68 34 54 37 5 519
0 54 45 60 43 64 3 520
1 69 6 39 7 36 1 521
0 2 41 42 38 39 3 522
0 140 58 59 50 59 3 523
0 92 67 41 63 45 3 524
1 36 63 47 62 45 1 525
0 54 60 51 58 46 3 526
1 89 66 93 62 96 2 527
1 27 58 80 52 81 1 528
1 50 6 68 4 76 1 529
0 100 69 38 70 42 3 530
0 41 6 37 5 39 3 531
0 101 63 34 57 40 3 532
0 105 56 64 61 51 3 533
0 116 5 26 5 29 3 534
1 58 66 29 58 37 3 535
1 35 60 24 49 39 3 536
0 112 45 33 51 31 3 537
1 110 51 29 60 31 1 538
1 94 6 28 6 35 2 539
1 48 39 14 36 13 1 540
0 14 59 37 54 45 5 541
1 13 53 46 56 44 6 542
0 65 58 37 59 40 3 543
0 126 32 78 58 70 3 544
0 19 63 76 52 75 3 545
1 89 56 75 63 69 1 546
1 28 46 3 44 4 1 547
1 52 40 45 29 57 2 548
1 67 50 80 54 80 3 549
0 135 42 30 46 26 3 550
0 46 52 40 55 39 3 551
0 143 49 64 47 60 3 552
1 15 58 57 48 78 1 553
0 20 66 39 64 43 3 554
0 108 62 1 58 2 3 555
1 35 47 29 38 36 2 556
1 86 67 93 64 93 1 557
0 104 56 74 55 76 3 558
1 80 39 12 43 12 1 559
1 18 5 34 5 37 1 560
0 108 51 75 65 75 3 561
1 98 58 75 60 76 1 562
0 122 63 1 59 1 3 563
0 97 53 55 48 56 3 564
0 69 66 74 69 75 3 565
1 94 29 55 34 41 2 566
0 77 64 1 54 2 3 567
1 139 64 36 62 38 2 568
1 7 6 48 5 83 3 569
0 139 46 55 48 44 3 570
0 128 28 48 31 43 3 571
0 26 52 48 50 51 3 572
0 23 58 29 57 31 6 573
0 111 48 53 52 55 3 574
1 111 48 53 53 44 6 575
0 86 64 75 68 72 3 576
1 55 55 51 52 45 1 577
0 129 46 50 32 57 3 578
0 35 70 40 68 35 3 579
1 65 62 49 59 54 2 580
0 128 51 41 54 45 3 581
1 79 37 41 38 48 1 582
0 121 46 31 42 30 3 583
1 81 45 33 36 37 1 584
0 57 43 52 54 46 3 585
1 10 60 50 43 46 1 586
0 35 67 91 64 91 3 587
0 110 98 24 98 19 3 588
0 7 54 40 33 43 3 589
1 133 56 41 56 38 1 590
0 120 60 42 63 43 3 591
1 55 67 92 65 91 1 592
1 74 55 34 60 32 1 593
1 68 6 36 6 27 2 594
1 24 51 50 49 55 1 595
1 96 62 19 57 10 3 596
0 132 67 40 42 18 3 597
1 92 62 19 57 18 1 598
1 23 58 26 59 32 1 599
1 87 62 48 60 54 1 600
0 130 68 41 69 37 3 601
0 5 55 75 53 77 3 602
1 40 6 61 6 65 1 603
1 137 36 13 39 14 1 604
0 39 5 58 6 64 3 605
1 68 6 60 5 77 1 606
1 143 98 19 98 24 5 607
1 133 61 23 53 40 2 608
1 44 52 51 53 47 2 609
0 23 55 36 53 40 6 610
1 108 91 33 92 35 1 611
0 128 60 30 61 25 3 612
0 102 80 6 98 3 5 613
0 131 55 19 52 19 3 614
1 85 66 93 64 92 1 615
1 65 69 36 98 26 1 616
0 86 58 72 60 71 3 617
1 124 91 34 90 38 5 618
1 69 16 2 39 3 6 619
0 99 65 40 63 45 3 620
1 70 69 37 68 47 4 621
1 123 56 78 57 75 2 622
1 101 51 31 54 23 2 623
1 10 54 38 50 42 1 624
1 48 92 27 88 59 5 625
0 19 69 35 62 48 3 626
1 66 53 50 53 47 1 627
0 103 46 28 41 34 3 628
1 76 50 42 33 56 1 629
0 96 55 45 55 42 3 630
1 102 62 42 68 42 3 631
1 124 69 38 62 48 4 632
1 86 5 61 5 64 1 633
1 33 56 39 58 42 1 634
1 12 67 73 70 73 1 635
0 51 60 24 61 26 3 636
1 68 62 48 63 45 1 637
0 143 26 51 27 49 6 638
0 29 68 42 62 49 3 639
0 81 49 43 47 50 5 640
1 119 6 32 6 29 1 641
0 91 63 78 98 64 3 642
0 64 55 31 60 23 3 643
0 65 31 49 29 54 3 644
1 4 55 38 58 37 2 645
0 19 51 19 47 20 3 646
1 38 58 26 55 29 1 647
0 54 51 70 55 65 3 648
1 36 67 34 62 39 1 649
0 51 73 38 70 36 3 650
1 14 44 63 46 58 1 651
1 44 64 37 57 39 1 652
1 56 88 4 83 3 1 653
0 143 31 51 26 49 3 654
0 116 37 40 44 37 3 655
1 130 6 30 6 34 1 656
0 17 47 50 46 27 3 657
0 108 48 44 21 39 3 658
0 48 52 28 56 41 3 659
1 78 65 52 68 44 1 660
0 118 68 35 52 35 3 661
0 48 53 27 40 33 3 662
0 78 47 45 50 38 3 663
0 85 32 43 29 35 3 664
0 128 42 13 40 11 5 665
1 42 47 45 48 51 1 666
1 46 67 38 70 15 1 667
0 10 52 32 51 34 3 668
0 65 57 32 49 42 3 669
0 14 49 55 48 59 3 670
1 81 46 3 39 3 1 671
0 124 45 49 47 50 3 672
1 16 34 11 33 13 1 673
0 43 98 21 98 25 3 674
0 105 63 16 61 17 3 675
0 143 98 7 98 16 3 676
0 140 52 52 52 49 3 677
1 85 61 44 55 52 2 678
0 13 56 41 54 46 3 679
0 57 52 43 53 52 3 680
0 57 63 32 67 35 3 681
1 76 63 42 63 32 1 682
0 13 61 20 65 30 3 683
1 128 34 15 38 14 2 684
1 3 91 33 87 56 1 685
0 3 53 29 49 33 3 686
1 104 59 23 55 26 1 687
1 64 40 14 40 11 6 688
1 76 55 23 60 14 2 689
0 101 38 14 41 13 3 690
1 98 61 49 61 43 3 691
0 73 88 93 85 93 3 692
0 0 63 32 62 29 3 693
1 118 57 19 59 17 1 694
0 111 35 55 36 45 3 695
0 67 4 67 4 63 3 696
1 46 53 18 34 19 6 697
1 130 6 30 6 34 1 698
1 1 60 30 61 28 1 699
0 38 60 30 63 21 3 700
0 55 46 43 52 46 3 701
1 63 90 38 92 26 1 702
1 95 49 40 52 45 1 703
1 31 46 45 45 49 1 704
0 143 31 78 56 77 3 705
0 41 38 40 43 32 3 706
1 67 28 67 30 63 1 707
1 98 58 48 55 52 1 708
0 78 52 20 55 16 3 709
1 39 68 42 66 43 6 710
0 117 54 50 52 55 3 711
1 104 52 44 56 47 2 712
1 53 48 44 38 57 2 713
1 56 45 60 51 51 2 714
0 125 55 52 58 50 3 715
1 93 56 1 53 2 3 716
0 122 59 33 58 35 3 717
0 88 61 36 58 37 5 718
1 39 69 34 69 38 1 719
0 119 52 80 54 77 3 720
1 88 50 45 49 43 1 721
0 64 54 43 65 27 3 722
0 7 89 52 91 37 3 723
1 124 57 2 60 1 5 724
1 93 41 41 41 36 1 725
1 143 44 65 41 70 2 726
1 86 5 50 5 47 5 727
0 93 47 50 49 48 3 728
1 89 51 31 53 27 1 729
0 46 63 1 60 1 6 730
1 110 41 35 37 42 1 731
0 143 57 39 61 39 3 732
0 48 49 43 33 43 3 733
1 96 6 51 6 61 2 734
0 113 55 32 57 30 3 735
1 81 52 27 50 26 5 736
0 120 66 37 63 42 3 737
0 135 42 34 38 40 3 738
1 78 60 42 50 48 1 739
1 39 61 43 61 52 1 740
1 133 48 65 45 64 5 741
1 87 43 43 32 54 1 742
1 27 4 68 6 64 2 743
1 13 34 46 32 48 1 744
1 143 57 37 53 44 1 745
0 118 15 21 58 37 3 746
1 88 60 20 62 25 1 747
0 39 65 46 68 43 3 748
1 66 91 31 90 27 2 749
1 33 50 20 48 18 2 750
1 44 6 42 7 50 3 751
0 88 48 52 47 58 3 752
0 72 98 12 98 21 3 753
0 0 43 78 47 71 3 754
0 16 62 58 54 71 3 755
1 99 45 57 45 64 1 756
1 135 34 39 34 42 1 757
1 93 56 1 62 1 5 758
1 68 57 30 60 27 1 759
1 31 69 71 68 73 2 760
1 90 59 24 62 26 1 761
0 66 6 38 5 36 3 762
0 40 61 18 57 19 5 763
0 35 59 18 62 17 3 764
1 11 32 57 41 40 1 765
1 128 55 18 62 10 1 766
1 107 44 36 46 26 2 767
0 91 66 93 64 95 3 768
0 64 56 25 62 23 3 769
1 132 60 27 49 27 2 770
1 92 70 42 58 41 2 771
1 24 53 46 55 42 1 772
1 42 30 53 30 50 3 773
1 109 60 45 59 39 2 774
0 84 23 49 22 47 3 775
0 97 52 48 52 57 3 776
1 63 50 83 53 76 1 777
0 112 86 2 84 4 3 778
1 130 4 39 6 37 1 779
1 27 45 35 47 28 1 780
0 128 50 27 45 27 4 781
0 142 70 72 68 74 3 782
0 38 90 37 90 47 3 783
1 87 54 32 58 25 2 784
1 89 54 37 57 39 1 785
1 24 50 49 53 54 1 786
0 39 34 26 39 29 3 787
0 103 59 33 58 28 3 788
0 93 44 36 39 37 3 789
1 73 66 30 64 36 1 790
0 0 98 30 98 26 3 791
0 17 57 53 55 54 3 792
1 39 59 38 70 35 1 793
0 64 44 11 37 10 3 794
1 48 42 12 36 13 2 795
0 112 38 12 40 14 3 796
0 53 55 41 58 36 3 797
1 21 60 32 50 44 1 798
1 57 64 75 67 74 1 799
0 17 56 77 57 75 3 800
0 116 69 37 66 40 3 801
1 98 57 50 55 52 1 802
0 7 6 55 6 48 5 803
1 64 36 13 41 13 1 804
1 85 89 33 91 37 2 805
1 27 62 39 54 38 1 806
1 25 61 1 67 1 1 807
0 78 62 50 59 47 3 808
1 51 49 53 38 52 1 809
1 44 61 46 63 37 1 810
0 43 62 37 59 37 3 811
1 111 47 60 46 64 2 812
0 24 63 50 68 39 3 813
1 66 62 39 59 41 1 814
1 10 62 47 60 45 1 815
0 10 58 40 42 39 3 816
0 102 47 67 54 49 3 817
0 39 68 44 64 32 3 818
0 49 55 34 24 30 5 819
0 104 37 16 67 37 3 820
1 51 64 76 67 78 1 821
0 120 59 67 57 73 3 822
0 97 45 35 48 34 6 823
0 111 98 22 98 25 3 824
1 52 55 25 48 28 1 825
1 79 48 47 46 58 1 826
0 128 27 49 32 43 3 827
1 97 68 41 64 53 1 828
0 59 50 54 49 59 3 829
1 51 6 41 5 36 1 830
1 128 58 32 56 30 6 831
0 132 29 52 27 59 3 832
0 106 45 4 37 4 3 833
1 143 50 17 46 20 2 834
1 103 67 47 66 53 2 835
1 44 52 43 57 36 3 836
0 50 57 19 54 18 3 837
1 65 53 58 33 30 3 838
0 32 32 38 26 46 3 839
1 94 58 2 63 1 3 840
1 24 67 92 65 94 1 841
1 108 60 1 54 1 3 842
0 125 92 34 92 31 3 843
1 109 46 61 45 64 1 844
0 111 6 27 6 35 6 845
0 142 68 72 64 75 3 846
1 17 56 39 17 20 1 847
1 115 53 46 54 39 2 848
0 121 38 39 41 35 3 849
1 12 60 31 64 20 1 850
0 90 6 40 6 34 3 851
1 86 65 28 59 33 1 852
0 133 48 66 43 62 5 853
1 6 68 69 70 72 1 854
1 66 52 31 55 25 2 855
0 139 92 26 91 30 3 856
1 119 60 37 42 39 1 857
1 103 60 27 52 28 1 858
0 120 53 17 52 19 3 859
0 102 51 45 49 55 3 860
1 143 6 64 6 57 1 861
0 97 62 31 54 29 3 862
1 62 56 2 59 1 1 863
1 8 59 18 62 19 3 864
0 91 53 55 51 58 3 865
1 46 56 52 57 48 4 866
0 50 20 15 36 29 3 867
0 53 56 51 54 43 3 868
0 68 49 53 52 55 3 869
0 61 48 55 53 38 3 870
0 104 52 47 49 45 3 871
1 33 52 45 58 43 3 872
1 32 66 36 57 64 5 873
1 66 53 19 55 21 5 874
0 140 6 53 6 62 3 875
0 7 60 41 55 51 3 876
1 67 56 80 51 80 2 877
1 51 74 66 68 73 1 878
0 63 55 50 45 77 3 879
1 26 54 35 51 32 1 880
0 128 55 29 59 28 3 881
1 58 58 1 60 2 1 882
0 61 49 80 51 78 3 883
0 20 60 16 58 17 3 884
1 90 61 37 56 40 1 885
1 0 50 54 44 64 1 886
0 125 52 49 42 75 3 887
1 13 58 46 44 40 1 888
1 72 46 45 47 47 1 889
1 111 52 26 50 27 1 890
0 33 46 52 47 49 3 891
0 42 59 53 63 52 3 892
0 41 46 61 46 57 3 893
1 138 53 19 58 20 1 894
1 27 38 58 64 69 1 895
1 41 40 58 54 99 4 896
1 143 26 54 25 56 1 897
1 50 56 42 58 38 1 898
0 115 58 36 61 38 3 899
1 37 6 31 7 28 2 900
0 75 5 70 6 60 3 901
0 16 64 46 65 42 3 902
1 60 60 54 61 24 1 903
1 4 54 42 52 52 1 904
0 116 57 59 58 54 3 905
0 97 67 38 68 40 3 906
0 117 43 62 48 55 3 907
0 67 53 43 49 30 3 908
0 112 26 51 30 42 6 909
0 76 58 80 52 80 3 910
0 48 59 43 60 37 3 911
0 44 60 32 63 37 3 912
1 29 63 40 59 38 1 913
0 111 42 50 51 31 3 914
0 24 49 50 47 58 3 915
0 64 46 53 48 55 3 916
1 81 31 51 31 45 1 917
0 73 55 41 64 35 3 918
1 63 68 74 68 77 1 919
0 39 49 49 50 47 4 920
1 112 47 41 61 52 2 921
0 115 44 65 32 56 3 922
1 0 71 70 70 72 1 923
0 71 65 76 67 61 3 924
1 132 30 58 29 61 1 925
1 80 34 41 28 50 1 926
0 112 6 66 6 63 3 927
0 82 51 56 39 66 3 928
1 138 49 57 43 67 1 929
0 38 50 20 49 18 3 930
0 24 68 42 68 39 3 931
1 2 52 81 58 80 4 932
0 103 62 1 45 1 3 933
1 6 87 92 88 94 1 934
0 42 64 82 67 79 3 935
1 88 56 33 60 33 1 936
0 76 56 53 61 49 3 937
0 86 57 78 63 70 6 938
0 51 51 41 60 44 3 939
1 38 45 22 47 18 1 940
0 106 88 4 85 5 3 941
1 5 56 48 50 40 1 942
1 80 69 35 62 39 1 943
1 46 56 2 63 1 5 944
1 94 47 58 47 50 1 945
1 58 46 24 48 23 3 946
0 77 53 34 55 35 3 947
1 67 60 32 57 38 1 948
1 26 91 28 92 25 1 949
1 75 33 41 30 55 2 950
1 79 72 34 67 49 1 951
1 80 54 21 47 18 2 952
0 138 56 80 50 80 3 953
0 142 52 46 52 55 3 954
1 140 52 62 50 78 1 955
0 9 28 58 30 63 4 956
1 85 30 52 31 44 1 957
1 27 5 37 6 31 5 958
1 29 55 40 25 59 2 959
0 120 54 29 60 33 3 960
1 133 54 42 57 46 1 961
0 87 71 35 68 39 3 962
0 83 65 76 68 78 3 963
1 113 47 57 48 60 1 964
0 21 60 29 57 9 3 965
1 0 72 32 69 41 5 966
1 8 48 36 45 24 2 967
0 44 6 54 6 51 3 968
1 103 51 21 59 17 1 969
1 53 47 15 15 33 1 970
1 75 6 55 5 70 3 971
0 69 52 76 56 75 3 972
1 20 67 40 90 27 3 973
1 102 6 29 5 33 1 974
0 139 51 29 55 27 3 975
1 76 68 73 67 78 1 976
0 56 50 54 45 63 3 977
1 126 55 39 53 57 1 978
1 48 52 58 56 52 1 979
1 0 53 81 56 79 1 980
1 116 55 42 59 39 1 981
0 109 60 53 55 53 3 982
1 98 50 35 49 37 1 983
1 30 5 68 6 66 1 984
1 67 45 50 46 58 1 985
0 19 34 42 34 47 4 986
0 87 50 49 53 55 3 987
0 15 53 2 61 1 3 988
0 87 60 45 64 44 3 989
1 26 72 36 70 37 1 990
0 83 5 41 6 32 3 991
1 137 62 22 64 20 1 992
1 130 46 2 51 2 1 993
0 17 59 35 55 40 3 994
1 36 50 54 55 44 1 995
1 99 37 11 35 12 1 996
0 133 60 41 57 46 5 997
1 130 5 48 4 41 4 998
1 141 58 35 48 54 5 999
1 64 67 38 67 41 2 1000
0 128 51 37 52 33 6 1001
1 10 42 40 44 38 1 1002
0 73 26 49 30 44 3 1003
0 11 52 49 48 66 3 1004
0 137 5 66 5 69 3 1005
0 79 55 41 56 39 3 1006
1 24 45 32 43 39 5 1007
0 90 31 52 32 55 3 1008
1 94 30 48 29 52 1 1009
1 95 69 40 63 44 6 1010
0 47 30 52 33 48 4 1011
1 70 98 18 98 21 4 1012
0 36 62 44 65 14 3 1013
1 92 73 39 73 33 1 1014
0 44 27 48 28 54 3 1015
0 38 55 39 53 34 3 1016
1 66 45 4 49 3 2 1017
1 103 16 2 27 3 1 1018
1 96 58 57 40 53 4 1019
0 137 71 31 63 45 6 1020
0 80 5 66 5 70 3 1021
0 59 49 42 54 38 3 1022
1 108 5 70 6 66 2 1023
1 65 56 77 58 73 2 1024
0 43 60 31 63 34 3 1025
1 6 54 37 41 57 2 1026
1 115 7 50 7 38 1 1027
1 1 53 45 49 46 1 1028
0 78 56 21 54 26 3 1029
1 1 52 57 56 29 1 1030
0 124 90 27 92 19 3 1031
0 45 58 40 31 42 3 1032
1 52 54 52 54 27 2 1033
1 108 38 30 43 30 1 1034
0 5 56 52 55 48 3 1035
1 48 35 13 40 12 1 1036
0 137 91 30 91 41 4 1037
1 65 59 48 51 49 1 1038
0 47 5 56 7 38 4 1039
0 129 46 4 42 4 3 1040
1 57 64 44 59 46 2 1041
0 64 34 46 31 45 5 1042
0 60 53 56 60 45 3 1043
0 8 50 44 50 37 3 1044
1 121 38 43 39 46 5 1045
1 80 37 5 47 4 1 1046
1 60 67 23 63 19 2 1047
1 141 55 39 56 37 1 1048
1 7 51 52 42 80 2 1049
0 28 43 4 38 4 3 1050
0 124 68 36 65 40 3 1051
0 61 65 43 64 30 3 1052
1 132 91 36 91 44 4 1053
0 63 91 32 90 36 5 1054
0 90 46 28 40 45 3 1055
1 82 46 52 44 50 3 1056
0 128 54 27 56 25 3 1057
1 48 48 21 42 24 1 1058
0 26 59 24 59 30 3 1059
0 98 57 36 51 43 3 1060
0 73 50 47 57 46 3 1061
1 100 46 57 50 56 1 1062
0 46 61 32 46 35 3 1063
1 126 7 47 6 44 1 1064
1 115 63 57 66 48 1 1065
0 74 45 20 48 21 4 1066
0 53 54 54 53 46 3 1067
1 10 60 51 53 69 1 1068
0 24 42 32 40 25 3 1069
0 113 36 4 27 4 3 1070
0 54 65 41 60 27 3 1071
1 20 66 43 68 49 1 1072
1 117 49 65 42 84 1 1073
1 119 67 40 66 49 1 1074
1 130 52 34 49 39 1 1075
1 79 55 80 47 80 2 1076
1 57 7 41 6 22 4 1077
1 138 54 47 53 50 2 1078
1 46 54 57 56 54 1 1079
0 128 6 37 6 28 3 1080
0 82 54 44 54 47 3 1081
1 113 48 37 52 40 5 1082
0 6 48 4 35 4 3 1083
1 129 32 57 46 54 1 1084
1 52 55 2 43 1 2 1085
1 107 29 62 28 56 2 1086
1 118 6 30 5 27 2 1087
1 127 64 30 60 34 1 1088
0 83 61 40 62 44 3 1089
0 96 45 64 51 57 3 1090
1 2 53 48 52 54 3 1091
1 23 80 6 69 6 1 1092
0 120 64 53 68 44 3 1093
1 21 60 48 59 45 1 1094
1 129 50 80 56 80 3 1095
0 10 54 2 57 2 3 1096
1 96 32 49 33 47 2 1097
0 19 46 20 50 18 3 1098
0 120 66 39 53 43 3 1099
0 78 54 32 32 35 3 1100
0 69 49 4 44 4 3 1101
1 137 51 30 51 27 1 1102
0 87 49 47 49 57 5 1103
0 115 52 50 48 36 3 1104
0 86 48 30 62 33 3 1105
0 40 49 3 39 4 3 1106
0 95 32 51 30 52 3 1107
0 50 60 38 58 46 3 1108
0 54 45 51 36 46 3 1109
0 0 59 24 55 35 3 1110
0 7 71 23 66 25 3 1111
0 98 6 66 5 64 3 1112
0 31 44 51 51 12 3 1113
1 66 69 38 69 44 1 1114
1 25 50 49 48 53 1 1115
0 138 98 22 98 15 3 1116
1 79 29 53 31 46 2 1117
0 52 65 41 59 37 5 1118
0 92 65 45 68 47 6 1119
0 133 52 57 52 53 3 1120
1 39 54 40 53 46 1 1121
0 88 52 45 61 54 3 1122
0 23 26 63 27 59 3 1123
1 18 56 63 51 64 1 1124
1 132 56 77 31 78 2 1125
0 0 51 56 49 59 3 1126
0 98 47 53 21 19 5 1127
1 138 52 43 54 46 1 1128
0 109 61 37 59 35 3 1129
1 91 84 5 82 6 1 1130
1 26 66 50 58 41 1 1131
1 52 70 36 68 47 1 1132
0 139 90 43 91 33 3 1133
1 115 53 58 52 62 1 1134
1 105 63 32 67 38 2 1135
1 1 38 3 42 3 1 1136
0 93 66 1 58 1 3 1137
1 48 30 44 34 41 1 1138
0 53 53 45 55 47 6 1139
0 79 61 18 59 15 3 1140
0 56 51 49 48 57 3 1141
1 134 49 32 56 35 1 1142
0 119 73 34 68 40 3 1143
0 68 54 34 57 38 3 1144
0 69 71 22 71 41 4 1145
1 72 53 41 48 42 1 1146
0 126 54 42 52 47 3 1147
0 43 6 52 5 7 3 1148
1 14 88 94 82 94 1 1149
1 106 81 5 79 6 1 1150
0 142 57 76 58 74 3 1151
1 37 7 44 5 35 2 1152
0 51 59 23 61 26 5 1153
0 72 67 38 69 40 5 1154
1 7 87 3 84 4 1 1155
1 31 55 2 63 1 1 1156
0 12 69 34 64 31 3 1157
0 24 42 33 37 40 3 1158
0 75 50 2 45 2 3 1159
0 111 68 34 62 58 3 1160
0 108 53 1 56 1 3 1161
0 105 47 45 47 49 3 1162
1 74 55 34 50 43 2 1163
0 139 54 54 50 61 3 1164
1 105 62 21 58 24 3 1165
0 38 56 24 54 30 3 1166
0 83 58 46 59 44 3 1167
0 57 72 67 68 71 3 1168
1 57 8 26 29 27 4 1169
1 64 28 47 29 51 1 1170
1 91 59 38 61 41 1 1171
0 52 67 33 61 27 3 1172
1 124 57 2 60 1 1 1173
1 46 68 34 63 47 1 1174
0 129 64 32 60 35 3 1175
1 67 5 67 1 75 2 1176
0 25 56 29 53 47 3 1177
1 25 63 16 61 18 2 1178
1 69 87 3 84 3 1 1179
0 127 60 1 54 2 3 1180
1 1 36 15 35 21 2 1181
0 70 63 43 55 38 3 1182
0 88 51 2 42 3 3 1183
1 128 56 35 53 35 1 1184
0 115 5 67 4 63 3 1185
1 76 73 66 70 63 5 1186
0 48 40 12 34 16 3 1187
1 60 48 19 46 20 1 1188
0 31 50 79 56 79 3 1189
1 111 49 49 46 68 2 1190
0 130 67 74 66 79 3 1191
1 40 46 3 41 4 4 1192
1 101 51 48 37 50 5 1193
1 108 61 2 57 2 2 1194
0 82 53 43 52 55 3 1195
1 108 67 93 64 91 1 1196
0 13 82 5 79 6 3 1197
1 66 6 41 5 58 3 1198
0 53 5 36 5 41 3 1199
0 42 31 43 33 44 3 1200
1 91 60 72 57 72 1 1201
0 0 62 49 54 66 3 1202
0 52 45 31 42 37 3 1203
0 122 61 43 38 25 3 1204
0 82 68 33 66 39 3 1205
1 6 49 19 52 19 1 1206
0 69 41 36 42 38 4 1207
1 93 59 1 64 1 6 1208
0 70 48 40 46 46 6 1209
1 128 58 18 50 24 1 1210
1 2 56 80 52 81 1 1211
0 97 53 29 52 27 3 1212
0 4 50 52 52 54 3 1213
1 83 48 42 59 58 1 1214
0 61 64 54 67 48 3 1215
1 52 70 37 64 31 1 1216
1 88 69 75 68 73 1 1217
0 111 79 6 82 5 3 1218
1 127 57 35 52 34 1 1219
1 117 71 38 67 20 1 1220
1 16 41 12 39 11 2 1221
1 123 34 42 27 56 1 1222
1 54 91 35 91 28 1 1223
0 9 50 52 43 75 3 1224
1 74 58 44 50 62 5 1225
1 91 61 41 53 44 4 1226
0 59 98 19 98 22 3 1227
1 13 58 31 52 54 4 1228
1 49 68 42 68 39 1 1229
0 8 3 96 1 95 3 1230
1 38 70 6 81 4 2 1231
1 118 63 17 69 11 2 1232
1 117 53 28 61 30 2 1233
1 96 32 42 30 46 6 1234
0 49 30 54 31 50 3 1235
1 24 52 48 56 32 1 1236
1 32 86 4 82 5 1 1237
1 69 56 47 62 36 2 1238
1 42 88 93 86 94 1 1239
0 70 27 53 30 47 3 1240
0 113 57 26 59 28 3 1241
1 109 53 76 60 72 1 1242
1 27 72 30 66 39 1 1243
0 0 59 24 55 31 3 1244
0 13 52 45 44 46 3 1245
0 14 38 52 38 55 3 1246
1 60 31 46 33 48 1 1247
0 9 80 5 80 34 4 1248
1 141 63 49 60 51 4 1249
0 134 67 35 69 37 3 1250
0 111 70 6 42 3 3 1251
1 102 48 20 42 20 1 1252
1 46 52 18 38 26 1 1253
0 76 58 50 65 38 3 1254
0 120 15 21 43 38 3 1255
1 109 56 43 55 41 2 1256
1 24 52 57 55 42 5 1257
0 57 61 39 54 41 3 1258
1 67 6 69 5 73 2 1259
1 66 86 4 84 3 1 1260
0 0 39 9 43 10 5 1261
0 133 54 29 50 27 3 1262
1 38 53 80 57 80 1 1263
1 54 5 64 5 68 1 1264
0 1 69 39 62 38 3 1265
1 13 68 42 68 33 2 1266
1 81 47 2 51 2 1 1267
1 36 67 33 66 39 2 1268
1 96 57 76 60 77 3 1269
1 91 78 6 81 5 1 1270
0 89 55 80 51 80 3 1271
0 108 71 41 68 39 3 1272
1 49 67 40 63 49 1 1273
1 12 41 37 37 42 1 1274
1 104 69 33 59 40 6 1275
1 5 43 3 49 2 2 1276
1 69 41 34 38 47 1 1277
0 50 46 2 28 2 3 1278
0 39 31 14 55 39 6 1279
1 61 56 41 51 59 5 1280
0 67 44 80 51 80 3 1281
0 104 68 33 71 13 3 1282
0 100 61 29 54 49 3 1283
0 109 48 43 48 48 3 1284
1 10 50 27 51 25 1 1285
0 6 88 93 86 95 4 1286
0 120 6 29 6 34 3 1287
1 83 6 34 5 38 1 1288
0 76 59 46 46 46 5 1289
1 10 5 38 6 28 1 1290
0 40 58 18 32 19 3 1291
0 81 53 1 46 2 3 1292
1 137 49 68 52 72 1 1293
0 142 60 39 59 43 3 1294
0 3 90 25 91 35 3 1295
1 80 31 47 28 58 2 1296
0 35 53 44 54 41 3 1297
0 66 58 17 61 19 3 1298
1 88 46 3 41 5 1 1299
0 33 46 56 44 66 3 1300
0 50 46 30 47 23 5 1301
0 62 63 47 61 49 5 1302
0 97 59 77 49 82 3 1303
0 43 91 33 87 28 3 1304
1 97 55 40 62 36 1 1305
1 114 50 46 65 52 1 1306
0 91 54 52 55 41 3 1307
0 101 81 5 76 2 3 1308
0 112 6 38 6 26 3 1309
1 15 66 37 55 54 3 1310
0 56 68 41 61 43 3 1311
0 12 45 3 42 2 3 1312
0 61 60 48 58 49 3 1313
0 7 58 75 49 79 3 1314
0 25 70 72 73 67 3 1315
1 51 61 28 59 25 1 1316
0 33 50 31 45 50 3 1317
0 40 56 18 57 20 3 1318
0 81 58 34 61 37 3 1319
0 0 52 55 52 51 3 1320
1 75 70 73 73 67 2 1321
0 115 98 20 98 17 3 1322
0 115 53 25 55 40 3 1323
0 60 45 44 38 56 3 1324
1 26 51 46 58 44 4 1325
0 61 46 16 52 17 4 1326
1 53 53 46 49 57 1 1327
1 38 48 36 54 36 1 1328
1 11 46 64 52 53 1 1329
0 94 7 44 6 47 3 1330
1 48 28 48 30 49 1 1331
0 106 6 41 6 65 3 1332
0 79 32 48 31 52 3 1333
1 111 60 49 55 38 1 1334
0 36 55 41 54 45 3 1335
0 70 34 40 33 47 3 1336
0 62 54 2 66 1 3 1337
1 98 54 31 57 28 1 1338
0 98 61 43 60 45 3 1339
0 66 66 76 68 73 3 1340
1 71 57 41 59 37 1 1341
1 54 62 36 54 43 1 1342
1 127 69 74 65 67 1 1343
0 93 37 22 39 28 3 1344
0 135 81 5 80 3 3 1345
0 52 73 33 64 44 3 1346
1 78 91 32 90 35 3 1347
0 111 57 80 53 80 3 1348
0 58 51 48 39 46 3 1349
0 78 91 40 91 44 3 1350
0 39 59 34 58 36 3 1351
0 19 50 58 41 77 3 1352
0 53 52 55 49 39 3 1353
1 123 87 2 90 1 1 1354
0 104 54 27 51 31 3 1355
0 52 41 40 43 32 3 1356
0 46 30 14 36 39 3 1357
0 68 52 18 50 19 3 1358
1 9 52 58 57 40 2 1359
0 129 98 19 98 23 3 1360
1 86 6 48 6 65 1 1361
0 17 51 2 47 3 3 1362
1 94 70 6 81 6 4 1363
0 141 59 22 60 13 3 1364
0 68 54 28 60 29 3 1365
1 108 45 34 49 38 1 1366
0 78 48 48 52 45 3 1367
1 27 58 18 62 19 3 1368
1 95 48 17 46 16 4 1369
0 107 71 43 71 39 3 1370
1 78 49 30 52 30 4 1371
0 57 7 46 6 51 3 1372
0 11 63 1 32 1 3 1373
0 0 36 13 41 13 3 1374
0 3 47 3 42 2 3 1375
0 21 61 31 61 35 3 1376
0 104 31 42 50 41 3 1377
0 51 62 26 60 28 3 1378
0 69 47 80 56 77 3 1379
0 98 46 47 47 50 3 1380
0 91 54 44 52 53 3 1381
1 101 48 54 31 55 3 1382
0 44 58 56 57 61 3 1383
0 66 57 42 52 41 3 1384
1 128 5 63 6 70 1 1385
1 130 43 34 62 40 1 1386
1 121 6 29 5 37 1 1387
1 82 64 31 55 50 2 1388
1 116 50 19 44 22 2 1389
1 28 52 46 50 52 1 1390
1 33 57 38 51 45 1 1391
1 25 57 38 50 9 6 1392
1 132 98 24 98 27 2 1393
1 82 58 18 54 18 1 1394
1 43 63 32 61 35 1 1395
0 98 55 30 47 25 3 1396
0 90 62 37 59 34 3 1397
1 96 6 56 5 48 1 1398
1 53 72 67 68 73 3 1399
1 44 6 63 6 60 1 1400
1 132 92 30 91 28 2 1401
1 129 51 68 54 70 1 1402
1 58 65 45 66 43 3 1403
0 39 55 26 51 29 3 1404
0 6 71 36 69 45 3 1405
0 133 58 80 55 80 3 1406
1 55 58 17 56 18 1 1407
0 134 5 56 5 52 3 1408
1 10 30 36 30 51 1 1409
1 116 45 20 51 19 1 1410
1 123 43 35 39 35 1 1411
1 136 98 18 98 23 1 1412
1 111 62 45 67 38 1 1413
1 84 32 47 30 46 2 1414
1 67 46 50 45 53 1 1415
0 56 67 34 69 35 4 1416
1 25 6 42 6 32 1 1417
1 97 51 61 48 55 1 1418
1 131 57 20 60 19 2 1419
0 120 57 52 59 57 3 1420
0 65 30 51 31 46 3 1421
1 129 70 71 72 72 1 1422
1 20 45 30 41 38 1 1423
1 12 40 12 39 14 1 1424
1 20 55 26 52 27 1 1425
1 55 87 3 85 4 1 1426
0 128 61 40 58 47 3 1427
0 92 47 4 17 2 3 1428
1 72 31 42 49 44 1 1429
0 116 46 24 49 23 3 1430
1 81 53 25 47 32 5 1431
1 102 53 43 58 45 1 1432
1 13 70 35 69 40 1 1433
1 31 49 40 44 33 1 1434
0 80 54 35 58 39 3 1435
0 62 44 65 45 63 3 1436
1 120 60 54 52 68 5 1437
0 112 30 52 31 49 3 1438
1 68 46 36 43 48 1 1439
0 49 57 39 62 32 4 1440
1 3 12 0 49 4 1 1441
0 66 60 18 39 18 3 1442
0 67 54 80 57 80 3 1443
0 113 51 49 49 46 3 1444
0 112 41 11 37 11 3 1445
1 97 46 3 38 4 2 1446
1 39 64 30 55 46 6 1447
0 68 53 40 48 53 3 1448
1 124 60 1 44 1 1 1449
0 52 57 36 53 44 3 1450
1 25 44 56 45 51 2 1451
1 84 47 42 45 54 1 1452
1 132 54 43 54 37 4 1453
0 46 52 43 58 62 3 1454
1 34 32 44 35 40 1 1455
1 29 63 23 60 31 1 1456
1 1 57 35 55 38 1 1457
0 111 51 63 52 61 3 1458
1 18 50 20 41 22 3 1459
0 28 57 46 45 58 3 1460
1 40 50 3 44 4 2 1461
0 36 49 21 51 19 3 1462
0 71 55 18 66 23 3 1463
1 61 50 18 49 20 1 1464
1 63 91 20 91 27 1 1465
0 53 56 18 48 12 6 1466
0 83 5 39 5 27 3 1467
1 120 15 21 7 45 1 1468
1 62 69 38 73 37 2 1469
1 117 38 4 27 1 1 1470
0 9 66 42 62 52 3 1471
0 76 7 45 6 54 3 1472
1 78 69 6 64 5 2 1473
1 133 32 37 20 52 1 1474
0 46 42 4 40 5 3 1475
1 96 50 60 58 42 1 1476
0 92 55 78 56 76 3 1477
1 102 6 36 6 32 2 1478
1 6 60 29 62 25 2 1479
0 129 68 34 69 40 3 1480
1 46 69 34 68 44 1 1481
1 46 54 56 51 61 1 1482
1 27 80 5 78 6 1 1483
1 58 89 34 91 27 1 1484
0 74 6 29 5 47 3 1485
0 74 49 2 46 2 3 1486
0 77 59 23 62 24 3 1487
0 18 56 62 51 71 3 1488
0 133 43 71 51 60 5 1489
1 98 55 32 54 28 4 1490
1 79 21 19 41 77 1 1491
1 27 5 67 5 70 1 1492
1 88 61 45 57 53 1 1493
0 15 64 41 56 60 4 1494
0 17 58 75 55 75 3 1495
0 92 69 33 64 26 3 1496
1 9 53 40 49 38 1 1497
0 90 84 4 87 3 3 1498
1 53 48 38 55 29 1 1499
1 76 52 59 48 55 1 1500
0 32 69 37 64 31 3 1501
0 71 68 71 70 68 3 1502
0 64 31 43 25 53 3 1503
1 14 60 36 49 36 1 1504
0 2 69 37 62 54 3 1505
1 94 61 32 53 45 3 1506
1 93 6 29 5 46 1 1507
0 65 6 35 6 31 3 1508
1 97 51 43 38 52 1 1509
1 30 45 45 47 43 1 1510
0 97 46 4 38 99 3 1511
0 39 72 32 66 43 3 1512
1 102 35 14 39 12 1 1513
1 99 66 92 65 94 1 1514
0 115 50 37 49 40 3 1515
0 112 55 37 56 41 3 1516
1 104 70 34 68 36 3 1517
1 143 30 47 33 45 1 1518
1 18 51 77 56 53 1 1519
1 60 48 20 45 20 1 1520
0 93 91 27 91 33 3 1521
1 66 43 28 42 41 6 1522
0 112 51 28 48 28 3 1523
0 64 27 43 28 33 3 1524
1 97 98 18 98 31 2 1525
0 101 44 4 30 4 3 1526
0 55 71 38 57 27 3 1527
0 27 46 18 37 17 3 1528
0 23 67 43 69 44 3 1529
0 36 59 1 57 0 3 1530
1 133 68 40 68 35 1 1531
1 61 55 43 29 26 1 1532
1 9 67 50 69 45 4 1533
0 110 82 3 77 4 3 1534
0 118 60 19 56 18 3 1535
1 21 61 35 59 37 2 1536
1 128 50 27 47 30 1 1537
1 8 78 6 81 5 1 1538
1 67 6 62 5 60 1 1539
0 108 47 35 48 42 3 1540
1 69 49 79 57 74 5 1541
1 114 47 2 37 2 1 1542
1 86 30 49 31 51 3 1543
0 45 56 40 62 32 3 1544
1 25 62 21 56 19 5 1545
1 93 55 77 62 70 1 1546
1 62 55 1 60 1 3 1547
1 79 59 42 89 24 4 1548
0 88 48 39 53 41 3 1549
0 96 54 52 54 55 3 1550
0 120 45 48 50 43 5 1551
1 42 50 64 38 41 1 1552
0 77 55 31 58 33 3 1553
1 9 31 49 29 56 1 1554
0 56 44 60 44 65 3 1555
0 102 50 19 42 20 3 1556
1 42 48 53 54 52 2 1557
0 27 7 49 1 29 6 1558
0 67 49 34 44 41 3 1559
0 14 47 4 50 3 3 1560
0 9 62 31 58 34 3 1561
1 86 57 17 18 18 1 1562
1 51 70 72 68 71 1 1563
1 132 65 28 61 39 1 1564
1 74 57 27 56 46 1 1565
0 4 52 47 53 41 3 1566
1 93 44 1 48 1 2 1567
0 86 27 25 47 57 3 1568
0 26 67 36 63 43 3 1569
0 102 6 33 5 39 3 1570
0 63 33 43 50 38 3 1571
0 64 35 41 32 48 5 1572
1 110 61 23 60 18 1 1573
1 96 55 38 53 41 1 1574
1 48 44 11 37 13 1 1575
1 115 49 48 44 54 1 1576
0 96 51 49 21 61 3 1577
1 120 47 4 49 3 1 1578
0 0 48 48 52 46 3 1579
1 23 80 6 69 6 1 1580
1 20 31 50 29 54 1 1581
1 14 30 14 54 22 2 1582
0 18 61 24 59 25 3 1583
1 13 71 32 70 30 1 1584
1 79 60 35 61 33 1 1585
0 66 43 40 40 46 3 1586
0 133 64 48 55 62 3 1587
1 67 55 39 62 34 1 1588
0 116 54 57 53 60 3 1589
0 102 53 19 20 16 4 1590
1 96 41 12 35 13 1 1591
1 15 60 1 62 2 1 1592
0 39 62 50 65 52 3 1593
0 102 54 46 50 47 3 1594
0 78 91 26 91 36 5 1595
1 3 71 33 67 48 1 1596
0 45 53 81 57 80 3 1597
0 121 55 42 51 49 3 1598
1 10 63 42 64 44 1 1599
0 32 58 60 55 56 3 1600
1 51 31 57 32 45 1 1601
0 103 52 23 51 25 3 1602
1 53 57 20 63 18 3 1603
1 26 69 38 65 45 1 1604
0 52 39 36 36 42 5 1605
1 66 65 31 73 29 5 1606
0 32 57 38 60 41 3 1607
1 4 50 51 53 41 1 1608
1 112 39 12 20 11 1 1609
0 3 67 43 59 66 3 1610
1 38 44 37 43 39 1 1611
0 107 42 21 38 29 5 1612
0 39 52 51 58 35 3 1613
1 92 40 37 46 31 1 1614
0 18 60 49 56 64 3 1615
0 46 56 52 58 44 3 1616
1 104 71 70 72 67 1 1617
0 46 56 51 51 62 3 1618
1 94 31 50 32 44 2 1619
1 56 31 49 32 38 1 1620
1 35 54 80 58 80 1 1621
0 57 17 2 36 3 3 1622
1 81 73 69 64 66 1 1623
0 80 69 37 58 41 3 1624
0 56 55 35 50 38 3 1625
1 114 65 75 67 73 1 1626
0 130 64 44 41 43 6 1627
1 40 42 4 48 3 1 1628
0 102 47 20 50 19 3 1629
1 12 24 53 27 52 3 1630
1 6 58 27 56 30 1 1631
1 84 67 4 78 4 1 1632
0 39 50 49 53 52 4 1633
0 104 45 54 44 48 3 1634
0 28 65 39 52 42 3 1635
1 141 54 36 57 28 1 1636
1 63 91 39 90 50 1 1637
0 13 63 55 66 40 5 1638
1 96 30 52 29 54 1 1639
1 133 61 19 58 17 1 1640
1 128 55 73 57 75 1 1641
0 21 53 55 54 49 3 1642
0 45 61 36 56 46 3 1643
0 64 53 40 53 46 3 1644
1 76 68 74 67 76 1 1645
0 57 43 4 21 4 3 1646
0 7 91 33 91 27 3 1647
1 0 57 75 48 68 2 1648
0 117 54 51 55 48 3 1649
1 91 56 38 62 46 1 1650
1 127 81 5 80 3 1 1651
0 65 60 24 55 31 3 1652
0 60 52 43 61 38 4 1653
0 109 38 12 40 11 3 1654
0 125 70 6 81 3 3 1655
1 73 54 41 48 60 1 1656
1 4 79 3 81 2 1 1657
0 97 64 52 65 54 3 1658
0 31 54 41 48 59 3 1659
0 78 1 95 3 96 3 1660
1 57 49 2 46 3 4 1661
1 76 51 34 42 31 1 1662
0 4 50 24 47 24 3 1663
0 112 49 29 51 30 5 1664
0 78 56 22 37 36 3 1665
1 109 53 44 55 47 3 1666
1 45 36 13 40 13 1 1667
1 48 54 41 50 44 2 1668
0 50 51 31 50 24 3 1669
0 93 91 27 91 34 3 1670
0 103 60 70 53 76 5 1671
0 86 55 42 57 38 3 1672
0 115 61 38 59 37 3 1673
1 102 59 43 44 40 1 1674
1 91 54 42 46 30 1 1675
0 140 41 43 39 46 3 1676
1 32 34 44 32 46 2 1677
1 0 41 12 37 13 3 1678
0 12 27 61 29 63 3 1679
1 10 62 40 56 49 6 1680
0 48 38 13 41 11 3 1681
1 139 65 1 61 1 1 1682
1 65 43 36 41 33 1 1683
1 139 5 39 6 34 5 1684
0 64 54 41 57 40 3 1685
1 49 91 26 91 31 1 1686
1 65 58 48 59 46 1 1687
0 22 57 19 49 19 3 1688
0 50 52 44 52 49 3 1689
0 123 30 50 29 55 3 1690
0 57 69 33 66 27 4 1691
0 27 44 2 46 3 3 1692
0 123 63 55 67 39 3 1693
0 94 31 52 30 50 6 1694
0 30 49 51 48 53 3 1695
0 109 59 47 52 49 3 1696
1 143 88 93 85 93 1 1697
0 0 43 64 53 58 3 1698
0 27 60 39 56 45 3 1699
1 53 49 55 57 45 1 1700
0 139 65 41 68 35 3 1701
0 103 53 2 60 1 3 1702
0 25 55 45 52 46 3 1703
0 132 6 66 5 69 3 1704
1 33 53 43 50 54 1 1705
1 102 53 1 49 2 5 1706
0 122 86 3 84 2 3 1707
1 107 69 46 68 39 1 1708
1 70 88 4 84 3 1 1709
0 51 44 64 45 62 3 1710
0 46 59 58 56 50 3 1711
0 129 69 44 70 33 3 1712
1 17 56 35 56 41 1 1713
1 124 56 2 47 1 6 1714
1 106 55 44 55 47 2 1715
0 42 59 18 37 18 3 1716
0 8 69 35 70 30 3 1717
1 130 54 41 52 30 1 1718
0 9 53 48 54 54 3 1719
1 102 47 41 46 36 2 1720
0 54 61 50 55 63 3 1721
1 40 56 72 54 81 5 1722
0 33 92 26 91 31 3 1723
1 86 60 19 53 19 2 1724
1 36 56 39 42 31 1 1725
0 0 86 94 87 90 3 1726
0 48 32 44 27 51 3 1727
0 121 41 38 36 41 3 1728
1 66 54 16 56 18 1 1729
1 43 61 47 58 57 1 1730
1 39 68 40 71 39 2 1731
0 106 47 2 45 3 3 1732
1 131 55 24 51 32 1 1733
0 72 57 39 56 50 3 1734
0 128 55 31 60 30 3 1735
1 128 43 11 37 14 1 1736
1 123 69 46 64 45 1 1737
0 96 43 63 1 20 3 1738
1 53 60 29 51 34 5 1739
1 46 82 4 80 7 1 1740
0 98 66 43 64 34 3 1741
1 52 43 35 46 32 1 1742
1 71 43 55 47 52 1 1743
0 19 38 5 42 4 3 1744
0 118 47 55 43 32 3 1745
1 143 91 24 92 32 1 1746
1 89 49 28 53 27 3 1747
0 13 57 34 51 43 3 1748
0 39 72 33 70 38 3 1749
1 124 50 35 44 19 1 1750
1 0 32 15 60 32 1 1751
1 73 62 32 58 41 1 1752
0 17 6 42 6 34 3 1753
1 32 67 28 90 27 5 1754
1 8 43 19 53 43 1 1755
1 86 61 38 55 39 1 1756
1 137 30 43 28 54 2 1757
1 63 91 27 92 31 1 1758
1 91 59 2 61 1 1 1759
0 82 6 64 5 67 3 1760
1 45 49 2 46 3 1 1761
1 67 62 17 56 18 2 1762
1 39 68 39 70 44 1 1763
1 116 59 26 56 30 1 1764
0 59 58 43 13 45 3 1765
1 66 55 22 53 26 1 1766
1 129 48 54 47 52 1 1767
0 51 59 31 59 14 3 1768
0 66 69 41 59 43 3 1769
0 135 52 51 41 70 3 1770
0 98 46 45 42 60 3 1771
0 120 62 68 52 75 5 1772
1 79 31 39 35 46 2 1773
0 51 56 31 59 32 3 1774
1 137 6 37 6 33 1 1775
0 105 68 37 65 43 5 1776
1 85 61 39 62 46 1 1777
0 23 26 25 40 26 3 1778
1 138 40 36 37 43 1 1779
0 45 47 54 50 19 3 1780
0 34 6 68 6 65 3 1781
0 93 68 39 71 41 3 1782
1 141 60 28 60 24 1 1783
0 73 57 30 61 33 3 1784
1 112 32 42 49 42 1 1785
1 53 61 39 47 18 1 1786
1 103 41 30 45 39 3 1787
0 109 48 2 51 2 3 1788
0 76 58 50 56 51 3 1789
0 51 33 44 32 48 3 1790
1 121 41 35 33 39 2 1791
1 101 50 50 48 49 1 1792
0 117 61 32 60 38 5 1793
1 26 68 40 62 40 3 1794
0 77 53 29 54 46 3 1795
1 8 55 36 56 34 1 1796
0 28 98 25 98 22 3 1797
1 97 58 75 53 76 1 1798
1 48 60 38 43 40 2 1799
0 16 98 18 98 24 3 1800
0 74 49 36 58 31 3 1801
1 79 63 53 73 33 1 1802
0 55 48 2 44 2 3 1803
1 112 52 28 57 22 1 1804
1 3 59 35 51 39 1 1805
1 90 47 41 47 50 2 1806
0 118 42 33 42 39 3 1807
0 143 42 12 31 16 3 1808
1 89 69 71 73 67 2 1809
1 86 55 73 53 76 1 1810
0 57 73 67 52 75 3 1811
0 9 59 27 61 25 3 1812
0 39 62 30 60 42 3 1813
1 76 56 51 57 48 1 1814
1 20 60 42 54 53 2 1815
0 118 54 75 51 78 3 1816
0 112 98 12 98 26 3 1817
1 50 30 15 60 42 1 1818
0 24 53 44 56 36 3 1819
1 41 52 51 51 62 1 1820
1 103 65 94 67 93 4 1821
0 137 30 54 31 59 5 1822
0 25 59 26 60 23 3 1823
1 112 55 36 57 40 1 1824
1 98 61 46 59 45 1 1825
1 11 69 38 63 57 1 1826
0 93 67 47 71 43 3 1827
0 133 53 27 51 25 3 1828
1 27 34 43 50 42 1 1829
0 82 44 72 42 74 3 1830
0 107 39 47 42 40 5 1831
0 137 33 48 28 58 3 1832
1 55 87 3 85 4 5 1833
0 13 63 35 59 36 3 1834
0 133 59 28 60 23 3 1835
1 5 55 39 52 32 1 1836
0 54 62 47 53 56 6 1837
0 17 6 40 7 52 3 1838
0 11 47 56 50 56 3 1839
1 106 6 48 6 54 5 1840
0 6 58 39 62 42 3 1841
1 74 49 2 46 2 6 1842
1 12 37 13 40 12 1 1843
0 101 45 39 48 48 3 1844
0 123 59 47 62 41 3 1845
1 126 49 28 52 26 1 1846
0 31 52 34 41 32 3 1847
0 77 66 1 62 1 3 1848
1 53 53 54 42 66 6 1849
1 29 53 34 59 22 3 1850
0 26 52 42 56 44 3 1851
1 103 48 4 44 2 1 1852
0 99 57 40 59 36 3 1853
1 24 52 2 47 2 1 1854
0 65 30 51 32 49 3 1855
1 126 6 44 6 52 2 1856
0 134 63 24 55 30 3 1857
1 45 86 4 83 4 1 1858
0 141 51 48 53 46 5 1859
1 64 27 49 14 44 5 1860
0 33 5 68 6 63 3 1861
0 35 49 30 48 33 3 1862
0 85 69 39 56 22 3 1863
0 81 88 92 87 94 3 1864
1 35 87 93 86 95 1 1865
0 79 69 38 71 41 3 1866
1 76 6 46 4 55 1 1867
0 46 48 20 34 20 3 1868
0 0 65 62 65 80 3 1869
0 120 58 34 59 31 3 1870
1 32 53 46 51 48 1 1871
1 51 55 23 47 30 3 1872
0 32 64 42 52 42 3 1873
1 82 49 52 48 55 1 1874
1 31 57 80 51 80 1 1875
0 7 61 42 60 51 3 1876
0 130 50 49 50 52 3 1877
1 17 53 56 52 61 4 1878
0 24 58 37 57 34 3 1879
1 103 49 39 47 45 1 1880
0 128 59 24 61 26 3 1881
0 54 6 65 4 68 5 1882
0 11 25 23 41 79 3 1883
0 80 29 46 31 42 3 1884
0 105 72 41 70 44 3 1885
0 49 30 61 32 43 3 1886
1 128 55 31 52 36 1 1887
0 113 49 28 52 25 3 1888
1 33 6 65 5 69 1 1889
0 4 57 2 65 1 3 1890
0 98 57 49 55 53 3 1891
1 50 61 29 62 33 5 1892
1 22 31 51 33 50 1 1893
0 67 59 16 52 21 3 1894
0 126 49 18 52 17 3 1895
1 92 52 76 57 73 3 1896
0 134 43 56 48 53 3 1897
1 23 55 2 63 1 1 1898
1 121 39 44 36 43 5 1899
1 134 63 42 55 53 1 1900
0 110 29 56 28 58 3 1901
0 142 55 22 53 28 3 1902
1 14 60 28 54 31 3 1903
1 32 27 50 30 51 2 1904
0 78 90 17 92 32 4 1905
1 36 61 1 58 1 2 1906
0 130 56 39 56 42 3 1907
1 20 55 43 53 46 1 1908
0 39 49 55 55 40 3 1909
0 37 52 27 55 26 4 1910
0 27 55 41 61 36 3 1911
0 89 61 41 56 39 3 1912
0 43 48 62 47 67 3 1913
1 9 67 43 63 27 1 1914
1 101 52 49 47 41 1 1915
0 58 60 36 68 41 3 1916
1 124 68 72 71 71 1 1917
1 0 43 31 37 39 2 1918
0 93 91 35 91 38 5 1919
0 108 60 2 65 1 3 1920
1 32 63 29 61 40 1 1921
1 32 40 12 43 11 1 1922
0 27 62 1 57 2 3 1923
0 136 33 43 37 42 3 1924
1 52 70 36 73 33 2 1925
1 143 39 13 42 12 1 1926
0 65 29 55 31 43 3 1927
0 38 58 46 55 52 3 1928
1 80 31 13 35 13 1 1929
0 141 26 25 55 72 3 1930
1 76 43 58 47 51 1 1931
0 59 49 80 55 80 3 1932
1 81 52 73 53 68 1 1933
1 15 83 4 80 6 1 1934
0 10 64 43 58 33 3 1935
0 120 62 48 62 43 3 1936
1 130 61 40 51 29 1 1937
0 117 64 33 57 28 3 1938
0 35 49 28 51 25 3 1939
0 0 69 41 38 16 3 1940
1 80 27 15 34 14 1 1941
1 94 32 44 32 49 1 1942
0 97 56 45 54 41 3 1943
1 111 6 29 5 33 6 1944
1 123 46 67 48 63 1 1945
1 24 43 34 42 31 5 1946
0 63 90 28 92 26 3 1947
0 73 45 30 37 39 3 1948
1 105 6 30 5 47 1 1949
1 24 34 37 31 40 2 1950
1 35 33 46 31 49 2 1951
0 89 57 25 60 24 3 1952
0 28 55 43 42 44 5 1953
1 88 56 41 58 39 1 1954
0 28 54 49 52 48 3 1955
1 24 54 80 58 80 2 1956
0 105 24 50 27 65 3 1957
0 7 29 63 31 58 3 1958
1 26 65 44 68 46 1 1959
1 39 59 41 62 35 5 1960
0 47 33 49 33 43 3 1961
1 9 51 47 46 40 1 1962
1 134 50 64 46 58 1 1963
1 138 46 3 42 2 5 1964
0 80 57 41 61 32 3 1965
1 57 68 74 65 76 2 1966
1 47 90 36 92 30 2 1967
1 38 47 54 52 58 2 1968
0 20 47 48 49 41 3 1969
0 123 64 16 61 17 3 1970
1 105 52 20 34 19 2 1971
1 82 54 52 49 53 5 1972
1 1 74 29 70 39 1 1973
1 115 41 46 29 38 2 1974
1 28 54 55 43 64 1 1975
0 124 65 1 62 1 3 1976
0 79 57 31 44 18 3 1977
1 119 92 34 90 36 1 1978
0 21 60 32 57 41 5 1979
1 128 49 19 51 18 1 1980
1 24 65 40 62 33 2 1981
1 10 53 60 51 61 1 1982
0 10 41 22 21 20 3 1983
1 0 69 69 70 72 1 1984
0 5 88 93 86 92 3 1985
0 111 6 42 5 20 6 1986
1 24 6 42 6 58 1 1987
1 76 54 47 48 31 2 1988
0 136 7 49 7 53 3 1989
0 83 51 36 49 39 3 1990
0 93 45 1 55 1 3 1991
0 127 57 41 54 51 3 1992
0 57 55 80 52 80 3 1993
0 69 46 4 21 3 3 1994
1 88 58 54 60 48 5 1995
0 103 46 3 44 4 3 1996
0 35 47 24 51 26 3 1997
0 135 45 44 48 43 3 1998
1 126 6 65 5 79 5 1999
