1 35 50 34 45 36 1 0
1 41 92 26 92 30 2 1
1 26 51 57 44 66 1 2
0 96 54 44 60 38 3 3
0 24 63 51 65 49 3 4
0 12 64 17 60 19 3 5
0 8 66 41 69 36 3 6
1 44 69 37 62 53 1 7
1 16 49 50 51 46 1 8
1 130 59 49 44 52 1 9
0 35 67 42 68 39 3 10
0 3 67 35 36 15 3 11
0 121 70 71 69 73 4 12
1 39 70 23 75 30 6 13
1 53 33 53 31 50 1 14
0 12 70 36 66 42 3 15
1 132 69 33 66 29 1 16
1 46 52 77 57 73 4 17
0 70 56 49 59 44 3 18
1 114 52 35 47 39 1 19
0 16 67 47 61 57 6 20
0 118 54 28 55 38 3 21
0 132 41 2 44 3 3 22
1 127 47 41 41 39 1 23
0 139 61 35 42 39 3 24
1 5 41 32 43 37 1 25
1 46 59 1 62 1 1 26
0 82 67 35 70 29 4 27
1 140 63 47 63 44 1 28
1 102 6 25 6 28 1 29
1 104 58 33 53 40 1 30
0 39 50 47 57 46 6 31
0 88 60 50 58 47 3 32
1 134 57 46 54 45 1 33
1 14 45 49 49 44 1 34
0 128 55 29 58 33 6 35
0 25 33 50 31 56 3 36
0 35 32 78 54 77 4 37
1 81 58 18 54 20 3 38
1 143 45 20 50 19 1 39
1 120 92 34 92 26 1 40
0 24 55 80 52 80 3 41
0 88 47 2 42 2 3 42
0 117 68 36 69 40 3 43
1 72 67 93 64 96 1 44
0 10 33 41 31 46 3 45
1 14 49 45 53 41 1 46
0 116 57 41 58 33 3 47
0 107 45 34 38 46 6 48
0 62 52 44 53 42 3 49
1 80 56 79 31 78 2 50
1 77 60 23 54 32 2 51
0 93 41 42 43 31 5 52
0 65 61 25 62 20 3 53
0 9 55 35 33 43 3 54
0 112 48 55 55 40 3 55
0 31 59 41 50 46 3 56
0 68 56 30 50 36 3 57
1 88 57 40 55 43 1 58
1 88 54 41 60 34 1 59
0 140 68 77 63 84 3 60
1 11 50 19 45 31 2 61
1 11 48 47 44 52 1 62
0 8 68 71 66 73 3 63
0 93 54 75 53 80 3 64
1 97 30 46 26 51 3 65
1 67 42 11 39 12 1 66
1 117 48 51 64 39 1 67
1 106 54 43 52 34 1 68
0 131 87 4 80 2 3 69
0 122 56 39 62 31 3 70
0 47 6 49 6 54 3 71
1 28 30 45 23 39 4 72
1 18 54 39 51 46 2 73
1 140 49 45 52 42 1 74
0 104 30 46 27 59 3 75
1 58 68 76 67 78 2 76
1 64 54 40 45 34 1 77
0 108 61 23 60 30 3 78
0 74 52 58 54 59 3 79
1 53 57 30 59 25 3 80
1 84 61 43 62 41 1 81
1 0 44 11 40 9 1 82
0 101 57 19 60 18 3 83
0 35 52 32 59 25 3 84
1 132 45 47 43 53 1 85
0 120 50 41 39 38 3 86
0 66 60 1 64 1 3 87
0 131 81 6 69 6 3 88
0 86 62 17 59 19 3 89
1 73 59 38 60 46 2 90
0 38 57 30 56 26 5 91
1 104 48 34 51 24 2 92
1 49 51 53 55 53 1 93
1 112 56 23 53 27 1 94
1 59 59 55 55 52 1 95
0 28 6 24 6 27 3 96
0 20 41 2 50 2 3 97
1 120 62 45 56 49 3 98
1 40 55 66 30 77 1 99
1 95 56 55 56 58 1 100
1 123 28 54 28 68 1 101
1 59 47 2 44 3 1 102
1 0 66 22 53 19 1 103
0 41 39 57 43 55 3 104
1 6 26 25 48 54 1 105
0 112 51 26 48 29 5 106
0 102 48 70 47 58 3 107
0 143 33 45 27 48 3 108
0 114 55 43 59 37 3 109
0 128 49 54 46 64 3 110
0 116 7 43 6 41 5 111
1 134 61 38 59 35 1 112
1 10 60 34 58 38 1 113
0 57 38 13 42 12 3 114
1 92 58 19 61 15 1 115
1 27 55 52 56 54 1 116
0 143 98 23 98 27 3 117
1 30 49 42 53 44 1 118
0 88 52 20 57 19 3 119
0 89 6 68 5 70 3 120
1 107 28 64 30 46 1 121
1 74 60 17 54 16 4 122
1 81 31 56 26 73 2 123
0 122 88 93 86 94 3 124
1 124 46 54 42 69 1 125
1 107 64 29 60 43 1 126
1 130 54 52 59 45 2 127
0 67 38 3 45 4 3 128
0 86 62 28 61 38 3 129
0 48 50 46 49 55 3 130
1 6 59 35 51 34 1 131
0 51 55 31 61 26 5 132
0 130 6 37 6 34 3 133
1 127 6 30 6 34 1 134
1 140 61 31 63 27 1 135
0 105 46 47 36 44 3 136
0 78 59 42 46 53 3 137
0 112 42 10 38 9 3 138
1 52 47 2 42 3 1 139
1 51 65 74 69 72 1 140
0 57 53 48 50 48 3 141
0 3 30 14 56 28 3 142
1 112 31 46 26 50 1 143
1 72 49 67 49 56 2 144
1 29 42 29 29 34 1 145
0 33 28 40 24 38 3 146
1 46 54 49 52 53 2 147
1 13 47 51 46 53 1 148
1 72 51 49 45 62 1 149
0 44 66 93 63 93 3 150
0 126 49 33 44 32 3 151
0 57 6 35 6 38 3 152
1 45 51 49 50 56 1 153
1 78 63 43 69 14 1 154
1 37 42 35 38 45 1 155
1 2 60 35 30 14 4 156
0 45 51 80 47 80 3 157
1 46 70 35 70 27 1 158
0 22 33 41 28 57 6 159
0 54 62 48 63 41 6 160
1 116 61 29 54 40 5 161
0 35 58 33 59 28 3 162
0 74 53 73 55 74 3 163
0 54 66 93 73 92 4 164
0 21 88 93 86 92 3 165
0 88 52 44 60 36 3 166
1 112 49 33 46 32 5 167
1 41 47 67 45 60 1 168
0 72 66 1 62 1 3 169
0 45 44 66 37 61 3 170
0 45 42 3 47 2 3 171
0 74 39 84 36 85 3 172
0 86 6 41 7 44 3 173
0 106 53 40 48 35 3 174
0 90 49 29 46 33 3 175
1 126 98 25 98 19 2 176
0 143 61 31 51 41 3 177
1 82 55 32 52 32 1 178
0 32 53 45 52 47 3 179
0 102 67 73 70 72 5 180
0 41 80 4 78 2 3 181
1 16 37 13 34 16 1 182
0 66 50 33 47 32 3 183
1 54 65 38 56 28 2 184
1 101 44 61 48 66 1 185
1 10 60 16 63 17 2 186
0 66 4 53 3 31 5 187
0 29 56 25 58 31 3 188
1 105 71 25 60 37 1 189
0 46 66 73 63 79 3 190
1 28 66 93 64 92 1 191
0 1 54 40 49 38 3 192
0 116 54 66 60 46 3 193
0 68 62 46 61 48 3 194
0 103 61 28 58 26 3 195
0 5 48 3 42 4 3 196
0 103 58 33 57 35 3 197
1 121 62 49 55 53 1 198
0 4 82 5 78 4 3 199
1 130 49 2 82 1 3 200
0 102 77 5 81 5 3 201
0 79 46 26 44 28 3 202
1 26 53 44 52 36 1 203
0 81 47 30 54 25 3 204
0 133 60 30 58 31 3 205
0 13 61 37 59 36 6 206
1 31 54 2 57 2 3 207
1 26 47 60 44 64 5 208
1 11 54 50 44 37 1 209
1 26 72 26 65 42 5 210
0 66 59 17 55 18 3 211
0 67 40 55 31 55 3 212
0 134 45 4 41 4 3 213
0 128 29 52 29 47 3 214
1 101 69 6 77 5 1 215
0 0 67 40 69 12 3 216
1 13 6 24 5 33 1 217
0 136 56 34 58 37 5 218
0 119 53 80 35 81 3 219
1 138 80 3 81 5 1 220
0 68 77 6 80 7 3 221
1 143 52 50 49 56 1 222
0 26 49 50 48 59 3 223
0 8 51 54 53 43 3 224
0 111 6 33 5 38 3 225
1 66 60 55 53 64 1 226
0 70 59 41 57 38 3 227
0 81 51 26 45 31 3 228
1 8 57 29 58 35 1 229
0 68 52 47 53 49 3 230
1 124 66 42 65 45 2 231
1 93 6 34 6 38 1 232
0 84 59 35 62 35 3 233
1 20 44 44 44 62 2 234
0 31 92 35 91 32 3 235
1 64 69 38 70 31 1 236
0 40 44 54 40 63 3 237
1 44 90 38 91 40 1 238
0 78 49 53 47 57 3 239
0 95 31 78 56 76 3 240
1 14 86 94 88 92 5 241
0 141 49 52 52 47 3 242
1 94 5 64 6 69 2 243
0 82 47 2 43 2 3 244
1 131 58 18 65 16 2 245
0 110 73 66 40 57 3 246
1 133 45 43 56 43 2 247
1 44 57 37 68 41 1 248
0 105 61 18 63 16 3 249
0 143 50 36 43 65 6 250
0 12 72 72 70 74 3 251
0 53 53 47 54 29 3 252
0 70 56 61 69 41 3 253
1 48 68 33 68 40 3 254
0 78 52 30 58 46 3 255
0 74 91 41 91 38 3 256
0 59 68 40 55 70 6 257
0 18 50 61 56 52 3 258
1 78 47 20 39 17 1 259
1 98 64 40 61 45 1 260
0 62 52 49 43 52 3 261
0 112 26 56 32 45 3 262
1 142 45 51 51 52 1 263
0 115 78 90 85 95 3 264
0 69 68 39 63 53 3 265
0 84 65 40 54 43 3 266
0 92 69 40 65 43 3 267
1 72 88 92 85 92 3 268
1 68 77 6 79 5 1 269
1 64 62 39 59 36 6 270
1 32 66 92 65 94 2 271
0 42 65 42 47 41 6 272
0 26 61 42 56 37 3 273
0 137 37 41 40 44 3 274
0 35 50 28 45 24 3 275
1 65 38 37 35 56 4 276
1 77 47 59 50 59 3 277
1 57 6 44 6 52 1 278
1 25 54 31 55 33 4 279
0 62 61 18 56 18 3 280
1 45 52 80 57 80 1 281
0 111 73 35 68 38 3 282
0 48 40 12 35 15 3 283
1 117 50 32 52 38 1 284
1 108 33 49 32 37 1 285
0 115 98 23 98 17 5 286
0 63 71 33 65 30 3 287
0 60 48 19 46 20 3 288
1 68 50 16 61 16 1 289
1 65 5 39 5 48 1 290
1 108 32 48 31 46 3 291
1 16 60 18 65 15 1 292
0 38 53 30 30 27 3 293
1 136 6 53 6 44 1 294
1 143 71 68 63 84 1 295
1 57 49 78 50 80 1 296
1 139 29 37 27 39 1 297
1 47 6 44 4 49 1 298
0 83 57 34 50 33 6 299
1 43 61 32 53 55 5 300
0 15 52 24 53 27 3 301
1 34 60 26 60 30 2 302
1 122 55 80 52 80 1 303
0 61 60 34 62 37 3 304
0 79 85 94 86 92 3 305
0 59 67 38 69 34 3 306
0 89 50 20 48 19 3 307
1 38 98 10 98 5 1 308
0 81 48 28 47 31 5 309
1 0 39 10 35 11 6 310
1 116 56 65 55 52 1 311
1 99 62 35 59 42 1 312
0 29 49 3 45 4 3 313
1 36 61 42 51 41 3 314
1 112 74 67 68 74 1 315
0 6 67 40 73 31 3 316
1 120 54 59 42 48 1 317
1 97 64 39 60 44 2 318
1 111 49 52 55 42 1 319
0 127 65 95 66 91 3 320
1 86 53 28 62 35 1 321
0 88 40 35 43 40 3 322
0 121 44 30 41 35 3 323
1 130 51 19 46 15 6 324
0 0 30 52 29 54 6 325
0 79 33 47 25 41 3 326
0 48 32 42 31 45 5 327
0 1 59 18 55 21 4 328
0 57 58 33 51 36 3 329
1 37 88 93 82 94 2 330
1 84 49 79 54 75 1 331
0 128 29 53 25 61 3 332
1 128 48 28 54 27 2 333
0 124 67 44 54 44 3 334
1 20 86 4 82 3 1 335
0 120 64 44 60 45 3 336
0 82 65 27 53 44 3 337
1 123 63 35 59 41 1 338
1 40 53 19 58 18 1 339
0 38 64 33 60 29 3 340
0 106 50 39 56 35 3 341
0 49 32 10 35 10 3 342
1 116 45 2 48 2 2 343
1 137 90 24 90 29 1 344
0 76 65 93 73 91 3 345
0 32 55 37 58 34 5 346
1 86 7 41 7 44 1 347
0 82 53 43 54 39 5 348
1 2 51 28 53 24 3 349
1 66 62 16 52 19 1 350
0 76 60 42 65 36 3 351
1 81 45 2 49 2 1 352
1 5 45 20 49 20 1 353
0 60 54 66 55 37 3 354
0 84 98 20 98 26 3 355
0 122 54 44 48 58 3 356
1 64 30 45 26 51 1 357
0 77 50 19 41 12 3 358
0 24 48 2 30 2 3 359
0 40 66 93 62 94 3 360
1 131 58 18 51 22 5 361
0 58 54 44 55 40 3 362
1 113 48 50 29 44 1 363
0 16 28 54 33 43 4 364
1 52 42 12 39 14 3 365
1 7 6 54 2 24 6 366
0 57 55 43 62 36 6 367
0 88 30 53 25 55 3 368
1 74 5 69 6 63 1 369
0 55 55 24 49 29 3 370
1 134 52 76 55 74 1 371
1 64 63 43 67 33 1 372
1 81 47 34 52 24 1 373
0 6 48 31 46 32 3 374
1 117 59 1 56 2 2 375
0 141 57 27 59 26 3 376
1 19 54 43 49 44 1 377
0 19 68 40 50 33 3 378
1 136 64 76 71 70 1 379
0 60 55 67 54 70 3 380
1 7 31 57 27 60 1 381
1 48 33 14 36 13 1 382
1 80 55 50 53 53 1 383
0 52 54 51 52 54 3 384
0 103 58 26 60 5 3 385
1 38 56 29 57 31 1 386
0 86 88 93 87 91 3 387
1 40 42 41 57 37 1 388
0 114 64 42 58 48 3 389
1 68 53 40 49 52 3 390
0 111 53 49 50 58 3 391
1 97 70 72 72 74 3 392
0 82 32 38 37 28 4 393
1 60 46 21 48 19 1 394
0 54 53 41 47 40 3 395
0 45 66 37 64 45 3 396
1 132 47 55 47 50 1 397
1 143 98 20 98 16 6 398
1 130 57 38 51 45 6 399
1 119 61 41 65 36 1 400
1 14 68 37 54 53 1 401
0 97 77 6 81 5 3 402
1 53 53 16 52 19 1 403
1 5 32 34 13 38 1 404
1 26 50 50 55 53 1 405
0 130 68 40 66 43 3 406
1 96 50 50 54 48 1 407
1 70 69 36 63 51 1 408
0 139 58 38 59 31 3 409
0 38 58 18 51 19 3 410
1 86 33 42 32 46 2 411
0 48 5 31 31 28 3 412
1 70 47 71 49 63 1 413
0 96 52 58 50 59 6 414
1 76 68 74 70 73 6 415
1 51 45 4 49 4 2 416
1 117 56 54 51 60 1 417
0 88 49 20 50 18 3 418
1 19 69 41 48 44 1 419
1 97 56 47 48 49 2 420
0 68 54 24 56 22 3 421
0 67 53 54 49 54 3 422
1 102 59 2 55 2 1 423
0 84 57 37 53 47 3 424
1 78 52 36 53 48 1 425
1 141 70 68 69 73 3 426
1 120 47 2 41 3 1 427
0 39 70 35 71 39 3 428
0 88 53 45 53 30 3 429
0 96 5 58 6 35 3 430
1 62 58 1 61 1 1 431
0 53 71 39 69 41 3 432
1 1 54 44 57 41 1 433
1 24 40 42 42 40 1 434
0 16 35 16 45 33 5 435
0 117 87 3 84 4 5 436
1 48 64 32 68 34 1 437
1 39 73 34 73 37 2 438
0 114 34 42 27 48 3 439
0 122 6 64 6 67 3 440
1 9 85 4 81 2 3 441
0 30 40 34 40 37 3 442
1 5 51 20 47 21 5 443
1 64 56 22 59 30 6 444
0 25 56 34 58 37 3 445
1 86 52 19 50 20 1 446
1 141 53 48 55 47 5 447
1 100 98 23 98 26 4 448
0 51 52 45 54 48 3 449
1 107 65 48 64 42 1 450
1 124 50 42 54 40 1 451
1 77 63 1 59 1 5 452
0 2 73 67 71 69 3 453
1 128 47 4 50 3 1 454
0 140 65 75 68 75 3 455
0 72 46 3 43 4 3 456
1 17 6 64 5 68 1 457
1 110 56 41 50 50 1 458
1 5 42 17 51 18 1 459
0 13 70 38 69 35 6 460
0 106 4 39 5 47 3 461
0 10 47 20 51 19 3 462
1 128 41 10 36 11 1 463
0 48 60 42 52 52 3 464
1 64 29 49 31 43 1 465
0 35 51 32 52 30 6 466
0 27 50 19 60 17 3 467
1 26 56 55 60 48 2 468
1 71 58 17 49 15 1 469
1 136 56 40 59 36 1 470
1 40 63 69 35 74 1 471
1 142 63 39 65 49 1 472
1 56 49 2 46 3 1 473
0 137 55 38 55 46 4 474
1 85 51 30 54 28 2 475
1 52 51 80 57 80 2 476
1 108 57 29 58 27 1 477
1 43 98 16 98 24 1 478
1 80 34 43 27 49 1 479
0 81 60 42 51 36 3 480
1 105 52 19 59 18 2 481
0 112 47 30 51 26 5 482
0 58 47 38 53 30 3 483
0 98 48 50 50 54 3 484
0 37 63 49 67 41 3 485
0 21 59 31 60 45 5 486
1 104 57 37 54 42 2 487
0 74 54 56 52 43 6 488
0 128 51 27 56 22 3 489
0 5 49 37 45 44 3 490
1 138 48 47 31 75 1 491
1 72 57 44 57 39 6 492
1 66 70 39 72 37 1 493
1 33 60 44 53 39 1 494
1 115 85 91 81 92 5 495
1 63 60 73 58 75 3 496
1 74 51 62 55 52 1 497
0 121 38 39 41 35 3 498
0 38 68 42 63 56 3 499
0 67 43 36 38 41 3 500
0 35 53 80 56 80 6 501
1 63 69 37 64 46 2 502
0 11 47 57 55 41 5 503
0 70 65 42 66 39 3 504
1 79 56 52 62 47 1 505
1 105 69 74 71 69 1 506
0 140 61 41 44 40 3 507
1 28 34 41 33 45 1 508
0 32 56 38 54 37 3 509
0 6 57 35 52 47 3 510
0 29 88 93 86 94 3 511
0 24 38 40 46 26 6 512
0 141 52 49 54 45 3 513
1 51 40 44 39 29 1 514
1 133 58 36 57 38 1 515
0 38 43 31 42 38 3 516
0 2 30 51 27 60 3 517
1 123 56 32 56 27 2 518
0 46 37 20 43 22 3 519
1 120 58 20 52 12 1 520
1 67 51 49 52 46 3 521
1 55 87 4 82 3 1 522
1 88 51 49 49 54 1 523
0 71 85 92 88 91 3 524
0 63 66 92 65 94 5 525
0 21 61 39 51 33 3 526
0 11 51 59 54 59 3 527
1 68 56 47 53 51 1 528
1 99 49 35 52 58 1 529
1 59 43 31 40 36 1 530
1 46 65 94 63 93 4 531
1 113 56 30 49 39 1 532
0 130 56 60 51 61 3 533
0 24 98 12 98 23 3 534
1 22 86 4 81 2 1 535
1 120 48 38 46 23 1 536
1 41 53 50 47 71 1 537
1 129 52 2 49 2 2 538
0 31 59 1 47 0 3 539
1 76 69 75 67 74 1 540
0 24 52 18 49 21 3 541
1 118 41 61 45 41 1 542
0 16 50 42 43 43 3 543
1 13 44 52 39 48 1 544
0 22 49 52 27 25 3 545
1 113 50 20 46 18 3 546
1 53 58 30 52 42 1 547
1 34 6 32 6 29 1 548
0 11 43 4 38 4 3 549
0 46 68 36 70 42 3 550
0 33 52 19 54 17 3 551
0 96 67 42 69 32 3 552
1 115 58 46 56 47 1 553
0 73 56 38 62 32 5 554
1 48 31 42 55 44 5 555
0 15 64 28 56 41 3 556
1 123 27 59 30 51 2 557
1 0 60 29 70 33 1 558
1 93 61 34 65 32 2 559
0 90 81 6 76 4 3 560
0 6 6 33 5 44 3 561
1 77 38 40 41 37 2 562
1 124 92 28 92 25 5 563
0 83 43 4 40 4 3 564
0 119 59 54 55 54 4 565
0 0 63 43 55 51 3 566
1 122 32 36 31 51 1 567
0 19 52 33 48 38 3 568
0 141 57 48 55 52 3 569
1 104 61 38 55 50 1 570
1 10 36 41 44 30 1 571
1 124 60 24 55 31 1 572
1 118 53 19 56 18 1 573
0 10 69 27 58 55 3 574
1 24 49 29 45 37 2 575
1 113 49 39 48 37 1 576
1 53 41 11 26 12 1 577
0 75 43 42 68 39 3 578
1 98 58 39 68 41 6 579
0 46 68 46 63 46 3 580
1 54 98 9 98 15 1 581
0 113 57 27 49 36 6 582
1 100 98 16 98 19 2 583
1 135 53 50 50 47 1 584
1 98 54 18 58 26 5 585
1 5 51 62 54 59 1 586
1 143 6 54 6 50 1 587
1 10 64 46 35 16 1 588
0 100 98 15 98 20 3 589
1 14 60 44 61 41 2 590
0 80 56 43 41 44 3 591
0 65 61 40 53 46 3 592
0 41 69 70 70 72 3 593
1 111 6 66 5 69 2 594
0 120 75 5 78 3 4 595
0 96 6 53 6 64 3 596
0 97 53 37 49 52 3 597
1 140 59 17 46 14 2 598
1 39 65 44 67 48 1 599
0 97 16 2 39 3 3 600
1 60 90 36 89 33 1 601
0 99 65 94 64 96 3 602
1 44 69 35 51 55 1 603
0 16 67 41 49 58 3 604
1 71 49 52 51 47 1 605
1 123 59 17 56 15 1 606
0 11 47 41 46 52 3 607
1 66 41 9 36 12 3 608
1 120 51 64 58 58 1 609
1 56 53 39 55 38 1 610
1 91 62 45 66 43 1 611
0 100 6 38 5 41 3 612
1 81 65 92 59 90 1 613
0 46 59 50 51 47 3 614
1 90 44 11 42 12 2 615
0 32 41 10 37 13 3 616
0 121 40 39 43 33 3 617
0 97 55 26 53 24 6 618
0 64 31 15 57 22 3 619
1 70 52 19 42 20 2 620
1 37 56 31 58 28 1 621
0 84 64 76 69 70 3 622
1 41 53 33 37 57 3 623
1 56 52 35 44 33 3 624
1 122 62 32 63 29 1 625
0 136 62 30 54 39 3 626
1 9 69 69 68 72 1 627
0 94 70 6 75 9 3 628
0 104 46 59 32 56 3 629
1 34 49 79 56 75 1 630
0 64 57 35 53 33 3 631
0 60 53 18 50 19 3 632
1 51 62 39 48 53 3 633
0 104 49 55 54 30 3 634
0 28 68 42 67 46 3 635
0 62 62 2 76 3 3 636
0 78 77 6 79 5 5 637
1 35 58 45 60 41 1 638
1 51 59 18 61 23 1 639
0 66 44 53 47 47 3 640
0 63 47 59 43 64 3 641
0 105 53 19 59 19 3 642
1 10 66 94 67 92 1 643
1 110 45 32 48 29 1 644
0 46 58 1 46 2 3 645
1 118 52 23 49 28 1 646
1 125 63 16 62 18 1 647
0 115 53 45 57 39 3 648
1 25 30 52 32 46 1 649
0 37 65 42 71 30 3 650
1 27 6 55 6 49 3 651
0 120 54 48 50 49 3 652
0 121 50 36 47 27 3 653
1 116 61 51 58 45 1 654
1 60 58 50 55 55 6 655
1 14 62 38 58 45 2 656
1 85 58 34 61 31 1 657
1 56 43 65 50 46 1 658
1 72 6 52 5 59 1 659
0 2 41 31 43 33 3 660
0 113 50 33 48 38 3 661
1 118 49 48 32 56 1 662
1 113 57 25 55 27 1 663
0 90 29 53 33 45 3 664
1 15 65 1 62 1 1 665
1 82 30 59 28 58 2 666
0 119 54 48 55 45 3 667
1 56 52 80 60 79 1 668
0 53 55 24 54 26 3 669
1 46 6 22 5 45 2 670
0 22 31 56 26 77 6 671
1 39 47 3 49 2 1 672
1 64 30 52 27 50 1 673
1 58 64 31 64 34 1 674
1 33 91 30 92 32 1 675
1 143 58 29 60 24 2 676
0 108 60 14 50 20 3 677
0 97 53 54 50 58 6 678
1 69 54 80 47 82 1 679
1 98 48 53 44 50 2 680
0 42 42 12 40 11 3 681
1 15 28 47 30 45 2 682
0 16 98 18 98 22 3 683
0 54 57 1 62 1 3 684
0 67 6 68 6 63 3 685
0 46 50 63 52 61 3 686
0 9 45 32 44 35 3 687
1 78 42 42 50 46 1 688
1 135 45 32 45 29 6 689
1 39 49 48 53 53 2 690
0 30 62 42 62 50 3 691
0 10 47 2 50 2 3 692
1 102 5 39 6 32 1 693
0 87 51 48 52 56 3 694
0 36 56 41 60 29 3 695
1 70 45 20 48 16 4 696
1 111 51 48 52 58 2 697
0 105 51 17 60 16 6 698
0 52 41 34 40 36 3 699
0 35 51 32 52 29 3 700
0 52 55 2 64 1 3 701
1 106 45 28 33 38 1 702
1 118 43 62 47 71 2 703
0 57 54 46 55 43 3 704
0 133 91 19 92 32 3 705
0 130 80 5 83 5 5 706
1 131 58 43 58 39 1 707
1 37 53 41 55 38 2 708
0 127 48 41 48 47 3 709
1 132 51 26 51 30 1 710
1 119 60 49 54 57 1 711
0 26 51 42 56 37 3 712
1 88 57 39 57 35 1 713
0 88 57 37 56 41 3 714
1 3 90 22 91 26 1 715
1 130 98 24 98 21 1 716
0 16 60 36 44 40 3 717
1 141 49 26 55 32 2 718
1 122 78 6 81 5 1 719
0 118 46 51 44 62 3 720
1 108 7 51 6 41 1 721
1 47 6 49 6 57 1 722
1 105 15 21 49 18 1 723
0 100 55 80 49 81 5 724
0 97 51 27 52 21 3 725
1 30 55 80 51 80 1 726
0 140 55 31 52 41 3 727
1 136 53 43 32 42 4 728
0 88 54 53 50 63 3 729
0 25 55 24 62 24 3 730
1 69 55 79 53 81 1 731
1 23 27 50 28 53 4 732
0 98 51 33 54 32 5 733
1 17 62 32 53 44 5 734
0 105 35 11 32 12 3 735
0 59 59 25 57 35 4 736
0 16 51 49 39 42 3 737
1 32 67 42 53 36 1 738
1 0 58 45 51 57 1 739
0 96 80 6 77 6 3 740
0 66 28 56 29 66 3 741
1 52 40 43 41 35 5 742
0 68 45 33 56 48 3 743
0 24 53 42 48 25 3 744
0 28 55 36 60 47 3 745
0 120 62 43 63 40 5 746
1 47 70 6 77 6 1 747
0 98 64 46 64 41 3 748
1 45 40 65 24 99 1 749
0 130 32 51 28 65 3 750
1 88 58 46 55 68 1 751
1 79 45 30 45 33 1 752
0 7 61 35 62 32 3 753
1 41 46 2 50 2 2 754
0 24 68 34 56 29 3 755
1 16 53 75 64 76 1 756
1 29 59 37 63 40 3 757
0 97 52 25 54 27 3 758
0 50 53 27 51 28 5 759
1 0 5 67 6 63 1 760
0 141 50 51 49 46 3 761
1 41 52 46 52 41 1 762
1 66 41 35 43 32 1 763
1 111 53 44 52 56 1 764
1 39 58 26 59 18 1 765
1 109 62 41 48 48 1 766
1 97 60 17 57 18 2 767
0 28 62 30 59 32 3 768
1 140 46 22 42 24 1 769
1 34 50 50 56 47 1 770
1 72 52 46 45 63 5 771
0 53 40 38 41 36 3 772
0 38 57 33 59 30 3 773
1 38 70 70 69 68 1 774
1 80 58 39 56 42 1 775
0 108 64 77 66 75 3 776
0 138 60 74 56 76 3 777
1 65 49 34 38 60 1 778
1 106 56 47 57 45 1 779
0 54 47 56 48 52 3 780
0 96 60 36 56 44 3 781
1 51 53 39 54 37 1 782
1 111 47 71 49 67 4 783
1 102 78 7 80 6 1 784
0 91 69 36 67 42 3 785
0 84 31 48 29 52 3 786
0 117 56 48 44 54 3 787
0 71 51 48 53 43 3 788
1 70 48 19 46 20 1 789
1 39 72 35 68 47 1 790
1 16 61 36 65 26 3 791
1 19 48 33 45 37 4 792
1 79 73 31 66 41 1 793
1 75 59 41 55 38 1 794
0 61 30 56 29 52 3 795
1 132 61 51 59 56 1 796
0 79 68 47 61 25 3 797
0 88 52 25 46 31 3 798
1 137 92 28 91 34 1 799
0 112 39 14 34 15 3 800
0 134 69 34 67 36 3 801
1 104 51 27 48 23 1 802
1 18 90 32 88 30 1 803
0 62 53 41 53 47 3 804
1 54 91 27 90 38 2 805
0 80 6 65 5 63 3 806
0 139 69 6 75 7 5 807
0 90 61 13 63 10 3 808
0 76 61 47 42 52 3 809
0 138 45 51 44 48 3 810
1 98 54 31 56 28 1 811
1 33 92 31 92 28 2 812
1 80 80 6 76 7 1 813
1 87 50 46 53 50 1 814
1 76 47 67 49 52 2 815
1 5 43 32 42 34 1 816
1 116 68 35 61 51 1 817
0 1 72 32 68 47 3 818
0 33 51 18 45 20 3 819
0 53 49 35 53 53 3 820
0 131 6 36 4 38 3 821
0 103 38 39 42 31 3 822
1 124 54 76 58 75 1 823
1 14 62 34 60 41 1 824
0 141 46 4 40 3 3 825
0 141 54 63 53 67 3 826
0 57 53 50 48 52 5 827
1 59 51 75 72 66 1 828
1 46 46 20 42 19 1 829
0 11 52 80 55 80 4 830
0 79 30 63 29 61 3 831
1 61 76 9 80 6 2 832
1 80 57 44 54 45 1 833
0 43 57 43 54 51 3 834
1 95 43 3 40 3 1 835
1 26 54 49 57 42 1 836
0 63 60 43 57 39 3 837
1 46 60 71 32 78 2 838
1 39 7 40 6 55 1 839
1 131 59 18 52 19 6 840
0 108 49 56 55 53 4 841
0 121 67 41 61 54 3 842
0 112 59 28 57 26 3 843
0 69 87 2 85 3 3 844
0 137 26 42 28 43 3 845
0 133 70 42 69 45 3 846
0 10 61 28 60 30 3 847
0 11 40 12 42 13 3 848
1 95 70 68 51 75 1 849
0 49 42 37 41 31 3 850
0 87 52 28 46 23 3 851
1 22 26 25 51 46 1 852
1 40 60 17 57 21 2 853
1 66 6 34 6 44 1 854
1 65 61 48 54 53 1 855
0 96 51 51 54 41 4 856
1 117 60 46 55 52 2 857
0 26 55 64 55 55 3 858
1 97 72 69 69 72 1 859
0 54 61 41 57 31 6 860
0 139 45 48 47 50 3 861
0 142 46 55 44 62 3 862
1 118 66 16 63 16 5 863
0 37 6 32 5 61 3 864
1 12 6 66 3 69 2 865
0 27 52 54 48 52 3 866
0 26 56 40 49 66 3 867
1 104 57 38 53 29 1 868
1 108 51 39 43 66 1 869
0 55 50 1 56 2 3 870
0 129 62 23 32 14 3 871
0 59 46 3 44 2 3 872
0 80 27 49 30 47 3 873
0 97 55 26 40 30 3 874
0 79 66 23 62 25 3 875
1 102 72 35 68 38 1 876
0 76 31 44 28 47 3 877
1 83 6 31 6 23 3 878
0 137 31 51 33 48 3 879
0 102 60 38 53 44 3 880
1 31 39 37 45 29 3 881
1 135 41 31 43 35 1 882
1 88 64 32 66 28 2 883
0 128 59 26 39 22 3 884
0 32 61 41 63 45 3 885
0 75 68 43 69 40 3 886
0 93 6 38 6 41 3 887
0 141 53 41 56 42 3 888
0 62 57 2 62 1 3 889
1 50 31 58 29 56 1 890
0 24 41 39 42 29 3 891
0 19 38 52 51 47 5 892
0 138 63 47 61 51 3 893
1 74 91 36 91 43 4 894
0 12 56 26 60 27 3 895
1 96 31 35 23 40 4 896
1 1 69 70 64 69 1 897
1 2 47 25 52 20 1 898
0 116 62 35 63 23 3 899
0 36 66 44 66 48 3 900
1 6 60 36 54 41 2 901
0 97 54 47 53 33 3 902
1 143 33 44 34 40 5 903
1 51 63 23 61 29 5 904
1 118 46 4 43 4 2 905
1 86 6 40 3 34 1 906
0 5 56 48 58 59 3 907
0 38 57 30 59 27 3 908
1 38 56 50 55 52 1 909
1 35 53 25 53 29 2 910
1 17 48 2 52 2 6 911
0 17 63 29 62 35 3 912
0 143 43 63 55 53 3 913
0 24 60 50 59 54 3 914
1 75 63 34 58 44 1 915
0 2 55 49 61 30 3 916
0 102 45 2 49 2 5 917
1 128 30 46 32 45 1 918
1 126 48 4 42 3 2 919
1 123 31 57 33 52 1 920
0 13 71 39 69 37 3 921
1 16 58 58 51 76 1 922
1 130 55 43 46 30 1 923
0 8 43 24 43 31 3 924
0 84 81 6 78 6 3 925
0 143 47 62 58 43 3 926
0 134 66 94 63 96 3 927
1 45 45 50 45 62 1 928
1 128 6 46 7 29 1 929
1 66 41 34 39 37 5 930
1 43 53 46 40 51 1 931
1 79 28 49 27 51 2 932
0 107 57 29 48 38 3 933
0 24 28 2 41 3 6 934
1 84 62 31 61 28 1 935
1 33 45 21 49 20 2 936
0 47 6 50 6 57 3 937
0 73 36 47 32 57 3 938
1 120 49 42 55 38 1 939
1 122 51 80 54 81 1 940
0 39 67 40 66 21 3 941
1 9 63 17 59 17 1 942
0 48 31 45 34 43 3 943
1 77 53 49 47 63 6 944
1 38 54 41 45 37 1 945
0 132 47 3 44 4 5 946
1 97 52 51 55 43 1 947
0 109 61 71 58 74 3 948
0 33 91 34 91 41 4 949
1 78 86 29 87 34 3 950
1 116 52 58 45 52 1 951
0 18 53 80 56 80 3 952
1 123 86 4 80 2 1 953
0 50 6 64 6 67 3 954
1 115 54 29 55 38 1 955
0 112 31 38 32 48 3 956
1 93 6 28 6 38 2 957
1 13 55 49 43 67 4 958
1 29 91 38 92 34 1 959
1 51 81 5 73 7 1 960
1 134 80 5 75 5 1 961
0 97 52 76 62 77 3 962
0 143 98 16 98 21 3 963
1 4 52 42 48 54 1 964
0 23 69 40 62 56 3 965
1 60 62 49 48 63 1 966
1 88 61 38 64 38 1 967
1 0 33 45 30 44 1 968
0 139 47 4 41 4 3 969
0 94 55 27 52 26 3 970
0 142 48 29 41 37 3 971
1 0 98 20 98 17 1 972
0 55 58 14 55 21 4 973
1 108 85 4 80 2 1 974
1 102 39 58 34 46 2 975
1 126 6 44 5 59 2 976
0 107 86 91 88 94 3 977
1 126 55 41 53 44 6 978
0 79 47 49 46 51 6 979
0 16 6 56 6 64 3 980
1 73 63 31 56 34 2 981
1 0 38 13 44 11 1 982
0 96 30 46 35 40 3 983
1 48 67 49 65 46 1 984
0 53 62 50 63 47 3 985
0 26 51 45 57 47 3 986
0 92 82 6 77 5 3 987
0 41 55 77 51 78 3 988
1 130 53 40 27 24 2 989
1 97 53 74 61 73 1 990
0 126 54 46 53 42 3 991
0 98 59 49 60 52 3 992
1 13 37 16 74 14 1 993
0 115 38 4 41 4 3 994
0 48 31 45 32 48 3 995
0 52 66 44 54 40 3 996
0 69 60 34 65 27 3 997
1 131 53 21 58 20 1 998
0 112 48 35 50 32 3 999
0 83 56 54 58 44 3 1000
0 79 61 29 51 26 3 1001
0 72 63 33 56 39 3 1002
0 74 67 43 59 51 3 1003
1 81 59 28 53 34 2 1004
0 87 60 38 59 33 3 1005
1 107 37 42 34 57 1 1006
0 45 68 70 67 73 3 1007
0 88 65 74 72 71 3 1008
1 39 50 48 52 45 1 1009
1 18 58 58 55 54 5 1010
0 17 48 3 45 4 3 1011
0 128 46 4 40 4 3 1012
1 139 4 32 5 35 3 1013
1 76 55 25 53 26 2 1014
1 74 33 48 29 54 1 1015
0 52 46 18 50 16 3 1016
0 106 7 43 6 45 3 1017
1 111 6 50 6 54 3 1018
0 66 66 41 66 45 3 1019
0 98 54 25 56 28 4 1020
0 3 66 41 71 40 3 1021
0 46 62 39 60 35 3 1022
0 51 60 21 53 20 6 1023
0 60 53 14 58 14 3 1024
1 34 47 20 53 17 1 1025
0 40 47 23 46 31 3 1026
1 4 53 47 54 45 4 1027
0 68 56 52 59 57 3 1028
1 96 27 40 33 42 5 1029
1 24 50 42 54 38 2 1030
1 85 48 54 32 56 4 1031
0 81 92 32 90 37 4 1032
0 135 5 67 6 64 3 1033
0 101 53 25 53 28 3 1034
1 80 36 14 34 10 3 1035
0 56 33 26 30 26 3 1036
1 129 30 77 55 74 2 1037
1 0 34 40 32 47 2 1038
1 92 58 43 57 40 4 1039
0 108 36 44 38 49 3 1040
0 21 62 32 69 32 3 1041
0 105 65 16 53 19 3 1042
0 129 59 44 56 35 3 1043
1 81 25 57 27 49 3 1044
0 27 52 16 58 13 3 1045
0 116 41 35 35 56 3 1046
0 105 64 16 54 18 5 1047
1 135 90 26 93 8 1 1048
0 125 81 6 99 3 3 1049
1 66 43 34 45 33 1 1050
0 77 71 70 69 75 3 1051
1 117 51 59 54 50 1 1052
1 44 53 43 55 22 1 1053
1 137 31 45 30 53 5 1054
0 57 46 20 41 20 3 1055
0 46 61 39 58 37 3 1056
1 129 64 28 56 39 6 1057
0 120 51 78 54 75 3 1058
0 7 24 51 25 49 3 1059
0 66 58 44 55 43 3 1060
0 61 48 30 45 35 3 1061
0 96 61 32 56 30 3 1062
0 110 55 52 58 52 3 1063
0 102 50 61 52 65 3 1064
1 0 60 74 58 72 1 1065
1 132 69 34 62 32 5 1066
0 66 35 30 17 23 3 1067
1 119 57 45 53 54 1 1068
0 55 87 3 85 4 6 1069
1 34 52 76 55 75 1 1070
1 143 51 19 49 20 1 1071
1 131 59 45 50 56 1 1072
1 43 61 45 62 43 1 1073
1 96 56 41 59 41 4 1074
0 106 7 41 6 44 3 1075
0 102 61 37 53 38 3 1076
0 54 56 49 53 69 3 1077
0 63 66 75 68 72 3 1078
0 80 59 44 49 40 3 1079
0 89 4 62 4 68 3 1080
1 129 54 30 56 28 1 1081
0 26 58 45 43 47 3 1082
1 102 43 17 41 20 1 1083
0 96 40 65 42 60 3 1084
1 61 79 6 81 5 2 1085
1 78 58 80 50 81 5 1086
1 80 55 45 57 43 3 1087
0 4 51 30 56 22 3 1088
0 32 51 83 59 75 3 1089
1 13 54 40 54 46 5 1090
1 45 89 93 87 92 1 1091
0 142 58 17 55 20 3 1092
1 39 50 38 39 82 1 1093
0 138 65 43 59 40 3 1094
0 96 41 12 38 14 3 1095
1 142 49 29 47 30 1 1096
0 41 77 6 80 6 3 1097
0 57 66 43 64 34 3 1098
1 73 66 20 67 28 1 1099
1 74 54 68 52 61 1 1100
1 52 48 2 46 3 1 1101
0 134 63 93 62 95 3 1102
1 22 69 71 67 72 3 1103
0 121 67 37 69 41 3 1104
0 80 46 4 48 3 3 1105
1 61 72 39 71 42 1 1106
0 36 45 75 56 42 3 1107
0 136 62 40 61 38 3 1108
0 87 49 56 50 53 3 1109
0 102 44 2 50 2 3 1110
0 29 68 72 73 67 3 1111
1 66 45 32 41 36 1 1112
1 33 59 35 53 55 1 1113
1 37 63 45 67 36 1 1114
0 40 81 6 75 6 3 1115
1 38 51 75 67 78 1 1116
0 106 87 4 83 4 3 1117
0 15 65 1 56 2 3 1118
1 67 57 80 52 80 6 1119
1 48 98 16 98 19 1 1120
0 62 55 2 59 1 5 1121
0 20 6 35 6 42 3 1122
0 130 47 63 50 57 3 1123
1 128 57 20 60 28 1 1124
0 87 38 60 59 20 3 1125
0 50 53 19 48 34 3 1126
1 25 44 54 23 19 1 1127
0 14 58 44 53 46 3 1128
1 129 65 44 66 41 1 1129
1 115 53 41 47 36 1 1130
1 78 92 34 92 27 2 1131
1 50 55 45 54 40 2 1132
0 80 68 38 66 47 3 1133
1 45 48 2 46 3 1 1134
0 8 28 47 28 41 3 1135
1 90 61 16 51 20 1 1136
0 45 65 75 68 72 3 1137
0 63 92 26 90 36 3 1138
1 48 30 44 24 39 1 1139
1 54 54 27 35 27 1 1140
0 24 61 16 57 18 3 1141
0 38 53 34 54 32 3 1142
1 116 98 17 98 23 1 1143
1 13 68 41 65 43 1 1144
1 44 67 39 50 46 1 1145
0 69 50 17 42 17 3 1146
0 104 56 72 52 76 3 1147
0 128 84 4 86 3 3 1148
1 4 5 49 5 53 1 1149
0 36 6 40 7 38 3 1150
0 53 61 44 64 46 3 1151
1 127 51 18 42 24 4 1152
1 75 67 38 49 45 1 1153
1 14 49 34 47 31 1 1154
0 0 48 55 52 55 3 1155
0 28 46 3 37 5 3 1156
1 16 59 17 55 18 1 1157
1 123 49 2 45 2 1 1158
0 25 49 49 43 71 3 1159
1 49 63 18 59 19 2 1160
1 93 35 49 32 47 3 1161
1 9 50 50 54 40 1 1162
1 67 64 31 64 38 2 1163
0 10 59 34 47 25 3 1164
1 126 60 32 60 35 1 1165
0 130 5 39 6 29 6 1166
1 10 52 29 56 22 2 1167
0 126 54 80 58 76 3 1168
1 39 49 52 46 31 1 1169
0 17 49 44 58 38 3 1170
1 13 57 28 68 34 1 1171
1 135 47 27 16 29 5 1172
0 52 56 39 55 42 3 1173
1 136 65 51 54 46 2 1174
0 116 58 56 59 45 4 1175
1 110 33 50 32 54 2 1176
0 48 4 39 6 20 3 1177
1 73 50 19 39 25 2 1178
1 53 55 51 51 60 4 1179
0 14 98 21 98 26 3 1180
0 138 32 57 46 54 3 1181
1 118 67 40 64 44 1 1182
1 40 52 40 55 35 1 1183
1 12 38 12 35 13 1 1184
1 128 60 30 59 32 2 1185
0 128 57 30 53 38 3 1186
1 28 56 76 62 70 5 1187
1 64 34 14 39 12 6 1188
0 74 47 21 44 21 3 1189
1 97 49 29 53 26 1 1190
0 96 1 95 3 96 3 1191
1 115 87 93 88 89 1 1192
1 53 58 19 53 19 6 1193
0 78 58 43 55 43 3 1194
1 13 48 34 38 18 5 1195
0 2 50 38 55 47 3 1196
0 122 91 34 90 36 3 1197
1 95 62 31 61 42 1 1198
0 125 6 30 6 42 3 1199
1 112 87 3 92 1 1 1200
1 23 52 32 50 35 2 1201
0 41 55 73 58 75 3 1202
1 39 52 40 60 36 1 1203
0 83 6 28 6 34 3 1204
1 25 32 14 61 35 1 1205
0 143 45 18 58 18 4 1206
0 66 72 37 65 53 3 1207
1 15 55 27 61 13 1 1208
1 28 35 16 44 32 2 1209
1 61 61 35 53 48 1 1210
1 61 64 29 61 38 3 1211
0 39 45 48 46 53 6 1212
0 124 90 36 91 29 6 1213
0 1 60 18 55 16 5 1214
1 48 90 43 90 38 1 1215
0 28 61 32 60 51 3 1216
0 101 52 41 53 31 3 1217
1 141 69 6 77 6 1 1218
1 38 56 77 60 70 1 1219
1 66 39 39 37 34 3 1220
0 128 31 44 29 47 3 1221
0 52 54 50 49 59 3 1222
1 112 86 4 84 6 2 1223
0 96 50 50 44 60 3 1224
0 87 56 42 49 63 5 1225
1 103 47 80 61 79 4 1226
0 95 54 41 62 32 3 1227
0 117 59 33 63 35 6 1228
0 98 62 36 45 64 3 1229
1 46 47 21 51 19 1 1230
0 52 60 30 68 37 3 1231
1 131 59 26 55 31 1 1232
1 72 48 70 55 53 1 1233
1 85 48 53 56 44 1 1234
0 38 55 44 45 37 3 1235
1 109 55 74 52 76 1 1236
1 73 89 92 87 90 1 1237
0 52 39 39 42 39 3 1238
1 94 56 80 51 81 3 1239
1 11 49 56 55 40 5 1240
1 46 6 39 5 45 1 1241
0 36 33 47 31 45 4 1242
0 81 67 44 70 35 3 1243
1 30 89 93 85 94 1 1244
1 141 56 38 56 43 1 1245
0 64 55 36 43 41 3 1246
0 140 63 41 58 53 3 1247
0 79 42 56 43 54 3 1248
0 105 61 19 63 17 5 1249
0 97 48 47 38 70 3 1250
1 18 47 41 46 48 1 1251
0 90 59 23 56 18 3 1252
0 38 47 27 47 24 3 1253
0 78 30 47 30 60 3 1254
0 32 56 39 62 37 3 1255
1 51 30 62 28 57 1 1256
1 99 59 40 51 47 3 1257
1 78 57 42 44 45 1 1258
1 121 41 36 42 29 2 1259
0 39 60 50 58 46 3 1260
0 64 58 26 60 25 5 1261
1 112 43 12 39 13 5 1262
0 40 5 69 5 61 3 1263
0 94 32 46 30 29 3 1264
0 6 66 40 68 34 3 1265
1 26 55 38 53 31 2 1266
1 83 3 66 4 68 1 1267
0 25 47 52 35 77 3 1268
1 16 98 19 98 16 2 1269
0 99 44 11 33 16 3 1270
1 40 58 47 60 40 1 1271
1 68 56 16 49 24 1 1272
1 98 62 45 54 66 1 1273
1 39 53 45 54 48 1 1274
1 114 60 56 71 42 1 1275
0 68 58 46 51 46 3 1276
1 57 6 46 7 40 1 1277
0 44 40 14 42 10 3 1278
1 76 44 51 23 20 1 1279
0 47 59 50 55 67 3 1280
0 51 56 2 59 2 3 1281
1 92 57 17 55 21 3 1282
0 87 48 37 46 35 3 1283
1 94 52 46 41 50 1 1284
1 3 42 41 38 41 1 1285
0 119 64 46 64 54 3 1286
1 63 70 72 71 74 5 1287
0 109 48 70 49 63 3 1288
0 8 47 52 48 49 3 1289
0 10 33 37 32 39 3 1290
0 116 57 48 56 46 3 1291
1 16 60 32 62 51 1 1292
1 3 47 21 45 20 1 1293
1 36 66 40 67 38 2 1294
1 19 51 56 51 48 1 1295
1 53 55 21 57 20 1 1296
0 128 6 48 7 43 3 1297
0 83 6 23 6 20 3 1298
1 36 69 40 68 38 1 1299
1 133 51 48 48 54 5 1300
1 22 31 47 29 22 2 1301
0 122 31 46 33 48 3 1302
0 40 6 67 6 64 3 1303
0 77 86 4 83 6 3 1304
1 79 41 3 49 2 1 1305
0 112 36 12 34 10 3 1306
0 140 34 39 33 45 3 1307
0 52 70 41 72 31 5 1308
0 64 88 4 83 3 3 1309
0 48 52 17 48 14 4 1310
0 69 49 47 46 58 3 1311
0 119 54 32 41 30 3 1312
1 78 32 48 33 44 1 1313
1 61 55 46 50 49 1 1314
0 48 27 25 51 45 3 1315
0 91 7 42 6 58 3 1316
0 141 41 37 39 36 3 1317
1 86 88 94 84 93 1 1318
0 88 55 2 62 1 3 1319
1 46 50 12 42 12 1 1320
1 108 66 1 57 1 2 1321
1 6 46 47 40 65 1 1322
0 19 19 58 18 47 3 1323
0 52 63 25 63 21 3 1324
0 123 52 54 51 37 3 1325
1 112 27 50 29 52 1 1326
1 31 48 54 47 56 6 1327
0 135 6 66 4 67 3 1328
0 65 6 33 6 37 3 1329
1 141 43 37 44 41 1 1330
1 24 37 41 41 40 3 1331
0 18 79 5 71 6 3 1332
0 126 52 75 70 70 3 1333
0 137 5 39 5 36 3 1334
1 83 56 56 60 46 4 1335
1 80 42 42 2 39 1 1336
1 62 30 51 29 54 1 1337
1 139 6 50 7 46 2 1338
0 38 57 28 57 17 3 1339
1 50 63 34 61 35 6 1340
1 55 49 28 66 29 3 1341
0 128 40 13 35 13 6 1342
0 3 44 2 47 2 3 1343
0 44 70 35 68 32 3 1344
1 19 61 30 61 35 2 1345
0 112 54 47 47 61 3 1346
1 62 53 19 58 20 1 1347
0 107 69 69 68 72 4 1348
1 95 46 4 42 4 1 1349
1 75 64 41 67 39 1 1350
1 36 49 47 50 64 1 1351
0 13 66 43 71 36 3 1352
0 127 54 57 59 57 3 1353
1 21 64 43 64 37 1 1354
0 94 6 65 5 69 5 1355
0 17 6 51 6 42 5 1356
0 134 55 80 51 80 3 1357
1 143 40 13 37 13 5 1358
0 43 60 36 61 33 3 1359
1 96 32 48 28 49 1 1360
0 16 67 36 70 37 3 1361
1 106 60 40 59 38 1 1362
1 129 61 20 64 30 6 1363
0 110 57 41 56 43 3 1364
0 63 54 60 53 69 3 1365
0 70 80 5 69 6 3 1366
1 97 47 36 53 25 3 1367
1 105 28 59 30 51 1 1368
1 100 86 95 88 94 2 1369
1 22 59 17 66 6 3 1370
1 78 56 61 54 66 2 1371
0 72 54 43 56 38 3 1372
1 66 58 40 46 35 1 1373
1 36 29 53 25 55 1 1374
1 20 49 56 39 59 2 1375
1 116 54 51 48 58 3 1376
0 2 66 39 67 34 3 1377
0 141 3 97 4 95 3 1378
0 112 30 52 32 44 3 1379
0 127 45 61 39 54 3 1380
0 81 48 28 52 24 3 1381
1 56 34 44 31 49 1 1382
0 92 70 43 71 39 3 1383
1 39 54 54 57 44 3 1384
1 59 42 35 42 38 1 1385
0 82 52 49 47 54 3 1386
0 40 60 33 57 38 5 1387
1 78 58 44 55 41 3 1388
1 71 40 3 37 4 1 1389
1 111 6 31 6 25 6 1390
1 19 74 67 64 72 4 1391
0 54 6 42 5 67 3 1392
1 42 73 38 70 34 2 1393
1 102 54 42 58 36 5 1394
0 24 5 39 6 45 3 1395
0 116 69 35 64 36 5 1396
0 61 51 75 65 74 3 1397
1 108 39 44 42 42 2 1398
1 79 44 28 44 31 1 1399
0 33 53 46 48 52 3 1400
0 107 41 39 35 55 3 1401
1 117 60 42 55 38 3 1402
1 32 40 12 36 13 1 1403
0 116 61 39 61 42 3 1404
0 57 52 45 48 53 3 1405
1 96 53 45 55 48 2 1406
0 109 65 44 61 41 5 1407
0 14 45 3 30 4 3 1408
1 7 65 44 56 68 1 1409
0 140 53 47 46 58 3 1410
0 0 31 43 32 47 3 1411
1 10 40 37 27 35 2 1412
1 67 59 44 56 43 2 1413
1 130 51 18 49 19 1 1414
1 112 43 11 36 14 1 1415
0 141 53 43 52 48 3 1416
0 68 57 37 54 50 3 1417
0 56 52 54 53 51 3 1418
1 14 98 23 98 20 1 1419
0 86 98 22 98 4 5 1420
0 76 69 73 72 73 3 1421
0 116 31 45 34 42 3 1422
1 137 69 71 70 74 1 1423
0 88 55 67 55 57 3 1424
0 8 65 40 58 41 3 1425
1 36 31 57 30 62 5 1426
1 6 62 47 65 41 1 1427
1 96 53 39 55 42 4 1428
0 1 56 64 51 61 3 1429
0 128 69 33 64 50 3 1430
1 120 55 52 55 55 1 1431
1 80 17 2 47 4 2 1432
1 115 44 3 51 2 1 1433
0 73 27 42 34 44 3 1434
1 62 53 38 63 47 1 1435
1 89 52 45 50 32 2 1436
1 16 55 41 55 38 1 1437
0 26 64 35 75 17 3 1438
1 70 55 30 53 32 2 1439
1 40 56 28 55 26 1 1440
0 129 46 20 52 19 3 1441
0 67 49 47 40 33 6 1442
0 45 53 80 38 80 3 1443
0 33 60 39 51 33 3 1444
1 23 77 6 80 6 1 1445
0 26 25 60 33 46 3 1446
0 140 56 40 52 54 3 1447
0 81 55 47 49 55 3 1448
1 115 29 58 27 60 3 1449
1 101 32 57 47 45 1 1450
1 134 69 40 67 43 1 1451
0 115 69 71 73 67 3 1452
0 29 58 32 43 43 3 1453
0 63 90 38 92 34 3 1454
0 23 57 27 61 28 3 1455
1 31 48 2 53 1 2 1456
0 71 88 92 86 95 3 1457
0 83 83 5 80 6 6 1458
1 59 6 41 6 17 1 1459
1 26 70 33 70 41 3 1460
1 80 32 48 35 39 1 1461
1 17 92 32 91 30 4 1462
0 36 46 41 49 52 3 1463
1 113 56 30 60 28 5 1464
0 25 55 41 59 42 3 1465
1 14 88 94 89 90 1 1466
1 36 63 35 58 38 1 1467
1 14 52 32 63 30 1 1468
0 130 60 45 61 43 3 1469
1 81 33 44 34 42 1 1470
1 72 53 50 47 67 5 1471
0 92 54 80 51 80 3 1472
1 108 58 45 57 43 1 1473
1 102 51 20 46 20 1 1474
1 14 67 35 66 37 2 1475
1 124 49 53 42 64 1 1476
1 46 55 80 51 80 1 1477
1 102 56 39 53 44 1 1478
0 37 65 94 62 97 3 1479
0 16 31 50 30 46 5 1480
0 84 47 42 49 37 3 1481
1 72 50 53 52 60 1 1482
0 30 60 26 55 32 3 1483
0 35 52 23 51 27 3 1484
1 125 54 57 55 54 1 1485
1 35 53 27 57 22 1 1486
0 139 60 1 53 1 5 1487
0 21 38 32 37 30 3 1488
0 43 34 42 32 50 3 1489
0 37 60 17 58 19 3 1490
1 54 81 2 87 4 1 1491
1 68 57 19 55 26 1 1492
1 76 6 43 6 52 2 1493
0 19 57 71 44 64 4 1494
1 140 64 43 54 36 2 1495
0 89 32 45 33 43 3 1496
1 84 46 54 47 51 3 1497
0 86 98 22 98 19 3 1498
1 39 59 46 55 53 1 1499
1 28 69 34 67 22 1 1500
0 26 57 42 58 46 3 1501
1 113 49 35 58 31 5 1502
0 97 49 50 51 56 3 1503
0 69 52 52 52 49 3 1504
0 129 54 45 60 33 5 1505
0 97 48 20 42 29 3 1506
0 8 59 19 50 26 3 1507
1 47 7 39 7 44 1 1508
1 57 7 46 7 52 1 1509
1 79 87 93 83 96 1 1510
0 57 63 43 54 52 4 1511
1 48 31 52 30 47 1 1512
0 81 48 30 46 31 3 1513
0 128 41 12 43 11 3 1514
0 9 59 32 58 34 3 1515
1 27 6 59 6 64 1 1516
1 33 92 19 92 29 1 1517
1 52 38 41 39 43 4 1518
0 126 51 59 36 67 3 1519
0 20 81 3 84 4 3 1520
0 135 28 56 26 65 3 1521
0 43 98 21 98 14 3 1522
1 120 62 32 60 31 3 1523
0 27 6 50 6 62 6 1524
1 135 44 28 45 34 1 1525
1 18 56 40 50 46 3 1526
1 44 30 46 28 52 1 1527
0 139 91 36 90 40 3 1528
0 23 62 29 57 28 3 1529
1 130 80 6 70 6 5 1530
1 68 54 39 56 36 1 1531
0 21 55 30 59 26 3 1532
0 83 58 38 54 53 3 1533
0 51 38 40 43 32 3 1534
1 143 61 69 58 72 1 1535
0 26 45 31 42 39 3 1536
0 86 63 34 59 34 3 1537
1 23 55 28 50 41 2 1538
0 35 42 11 40 12 3 1539
0 49 73 30 73 37 3 1540
1 112 32 38 31 45 6 1541
0 90 57 28 61 21 3 1542
1 96 6 53 6 58 3 1543
1 57 54 76 48 80 2 1544
1 16 31 50 33 46 1 1545
1 5 46 32 50 26 1 1546
1 39 54 36 58 32 1 1547
0 0 56 41 58 36 3 1548
0 30 44 4 41 4 3 1549
0 88 68 40 69 30 3 1550
0 22 33 52 32 55 4 1551
0 17 6 54 5 62 5 1552
0 141 56 39 61 34 3 1553
0 111 54 50 49 49 3 1554
1 76 56 25 51 27 1 1555
1 85 38 39 40 37 1 1556
0 130 47 21 50 18 3 1557
0 74 55 26 46 31 3 1558
1 84 49 4 46 3 1 1559
0 108 30 14 63 23 3 1560
0 2 46 18 43 17 4 1561
1 96 64 49 64 44 1 1562
0 1 50 38 51 35 3 1563
0 77 56 22 52 29 3 1564
0 136 65 41 53 43 3 1565
0 42 53 36 56 13 3 1566
0 37 6 48 7 44 3 1567
1 5 47 60 49 56 2 1568
0 95 43 4 17 2 3 1569
1 63 68 63 73 68 1 1570
0 68 51 78 53 77 3 1571
1 48 36 12 43 12 3 1572
1 48 53 43 44 48 2 1573
0 65 67 38 63 31 3 1574
1 96 53 48 54 43 2 1575
0 88 80 4 83 4 3 1576
1 64 47 33 57 38 2 1577
1 17 47 2 28 2 1 1578
1 80 54 45 41 63 5 1579
0 88 60 44 57 45 3 1580
1 82 52 52 53 45 1 1581
1 23 59 31 50 35 1 1582
0 40 55 19 54 12 3 1583
0 40 58 54 55 52 3 1584
0 102 67 38 64 37 3 1585
1 56 49 45 51 44 5 1586
1 53 60 17 26 18 1 1587
0 60 48 3 41 4 3 1588
0 123 62 1 57 2 3 1589
1 112 51 26 55 27 4 1590
1 1 47 59 52 49 2 1591
0 23 55 42 52 54 3 1592
1 72 61 32 59 34 1 1593
0 135 36 43 38 48 3 1594
0 120 44 50 44 53 3 1595
1 14 98 10 98 23 1 1596
1 97 47 30 53 26 4 1597
0 134 36 13 40 12 3 1598
1 140 53 75 69 73 1 1599
0 130 48 21 52 19 3 1600
0 126 45 3 41 3 3 1601
1 62 63 2 60 2 2 1602
0 98 68 33 56 46 3 1603
0 56 59 30 54 19 3 1604
0 106 53 50 51 49 3 1605
1 126 60 35 57 39 1 1606
1 77 37 43 37 40 1 1607
1 90 68 42 68 39 3 1608
1 128 55 27 42 35 1 1609
0 6 43 29 42 31 3 1610
1 11 48 3 42 4 1 1611
0 68 71 40 67 48 5 1612
0 51 61 71 49 65 5 1613
1 42 53 65 49 83 1 1614
1 37 43 18 67 30 1 1615
0 121 5 42 6 40 3 1616
0 6 89 92 86 95 3 1617
1 40 45 4 38 4 1 1618
0 45 55 57 62 43 3 1619
1 143 48 45 46 51 1 1620
1 72 54 46 55 43 1 1621
0 77 61 0 56 1 3 1622
1 125 74 6 80 6 2 1623
0 67 6 65 5 68 3 1624
0 111 27 25 55 44 6 1625
0 1 60 24 58 16 3 1626
0 32 42 13 40 12 3 1627
1 39 59 28 64 19 1 1628
0 139 52 42 45 71 3 1629
1 97 54 30 50 43 2 1630
1 96 33 20 56 39 1 1631
1 57 7 46 5 64 2 1632
1 39 58 37 57 43 5 1633
1 112 47 57 52 51 1 1634
1 87 62 2 75 3 1 1635
1 63 61 24 64 22 1 1636
1 50 61 33 57 28 1 1637
1 9 53 51 77 34 3 1638
0 112 49 18 51 21 5 1639
0 72 54 49 39 13 3 1640
1 42 64 43 66 39 1 1641
0 117 51 54 48 58 3 1642
1 45 54 42 58 47 1 1643
0 111 53 80 56 79 3 1644
0 83 6 31 4 52 3 1645
0 135 59 35 58 46 3 1646
1 30 50 53 51 62 2 1647
0 53 56 25 56 29 3 1648
1 5 49 3 46 4 1 1649
0 4 29 25 52 44 3 1650
0 1 68 41 56 39 3 1651
0 141 61 48 64 45 3 1652
0 65 62 51 65 38 5 1653
1 132 34 42 32 46 1 1654
1 98 60 30 57 21 2 1655
0 130 6 64 5 66 3 1656
0 142 60 41 63 42 3 1657
0 94 7 49 6 53 3 1658
0 65 33 43 31 57 5 1659
0 74 62 45 58 54 3 1660
0 37 51 23 52 29 3 1661
1 72 55 46 51 49 2 1662
0 50 47 41 49 40 3 1663
1 126 56 39 54 47 1 1664
0 101 59 36 61 37 5 1665
0 64 63 44 61 27 3 1666
0 36 47 20 49 19 3 1667
0 27 56 18 58 17 3 1668
1 17 56 71 57 75 6 1669
0 115 40 4 47 4 3 1670
1 74 45 2 52 2 1 1671
1 105 69 38 74 31 2 1672
1 136 69 38 70 35 1 1673
1 80 57 39 55 41 3 1674
1 94 33 43 33 47 3 1675
0 31 47 3 49 2 3 1676
1 117 60 36 58 42 2 1677
0 63 56 73 49 78 5 1678
0 90 50 27 53 24 3 1679
0 53 53 18 58 17 3 1680
0 116 59 47 62 48 3 1681
0 87 57 37 61 40 3 1682
1 129 60 33 55 41 1 1683
1 90 63 20 56 35 1 1684
1 84 61 37 62 35 2 1685
0 81 55 24 52 24 3 1686
0 126 57 76 53 80 3 1687
0 73 6 60 5 68 3 1688
0 71 54 34 56 27 4 1689
0 93 61 1 65 1 3 1690
0 29 60 28 49 18 3 1691
1 18 89 36 90 39 6 1692
0 102 57 40 55 43 3 1693
1 128 87 4 84 4 1 1694
0 29 59 34 57 41 3 1695
1 143 98 19 98 22 1 1696
0 46 51 51 51 54 3 1697
1 8 39 28 39 22 2 1698
0 2 45 24 49 33 3 1699
1 66 6 44 6 61 2 1700
0 43 42 38 44 41 3 1701
1 122 65 41 68 39 1 1702
1 14 52 38 60 32 2 1703
1 31 56 2 53 1 1 1704
0 29 53 42 54 49 3 1705
1 125 50 35 55 30 1 1706
0 48 42 18 68 42 6 1707
0 19 46 48 47 51 3 1708
1 96 66 47 63 51 1 1709
1 88 71 40 67 39 2 1710
0 104 56 53 54 52 3 1711
0 109 45 2 49 2 3 1712
0 81 47 31 50 31 3 1713
0 116 58 54 59 52 3 1714
1 104 53 55 49 54 1 1715
0 123 55 2 60 1 3 1716
1 68 46 50 37 48 1 1717
0 131 51 20 58 19 3 1718
1 68 56 35 58 32 2 1719
0 112 39 28 52 25 5 1720
1 119 64 43 68 47 2 1721
0 80 50 77 55 75 3 1722
0 104 43 11 40 10 3 1723
1 60 3 96 1 95 5 1724
1 21 55 80 50 81 4 1725
0 103 59 71 61 69 3 1726
0 0 52 58 47 60 3 1727
1 124 92 34 92 31 1 1728
1 139 30 46 32 45 3 1729
1 140 51 35 56 37 1 1730
0 29 63 36 53 42 3 1731
1 121 54 46 53 40 3 1732
0 139 6 31 5 40 6 1733
0 53 49 37 52 38 3 1734
1 93 42 40 47 28 1 1735
0 73 71 75 59 73 3 1736
0 25 61 28 59 27 5 1737
0 97 57 36 56 40 3 1738
0 25 63 80 67 73 3 1739
0 120 6 64 5 68 3 1740
1 77 86 3 85 5 1 1741
0 122 63 20 59 29 3 1742
0 72 54 46 51 48 5 1743
0 0 64 31 65 40 5 1744
0 25 67 77 69 76 3 1745
1 120 56 72 54 74 1 1746
0 130 50 49 52 50 3 1747
0 39 61 33 44 30 5 1748
0 31 63 44 39 35 3 1749
1 55 31 15 58 37 1 1750
0 45 43 53 42 58 3 1751
0 64 51 48 55 67 3 1752
1 128 63 22 60 6 1 1753
0 14 63 34 57 41 3 1754
1 48 91 35 91 40 1 1755
0 102 72 66 68 70 3 1756
0 68 67 42 66 38 3 1757
1 92 80 5 78 6 1 1758
1 78 57 45 50 54 2 1759
0 130 63 41 62 48 3 1760
0 74 55 76 60 71 3 1761
1 5 57 57 50 79 2 1762
1 59 44 31 34 24 1 1763
1 25 48 19 46 22 1 1764
0 49 61 34 60 40 3 1765
0 111 5 47 5 54 4 1766
1 33 51 80 55 80 1 1767
0 52 51 2 47 2 3 1768
1 52 47 2 54 1 1 1769
1 24 55 38 58 35 1 1770
1 9 54 41 56 40 1 1771
0 24 54 36 59 22 3 1772
1 104 53 49 37 51 1 1773
0 92 55 30 46 40 4 1774
0 105 6 64 6 67 3 1775
1 100 31 57 32 54 2 1776
0 10 60 44 63 35 3 1777
0 96 53 45 54 41 3 1778
1 109 80 6 82 5 1 1779
0 119 31 78 54 75 3 1780
0 16 31 51 27 50 4 1781
0 28 50 28 50 32 3 1782
0 27 67 92 64 94 3 1783
1 32 77 6 80 5 1 1784
0 129 91 40 92 34 3 1785
0 52 42 34 43 31 3 1786
0 93 47 46 44 52 3 1787
0 32 66 39 35 16 3 1788
1 89 50 52 46 61 1 1789
0 23 91 36 90 38 3 1790
1 8 47 51 43 58 1 1791
1 2 91 39 91 36 1 1792
1 31 63 2 55 2 1 1793
1 78 54 33 55 26 2 1794
1 106 82 6 83 4 2 1795
0 17 59 38 68 34 3 1796
1 87 51 50 28 24 4 1797
1 137 39 46 41 39 1 1798
0 138 80 5 77 6 3 1799
0 17 56 41 59 41 3 1800
1 143 39 13 36 14 2 1801
0 74 38 39 37 43 3 1802
0 95 60 25 54 36 3 1803
0 18 51 64 56 55 3 1804
0 16 68 40 66 44 3 1805
0 96 28 42 32 38 6 1806
1 104 52 44 54 50 1 1807
0 115 57 73 54 76 3 1808
1 16 6 53 5 61 1 1809
1 5 53 44 55 16 1 1810
0 92 65 48 63 54 3 1811
1 26 70 33 48 34 1 1812
1 79 45 36 41 35 1 1813
1 76 51 46 55 42 1 1814
1 76 67 42 69 36 1 1815
0 26 56 49 39 48 3 1816
0 130 60 20 58 24 3 1817
1 139 57 20 53 19 1 1818
0 140 53 34 53 41 3 1819
1 37 6 44 6 64 1 1820
0 22 32 52 29 56 6 1821
1 57 46 3 44 4 1 1822
1 125 47 20 50 20 1 1823
0 43 68 33 64 32 3 1824
1 74 56 52 41 42 1 1825
0 13 27 50 32 45 3 1826
0 74 6 45 5 35 3 1827
0 65 56 40 51 37 3 1828
0 64 39 14 40 12 3 1829
0 64 55 24 52 23 3 1830
1 69 91 34 92 27 1 1831
0 64 37 13 41 13 3 1832
1 33 56 29 57 35 1 1833
0 123 31 45 30 53 3 1834
1 96 31 78 56 75 1 1835
0 23 55 30 55 27 3 1836
0 135 74 67 71 69 3 1837
0 46 61 1 51 1 3 1838
1 72 68 37 70 39 1 1839
1 103 58 1 56 2 2 1840
1 79 41 36 47 28 1 1841
0 120 98 21 98 15 3 1842
0 48 54 50 49 53 3 1843
1 72 6 29 6 34 2 1844
0 95 70 72 68 70 3 1845
0 136 51 41 57 42 6 1846
1 0 62 34 61 28 2 1847
1 63 92 24 92 30 1 1848
0 25 59 37 52 39 3 1849
1 67 56 42 53 42 1 1850
1 42 54 74 61 70 1 1851
1 118 5 27 5 48 2 1852
1 26 54 51 56 45 1 1853
1 113 54 32 56 29 1 1854
1 110 58 38 33 43 2 1855
1 12 62 32 57 40 1 1856
0 83 50 36 52 33 3 1857
0 94 5 71 6 69 3 1858
1 11 54 38 47 37 1 1859
1 105 67 42 63 46 1 1860
0 38 62 22 59 26 6 1861
0 28 68 34 62 33 3 1862
0 40 43 54 50 13 3 1863
1 8 57 40 54 44 1 1864
0 137 33 41 33 46 3 1865
1 24 62 46 59 51 1 1866
1 79 40 36 42 34 4 1867
0 102 6 25 6 28 3 1868
1 106 6 47 6 53 6 1869
1 102 56 48 53 45 4 1870
1 26 48 58 53 49 1 1871
0 117 67 50 68 48 3 1872
1 61 42 33 43 30 2 1873
0 31 30 78 53 76 3 1874
1 4 48 19 44 21 1 1875
1 69 50 53 52 54 1 1876
1 80 44 10 32 13 3 1877
0 32 44 53 46 54 3 1878
1 95 59 27 55 32 1 1879
1 13 89 35 91 15 1 1880
0 38 41 35 43 41 3 1881
1 96 56 41 55 48 3 1882
0 46 80 5 83 4 3 1883
0 4 56 23 50 27 3 1884
0 69 6 55 6 58 3 1885
0 140 56 76 58 75 3 1886
1 143 98 19 98 30 1 1887
1 106 57 47 44 40 1 1888
1 16 57 17 63 18 2 1889
0 104 50 47 57 49 3 1890
1 136 69 73 65 74 1 1891
1 24 35 47 37 42 2 1892
0 56 56 80 53 80 3 1893
1 38 62 26 59 25 2 1894
1 89 52 80 56 80 2 1895
0 126 98 19 98 15 3 1896
1 40 57 18 22 16 1 1897
1 29 34 44 30 63 1 1898
0 45 27 60 32 48 3 1899
0 25 30 59 28 60 3 1900
1 3 60 34 57 34 1 1901
1 35 34 45 31 46 1 1902
1 32 65 40 55 42 1 1903
1 65 31 47 30 60 5 1904
1 107 47 60 52 54 4 1905
1 139 53 55 42 67 2 1906
0 58 58 41 55 40 3 1907
1 57 52 49 54 51 3 1908
0 101 54 41 52 40 3 1909
1 83 50 44 51 41 1 1910
1 124 91 34 91 39 1 1911
0 63 70 35 69 39 3 1912
0 26 45 64 43 63 3 1913
1 99 59 1 64 1 2 1914
1 53 61 19 64 17 1 1915
0 46 68 36 65 49 3 1916
0 104 67 37 48 44 3 1917
0 125 5 29 5 37 3 1918
0 40 6 66 5 64 3 1919
1 132 70 43 71 41 2 1920
0 95 64 77 66 75 5 1921
0 108 53 41 48 39 3 1922
1 91 60 43 65 53 1 1923
1 53 33 36 44 35 1 1924
1 21 57 34 54 34 1 1925
0 27 6 34 5 45 3 1926
0 70 88 92 87 95 3 1927
1 0 63 21 51 18 6 1928
0 17 57 38 59 41 5 1929
1 130 54 40 54 44 5 1930
1 140 28 55 27 60 1 1931
1 44 53 40 44 36 2 1932
1 90 57 76 63 69 4 1933
0 38 39 38 41 35 3 1934
0 51 64 76 66 73 3 1935
1 37 6 48 3 39 1 1936
0 113 53 50 53 44 3 1937
0 29 48 65 53 47 3 1938
0 0 60 34 55 39 3 1939
1 36 55 40 58 46 3 1940
1 16 53 41 56 41 4 1941
0 91 59 28 53 38 3 1942
1 122 89 92 88 94 1 1943
1 80 33 42 27 49 1 1944
0 12 86 94 84 95 3 1945
1 56 55 44 50 42 1 1946
0 57 50 48 42 38 3 1947
0 37 54 43 65 28 3 1948
1 90 58 19 49 21 2 1949
1 19 70 72 69 74 4 1950
0 52 60 16 58 19 3 1951
0 97 52 27 49 28 5 1952
0 103 53 2 45 2 3 1953
1 16 28 60 27 58 2 1954
1 143 42 67 43 64 3 1955
1 117 50 51 44 62 6 1956
0 108 30 61 26 75 3 1957
1 28 61 49 63 46 1 1958
1 73 31 45 29 46 1 1959
1 17 6 59 6 69 1 1960
0 56 51 80 55 80 3 1961
1 32 47 53 43 20 3 1962
0 137 27 63 33 53 3 1963
0 89 54 51 53 47 3 1964
0 75 6 35 5 18 3 1965
0 33 91 20 89 36 5 1966
1 27 6 50 4 46 1 1967
0 78 68 44 66 49 3 1968
0 121 32 45 29 47 3 1969
0 102 91 19 92 29 3 1970
1 136 57 33 57 29 2 1971
1 19 54 80 37 79 1 1972
0 25 56 55 53 57 3 1973
0 96 32 44 26 51 3 1974
0 138 32 10 38 11 3 1975
1 135 59 70 58 74 1 1976
0 104 55 42 60 39 3 1977
0 47 6 57 5 67 3 1978
1 43 61 51 55 62 2 1979
0 25 86 92 87 94 3 1980
1 53 47 60 46 65 1 1981
0 62 54 46 63 34 3 1982
1 82 72 66 71 69 1 1983
0 46 5 27 6 32 3 1984
1 99 55 49 44 78 1 1985
1 36 42 41 40 45 1 1986
0 70 43 51 34 48 3 1987
1 46 59 24 45 22 2 1988
0 128 34 10 39 12 3 1989
1 31 47 44 45 50 3 1990
1 39 53 55 55 15 1 1991
0 28 62 35 59 38 4 1992
0 123 47 2 52 2 3 1993
0 143 27 51 31 46 3 1994
0 71 53 33 50 36 3 1995
0 61 58 44 56 48 3 1996
0 9 47 58 48 54 3 1997
1 58 51 49 39 60 4 1998
1 81 62 16 56 18 1 1999
