0 1 58 46 62 40 3 0
1 63 55 41 50 26 1 1
1 52 62 36 58 33 4 2
0 100 56 35 58 39 3 3
1 69 53 51 52 43 2 4
1 130 52 19 49 19 1 5
1 15 41 13 38 13 1 6
1 100 52 50 50 60 1 7
0 139 89 53 90 50 3 8
1 23 47 43 54 30 2 9
0 70 56 43 50 51 3 10
0 0 71 36 71 27 3 11
1 111 55 42 54 54 1 12
1 24 48 59 53 49 1 13
0 102 47 63 42 69 6 14
1 76 54 39 49 38 3 15
0 25 53 38 55 37 3 16
1 14 60 50 54 45 1 17
1 88 48 67 47 63 1 18
1 84 67 22 60 11 1 19
0 84 57 39 53 42 3 20
1 36 34 41 33 44 6 21
0 54 52 61 44 57 4 22
1 24 32 42 48 34 1 23
0 133 6 51 6 54 4 24
1 10 44 33 41 42 1 25
0 27 59 17 61 19 5 26
0 79 58 27 59 24 4 27
1 104 63 45 62 50 1 28
0 76 52 43 53 46 3 29
0 111 51 48 48 50 3 30
0 44 50 48 47 62 3 31
1 57 57 46 49 59 4 32
0 32 29 48 17 46 3 33
1 31 41 2 46 2 5 34
0 107 44 54 46 55 3 35
0 0 27 56 31 42 3 36
0 75 60 33 62 35 5 37
0 121 64 43 64 46 3 38
1 97 50 27 52 24 1 39
0 56 55 36 57 39 3 40
0 79 61 32 61 35 3 41
0 140 60 32 61 38 3 42
0 79 30 59 29 61 3 43
1 94 25 40 31 47 2 44
1 18 91 36 90 45 1 45
0 43 60 38 42 39 3 46
0 14 55 18 59 19 3 47
0 124 69 46 67 41 3 48
0 24 46 80 50 80 3 49
1 40 5 63 6 59 1 50
1 137 50 19 38 18 2 51
0 73 45 63 46 57 3 52
1 120 37 4 31 4 1 53
0 93 40 38 38 40 3 54
1 139 6 42 6 29 2 55
0 16 5 69 6 67 3 56
0 39 67 25 70 26 3 57
0 38 61 1 55 1 3 58
1 31 60 72 50 77 1 59
0 48 50 44 57 36 3 60
1 32 40 12 44 10 1 61
0 38 42 33 39 43 6 62
0 72 98 23 98 19 3 63
0 43 98 15 98 18 3 64
1 127 31 58 32 49 1 65
0 136 56 76 58 74 3 66
1 0 48 56 49 54 1 67
1 66 6 46 6 54 1 68
1 23 67 37 66 40 5 69
1 24 43 2 51 2 2 70
1 132 56 40 59 41 1 71
1 116 47 3 51 2 5 72
1 46 63 49 63 54 2 73
0 0 31 45 27 49 3 74
0 76 5 42 5 38 3 75
1 85 70 36 60 62 1 76
1 5 69 73 72 72 1 77
1 132 92 31 92 24 1 78
0 42 68 32 68 38 3 79
1 102 54 38 56 39 1 80
0 42 58 45 48 49 3 81
1 65 5 45 5 50 6 82
0 43 67 47 63 45 3 83
1 81 32 45 32 52 4 84
1 24 64 46 69 40 2 85
0 0 30 77 54 81 3 86
1 57 61 71 56 76 1 87
1 76 68 72 72 67 1 88
0 26 42 3 50 3 3 89
1 113 50 24 57 25 2 90
0 9 68 41 66 35 3 91
1 39 60 41 45 38 2 92
0 5 58 60 55 53 3 93
1 80 56 74 59 72 3 94
0 95 33 45 30 52 3 95
1 51 69 35 66 45 1 96
0 68 51 48 47 74 3 97
0 47 53 48 47 56 3 98
0 108 59 38 57 41 3 99
1 40 43 4 34 4 5 100
0 31 6 53 5 51 3 101
1 24 51 2 48 2 4 102
1 49 61 19 59 17 1 103
1 79 61 17 58 13 1 104
0 136 40 36 43 36 3 105
1 7 60 18 49 20 2 106
1 29 56 43 57 38 1 107
0 93 37 41 39 45 3 108
1 142 53 46 43 35 2 109
0 13 63 57 63 52 3 110
1 129 98 11 98 17 5 111
0 32 51 21 54 25 3 112
1 32 87 3 85 4 3 113
0 116 65 1 55 2 3 114
1 39 55 41 56 39 1 115
1 134 66 39 60 37 1 116
1 50 39 48 44 54 1 117
0 98 47 47 46 52 3 118
1 130 52 77 49 78 1 119
0 122 50 51 53 60 3 120
1 35 51 27 53 24 1 121
1 98 62 42 60 51 1 122
1 139 55 41 54 43 1 123
0 64 54 32 57 18 3 124
1 72 54 39 63 45 1 125
0 77 57 36 55 38 5 126
0 17 40 36 44 30 3 127
0 51 59 48 54 57 3 128
0 110 54 46 60 42 3 129
0 27 61 37 46 33 3 130
0 25 38 21 42 20 3 131
0 116 50 62 46 60 3 132
0 8 61 28 62 35 4 133
1 134 59 71 70 72 5 134
0 73 57 39 53 42 3 135
0 91 67 39 65 40 5 136
0 96 55 42 48 36 3 137
0 81 49 28 46 31 3 138
0 10 47 30 49 33 3 139
1 33 52 19 48 19 1 140
0 18 45 45 42 48 3 141
0 27 56 15 59 16 3 142
1 0 60 73 58 75 6 143
1 117 51 46 54 54 1 144
0 72 39 10 37 11 3 145
1 108 56 80 50 80 3 146
0 93 91 32 90 35 3 147
1 103 57 28 60 23 5 148
0 3 85 16 91 31 3 149
1 41 51 63 51 59 2 150
0 104 53 51 49 55 3 151
0 132 51 50 53 39 3 152
1 51 30 54 31 48 1 153
0 139 91 27 91 34 3 154
0 74 49 16 50 18 3 155
1 64 60 22 52 19 1 156
1 72 55 41 55 45 2 157
0 47 6 34 6 30 6 158
1 23 44 2 28 2 4 159
0 25 65 34 57 56 3 160
0 104 43 65 43 57 3 161
1 39 55 45 56 39 1 162
1 32 52 49 60 49 1 163
0 116 59 32 56 30 3 164
0 128 34 16 23 16 5 165
0 134 60 53 57 58 3 166
1 112 46 55 43 54 6 167
1 72 64 53 50 46 1 168
1 28 47 46 47 49 1 169
0 60 56 48 55 64 3 170
0 143 52 26 42 30 3 171
0 57 55 66 51 62 3 172
1 136 46 59 49 54 1 173
0 33 50 33 51 29 3 174
0 35 46 31 51 27 3 175
1 28 68 35 63 50 2 176
1 126 6 42 6 18 1 177
0 50 34 45 32 46 3 178
1 62 56 2 61 1 1 179
1 110 52 41 55 41 1 180
1 74 54 56 57 54 1 181
1 139 62 1 55 2 4 182
1 103 47 3 29 4 5 183
1 15 57 20 59 17 2 184
0 44 70 39 66 33 3 185
0 126 55 42 48 67 3 186
1 74 6 36 4 51 2 187
0 132 98 17 98 23 3 188
1 65 38 14 40 13 3 189
1 56 49 56 47 55 3 190
1 140 98 17 98 20 4 191
0 55 53 18 45 20 3 192
1 109 49 50 38 34 1 193
0 139 61 46 59 43 4 194
0 45 58 36 55 41 3 195
0 118 7 41 6 59 3 196
1 135 45 32 37 42 1 197
0 36 71 38 61 58 3 198
1 52 57 38 40 62 1 199
1 115 48 79 52 76 1 200
1 54 61 1 65 1 2 201
1 93 62 2 56 1 1 202
1 47 46 29 42 31 1 203
1 85 64 1 60 1 4 204
1 89 49 19 45 20 1 205
1 0 98 22 98 16 1 206
1 81 52 1 49 2 1 207
1 113 49 39 56 26 5 208
0 6 41 9 44 11 3 209
1 128 30 45 27 50 1 210
0 113 55 53 52 59 3 211
1 53 52 33 55 27 1 212
1 20 71 34 65 42 1 213
0 121 39 39 38 41 3 214
0 28 50 66 49 63 3 215
0 70 88 93 86 95 3 216
1 11 61 37 58 36 1 217
0 17 59 28 53 19 3 218
0 93 43 24 40 44 3 219
0 23 54 79 56 78 3 220
0 62 88 93 87 91 3 221
0 108 54 53 56 43 3 222
0 66 38 39 39 37 3 223
0 46 46 16 51 17 5 224
0 68 66 93 0 0 3 225
0 80 51 27 53 26 3 226
0 141 53 32 53 36 3 227
1 116 6 52 6 55 2 228
0 27 6 47 6 50 3 229
1 128 45 34 47 29 2 230
1 114 56 38 52 52 2 231
0 41 53 51 44 60 3 232
0 86 60 35 60 31 3 233
1 121 55 45 58 36 1 234
1 136 55 36 59 38 1 235
1 120 47 19 52 19 3 236
0 53 60 27 60 30 3 237
1 103 63 26 60 28 5 238
0 130 59 36 57 45 5 239
1 128 69 36 70 31 1 240
0 84 72 33 68 38 3 241
0 43 87 5 83 4 3 242
0 80 41 11 39 14 3 243
0 108 67 26 64 29 3 244
1 115 60 32 54 43 1 245
1 138 53 20 51 32 3 246
1 122 40 4 42 5 1 247
1 135 44 37 41 38 3 248
1 66 47 2 50 2 1 249
1 42 56 40 57 38 1 250
1 0 28 48 30 51 1 251
0 60 51 63 58 51 4 252
1 41 56 41 44 67 1 253
0 66 49 23 44 19 3 254
1 40 5 61 6 65 4 255
0 112 31 50 30 48 3 256
0 33 45 21 48 21 6 257
1 124 59 1 54 2 1 258
0 86 50 3 47 4 5 259
1 95 52 1 48 2 1 260
0 92 73 6 80 5 5 261
1 69 67 93 63 96 1 262
1 94 31 43 33 46 1 263
0 133 91 41 91 19 3 264
1 39 53 48 48 53 2 265
1 77 55 2 52 2 1 266
1 38 70 71 69 76 1 267
1 71 56 40 60 34 4 268
0 52 72 35 74 31 3 269
1 63 91 36 92 25 1 270
1 124 60 72 56 68 2 271
0 4 86 94 88 93 3 272
1 25 61 29 37 39 1 273
0 63 49 4 46 4 3 274
1 31 6 44 6 39 1 275
0 94 6 65 5 67 3 276
1 4 53 43 51 49 1 277
1 133 52 57 51 61 1 278
0 76 55 52 59 52 5 279
0 105 69 39 68 47 3 280
0 39 6 37 6 32 3 281
0 33 53 43 57 38 3 282
1 117 32 53 26 43 1 283
1 115 61 69 16 60 1 284
1 86 48 80 61 71 1 285
1 98 50 35 60 30 2 286
0 86 6 38 6 26 3 287
0 9 87 3 85 2 3 288
0 38 60 31 54 18 3 289
0 125 71 6 67 4 3 290
0 90 65 92 67 91 5 291
0 112 51 60 55 41 3 292
0 10 63 34 61 31 3 293
1 102 60 36 44 31 1 294
0 70 73 68 70 71 5 295
0 137 29 56 32 50 3 296
0 74 38 49 43 38 3 297
0 1 49 41 56 37 3 298
0 66 49 2 47 3 3 299
0 86 86 94 78 90 3 300
1 48 56 37 57 39 1 301
1 80 49 47 39 80 2 302
0 98 64 37 66 38 3 303
0 49 6 65 5 67 3 304
0 25 56 77 55 75 3 305
1 91 52 57 50 62 1 306
1 85 62 29 64 31 1 307
0 12 68 75 65 75 3 308
0 38 38 14 24 13 3 309
1 50 6 43 6 32 1 310
0 95 31 41 35 40 3 311
0 105 59 19 56 17 3 312
1 11 50 19 45 21 1 313
0 21 43 42 43 47 3 314
1 29 53 46 48 62 3 315
0 65 32 54 33 46 6 316
0 111 51 61 53 54 3 317
1 41 78 90 86 95 3 318
1 32 30 46 31 43 3 319
1 74 6 34 6 39 1 320
1 81 56 23 48 28 5 321
0 84 55 46 51 46 3 322
1 0 6 66 5 68 1 323
1 130 4 39 3 31 1 324
1 4 54 2 49 3 2 325
0 62 43 32 41 34 3 326
1 3 36 15 63 44 1 327
1 134 5 70 5 73 1 328
1 5 40 40 42 35 1 329
0 92 54 77 48 70 5 330
0 116 59 26 57 29 3 331
0 105 59 19 61 18 3 332
1 15 57 80 54 80 2 333
1 47 7 47 6 43 4 334
0 99 69 40 69 44 3 335
0 16 61 38 59 36 3 336
1 111 42 38 42 35 2 337
0 28 56 49 52 58 3 338
1 33 91 30 91 42 1 339
0 73 53 43 64 34 3 340
0 75 48 54 42 70 3 341
1 12 49 21 45 20 2 342
1 132 44 65 50 60 6 343
0 126 41 4 35 4 5 344
1 57 56 48 53 42 1 345
1 128 52 42 54 41 5 346
0 120 59 70 58 73 3 347
1 84 52 41 53 38 1 348
1 99 40 2 48 2 2 349
1 0 57 29 61 19 1 350
1 141 48 49 43 66 1 351
1 54 6 65 6 60 1 352
0 16 42 11 28 18 3 353
1 26 54 27 53 22 6 354
1 29 51 58 57 36 1 355
1 135 54 55 56 56 4 356
1 34 53 42 44 51 1 357
0 112 48 42 52 42 3 358
0 74 56 50 60 50 3 359
1 137 49 21 46 20 2 360
0 96 42 12 36 13 3 361
0 77 71 68 68 69 3 362
0 39 54 42 52 45 3 363
0 11 39 42 44 37 3 364
1 131 39 28 40 14 1 365
1 9 59 36 55 43 5 366
1 102 6 30 6 34 1 367
0 13 50 31 46 36 3 368
1 125 29 46 33 46 2 369
0 32 51 43 58 37 3 370
0 56 51 41 67 39 3 371
1 131 3 96 1 95 1 372
1 83 54 31 50 37 2 373
1 38 40 42 41 40 1 374
0 31 46 3 43 2 3 375
0 39 50 47 55 43 3 376
1 63 64 2 55 2 1 377
0 69 50 20 52 19 3 378
1 114 78 6 81 4 1 379
1 41 69 6 66 2 1 380
1 26 62 35 57 37 3 381
0 7 27 61 27 58 5 382
0 37 66 41 69 40 3 383
1 96 32 46 33 48 1 384
1 86 48 57 53 46 3 385
0 6 52 36 48 36 3 386
1 92 67 42 65 44 1 387
0 98 64 31 60 31 5 388
0 49 58 57 60 52 3 389
1 54 64 77 65 75 2 390
1 120 56 38 62 32 1 391
1 36 5 67 6 63 1 392
1 102 54 81 41 80 1 393
0 64 29 51 31 48 3 394
1 85 6 26 6 60 1 395
1 102 29 47 31 49 2 396
0 136 66 78 62 80 3 397
0 120 51 67 57 48 3 398
1 134 27 50 30 45 1 399
1 72 49 17 51 18 3 400
1 11 61 35 55 41 4 401
1 37 4 39 4 26 1 402
0 143 31 50 29 53 3 403
1 59 49 53 53 37 1 404
1 55 62 31 61 34 1 405
0 21 29 58 30 55 3 406
1 135 41 41 39 37 4 407
0 3 92 27 91 38 3 408
0 138 55 44 49 52 3 409
1 110 57 38 48 52 2 410
1 79 33 48 33 51 4 411
1 97 46 71 34 85 5 412
1 65 31 46 27 59 1 413
0 97 91 33 91 39 3 414
1 52 66 39 67 37 1 415
0 136 69 33 71 30 3 416
1 12 59 30 54 40 5 417
0 11 45 2 49 2 3 418
1 21 59 57 62 51 3 419
1 104 56 40 54 43 1 420
1 108 33 52 33 47 5 421
0 11 41 35 40 37 3 422
0 4 44 54 43 56 3 423
1 36 46 53 46 44 1 424
0 55 26 53 26 48 3 425
0 5 57 55 51 63 6 426
1 66 6 47 6 42 1 427
1 3 70 35 50 45 6 428
1 60 59 16 57 19 4 429
0 89 52 56 39 78 3 430
1 141 55 78 51 78 1 431
0 21 59 50 54 63 3 432
1 50 43 35 43 24 1 433
0 108 5 70 3 67 4 434
0 35 64 16 59 17 3 435
1 66 33 44 28 38 1 436
1 58 49 38 56 40 2 437
0 48 91 39 91 35 3 438
0 10 40 35 33 39 3 439
1 26 71 43 67 41 1 440
1 97 52 77 49 79 4 441
0 19 63 45 68 40 3 442
1 136 55 45 48 18 1 443
1 47 7 48 6 50 5 444
0 108 92 31 92 27 5 445
0 4 46 2 49 2 3 446
0 67 5 67 6 64 3 447
0 72 98 12 98 15 3 448
1 15 88 93 85 96 1 449
1 23 44 2 36 2 1 450
0 22 26 45 35 23 3 451
1 129 61 49 48 69 3 452
1 56 44 63 46 59 6 453
0 129 59 35 63 35 3 454
1 33 49 19 45 20 1 455
0 38 54 50 53 11 3 456
0 128 51 37 53 33 4 457
1 132 67 50 58 69 1 458
0 126 6 48 6 52 3 459
1 128 54 28 55 36 5 460
1 88 67 78 65 74 1 461
0 67 68 73 65 77 4 462
1 31 50 80 54 80 3 463
0 86 51 58 58 32 3 464
0 16 80 6 83 4 3 465
1 86 98 15 98 21 3 466
0 0 60 41 62 44 3 467
1 31 57 45 53 43 1 468
0 78 53 19 58 18 3 469
1 137 57 78 29 77 2 470
0 74 41 4 45 3 3 471
1 59 46 58 47 56 1 472
1 102 50 17 44 23 2 473
1 26 55 39 58 32 1 474
1 71 31 55 29 66 3 475
1 136 55 44 52 41 1 476
1 77 6 30 6 22 2 477
0 2 60 39 30 14 3 478
0 66 31 44 34 42 3 479
0 102 27 2 45 2 3 480
1 111 48 37 49 26 1 481
0 130 46 20 44 18 3 482
1 62 63 1 60 1 1 483
1 7 44 54 47 50 1 484
0 82 47 63 43 67 3 485
0 116 51 2 48 2 3 486
0 93 59 0 65 1 3 487
1 0 59 31 56 31 1 488
0 81 56 59 51 61 3 489
1 128 47 44 40 68 1 490
1 61 59 34 53 14 1 491
0 58 62 38 61 41 3 492
1 70 98 23 98 20 1 493
0 81 39 53 37 56 3 494
1 23 59 29 55 30 2 495
0 106 59 17 56 15 3 496
1 43 62 35 59 35 2 497
1 57 46 3 40 4 1 498
0 32 33 46 31 41 5 499
0 1 53 45 52 47 3 500
0 88 5 68 6 66 3 501
0 77 37 66 38 52 3 502
1 40 57 19 59 17 1 503
0 24 53 44 51 47 3 504
1 3 52 2 58 2 3 505
1 52 41 43 42 41 5 506
1 52 58 39 56 40 1 507
1 4 86 4 83 5 1 508
0 111 27 25 48 34 3 509
0 77 62 22 62 28 3 510
1 30 57 46 56 48 3 511
0 63 29 43 28 48 3 512
1 140 60 34 44 40 1 513
0 21 38 58 71 74 3 514
0 1 88 3 86 1 3 515
1 66 49 2 51 1 1 516
0 10 66 93 60 91 3 517
0 78 6 34 6 37 3 518
0 102 6 29 6 32 3 519
0 31 51 32 46 31 3 520
0 40 6 64 5 66 3 521
1 137 42 4 30 5 1 522
1 42 52 2 47 2 1 523
0 104 55 51 53 53 5 524
0 81 40 39 36 43 3 525
0 8 32 57 36 49 5 526
1 122 91 34 90 29 4 527
1 73 43 18 53 36 2 528
0 117 42 46 54 46 3 529
1 137 9 27 4 23 1 530
1 66 6 45 6 40 6 531
1 66 56 18 49 22 1 532
0 33 91 26 92 29 3 533
0 91 45 4 48 3 3 534
1 53 60 38 60 33 1 535
0 122 30 14 57 12 3 536
1 124 47 32 48 28 1 537
1 5 30 57 44 52 1 538
1 102 48 56 49 54 3 539
0 8 61 25 55 31 3 540
0 62 62 1 59 2 3 541
1 88 73 67 71 72 1 542
1 131 58 19 46 18 2 543
1 37 53 44 55 41 1 544
0 122 49 78 55 79 3 545
0 75 87 4 85 6 3 546
1 43 72 66 70 71 3 547
0 128 68 38 61 30 3 548
1 48 55 37 57 36 1 549
0 109 67 27 59 38 3 550
0 124 92 24 91 36 3 551
1 95 65 75 67 72 2 552
1 133 32 47 29 53 1 553
0 97 49 34 44 39 3 554
0 66 60 56 64 49 5 555
1 24 28 55 30 49 1 556
0 39 43 43 47 37 3 557
1 130 56 41 53 52 1 558
1 112 51 25 52 28 1 559
1 120 58 47 55 51 2 560
0 132 16 2 20 3 3 561
0 39 49 62 46 70 3 562
0 31 48 68 42 87 3 563
1 53 51 48 55 49 1 564
0 103 45 58 45 50 3 565
1 13 58 80 50 81 1 566
1 9 56 37 51 40 1 567
1 17 28 41 39 39 3 568
1 110 42 28 41 37 3 569
1 143 48 80 54 80 4 570
0 28 61 73 56 72 6 571
1 70 31 59 30 52 2 572
0 41 87 3 85 5 3 573
1 0 62 38 61 29 1 574
0 88 98 22 98 19 3 575
0 108 31 47 23 57 3 576
1 11 70 73 45 70 2 577
0 57 45 21 49 20 3 578
0 136 56 35 50 41 3 579
1 38 59 26 60 24 1 580
1 68 52 27 49 37 5 581
0 75 58 41 63 39 3 582
0 8 98 19 98 22 3 583
0 119 7 47 7 37 3 584
1 138 90 36 89 33 1 585
0 9 64 47 68 33 3 586
1 42 5 56 5 52 2 587
1 115 88 92 83 93 5 588
0 39 40 12 43 12 3 589
1 22 52 69 51 77 1 590
1 141 43 11 40 12 1 591
1 10 55 49 53 54 4 592
1 54 66 40 68 42 1 593
0 57 60 74 58 78 3 594
0 19 47 23 51 24 3 595
1 31 59 2 57 1 1 596
1 104 61 38 49 49 3 597
0 40 86 3 84 4 3 598
0 131 52 19 44 19 3 599
0 14 30 58 34 44 3 600
0 60 58 56 57 49 5 601
0 120 50 38 46 32 3 602
1 0 38 13 43 12 4 603
1 128 66 45 65 40 1 604
1 23 61 46 56 33 2 605
1 133 53 56 53 48 1 606
0 40 58 77 54 77 4 607
0 14 60 32 58 38 3 608
1 109 51 26 53 28 1 609
0 128 61 42 65 34 4 610
1 125 60 50 49 76 2 611
1 92 50 19 44 21 1 612
1 113 66 44 62 45 1 613
1 102 6 34 6 28 1 614
0 118 42 57 47 50 3 615
0 57 61 75 53 75 3 616
0 105 64 93 68 90 3 617
1 120 61 73 62 69 1 618
1 98 82 97 80 98 1 619
0 50 60 34 61 30 3 620
0 23 52 37 53 39 3 621
1 52 68 48 64 46 5 622
0 15 47 44 44 53 3 623
1 61 53 52 55 45 1 624
0 60 81 5 70 6 5 625
0 78 48 26 59 31 3 626
1 19 70 75 64 80 1 627
0 0 27 49 25 52 3 628
0 70 52 50 46 47 3 629
0 51 59 76 49 74 3 630
0 18 61 45 61 41 3 631
0 73 46 47 47 51 3 632
1 15 47 36 45 45 1 633
0 100 69 39 67 40 3 634
0 132 54 55 61 50 3 635
0 48 51 50 47 72 3 636
0 52 6 33 5 31 3 637
0 48 91 37 91 40 3 638
0 62 60 1 57 1 3 639
1 96 21 61 50 59 2 640
0 40 60 74 55 74 3 641
1 3 62 2 78 7 2 642
1 32 62 31 67 36 3 643
1 113 57 32 52 34 1 644
0 26 60 42 61 40 3 645
0 80 41 11 35 11 3 646
1 10 67 47 66 49 5 647
0 51 55 23 49 18 5 648
1 48 91 36 90 38 2 649
0 128 69 6 82 4 3 650
0 126 60 24 54 40 3 651
0 129 48 65 52 60 3 652
0 115 52 41 49 42 3 653
1 8 57 54 59 49 1 654
1 92 73 35 71 37 1 655
1 58 65 1 61 1 2 656
0 127 55 42 47 62 3 657
1 9 49 43 58 36 2 658
1 78 56 80 53 79 2 659
0 101 52 45 39 37 6 660
0 0 47 41 45 50 3 661
1 88 47 2 50 2 2 662
1 2 6 49 7 43 2 663
0 99 15 21 51 49 3 664
0 4 61 2 80 5 3 665
0 97 49 28 47 22 6 666
0 123 61 40 45 57 3 667
1 88 45 18 41 19 4 668
1 121 43 1 38 10 1 669
1 96 34 45 32 43 1 670
0 133 48 19 41 20 3 671
1 19 57 78 61 73 1 672
1 4 66 46 61 61 3 673
1 76 5 72 5 69 2 674
1 96 58 44 44 62 2 675
0 70 59 43 61 29 3 676
1 27 50 32 45 31 2 677
1 63 91 38 92 31 2 678
1 100 63 45 67 39 3 679
1 81 62 2 78 2 2 680
0 55 56 52 59 56 3 681
1 43 56 39 61 35 2 682
0 68 48 53 47 70 5 683
0 82 54 40 53 45 3 684
1 104 56 42 58 46 1 685
0 91 61 36 56 39 4 686
1 39 47 43 38 41 4 687
0 82 91 37 91 33 4 688
1 40 6 66 5 68 1 689
1 56 46 60 52 60 1 690
0 37 39 53 34 56 3 691
1 46 56 53 60 57 1 692
1 105 69 42 69 35 1 693
1 120 47 55 47 58 1 694
1 67 35 16 62 57 1 695
1 114 45 43 46 45 2 696
0 54 54 51 51 54 3 697
0 87 50 51 54 48 3 698
0 39 43 52 51 60 3 699
1 54 55 41 42 39 1 700
0 47 56 47 59 42 3 701
0 6 36 30 41 42 3 702
1 139 78 6 80 5 1 703
0 25 59 44 56 46 3 704
0 24 53 45 54 42 3 705
0 133 55 41 53 49 3 706
1 0 72 24 69 34 6 707
1 112 91 26 90 24 1 708
0 131 70 70 72 72 3 709
1 65 6 29 6 19 1 710
1 140 84 4 87 4 1 711
0 7 55 41 44 40 3 712
0 11 53 76 58 72 3 713
0 38 58 40 59 30 3 714
0 51 57 48 60 38 3 715
1 96 41 12 36 13 2 716
1 55 6 32 6 37 1 717
1 40 58 40 52 48 1 718
0 50 54 80 51 80 4 719
1 136 6 22 5 38 3 720
1 5 59 77 52 53 1 721
1 27 92 30 91 28 1 722
1 56 55 41 44 79 1 723
1 16 37 14 43 12 1 724
1 21 59 55 64 45 2 725
1 16 69 42 71 39 1 726
1 13 62 31 61 35 3 727
1 55 54 49 52 44 1 728
0 82 6 64 5 68 3 729
0 79 49 41 48 30 3 730
0 88 40 21 44 37 3 731
0 11 45 3 39 5 3 732
1 24 61 23 53 15 2 733
1 34 59 77 55 77 1 734
1 117 57 45 60 32 1 735
1 105 6 68 6 65 2 736
1 76 54 49 48 53 1 737
1 87 6 51 7 37 1 738
0 102 73 34 69 39 3 739
1 107 88 92 89 89 1 740
1 126 56 74 57 76 1 741
1 66 49 28 52 28 2 742
0 127 59 1 64 1 3 743
1 117 55 49 52 53 5 744
1 0 50 80 49 78 1 745
0 50 43 68 46 60 3 746
0 36 50 52 52 55 3 747
1 10 40 37 42 32 1 748
1 113 91 35 92 24 1 749
0 119 65 1 62 1 3 750
1 132 41 52 36 56 1 751
0 64 51 79 38 94 3 752
0 99 69 38 70 40 3 753
0 87 49 52 54 45 3 754
1 94 70 37 69 39 2 755
0 17 4 55 6 54 3 756
1 34 56 78 58 76 1 757
1 96 45 51 47 46 2 758
0 77 6 52 5 4 3 759
1 16 37 13 40 12 1 760
1 83 81 5 98 3 4 761
0 53 57 18 63 17 3 762
0 81 70 37 62 27 3 763
0 143 98 23 98 20 5 764
1 129 98 19 98 15 4 765
0 137 57 37 49 48 3 766
1 78 61 35 59 40 2 767
0 121 47 4 35 5 3 768
1 4 61 51 62 47 1 769
0 106 6 41 6 45 3 770
1 19 52 43 49 56 1 771
0 105 32 41 31 46 3 772
0 0 28 53 24 61 3 773
1 18 40 19 45 21 1 774
1 9 53 46 53 54 1 775
1 26 49 55 46 53 1 776
0 0 64 46 65 38 3 777
1 19 46 31 49 28 5 778
0 50 5 36 5 32 3 779
0 0 55 2 60 1 3 780
0 61 45 64 48 66 3 781
1 75 44 2 41 3 1 782
0 136 87 2 85 4 3 783
0 35 52 80 56 80 3 784
1 105 69 41 70 34 2 785
0 111 6 37 5 39 3 786
0 58 60 43 60 31 3 787
1 66 51 24 54 26 1 788
1 64 34 13 35 11 1 789
0 94 52 31 46 30 3 790
1 35 44 64 40 57 1 791
0 108 65 94 67 92 3 792
1 133 45 80 41 80 2 793
1 112 62 1 59 1 2 794
0 132 57 36 55 27 3 795
0 28 67 40 78 11 3 796
1 134 7 46 6 41 1 797
0 9 62 46 58 49 3 798
0 70 58 56 61 52 3 799
0 131 60 38 59 32 3 800
0 105 57 18 52 16 6 801
1 32 61 50 56 53 2 802
1 93 52 34 54 38 2 803
1 89 43 2 47 2 1 804
0 109 49 2 45 2 6 805
1 33 54 44 57 33 2 806
1 110 48 42 47 50 1 807
0 59 60 2 56 2 3 808
1 107 43 31 40 44 1 809
0 13 60 35 50 28 4 810
1 128 40 13 35 16 5 811
1 132 74 67 67 74 1 812
1 47 4 57 5 55 1 813
0 82 69 26 70 33 3 814
0 105 69 43 69 47 3 815
0 113 47 67 50 48 3 816
1 28 57 58 63 46 1 817
1 120 67 35 68 33 2 818
0 48 56 39 55 46 3 819
1 79 43 35 42 41 1 820
1 138 5 70 2 65 1 821
1 64 37 13 41 12 1 822
0 0 52 55 49 59 3 823
0 52 61 32 43 39 3 824
1 64 29 52 31 49 1 825
1 107 48 54 47 50 5 826
1 54 57 50 48 51 2 827
0 137 49 2 14 0 3 828
1 41 29 54 32 45 2 829
0 78 54 80 51 80 5 830
0 103 59 49 61 41 3 831
0 65 80 6 83 4 3 832
1 86 57 37 56 39 6 833
1 68 51 42 58 25 5 834
1 5 53 34 61 51 2 835
1 90 54 52 52 55 1 836
1 91 56 40 50 50 1 837
0 45 49 37 39 36 3 838
0 36 69 35 62 56 3 839
0 63 63 31 61 37 3 840
1 22 29 55 29 51 1 841
1 19 53 29 48 30 1 842
1 37 50 64 55 77 1 843
1 74 35 35 30 44 2 844
1 117 53 45 54 48 2 845
0 112 62 34 54 25 3 846
0 48 28 2 43 1 3 847
1 29 59 36 56 39 1 848
1 93 57 2 60 2 1 849
1 9 49 16 52 18 2 850
0 105 58 19 42 18 3 851
0 43 98 11 98 20 3 852
1 73 49 52 50 58 1 853
0 107 72 68 70 72 3 854
1 117 68 71 70 70 2 855
1 3 31 36 32 47 1 856
0 90 43 23 53 21 3 857
1 88 57 39 60 34 1 858
0 13 58 38 52 43 3 859
1 35 52 45 43 65 2 860
0 72 61 33 58 37 3 861
0 52 53 52 51 47 3 862
1 90 70 33 70 39 1 863
1 39 5 56 5 70 2 864
1 31 60 2 56 2 1 865
0 50 92 31 91 27 3 866
1 117 81 2 84 3 5 867
0 29 69 44 68 38 3 868
1 28 88 93 86 94 5 869
0 80 33 43 36 26 5 870
1 133 55 80 50 81 1 871
0 28 7 49 5 83 3 872
1 88 57 39 59 43 1 873
1 45 59 17 61 14 2 874
0 60 57 60 49 79 3 875
0 64 87 3 86 5 3 876
0 86 55 48 57 45 3 877
0 112 54 16 55 23 3 878
1 113 92 28 92 34 2 879
1 21 48 2 43 1 1 880
0 118 58 18 53 20 3 881
0 34 61 50 60 55 3 882
0 82 57 47 56 44 3 883
0 25 56 29 58 25 4 884
0 92 57 14 20 17 3 885
0 28 42 3 45 3 3 886
0 52 53 46 51 49 3 887
0 9 54 40 55 38 3 888
1 86 5 59 6 55 1 889
0 115 98 14 98 21 3 890
0 111 52 29 53 26 3 891
0 62 98 21 98 17 3 892
0 141 91 32 88 28 3 893
1 1 57 18 63 17 2 894
1 117 42 77 43 74 1 895
0 123 6 65 5 68 3 896
0 135 41 34 40 36 3 897
1 7 30 46 28 41 1 898
1 8 69 34 64 44 1 899
1 121 46 53 31 55 1 900
1 134 55 2 62 2 1 901
0 69 68 39 58 70 3 902
1 26 65 43 67 41 1 903
0 61 65 37 59 48 3 904
1 53 69 46 65 53 1 905
0 77 48 79 53 75 3 906
0 11 60 71 56 75 3 907
1 68 68 38 62 51 1 908
1 33 90 22 91 31 5 909
0 0 27 51 30 44 3 910
1 44 61 32 64 30 1 911
1 29 64 45 66 42 1 912
1 76 61 34 61 41 1 913
1 46 6 33 6 30 5 914
0 99 48 50 50 53 3 915
1 80 56 74 54 76 4 916
1 127 42 55 47 52 1 917
1 57 4 39 3 41 2 918
1 60 59 56 51 64 6 919
1 128 38 14 41 12 4 920
0 40 33 46 32 48 3 921
1 0 98 27 98 33 1 922
0 39 45 32 36 36 3 923
1 41 60 44 59 47 1 924
0 114 63 78 67 74 3 925
0 17 45 4 48 3 3 926
1 66 54 52 50 61 1 927
1 143 58 18 60 17 2 928
1 124 57 26 60 23 1 929
1 8 43 34 42 31 1 930
1 106 64 45 61 54 1 931
0 115 45 31 48 34 3 932
1 105 51 37 57 37 1 933
0 138 55 42 58 39 3 934
1 32 55 47 53 44 3 935
1 87 55 26 47 30 1 936
1 19 47 22 49 21 1 937
1 143 43 12 39 12 2 938
1 117 59 38 59 45 1 939
1 97 31 15 57 40 1 940
1 36 49 54 52 52 1 941
0 38 44 2 42 3 3 942
1 118 58 18 52 19 5 943
1 111 45 54 47 50 2 944
1 12 69 76 69 68 1 945
1 45 51 81 58 80 1 946
1 43 90 35 92 32 1 947
1 20 48 2 45 2 1 948
1 74 43 23 38 24 1 949
1 117 55 47 53 58 5 950
0 132 27 42 30 46 3 951
0 128 63 44 65 43 3 952
1 64 27 53 22 47 1 953
0 116 56 49 56 52 3 954
0 113 49 44 47 47 3 955
1 128 51 31 47 30 1 956
1 80 26 39 28 43 3 957
0 51 55 32 49 49 3 958
1 40 31 42 42 43 1 959
0 77 56 28 55 30 6 960
1 52 39 18 42 31 2 961
1 93 38 39 41 42 1 962
0 85 92 32 92 28 3 963
1 51 49 31 52 20 2 964
1 82 48 39 55 44 1 965
0 18 91 34 90 31 3 966
0 107 45 31 42 36 3 967
1 33 73 32 69 36 1 968
0 141 48 31 46 34 3 969
0 28 53 75 59 70 3 970
0 126 6 41 7 17 3 971
1 69 55 71 57 75 1 972
1 68 60 29 50 25 5 973
0 40 45 4 29 5 3 974
1 47 71 43 65 42 1 975
1 143 62 44 61 52 1 976
1 82 45 60 51 59 2 977
1 143 64 46 57 46 1 978
1 50 46 53 47 51 1 979
1 120 46 3 14 3 1 980
0 57 29 77 50 82 3 981
1 26 53 47 48 67 1 982
1 117 56 50 55 38 1 983
0 54 6 66 5 68 3 984
0 84 64 32 65 46 3 985
1 41 53 57 51 61 6 986
1 18 92 33 90 35 1 987
1 39 48 57 55 47 1 988
1 87 51 53 53 45 5 989
0 8 51 33 56 27 3 990
0 0 54 32 57 28 5 991
0 85 53 47 56 37 3 992
0 112 60 1 56 2 3 993
0 96 63 44 54 44 3 994
1 62 46 3 44 4 1 995
1 81 67 93 61 92 1 996
0 78 98 12 98 21 3 997
0 88 59 32 52 45 3 998
1 111 52 47 20 28 1 999
0 68 59 30 55 30 3 1000
1 137 47 2 51 2 1 1001
1 30 52 61 55 45 1 1002
1 32 27 59 32 51 3 1003
1 102 46 2 49 2 2 1004
0 78 47 49 47 52 3 1005
1 58 53 33 55 29 6 1006
1 132 56 79 50 78 1 1007
0 31 53 1 47 2 3 1008
1 122 88 92 85 93 1 1009
0 79 58 17 48 20 3 1010
0 0 65 52 70 39 5 1011
1 131 64 16 57 20 1 1012
1 27 6 57 6 49 5 1013
1 63 66 78 69 76 2 1014
1 93 42 58 43 54 1 1015
0 137 31 44 30 60 3 1016
1 11 51 49 55 43 1 1017
1 3 52 32 53 34 1 1018
1 90 46 49 37 57 1 1019
0 41 48 46 31 55 3 1020
1 18 58 60 60 54 1 1021
0 32 58 16 60 14 3 1022
1 54 40 12 37 13 2 1023
0 116 73 31 73 37 3 1024
0 65 28 56 27 71 6 1025
1 115 62 25 58 27 4 1026
1 15 39 27 56 13 1 1027
1 132 38 40 42 38 2 1028
0 11 51 47 50 51 5 1029
0 96 29 35 30 31 3 1030
1 65 31 51 31 60 1 1031
1 96 91 32 89 53 1 1032
1 33 92 26 91 29 5 1033
1 125 52 43 53 46 1 1034
1 20 53 27 55 24 1 1035
0 109 44 4 40 5 3 1036
1 69 45 3 39 3 3 1037
0 59 54 43 59 42 3 1038
1 73 29 53 34 42 2 1039
0 55 67 73 72 71 3 1040
0 143 98 21 98 17 3 1041
0 26 59 1 55 2 3 1042
1 116 54 37 51 41 4 1043
0 54 6 38 5 54 3 1044
0 99 51 48 56 28 4 1045
1 1 55 36 51 41 5 1046
1 53 64 17 61 16 1 1047
0 76 62 48 68 39 3 1048
1 80 57 39 54 40 1 1049
0 51 55 39 56 36 3 1050
1 51 57 28 56 30 1 1051
0 48 28 49 29 54 3 1052
0 29 38 58 73 67 3 1053
0 66 63 17 60 19 3 1054
1 69 44 4 41 4 1 1055
1 19 55 75 60 72 1 1056
0 21 60 44 61 41 3 1057
0 136 62 2 77 2 3 1058
0 35 88 92 86 91 3 1059
0 36 68 25 68 22 3 1060
0 93 88 93 86 94 3 1061
1 77 53 40 51 46 1 1062
0 10 41 35 42 38 3 1063
0 87 55 52 55 55 3 1064
1 74 59 36 52 56 4 1065
1 86 46 30 48 47 1 1066
0 7 6 65 5 81 4 1067
0 116 54 39 60 36 3 1068
0 22 32 47 31 45 3 1069
0 19 52 43 53 45 3 1070
0 70 6 32 6 23 3 1071
0 37 65 16 40 15 3 1072
0 68 64 37 64 42 3 1073
1 85 40 38 27 35 2 1074
1 83 53 51 60 29 1 1075
1 13 69 38 72 42 2 1076
0 116 4 48 5 53 3 1077
0 36 67 42 68 38 3 1078
1 96 42 11 41 13 2 1079
0 38 60 30 62 23 3 1080
0 78 83 4 69 6 3 1081
1 57 63 76 70 69 3 1082
0 3 90 36 92 28 4 1083
1 114 63 29 61 19 1 1084
1 19 48 21 44 20 2 1085
0 108 47 66 54 52 3 1086
1 8 58 33 48 49 5 1087
0 78 81 6 70 6 3 1088
0 68 49 55 48 52 3 1089
1 65 60 45 53 40 1 1090
0 17 42 3 52 2 3 1091
1 86 28 49 30 50 1 1092
0 17 34 74 58 66 3 1093
0 72 69 25 48 44 3 1094
0 55 61 42 34 30 3 1095
0 128 59 27 50 38 5 1096
1 14 39 47 40 45 1 1097
0 128 54 80 58 75 3 1098
1 72 54 38 57 39 1 1099
0 8 56 27 57 31 3 1100
0 26 37 44 43 33 3 1101
0 110 98 18 98 24 3 1102
0 53 53 32 60 24 3 1103
0 37 6 40 6 34 3 1104
1 90 98 31 98 25 1 1105
0 45 52 80 50 81 3 1106
1 8 47 47 41 64 5 1107
0 91 61 33 54 38 3 1108
1 88 69 38 66 37 1 1109
1 28 53 45 57 44 1 1110
0 97 60 42 55 43 3 1111
0 57 47 59 39 61 3 1112
0 93 89 93 87 94 3 1113
1 82 54 40 51 56 1 1114
0 115 60 72 52 77 3 1115
1 71 64 46 71 39 1 1116
0 24 40 44 38 40 6 1117
1 14 52 46 42 52 1 1118
0 68 49 33 50 29 3 1119
0 115 53 80 58 80 3 1120
1 30 98 27 98 24 2 1121
0 108 5 61 6 64 3 1122
0 39 54 38 55 44 3 1123
1 79 69 45 71 34 1 1124
1 2 47 46 50 38 2 1125
0 9 86 3 83 4 6 1126
1 24 51 80 56 80 6 1127
0 85 58 56 62 48 3 1128
0 88 59 31 55 35 3 1129
1 39 7 45 6 42 1 1130
1 112 52 26 49 28 2 1131
1 130 45 59 49 47 1 1132
1 124 69 26 68 33 1 1133
1 79 41 11 40 13 4 1134
1 141 61 26 56 37 1 1135
1 126 6 46 6 52 1 1136
1 105 59 17 54 19 1 1137
0 0 61 37 54 43 3 1138
1 80 25 41 29 41 1 1139
0 134 67 93 65 94 3 1140
0 68 60 29 54 32 3 1141
0 78 58 39 55 42 5 1142
1 73 44 53 46 54 1 1143
1 52 45 4 42 4 1 1144
1 76 3 41 2 44 1 1145
0 106 59 17 58 15 3 1146
0 142 79 7 82 6 3 1147
0 99 91 32 90 44 3 1148
0 130 78 6 81 5 3 1149
1 18 68 90 66 89 1 1150
1 108 33 45 27 61 6 1151
0 10 63 53 62 47 3 1152
1 30 60 29 63 21 1 1153
1 7 7 42 6 30 6 1154
0 77 24 0 62 1 3 1155
0 88 7 42 6 53 3 1156
0 123 56 52 51 62 3 1157
1 104 49 36 52 44 2 1158
1 82 48 55 39 66 1 1159
0 58 98 7 97 14 3 1160
0 132 23 20 48 41 3 1161
1 141 41 34 45 33 1 1162
0 93 5 28 6 20 3 1163
1 39 55 44 49 49 5 1164
0 93 6 33 5 40 3 1165
0 26 57 46 54 47 3 1166
1 19 53 18 61 17 2 1167
1 93 5 56 5 60 1 1168
1 135 66 75 73 72 1 1169
0 110 92 32 92 29 3 1170
0 83 57 29 36 52 3 1171
1 7 6 49 6 45 1 1172
0 98 54 33 48 36 3 1173
1 72 46 60 47 56 1 1174
0 99 65 94 67 93 3 1175
0 90 91 40 90 37 3 1176
0 25 60 32 62 33 3 1177
0 44 66 29 58 38 3 1178
1 141 59 24 60 22 2 1179
0 38 47 61 27 24 3 1180
1 50 84 93 86 89 5 1181
1 102 83 3 86 3 1 1182
0 8 54 41 57 39 3 1183
1 28 52 78 31 78 3 1184
1 1 57 33 60 35 1 1185
0 108 92 28 92 34 3 1186
0 26 51 54 49 53 3 1187
1 92 52 46 55 48 1 1188
0 137 54 50 54 41 3 1189
0 130 54 52 58 47 5 1190
0 5 44 18 46 20 3 1191
0 73 48 73 49 69 3 1192
1 116 57 71 70 74 1 1193
0 16 69 42 48 44 3 1194
1 97 62 71 57 67 1 1195
0 49 6 58 6 54 3 1196
1 13 46 15 51 16 2 1197
0 99 66 93 64 91 4 1198
1 13 51 20 49 19 1 1199
0 27 46 2 28 2 3 1200
1 32 63 17 59 17 1 1201
1 86 98 18 98 23 6 1202
0 70 46 41 47 38 3 1203
0 63 55 74 58 71 3 1204
0 28 26 3 30 3 3 1205
0 19 51 26 50 28 3 1206
1 63 31 58 28 57 2 1207
1 133 30 55 28 58 1 1208
1 135 6 64 5 69 1 1209
1 86 85 92 88 93 1 1210
1 8 58 19 62 18 1 1211
0 25 58 28 53 1 3 1212
0 50 48 67 45 67 3 1213
1 121 31 44 28 48 1 1214
1 94 33 45 28 48 1 1215
0 50 54 55 60 52 3 1216
0 113 98 11 98 18 3 1217
1 136 6 41 5 30 1 1218
0 59 60 28 61 23 3 1219
1 79 69 39 65 45 1 1220
0 143 46 31 52 27 3 1221
0 96 56 49 51 61 5 1222
0 80 45 4 40 5 3 1223
0 132 55 26 47 29 3 1224
0 4 51 52 52 57 3 1225
1 18 56 31 43 26 1 1226
0 32 44 10 20 11 3 1227
1 46 48 3 45 3 1 1228
0 135 47 29 43 32 3 1229
0 37 98 27 98 22 3 1230
1 128 66 35 69 38 6 1231
1 74 51 20 49 19 1 1232
1 67 53 17 60 16 2 1233
1 90 65 45 67 49 1 1234
0 77 86 4 84 2 3 1235
0 7 47 67 48 56 3 1236
1 129 49 16 55 14 1 1237
1 37 33 44 35 40 1 1238
0 66 49 1 52 2 3 1239
0 13 90 19 90 25 3 1240
0 2 49 80 55 80 3 1241
0 108 71 74 61 87 3 1242
0 132 51 57 48 52 3 1243
0 88 58 45 59 36 4 1244
0 80 45 4 42 4 3 1245
0 50 51 27 51 24 3 1246
0 52 43 31 45 33 3 1247
0 76 53 36 55 37 3 1248
0 143 52 42 53 44 3 1249
0 38 6 46 6 61 3 1250
1 1 40 13 42 12 1 1251
1 35 67 41 71 34 1 1252
1 32 37 15 30 17 5 1253
1 50 56 40 61 36 1 1254
1 66 60 19 61 17 3 1255
1 136 57 28 60 27 1 1256
0 0 60 72 58 73 3 1257
1 81 52 19 49 20 2 1258
0 50 60 30 62 39 3 1259
0 19 70 72 72 71 3 1260
0 123 48 40 53 40 4 1261
1 104 58 42 25 37 1 1262
0 48 52 35 56 52 5 1263
1 37 46 3 13 0 2 1264
1 78 67 35 65 39 1 1265
1 94 6 65 5 67 1 1266
0 58 48 2 14 0 3 1267
0 91 87 4 83 4 3 1268
0 111 52 45 47 62 3 1269
1 3 55 80 53 81 1 1270
1 56 50 51 47 68 1 1271
1 3 55 22 54 25 2 1272
1 58 6 58 6 43 3 1273
0 80 39 10 45 11 5 1274
0 121 67 77 68 72 3 1275
1 51 58 25 55 31 1 1276
1 141 40 35 37 35 2 1277
0 27 5 65 6 45 3 1278
1 42 35 16 62 52 1 1279
0 90 53 40 53 37 3 1280
1 87 68 39 69 26 1 1281
0 58 50 51 45 53 3 1282
1 39 55 39 57 45 5 1283
0 51 61 37 49 34 3 1284
0 89 61 27 59 28 3 1285
0 52 45 30 50 29 3 1286
0 32 40 12 43 12 3 1287
0 102 68 77 71 72 3 1288
0 125 56 29 55 24 3 1289
1 125 67 92 65 94 1 1290
1 6 86 95 82 94 1 1291
1 104 6 41 6 44 2 1292
0 38 53 43 49 52 5 1293
1 14 57 48 62 32 1 1294
0 54 32 43 57 37 3 1295
0 99 34 43 32 49 3 1296
1 69 44 4 49 3 1 1297
1 77 59 1 45 1 1 1298
0 0 59 19 57 18 3 1299
1 22 38 28 37 21 1 1300
1 14 58 39 59 41 1 1301
1 39 67 38 57 29 1 1302
1 56 55 42 57 38 5 1303
1 98 88 94 86 95 1 1304
0 88 59 36 63 34 5 1305
1 76 65 41 69 40 1 1306
0 33 52 19 50 20 3 1307
0 91 39 36 44 32 3 1308
1 32 88 93 86 92 2 1309
0 86 63 31 61 35 3 1310
0 110 31 55 29 64 3 1311
1 69 30 47 31 45 2 1312
1 18 56 63 51 65 1 1313
0 38 60 29 58 28 3 1314
0 116 50 19 30 18 3 1315
0 122 5 67 6 65 3 1316
1 65 31 57 29 54 1 1317
1 50 54 24 50 29 2 1318
1 107 58 40 61 30 2 1319
1 82 51 60 57 41 2 1320
1 26 64 31 68 40 1 1321
0 123 71 43 72 37 3 1322
0 0 55 22 47 26 3 1323
1 95 49 16 67 14 2 1324
1 71 45 2 43 3 1 1325
0 79 54 14 64 16 5 1326
1 0 26 51 25 53 1 1327
0 40 5 66 6 63 3 1328
0 6 89 93 85 96 3 1329
1 13 54 41 57 37 1 1330
0 38 39 46 37 47 3 1331
1 19 98 22 98 16 2 1332
1 63 49 79 46 82 3 1333
1 73 12 22 3 33 2 1334
1 49 54 34 59 34 2 1335
1 35 49 17 53 24 5 1336
1 142 88 93 86 91 1 1337
0 111 47 48 32 57 3 1338
1 46 57 46 56 48 1 1339
0 117 61 32 65 30 3 1340
1 88 61 27 64 32 1 1341
0 21 47 47 53 55 3 1342
1 15 57 1 62 2 5 1343
1 79 88 93 86 95 3 1344
1 117 62 38 43 68 5 1345
1 105 52 41 56 43 1 1346
0 43 91 35 92 33 3 1347
0 73 40 37 43 31 3 1348
1 32 39 14 36 13 5 1349
1 57 61 45 51 62 2 1350
0 6 70 72 69 69 3 1351
1 46 63 1 55 1 4 1352
0 82 53 45 56 44 3 1353
0 132 98 21 98 36 3 1354
1 21 68 35 68 39 1 1355
0 10 60 37 53 52 3 1356
0 18 39 46 37 47 3 1357
1 46 55 55 51 61 4 1358
1 0 23 12 16 11 1 1359
1 80 67 42 66 47 1 1360
1 85 61 35 49 47 3 1361
0 65 81 6 81 3 3 1362
0 108 54 49 51 49 3 1363
0 8 60 53 61 51 3 1364
0 26 52 45 46 61 3 1365
0 136 36 15 67 45 3 1366
1 74 58 49 52 61 1 1367
0 111 45 80 42 81 3 1368
0 57 31 17 36 14 3 1369
1 103 59 33 60 30 1 1370
0 60 42 47 44 46 3 1371
1 65 92 30 92 26 2 1372
0 56 6 28 4 33 3 1373
0 31 56 29 53 32 3 1374
0 121 41 32 46 27 3 1375
0 103 58 75 51 79 3 1376
0 128 58 32 51 29 3 1377
0 61 47 74 59 35 3 1378
0 38 38 41 39 38 4 1379
0 60 55 53 58 54 3 1380
0 79 53 61 44 85 3 1381
0 94 57 49 49 51 3 1382
1 112 54 26 50 28 1 1383
0 113 57 18 54 16 3 1384
0 42 46 52 60 51 3 1385
0 97 62 36 56 49 3 1386
0 105 58 71 60 72 3 1387
1 7 4 48 4 52 1 1388
0 76 49 80 55 80 3 1389
1 60 48 19 51 20 1 1390
1 1 49 19 51 20 2 1391
1 19 49 19 52 18 5 1392
0 77 54 51 50 55 4 1393
0 29 59 19 61 18 3 1394
1 13 48 18 52 19 1 1395
1 133 54 53 60 41 1 1396
0 130 55 33 61 21 5 1397
1 40 49 78 52 77 5 1398
0 132 72 34 71 38 3 1399
1 125 44 51 30 54 1 1400
0 80 57 76 60 76 3 1401
1 31 41 35 43 36 1 1402
0 121 69 68 70 72 6 1403
1 50 57 40 60 37 1 1404
1 93 62 47 64 46 1 1405
1 55 5 69 6 65 2 1406
1 92 31 4 23 3 1 1407
1 107 54 43 52 33 1 1408
0 41 78 6 81 5 3 1409
1 94 31 38 31 52 3 1410
0 19 49 19 51 18 6 1411
1 34 98 22 98 19 1 1412
1 52 69 37 70 35 4 1413
0 106 58 43 57 47 3 1414
1 17 70 72 68 74 2 1415
1 116 7 37 6 33 1 1416
1 87 48 55 51 50 1 1417
0 2 34 43 32 56 4 1418
0 66 25 32 21 33 3 1419
0 105 69 46 69 36 3 1420
1 94 6 65 5 68 1 1421
0 108 68 70 70 72 3 1422
0 2 72 35 70 39 3 1423
0 126 57 73 50 83 5 1424
1 67 6 66 6 69 3 1425
1 1 64 92 67 93 1 1426
1 104 49 37 46 60 1 1427
1 107 87 94 84 94 1 1428
0 103 50 1 47 2 3 1429
1 21 47 52 48 44 1 1430
1 99 6 44 6 53 1 1431
0 111 51 50 62 33 3 1432
1 17 48 3 38 5 1 1433
0 60 67 41 67 47 3 1434
1 126 63 34 60 33 3 1435
1 53 50 35 57 26 2 1436
1 97 32 46 30 47 1 1437
0 86 7 36 6 41 3 1438
0 9 46 49 56 21 3 1439
1 44 53 48 51 45 3 1440
1 32 41 13 44 11 1 1441
1 107 44 33 36 44 1 1442
0 37 51 77 57 75 3 1443
1 40 58 18 54 18 1 1444
0 24 70 30 66 39 3 1445
0 136 50 44 59 40 5 1446
1 134 61 49 63 41 4 1447
1 67 6 42 7 37 3 1448
1 121 67 37 65 40 2 1449
0 118 40 11 36 11 3 1450
1 38 7 31 4 57 1 1451
1 124 64 1 57 2 2 1452
0 37 86 4 88 3 3 1453
1 108 30 48 29 53 5 1454
1 143 84 94 88 89 1 1455
1 96 32 12 40 10 2 1456
1 86 5 71 3 68 2 1457
1 87 60 30 58 31 1 1458
1 132 69 37 61 41 3 1459
1 91 60 41 58 42 1 1460
0 137 42 62 45 52 3 1461
1 132 64 30 61 32 1 1462
1 88 43 4 36 4 1 1463
0 28 98 25 98 20 3 1464
1 74 46 20 49 18 5 1465
1 44 60 36 56 43 1 1466
0 104 54 44 55 50 3 1467
1 29 53 50 64 28 2 1468
1 100 40 38 40 45 1 1469
0 6 88 94 85 93 3 1470
1 117 56 64 58 50 1 1471
1 113 65 47 57 44 4 1472
1 4 69 36 63 44 1 1473
0 109 63 44 56 50 3 1474
1 137 63 30 60 29 1 1475
1 16 34 14 31 10 1 1476
0 40 5 66 5 70 3 1477
0 65 27 66 28 69 3 1478
1 71 50 61 60 51 1 1479
0 124 53 46 49 51 3 1480
0 114 60 55 71 42 3 1481
0 133 55 80 51 80 3 1482
1 58 61 42 63 40 1 1483
1 65 86 5 81 2 4 1484
1 8 59 23 61 18 1 1485
1 74 52 50 53 53 1 1486
0 5 50 17 44 22 3 1487
0 76 58 17 51 16 3 1488
1 28 49 78 57 75 6 1489
1 111 60 70 57 73 1 1490
1 143 55 43 50 44 2 1491
1 88 49 28 52 25 3 1492
1 19 56 22 48 31 5 1493
0 26 50 48 54 52 3 1494
0 93 6 38 6 23 3 1495
0 102 64 76 70 73 3 1496
0 118 58 18 56 19 3 1497
0 21 60 49 60 40 3 1498
0 88 59 45 51 42 3 1499
0 26 69 36 61 42 3 1500
1 93 91 40 90 49 1 1501
0 38 52 32 50 25 3 1502
0 36 31 49 31 52 3 1503
1 39 68 49 70 45 1 1504
0 6 59 30 58 26 3 1505
1 64 59 22 56 30 3 1506
0 102 67 43 52 45 3 1507
1 28 55 78 32 78 1 1508
0 137 59 48 42 46 3 1509
0 53 57 46 37 45 5 1510
0 27 27 58 30 48 3 1511
0 136 6 46 5 66 3 1512
0 24 53 80 57 80 3 1513
1 32 28 49 26 48 1 1514
0 89 60 75 70 75 3 1515
0 91 68 40 62 49 3 1516
0 14 48 28 37 38 3 1517
0 130 62 31 51 44 3 1518
1 22 32 48 21 50 1 1519
0 137 43 43 50 35 3 1520
0 60 57 57 57 61 3 1521
1 63 54 81 52 83 1 1522
1 19 44 53 45 48 5 1523
1 19 34 52 42 73 1 1524
1 109 71 32 71 36 1 1525
1 13 52 52 63 36 1 1526
1 57 69 74 67 72 4 1527
1 111 50 36 50 50 2 1528
0 24 60 25 59 27 3 1529
1 143 40 13 38 12 1 1530
1 8 56 15 46 24 1 1531
0 64 53 43 53 40 3 1532
1 126 63 43 61 45 1 1533
1 91 52 45 59 42 1 1534
0 45 43 29 42 32 3 1535
1 64 61 29 52 59 1 1536
0 112 62 31 58 28 3 1537
0 57 51 26 53 23 3 1538
0 100 6 35 6 29 3 1539
0 129 98 22 98 17 5 1540
1 16 55 74 58 75 1 1541
1 37 71 30 69 32 1 1542
0 47 82 5 78 6 3 1543
1 45 60 51 62 40 2 1544
1 63 6 37 6 29 1 1545
1 43 37 42 41 35 1 1546
1 117 57 46 52 53 4 1547
0 57 42 35 37 43 3 1548
1 7 29 57 30 61 1 1549
0 57 67 34 66 19 3 1550
0 94 83 4 87 2 3 1551
0 0 57 47 31 40 3 1552
0 53 59 19 57 18 3 1553
1 66 45 31 38 29 2 1554
1 84 58 17 60 14 3 1555
0 97 56 64 56 55 3 1556
0 53 42 17 41 20 3 1557
0 68 54 25 55 28 3 1558
0 59 45 50 46 46 3 1559
0 100 53 18 49 18 3 1560
1 39 57 46 55 45 1 1561
0 60 69 35 69 32 3 1562
0 33 91 34 91 29 3 1563
0 54 66 92 65 94 3 1564
1 111 80 5 83 4 1 1565
1 97 55 73 57 74 1 1566
0 96 98 22 98 7 3 1567
1 95 61 35 55 27 1 1568
0 2 26 2 48 2 3 1569
1 80 50 48 54 46 1 1570
1 17 48 43 52 41 1 1571
1 33 50 17 51 19 2 1572
1 3 54 76 32 78 2 1573
1 53 54 43 56 40 6 1574
0 8 62 35 60 39 3 1575
0 50 46 33 44 36 5 1576
1 108 98 20 98 4 1 1577
0 0 6 49 6 52 3 1578
0 54 60 44 48 51 3 1579
1 79 92 26 91 31 1 1580
1 125 6 30 5 40 2 1581
1 27 53 19 50 20 1 1582
0 133 5 54 4 50 3 1583
1 90 62 48 68 40 1 1584
0 73 58 26 56 31 3 1585
0 69 58 74 52 78 3 1586
0 29 33 48 31 42 3 1587
0 123 61 42 59 45 3 1588
0 92 98 21 98 18 3 1589
1 135 31 43 26 50 2 1590
1 26 46 47 31 95 1 1591
0 130 49 19 46 20 3 1592
1 57 6 50 6 45 1 1593
0 73 59 36 60 34 3 1594
0 97 55 72 60 77 3 1595
1 51 69 76 71 73 6 1596
1 23 60 36 60 33 2 1597
1 33 6 67 5 71 1 1598
0 134 54 26 52 29 3 1599
1 123 29 54 31 56 1 1600
1 98 53 44 60 29 1 1601
0 36 67 40 71 40 3 1602
1 37 70 6 82 6 1 1603
0 29 64 30 49 60 3 1604
0 134 63 2 48 3 3 1605
0 19 67 39 63 49 3 1606
1 12 63 22 61 27 1 1607
1 132 61 71 30 77 1 1608
1 88 57 46 64 35 3 1609
0 77 56 2 61 2 3 1610
0 79 53 20 50 19 3 1611
1 47 58 30 56 28 1 1612
0 133 81 2 87 4 4 1613
1 54 61 43 62 46 1 1614
1 75 86 4 88 3 6 1615
1 17 55 41 50 44 1 1616
0 23 51 49 49 53 3 1617
1 25 60 23 59 30 1 1618
1 64 67 35 67 27 5 1619
0 116 77 6 79 5 3 1620
1 122 62 45 60 44 1 1621
0 20 64 39 58 48 3 1622
1 76 66 39 52 42 1 1623
1 124 47 55 47 50 1 1624
1 72 51 47 52 52 3 1625
1 139 57 40 56 61 1 1626
1 46 47 68 38 52 1 1627
1 73 56 29 53 30 1 1628
1 143 46 18 45 15 1 1629
1 67 57 30 61 23 2 1630
1 72 48 56 46 61 2 1631
1 64 28 54 25 40 5 1632
1 67 46 47 47 49 6 1633
1 39 39 42 43 44 2 1634
0 9 5 68 5 65 3 1635
0 3 63 33 55 42 4 1636
1 106 45 2 12 0 1 1637
1 83 48 48 45 50 2 1638
0 61 31 44 31 38 3 1639
1 81 52 1 48 2 5 1640
1 7 57 31 58 55 2 1641
0 12 60 42 65 41 3 1642
1 0 39 14 37 15 1 1643
1 74 6 43 5 40 3 1644
0 46 60 1 56 2 3 1645
0 79 55 64 58 58 3 1646
1 33 65 40 64 43 1 1647
0 70 68 69 68 76 3 1648
0 137 32 46 30 61 3 1649
0 80 52 57 52 45 3 1650
0 87 58 56 55 55 3 1651
1 79 55 18 61 18 1 1652
0 26 92 31 91 33 3 1653
1 26 71 34 65 47 2 1654
0 127 91 37 92 27 3 1655
1 81 45 41 33 53 1 1656
1 96 59 35 55 41 1 1657
0 124 62 51 68 40 3 1658
0 108 27 49 31 41 3 1659
1 0 69 41 72 29 5 1660
0 94 68 48 64 46 3 1661
0 31 30 54 29 64 3 1662
1 112 46 47 38 52 1 1663
1 62 51 62 53 58 1 1664
1 78 68 39 70 31 1 1665
0 114 59 31 40 22 3 1666
1 16 61 70 56 75 1 1667
0 100 61 34 57 37 3 1668
1 40 55 79 58 75 1 1669
0 7 56 51 50 49 3 1670
1 0 79 6 81 5 1 1671
0 143 60 49 57 52 3 1672
0 19 49 45 49 49 3 1673
0 102 50 44 50 47 3 1674
0 35 54 27 51 26 5 1675
0 4 65 94 67 93 3 1676
0 117 54 32 40 27 3 1677
0 35 49 30 43 22 3 1678
0 73 66 40 50 46 3 1679
0 143 87 93 85 95 6 1680
1 132 62 51 59 48 1 1681
0 103 56 77 58 75 3 1682
0 96 57 40 52 45 3 1683
0 102 6 35 5 40 6 1684
1 6 59 44 58 32 1 1685
0 95 54 41 52 39 3 1686
0 117 50 54 27 60 3 1687
1 128 52 30 53 27 2 1688
1 133 56 80 51 80 1 1689
1 137 45 2 50 2 2 1690
1 98 70 6 82 3 1 1691
1 37 36 13 41 13 1 1692
0 64 54 39 57 39 3 1693
1 92 35 73 53 75 5 1694
0 25 38 54 44 51 3 1695
1 131 61 42 58 44 2 1696
1 39 41 47 35 46 5 1697
1 132 55 31 49 28 2 1698
1 55 87 3 85 4 1 1699
0 37 7 40 7 48 3 1700
1 64 44 30 40 36 1 1701
1 64 66 34 62 32 6 1702
0 43 45 35 49 34 3 1703
0 111 52 50 56 41 4 1704
0 11 87 4 84 4 3 1705
0 42 54 74 58 72 3 1706
0 31 52 45 53 47 4 1707
1 130 6 28 6 33 1 1708
1 25 41 5 36 4 1 1709
0 115 54 50 52 46 3 1710
1 137 69 74 73 67 1 1711
0 87 38 49 45 63 3 1712
1 86 54 80 52 77 2 1713
1 3 41 2 45 2 1 1714
0 118 61 1 56 2 3 1715
1 48 69 38 65 43 1 1716
1 86 47 55 27 25 1 1717
0 16 47 57 48 50 3 1718
1 102 53 44 57 38 5 1719
0 95 47 21 43 21 3 1720
0 88 46 20 50 19 3 1721
0 65 64 36 61 40 4 1722
1 108 59 1 55 2 1 1723
1 120 55 43 56 38 1 1724
0 67 48 80 59 80 3 1725
0 38 45 34 40 44 3 1726
0 136 6 42 6 45 3 1727
0 10 47 2 50 2 3 1728
0 93 64 43 63 47 3 1729
1 41 48 57 48 65 2 1730
0 47 58 30 51 31 3 1731
0 98 54 34 61 22 4 1732
0 32 45 77 11 61 3 1733
1 5 58 50 57 58 3 1734
1 54 56 39 60 42 1 1735
0 18 52 61 53 59 3 1736
1 133 63 35 57 28 6 1737
1 137 31 44 27 58 1 1738
0 88 56 39 62 31 6 1739
1 24 52 2 48 2 6 1740
1 78 92 31 92 28 2 1741
0 127 56 30 59 30 3 1742
0 64 68 42 67 39 3 1743
0 70 53 19 65 16 3 1744
0 92 6 51 7 36 3 1745
0 49 65 41 63 44 5 1746
0 15 68 42 54 37 3 1747
1 70 41 4 46 3 1 1748
0 19 53 34 53 44 3 1749
0 32 50 79 49 69 3 1750
1 138 48 46 52 45 1 1751
0 41 60 27 68 28 3 1752
1 20 31 49 29 35 1 1753
0 136 33 43 51 33 3 1754
1 42 67 39 67 43 1 1755
0 111 61 30 62 21 3 1756
0 30 58 1 56 0 3 1757
1 24 38 43 41 41 2 1758
0 62 60 1 47 3 3 1759
1 17 49 18 52 19 1 1760
1 121 52 54 49 61 1 1761
1 51 30 50 32 48 1 1762
0 14 55 18 58 17 3 1763
0 111 51 49 27 36 5 1764
1 139 59 45 62 46 2 1765
1 80 41 11 39 12 4 1766
1 25 89 92 83 97 1 1767
1 98 56 28 58 29 1 1768
1 119 6 65 9 45 1 1769
0 45 55 80 51 80 3 1770
1 78 91 31 91 41 1 1771
1 112 54 29 50 32 1 1772
1 31 63 1 60 1 5 1773
1 45 53 40 53 49 1 1774
1 135 5 64 6 62 1 1775
0 133 45 62 45 74 3 1776
0 124 5 27 6 32 3 1777
1 28 54 55 50 40 2 1778
1 66 67 41 64 45 1 1779
0 24 80 5 78 6 3 1780
1 69 51 81 59 75 5 1781
0 140 68 43 69 40 3 1782
0 132 47 31 45 30 3 1783
0 124 51 42 48 43 3 1784
1 107 54 47 42 48 1 1785
1 9 57 45 38 76 2 1786
0 114 65 42 50 59 3 1787
0 26 56 62 59 65 3 1788
1 38 5 38 5 21 1 1789
0 22 44 19 46 21 3 1790
0 103 56 29 60 27 5 1791
1 143 50 52 48 55 1 1792
0 91 53 43 50 55 3 1793
0 55 31 50 33 46 3 1794
0 77 44 53 46 43 3 1795
0 72 6 34 6 30 3 1796
1 28 67 93 62 92 1 1797
0 49 64 76 70 72 3 1798
0 138 68 36 69 34 3 1799
1 82 53 56 53 53 5 1800
0 75 61 33 58 36 3 1801
0 16 28 42 24 39 4 1802
0 4 42 29 40 28 5 1803
0 120 43 4 30 4 3 1804
0 34 63 1 58 1 4 1805
0 133 63 16 60 15 3 1806
0 71 63 16 58 17 3 1807
0 81 57 14 59 17 3 1808
1 134 56 42 57 28 1 1809
1 117 66 50 63 44 1 1810
1 142 52 55 53 52 1 1811
1 128 56 35 54 37 5 1812
1 76 28 59 31 60 1 1813
1 79 43 19 54 19 1 1814
1 111 98 20 98 24 1 1815
1 5 56 52 57 46 1 1816
1 87 49 67 50 65 1 1817
1 65 69 21 66 38 6 1818
1 112 49 69 57 73 3 1819
1 121 57 39 58 43 2 1820
1 91 51 80 53 81 2 1821
0 100 38 18 36 19 3 1822
1 8 47 3 44 2 1 1823
1 93 87 93 85 95 5 1824
0 46 49 20 43 22 3 1825
1 143 91 31 91 26 2 1826
0 0 55 31 58 24 3 1827
1 46 6 31 5 48 2 1828
0 40 6 67 5 69 3 1829
1 102 5 38 6 29 2 1830
0 51 6 67 5 69 3 1831
0 11 38 60 45 62 3 1832
0 39 65 42 72 37 3 1833
0 102 61 47 53 24 6 1834
1 6 67 44 65 49 1 1835
0 99 49 54 51 48 3 1836
0 66 69 44 66 42 3 1837
1 55 57 25 49 30 3 1838
0 1 51 51 65 17 3 1839
1 46 50 19 47 20 1 1840
0 135 61 1 65 1 3 1841
0 113 51 48 58 27 3 1842
0 20 60 31 51 39 3 1843
1 112 48 31 50 28 1 1844
1 64 40 12 38 14 1 1845
0 139 49 47 41 65 3 1846
1 97 54 38 52 29 1 1847
0 90 32 56 28 55 3 1848
1 4 50 29 52 27 6 1849
1 68 61 30 55 27 1 1850
0 48 91 20 91 32 3 1851
0 56 49 57 44 65 3 1852
0 24 49 2 44 2 6 1853
0 132 87 4 83 4 3 1854
1 26 71 38 69 39 1 1855
0 116 6 47 6 51 3 1856
1 108 30 58 29 61 5 1857
1 45 13 8 22 11 1 1858
0 139 6 32 5 36 5 1859
0 119 70 37 69 42 3 1860
0 108 61 29 68 39 3 1861
1 128 56 27 62 23 1 1862
0 128 56 65 52 61 3 1863
1 0 58 29 62 25 1 1864
1 16 40 12 37 13 1 1865
0 12 60 18 59 24 6 1866
0 73 59 27 58 29 3 1867
0 5 68 32 68 38 3 1868
1 82 56 50 57 39 1 1869
1 104 6 32 6 36 2 1870
1 10 42 2 28 2 5 1871
1 112 30 53 30 50 2 1872
1 38 40 36 45 27 2 1873
1 97 48 4 43 4 1 1874
0 93 31 45 27 50 3 1875
1 118 56 64 46 58 2 1876
1 80 30 48 24 47 6 1877
1 122 61 31 62 33 1 1878
0 54 66 62 68 60 3 1879
1 26 50 45 50 56 1 1880
1 115 42 41 44 35 1 1881
1 132 65 31 60 30 4 1882
0 110 68 34 64 31 3 1883
1 0 57 38 51 48 5 1884
1 97 42 13 41 11 1 1885
1 61 58 2 54 2 3 1886
1 74 68 27 53 25 2 1887
1 119 69 37 73 31 2 1888
0 14 54 49 52 53 3 1889
1 0 64 46 53 64 1 1890
0 43 61 36 51 52 3 1891
0 120 45 17 50 16 3 1892
1 14 60 22 56 24 2 1893
0 132 68 37 63 31 5 1894
1 137 31 44 23 37 5 1895
0 106 61 36 59 37 3 1896
0 5 63 30 61 37 3 1897
0 130 61 49 48 50 3 1898
0 8 47 51 31 55 6 1899
1 113 59 51 58 53 1 1900
0 82 6 42 5 44 3 1901
1 85 18 2 37 3 1 1902
0 17 63 51 61 55 4 1903
1 102 98 21 98 30 1 1904
0 120 61 39 57 38 3 1905
0 54 98 23 98 17 3 1906
0 70 71 35 62 13 3 1907
1 135 67 35 58 31 1 1908
1 92 64 44 68 46 2 1909
0 0 72 37 69 38 3 1910
1 26 45 19 41 13 1 1911
1 15 59 35 63 31 1 1912
0 128 45 36 41 17 3 1913
1 33 25 59 26 55 1 1914
1 107 53 39 44 38 1 1915
0 26 47 36 55 39 4 1916
0 142 53 56 50 50 3 1917
1 29 61 52 58 53 1 1918
0 2 44 51 51 56 3 1919
0 65 59 37 58 45 3 1920
1 58 33 43 56 40 4 1921
1 76 6 45 6 42 3 1922
1 22 56 20 52 22 3 1923
0 38 48 79 53 76 3 1924
0 128 49 36 54 27 6 1925
0 87 45 62 33 56 3 1926
0 3 30 78 54 74 3 1927
0 14 98 14 98 17 3 1928
0 92 58 19 51 17 3 1929
0 77 54 49 52 42 3 1930
0 133 43 32 38 49 3 1931
0 112 71 71 70 69 3 1932
1 108 60 45 58 47 2 1933
0 76 69 34 68 36 6 1934
0 97 53 42 51 47 5 1935
0 61 57 32 48 37 3 1936
1 93 49 80 53 81 4 1937
0 114 41 43 46 35 3 1938
0 116 6 66 5 69 3 1939
0 52 69 40 71 41 6 1940
1 64 53 81 50 81 2 1941
1 98 35 16 64 31 1 1942
0 38 60 28 57 29 3 1943
1 131 59 19 56 19 2 1944
0 100 29 58 30 52 3 1945
0 9 56 22 47 30 3 1946
0 116 46 2 38 2 3 1947
1 127 47 46 37 81 1 1948
0 87 98 24 98 36 4 1949
1 24 46 28 39 37 1 1950
1 102 52 60 50 59 1 1951
0 23 13 10 42 32 3 1952
0 120 6 54 6 59 4 1953
1 53 57 42 52 47 1 1954
1 65 31 54 30 47 1 1955
0 128 55 38 43 34 3 1956
1 107 31 78 56 76 1 1957
0 39 71 39 69 33 3 1958
0 42 61 31 50 41 3 1959
0 20 31 58 30 60 3 1960
0 122 86 96 84 95 3 1961
1 134 48 3 46 4 2 1962
0 118 62 17 58 18 3 1963
0 140 34 40 29 46 4 1964
0 63 61 69 58 76 3 1965
0 77 53 61 51 64 3 1966
0 11 6 65 5 67 3 1967
1 128 47 30 42 29 6 1968
1 143 57 30 55 29 5 1969
0 28 59 35 61 37 5 1970
0 103 6 35 6 43 3 1971
0 42 57 80 51 80 3 1972
1 106 80 6 83 4 1 1973
0 55 6 28 6 25 3 1974
0 97 52 23 52 27 6 1975
0 26 43 65 45 49 5 1976
1 43 53 27 50 32 1 1977
1 36 29 53 28 48 4 1978
0 82 30 50 31 47 3 1979
1 131 57 45 52 60 1 1980
0 103 31 57 9 59 3 1981
1 7 31 49 33 48 2 1982
0 53 48 43 48 40 5 1983
0 66 68 39 74 29 3 1984
0 61 55 43 63 38 3 1985
0 64 5 67 6 69 3 1986
0 2 62 36 46 32 3 1987
1 9 54 50 49 56 5 1988
1 16 50 44 52 46 2 1989
1 111 32 43 24 38 2 1990
0 75 43 53 43 56 3 1991
0 69 44 4 28 4 4 1992
1 5 52 60 58 49 2 1993
1 109 40 12 35 13 1 1994
1 33 59 39 53 43 1 1995
0 102 98 25 98 15 3 1996
1 81 57 45 49 54 1 1997
0 111 20 57 25 53 3 1998
0 94 6 42 5 52 3 1999
