1 88 57 48 53 46 1 0
0 112 39 53 46 55 3 1
0 63 32 46 31 50 3 2
1 0 56 39 48 48 3 3
0 26 49 82 50 80 3 4
1 10 61 39 60 44 1 5
1 52 64 52 66 28 1 6
0 52 60 40 55 43 3 7
1 107 51 2 48 2 1 8
0 19 49 28 51 25 3 9
0 134 32 57 32 84 3 10
0 63 67 92 65 93 3 11
0 24 40 36 40 43 3 12
1 108 60 29 52 26 1 13
0 117 18 14 43 43 3 14
1 142 6 52 6 55 2 15
1 130 47 16 49 19 5 16
1 88 55 80 47 80 1 17
0 128 88 94 81 93 3 18
0 35 54 38 57 48 3 19
1 69 69 34 72 40 1 20
1 56 59 1 62 2 1 21
1 14 54 45 46 36 5 22
0 46 37 4 42 3 3 23
1 105 68 48 64 45 2 24
1 84 28 41 30 38 1 25
0 68 52 48 54 45 5 26
0 88 62 35 60 37 3 27
0 16 31 42 34 41 3 28
0 46 56 62 52 62 6 29
0 33 52 45 20 20 3 30
1 39 92 10 87 29 3 31
0 43 54 65 59 56 3 32
1 108 91 29 91 34 1 33
0 39 36 13 34 15 3 34
1 2 51 49 49 53 2 35
1 139 43 1 51 1 1 36
1 19 49 29 46 32 2 37
1 57 49 29 50 27 1 38
0 81 38 37 44 35 3 39
0 69 54 41 55 39 3 40
1 137 52 41 54 36 3 41
0 102 58 45 55 50 5 42
0 142 56 58 52 59 3 43
0 57 55 23 51 26 3 44
0 15 55 72 59 66 3 45
0 53 51 30 46 32 3 46
0 5 49 18 46 18 5 47
0 92 64 31 64 34 3 48
1 43 98 18 98 13 5 49
1 17 47 1 49 2 1 50
1 85 56 47 56 42 1 51
1 11 55 53 42 72 1 52
1 125 69 37 67 49 1 53
1 130 48 19 42 23 1 54
1 15 48 2 44 3 1 55
0 106 57 18 52 19 3 56
1 79 38 39 42 31 1 57
1 10 39 37 36 44 1 58
1 49 5 63 6 68 1 59
1 64 55 30 57 32 4 60
0 67 47 2 43 3 3 61
1 74 46 3 37 4 1 62
0 3 48 2 51 2 3 63
1 109 80 6 82 4 1 64
0 105 26 51 31 50 3 65
0 76 69 32 67 45 3 66
0 4 60 31 61 28 4 67
0 7 62 1 57 1 3 68
1 141 41 18 46 28 5 69
0 91 62 30 58 27 3 70
1 93 43 34 42 30 1 71
1 95 46 20 36 19 2 72
0 0 44 12 39 12 3 73
0 65 32 56 26 63 3 74
0 78 62 37 61 29 3 75
1 14 69 44 69 38 1 76
0 66 5 40 6 44 4 77
0 93 45 32 42 35 6 78
0 35 54 29 53 27 3 79
1 44 56 41 54 42 4 80
0 97 46 31 47 29 3 81
0 130 58 39 51 45 3 82
0 127 62 50 67 44 3 83
0 32 42 12 44 11 5 84
1 116 66 93 65 95 1 85
0 59 55 18 58 18 3 86
1 70 47 20 49 18 1 87
1 65 53 31 54 41 1 88
1 32 33 45 33 48 1 89
1 121 57 49 53 55 1 90
1 64 64 31 59 34 1 91
1 4 57 78 50 79 1 92
0 63 58 19 51 19 4 93
1 43 60 42 30 14 3 94
0 135 55 33 40 31 3 95
0 29 62 30 60 31 3 96
1 114 52 50 49 51 2 97
1 38 44 50 45 46 5 98
0 128 53 26 55 27 3 99
0 8 53 32 52 34 3 100
0 38 60 31 62 25 3 101
0 83 58 18 54 19 3 102
0 47 68 47 56 68 3 103
1 126 47 3 45 4 1 104
1 87 57 77 61 74 1 105
1 115 62 35 60 36 1 106
0 45 98 23 98 17 3 107
0 52 73 66 70 68 3 108
0 134 52 46 27 24 3 109
0 27 69 44 71 30 3 110
0 97 53 16 56 28 3 111
0 4 6 63 5 73 3 112
0 79 56 23 53 29 3 113
1 112 39 14 36 14 1 114
0 46 61 1 64 1 3 115
0 80 47 4 17 2 6 116
1 99 61 39 60 36 2 117
1 32 62 2 77 7 1 118
0 5 51 65 45 59 3 119
0 143 32 48 32 44 3 120
1 52 55 40 60 41 5 121
1 18 57 36 59 39 1 122
1 4 46 26 43 26 5 123
0 123 30 57 32 54 3 124
1 141 55 38 50 50 6 125
0 36 50 27 49 29 3 126
0 80 37 13 31 13 3 127
1 102 6 35 3 17 2 128
1 74 55 30 60 28 2 129
1 3 44 2 42 3 1 130
1 143 52 59 50 64 1 131
0 135 45 51 45 54 3 132
1 26 58 42 41 33 1 133
0 93 45 62 47 68 3 134
0 40 5 70 6 66 3 135
0 92 53 75 60 71 3 136
0 82 98 21 98 18 3 137
1 95 69 70 56 71 5 138
1 120 55 41 57 39 1 139
0 69 69 35 69 41 3 140
0 4 46 32 27 39 3 141
1 133 44 18 54 44 2 142
0 106 32 51 33 46 3 143
1 79 41 33 35 30 5 144
1 16 32 46 31 51 1 145
1 130 49 19 51 18 2 146
0 51 57 21 54 22 3 147
1 38 36 52 36 47 1 148
0 62 50 48 52 45 3 149
1 96 63 16 59 19 1 150
1 99 63 22 61 24 1 151
1 1 80 6 78 7 2 152
0 48 68 38 68 41 3 153
0 24 49 53 51 62 3 154
1 53 48 56 47 64 1 155
1 33 52 18 49 20 3 156
0 35 98 7 98 20 3 157
1 1 91 37 92 28 1 158
0 36 45 32 41 28 3 159
0 77 60 29 61 26 4 160
1 12 66 93 64 94 1 161
1 36 31 43 32 46 1 162
1 130 54 43 57 44 1 163
0 104 6 33 6 38 3 164
0 42 53 47 52 50 3 165
1 133 49 63 44 63 5 166
1 102 42 53 45 51 1 167
1 74 50 19 45 18 6 168
0 32 39 42 45 50 3 169
1 16 63 53 65 49 5 170
1 79 44 36 42 41 5 171
0 17 90 41 91 32 3 172
1 27 7 38 5 59 1 173
0 58 43 4 45 3 3 174
0 81 49 28 52 27 3 175
0 101 59 46 63 46 3 176
1 113 56 28 47 41 1 177
1 92 69 33 69 37 3 178
1 143 26 50 22 50 1 179
1 116 53 40 49 40 1 180
1 130 48 3 41 3 2 181
0 56 72 36 69 41 3 182
0 66 57 18 61 18 3 183
1 112 48 29 42 42 2 184
0 114 0 21 17 46 3 185
0 25 59 13 57 36 3 186
1 36 41 13 45 11 2 187
0 125 46 30 46 27 3 188
1 141 46 42 42 30 1 189
1 117 47 67 47 58 3 190
1 122 6 63 5 70 2 191
0 97 98 12 98 23 3 192
1 124 55 32 57 31 1 193
0 116 5 48 4 36 3 194
1 65 82 6 80 5 4 195
1 106 61 73 62 70 1 196
0 92 70 32 67 41 3 197
1 51 30 77 56 78 2 198
0 72 98 21 98 16 6 199
1 5 46 54 44 31 6 200
1 131 6 65 5 63 2 201
0 32 55 54 57 48 3 202
0 119 48 3 42 5 3 203
1 93 50 19 46 18 1 204
0 77 33 48 33 45 3 205
0 143 53 41 15 20 3 206
1 65 66 36 61 40 5 207
1 32 28 50 23 63 1 208
1 60 58 54 59 56 3 209
1 0 37 13 33 15 1 210
1 41 55 45 52 46 1 211
0 88 51 54 37 60 3 212
1 65 62 51 62 47 1 213
1 27 6 68 5 66 1 214
1 78 52 80 56 80 1 215
1 26 69 42 65 43 1 216
1 48 51 64 53 58 1 217
1 48 47 42 47 56 3 218
1 30 36 13 39 13 2 219
0 43 57 52 61 41 3 220
0 27 59 31 60 29 3 221
1 45 45 51 22 19 4 222
1 113 60 24 51 18 1 223
1 128 52 33 55 28 2 224
0 10 52 53 56 38 3 225
0 53 48 25 38 31 3 226
0 108 6 30 6 27 3 227
0 1 52 19 49 19 3 228
0 102 70 70 43 69 3 229
1 102 61 45 52 61 1 230
0 68 0 21 47 57 3 231
1 18 58 38 60 25 1 232
0 64 30 47 19 61 3 233
0 78 54 81 51 80 3 234
1 107 54 50 52 46 1 235
0 41 54 19 37 18 3 236
0 95 57 30 49 37 3 237
1 5 56 49 51 13 1 238
1 85 42 34 44 21 1 239
1 14 72 40 70 34 1 240
0 59 58 34 54 39 3 241
1 107 49 48 55 43 1 242
1 38 35 16 65 24 1 243
0 117 41 31 37 23 3 244
0 91 55 39 59 33 3 245
1 18 90 19 90 27 1 246
1 63 25 46 32 42 2 247
0 7 53 75 57 75 3 248
1 48 52 57 52 62 6 249
1 25 48 2 53 1 1 250
1 54 55 2 60 2 3 251
1 46 30 51 26 49 1 252
0 124 65 1 54 2 3 253
0 55 6 32 6 35 5 254
0 129 86 94 88 93 3 255
1 69 81 5 79 6 4 256
0 65 5 37 6 30 3 257
1 72 46 33 47 28 3 258
1 23 45 31 40 42 1 259
0 125 51 30 58 18 3 260
0 81 46 32 47 30 3 261
0 77 57 34 51 26 3 262
0 109 57 73 54 79 3 263
1 23 70 6 81 3 1 264
0 135 85 4 86 2 3 265
1 21 49 19 45 21 1 266
1 43 98 18 98 29 2 267
1 115 98 27 98 30 1 268
1 68 54 38 52 47 2 269
0 57 82 5 69 5 3 270
1 129 59 22 59 29 1 271
0 59 48 53 46 54 3 272
1 111 6 26 6 33 1 273
0 52 67 93 65 94 3 274
0 18 7 56 9 52 3 275
1 23 60 32 60 22 2 276
1 90 54 34 55 32 1 277
1 117 66 41 45 40 1 278
0 34 98 17 98 20 3 279
1 55 52 34 50 37 2 280
0 2 43 30 41 37 3 281
1 52 42 3 46 2 1 282
1 37 54 41 39 48 1 283
0 6 67 42 60 51 3 284
1 66 43 38 43 32 5 285
1 30 71 41 69 39 1 286
0 90 59 27 58 29 3 287
0 66 55 42 53 43 3 288
0 137 49 2 43 2 3 289
0 96 53 50 48 53 3 290
0 31 62 46 60 53 3 291
1 64 62 35 59 34 3 292
1 54 6 44 5 42 1 293
1 132 48 3 42 3 1 294
1 81 52 26 49 28 1 295
0 66 6 51 4 49 3 296
1 97 67 38 72 29 1 297
1 120 5 42 7 41 2 298
1 34 48 21 49 19 1 299
1 109 6 37 5 46 1 300
0 103 41 13 36 13 3 301
0 32 42 81 50 81 3 302
1 67 72 35 64 45 1 303
0 44 67 74 69 71 3 304
1 8 58 25 59 28 5 305
0 124 64 42 59 46 3 306
1 30 62 1 58 1 2 307
1 41 78 6 62 2 1 308
1 139 6 19 6 35 4 309
0 101 6 40 6 44 3 310
1 22 31 49 26 71 2 311
1 134 28 50 28 47 1 312
1 117 53 46 57 41 1 313
0 35 89 92 86 92 6 314
1 132 55 74 57 75 1 315
1 73 50 66 46 62 2 316
0 48 41 10 36 9 4 317
0 16 46 54 47 47 3 318
0 143 45 11 39 12 4 319
0 18 63 49 55 53 3 320
1 63 91 33 91 39 5 321
1 44 62 17 56 18 2 322
1 116 51 65 55 67 1 323
0 1 57 20 55 21 5 324
0 79 43 56 45 50 5 325
1 46 67 42 54 31 5 326
1 117 51 63 58 54 2 327
1 120 71 40 66 40 1 328
1 60 43 31 43 38 1 329
1 125 29 46 32 45 3 330
1 56 42 18 55 21 1 331
0 39 61 38 49 49 5 332
0 36 98 20 98 23 3 333
0 37 53 38 50 35 4 334
1 143 43 18 49 17 2 335
1 102 50 18 48 19 1 336
1 117 50 53 52 45 5 337
1 48 91 37 90 39 1 338
0 34 67 36 68 31 3 339
1 141 52 82 46 82 1 340
1 5 48 41 47 52 1 341
0 66 69 39 70 36 3 342
1 138 51 2 47 2 2 343
0 128 47 30 41 28 3 344
0 140 70 71 67 77 4 345
1 101 47 43 45 55 1 346
0 17 58 77 49 77 3 347
1 60 66 41 69 40 1 348
1 95 6 28 5 26 2 349
1 27 65 1 61 1 1 350
0 57 47 60 48 57 3 351
1 44 49 38 44 43 1 352
1 80 33 15 35 13 1 353
1 13 61 79 57 80 1 354
1 115 49 40 55 31 1 355
1 11 57 35 49 51 1 356
0 4 47 49 46 47 3 357
0 107 29 48 32 42 3 358
1 26 49 55 50 53 1 359
1 130 43 2 47 2 1 360
1 133 52 53 45 64 6 361
1 2 42 56 32 56 1 362
1 121 66 90 66 93 1 363
0 120 51 57 53 45 3 364
0 102 52 69 51 77 3 365
0 101 59 42 54 53 3 366
1 62 52 49 45 51 3 367
1 99 57 30 55 31 2 368
1 69 49 3 36 4 1 369
1 68 50 53 52 57 2 370
1 127 71 74 74 67 2 371
0 18 82 6 59 5 3 372
0 98 52 34 54 32 3 373
1 0 34 41 31 46 1 374
1 86 73 37 64 44 3 375
1 27 52 80 55 80 1 376
0 54 6 68 5 74 5 377
0 66 45 27 37 42 3 378
1 79 89 31 90 51 3 379
0 12 56 36 60 31 6 380
1 64 44 11 37 15 2 381
1 105 64 49 64 54 5 382
0 0 5 31 19 44 5 383
1 26 46 2 51 2 1 384
1 16 55 44 45 49 1 385
1 11 51 77 57 73 1 386
0 44 55 37 59 61 3 387
0 136 48 79 54 74 3 388
1 102 58 38 53 28 1 389
0 67 54 32 50 33 3 390
0 47 70 22 74 17 3 391
1 131 61 41 63 38 1 392
0 108 5 60 5 57 3 393
1 21 40 1 46 2 1 394
1 41 45 50 33 57 1 395
0 114 71 33 74 31 3 396
0 122 68 41 69 32 4 397
0 119 70 43 65 53 4 398
1 117 53 59 48 53 6 399
0 130 51 62 49 67 3 400
1 115 61 69 56 71 4 401
1 48 43 12 34 14 4 402
0 11 49 46 47 51 6 403
0 128 28 44 18 57 3 404
0 79 69 41 56 40 3 405
1 101 55 49 53 31 2 406
1 33 48 2 28 2 4 407
1 64 56 53 54 55 1 408
0 141 44 53 47 50 3 409
1 128 47 30 50 27 1 410
1 131 1 95 3 96 1 411
0 111 5 36 5 41 3 412
1 30 31 41 39 46 1 413
1 118 63 17 52 19 5 414
0 52 63 43 66 40 3 415
0 90 55 32 59 26 3 416
1 80 44 54 21 19 2 417
0 9 57 36 60 36 3 418
1 119 55 50 49 54 3 419
1 118 46 2 49 2 1 420
1 24 43 33 38 39 6 421
0 115 48 58 46 62 3 422
1 11 64 30 66 31 1 423
1 1 47 45 44 63 1 424
1 9 52 54 50 52 1 425
0 92 57 20 49 23 3 426
1 124 45 60 44 63 2 427
1 103 45 4 41 4 2 428
1 0 62 48 59 42 1 429
0 97 6 29 6 33 5 430
0 65 61 46 54 52 5 431
0 143 51 35 48 38 3 432
0 19 52 27 34 28 3 433
0 129 46 3 41 4 3 434
1 107 49 45 47 50 1 435
1 109 46 45 45 50 2 436
0 65 30 50 31 56 3 437
1 99 62 30 58 37 2 438
1 77 63 1 59 2 1 439
1 43 57 44 57 40 1 440
0 10 68 41 64 46 3 441
0 16 33 43 26 41 3 442
0 111 92 25 92 21 3 443
1 18 5 39 6 33 1 444
0 38 57 30 48 25 3 445
1 52 47 60 51 53 1 446
1 108 56 2 62 2 1 447
1 78 90 35 90 38 1 448
1 105 52 45 61 36 1 449
1 117 50 60 59 18 1 450
0 78 53 19 57 18 3 451
1 28 61 44 54 56 1 452
1 74 6 49 7 37 1 453
1 47 79 5 81 6 2 454
0 15 60 1 57 1 6 455
0 57 98 19 98 22 3 456
0 41 47 67 49 65 3 457
1 132 53 42 58 47 2 458
0 8 59 56 57 54 3 459
1 10 37 40 44 35 2 460
1 1 61 30 63 31 1 461
1 132 56 47 51 61 1 462
1 32 67 38 70 31 1 463
1 33 98 20 98 16 3 464
1 51 32 47 31 52 5 465
0 112 46 30 51 26 3 466
1 32 62 33 61 35 1 467
1 91 51 48 47 47 1 468
1 97 55 72 54 75 2 469
0 22 49 70 58 35 3 470
0 35 54 27 55 23 3 471
1 16 35 41 32 38 1 472
0 77 55 46 53 44 3 473
1 91 49 19 53 18 1 474
1 135 53 47 50 28 1 475
1 123 5 39 6 30 1 476
0 77 50 49 49 61 6 477
1 133 47 54 49 49 1 478
1 65 6 28 4 34 1 479
0 128 69 37 63 45 3 480
1 130 53 44 54 42 1 481
1 48 33 45 31 43 1 482
1 86 59 19 62 18 3 483
0 132 56 39 54 41 5 484
1 139 5 38 5 41 3 485
0 20 40 80 43 80 4 486
1 143 51 65 50 68 6 487
0 69 51 62 52 53 3 488
1 51 30 55 27 58 1 489
0 54 58 35 56 38 3 490
1 33 42 32 41 36 1 491
1 76 46 50 32 94 2 492
0 35 64 43 69 37 4 493
0 57 62 0 56 1 3 494
1 82 43 48 52 48 1 495
0 3 42 3 48 2 3 496
0 16 51 72 51 67 3 497
0 69 44 56 31 55 3 498
0 76 55 2 65 1 4 499
0 88 61 36 53 29 3 500
1 121 54 49 52 37 2 501
0 24 42 31 47 27 6 502
0 65 53 62 56 31 5 503
0 113 37 13 41 13 3 504
1 76 66 48 61 59 1 505
0 116 55 42 53 26 3 506
0 27 88 93 85 93 3 507
1 39 59 53 60 48 1 508
0 62 50 53 48 65 3 509
0 128 60 33 55 40 3 510
1 55 58 47 58 44 2 511
0 75 30 14 59 43 3 512
1 140 62 33 63 35 1 513
1 0 44 11 40 9 2 514
0 50 64 31 59 21 3 515
1 48 53 54 47 30 5 516
1 120 53 45 48 49 1 517
0 62 60 2 53 2 3 518
1 120 53 47 59 41 1 519
1 95 57 49 41 47 1 520
0 128 54 33 58 32 3 521
0 97 47 4 44 4 3 522
1 60 58 75 61 70 2 523
0 44 39 9 36 13 3 524
0 84 71 33 69 38 3 525
0 16 42 13 36 13 3 526
0 83 52 39 57 28 3 527
0 5 48 3 46 4 3 528
1 111 60 30 52 26 1 529
0 36 33 48 99 0 3 530
1 66 49 32 50 25 1 531
0 63 48 54 38 52 3 532
0 95 47 2 44 2 3 533
1 129 5 27 5 30 3 534
1 122 5 69 6 65 2 535
0 120 62 50 60 49 3 536
1 4 52 27 54 24 4 537
0 108 6 69 5 67 3 538
1 73 32 42 29 41 1 539
0 107 87 93 86 95 3 540
1 32 65 39 66 37 1 541
1 135 52 43 49 49 4 542
1 112 30 59 30 62 2 543
0 58 49 19 48 21 3 544
1 32 66 37 55 58 6 545
0 1 51 22 56 21 3 546
1 141 55 80 51 80 1 547
0 76 67 44 66 46 3 548
0 61 51 53 52 45 3 549
1 35 54 81 50 81 1 550
0 12 48 78 50 79 3 551
1 77 56 40 53 44 1 552
1 9 59 2 64 1 1 553
0 105 71 33 59 41 3 554
0 84 59 57 60 52 3 555
0 137 7 44 7 37 3 556
1 43 98 24 98 20 2 557
1 101 31 15 36 36 1 558
0 35 54 80 59 80 3 559
0 124 92 26 92 32 3 560
1 14 98 22 98 17 1 561
1 66 57 18 60 18 1 562
1 139 63 1 60 1 1 563
0 72 49 63 53 57 3 564
1 130 6 35 5 42 1 565
0 63 47 50 45 51 3 566
0 17 42 2 48 3 3 567
0 35 89 92 82 92 3 568
0 77 55 43 52 46 3 569
1 11 31 49 27 61 1 570
1 18 91 28 90 34 6 571
0 108 58 1 63 1 5 572
1 77 49 40 53 51 5 573
0 109 41 35 41 38 4 574
0 116 64 34 70 21 3 575
0 68 52 36 58 26 5 576
1 88 44 2 48 2 1 577
0 94 54 56 60 47 3 578
1 130 6 32 6 36 1 579
0 22 32 47 30 52 3 580
1 130 65 39 62 43 1 581
1 78 92 27 86 31 2 582
1 8 47 57 31 55 5 583
1 39 67 48 66 50 1 584
0 114 49 64 50 67 3 585
0 112 6 30 6 34 3 586
1 94 5 65 5 70 1 587
1 140 66 78 69 71 1 588
1 52 48 38 59 45 1 589
1 131 50 57 53 41 2 590
1 128 51 36 58 29 1 591
1 109 51 37 54 32 2 592
0 30 63 18 57 19 3 593
0 25 66 80 72 73 6 594
1 143 40 13 43 12 5 595
0 115 47 38 42 36 3 596
1 19 49 43 50 57 1 597
0 141 71 36 73 35 3 598
0 19 88 3 81 2 3 599
0 93 53 40 47 50 3 600
1 60 32 41 32 46 2 601
0 110 51 56 50 50 4 602
1 138 68 40 71 39 2 603
1 12 73 67 68 71 1 604
0 69 54 40 57 39 3 605
1 96 36 15 32 13 6 606
0 132 56 43 58 37 5 607
1 18 92 33 91 37 1 608
1 75 88 93 86 94 1 609
0 92 55 47 50 52 3 610
1 53 51 20 46 24 6 611
1 137 64 20 59 29 1 612
1 139 6 38 5 41 2 613
0 25 71 72 73 67 3 614
0 118 98 18 98 23 3 615
1 131 49 35 56 29 1 616
0 25 57 33 59 23 5 617
1 38 49 2 45 3 1 618
1 41 55 52 62 48 2 619
0 117 62 47 49 45 3 620
0 46 58 54 56 53 3 621
0 24 57 40 59 41 5 622
0 20 43 64 48 54 3 623
0 127 46 2 43 3 3 624
0 78 78 6 81 6 3 625
0 83 42 2 47 2 5 626
1 25 58 27 62 24 1 627
0 105 56 49 31 42 3 628
1 68 62 17 55 21 1 629
0 12 58 32 44 25 6 630
1 107 68 36 69 41 1 631
1 25 86 5 88 4 1 632
1 97 46 31 51 31 1 633
0 87 45 49 43 46 3 634
0 88 71 68 98 65 3 635
0 99 40 36 37 41 3 636
0 6 46 49 39 48 3 637
1 88 69 40 69 43 5 638
1 73 43 29 37 42 1 639
0 103 89 31 90 29 3 640
1 18 61 37 49 41 2 641
1 54 98 18 98 22 1 642
0 33 28 44 29 37 3 643
0 67 56 40 60 37 3 644
0 71 49 19 49 16 3 645
1 135 55 52 51 60 1 646
0 16 63 45 58 44 3 647
1 126 40 38 39 40 1 648
0 135 87 94 86 92 3 649
1 52 39 37 40 42 1 650
0 5 57 61 55 54 3 651
0 143 55 72 47 84 3 652
0 94 44 10 38 14 3 653
1 88 57 53 55 54 1 654
0 126 51 78 58 73 3 655
0 60 49 70 54 70 3 656
1 56 91 33 92 30 1 657
0 124 67 1 62 1 3 658
0 95 69 72 74 66 3 659
1 48 46 52 44 53 1 660
0 111 51 27 49 28 3 661
1 62 54 33 47 33 1 662
0 74 59 45 55 58 3 663
0 93 35 74 42 73 3 664
1 23 53 76 63 69 1 665
1 73 63 49 65 50 1 666
0 133 48 54 50 50 3 667
0 44 66 73 70 72 3 668
1 128 55 16 50 20 2 669
1 79 41 43 37 41 1 670
1 128 6 44 6 57 3 671
1 80 27 50 30 45 5 672
1 3 92 27 92 30 1 673
1 139 55 39 46 36 1 674
0 60 51 61 56 43 3 675
0 111 45 33 43 35 3 676
1 29 87 3 85 5 1 677
0 69 61 17 57 17 3 678
0 74 58 38 62 40 3 679
1 109 46 2 49 2 1 680
1 27 91 30 91 36 2 681
0 41 49 57 31 53 5 682
0 113 46 51 55 35 6 683
0 89 55 38 59 41 3 684
0 3 46 2 50 2 3 685
0 19 73 68 71 72 3 686
0 120 64 76 70 72 3 687
1 18 79 5 69 6 1 688
1 16 70 32 67 33 1 689
0 140 72 68 71 70 6 690
0 14 58 18 63 18 3 691
1 81 69 35 69 38 1 692
1 75 59 41 60 36 5 693
0 28 56 73 29 77 3 694
0 26 91 38 91 41 3 695
0 70 44 4 40 4 3 696
0 126 55 40 52 45 3 697
1 91 53 34 47 55 1 698
1 53 27 2 53 1 1 699
0 137 48 55 50 50 3 700
0 48 47 59 51 58 3 701
1 10 43 18 60 41 1 702
1 73 77 6 80 5 1 703
0 17 51 59 52 56 3 704
0 26 63 1 54 2 3 705
1 68 52 34 48 39 1 706
0 87 49 57 52 55 3 707
0 143 32 49 32 45 3 708
1 120 53 50 55 18 1 709
0 56 53 34 52 38 3 710
1 108 66 93 60 95 5 711
1 96 28 48 27 50 4 712
1 13 6 65 0 65 2 713
0 92 55 18 61 17 3 714
1 32 59 54 53 45 1 715
0 11 34 41 27 60 3 716
0 112 6 57 5 71 3 717
1 60 54 80 57 80 1 718
1 64 32 47 28 49 2 719
1 23 51 32 58 34 1 720
0 63 71 63 67 62 3 721
0 114 48 23 50 24 3 722
0 106 45 59 33 57 3 723
0 64 56 38 54 41 5 724
1 8 48 45 46 54 1 725
0 10 67 93 65 94 3 726
0 136 6 45 6 28 3 727
1 111 58 17 44 19 1 728
0 102 50 16 46 16 3 729
0 23 58 29 58 32 3 730
0 101 53 16 63 17 3 731
0 88 60 22 64 21 3 732
1 50 73 30 64 44 1 733
1 25 40 54 41 75 1 734
0 118 63 31 48 28 3 735
1 88 61 44 51 54 2 736
1 128 35 14 39 13 3 737
0 14 34 45 31 42 3 738
1 72 66 93 63 93 2 739
0 14 57 40 48 53 3 740
1 89 51 37 55 35 1 741
0 6 53 44 50 48 3 742
1 85 29 43 37 40 1 743
1 61 6 66 5 70 4 744
1 4 53 42 37 51 2 745
0 41 98 20 98 14 3 746
1 58 64 38 61 37 1 747
0 122 88 94 83 96 5 748
0 38 39 45 38 39 3 749
1 116 56 64 55 57 2 750
0 135 37 43 18 38 3 751
1 47 58 40 52 45 1 752
0 143 31 49 28 47 5 753
0 109 57 38 54 39 3 754
1 34 54 60 49 43 3 755
0 111 64 46 63 53 3 756
0 72 98 18 98 23 3 757
0 38 58 28 51 34 3 758
1 83 83 4 78 6 1 759
1 52 41 20 45 20 1 760
1 36 48 20 45 21 1 761
0 44 45 31 28 56 3 762
0 25 6 28 5 57 3 763
1 136 45 4 24 3 1 764
0 1 67 93 64 93 3 765
0 27 4 49 4 46 6 766
1 109 49 3 47 4 1 767
1 53 55 38 61 27 5 768
0 84 42 41 41 35 3 769
1 82 92 30 91 27 2 770
0 70 58 40 68 34 3 771
1 98 54 39 41 59 1 772
0 120 45 31 49 32 5 773
0 17 6 60 5 56 5 774
1 132 63 42 69 37 1 775
0 102 63 16 59 16 3 776
1 80 45 33 43 34 1 777
0 22 55 34 60 36 3 778
1 108 61 35 49 51 1 779
0 31 64 1 59 1 3 780
0 27 5 64 5 60 3 781
0 34 98 22 98 19 3 782
0 69 49 78 55 76 3 783
0 18 91 35 92 30 6 784
1 69 46 59 47 57 4 785
0 129 47 50 45 54 3 786
1 48 51 55 53 45 1 787
0 12 58 26 55 22 5 788
0 44 57 37 53 42 3 789
1 39 60 47 27 23 2 790
0 98 55 58 53 56 3 791
1 46 5 38 6 34 1 792
0 14 98 13 98 17 3 793
1 40 69 35 66 33 1 794
0 129 98 26 98 15 5 795
1 130 58 56 60 49 2 796
1 66 71 32 69 40 1 797
0 104 57 36 57 39 3 798
0 33 92 32 91 26 3 799
0 17 6 55 6 49 3 800
1 142 47 46 44 63 1 801
1 48 22 55 30 52 1 802
0 81 51 27 51 31 5 803
0 22 57 35 57 39 3 804
1 82 52 57 51 61 1 805
1 10 58 46 55 49 1 806
1 59 51 18 47 20 2 807
1 103 48 46 49 43 2 808
1 94 57 58 49 83 1 809
0 54 63 44 60 54 3 810
0 38 33 36 54 31 5 811
0 80 70 36 64 46 3 812
0 125 49 53 54 51 3 813
1 69 44 40 32 15 1 814
0 99 40 12 35 13 3 815
0 1 67 35 66 44 3 816
1 27 57 17 60 18 1 817
0 112 59 35 61 24 3 818
0 81 66 41 72 35 3 819
0 91 30 36 27 35 3 820
1 115 46 48 47 53 1 821
0 52 67 49 70 29 3 822
0 133 49 52 46 32 3 823
1 82 57 76 51 84 1 824
0 122 61 1 55 2 3 825
1 17 37 5 35 4 1 826
1 61 49 47 41 48 4 827
0 23 59 28 61 22 3 828
1 3 92 30 91 32 1 829
1 120 6 34 5 8 1 830
1 83 6 32 5 40 1 831
1 61 48 52 49 57 1 832
0 22 64 31 62 35 3 833
1 53 41 12 38 12 3 834
1 93 60 2 64 1 5 835
1 119 67 45 64 47 1 836
1 63 55 24 54 26 1 837
0 143 57 80 46 80 5 838
0 64 65 94 64 96 3 839
1 134 55 18 56 20 1 840
1 128 53 53 55 43 2 841
1 65 52 26 49 12 2 842
0 120 6 48 7 45 3 843
0 97 43 4 40 4 3 844
0 137 55 40 65 28 3 845
0 57 52 82 43 67 3 846
1 103 62 24 59 26 5 847
1 124 91 28 92 21 2 848
0 135 65 43 59 42 3 849
0 136 6 48 5 63 3 850
0 43 91 33 91 41 3 851
1 62 61 1 59 2 6 852
0 46 57 46 51 63 3 853
1 72 69 38 71 31 5 854
1 108 61 29 57 28 1 855
0 3 34 22 42 21 4 856
0 1 67 92 64 93 3 857
0 34 44 4 47 3 3 858
0 80 53 44 51 48 3 859
1 48 55 39 56 17 3 860
1 63 48 3 41 4 1 861
1 121 65 45 63 46 1 862
0 6 57 19 58 28 3 863
0 108 9 27 27 33 5 864
1 76 45 80 37 80 1 865
0 60 57 49 60 50 3 866
1 102 59 41 51 45 1 867
1 76 73 68 67 77 1 868
1 123 29 57 28 60 2 869
0 115 31 46 13 42 3 870
0 136 98 19 98 16 3 871
0 12 40 58 70 71 3 872
0 64 32 37 31 33 3 873
0 76 7 45 5 53 3 874
0 77 59 30 60 22 3 875
1 13 69 39 65 46 2 876
1 57 6 46 5 71 1 877
1 82 70 6 75 6 1 878
0 134 65 51 67 47 3 879
0 101 53 46 54 48 3 880
0 52 70 31 0 99 3 881
1 11 52 58 41 87 1 882
0 137 28 56 26 62 3 883
0 42 59 37 53 36 4 884
0 88 63 37 58 46 3 885
0 35 98 21 98 14 3 886
0 117 60 37 57 39 3 887
1 29 49 49 52 46 1 888
0 142 47 55 51 47 3 889
0 43 52 45 47 57 3 890
1 129 85 96 87 95 3 891
0 95 98 21 98 15 3 892
1 53 53 33 62 23 5 893
1 4 5 59 6 53 1 894
0 26 50 49 52 36 3 895
1 29 87 4 93 3 1 896
0 47 56 41 55 39 3 897
0 45 67 35 56 43 3 898
0 119 30 53 28 58 3 899
1 7 53 34 59 28 2 900
0 71 46 30 49 28 3 901
0 143 42 13 39 11 3 902
0 53 56 36 51 42 3 903
1 72 55 40 50 48 2 904
1 11 57 37 59 45 1 905
0 114 70 35 68 34 3 906
0 79 56 19 61 18 3 907
0 102 5 36 5 27 3 908
0 23 43 56 41 61 3 909
0 116 70 42 62 61 3 910
1 136 54 40 51 44 5 911
1 60 81 3 69 6 5 912
0 6 42 29 44 36 3 913
1 0 69 42 48 44 1 914
1 128 31 46 30 51 2 915
1 102 39 14 42 11 1 916
0 25 47 31 49 32 3 917
0 115 53 76 52 78 3 918
1 28 67 35 66 18 1 919
0 14 62 38 63 33 3 920
1 108 6 53 6 56 2 921
0 4 56 80 53 80 3 922
1 57 46 4 40 4 1 923
1 15 55 2 62 1 4 924
0 116 67 48 65 49 3 925
1 92 69 32 69 36 1 926
1 78 62 36 57 43 1 927
0 6 46 4 53 4 3 928
0 116 56 47 56 51 3 929
1 3 57 40 58 36 2 930
0 39 53 40 55 39 3 931
1 114 6 65 4 68 1 932
1 136 55 35 56 47 2 933
0 82 51 51 53 52 3 934
0 87 61 45 0 22 3 935
0 45 58 54 61 48 3 936
1 100 54 29 52 42 1 937
0 97 60 70 60 74 5 938
0 46 57 52 50 63 6 939
1 24 48 54 53 51 5 940
1 34 56 41 59 37 1 941
0 57 62 35 60 22 3 942
1 67 45 50 42 71 5 943
1 22 32 53 31 58 5 944
1 3 91 25 91 20 1 945
1 11 66 40 50 46 1 946
1 8 51 44 56 35 1 947
1 83 80 6 78 7 1 948
0 29 52 56 51 59 3 949
0 61 92 28 92 17 3 950
1 35 52 24 54 22 1 951
0 78 78 6 81 5 3 952
0 106 55 23 55 26 3 953
1 39 45 42 17 33 1 954
0 32 48 19 45 21 3 955
0 33 43 54 40 81 3 956
1 30 67 42 68 39 1 957
1 66 61 41 57 39 3 958
1 79 49 42 60 36 1 959
1 59 33 46 32 48 1 960
0 28 67 33 62 33 3 961
1 7 62 32 57 40 1 962
1 99 54 19 32 18 1 963
1 135 5 70 5 67 1 964
0 18 38 59 39 54 3 965
0 32 62 51 61 53 3 966
0 0 36 14 41 11 3 967
1 13 77 6 80 5 2 968
1 57 52 76 62 68 1 969
1 40 56 53 53 57 3 970
1 133 7 38 6 27 1 971
1 110 38 14 40 13 1 972
1 54 6 33 6 43 1 973
0 128 40 11 34 14 3 974
1 22 32 45 31 51 1 975
1 74 78 7 79 5 6 976
0 112 51 77 49 75 3 977
1 56 65 40 59 41 1 978
1 105 70 41 69 36 1 979
1 12 78 7 80 6 1 980
1 12 72 32 68 40 4 981
0 116 92 29 90 36 3 982
1 135 45 25 45 28 4 983
0 20 6 42 6 50 3 984
0 44 51 49 48 68 3 985
0 122 59 36 60 22 3 986
0 88 5 40 6 37 3 987
0 38 29 53 31 48 3 988
1 88 67 46 64 44 1 989
1 140 41 35 44 34 2 990
0 0 30 36 26 40 5 991
0 67 45 34 41 31 3 992
1 11 56 34 62 24 2 993
1 133 5 39 6 30 3 994
0 104 87 3 85 4 3 995
0 120 30 52 25 54 3 996
0 124 56 44 54 42 5 997
1 108 3 73 4 76 1 998
1 64 42 3 55 0 1 999
0 52 48 52 44 33 5 1000
0 141 51 61 52 54 3 1001
0 36 60 41 59 35 3 1002
0 110 41 68 38 58 3 1003
0 37 48 53 50 50 3 1004
1 68 63 34 47 58 1 1005
0 92 70 34 69 39 3 1006
0 83 56 25 55 28 3 1007
0 104 45 54 47 47 3 1008
1 111 91 44 90 42 1 1009
1 5 53 41 48 38 1 1010
1 57 98 23 98 29 1 1011
0 14 58 39 57 37 3 1012
0 84 50 49 49 55 3 1013
0 19 53 24 53 27 3 1014
1 132 29 58 27 59 1 1015
0 16 57 45 48 56 3 1016
1 90 54 44 60 34 5 1017
0 79 38 39 42 41 3 1018
0 127 49 26 48 36 3 1019
0 79 64 16 62 19 5 1020
1 16 31 43 27 51 4 1021
1 65 44 64 47 71 1 1022
1 39 54 43 51 47 1 1023
1 92 49 3 44 4 2 1024
0 104 55 42 56 44 5 1025
1 27 5 61 5 68 3 1026
0 78 54 41 57 39 3 1027
1 54 98 15 98 23 1 1028
1 85 53 42 52 47 1 1029
0 37 67 92 64 93 3 1030
0 106 79 6 81 5 3 1031
1 34 91 35 91 39 1 1032
1 51 30 58 28 63 6 1033
1 20 41 37 43 35 1 1034
1 129 57 29 60 25 1 1035
1 110 30 52 26 49 3 1036
1 10 45 33 38 42 5 1037
1 102 55 50 47 70 1 1038
0 81 51 31 47 30 3 1039
1 13 90 26 92 31 1 1040
0 54 60 54 63 45 5 1041
0 136 27 48 25 54 3 1042
0 13 42 33 37 51 3 1043
1 124 69 37 67 33 1 1044
0 67 47 39 53 41 3 1045
0 95 54 36 62 39 3 1046
1 87 98 23 98 17 1 1047
0 74 54 54 53 52 3 1048
1 65 91 35 92 24 1 1049
0 120 53 49 50 48 3 1050
0 78 90 38 91 31 3 1051
1 42 66 93 65 95 1 1052
0 81 54 44 57 38 3 1053
0 139 81 5 79 6 3 1054
0 116 6 50 5 59 3 1055
0 48 50 55 52 56 3 1056
1 69 31 44 32 49 1 1057
0 123 30 52 30 49 3 1058
0 37 47 71 45 65 3 1059
1 44 52 24 53 27 4 1060
1 38 51 75 69 45 2 1061
1 12 55 46 54 50 2 1062
1 38 43 54 46 58 2 1063
0 104 34 26 40 32 3 1064
1 89 32 45 32 54 1 1065
0 11 58 30 48 43 3 1066
1 38 48 2 42 3 1 1067
1 51 56 46 50 47 1 1068
1 98 58 32 57 30 1 1069
1 43 46 80 55 80 1 1070
0 45 67 41 49 64 3 1071
1 143 62 47 64 20 2 1072
1 87 50 51 43 36 1 1073
0 101 56 37 59 35 3 1074
1 118 58 18 54 18 1 1075
1 138 58 73 55 71 5 1076
1 51 80 6 70 6 2 1077
1 130 35 16 64 52 1 1078
0 78 37 16 72 32 6 1079
1 102 42 80 55 80 1 1080
0 79 31 47 32 53 6 1081
0 21 45 4 41 3 3 1082
1 68 57 44 55 43 3 1083
0 5 51 18 46 22 3 1084
1 74 31 42 29 46 1 1085
0 141 57 36 49 39 3 1086
0 88 38 49 42 41 3 1087
1 63 66 74 69 72 1 1088
1 29 58 37 60 36 1 1089
1 55 68 36 61 30 1 1090
1 80 29 47 31 43 1 1091
1 108 90 38 91 35 6 1092
0 140 6 27 5 24 3 1093
0 81 60 54 56 63 3 1094
0 66 70 42 75 30 3 1095
0 120 32 42 59 37 3 1096
0 0 48 49 48 52 3 1097
0 112 58 23 61 25 3 1098
0 24 45 27 33 34 3 1099
0 70 64 75 69 72 6 1100
1 94 30 37 29 54 6 1101
0 24 54 46 53 44 3 1102
0 42 87 94 84 93 3 1103
0 37 5 35 5 38 3 1104
0 79 69 37 67 41 3 1105
0 67 51 45 53 51 6 1106
1 133 34 40 30 35 1 1107
1 5 56 40 49 38 1 1108
1 13 51 19 53 18 1 1109
0 47 6 48 6 52 3 1110
0 56 6 30 5 21 4 1111
0 114 62 42 61 40 3 1112
1 32 40 12 33 11 5 1113
0 33 61 33 64 27 3 1114
0 87 48 64 51 59 3 1115
1 60 52 80 46 80 1 1116
1 113 53 54 43 65 2 1117
1 74 59 73 30 77 1 1118
1 72 52 62 53 50 1 1119
0 13 56 49 54 56 3 1120
0 87 51 48 47 57 3 1121
1 50 50 32 47 31 5 1122
1 136 5 39 5 36 1 1123
0 87 52 55 50 46 6 1124
1 102 42 2 49 2 6 1125
0 88 56 42 36 43 3 1126
0 71 52 48 48 51 3 1127
0 95 46 2 28 2 3 1128
0 64 31 49 24 46 3 1129
0 80 49 19 45 20 3 1130
1 122 86 94 78 94 1 1131
0 110 52 18 54 15 4 1132
1 55 80 7 78 6 3 1133
0 37 69 44 62 52 3 1134
0 91 53 45 44 30 3 1135
1 138 57 75 55 76 1 1136
0 86 87 94 89 93 4 1137
1 74 53 62 53 59 3 1138
0 69 41 3 36 4 3 1139
0 28 98 18 98 13 3 1140
0 115 60 40 59 48 3 1141
1 130 32 46 31 49 2 1142
1 24 51 23 45 39 1 1143
0 45 98 25 98 21 3 1144
1 39 58 43 50 49 5 1145
0 121 41 34 43 35 3 1146
0 29 48 43 44 43 3 1147
0 104 41 58 44 54 3 1148
0 0 67 40 69 47 3 1149
1 93 60 1 49 1 1 1150
1 121 70 71 68 74 1 1151
1 104 62 25 63 20 2 1152
0 102 59 55 53 56 3 1153
1 89 66 57 60 75 1 1154
0 140 31 15 59 19 3 1155
1 3 49 28 46 32 1 1156
1 122 52 78 56 78 1 1157
1 139 58 46 41 36 1 1158
1 102 56 62 61 54 1 1159
0 25 33 44 34 42 3 1160
0 91 49 57 42 46 3 1161
1 82 55 39 52 48 2 1162
0 114 44 51 46 36 4 1163
0 88 61 72 57 71 3 1164
0 12 59 33 57 35 3 1165
1 0 5 40 5 36 1 1166
0 34 48 2 52 2 3 1167
1 20 48 53 31 55 1 1168
1 116 32 42 29 46 1 1169
0 52 91 28 91 32 3 1170
0 137 31 50 32 47 3 1171
0 82 54 46 57 49 3 1172
0 6 61 31 61 35 3 1173
0 121 58 59 51 57 3 1174
1 92 43 11 40 11 4 1175
1 116 61 42 57 51 3 1176
0 137 27 58 28 56 3 1177
0 63 91 35 92 32 3 1178
0 119 54 47 56 24 3 1179
0 141 6 44 6 48 3 1180
0 116 60 25 61 27 3 1181
0 72 66 92 65 94 3 1182
1 11 52 45 44 63 1 1183
1 96 2 20 13 29 1 1184
1 72 52 40 56 35 1 1185
0 130 49 51 52 50 4 1186
0 81 47 22 51 24 3 1187
0 83 61 42 56 39 3 1188
0 22 33 44 32 49 3 1189
0 108 5 70 6 68 5 1190
0 26 56 43 42 49 3 1191
1 106 55 80 58 80 1 1192
0 35 52 30 50 33 3 1193
1 113 53 42 53 48 1 1194
0 27 47 48 46 51 3 1195
0 87 51 54 51 49 3 1196
1 108 31 45 28 47 1 1197
1 92 67 49 66 51 1 1198
0 131 6 51 5 33 3 1199
1 80 6 32 5 40 1 1200
0 56 41 35 41 38 3 1201
0 14 53 42 59 44 3 1202
1 26 45 3 39 3 2 1203
0 1 62 29 63 27 3 1204
1 66 58 18 60 17 1 1205
0 109 62 41 58 48 3 1206
0 131 59 28 56 31 3 1207
0 25 62 2 76 9 3 1208
0 103 57 29 55 32 3 1209
0 1 51 51 44 62 3 1210
0 88 71 6 77 4 3 1211
1 134 57 33 54 39 1 1212
0 79 31 44 32 46 3 1213
0 29 53 45 56 41 3 1214
1 97 53 43 51 47 4 1215
1 72 56 40 54 41 1 1216
1 64 49 43 52 41 1 1217
0 46 56 51 54 58 3 1218
1 20 49 34 50 52 2 1219
0 77 61 30 54 49 3 1220
1 127 35 16 70 30 1 1221
1 79 64 44 72 38 6 1222
0 44 91 31 91 28 3 1223
0 97 60 48 55 52 3 1224
1 108 74 30 72 37 1 1225
1 94 32 50 32 54 1 1226
1 39 98 15 98 19 2 1227
1 120 58 39 56 40 2 1228
0 40 61 75 58 68 3 1229
0 103 55 80 47 80 3 1230
1 111 64 28 58 28 1 1231
0 40 53 17 47 18 3 1232
0 56 45 31 44 49 3 1233
0 0 40 13 37 13 3 1234
0 116 6 54 6 50 3 1235
1 36 98 17 98 14 1 1236
0 131 69 37 58 66 3 1237
1 136 52 29 53 25 3 1238
1 72 45 60 48 65 2 1239
0 127 33 52 31 50 3 1240
0 11 43 62 51 59 3 1241
0 54 51 26 56 23 3 1242
1 55 43 2 40 3 1 1243
0 23 53 81 56 78 3 1244
0 40 50 20 49 18 3 1245
0 82 65 75 66 73 3 1246
0 81 55 51 57 37 4 1247
0 130 55 39 58 43 5 1248
1 9 30 14 60 43 1 1249
0 102 72 70 69 71 3 1250
0 17 38 9 45 7 4 1251
1 55 6 41 6 38 2 1252
0 36 53 28 60 24 3 1253
0 65 64 45 62 47 3 1254
1 94 31 42 27 57 1 1255
0 128 26 50 29 52 3 1256
0 78 49 47 53 53 3 1257
1 84 45 42 45 59 2 1258
0 33 46 53 22 20 3 1259
1 89 62 16 60 17 2 1260
1 129 60 34 54 44 5 1261
1 104 62 51 44 41 2 1262
0 108 67 37 71 31 3 1263
1 111 41 42 38 49 2 1264
1 35 31 50 30 52 1 1265
1 74 46 20 50 20 2 1266
1 107 33 40 43 30 1 1267
1 5 46 44 47 46 2 1268
1 64 31 42 56 34 6 1269
1 141 6 33 5 37 2 1270
1 88 59 37 56 47 1 1271
0 66 45 21 37 22 3 1272
0 26 47 58 56 43 6 1273
0 11 48 79 31 78 3 1274
0 41 51 38 72 18 3 1275
1 124 90 28 90 45 3 1276
1 124 74 48 76 49 1 1277
0 137 7 53 6 51 3 1278
0 90 59 25 59 17 3 1279
0 84 53 53 46 59 3 1280
0 41 70 35 71 40 4 1281
0 73 61 34 60 32 5 1282
0 6 67 48 63 48 3 1283
1 125 70 36 66 41 3 1284
0 64 67 33 61 32 3 1285
0 19 46 20 51 16 3 1286
1 116 68 36 66 40 4 1287
1 26 41 42 42 34 1 1288
0 75 5 71 5 74 3 1289
0 102 42 3 48 2 6 1290
1 114 52 24 35 37 2 1291
0 62 69 42 68 36 3 1292
0 48 41 11 36 13 3 1293
1 120 62 71 55 79 2 1294
0 22 34 43 28 57 4 1295
1 126 61 33 63 36 1 1296
1 77 36 15 51 69 2 1297
1 52 40 3 28 2 1 1298
0 137 61 37 55 44 3 1299
0 104 68 74 71 69 3 1300
0 128 58 28 60 27 3 1301
1 26 69 28 70 30 5 1302
0 0 44 61 52 53 5 1303
0 12 51 26 46 29 3 1304
0 17 54 80 58 80 3 1305
0 57 98 14 98 19 3 1306
0 127 69 38 66 43 3 1307
1 135 53 49 56 38 1 1308
0 140 72 67 72 70 3 1309
0 142 51 47 38 37 3 1310
1 52 49 42 57 39 1 1311
0 120 48 44 55 35 3 1312
1 52 60 33 52 47 1 1313
0 116 7 44 6 46 6 1314
0 106 82 6 57 4 3 1315
1 38 6 66 5 70 2 1316
0 25 34 45 27 50 3 1317
1 82 52 49 53 42 3 1318
0 115 47 27 46 32 3 1319
1 11 44 48 46 59 1 1320
1 0 50 29 45 27 1 1321
0 79 59 51 56 55 3 1322
1 116 55 31 56 29 1 1323
0 46 59 54 54 34 3 1324
0 60 5 67 5 61 3 1325
1 129 48 54 38 56 1 1326
0 79 42 41 38 41 3 1327
1 83 56 41 60 35 2 1328
1 72 39 3 46 3 2 1329
0 60 61 1 59 2 3 1330
0 39 68 48 69 45 6 1331
0 33 48 52 48 57 3 1332
0 96 40 74 43 73 3 1333
0 12 60 38 50 50 3 1334
0 44 57 27 54 32 3 1335
0 64 66 57 63 63 3 1336
1 131 64 33 62 32 1 1337
0 51 57 38 52 46 3 1338
1 0 48 4 41 5 1 1339
1 35 44 33 52 25 1 1340
0 101 90 39 90 45 3 1341
1 42 50 48 50 51 1 1342
1 132 65 45 67 48 1 1343
1 68 52 41 54 42 6 1344
0 28 60 33 56 39 5 1345
1 111 6 39 6 34 1 1346
1 137 31 55 26 53 2 1347
1 24 52 46 2 37 2 1348
1 22 27 61 28 57 2 1349
1 105 71 39 69 47 2 1350
0 112 32 45 28 50 6 1351
0 109 98 22 98 17 3 1352
0 91 53 41 34 40 3 1353
1 97 52 77 98 67 1 1354
0 14 55 56 37 97 3 1355
0 13 69 40 73 35 3 1356
0 82 45 64 49 65 3 1357
0 0 51 63 51 36 3 1358
1 90 59 38 62 29 1 1359
0 133 56 80 47 80 3 1360
0 31 91 34 90 45 3 1361
1 14 49 19 46 22 1 1362
0 137 64 52 63 48 3 1363
0 0 51 53 52 50 6 1364
0 59 81 2 87 4 3 1365
1 7 60 33 61 37 3 1366
0 102 45 3 51 2 3 1367
0 135 54 51 52 54 3 1368
1 77 59 30 56 30 5 1369
0 16 29 51 33 43 3 1370
0 74 57 46 53 58 5 1371
1 56 6 31 6 34 2 1372
1 77 59 23 55 22 1 1373
0 126 54 48 50 54 3 1374
0 142 30 60 33 58 3 1375
0 125 87 4 83 4 5 1376
1 125 52 1 50 2 1 1377
1 0 43 29 38 32 1 1378
1 45 45 2 39 3 1 1379
1 67 6 69 6 66 1 1380
1 42 39 53 37 55 5 1381
0 39 54 44 47 54 3 1382
1 32 64 40 60 44 1 1383
0 131 44 18 40 18 3 1384
0 57 88 91 86 90 3 1385
0 14 64 36 63 34 3 1386
0 132 70 35 66 40 3 1387
1 48 91 25 92 32 5 1388
0 84 29 47 30 51 3 1389
0 73 52 44 58 44 3 1390
1 15 54 80 51 80 3 1391
0 32 30 45 13 41 5 1392
0 72 62 36 60 30 3 1393
0 53 55 19 58 19 3 1394
0 74 50 18 48 21 3 1395
0 39 32 43 31 45 3 1396
1 128 57 58 58 53 1 1397
0 38 57 27 52 34 4 1398
1 106 7 53 5 71 1 1399
1 92 50 27 46 31 1 1400
0 43 52 38 52 34 3 1401
0 66 46 31 52 25 3 1402
1 46 64 1 56 2 1 1403
0 100 47 80 55 80 3 1404
1 96 63 32 59 43 1 1405
1 0 55 31 62 25 5 1406
1 9 60 38 58 40 1 1407
0 78 87 3 85 4 3 1408
1 41 49 34 46 45 1 1409
0 81 5 71 6 69 6 1410
0 110 6 65 5 70 3 1411
0 114 46 20 50 20 3 1412
0 132 59 39 59 36 3 1413
1 132 59 32 63 29 1 1414
1 117 50 47 48 49 3 1415
0 13 61 42 55 42 3 1416
0 39 60 37 57 40 5 1417
0 76 68 76 71 72 3 1418
1 142 50 49 48 52 1 1419
1 13 63 35 55 49 3 1420
1 41 55 41 58 37 1 1421
1 20 47 4 43 4 1 1422
0 141 61 28 54 41 3 1423
1 75 60 34 61 36 1 1424
0 114 71 6 79 2 3 1425
0 57 29 58 29 54 3 1426
1 47 53 82 55 79 1 1427
1 53 59 44 57 43 2 1428
1 94 6 64 6 68 1 1429
0 0 53 52 49 51 3 1430
0 28 43 55 49 48 3 1431
0 37 58 42 52 46 3 1432
1 12 81 6 82 4 1 1433
0 87 49 50 52 59 5 1434
0 84 67 41 59 42 3 1435
0 32 5 39 6 36 3 1436
1 143 62 51 61 60 1 1437
0 0 17 13 36 13 3 1438
1 13 45 19 55 14 4 1439
1 101 58 26 57 28 1 1440
0 111 58 34 54 33 3 1441
1 119 65 44 69 37 1 1442
1 19 1 95 6 96 1 1443
1 81 56 42 56 39 2 1444
1 31 44 64 41 74 1 1445
0 73 62 32 53 28 3 1446
0 132 58 38 53 44 4 1447
1 135 50 46 65 14 1 1448
1 38 27 48 24 53 1 1449
1 86 45 2 43 3 1 1450
1 93 52 38 41 27 1 1451
1 10 66 38 48 58 1 1452
1 40 58 76 55 76 2 1453
1 36 57 14 52 16 1 1454
0 129 31 46 33 47 3 1455
1 117 46 59 51 47 6 1456
0 21 88 94 86 91 3 1457
1 57 50 52 28 55 1 1458
0 66 36 15 47 25 3 1459
0 96 6 62 4 57 3 1460
1 60 58 50 58 46 1 1461
1 82 65 75 68 67 1 1462
1 53 54 41 57 39 2 1463
1 31 42 13 36 13 1 1464
0 90 61 24 59 28 3 1465
0 32 63 47 39 79 5 1466
1 128 56 28 55 31 2 1467
0 44 59 37 54 31 6 1468
0 107 61 31 55 42 3 1469
1 130 44 22 49 20 5 1470
1 127 54 33 56 27 4 1471
1 58 56 2 59 2 1 1472
1 57 63 46 69 37 4 1473
0 107 38 39 42 35 3 1474
1 14 58 2 55 2 1 1475
1 14 91 27 92 24 1 1476
0 34 45 4 28 4 3 1477
0 48 55 74 56 76 3 1478
0 4 44 62 54 54 3 1479
1 120 52 51 56 37 1 1480
1 1 61 35 63 34 1 1481
1 82 33 43 30 52 1 1482
1 56 54 38 60 36 1 1483
0 1 61 17 53 19 3 1484
0 91 69 73 70 75 3 1485
0 8 55 30 58 32 3 1486
0 78 12 22 2 25 5 1487
0 63 47 4 43 4 3 1488
0 72 70 73 71 71 3 1489
0 79 67 92 65 94 3 1490
0 120 46 20 49 20 3 1491
0 90 57 30 45 21 3 1492
1 46 50 18 30 17 3 1493
1 69 79 5 82 5 1 1494
1 96 68 36 52 42 1 1495
0 89 57 44 55 42 3 1496
1 53 48 15 52 15 1 1497
1 18 55 77 56 74 1 1498
1 12 7 42 6 49 1 1499
0 0 98 25 98 22 3 1500
0 21 64 29 44 40 3 1501
1 102 78 6 82 5 1 1502
0 130 58 48 59 45 3 1503
0 25 43 55 32 57 3 1504
0 61 41 2 46 2 3 1505
1 21 57 37 57 31 1 1506
0 46 60 52 62 42 3 1507
0 19 5 29 7 40 5 1508
0 56 49 53 48 68 5 1509
1 100 31 59 27 58 1 1510
0 62 69 74 72 68 3 1511
0 90 46 20 43 23 3 1512
0 16 38 12 35 13 3 1513
0 131 64 31 62 27 3 1514
0 104 42 18 68 26 3 1515
0 119 70 73 40 58 3 1516
1 24 56 46 53 47 1 1517
1 137 30 54 30 60 1 1518
0 73 57 38 51 45 3 1519
0 137 56 31 46 52 3 1520
1 42 66 28 71 38 2 1521
0 64 52 19 46 22 3 1522
0 78 58 38 55 42 6 1523
1 90 87 5 84 4 1 1524
1 51 31 58 32 48 3 1525
0 108 67 74 68 76 3 1526
1 8 69 45 75 30 1 1527
0 136 60 30 62 26 3 1528
1 36 60 32 57 40 2 1529
0 41 53 52 50 54 3 1530
1 72 64 94 67 91 5 1531
1 141 57 37 53 48 5 1532
1 39 71 38 69 34 2 1533
1 10 44 36 37 30 6 1534
1 49 59 2 61 1 4 1535
0 72 54 49 54 53 3 1536
0 119 69 44 65 43 3 1537
0 48 44 32 43 35 3 1538
0 66 91 28 92 31 3 1539
0 106 67 35 68 39 3 1540
1 93 98 21 98 24 4 1541
0 87 51 34 49 28 3 1542
0 90 34 41 46 44 3 1543
1 138 57 79 58 75 1 1544
0 81 64 93 66 94 3 1545
1 40 6 64 5 73 5 1546
1 1 52 20 55 20 1 1547
1 18 90 37 91 34 1 1548
1 53 77 6 81 6 1 1549
1 92 52 76 49 79 1 1550
0 79 59 17 51 19 3 1551
1 120 52 46 57 40 1 1552
0 32 41 11 40 14 3 1553
1 76 6 39 6 44 6 1554
0 96 32 57 39 54 3 1555
0 18 87 4 84 4 3 1556
1 75 58 28 57 35 1 1557
0 67 54 80 55 78 3 1558
1 80 44 77 47 75 1 1559
0 36 66 42 63 53 3 1560
1 52 38 40 37 42 5 1561
0 79 65 45 65 49 3 1562
1 6 70 73 67 76 1 1563
0 38 52 44 56 38 6 1564
1 0 68 37 60 62 1 1565
0 132 63 44 60 40 3 1566
1 76 70 70 74 66 1 1567
0 102 44 53 45 51 3 1568
1 82 62 45 64 41 1 1569
1 109 59 54 54 60 1 1570
1 50 46 24 48 23 1 1571
0 136 6 40 6 51 4 1572
0 62 69 45 67 48 3 1573
1 136 6 49 6 53 4 1574
1 25 60 33 59 37 1 1575
0 115 47 50 44 53 3 1576
1 64 39 12 36 13 1 1577
0 119 72 35 69 45 3 1578
0 124 57 19 58 17 3 1579
0 0 69 72 71 65 3 1580
0 40 68 36 68 33 3 1581
1 89 74 67 69 73 5 1582
1 79 53 19 58 18 1 1583
1 92 56 72 57 75 1 1584
1 44 63 44 55 51 1 1585
1 105 46 2 53 2 1 1586
0 74 6 33 5 16 3 1587
0 39 56 49 51 54 3 1588
0 87 56 42 53 49 3 1589
1 123 28 58 31 58 1 1590
1 9 85 4 87 3 1 1591
0 75 60 24 60 27 3 1592
0 108 92 29 91 31 3 1593
0 93 6 36 5 46 3 1594
1 48 51 43 48 44 2 1595
0 127 64 34 54 41 3 1596
1 55 33 47 32 49 2 1597
1 38 70 34 69 36 2 1598
1 81 69 39 57 31 1 1599
0 115 59 72 57 73 3 1600
1 76 63 43 62 41 5 1601
1 102 38 58 37 60 1 1602
0 90 55 42 58 29 3 1603
1 117 57 39 56 43 6 1604
1 111 53 75 57 75 1 1605
1 11 58 41 59 34 2 1606
0 57 48 3 46 4 3 1607
1 37 61 35 63 37 1 1608
1 83 27 34 28 32 1 1609
1 23 49 32 57 26 2 1610
1 92 53 42 27 25 2 1611
1 115 56 72 55 74 1 1612
0 38 49 39 58 31 3 1613
1 81 55 22 51 26 3 1614
0 31 57 1 52 2 3 1615
1 50 51 31 53 20 6 1616
1 16 40 12 30 12 2 1617
0 21 52 24 54 25 3 1618
1 43 53 64 62 50 5 1619
1 83 98 16 98 19 1 1620
0 143 57 45 51 62 6 1621
0 98 45 49 46 44 3 1622
0 12 61 51 60 49 3 1623
0 10 36 13 38 14 3 1624
1 85 62 47 69 33 1 1625
0 96 56 48 53 55 3 1626
0 89 72 35 70 41 3 1627
1 39 98 21 98 18 1 1628
1 126 6 54 6 45 1 1629
1 66 73 34 62 30 1 1630
0 126 52 56 48 55 3 1631
1 39 47 58 47 61 2 1632
1 76 60 32 69 38 1 1633
1 92 55 47 53 44 3 1634
1 13 70 36 69 41 1 1635
1 79 60 18 56 19 2 1636
0 8 56 29 48 37 3 1637
0 7 6 50 5 71 3 1638
0 1 50 43 51 41 3 1639
0 83 38 49 35 53 3 1640
1 14 51 43 55 43 1 1641
0 51 57 80 54 80 3 1642
0 80 26 49 32 39 6 1643
0 35 42 27 47 23 3 1644
1 100 51 80 58 80 1 1645
0 64 63 21 60 27 3 1646
0 143 31 47 35 40 3 1647
0 127 48 43 54 44 3 1648
0 142 90 50 92 32 3 1649
0 97 45 52 47 49 3 1650
1 53 60 39 60 42 1 1651
0 19 53 41 52 47 3 1652
1 24 50 45 53 46 6 1653
1 88 49 19 46 21 1 1654
0 97 57 1 61 1 3 1655
0 16 37 14 42 11 3 1656
1 25 32 57 43 18 3 1657
1 122 53 81 57 80 1 1658
1 103 60 30 55 31 1 1659
0 79 46 53 22 18 3 1660
0 35 5 69 5 66 3 1661
0 97 52 26 49 28 3 1662
0 140 50 46 63 43 3 1663
0 106 55 45 48 46 3 1664
0 128 61 43 59 55 3 1665
1 116 54 27 52 29 1 1666
0 49 56 77 55 79 3 1667
0 28 63 29 44 40 6 1668
0 24 31 48 34 44 3 1669
1 93 69 40 71 39 2 1670
1 87 50 48 56 45 1 1671
1 36 30 52 34 41 1 1672
0 52 60 41 58 39 3 1673
0 26 44 45 47 43 3 1674
1 108 92 34 92 31 2 1675
0 96 26 40 33 35 3 1676
0 88 53 33 52 44 3 1677
1 117 57 49 50 58 5 1678
1 27 58 17 49 17 1 1679
1 38 59 25 60 27 1 1680
1 63 86 4 84 6 1 1681
1 36 30 46 32 48 6 1682
1 101 70 37 56 38 1 1683
0 112 52 24 50 27 3 1684
1 109 59 45 57 49 2 1685
1 143 38 41 38 48 1 1686
1 96 33 47 33 43 1 1687
1 87 61 40 56 52 1 1688
0 68 45 63 42 75 3 1689
0 13 70 39 64 46 3 1690
1 134 75 6 80 6 5 1691
1 10 31 38 40 43 1 1692
0 92 46 4 42 4 3 1693
0 56 53 53 52 55 3 1694
0 109 47 40 52 42 3 1695
0 116 5 67 3 64 3 1696
0 44 65 30 53 42 3 1697
1 30 18 44 31 42 1 1698
0 68 67 43 68 35 3 1699
0 118 60 53 61 42 3 1700
0 126 6 43 6 50 3 1701
1 117 53 43 59 38 2 1702
0 66 6 50 3 27 3 1703
1 0 58 38 49 55 1 1704
0 134 30 52 33 46 3 1705
1 12 30 63 16 78 1 1706
1 29 46 68 53 49 1 1707
0 24 55 36 50 36 3 1708
0 130 51 49 50 46 3 1709
0 135 62 25 56 21 3 1710
1 122 92 21 89 36 2 1711
0 60 80 6 69 6 3 1712
1 50 48 39 48 48 1 1713
0 102 58 17 56 18 3 1714
0 3 48 58 49 50 3 1715
0 52 63 44 43 19 4 1716
1 18 5 67 3 80 2 1717
0 141 54 45 56 43 4 1718
1 88 60 31 58 36 1 1719
0 16 57 18 52 19 3 1720
1 74 46 4 51 2 1 1721
0 0 60 71 60 74 3 1722
1 36 51 45 49 54 2 1723
0 109 58 77 14 61 3 1724
1 38 60 30 58 31 1 1725
1 105 71 35 69 24 1 1726
0 112 41 11 40 13 3 1727
0 105 57 17 53 22 3 1728
0 109 46 2 49 2 3 1729
0 92 70 43 74 30 5 1730
0 131 62 18 59 18 3 1731
0 13 56 80 50 81 3 1732
0 41 60 39 31 15 3 1733
1 37 29 47 27 50 2 1734
0 68 92 26 90 37 3 1735
0 13 53 49 53 43 3 1736
1 117 57 57 47 40 1 1737
0 32 42 31 37 47 3 1738
1 93 32 57 46 60 5 1739
1 31 70 43 65 40 2 1740
1 71 52 41 57 39 1 1741
0 24 38 28 39 38 3 1742
1 24 43 24 46 26 3 1743
0 134 63 76 69 70 6 1744
1 131 39 37 37 40 1 1745
1 74 52 19 47 20 1 1746
1 106 70 72 64 75 1 1747
0 120 53 34 54 32 6 1748
0 107 54 40 52 47 3 1749
1 113 63 32 32 15 2 1750
1 12 41 3 38 3 1 1751
0 81 47 70 48 67 3 1752
1 71 53 19 53 24 2 1753
1 49 61 40 52 53 2 1754
0 132 68 39 72 39 3 1755
1 46 56 52 54 55 1 1756
1 127 46 4 48 3 1 1757
1 50 57 39 57 35 1 1758
0 2 47 80 41 80 6 1759
1 123 83 3 86 3 2 1760
1 115 56 72 52 76 5 1761
0 17 47 2 50 1 3 1762
1 108 31 44 24 53 1 1763
1 79 32 41 31 55 5 1764
0 10 41 36 42 33 3 1765
1 52 56 40 57 43 1 1766
0 71 48 35 57 36 3 1767
0 111 52 42 54 47 5 1768
1 9 50 38 60 38 1 1769
1 81 71 30 59 26 2 1770
0 115 98 24 98 30 3 1771
1 39 48 21 44 22 1 1772
1 128 33 44 29 35 2 1773
0 5 46 47 47 50 3 1774
0 72 92 24 91 30 3 1775
1 66 41 41 40 37 1 1776
1 105 68 40 71 30 1 1777
1 48 43 61 52 56 2 1778
0 66 56 23 46 32 5 1779
0 60 66 79 64 80 3 1780
1 60 51 59 50 53 1 1781
0 40 26 16 29 16 3 1782
0 54 56 40 61 41 3 1783
1 119 63 45 62 48 1 1784
1 0 68 38 63 45 5 1785
0 96 49 40 49 52 3 1786
1 10 66 94 63 96 2 1787
0 63 53 40 44 51 3 1788
0 5 49 20 41 24 3 1789
0 72 53 50 51 53 4 1790
0 100 69 74 72 72 3 1791
1 96 45 60 50 60 1 1792
0 56 32 45 27 51 3 1793
0 30 54 25 52 30 3 1794
0 127 68 41 71 31 3 1795
0 141 50 61 51 58 3 1796
1 47 46 31 55 24 1 1797
1 113 53 38 51 11 5 1798
1 73 61 38 65 27 1 1799
0 0 47 75 12 60 3 1800
1 11 48 57 48 60 4 1801
1 74 59 49 55 52 5 1802
0 0 54 44 60 37 3 1803
1 41 87 3 83 4 5 1804
0 77 59 31 61 27 3 1805
1 23 43 12 45 11 1 1806
0 31 66 40 67 37 3 1807
0 66 56 76 54 79 3 1808
1 17 41 4 28 4 1 1809
1 37 6 37 6 42 1 1810
1 48 3 96 1 97 1 1811
1 31 68 36 68 43 1 1812
1 79 30 53 28 56 1 1813
0 16 6 45 7 40 3 1814
1 102 6 28 5 35 1 1815
1 46 50 20 35 20 1 1816
0 87 50 53 49 67 3 1817
0 48 52 36 54 39 3 1818
1 38 43 35 22 49 1 1819
0 108 62 35 59 41 3 1820
0 130 5 39 6 34 3 1821
1 16 60 41 52 42 5 1822
0 44 52 46 49 51 3 1823
1 9 48 35 54 38 5 1824
0 0 52 59 46 59 3 1825
0 77 49 59 52 55 3 1826
1 16 6 54 5 61 4 1827
1 8 70 36 69 43 1 1828
0 138 43 4 40 4 5 1829
1 76 52 39 57 28 2 1830
1 76 5 53 2 57 5 1831
0 64 41 11 36 13 3 1832
0 9 56 80 47 80 3 1833
0 96 65 43 64 45 3 1834
1 3 50 44 57 35 1 1835
0 143 43 57 45 61 3 1836
0 24 58 80 51 80 3 1837
1 92 61 73 54 74 1 1838
0 26 49 48 59 41 3 1839
0 39 70 37 67 41 6 1840
0 113 92 26 91 34 3 1841
0 86 69 38 71 39 3 1842
0 95 32 45 30 48 3 1843
0 68 56 29 56 34 5 1844
1 116 50 2 48 1 1 1845
0 62 5 61 6 69 3 1846
1 130 56 49 63 48 1 1847
1 88 49 18 45 20 1 1848
1 7 42 12 45 11 1 1849
1 105 65 15 68 12 2 1850
0 48 53 50 44 45 3 1851
1 111 53 47 54 49 1 1852
0 127 69 73 73 66 6 1853
0 105 69 38 65 44 3 1854
1 104 56 35 49 36 1 1855
1 86 57 76 63 69 1 1856
1 26 46 62 51 45 1 1857
0 0 56 43 58 38 3 1858
0 48 32 44 35 39 3 1859
0 108 60 47 55 53 3 1860
0 83 53 32 56 28 3 1861
0 19 47 34 45 33 3 1862
1 93 53 43 58 37 2 1863
1 62 63 44 68 32 1 1864
0 68 53 34 55 26 3 1865
0 143 98 15 98 31 3 1866
0 142 52 19 58 18 3 1867
1 119 62 30 60 34 1 1868
1 40 44 18 57 18 3 1869
0 94 47 37 54 42 3 1870
0 79 27 58 30 53 3 1871
1 54 67 92 65 95 1 1872
0 37 79 7 80 5 3 1873
1 54 58 29 40 22 1 1874
0 134 68 36 66 35 3 1875
1 37 54 19 19 19 1 1876
0 50 64 39 65 37 3 1877
1 64 60 38 67 38 1 1878
0 72 54 40 59 34 3 1879
1 117 57 37 53 53 1 1880
0 57 52 49 39 48 3 1881
1 76 61 50 59 49 2 1882
0 6 31 49 32 57 3 1883
1 123 53 45 53 42 1 1884
0 139 54 43 51 47 3 1885
1 127 67 35 62 52 1 1886
1 90 5 70 6 68 1 1887
1 10 56 38 60 42 5 1888
1 143 98 22 98 26 3 1889
1 27 65 16 62 14 3 1890
0 65 47 20 48 18 3 1891
1 23 91 30 90 35 2 1892
0 83 85 3 83 4 3 1893
0 116 41 12 38 14 3 1894
0 39 58 24 57 20 3 1895
0 68 67 35 69 37 3 1896
0 53 55 27 57 26 3 1897
1 57 41 32 47 28 1 1898
1 63 91 38 90 51 2 1899
0 102 58 55 58 47 3 1900
1 101 67 43 67 46 1 1901
0 109 6 41 3 42 4 1902
1 21 64 31 66 29 2 1903
0 28 52 46 44 47 6 1904
1 58 55 34 53 39 1 1905
0 81 43 11 41 10 3 1906
0 114 67 38 69 40 3 1907
1 45 44 2 48 3 2 1908
1 130 56 59 59 49 5 1909
1 76 58 48 60 45 3 1910
0 100 3 96 1 95 3 1911
0 33 56 22 51 20 3 1912
0 76 53 46 27 25 3 1913
0 111 63 44 59 53 3 1914
0 0 6 69 5 72 3 1915
1 40 63 45 68 40 1 1916
0 20 57 38 64 47 3 1917
0 134 71 70 70 72 5 1918
1 51 60 24 61 26 2 1919
0 100 91 33 91 29 3 1920
1 79 39 41 40 35 1 1921
1 0 68 69 65 74 3 1922
1 74 56 46 55 63 3 1923
1 0 6 56 6 49 2 1924
1 21 63 33 59 33 1 1925
0 121 91 37 90 28 3 1926
1 65 67 35 68 40 1 1927
0 24 53 46 50 56 3 1928
0 7 32 49 32 45 3 1929
0 14 55 31 60 31 3 1930
1 42 53 46 45 37 3 1931
0 143 38 13 40 12 3 1932
0 38 46 51 42 56 4 1933
0 140 61 32 64 35 3 1934
0 72 56 40 54 41 3 1935
0 49 59 30 50 36 3 1936
0 94 40 35 41 32 3 1937
0 19 68 34 48 33 3 1938
0 93 56 1 47 1 3 1939
0 60 58 55 59 53 3 1940
0 93 58 1 56 2 3 1941
1 74 6 28 6 40 5 1942
1 52 44 31 40 37 1 1943
0 21 65 36 64 45 3 1944
1 53 58 1 60 2 1 1945
1 84 44 4 41 4 1 1946
1 63 48 2 45 2 1 1947
1 133 30 14 58 7 1 1948
0 139 54 40 52 46 3 1949
0 51 49 54 57 40 3 1950
1 143 54 44 55 41 3 1951
0 53 50 38 53 43 3 1952
1 89 66 93 66 89 4 1953
0 52 41 36 38 39 3 1954
0 13 51 27 46 30 3 1955
0 136 45 4 36 4 3 1956
1 52 69 35 70 42 1 1957
1 40 55 73 57 75 1 1958
0 65 31 50 33 46 3 1959
1 86 60 34 31 15 5 1960
1 76 88 93 86 94 3 1961
0 58 52 49 42 42 3 1962
0 87 58 39 58 26 3 1963
1 9 55 44 55 40 5 1964
0 31 58 25 54 32 3 1965
1 97 48 29 46 31 1 1966
0 113 56 29 57 25 3 1967
0 75 41 13 36 14 4 1968
0 25 26 58 23 61 3 1969
0 50 50 31 52 28 3 1970
1 77 63 34 61 37 1 1971
1 93 63 22 56 15 1 1972
1 112 55 26 45 34 5 1973
1 139 44 72 39 90 1 1974
1 141 50 53 54 46 5 1975
1 5 6 54 6 48 4 1976
1 140 32 49 32 45 1 1977
1 92 68 47 72 42 1 1978
0 9 52 57 50 51 5 1979
0 126 47 34 52 32 3 1980
1 5 51 19 47 20 2 1981
0 112 91 30 91 27 3 1982
0 111 58 30 53 28 3 1983
1 94 6 63 5 66 1 1984
0 68 66 38 68 43 3 1985
0 33 92 30 92 33 3 1986
0 15 25 0 60 1 3 1987
1 133 49 66 52 50 1 1988
0 86 55 73 52 76 3 1989
1 16 68 38 69 28 1 1990
0 18 58 50 61 45 6 1991
0 88 60 49 59 58 3 1992
0 112 54 25 50 27 3 1993
1 54 67 93 65 92 1 1994
1 53 52 19 57 18 1 1995
1 130 62 42 62 45 1 1996
1 111 57 80 54 80 3 1997
1 81 62 1 55 2 1 1998
1 39 48 37 49 39 3 1999
