1 11 51 77 54 75 2 0
1 96 48 49 51 49 2 1
1 55 5 37 5 33 1 2
0 23 41 4 46 3 3 3
0 48 91 34 89 30 3 4
0 27 6 35 6 29 6 5
0 31 52 2 11 1 3 6
0 53 65 16 58 19 5 7
1 24 53 43 43 41 5 8
1 38 57 46 44 44 1 9
1 103 5 38 7 20 1 10
0 128 49 45 57 39 3 11
1 48 36 13 36 8 1 12
1 102 23 15 19 17 1 13
1 108 92 31 91 35 1 14
0 143 50 18 46 20 3 15
0 101 45 76 47 50 3 16
1 130 46 20 38 17 1 17
1 135 48 54 48 50 5 18
1 5 92 35 91 30 2 19
1 75 46 3 37 4 1 20
0 139 90 43 88 51 3 21
1 79 87 93 80 96 1 22
1 133 91 30 91 35 2 23
0 98 65 48 69 40 3 24
1 38 45 4 38 5 1 25
0 74 59 73 55 75 3 26
0 51 91 41 91 44 3 27
1 129 51 30 54 25 1 28
0 4 55 22 52 26 3 29
0 43 98 22 98 13 5 30
1 93 69 35 59 40 4 31
1 137 39 56 43 59 1 32
1 19 66 93 57 92 4 33
0 77 54 46 38 52 3 34
0 112 33 42 32 24 3 35
0 39 66 23 59 28 3 36
1 129 98 23 98 16 1 37
1 80 41 12 39 9 1 38
1 14 54 40 32 42 2 39
1 143 55 46 55 57 1 40
0 108 6 53 5 75 3 41
0 80 46 3 44 2 3 42
1 130 54 40 52 47 3 43
1 49 78 6 82 4 1 44
1 113 40 12 44 11 1 45
0 30 53 58 43 65 3 46
1 10 6 44 6 50 2 47
0 96 22 19 47 31 3 48
1 83 46 3 49 2 1 49
0 64 5 22 5 40 3 50
0 141 65 36 60 51 3 51
1 37 46 3 41 3 1 52
1 6 51 53 53 59 1 53
0 125 50 48 53 47 3 54
1 99 59 40 55 40 1 55
0 107 27 37 35 35 3 56
0 91 63 54 62 52 3 57
1 1 89 93 87 94 1 58
1 132 54 75 63 69 3 59
1 32 69 40 67 41 1 60
0 57 56 77 59 73 3 61
1 121 91 31 91 26 3 62
1 123 59 45 62 46 1 63
0 108 69 38 66 37 3 64
0 128 27 50 32 42 3 65
1 76 61 40 60 44 6 66
1 95 33 47 31 49 2 67
1 12 70 72 72 73 4 68
1 48 27 25 49 46 5 69
0 112 39 12 36 15 6 70
0 12 53 75 72 70 3 71
0 73 49 18 46 20 3 72
1 88 53 39 55 37 1 73
0 89 64 92 66 91 3 74
1 26 28 25 56 37 1 75
1 133 58 2 62 2 3 76
0 44 51 49 54 51 3 77
0 1 54 21 50 21 3 78
1 74 6 30 5 44 1 79
1 67 53 81 48 81 1 80
0 69 51 78 54 75 3 81
0 86 98 23 98 18 3 82
1 75 62 34 49 41 5 83
0 13 56 80 54 81 3 84
0 79 49 21 48 19 3 85
0 70 35 40 30 43 3 86
0 72 55 42 57 47 3 87
1 104 56 62 61 47 1 88
1 138 56 31 54 32 2 89
0 143 28 48 29 46 5 90
1 63 47 3 45 4 1 91
1 128 27 49 30 51 1 92
1 53 92 23 92 29 1 93
1 112 49 38 46 52 1 94
1 38 53 36 49 31 1 95
0 101 45 20 50 19 3 96
1 42 59 80 56 80 1 97
0 141 28 48 34 42 3 98
0 1 55 80 58 80 3 99
0 78 67 40 70 40 3 100
0 97 54 46 56 42 3 101
0 87 42 30 42 34 3 102
1 75 52 50 52 46 1 103
0 130 58 2 53 2 3 104
1 73 88 4 95 0 1 105
1 64 54 34 45 27 1 106
1 10 70 73 68 74 1 107
0 60 75 6 70 6 3 108
0 93 56 44 12 23 3 109
1 58 43 35 40 43 2 110
1 69 53 24 54 26 2 111
0 46 61 31 54 44 3 112
1 5 56 53 52 61 2 113
1 87 38 29 43 21 4 114
1 11 53 42 46 63 2 115
0 40 57 80 53 80 3 116
0 40 48 3 46 4 3 117
1 100 98 19 98 22 3 118
0 100 50 19 46 30 3 119
0 43 62 49 62 46 3 120
0 104 59 42 56 46 3 121
0 129 59 44 57 46 3 122
0 68 70 38 65 43 3 123
1 132 65 27 61 40 1 124
0 76 55 60 58 49 3 125
0 52 98 21 98 16 3 126
1 30 55 49 57 45 1 127
0 37 98 11 98 15 3 128
0 127 5 45 5 54 3 129
1 112 37 13 39 12 1 130
0 46 57 45 56 53 3 131
1 113 56 42 58 36 2 132
0 76 59 38 55 40 3 133
0 78 61 34 58 45 3 134
0 21 6 30 6 25 3 135
0 23 55 30 58 27 3 136
1 94 63 33 60 42 1 137
0 93 70 74 65 77 3 138
0 132 60 41 65 41 3 139
1 59 49 2 43 2 1 140
0 8 60 29 55 28 3 141
1 96 6 56 6 59 1 142
0 48 69 40 70 34 3 143
0 48 91 32 91 29 6 144
1 126 46 3 39 3 1 145
0 61 37 13 39 12 3 146
0 108 54 2 33 2 3 147
0 115 61 45 51 64 3 148
0 43 42 45 39 44 6 149
1 116 49 39 43 59 1 150
1 95 41 12 18 15 2 151
1 47 41 19 35 19 1 152
0 117 45 41 41 42 3 153
0 65 30 62 30 59 3 154
0 83 70 6 80 2 3 155
1 75 59 44 65 43 6 156
1 130 55 67 45 73 5 157
0 14 98 17 98 20 3 158
0 68 67 48 50 36 3 159
1 13 45 64 22 20 1 160
1 100 54 49 45 64 1 161
0 40 61 41 66 43 3 162
1 35 67 43 62 43 1 163
0 28 60 29 63 31 3 164
0 57 63 57 56 54 4 165
1 121 67 41 67 37 1 166
0 33 60 46 55 54 4 167
1 85 67 33 68 39 1 168
0 97 62 38 56 41 3 169
1 121 6 32 5 38 1 170
1 22 31 55 31 51 2 171
1 76 67 74 68 72 1 172
0 128 29 47 31 43 3 173
1 64 62 47 61 49 1 174
0 75 51 19 48 19 3 175
0 51 51 59 52 30 3 176
0 52 52 45 48 49 5 177
0 32 31 45 28 48 3 178
0 21 70 33 70 36 3 179
0 35 77 6 81 6 3 180
0 118 61 31 53 28 3 181
0 93 60 43 54 52 3 182
1 38 60 24 58 33 6 183
0 16 32 48 35 41 3 184
1 3 47 2 43 3 5 185
1 124 52 19 56 18 4 186
1 28 53 41 51 57 1 187
0 88 53 45 58 37 3 188
0 14 44 52 45 57 3 189
0 44 64 35 60 18 3 190
1 57 50 34 61 35 1 191
0 102 58 70 52 78 3 192
0 67 49 21 47 22 3 193
0 34 60 35 51 57 3 194
0 20 41 4 45 4 3 195
0 59 49 36 60 30 3 196
1 13 69 28 69 43 2 197
1 38 4 38 5 45 2 198
1 72 65 94 60 94 1 199
0 9 54 50 56 43 3 200
0 82 68 36 55 24 3 201
1 131 59 30 57 26 1 202
1 28 98 21 98 15 1 203
0 2 6 63 6 67 3 204
1 81 57 42 53 45 2 205
0 36 46 46 46 52 3 206
0 104 41 58 46 54 3 207
1 56 52 55 54 58 1 208
1 24 45 2 49 2 1 209
1 107 41 35 39 38 6 210
1 82 43 52 51 47 1 211
0 106 6 49 6 53 3 212
0 19 46 20 41 19 3 213
1 108 59 34 63 32 2 214
0 44 77 6 69 6 3 215
0 117 51 45 44 35 3 216
1 116 80 6 76 4 5 217
1 96 41 11 37 11 4 218
0 78 54 52 56 46 6 219
1 63 91 37 92 34 5 220
1 120 65 39 44 18 6 221
0 16 26 45 26 42 3 222
1 135 6 36 6 33 4 223
1 31 57 36 50 46 1 224
1 126 11 60 56 74 2 225
0 6 63 47 50 46 3 226
1 89 51 20 55 20 1 227
0 30 66 51 64 47 3 228
1 31 69 36 63 46 1 229
1 72 67 93 65 94 1 230
0 32 53 59 54 55 3 231
0 139 52 2 49 2 3 232
0 92 55 75 58 75 6 233
0 92 61 33 43 31 3 234
1 96 30 45 34 43 1 235
1 10 65 38 62 40 5 236
1 135 40 43 37 40 1 237
1 54 5 66 6 64 3 238
1 45 41 3 48 2 6 239
1 14 25 18 17 18 1 240
1 59 54 50 51 48 1 241
1 79 32 46 31 52 5 242
0 101 54 44 56 38 3 243
1 57 7 46 5 59 1 244
0 16 29 54 32 48 3 245
0 127 65 52 60 51 3 246
0 34 55 46 53 47 3 247
1 143 67 92 59 90 2 248
1 79 62 19 57 20 1 249
0 66 40 37 38 35 3 250
1 100 66 29 60 34 1 251
1 60 55 55 57 54 1 252
1 86 98 18 98 13 3 253
0 39 72 39 71 36 3 254
1 139 42 4 45 4 1 255
0 136 54 27 48 18 3 256
1 100 98 10 98 17 2 257
1 79 36 30 37 28 1 258
1 66 46 38 50 33 1 259
1 101 44 65 42 71 1 260
1 81 43 58 46 59 2 261
1 99 33 50 31 46 2 262
1 52 69 34 68 42 1 263
1 121 56 62 55 55 1 264
1 107 40 20 38 38 1 265
1 57 6 29 5 31 1 266
1 0 48 46 47 52 6 267
1 12 58 28 61 27 1 268
0 75 62 95 64 96 3 269
1 108 90 38 91 34 1 270
1 7 69 45 70 32 1 271
1 99 42 74 54 76 1 272
1 37 39 14 36 13 1 273
1 0 62 29 63 37 1 274
1 13 40 12 35 13 2 275
0 102 58 37 59 34 3 276
0 42 31 51 31 48 3 277
0 17 55 2 61 1 3 278
1 141 59 24 60 22 1 279
1 143 6 48 5 56 2 280
0 12 62 22 61 19 3 281
1 122 5 68 6 65 3 282
0 60 55 67 62 42 3 283
1 66 54 25 54 29 1 284
0 13 59 37 57 43 3 285
1 106 59 16 51 20 2 286
0 79 59 14 62 14 3 287
1 38 68 77 67 75 1 288
1 79 68 42 64 34 5 289
0 68 52 61 53 56 3 290
1 91 57 47 48 58 2 291
1 23 54 39 51 36 5 292
1 46 83 5 69 6 1 293
0 132 62 30 60 33 3 294
0 74 49 49 26 25 3 295
0 19 49 32 52 24 3 296
1 133 46 2 52 1 1 297
0 58 31 53 30 55 3 298
1 83 60 38 30 14 1 299
1 118 60 32 64 29 1 300
0 130 5 45 6 43 3 301
1 105 43 41 43 38 1 302
0 134 60 31 54 37 3 303
0 39 49 59 49 63 3 304
1 41 51 60 52 50 2 305
1 103 53 19 50 19 3 306
0 120 61 38 32 15 3 307
1 130 53 27 58 17 1 308
0 22 67 33 69 20 3 309
1 74 56 63 57 57 1 310
0 118 60 17 56 18 3 311
1 89 50 52 51 54 1 312
0 83 6 35 6 28 3 313
0 117 54 49 51 38 3 314
0 74 49 2 44 2 3 315
0 41 49 34 50 32 3 316
1 76 60 1 45 1 1 317
0 53 50 35 58 26 3 318
1 51 59 74 57 73 1 319
0 3 54 80 56 78 3 320
1 115 45 48 38 52 1 321
1 130 6 32 5 43 1 322
0 42 69 46 65 35 3 323
1 99 87 4 82 4 2 324
1 43 42 70 41 72 2 325
1 80 59 34 54 43 1 326
1 18 90 43 92 26 1 327
0 9 38 14 43 12 3 328
1 131 6 52 6 62 1 329
1 127 91 30 90 19 1 330
1 102 60 26 53 45 3 331
0 13 56 45 48 61 3 332
1 75 55 42 52 48 3 333
0 51 31 10 32 14 3 334
1 30 6 53 6 61 1 335
0 26 55 19 24 19 3 336
0 0 56 34 73 36 3 337
0 31 55 47 57 40 3 338
1 76 58 49 61 50 1 339
1 34 53 80 57 80 1 340
1 9 49 24 55 12 1 341
1 90 45 53 31 55 1 342
1 54 5 75 4 68 1 343
0 58 58 46 52 43 4 344
0 143 48 19 55 14 3 345
0 42 55 32 55 27 3 346
0 128 55 80 59 80 3 347
1 28 52 58 51 61 2 348
1 3 61 44 62 42 1 349
1 7 6 47 5 56 2 350
0 115 52 52 51 42 6 351
0 118 55 28 48 29 3 352
0 39 45 37 41 31 3 353
1 103 61 22 60 15 5 354
0 106 6 28 6 34 3 355
1 28 32 78 61 72 5 356
1 64 45 74 48 80 1 357
1 124 67 37 59 44 1 358
1 27 47 19 51 20 5 359
0 10 41 34 40 36 3 360
0 126 55 40 52 42 3 361
1 88 55 67 52 62 1 362
0 99 72 35 64 45 3 363
1 118 60 17 52 19 1 364
1 111 53 43 27 39 1 365
1 53 53 48 55 44 2 366
0 89 33 49 31 56 3 367
0 48 43 11 36 13 3 368
1 34 37 4 42 3 4 369
1 66 41 12 37 13 3 370
0 26 51 20 62 18 3 371
1 50 56 23 49 28 1 372
1 1 60 18 64 17 2 373
0 70 67 24 67 35 3 374
0 16 63 38 61 39 3 375
1 13 55 49 51 35 1 376
1 120 60 42 55 52 1 377
1 17 58 42 61 38 1 378
1 37 49 49 52 53 1 379
1 112 42 3 46 2 2 380
0 128 31 42 30 46 3 381
0 113 53 80 55 75 3 382
1 42 88 94 91 93 3 383
0 74 60 42 50 42 3 384
0 104 66 44 59 59 3 385
1 80 45 4 40 5 3 386
1 82 49 50 54 44 2 387
1 111 44 45 50 49 5 388
0 88 48 20 45 20 5 389
1 23 48 24 57 28 1 390
0 138 58 30 56 28 3 391
0 120 6 66 5 71 3 392
0 93 6 69 5 71 3 393
1 122 6 62 6 67 5 394
1 10 52 1 46 2 1 395
0 6 31 52 33 46 3 396
1 60 50 17 55 15 1 397
0 79 40 38 36 36 3 398
1 22 58 21 59 29 1 399
0 21 52 47 48 55 3 400
0 103 55 64 60 71 6 401
1 116 60 44 61 41 3 402
0 41 54 49 54 43 5 403
1 111 52 49 55 48 5 404
1 120 42 3 46 2 1 405
1 7 45 4 39 4 1 406
0 95 63 69 58 70 3 407
1 47 60 41 55 38 1 408
0 123 46 3 42 4 3 409
0 25 60 22 57 28 5 410
1 51 56 76 54 79 3 411
1 44 69 37 65 45 6 412
1 100 66 35 64 41 2 413
0 105 58 40 54 45 3 414
1 132 55 29 50 48 4 415
0 62 61 1 54 2 3 416
0 1 59 17 57 19 3 417
1 2 52 80 58 80 5 418
0 78 6 29 6 41 3 419
0 26 63 33 63 30 3 420
0 58 49 21 52 22 3 421
0 111 52 53 54 69 3 422
0 60 83 4 81 6 5 423
0 116 68 34 63 36 3 424
0 43 58 37 59 39 3 425
0 127 45 52 22 19 3 426
1 141 50 50 53 54 6 427
1 25 60 47 47 35 1 428
1 47 40 14 43 12 1 429
0 64 34 42 31 44 3 430
0 26 63 45 56 21 3 431
1 35 30 50 33 48 1 432
1 125 6 41 6 51 1 433
1 74 6 38 6 31 1 434
1 10 47 2 42 2 1 435
0 128 6 33 5 39 3 436
1 94 50 41 54 41 1 437
1 136 81 6 76 9 1 438
0 23 92 28 92 32 3 439
0 26 53 48 53 51 3 440
0 2 65 30 58 37 3 441
1 113 60 1 65 1 1 442
1 7 57 37 89 24 5 443
1 0 6 35 6 38 6 444
1 1 98 15 98 18 1 445
0 126 7 44 6 48 3 446
0 95 65 74 69 69 3 447
1 112 50 32 40 43 1 448
0 51 55 36 60 19 3 449
0 68 34 95 40 85 3 450
0 43 69 38 68 42 3 451
0 19 46 49 32 56 3 452
1 24 45 19 59 20 3 453
1 23 49 26 49 35 1 454
1 55 31 42 49 51 1 455
0 137 46 50 47 48 3 456
0 105 54 2 60 1 3 457
1 112 68 35 58 27 1 458
1 107 47 52 42 57 1 459
0 112 68 39 68 42 3 460
0 0 68 41 63 22 3 461
1 16 40 12 43 12 2 462
0 132 53 48 40 47 3 463
1 78 92 25 91 33 1 464
0 16 53 2 43 1 3 465
1 14 53 45 50 48 6 466
1 84 45 4 41 4 1 467
0 0 46 4 40 4 5 468
1 52 63 33 59 34 1 469
1 64 47 49 45 62 1 470
1 46 67 41 59 40 1 471
1 55 31 47 35 25 3 472
0 104 29 42 26 68 3 473
0 19 69 75 65 64 3 474
0 94 31 51 33 50 3 475
0 139 6 36 6 32 3 476
1 5 50 77 58 75 1 477
1 123 55 58 58 49 1 478
1 122 61 1 64 1 2 479
1 23 35 13 39 14 4 480
0 113 58 41 58 44 3 481
0 5 46 3 28 4 3 482
0 7 31 56 29 63 3 483
1 139 6 30 6 34 5 484
1 109 6 29 6 41 2 485
1 70 46 49 32 56 2 486
1 35 58 32 57 28 1 487
1 62 53 49 26 25 1 488
1 114 57 37 56 40 2 489
0 116 53 59 50 61 3 490
0 126 51 51 43 77 5 491
0 86 71 37 64 43 3 492
1 82 59 26 61 29 3 493
0 10 63 17 52 19 3 494
0 53 55 31 50 43 3 495
0 5 91 33 91 27 3 496
0 38 61 27 53 30 3 497
1 84 55 41 60 35 2 498
1 38 32 51 26 75 1 499
1 80 31 46 37 27 1 500
0 10 6 60 5 69 3 501
0 33 51 19 47 20 3 502
1 1 55 46 50 49 2 503
0 39 6 32 6 41 3 504
0 36 59 44 54 54 3 505
1 133 55 52 53 57 5 506
1 129 98 24 98 18 2 507
1 38 42 39 40 43 5 508
0 122 55 2 61 1 3 509
1 64 39 14 36 14 2 510
0 41 45 70 58 72 3 511
1 126 57 37 54 42 5 512
1 52 37 41 39 38 1 513
0 133 42 29 51 14 3 514
0 0 63 38 61 46 3 515
1 25 54 68 62 42 1 516
0 105 42 12 39 13 3 517
1 72 41 41 39 38 3 518
1 128 28 47 30 46 6 519
0 112 53 47 56 42 5 520
0 113 57 33 59 25 3 521
0 109 53 34 56 26 4 522
1 104 45 48 44 44 1 523
0 13 67 34 70 37 3 524
0 49 64 40 60 44 3 525
1 135 55 80 51 81 1 526
0 53 52 47 48 53 3 527
0 104 91 28 91 33 3 528
1 134 68 48 61 61 4 529
1 106 68 35 55 68 1 530
0 128 44 21 45 23 3 531
1 37 54 25 57 23 1 532
1 104 88 92 80 93 1 533
0 55 55 44 41 36 3 534
0 16 28 48 30 45 5 535
0 106 31 42 30 46 4 536
0 33 92 33 90 36 3 537
1 84 45 45 43 62 1 538
1 82 56 38 48 51 1 539
0 96 67 35 67 39 3 540
0 1 67 93 68 90 3 541
0 107 46 50 45 54 3 542
0 48 55 39 54 49 6 543
0 39 55 41 50 47 5 544
1 52 41 34 31 40 1 545
1 52 51 47 36 27 2 546
1 52 62 51 60 59 1 547
1 99 62 2 57 2 2 548
1 52 51 57 49 63 1 549
0 28 67 35 82 5 3 550
0 81 6 68 6 65 3 551
0 105 57 18 61 18 3 552
1 54 6 36 6 28 1 553
1 128 56 35 56 38 3 554
1 140 47 50 47 53 1 555
1 123 34 42 33 44 5 556
0 129 54 74 60 74 3 557
0 57 32 45 31 48 3 558
0 100 28 65 32 46 3 559
0 82 53 42 50 49 3 560
1 23 53 31 50 24 1 561
1 133 56 44 53 47 1 562
1 56 47 68 51 59 1 563
0 117 58 37 41 63 3 564
1 117 69 40 64 26 2 565
0 76 5 65 6 68 3 566
0 27 53 27 55 25 3 567
0 84 54 44 63 42 3 568
0 93 21 30 11 42 3 569
1 0 43 56 46 55 1 570
0 79 38 17 46 18 3 571
0 36 27 59 29 50 3 572
0 0 81 4 79 5 3 573
1 110 71 37 73 32 2 574
0 74 6 27 6 34 3 575
1 54 33 44 34 42 1 576
0 48 39 9 36 11 3 577
0 26 68 41 69 45 3 578
1 128 67 35 62 45 6 579
0 79 36 30 44 31 3 580
0 88 63 49 65 50 3 581
0 37 47 3 42 2 3 582
1 106 91 19 91 14 1 583
0 13 55 80 58 80 3 584
1 70 86 4 88 3 1 585
1 76 6 53 5 56 1 586
0 82 49 32 47 36 3 587
1 95 51 2 48 2 5 588
0 83 48 36 47 41 3 589
0 5 47 50 46 48 3 590
0 77 62 23 53 38 5 591
1 57 98 17 98 14 1 592
0 111 54 38 49 55 4 593
1 75 63 32 69 40 3 594
1 42 51 50 48 58 2 595
1 103 43 39 34 37 1 596
0 76 55 43 57 40 3 597
1 141 53 29 55 40 5 598
1 34 55 80 51 80 1 599
1 67 31 49 26 61 2 600
0 102 6 60 5 58 3 601
1 134 29 59 27 58 2 602
1 90 61 31 56 28 1 603
0 45 42 45 45 48 3 604
0 82 65 43 71 39 3 605
0 129 38 29 42 41 3 606
0 18 31 56 33 50 3 607
0 9 52 56 45 62 3 608
1 111 53 45 51 60 1 609
1 117 49 51 47 71 5 610
0 44 62 38 36 43 3 611
1 78 82 5 80 7 5 612
1 21 40 48 42 46 2 613
0 130 64 44 47 31 3 614
0 84 58 71 55 74 3 615
1 117 6 28 6 37 1 616
1 137 45 2 13 0 1 617
0 81 59 24 58 33 3 618
0 53 49 83 55 67 3 619
1 7 32 53 30 51 1 620
0 93 6 31 6 38 3 621
1 30 40 13 38 14 4 622
1 58 56 35 51 44 2 623
0 11 52 17 44 20 3 624
1 52 47 34 43 33 2 625
1 130 50 71 58 37 4 626
0 47 44 29 41 34 3 627
1 11 46 44 45 47 1 628
0 107 43 37 44 35 3 629
0 42 66 50 69 45 3 630
0 26 69 23 70 45 3 631
0 138 49 45 67 40 3 632
1 67 31 37 33 48 2 633
1 15 59 2 66 1 5 634
0 87 61 35 89 24 3 635
1 74 51 62 58 46 5 636
0 115 61 35 61 38 3 637
1 49 88 93 79 92 2 638
0 128 58 33 52 41 3 639
0 5 48 19 50 20 3 640
0 50 58 17 61 18 3 641
1 43 70 27 77 12 1 642
0 92 73 37 66 41 4 643
1 55 68 42 58 42 1 644
1 24 57 80 80 80 1 645
1 85 49 20 45 20 1 646
1 21 29 46 32 43 1 647
1 40 57 44 58 27 1 648
1 11 50 52 34 44 2 649
0 99 50 32 55 52 3 650
1 107 64 1 61 1 1 651
0 20 58 41 56 39 3 652
1 141 48 49 51 59 1 653
0 115 33 50 31 56 3 654
0 83 52 19 41 19 3 655
1 4 49 40 45 50 1 656
0 51 54 75 57 75 3 657
1 13 98 19 98 11 1 658
1 4 48 26 51 25 1 659
1 28 61 39 61 35 1 660
0 88 50 63 57 63 3 661
1 39 48 45 41 42 1 662
0 65 48 54 44 64 3 663
0 86 53 54 56 47 3 664
1 83 77 6 79 5 2 665
1 142 65 94 60 92 2 666
0 64 35 13 40 12 3 667
1 115 59 71 30 77 2 668
0 75 50 18 48 19 3 669
1 141 46 40 25 50 2 670
0 34 52 32 56 29 3 671
0 105 62 19 58 17 3 672
0 26 53 53 56 28 5 673
1 108 60 35 60 30 1 674
1 135 42 39 40 38 6 675
1 67 53 80 50 81 2 676
0 43 98 17 98 22 3 677
0 105 61 19 52 16 3 678
0 127 48 54 42 59 3 679
0 74 58 51 52 62 3 680
1 81 44 2 49 2 1 681
1 94 30 61 34 45 1 682
0 113 48 56 48 52 4 683
1 123 31 44 31 47 1 684
0 38 60 22 50 30 5 685
1 35 65 1 62 1 2 686
0 64 48 37 57 34 3 687
0 96 36 13 39 12 5 688
0 47 52 56 54 54 3 689
0 32 27 48 24 59 3 690
0 76 60 37 58 34 3 691
1 49 68 40 51 74 2 692
0 112 38 12 39 9 5 693
0 24 53 43 54 41 5 694
1 33 33 50 30 60 1 695
1 121 6 31 6 42 2 696
1 0 51 20 43 19 3 697
1 117 44 62 57 41 1 698
0 71 45 35 43 36 3 699
0 120 55 37 49 44 3 700
1 117 48 32 51 35 3 701
0 6 60 41 62 35 3 702
0 53 58 25 47 21 3 703
1 41 80 5 78 6 1 704
0 10 51 41 48 41 3 705
1 75 40 13 37 13 3 706
1 80 30 44 32 42 2 707
1 57 87 94 89 92 1 708
0 32 49 82 52 62 3 709
1 28 6 48 5 55 1 710
0 126 51 20 57 18 3 711
1 116 46 3 29 2 1 712
0 86 30 44 29 46 3 713
1 122 52 29 54 26 1 714
0 124 54 44 44 62 3 715
0 141 58 34 55 32 3 716
0 102 49 65 46 75 3 717
0 117 46 52 52 53 4 718
0 33 92 36 91 32 3 719
1 27 6 39 6 44 2 720
1 19 53 27 55 26 1 721
1 133 67 35 68 33 1 722
0 132 65 33 73 36 6 723
0 83 63 34 49 28 3 724
1 12 59 26 61 29 1 725
1 73 47 42 43 37 2 726
1 135 53 41 51 47 3 727
1 68 67 37 63 42 5 728
1 38 56 30 54 31 1 729
0 32 69 34 67 35 3 730
1 28 60 72 55 73 1 731
1 117 60 39 57 44 6 732
1 26 37 40 32 34 1 733
0 81 6 66 5 69 6 734
1 79 61 46 55 52 1 735
1 100 98 22 98 25 1 736
1 26 33 43 31 48 1 737
0 113 88 3 86 4 3 738
0 86 6 41 6 48 3 739
0 109 58 72 60 76 3 740
0 136 88 92 84 94 5 741
0 86 6 41 5 61 6 742
1 72 55 79 60 73 1 743
1 3 47 2 52 2 1 744
1 72 98 24 98 18 5 745
0 96 55 34 58 34 4 746
1 14 44 19 41 18 1 747
0 67 46 45 47 49 3 748
0 12 87 93 85 94 3 749
1 29 55 43 56 50 1 750
0 18 62 46 60 51 3 751
1 25 57 28 60 27 1 752
0 94 5 39 6 25 3 753
1 91 53 31 57 38 1 754
1 119 71 39 39 37 1 755
0 67 87 3 85 4 3 756
0 105 60 52 55 58 3 757
0 21 62 49 58 47 5 758
1 79 67 42 70 45 2 759
0 113 29 47 22 45 3 760
1 22 31 39 31 58 2 761
0 29 49 59 51 55 3 762
0 109 88 93 86 94 3 763
1 124 62 51 55 71 1 764
1 105 63 18 60 17 2 765
1 108 60 30 54 27 1 766
0 98 63 42 57 39 3 767
0 102 57 51 52 61 3 768
1 23 56 39 48 54 1 769
0 141 61 46 64 44 3 770
0 137 68 76 64 76 3 771
1 46 56 2 59 1 1 772
1 112 49 19 45 20 2 773
1 64 58 28 53 40 4 774
0 15 63 1 57 2 3 775
1 114 38 20 41 22 1 776
1 78 49 40 43 46 1 777
0 32 51 2 47 2 3 778
0 48 30 42 31 48 3 779
1 27 69 37 66 42 2 780
1 125 48 62 49 51 1 781
1 119 51 50 37 82 2 782
1 96 47 30 50 25 2 783
0 143 23 63 43 43 3 784
0 79 40 43 36 55 6 785
1 44 59 11 60 29 1 786
0 57 98 15 98 10 5 787
1 102 55 53 56 47 2 788
1 123 87 4 85 3 2 789
1 72 47 26 58 25 1 790
1 7 46 3 50 3 1 791
1 71 49 83 49 78 3 792
1 32 40 11 45 10 1 793
1 80 37 13 41 12 3 794
1 13 55 42 52 45 5 795
1 82 42 4 46 4 1 796
1 84 68 38 63 49 1 797
1 14 50 52 63 37 1 798
0 87 46 50 45 47 3 799
0 124 55 2 59 1 5 800
0 60 61 41 61 47 3 801
0 4 55 23 53 28 3 802
0 18 52 51 47 55 3 803
1 30 41 35 44 32 1 804
0 32 62 30 56 43 3 805
0 60 54 36 52 18 3 806
0 21 50 47 48 49 3 807
1 136 54 56 56 52 1 808
0 76 60 41 61 44 3 809
0 111 6 30 6 34 5 810
0 112 68 38 65 41 3 811
0 46 61 38 44 40 5 812
0 10 60 29 57 35 3 813
1 46 53 29 50 28 1 814
1 29 60 42 44 44 1 815
1 125 60 30 56 29 3 816
1 48 58 1 62 1 1 817
1 20 62 50 65 48 2 818
1 46 58 57 53 59 1 819
0 21 5 66 6 54 3 820
0 74 53 1 47 2 3 821
1 49 68 42 50 46 3 822
0 138 47 32 40 28 3 823
0 128 52 55 51 51 3 824
1 18 51 50 47 37 1 825
0 65 60 38 61 40 5 826
0 83 53 40 49 43 3 827
1 52 69 30 63 22 5 828
1 33 52 42 46 36 1 829
1 68 54 45 53 43 1 830
0 30 69 76 71 67 3 831
1 74 74 6 81 5 1 832
1 96 54 46 28 55 1 833
1 20 70 71 68 72 2 834
0 97 33 25 36 24 4 835
1 69 71 64 72 71 1 836
0 52 54 24 48 28 3 837
1 52 56 39 54 38 1 838
0 5 61 30 56 40 3 839
0 51 66 78 70 72 3 840
1 100 91 33 92 24 1 841
0 29 40 9 44 10 3 842
1 76 43 4 41 5 1 843
0 80 51 26 46 31 3 844
0 48 50 56 48 60 3 845
1 96 48 58 54 37 3 846
1 11 54 81 56 78 1 847
0 17 45 3 49 2 3 848
1 79 55 18 52 19 1 849
1 131 6 44 6 50 1 850
0 76 66 78 68 76 3 851
1 119 87 95 82 96 1 852
0 113 30 60 31 44 3 853
0 9 50 54 50 61 5 854
0 68 52 40 58 35 3 855
1 40 55 48 54 41 1 856
1 62 55 2 57 1 1 857
1 47 57 46 51 48 4 858
1 116 51 50 53 54 1 859
1 81 55 43 58 41 2 860
0 22 98 24 98 18 3 861
0 53 51 24 50 27 5 862
1 0 98 20 98 17 3 863
0 113 51 61 50 64 3 864
0 142 28 54 28 58 3 865
0 84 59 38 54 37 3 866
1 123 25 38 24 57 1 867
0 31 7 45 6 49 3 868
0 136 63 20 55 39 4 869
1 60 46 20 35 18 5 870
0 94 6 69 5 74 3 871
1 23 69 40 68 45 1 872
0 130 58 36 59 49 5 873
1 54 6 64 5 61 1 874
0 41 49 56 51 51 6 875
1 99 87 92 89 91 3 876
0 67 6 66 3 66 3 877
1 83 46 55 42 66 1 878
1 75 33 44 33 41 1 879
1 126 6 48 5 66 1 880
1 108 98 21 98 18 1 881
0 32 55 56 57 48 3 882
0 77 30 45 33 45 3 883
1 128 41 12 43 11 1 884
0 60 61 19 57 18 4 885
1 24 29 53 31 48 1 886
0 60 49 19 46 20 3 887
0 132 41 36 38 40 3 888
0 65 29 57 27 61 3 889
1 103 61 29 54 41 5 890
1 118 68 33 66 39 1 891
0 14 49 36 60 29 3 892
1 13 33 43 33 36 1 893
1 105 61 42 51 33 1 894
1 65 69 38 68 27 5 895
0 27 56 42 55 38 3 896
0 10 55 43 53 46 3 897
1 91 47 31 48 29 2 898
0 118 55 19 58 19 3 899
1 12 60 25 55 36 2 900
1 30 6 55 6 62 1 901
0 128 61 18 52 21 3 902
1 46 73 37 70 34 1 903
0 66 67 41 66 48 3 904
1 79 31 51 30 62 2 905
1 100 98 16 98 24 1 906
0 143 62 31 54 40 3 907
0 55 65 35 51 36 3 908
1 14 64 16 61 17 6 909
1 3 90 36 91 27 1 910
1 81 44 36 46 34 1 911
0 123 67 33 68 40 3 912
0 133 30 56 36 37 5 913
1 28 66 93 61 92 1 914
1 41 36 13 40 11 1 915
1 74 52 19 49 18 2 916
1 51 65 41 64 45 1 917
0 141 6 48 6 63 3 918
0 60 80 5 78 7 5 919
1 142 48 4 45 3 1 920
1 17 51 80 55 80 2 921
0 91 49 51 53 46 3 922
1 76 92 25 92 20 2 923
1 122 54 80 34 80 1 924
1 120 47 3 43 4 6 925
1 116 67 92 66 94 2 926
1 8 64 41 66 37 4 927
0 114 30 53 31 49 3 928
1 121 92 28 92 32 1 929
0 4 48 29 50 28 3 930
0 13 65 42 69 37 3 931
1 48 90 37 91 40 1 932
1 128 47 2 20 4 1 933
0 18 92 33 91 31 3 934
1 71 58 37 61 35 4 935
0 74 47 20 42 21 3 936
1 108 91 33 91 42 1 937
0 98 61 27 60 30 6 938
1 32 53 61 61 44 1 939
0 74 80 5 78 6 3 940
0 37 3 33 0 43 5 941
1 140 54 42 58 47 1 942
1 133 52 60 50 63 2 943
0 59 46 49 31 55 3 944
0 115 48 33 48 36 3 945
0 117 51 49 45 61 3 946
0 100 56 80 46 80 3 947
0 32 80 5 69 6 3 948
1 76 61 37 61 45 1 949
1 117 55 31 50 38 3 950
1 74 52 35 57 39 1 951
0 44 53 51 53 58 3 952
1 35 51 19 57 20 1 953
1 66 42 32 46 28 5 954
0 29 58 41 36 42 3 955
1 60 56 41 33 35 1 956
0 0 45 51 47 52 3 957
0 134 64 42 68 34 3 958
1 15 61 1 56 2 1 959
0 66 61 23 60 33 3 960
1 129 48 35 50 51 2 961
1 139 52 44 32 47 1 962
1 108 32 53 32 50 6 963
0 72 50 53 50 63 6 964
0 66 61 15 44 19 6 965
0 28 89 91 88 89 3 966
0 15 60 1 64 1 3 967
0 86 56 76 53 77 3 968
1 117 6 58 5 63 1 969
1 63 58 67 57 70 1 970
1 57 65 42 55 39 2 971
1 45 41 11 38 12 1 972
1 0 5 64 5 69 4 973
1 124 69 41 66 40 1 974
0 143 52 49 16 36 3 975
1 27 40 12 32 13 1 976
0 87 86 5 88 4 3 977
1 19 53 45 50 35 1 978
1 121 46 30 55 22 1 979
1 65 61 49 66 38 1 980
1 100 79 6 82 6 1 981
1 129 87 94 82 93 1 982
0 112 53 24 55 26 3 983
0 111 56 28 47 35 3 984
1 16 49 19 45 20 1 985
1 103 13 10 55 8 1 986
0 51 54 73 57 72 3 987
0 55 5 40 6 31 3 988
1 14 98 19 98 23 3 989
0 58 32 42 26 50 3 990
1 69 48 3 36 4 6 991
0 52 53 50 43 79 3 992
0 115 98 18 98 22 3 993
1 140 56 49 58 44 1 994
1 105 70 39 66 41 3 995
1 43 6 48 5 61 3 996
0 93 21 30 41 34 6 997
0 0 69 46 65 44 3 998
1 81 49 34 49 30 5 999
0 11 48 4 36 4 3 1000
1 57 53 30 52 40 1 1001
0 116 50 60 50 54 3 1002
1 66 52 30 45 35 1 1003
1 11 43 41 45 43 1 1004
1 53 52 47 44 53 1 1005
1 69 50 79 49 82 1 1006
0 128 57 28 55 24 3 1007
1 8 71 30 64 19 1 1008
1 128 29 47 30 43 5 1009
0 9 69 32 62 50 3 1010
0 15 58 1 61 2 3 1011
0 104 6 36 6 29 3 1012
1 130 65 37 60 41 1 1013
0 109 74 31 63 30 3 1014
0 130 67 35 68 29 3 1015
1 48 58 40 26 54 6 1016
1 87 62 51 57 38 1 1017
0 55 52 75 74 66 3 1018
0 117 47 3 43 3 3 1019
0 38 41 3 51 2 3 1020
0 77 41 44 39 37 3 1021
0 63 50 2 43 2 3 1022
0 36 65 77 65 74 3 1023
0 132 52 38 57 40 3 1024
0 63 91 34 90 38 3 1025
1 93 6 33 5 52 1 1026
1 18 6 32 6 27 2 1027
0 27 6 32 3 24 3 1028
0 132 6 35 6 29 3 1029
0 88 49 19 47 21 4 1030
1 143 61 17 58 17 1 1031
1 18 56 51 60 48 1 1032
0 36 66 41 69 35 3 1033
0 139 67 34 63 23 3 1034
1 38 59 27 58 35 1 1035
0 66 6 25 4 51 6 1036
1 78 80 5 79 7 4 1037
0 44 53 44 60 37 3 1038
1 11 46 58 47 56 1 1039
1 28 98 21 98 17 2 1040
0 38 43 38 44 32 3 1041
0 125 61 18 63 17 3 1042
1 46 56 22 54 23 1 1043
0 88 52 60 54 58 3 1044
0 77 64 32 58 39 3 1045
1 125 55 43 48 32 2 1046
0 15 54 2 57 2 3 1047
1 130 63 40 56 39 4 1048
0 62 90 27 89 30 3 1049
1 64 40 12 43 12 1 1050
0 67 53 80 42 79 5 1051
0 58 30 56 26 61 3 1052
0 111 51 49 48 53 3 1053
1 135 43 58 44 54 1 1054
0 30 60 35 58 37 3 1055
1 8 53 27 61 29 1 1056
0 39 50 16 50 12 3 1057
1 104 37 51 31 44 5 1058
1 1 92 31 90 37 1 1059
1 7 29 62 27 59 2 1060
0 74 58 52 53 68 3 1061
1 101 5 45 5 50 1 1062
0 93 6 26 6 17 3 1063
0 88 51 46 50 56 3 1064
1 122 89 92 87 94 5 1065
0 88 68 40 58 39 3 1066
0 108 52 45 55 50 3 1067
1 59 66 41 67 45 6 1068
1 4 66 35 57 28 1 1069
1 65 5 75 6 66 2 1070
0 38 69 70 67 72 3 1071
0 80 56 39 54 41 3 1072
0 83 91 39 91 35 3 1073
1 9 5 37 5 47 1 1074
1 44 38 42 63 26 3 1075
0 95 61 30 56 42 3 1076
1 72 67 42 56 35 5 1077
0 10 54 38 56 35 3 1078
0 80 56 20 46 20 3 1079
1 73 57 30 60 27 1 1080
1 87 6 39 6 34 1 1081
1 123 68 36 62 47 1 1082
0 119 64 49 62 52 3 1083
0 17 55 44 50 42 3 1084
0 45 48 31 39 29 3 1085
0 82 52 45 54 51 3 1086
0 72 98 21 98 24 3 1087
1 99 55 39 62 32 2 1088
0 97 59 42 60 45 3 1089
0 5 49 19 51 17 3 1090
1 29 35 16 70 36 1 1091
0 14 48 45 31 55 3 1092
1 35 98 13 98 25 1 1093
1 99 65 44 68 40 1 1094
1 122 6 69 6 66 1 1095
0 19 53 43 36 78 3 1096
1 59 54 80 54 77 3 1097
0 113 58 28 54 39 3 1098
1 82 50 49 52 46 6 1099
0 25 40 12 43 12 3 1100
1 34 45 3 41 4 6 1101
1 101 5 69 6 66 1 1102
0 80 41 12 38 12 3 1103
1 7 41 4 45 4 1 1104
0 38 60 28 48 26 3 1105
0 26 53 53 48 35 3 1106
0 61 28 2 41 2 3 1107
0 103 59 30 39 23 3 1108
1 17 89 93 85 95 1 1109
1 28 71 33 66 42 2 1110
1 112 43 21 55 22 2 1111
0 14 56 76 54 77 3 1112
1 103 16 2 45 4 1 1113
1 74 45 4 39 5 1 1114
1 95 52 80 48 80 1 1115
1 82 53 46 53 49 1 1116
0 0 36 13 44 11 3 1117
0 46 65 91 67 93 3 1118
1 10 61 46 60 40 3 1119
1 66 56 18 63 18 1 1120
1 48 49 33 50 0 1 1121
0 23 79 7 80 5 6 1122
0 72 64 19 63 21 3 1123
0 74 61 73 58 75 3 1124
0 64 86 94 93 89 3 1125
0 107 55 41 60 33 3 1126
1 139 51 47 27 25 5 1127
0 16 33 56 48 33 3 1128
0 63 67 93 65 91 3 1129
1 50 52 23 52 31 1 1130
0 121 42 32 45 34 3 1131
0 138 41 4 42 2 3 1132
0 107 53 55 53 27 3 1133
0 35 67 93 66 91 3 1134
1 56 47 55 51 56 4 1135
1 133 49 19 45 21 3 1136
1 136 68 33 53 43 5 1137
1 1 59 36 57 34 1 1138
0 11 88 4 84 4 3 1139
1 56 51 59 38 80 5 1140
0 13 55 80 58 80 3 1141
0 9 61 27 59 31 3 1142
1 115 64 34 62 38 2 1143
1 134 53 46 51 53 1 1144
1 98 58 37 42 40 1 1145
0 72 54 47 54 40 3 1146
1 86 56 39 61 32 1 1147
0 46 6 33 5 35 3 1148
0 38 53 46 45 70 3 1149
0 10 49 23 48 29 3 1150
0 4 51 29 47 29 5 1151
0 36 41 27 53 25 3 1152
0 61 59 24 55 30 3 1153
1 90 60 31 52 25 2 1154
0 1 57 17 51 19 3 1155
1 71 57 52 60 45 2 1156
0 0 44 11 34 12 3 1157
0 46 47 52 44 50 3 1158
0 84 52 44 47 50 3 1159
1 84 44 32 40 37 3 1160
0 96 43 12 37 9 3 1161
0 75 91 38 92 33 3 1162
1 62 67 1 63 1 1 1163
1 12 69 72 67 74 1 1164
0 90 50 2 47 2 3 1165
0 18 91 38 92 33 3 1166
1 5 60 49 55 56 1 1167
0 58 61 32 54 43 3 1168
0 37 51 46 50 52 3 1169
0 137 61 36 61 41 4 1170
0 92 65 46 70 37 3 1171
1 56 49 66 42 75 1 1172
0 143 31 50 28 47 3 1173
0 43 98 16 98 19 6 1174
1 139 67 92 65 94 2 1175
1 123 40 43 45 32 1 1176
0 5 52 51 56 42 3 1177
0 112 65 35 63 30 3 1178
0 72 43 35 44 22 3 1179
1 13 64 34 60 30 1 1180
1 117 56 42 58 44 6 1181
0 17 48 2 46 3 3 1182
1 48 58 39 55 39 3 1183
1 0 63 40 64 45 1 1184
0 75 66 73 67 77 3 1185
0 22 61 69 56 67 3 1186
1 70 31 42 33 44 4 1187
0 39 53 46 47 50 3 1188
0 138 42 4 19 2 3 1189
1 22 52 41 57 38 3 1190
1 123 69 38 65 45 2 1191
0 49 58 45 56 50 4 1192
1 48 32 48 30 50 1 1193
1 15 25 0 31 0 1 1194
0 122 63 35 59 37 3 1195
1 116 56 51 58 46 2 1196
0 17 55 74 59 71 3 1197
0 46 52 51 51 56 3 1198
1 85 98 16 98 20 1 1199
0 50 49 21 50 18 3 1200
1 72 59 36 56 42 2 1201
0 8 64 44 59 48 3 1202
1 132 67 39 62 48 1 1203
1 17 6 29 6 32 1 1204
0 46 85 4 83 5 3 1205
0 143 45 22 49 21 3 1206
1 114 69 72 73 65 1 1207
0 96 40 12 37 11 3 1208
1 128 32 57 21 46 1 1209
1 77 51 57 50 54 1 1210
1 14 53 42 60 19 4 1211
0 70 67 74 68 72 5 1212
1 78 92 25 91 29 1 1213
1 24 33 37 32 40 1 1214
1 62 51 29 54 25 1 1215
0 68 54 33 56 29 3 1216
1 87 50 78 47 79 1 1217
1 48 91 37 92 29 4 1218
1 88 30 53 18 76 1 1219
0 142 6 54 5 65 3 1220
1 35 55 80 58 80 6 1221
1 18 49 52 52 46 4 1222
1 69 55 46 51 60 1 1223
1 14 62 18 57 22 4 1224
1 108 3 96 1 95 1 1225
1 128 56 27 54 32 1 1226
0 50 56 41 61 36 3 1227
0 73 62 37 58 39 3 1228
1 38 49 37 55 32 1 1229
0 11 44 4 36 4 3 1230
1 60 58 60 55 68 1 1231
0 59 49 47 49 38 3 1232
0 130 68 39 69 42 3 1233
0 132 62 31 65 33 3 1234
0 13 7 38 6 46 3 1235
0 96 51 47 39 43 3 1236
0 71 49 52 51 48 3 1237
0 32 29 47 30 50 3 1238
1 49 67 42 69 44 6 1239
0 4 40 44 38 41 3 1240
1 121 46 33 43 40 6 1241
0 40 6 49 5 35 3 1242
0 109 56 48 59 54 3 1243
1 137 30 42 31 50 1 1244
0 35 53 28 54 25 3 1245
0 48 44 62 50 53 3 1246
1 69 62 38 60 34 1 1247
0 41 54 55 51 35 3 1248
1 95 68 36 44 71 1 1249
0 22 49 48 43 70 3 1250
0 98 60 51 61 46 6 1251
1 30 59 53 58 47 1 1252
0 32 67 36 66 39 5 1253
1 76 69 74 66 74 1 1254
0 44 64 35 59 36 3 1255
0 64 38 14 40 13 3 1256
1 35 51 31 53 26 2 1257
0 140 62 31 62 34 3 1258
0 43 87 4 88 2 3 1259
1 102 5 39 5 50 6 1260
0 131 52 36 54 32 3 1261
1 1 37 41 36 29 2 1262
0 87 47 44 47 50 3 1263
0 108 53 59 51 63 3 1264
0 96 6 49 2 40 5 1265
1 25 61 29 56 35 3 1266
0 94 30 55 27 64 3 1267
0 94 43 61 49 49 3 1268
1 67 81 5 79 6 3 1269
1 118 50 50 41 48 1 1270
1 3 92 31 91 25 5 1271
1 86 60 38 62 35 1 1272
0 59 55 80 51 81 3 1273
1 120 65 91 63 92 1 1274
0 27 58 20 50 20 3 1275
1 96 52 42 53 24 1 1276
0 16 36 13 42 11 5 1277
1 102 46 16 49 16 2 1278
0 24 54 48 54 51 3 1279
0 39 43 30 38 37 3 1280
0 27 7 47 6 42 3 1281
1 135 54 46 55 40 1 1282
1 121 87 4 93 3 5 1283
1 79 56 20 59 17 1 1284
1 101 50 39 49 31 1 1285
0 11 46 54 45 61 3 1286
1 143 48 20 45 19 1 1287
0 35 51 30 50 28 3 1288
0 21 6 35 5 28 3 1289
0 126 40 37 44 32 3 1290
1 96 54 51 54 47 2 1291
0 8 54 36 55 31 3 1292
0 58 58 33 60 34 3 1293
1 130 57 56 55 45 5 1294
1 119 61 24 55 31 1 1295
0 116 52 17 49 18 3 1296
1 40 54 35 49 44 1 1297
1 21 60 1 54 2 1 1298
1 4 51 29 54 29 1 1299
1 26 98 15 98 21 1 1300
1 102 6 26 6 34 1 1301
1 121 42 34 37 50 4 1302
1 116 54 55 57 46 4 1303
1 17 52 2 48 2 1 1304
1 111 52 37 60 49 1 1305
1 108 71 74 70 72 3 1306
1 9 3 96 1 95 2 1307
1 14 45 22 51 20 1 1308
0 40 59 36 54 46 3 1309
0 82 60 45 62 46 3 1310
1 10 58 49 55 54 2 1311
0 73 23 19 38 37 3 1312
0 27 6 65 6 69 3 1313
1 113 57 29 56 35 1 1314
1 130 53 58 51 62 1 1315
1 60 60 45 56 52 1 1316
1 51 61 28 62 26 5 1317
1 39 48 21 45 20 1 1318
0 48 87 93 79 93 3 1319
1 21 86 95 83 93 1 1320
1 13 70 38 68 41 5 1321
0 93 90 37 92 28 3 1322
0 92 5 66 0 64 3 1323
1 91 50 51 56 41 1 1324
1 52 66 42 67 40 3 1325
1 7 55 38 60 38 1 1326
1 102 47 72 49 54 3 1327
1 100 98 22 98 17 1 1328
1 49 69 74 72 74 4 1329
0 17 51 70 49 71 3 1330
1 10 61 50 64 54 5 1331
1 142 29 58 29 54 1 1332
0 7 40 52 42 54 3 1333
1 122 61 37 55 40 2 1334
0 133 57 39 54 41 3 1335
0 24 53 39 52 44 5 1336
0 26 54 46 43 64 3 1337
0 51 98 16 98 13 4 1338
0 94 32 48 29 66 3 1339
1 82 48 54 52 59 3 1340
1 64 88 94 86 93 2 1341
1 130 60 46 55 54 1 1342
0 66 6 44 5 76 3 1343
1 125 32 47 32 42 2 1344
0 80 28 48 32 42 5 1345
0 0 80 5 82 4 4 1346
1 139 6 26 6 11 1 1347
0 119 69 44 65 44 3 1348
0 73 49 47 45 25 3 1349
0 58 41 43 44 25 3 1350
0 43 46 40 61 33 3 1351
1 28 57 72 63 69 1 1352
0 103 49 28 48 30 3 1353
0 42 53 34 21 23 3 1354
1 4 81 5 83 4 1 1355
1 18 91 36 92 24 1 1356
0 0 67 40 65 23 3 1357
1 46 65 39 69 41 1 1358
0 52 68 41 68 47 3 1359
0 64 55 42 56 46 3 1360
1 87 60 42 59 45 5 1361
0 52 59 27 56 28 3 1362
0 18 50 58 49 68 5 1363
1 49 46 68 41 73 1 1364
1 58 54 41 52 43 2 1365
0 3 91 39 90 36 3 1366
0 130 60 50 61 42 3 1367
0 134 64 16 60 16 4 1368
0 117 58 45 62 35 5 1369
0 72 57 15 51 17 3 1370
0 132 50 79 12 61 3 1371
1 46 61 29 57 26 1 1372
1 132 69 24 64 32 3 1373
0 104 52 53 55 43 3 1374
0 96 51 41 56 40 3 1375
0 106 59 42 53 50 3 1376
1 82 58 41 62 32 4 1377
1 129 55 80 52 80 1 1378
0 23 57 25 58 29 5 1379
1 98 55 32 47 40 3 1380
1 44 58 40 62 37 1 1381
1 45 55 80 47 80 2 1382
1 112 87 3 83 4 1 1383
1 1 44 34 48 33 1 1384
1 106 6 56 6 59 1 1385
1 81 53 26 47 31 5 1386
1 91 46 36 48 54 2 1387
1 82 59 41 55 41 2 1388
0 116 28 58 29 62 3 1389
1 44 55 30 46 43 2 1390
1 11 49 79 59 71 1 1391
1 35 49 80 56 80 2 1392
1 112 49 29 51 25 1 1393
1 42 44 53 47 50 1 1394
1 32 63 30 67 34 1 1395
0 87 53 47 50 38 3 1396
0 46 43 4 17 2 3 1397
0 53 50 52 48 55 3 1398
1 36 53 56 57 62 1 1399
1 56 61 36 57 45 2 1400
1 43 52 45 54 44 1 1401
0 4 71 40 73 32 3 1402
0 112 42 10 42 13 3 1403
0 63 91 32 92 29 3 1404
0 120 48 4 33 6 6 1405
1 24 55 21 53 19 1 1406
1 138 83 4 81 5 2 1407
0 98 48 36 54 30 3 1408
0 53 45 49 49 37 3 1409
0 52 39 40 41 42 3 1410
0 19 45 20 49 19 3 1411
0 24 65 40 64 33 3 1412
0 21 88 93 86 96 6 1413
1 14 98 15 98 22 2 1414
1 105 69 37 65 49 5 1415
0 38 62 24 53 30 3 1416
0 26 70 42 70 34 3 1417
1 72 56 40 59 39 1 1418
1 75 63 36 30 14 1 1419
0 117 69 38 70 35 3 1420
0 96 6 42 6 53 4 1421
0 92 53 53 49 53 3 1422
0 97 56 76 58 75 3 1423
0 21 61 39 61 52 3 1424
0 123 27 2 48 2 3 1425
1 33 37 13 39 12 1 1426
1 130 57 59 57 62 1 1427
1 108 54 50 53 41 1 1428
1 18 26 41 28 42 1 1429
0 77 57 44 48 54 3 1430
1 72 55 36 57 38 1 1431
0 22 68 42 65 42 3 1432
1 80 50 22 53 21 1 1433
0 109 60 50 60 47 3 1434
1 131 35 95 38 89 1 1435
1 50 55 80 51 81 1 1436
0 86 87 94 82 94 3 1437
0 33 91 31 92 24 3 1438
1 3 91 34 92 25 5 1439
0 115 98 22 98 25 4 1440
1 6 53 75 64 79 1 1441
1 44 54 42 60 34 2 1442
1 105 58 29 60 31 1 1443
0 19 52 18 46 22 3 1444
0 24 60 29 59 32 3 1445
0 12 53 1 50 2 3 1446
0 64 88 94 85 96 3 1447
0 96 68 37 68 43 3 1448
0 98 60 24 58 27 3 1449
1 18 6 34 6 25 1 1450
0 132 70 72 67 72 3 1451
0 8 58 80 51 80 3 1452
0 103 59 37 53 44 3 1453
0 79 87 93 85 95 3 1454
1 121 44 36 42 34 5 1455
0 88 40 12 33 13 3 1456
0 63 54 18 51 25 3 1457
0 64 61 33 56 43 3 1458
1 25 62 39 60 35 2 1459
1 138 6 68 6 65 1 1460
0 72 66 49 65 52 5 1461
0 141 69 45 60 63 3 1462
0 52 60 37 57 41 4 1463
0 45 51 81 56 80 3 1464
0 43 52 54 48 51 3 1465
0 38 39 40 45 35 3 1466
1 16 31 44 30 42 1 1467
0 136 55 40 42 39 3 1468
0 65 53 43 57 39 3 1469
1 77 59 1 63 2 1 1470
0 23 50 36 59 29 3 1471
1 7 61 22 60 24 4 1472
1 143 51 35 56 27 1 1473
0 39 70 42 72 36 3 1474
0 67 55 80 50 81 4 1475
1 116 66 93 65 91 1 1476
0 15 52 33 55 34 3 1477
1 66 46 30 49 32 1 1478
1 59 27 56 23 63 1 1479
0 20 91 39 91 42 3 1480
1 26 62 37 55 38 1 1481
0 22 29 60 30 53 3 1482
1 73 32 44 29 53 1 1483
0 99 49 3 30 3 3 1484
0 80 41 11 38 12 3 1485
0 0 42 11 41 13 3 1486
0 143 88 93 87 91 3 1487
0 99 66 92 65 95 3 1488
0 123 64 31 70 39 4 1489
1 12 57 32 55 31 1 1490
0 52 39 22 34 29 5 1491
0 20 47 57 57 45 3 1492
0 123 54 24 43 41 4 1493
0 56 58 25 53 31 3 1494
1 20 56 29 54 36 1 1495
0 121 67 79 68 73 3 1496
1 11 45 66 43 65 1 1497
0 12 68 74 67 71 3 1498
1 61 57 40 45 36 2 1499
1 75 36 16 64 13 1 1500
1 131 48 2 46 3 2 1501
1 121 51 56 42 58 2 1502
1 87 53 59 53 16 1 1503
1 26 59 1 62 1 2 1504
1 10 37 77 60 74 1 1505
1 54 55 31 54 42 3 1506
0 23 56 30 53 33 3 1507
1 66 61 29 59 32 1 1508
0 67 6 29 5 39 3 1509
0 74 5 45 5 49 3 1510
1 135 44 53 46 48 5 1511
1 105 64 15 55 18 1 1512
1 36 70 36 59 37 2 1513
0 138 54 46 52 59 3 1514
0 77 42 31 44 32 3 1515
1 104 63 17 52 19 2 1516
1 129 34 43 32 54 1 1517
0 63 57 74 53 77 3 1518
1 116 6 56 6 50 1 1519
0 46 47 18 47 15 3 1520
0 93 56 2 59 1 3 1521
0 96 6 31 6 49 5 1522
1 111 82 5 77 6 1 1523
1 130 98 18 98 21 2 1524
1 143 29 56 24 50 2 1525
0 135 47 48 47 52 3 1526
0 97 87 4 84 4 3 1527
1 113 57 26 55 29 3 1528
1 26 72 33 71 37 1 1529
1 68 53 49 54 47 2 1530
0 67 43 70 47 46 3 1531
0 130 49 78 42 78 3 1532
1 70 55 49 52 23 1 1533
0 46 36 20 21 18 3 1534
0 136 57 39 59 40 3 1535
1 13 57 49 58 51 1 1536
1 112 37 13 35 14 5 1537
0 108 7 47 7 52 3 1538
0 67 59 14 53 16 3 1539
1 52 63 49 64 53 2 1540
0 102 34 25 38 38 3 1541
1 54 59 54 57 52 1 1542
1 36 28 59 29 65 1 1543
0 139 6 30 6 34 3 1544
0 101 27 26 22 55 3 1545
0 14 53 46 60 34 3 1546
1 118 52 42 49 43 1 1547
1 66 66 41 69 38 5 1548
0 120 62 42 64 43 5 1549
0 113 56 28 49 35 5 1550
1 104 53 45 55 41 3 1551
0 80 28 47 26 51 3 1552
1 132 66 31 71 33 5 1553
0 59 43 2 47 2 3 1554
1 22 27 57 30 47 1 1555
1 119 51 55 57 37 2 1556
0 88 27 2 46 2 3 1557
0 24 48 54 53 45 3 1558
0 119 69 6 81 5 3 1559
0 99 32 46 31 44 3 1560
1 57 6 60 6 52 1 1561
0 130 57 49 59 47 3 1562
0 56 44 63 53 47 4 1563
0 68 52 48 53 45 5 1564
0 31 62 1 59 1 3 1565
1 108 6 68 5 71 1 1566
0 135 47 52 48 54 6 1567
1 76 71 70 51 75 3 1568
1 123 98 17 98 8 1 1569
1 46 58 2 64 1 1 1570
1 65 31 50 32 44 1 1571
1 140 70 35 71 37 1 1572
0 129 98 22 98 15 3 1573
1 132 61 36 57 36 1 1574
0 67 5 70 5 73 3 1575
0 2 69 38 68 40 3 1576
0 63 55 72 31 78 3 1577
1 23 55 32 50 36 3 1578
1 123 85 4 82 3 1 1579
0 27 39 37 41 38 3 1580
1 115 58 75 52 81 5 1581
1 26 54 27 53 29 1 1582
1 40 62 92 60 93 1 1583
1 11 45 4 40 3 1 1584
0 64 53 1 62 2 3 1585
1 130 13 1 36 2 3 1586
0 123 30 51 25 64 3 1587
1 59 40 58 59 73 1 1588
1 97 52 21 42 30 1 1589
1 17 42 2 46 2 1 1590
0 64 47 30 53 26 3 1591
1 130 44 21 48 21 4 1592
1 131 52 45 56 39 2 1593
1 135 74 31 70 35 2 1594
0 98 30 44 26 48 3 1595
0 74 56 61 50 60 3 1596
0 103 48 47 49 37 3 1597
0 91 41 60 33 73 3 1598
0 47 54 39 57 41 3 1599
0 76 62 46 60 47 3 1600
0 108 5 68 6 65 5 1601
1 63 55 49 44 45 1 1602
1 104 64 28 60 32 1 1603
1 74 63 39 68 42 2 1604
0 132 58 2 55 2 3 1605
1 6 50 48 53 50 3 1606
0 29 6 43 6 35 3 1607
1 74 60 25 59 31 1 1608
1 69 58 46 54 40 2 1609
1 86 56 38 36 43 2 1610
0 96 42 12 39 14 5 1611
1 102 52 2 11 1 1 1612
1 143 16 2 50 3 1 1613
0 129 75 6 78 6 3 1614
0 122 50 46 49 51 3 1615
0 34 43 35 42 41 3 1616
1 130 56 51 57 49 1 1617
1 130 61 44 59 41 5 1618
0 18 55 38 53 43 3 1619
1 57 98 10 98 18 2 1620
1 29 43 3 46 3 4 1621
1 117 50 38 53 38 2 1622
0 108 30 60 32 53 3 1623
1 65 29 60 28 65 1 1624
1 97 50 23 47 66 1 1625
0 107 38 39 43 38 5 1626
0 105 42 55 59 34 3 1627
0 117 52 52 46 46 3 1628
1 74 77 6 81 5 2 1629
1 63 56 58 55 67 2 1630
0 108 66 93 64 96 3 1631
1 107 66 40 69 41 2 1632
1 2 98 15 98 18 1 1633
1 141 56 14 63 14 2 1634
0 95 61 46 61 41 3 1635
0 16 40 11 43 12 3 1636
1 139 5 38 6 43 5 1637
0 79 39 46 43 27 3 1638
0 37 50 39 42 19 3 1639
1 57 6 41 5 56 3 1640
1 66 49 79 45 88 1 1641
0 128 54 27 55 23 6 1642
0 79 87 4 84 4 3 1643
0 88 86 3 83 4 3 1644
1 43 50 20 49 18 1 1645
1 117 52 44 54 45 1 1646
1 14 55 18 58 17 5 1647
0 27 5 58 5 53 3 1648
0 15 37 77 20 70 3 1649
1 13 58 43 55 50 1 1650
0 11 5 74 5 65 3 1651
1 21 86 92 88 90 2 1652
1 62 64 1 55 1 2 1653
0 123 31 46 25 43 3 1654
0 141 49 52 60 40 3 1655
1 32 55 60 61 49 5 1656
1 31 34 44 25 53 1 1657
0 23 69 33 72 30 3 1658
0 26 67 50 63 59 3 1659
1 143 36 17 50 20 1 1660
0 119 64 28 61 31 3 1661
0 92 53 51 36 63 3 1662
1 37 53 42 56 36 2 1663
0 52 65 1 59 2 3 1664
0 17 54 81 52 80 3 1665
0 108 30 50 32 46 3 1666
1 17 57 34 59 41 5 1667
0 55 82 5 76 4 5 1668
0 117 44 62 52 48 3 1669
0 141 60 24 55 31 3 1670
0 38 52 35 54 18 4 1671
1 56 53 75 67 73 1 1672
1 116 54 40 53 45 1 1673
1 36 69 35 56 53 6 1674
1 33 52 46 55 45 3 1675
0 68 57 25 49 36 3 1676
1 51 59 29 58 34 1 1677
1 83 56 28 55 36 1 1678
0 17 6 41 5 64 5 1679
1 116 60 28 58 27 1 1680
1 74 48 21 45 20 1 1681
0 121 30 55 22 50 3 1682
0 132 57 27 61 28 3 1683
1 42 59 42 58 38 1 1684
0 70 58 48 62 46 3 1685
0 1 50 61 52 51 3 1686
1 83 46 20 51 19 3 1687
1 9 57 50 58 48 1 1688
0 116 4 48 3 29 3 1689
1 114 27 2 39 3 2 1690
0 89 6 53 6 48 3 1691
0 111 54 42 52 45 3 1692
0 136 87 95 83 96 3 1693
1 48 48 43 55 40 1 1694
0 130 55 49 56 41 3 1695
1 32 27 2 47 2 1 1696
1 36 31 49 32 46 6 1697
1 132 59 32 45 41 2 1698
0 54 69 28 66 24 3 1699
0 139 92 32 91 34 3 1700
1 104 49 42 49 52 1 1701
1 0 47 59 23 62 6 1702
1 42 63 56 66 44 1 1703
0 117 49 2 52 2 3 1704
0 66 57 18 48 23 3 1705
0 8 59 28 56 31 3 1706
1 128 60 27 55 30 3 1707
0 48 52 40 58 34 3 1708
1 44 6 48 6 57 1 1709
1 7 49 2 28 2 1 1710
1 28 98 19 98 23 1 1711
1 69 60 35 62 38 1 1712
0 118 21 19 27 39 6 1713
0 8 49 35 59 31 5 1714
1 90 57 29 59 28 1 1715
0 16 69 45 65 49 3 1716
0 139 61 38 59 36 3 1717
0 142 43 54 45 61 3 1718
1 47 6 67 6 51 1 1719
0 44 54 18 54 24 3 1720
0 52 39 46 41 42 3 1721
0 50 42 12 40 13 3 1722
1 116 60 50 51 59 2 1723
1 96 60 30 57 34 1 1724
1 19 48 20 42 20 1 1725
0 101 70 6 76 8 3 1726
0 92 66 38 66 35 3 1727
1 109 49 38 44 37 1 1728
1 72 98 18 98 12 5 1729
0 88 58 47 59 37 5 1730
0 5 55 36 56 33 3 1731
1 38 55 46 56 50 2 1732
1 19 67 93 64 92 1 1733
1 43 49 40 47 34 1 1734
1 97 45 4 42 2 1 1735
0 81 54 24 53 29 3 1736
0 7 48 80 45 80 4 1737
1 83 6 31 6 35 1 1738
1 75 6 35 5 45 1 1739
1 128 68 42 68 39 1 1740
0 115 50 35 57 37 3 1741
0 79 41 37 42 32 3 1742
0 88 38 47 43 31 3 1743
1 129 98 19 98 15 3 1744
0 130 56 52 62 48 5 1745
1 83 6 65 5 68 1 1746
0 62 55 2 60 2 3 1747
1 15 57 36 58 38 2 1748
0 66 61 18 58 18 3 1749
1 135 53 48 54 40 1 1750
0 26 53 52 54 50 3 1751
1 134 88 94 87 91 1 1752
1 45 63 45 65 44 3 1753
0 50 6 41 6 50 4 1754
0 91 86 5 84 4 3 1755
1 117 6 50 7 32 1 1756
0 51 32 54 29 54 5 1757
1 66 62 45 48 44 2 1758
1 96 29 46 32 45 1 1759
1 68 54 38 55 46 2 1760
0 44 6 65 5 69 3 1761
0 65 52 45 55 42 3 1762
0 1 51 42 53 41 3 1763
0 60 56 40 63 33 3 1764
0 55 56 59 59 54 3 1765
0 77 6 63 6 66 3 1766
1 32 25 41 24 39 2 1767
0 21 88 93 85 95 6 1768
1 47 61 30 54 29 1 1769
0 75 68 37 52 54 3 1770
1 11 66 47 63 55 1 1771
0 59 5 51 4 49 3 1772
0 124 65 1 56 1 3 1773
1 130 55 42 57 43 1 1774
0 45 62 31 60 36 3 1775
1 112 5 68 6 66 1 1776
0 44 59 36 60 31 3 1777
1 15 45 4 48 3 1 1778
0 25 56 43 59 37 3 1779
0 18 92 35 90 46 3 1780
1 29 51 47 49 48 1 1781
1 99 72 69 69 68 3 1782
1 116 56 64 55 55 1 1783
1 73 57 39 64 29 3 1784
0 135 48 54 47 50 3 1785
1 102 51 55 35 62 1 1786
0 14 88 93 86 92 3 1787
0 48 53 49 56 38 3 1788
1 124 59 1 54 2 5 1789
1 19 43 59 41 57 2 1790
1 122 55 23 55 26 1 1791
0 118 66 93 67 89 4 1792
0 119 45 2 49 2 3 1793
1 21 53 42 47 39 1 1794
0 4 50 49 56 25 3 1795
1 29 62 36 56 34 4 1796
0 107 12 23 27 99 3 1797
0 55 53 42 48 56 3 1798
1 94 54 53 50 53 1 1799
1 143 58 17 56 18 2 1800
1 123 31 59 32 55 2 1801
0 133 32 58 31 42 4 1802
1 26 45 20 49 19 1 1803
1 8 53 38 49 37 1 1804
0 14 60 18 56 18 3 1805
0 139 41 36 38 39 3 1806
1 109 31 51 30 47 2 1807
0 17 53 1 50 2 3 1808
1 26 7 54 7 38 3 1809
0 46 38 5 41 5 3 1810
0 66 6 49 6 55 3 1811
0 114 64 28 63 20 3 1812
1 25 57 34 31 11 2 1813
1 78 90 45 90 48 2 1814
0 66 35 50 35 56 3 1815
0 139 77 6 81 5 3 1816
0 114 57 42 67 44 3 1817
0 56 70 35 68 34 3 1818
0 6 87 94 88 91 3 1819
0 137 42 2 47 2 3 1820
1 70 67 73 72 66 1 1821
0 128 54 41 31 42 3 1822
1 88 59 36 16 44 5 1823
0 133 60 49 59 57 3 1824
0 91 49 47 48 49 3 1825
0 4 61 29 57 29 3 1826
1 88 67 37 68 40 1 1827
0 40 51 2 61 1 3 1828
0 35 85 92 88 93 3 1829
1 97 44 34 42 30 3 1830
0 81 59 25 56 32 3 1831
0 105 50 18 52 17 3 1832
1 12 68 42 61 40 5 1833
0 113 64 26 56 38 3 1834
0 13 43 38 81 4 3 1835
0 86 56 73 60 73 3 1836
1 13 6 64 6 69 4 1837
0 19 56 37 51 34 3 1838
0 141 43 12 41 13 3 1839
0 23 70 40 71 34 3 1840
1 134 98 22 98 25 1 1841
1 134 70 6 79 5 1 1842
0 3 65 94 67 93 4 1843
1 101 58 80 43 80 1 1844
1 96 45 59 48 59 4 1845
0 28 58 19 57 15 3 1846
1 96 43 11 41 12 1 1847
1 141 69 41 73 34 2 1848
1 98 53 48 55 44 2 1849
0 83 54 39 55 46 3 1850
0 66 62 40 56 50 3 1851
1 66 64 43 64 40 1 1852
1 43 68 72 71 73 4 1853
1 28 46 54 31 55 1 1854
1 72 49 56 46 58 3 1855
0 53 45 3 36 4 3 1856
1 127 63 45 62 51 1 1857
1 12 57 29 60 26 2 1858
1 96 57 43 48 49 1 1859
1 117 56 48 55 51 2 1860
0 65 47 2 41 3 3 1861
1 37 86 5 87 3 4 1862
1 45 48 2 52 1 1 1863
1 0 58 38 58 41 2 1864
0 105 65 38 67 40 3 1865
0 76 33 46 28 57 4 1866
1 43 41 36 36 43 1 1867
1 6 54 26 46 31 3 1868
0 79 30 53 29 57 3 1869
1 91 47 38 53 47 1 1870
0 114 71 38 61 30 3 1871
0 41 52 47 52 52 5 1872
1 121 37 40 41 42 5 1873
1 27 6 53 6 40 1 1874
1 52 5 31 22 65 2 1875
1 39 41 75 42 72 1 1876
1 30 53 1 50 2 1 1877
1 134 59 35 44 40 2 1878
1 48 48 19 40 20 2 1879
0 138 45 49 30 43 3 1880
0 81 60 48 49 50 3 1881
1 102 50 18 47 19 5 1882
0 49 67 92 66 94 3 1883
0 69 68 74 70 75 3 1884
1 79 86 2 84 3 1 1885
1 5 55 76 31 78 1 1886
1 32 56 29 55 34 1 1887
0 72 65 42 63 47 3 1888
1 143 45 4 48 2 6 1889
0 53 47 32 48 29 3 1890
0 6 81 6 83 4 3 1891
0 15 61 1 64 1 3 1892
0 115 45 4 41 4 3 1893
1 131 3 96 1 95 1 1894
0 85 39 12 37 13 3 1895
0 94 60 32 68 20 3 1896
0 101 31 42 32 46 3 1897
1 78 69 40 64 43 1 1898
1 73 62 41 58 41 1 1899
1 26 52 37 49 30 2 1900
0 99 49 19 48 21 3 1901
1 66 69 42 65 45 1 1902
0 138 72 38 72 41 3 1903
1 66 69 39 71 34 1 1904
0 45 49 2 52 2 3 1905
1 139 60 27 45 24 1 1906
0 113 61 42 61 38 3 1907
0 28 52 53 46 59 3 1908
1 65 55 22 47 24 1 1909
0 80 30 43 34 40 3 1910
0 87 64 41 56 50 3 1911
1 84 56 20 53 21 1 1912
1 60 39 13 36 13 1 1913
1 136 88 94 83 97 1 1914
1 39 61 35 50 47 5 1915
0 67 6 67 6 64 3 1916
0 72 53 48 55 49 6 1917
0 12 61 22 57 28 3 1918
1 128 60 25 60 22 2 1919
1 4 51 32 48 29 6 1920
1 69 49 29 50 32 1 1921
0 39 58 35 51 49 3 1922
1 37 6 25 6 28 1 1923
0 78 61 36 58 46 3 1924
1 86 6 34 6 39 5 1925
1 1 5 67 5 70 4 1926
1 46 59 54 53 69 2 1927
0 5 45 44 48 46 3 1928
0 122 6 68 6 63 3 1929
1 108 68 77 69 75 1 1930
1 101 51 2 46 2 2 1931
0 38 48 55 52 47 3 1932
0 127 60 39 57 46 3 1933
1 68 61 31 60 35 1 1934
1 143 73 36 67 41 1 1935
1 7 28 57 29 65 4 1936
1 58 66 41 69 37 1 1937
0 113 6 37 6 27 3 1938
1 17 64 18 52 22 1 1939
1 91 53 45 48 58 1 1940
1 48 54 45 55 41 1 1941
0 96 53 50 37 50 3 1942
0 9 49 54 53 53 6 1943
1 137 44 3 50 2 3 1944
0 62 68 72 69 74 4 1945
0 64 49 75 50 71 3 1946
1 48 34 45 29 52 1 1947
1 3 59 18 60 16 1 1948
1 76 57 76 62 69 4 1949
1 79 53 16 54 14 1 1950
0 5 55 40 54 37 4 1951
0 40 54 24 52 30 3 1952
1 102 52 40 49 33 1 1953
0 35 65 42 61 41 3 1954
0 108 59 2 63 1 5 1955
1 16 60 50 62 49 3 1956
1 120 55 39 55 42 2 1957
1 28 52 31 53 54 1 1958
0 120 57 38 55 39 3 1959
0 39 48 48 55 40 6 1960
1 49 29 55 22 85 2 1961
0 39 73 30 71 39 3 1962
1 32 58 1 54 2 2 1963
1 35 50 2 52 1 1 1964
1 108 52 76 57 77 1 1965
1 57 48 52 53 44 1 1966
1 38 59 23 60 28 1 1967
0 80 35 41 29 46 3 1968
1 71 59 48 57 49 1 1969
0 16 51 30 48 28 3 1970
1 118 44 66 50 52 3 1971
1 69 98 23 98 30 1 1972
0 84 55 43 50 57 3 1973
1 48 67 73 68 77 1 1974
0 116 57 60 50 79 6 1975
1 108 5 63 5 58 2 1976
0 96 26 55 24 56 3 1977
0 88 56 46 58 54 6 1978
0 84 48 52 52 48 3 1979
0 122 63 83 64 81 3 1980
0 134 81 5 79 6 3 1981
0 132 59 77 25 80 3 1982
0 66 45 32 41 31 3 1983
0 54 6 69 6 65 3 1984
0 21 41 20 43 22 3 1985
1 91 49 38 57 28 3 1986
0 62 55 57 52 61 3 1987
0 50 34 23 33 20 3 1988
0 127 7 47 7 54 3 1989
1 76 57 49 45 47 1 1990
1 8 22 19 34 24 1 1991
1 77 65 1 44 3 1 1992
1 15 65 1 62 1 1 1993
0 128 60 23 53 43 3 1994
1 128 6 53 7 47 2 1995
1 128 31 44 28 54 1 1996
1 137 32 54 31 46 1 1997
0 33 53 25 53 28 3 1998
1 13 87 93 84 94 1 1999
