1 105 58 53 47 42 2 0
1 21 52 56 53 16 3 1
0 129 56 41 52 38 3 2
0 21 55 49 52 61 3 3
1 2 55 60 56 45 2 4
0 143 53 65 54 61 3 5
1 125 56 41 60 47 1 6
1 130 56 45 55 44 1 7
0 53 53 47 59 43 3 8
1 105 53 52 57 49 2 9
0 21 55 49 59 41 3 10
1 62 54 51 56 47 1 11
1 62 49 38 40 33 6 12
1 143 56 57 57 57 1 13
1 62 58 57 59 44 2 14
0 103 57 47 57 44 3 15
0 62 58 47 60 37 3 16
1 103 55 58 55 58 1 17
0 135 57 48 57 53 3 18
1 103 54 63 54 60 1 19
0 103 52 65 50 55 3 20
1 103 57 47 50 58 1 21
0 64 58 41 56 50 3 22
0 143 53 55 24 54 3 23
0 103 59 48 52 62 3 24
1 21 53 55 54 52 1 25
0 60 56 42 54 48 3 26
1 80 57 41 60 41 3 27
1 21 60 48 49 57 1 28
1 139 56 56 58 51 1 29
0 52 56 40 48 58 3 30
0 103 58 54 53 65 5 31
1 105 57 42 55 44 3 32
1 82 43 48 43 56 1 33
1 29 55 57 53 64 2 34
1 143 59 47 59 51 1 35
0 103 56 56 60 47 3 36
1 21 56 48 50 41 2 37
1 82 55 47 56 49 2 38
0 134 53 51 54 49 3 39
0 62 50 61 48 61 3 40
1 62 49 57 59 41 1 41
0 143 59 48 54 55 6 42
1 57 52 53 48 57 1 43
1 62 53 62 54 52 2 44
0 62 56 48 58 44 5 45
0 21 55 48 59 50 5 46
0 143 55 44 50 55 3 47
0 38 56 46 56 45 3 48
0 62 51 59 53 55 3 49
0 103 54 51 48 61 5 50
1 89 56 43 54 51 2 51
0 103 55 61 56 58 3 52
1 103 57 47 53 53 1 53
0 92 49 55 46 79 3 54
0 21 54 59 54 51 3 55
1 103 59 44 58 56 1 56
0 21 52 53 48 59 3 57
0 9 54 53 55 48 3 58
1 62 58 51 53 64 5 59
0 27 57 56 48 75 3 60
1 143 46 67 44 71 1 61
0 62 54 61 52 67 3 62
0 120 57 42 54 42 3 63
0 30 54 63 55 55 3 64
1 45 56 41 52 51 2 65
1 116 51 52 50 60 1 66
0 143 60 48 55 48 3 67
1 143 55 59 61 37 6 68
0 63 42 30 49 30 3 69
0 62 58 40 60 47 3 70
1 105 58 43 55 44 1 71
0 8 56 55 47 62 3 72
1 21 51 53 55 50 1 73
1 103 56 42 56 50 6 74
0 29 58 56 59 43 3 75
1 15 47 69 28 99 4 76
1 62 51 60 52 62 3 77
0 137 54 52 53 51 3 78
0 139 57 41 50 59 3 79
1 143 55 44 56 48 1 80
1 29 56 55 62 39 2 81
1 119 53 65 52 67 1 82
0 76 52 55 35 48 3 83
0 88 59 46 58 50 3 84
1 110 55 50 51 69 1 85
0 103 50 59 54 51 3 86
0 143 57 54 32 57 3 87
0 54 46 65 32 99 3 88
1 62 60 51 60 35 2 89
1 103 53 60 52 55 1 90
1 110 48 39 47 28 1 91
1 103 52 52 50 54 2 92
1 133 59 48 50 57 1 93
0 21 59 44 55 49 3 94
0 38 49 58 60 47 3 95
1 34 53 55 54 50 1 96
0 137 58 53 51 58 3 97
1 72 61 36 60 47 2 98
1 120 55 56 55 47 2 99
0 62 51 55 52 61 5 100
1 21 55 48 60 47 3 101
1 62 59 49 52 65 5 102
0 103 51 66 56 59 3 103
1 103 51 53 49 62 1 104
0 62 58 49 57 54 3 105
0 62 48 60 57 41 5 106
0 55 53 62 53 64 3 107
1 122 57 55 57 57 1 108
1 143 54 63 56 46 1 109
0 62 48 59 54 49 3 110
1 143 52 53 53 54 1 111
0 21 61 16 62 17 4 112
0 139 56 50 53 54 4 113
0 43 58 50 60 39 4 114
1 21 60 47 50 58 1 115
0 53 57 42 60 47 3 116
1 103 57 45 54 50 1 117
1 114 58 47 56 56 1 118
0 21 60 47 55 45 3 119
1 21 59 41 50 60 2 120
1 62 54 54 52 56 1 121
1 27 58 49 55 50 1 122
1 78 58 28 58 42 2 123
1 62 54 50 30 52 2 124
0 42 55 44 51 38 3 125
1 103 56 38 54 49 2 126
1 143 52 27 53 60 5 127
1 59 49 58 57 33 2 128
0 88 52 68 55 25 3 129
1 62 56 45 53 51 2 130
0 23 52 62 49 62 3 131
0 21 40 82 40 82 3 132
1 44 55 61 59 54 1 133
0 138 57 47 55 49 4 134
1 62 57 45 56 50 1 135
1 62 58 55 57 53 1 136
0 11 55 49 55 46 3 137
0 103 53 54 49 61 3 138
0 88 57 46 59 47 3 139
0 67 49 61 50 70 3 140
1 143 55 48 58 50 5 141
0 50 52 64 54 53 3 142
0 21 54 54 58 45 3 143
0 21 49 60 55 45 3 144
1 62 54 63 46 84 5 145
1 102 53 44 55 27 3 146
1 103 59 43 58 41 1 147
1 8 52 66 56 41 1 148
1 62 57 43 55 22 2 149
1 126 58 52 55 59 1 150
1 139 62 36 56 42 1 151
1 143 57 48 57 50 3 152
1 103 56 43 60 41 6 153
1 103 53 61 50 57 1 154
0 58 57 54 54 55 3 155
1 62 47 38 44 35 1 156
0 62 54 49 65 48 3 157
1 124 54 47 55 47 2 158
0 21 60 40 61 38 3 159
0 21 55 57 52 52 3 160
0 143 59 46 51 55 5 161
0 103 58 50 54 43 3 162
0 62 59 44 61 36 3 163
1 103 51 55 50 53 1 164
1 2 54 62 50 60 3 165
0 143 53 54 58 55 3 166
0 21 60 41 49 60 3 167
1 143 49 60 52 61 5 168
1 143 49 56 50 61 1 169
1 126 56 42 57 45 1 170
1 12 55 48 55 32 1 171
0 62 55 48 49 60 5 172
1 42 49 42 55 60 2 173
1 136 57 50 58 57 1 174
1 58 53 61 51 55 2 175
1 62 57 46 56 41 1 176
1 19 59 47 53 65 2 177
0 2 59 45 56 61 3 178
0 143 58 49 59 50 5 179
0 52 59 50 49 62 3 180
1 18 57 42 64 10 1 181
1 62 55 52 55 49 1 182
0 21 54 59 50 55 3 183
1 84 58 54 59 51 1 184
1 62 50 60 51 55 5 185
0 21 50 71 46 68 3 186
1 143 57 32 57 29 2 187
1 21 45 83 40 85 1 188
0 143 55 54 54 60 6 189
1 72 54 51 54 49 1 190
0 62 58 50 60 39 3 191
0 103 57 42 54 51 3 192
1 62 57 45 59 44 1 193
1 21 57 50 57 44 1 194
0 143 51 54 60 47 3 195
1 115 53 54 21 37 1 196
1 96 61 37 53 63 1 197
0 19 57 49 57 41 3 198
1 46 51 59 50 59 2 199
0 21 49 62 51 41 3 200
1 103 57 46 49 58 1 201
1 73 58 45 60 42 1 202
1 105 54 58 58 52 1 203
1 62 55 44 60 40 1 204
0 23 56 48 58 40 3 205
0 62 56 41 55 46 3 206
0 62 55 48 52 56 6 207
1 33 57 55 55 47 1 208
1 35 54 62 35 83 2 209
0 117 59 44 54 45 3 210
1 21 43 48 50 55 1 211
0 103 57 53 56 48 5 212
1 29 55 50 38 37 2 213
1 10 55 48 55 46 1 214
1 21 55 48 51 68 6 215
0 62 48 58 49 63 3 216
0 62 50 55 55 50 3 217
0 71 54 49 57 50 3 218
1 62 54 60 48 39 6 219
1 73 57 41 56 44 1 220
1 103 49 59 50 39 1 221
1 99 49 59 54 61 2 222
0 103 57 48 56 42 5 223
0 95 52 52 59 41 3 224
1 103 53 65 55 60 2 225
0 143 55 48 56 50 3 226
0 4 52 63 56 59 4 227
1 62 52 59 53 63 1 228
0 46 59 46 53 30 3 229
0 143 57 49 57 56 4 230
0 143 53 52 60 39 3 231
1 62 56 44 54 50 1 232
1 103 58 47 55 50 3 233
0 139 53 62 54 60 3 234
0 132 57 41 56 50 3 235
0 63 54 59 52 52 3 236
0 42 59 45 61 37 3 237
1 57 59 45 57 53 1 238
0 143 38 57 49 56 3 239
0 87 57 47 55 45 3 240
0 21 55 57 49 59 3 241
1 103 60 42 54 54 2 242
1 46 62 38 58 52 3 243
1 21 50 60 51 55 1 244
0 6 57 55 56 59 3 245
1 88 50 58 52 54 2 246
0 82 54 62 53 52 3 247
1 103 99 57 58 54 2 248
0 143 55 57 49 60 3 249
1 56 54 64 56 58 1 250
1 12 57 54 56 48 1 251
0 143 60 49 58 53 3 252
0 62 55 51 52 54 6 253
0 143 57 41 53 65 3 254
1 42 60 44 51 56 1 255
0 62 56 51 60 37 3 256
1 103 56 48 51 58 1 257
1 2 56 56 59 54 1 258
1 103 54 63 54 50 5 259
1 62 53 56 53 60 5 260
1 103 56 46 53 52 1 261
1 115 58 49 56 46 1 262
0 62 51 57 54 60 3 263
1 132 60 46 55 44 1 264
0 82 53 52 51 59 3 265
0 61 57 54 54 57 3 266
1 22 54 53 54 49 1 267
0 67 49 48 53 49 3 268
1 45 47 77 58 44 1 269
1 103 58 28 61 16 1 270
0 62 19 30 19 24 3 271
1 143 61 37 58 48 3 272
0 103 57 41 55 60 3 273
0 78 55 48 60 44 3 274
0 143 56 41 56 47 3 275
0 143 55 51 57 40 3 276
0 143 56 47 54 30 3 277
1 62 52 54 35 75 6 278
0 62 50 57 50 61 3 279
1 103 57 54 50 55 1 280
0 27 59 54 56 44 3 281
0 103 52 52 55 60 6 282
0 103 49 38 51 38 3 283
1 62 57 46 46 78 1 284
1 21 50 55 53 63 2 285
1 136 54 53 57 41 1 286
0 17 52 52 57 50 3 287
1 21 57 44 39 91 1 288
1 62 57 29 39 49 1 289
1 57 55 58 58 54 2 290
1 103 59 45 58 43 3 291
1 21 55 48 58 52 1 292
1 120 56 56 51 53 2 293
1 103 51 57 53 56 5 294
1 14 60 44 44 54 2 295
1 32 59 43 53 62 2 296
0 143 60 47 51 54 5 297
1 62 58 41 54 51 1 298
1 62 49 58 50 54 1 299
0 8 56 45 55 51 3 300
1 28 55 45 57 53 2 301
0 23 52 52 54 45 3 302
0 62 60 49 58 49 3 303
0 143 54 50 52 51 3 304
1 2 50 59 55 48 2 305
1 48 54 53 59 45 1 306
0 21 60 44 61 40 5 307
1 21 51 55 56 44 1 308
0 82 60 47 52 55 3 309
0 103 60 47 55 43 3 310
1 21 58 29 28 42 1 311
0 0 55 51 61 36 3 312
1 107 55 47 50 58 2 313
1 21 56 40 53 65 1 314
0 21 43 48 43 48 5 315
0 143 58 42 62 39 3 316
0 103 59 45 58 43 3 317
1 42 51 53 49 59 1 318
1 78 49 57 49 57 1 319
1 89 56 41 47 37 2 320
0 7 58 56 58 17 3 321
1 17 55 58 55 61 1 322
0 139 60 46 50 33 3 323
1 1 56 43 45 83 1 324
0 21 59 47 57 51 3 325
1 62 58 40 49 59 1 326
1 21 49 58 55 43 1 327
0 103 53 53 49 58 3 328
0 62 56 55 54 43 4 329
1 21 49 56 51 54 1 330
0 83 56 46 56 58 3 331
0 103 46 34 45 35 6 332
1 123 56 49 57 45 1 333
1 103 49 59 60 45 2 334
1 58 52 52 40 90 1 335
0 62 52 62 49 60 3 336
0 74 54 62 53 64 3 337
1 103 53 52 41 53 1 338
0 51 58 52 56 47 3 339
1 36 57 48 47 30 1 340
0 19 53 54 59 45 3 341
1 143 56 47 55 49 1 342
1 62 51 39 60 46 1 343
1 131 56 46 54 48 1 344
0 62 58 53 59 48 5 345
1 103 48 60 51 55 1 346
1 62 13 17 42 52 1 347
0 112 55 41 57 49 3 348
0 21 50 71 47 68 3 349
0 126 54 61 48 76 3 350
0 142 53 54 55 50 3 351
1 143 53 51 56 50 1 352
1 41 54 48 56 41 4 353
1 27 55 50 60 46 3 354
0 21 54 59 57 53 3 355
0 33 61 36 57 39 3 356
0 62 58 54 51 55 3 357
0 143 59 46 59 46 6 358
0 10 60 43 56 50 3 359
1 48 57 50 55 43 2 360
0 143 50 56 57 42 3 361
1 93 50 39 46 37 1 362
0 53 60 47 56 58 3 363
0 31 50 57 57 51 3 364
1 103 54 51 45 67 1 365
1 25 60 48 52 51 1 366
0 103 57 43 59 37 5 367
1 0 49 58 54 60 3 368
1 21 55 43 56 50 2 369
0 103 50 37 45 31 3 370
0 65 59 45 61 38 3 371
0 42 56 56 57 48 3 372
1 62 52 54 54 50 1 373
0 100 58 50 43 86 3 374
1 103 58 48 55 46 2 375
0 138 52 64 52 66 3 376
0 103 46 37 52 66 5 377
1 4 60 41 59 40 1 378
0 17 43 52 47 55 4 379
1 21 54 48 57 54 1 380
1 0 56 58 54 61 1 381
1 62 54 54 56 49 1 382
0 103 59 45 58 50 3 383
0 124 50 59 54 51 3 384
1 103 54 62 52 66 1 385
1 21 55 48 51 68 1 386
1 21 60 47 56 49 1 387
1 62 52 67 46 74 5 388
1 62 54 51 59 45 1 389
0 72 56 42 56 60 3 390
1 62 56 51 38 47 1 391
1 62 55 58 55 58 1 392
0 103 53 49 51 38 6 393
1 15 55 43 54 39 1 394
0 133 59 43 48 59 3 395
0 18 51 57 51 55 3 396
1 103 57 45 55 48 1 397
1 103 52 55 55 48 5 398
1 72 55 56 49 68 4 399
1 103 49 59 51 59 1 400
1 44 55 53 52 66 2 401
0 62 56 54 58 50 3 402
0 21 59 43 49 56 3 403
1 29 57 48 57 50 1 404
0 103 55 51 60 41 3 405
1 123 49 58 56 51 2 406
0 107 52 55 52 67 3 407
1 143 51 57 57 42 5 408
1 62 52 54 55 48 3 409
0 120 53 65 44 57 3 410
0 103 13 17 52 32 3 411
0 116 54 63 54 61 3 412
1 29 58 49 48 69 1 413
1 21 49 45 57 41 1 414
0 21 56 44 54 51 3 415
1 103 52 66 53 52 1 416
1 143 58 53 52 54 4 417
0 21 55 47 59 41 3 418
1 98 59 43 55 61 1 419
0 143 51 57 50 58 3 420
1 125 52 64 55 62 1 421
0 21 56 44 57 50 3 422
1 143 52 62 49 61 5 423
1 111 52 55 54 48 1 424
1 38 53 64 56 58 1 425
0 62 55 48 55 43 3 426
1 61 60 40 55 49 2 427
0 143 59 45 61 39 3 428
1 120 43 55 44 57 1 429
1 30 51 53 55 50 1 430
0 103 50 58 55 49 3 431
0 119 54 46 54 62 3 432
0 103 50 57 52 53 3 433
1 10 50 61 53 29 4 434
1 130 56 40 54 43 1 435
1 21 50 57 49 58 1 436
0 62 60 39 49 60 3 437
1 40 52 54 52 53 4 438
0 21 50 60 49 62 5 439
1 62 56 40 57 42 1 440
0 21 57 53 54 49 3 441
1 103 56 58 54 51 5 442
0 103 55 49 55 49 5 443
0 136 53 52 49 58 3 444
0 101 59 44 60 47 3 445
0 103 55 60 57 52 5 446
1 110 53 48 56 50 2 447
1 21 57 41 60 48 1 448
1 143 53 64 58 52 3 449
0 84 58 29 50 57 3 450
1 62 50 56 59 54 2 451
1 143 58 41 53 51 1 452
1 136 55 46 47 59 2 453
0 143 54 59 56 40 3 454
1 75 56 44 49 57 2 455
1 103 56 49 48 58 5 456
1 143 52 68 55 61 3 457
1 143 56 45 52 51 3 458
0 62 60 38 58 52 3 459
1 21 54 43 50 55 1 460
1 21 56 49 57 45 1 461
1 21 49 59 39 32 1 462
0 143 56 50 49 58 3 463
0 127 50 57 48 58 3 464
1 32 47 42 49 42 1 465
1 143 59 45 59 31 4 466
0 109 60 49 55 60 3 467
0 50 55 58 54 62 4 468
0 103 56 46 53 48 3 469
0 62 55 44 50 59 3 470
1 91 57 42 52 67 1 471
1 21 58 47 57 55 3 472
1 93 52 52 56 46 1 473
0 48 54 42 51 22 3 474
1 62 60 51 55 47 1 475
0 0 58 55 55 58 3 476
0 16 55 53 55 57 3 477
1 103 50 56 47 67 1 478
1 103 54 53 54 50 2 479
0 101 51 54 41 53 3 480
0 103 43 48 40 50 3 481
0 103 52 52 59 54 3 482
1 103 56 51 55 50 2 483
0 3 51 39 60 48 3 484
0 132 52 68 54 63 3 485
1 103 59 51 60 46 1 486
1 143 55 61 52 63 1 487
1 103 53 66 49 58 1 488
0 131 55 48 57 24 3 489
0 23 56 59 56 59 3 490
0 93 49 58 48 58 3 491
1 25 58 41 23 58 2 492
0 21 55 51 46 38 3 493
0 95 50 56 43 57 3 494
0 62 57 47 51 54 3 495
0 142 47 64 52 63 3 496
0 83 54 50 57 51 3 497
1 143 52 68 44 53 2 498
0 40 60 47 59 54 3 499
0 75 59 47 57 43 3 500
1 21 57 48 57 48 2 501
1 82 56 50 51 38 1 502
1 21 50 55 56 42 2 503
0 21 55 61 55 49 5 504
0 8 60 39 58 51 3 505
1 119 53 51 51 54 1 506
1 21 54 52 55 48 1 507
0 60 57 30 49 30 3 508
0 83 53 65 52 53 3 509
0 21 58 54 60 47 3 510
1 103 55 46 58 50 1 511
0 139 56 38 57 51 3 512
1 108 62 39 59 47 1 513
0 45 55 48 55 47 3 514
1 143 60 43 57 49 1 515
0 62 56 47 49 60 3 516
1 34 61 35 57 45 1 517
1 110 58 54 33 58 1 518
0 143 57 42 48 30 3 519
1 143 60 41 59 49 1 520
1 106 42 36 50 40 3 521
0 103 51 64 60 49 3 522
1 21 51 63 52 50 2 523
1 135 55 60 58 50 1 524
1 143 52 57 60 40 1 525
0 21 59 48 44 55 3 526
0 62 55 56 54 57 6 527
0 63 60 43 57 43 4 528
0 118 51 40 58 42 3 529
1 21 44 56 43 52 1 530
0 112 52 52 58 47 3 531
1 135 56 57 55 59 1 532
1 21 58 57 59 47 1 533
1 53 55 48 27 28 1 534
0 61 51 59 57 58 3 535
0 21 51 58 61 39 5 536
0 143 59 50 56 45 3 537
0 62 33 58 43 56 3 538
1 21 50 59 51 52 1 539
0 95 55 47 57 57 3 540
0 143 42 53 36 49 3 541
1 103 52 68 53 66 4 542
1 131 53 55 50 56 2 543
1 16 59 46 56 42 1 544
0 143 58 54 58 41 3 545
1 4 55 60 50 61 2 546
0 85 60 42 52 53 3 547
0 80 50 55 51 57 3 548
1 2 57 54 51 56 1 549
1 143 54 28 50 54 1 550
1 14 54 51 53 50 1 551
1 62 53 56 59 41 4 552
0 138 48 58 55 61 3 553
1 2 54 43 59 37 2 554
0 95 57 51 54 50 3 555
0 16 54 62 53 55 4 556
1 129 52 55 56 45 2 557
1 68 47 59 55 42 1 558
0 62 49 61 59 41 5 559
1 62 61 38 62 36 1 560
1 83 58 42 53 30 1 561
0 29 59 48 61 39 3 562
0 62 58 31 55 21 3 563
1 115 47 66 50 68 1 564
0 63 51 52 58 55 3 565
0 25 59 40 54 43 3 566
0 62 47 69 54 48 3 567
1 21 55 51 53 48 5 568
0 44 59 49 54 50 3 569
0 103 55 48 57 53 3 570
1 21 59 46 59 49 5 571
0 62 50 62 55 62 5 572
1 62 53 51 51 55 5 573
0 143 59 45 55 43 3 574
1 143 57 51 57 48 1 575
0 8 44 53 44 53 3 576
1 103 55 58 49 57 1 577
0 21 49 60 32 51 3 578
1 103 55 42 56 42 2 579
1 62 55 48 56 50 1 580
0 143 56 59 55 57 5 581
1 103 60 48 58 50 1 582
1 23 60 38 50 54 1 583
1 131 51 57 52 56 2 584
1 103 54 61 57 59 2 585
1 48 56 46 56 46 1 586
1 143 60 39 52 54 6 587
0 62 55 49 58 43 3 588
0 21 57 40 60 43 3 589
0 42 57 49 54 53 3 590
1 4 54 62 50 66 2 591
0 62 55 48 53 52 3 592
0 38 60 40 59 54 3 593
0 33 48 62 49 59 3 594
0 44 57 46 58 30 3 595
1 103 57 46 55 57 5 596
1 49 58 50 58 52 1 597
0 62 57 43 51 55 3 598
0 21 54 40 46 37 3 599
1 21 52 56 48 57 2 600
0 54 58 53 59 54 3 601
1 68 57 55 50 61 2 602
1 103 57 47 49 59 1 603
0 16 57 50 51 56 3 604
1 62 55 52 56 38 5 605
1 84 52 55 41 52 1 606
0 143 55 51 53 51 3 607
1 137 58 49 61 38 1 608
1 37 53 50 59 47 1 609
1 62 59 40 55 48 1 610
1 103 55 59 51 54 5 611
0 95 57 48 55 48 3 612
0 46 53 28 54 24 3 613
0 18 51 55 55 59 3 614
0 143 58 48 51 57 3 615
1 20 58 49 56 38 2 616
1 42 49 39 59 50 1 617
1 39 49 70 53 54 3 618
1 62 51 57 50 40 1 619
1 103 56 41 56 50 5 620
0 21 59 48 54 52 3 621
1 110 51 56 55 60 2 622
0 143 55 46 54 49 3 623
1 48 58 55 48 59 1 624
1 100 53 64 56 59 2 625
0 20 51 53 55 55 4 626
0 103 61 40 54 62 3 627
1 143 55 41 62 40 1 628
0 143 50 55 45 82 3 629
1 143 48 60 59 51 1 630
0 17 57 30 58 45 3 631
0 102 53 54 54 51 3 632
0 7 56 56 53 52 3 633
1 103 49 61 60 44 3 634
1 14 51 58 50 59 1 635
0 95 60 47 59 45 3 636
1 21 58 54 51 56 1 637
1 143 54 61 50 56 1 638
0 21 51 53 47 61 3 639
1 98 56 51 49 59 1 640
0 143 57 46 57 49 3 641
0 143 48 57 59 42 3 642
1 62 52 53 55 45 1 643
1 62 58 49 58 41 1 644
0 21 46 37 56 41 3 645
0 35 56 50 50 31 3 646
1 15 57 40 55 45 2 647
1 58 56 52 58 40 4 648
1 62 54 49 52 52 2 649
1 46 57 54 54 61 1 650
1 62 57 44 57 41 1 651
0 74 56 60 55 63 3 652
1 21 55 42 55 43 2 653
1 40 13 17 47 40 2 654
0 62 48 61 50 58 3 655
0 51 60 44 56 45 3 656
0 95 60 38 49 62 3 657
1 121 55 44 55 48 3 658
1 127 52 54 42 55 1 659
1 0 59 49 62 38 1 660
1 62 56 45 41 36 1 661
0 29 55 58 55 52 4 662
0 87 58 53 54 62 3 663
0 103 50 56 53 54 3 664
0 20 58 49 60 41 3 665
0 71 59 41 54 51 3 666
0 91 51 57 38 37 3 667
0 21 55 26 60 16 3 668
1 21 54 58 60 46 1 669
0 143 59 49 58 39 3 670
1 4 52 52 57 53 1 671
1 111 48 67 52 66 2 672
1 62 52 63 59 43 1 673
0 79 55 49 53 48 3 674
0 143 49 58 57 54 3 675
0 21 55 49 56 56 3 676
1 28 54 59 57 55 3 677
1 103 54 53 45 66 1 678
1 143 58 47 58 54 1 679
0 121 43 54 37 49 3 680
1 103 57 42 60 39 2 681
1 31 56 47 60 45 2 682
0 62 59 44 48 67 3 683
1 25 56 44 57 45 1 684
1 65 56 40 57 50 1 685
0 62 57 50 55 47 3 686
0 21 60 40 55 44 3 687
1 126 55 59 51 59 2 688
0 21 55 48 55 27 3 689
0 78 48 64 49 68 3 690
1 17 55 47 59 47 2 691
0 103 60 46 58 45 3 692
1 2 55 61 55 49 3 693
1 21 49 70 51 54 5 694
1 23 60 45 58 50 1 695
1 74 58 54 57 55 1 696
0 62 50 58 49 61 3 697
0 103 52 57 49 58 3 698
1 25 60 41 47 67 1 699
1 143 49 62 51 58 6 700
0 122 55 44 57 50 3 701
1 142 59 39 56 50 2 702
0 143 59 46 60 47 6 703
1 103 58 53 46 81 1 704
0 57 58 47 49 75 3 705
0 118 55 57 60 50 3 706
0 143 58 43 53 52 3 707
0 97 53 65 46 82 3 708
1 29 54 44 60 37 2 709
0 21 56 43 59 42 3 710
0 90 56 55 62 37 3 711
1 101 50 39 48 37 2 712
1 38 52 64 46 82 3 713
0 8 58 41 55 48 4 714
0 2 51 55 49 54 3 715
0 21 48 59 57 50 3 716
1 60 56 44 58 53 2 717
1 8 59 47 59 42 1 718
1 103 56 47 54 49 5 719
0 21 57 53 55 47 3 720
0 62 53 54 50 55 3 721
1 129 56 46 56 48 1 722
0 103 60 47 59 44 3 723
1 21 56 55 57 49 2 724
0 16 54 52 53 47 3 725
1 103 33 58 54 50 5 726
1 103 52 26 58 52 5 727
0 143 44 48 43 47 5 728
1 143 57 49 53 15 1 729
1 29 52 52 51 54 1 730
0 41 55 40 55 40 3 731
0 1 57 39 46 37 3 732
1 50 54 61 50 55 1 733
1 62 50 55 54 40 1 734
0 62 52 27 58 40 3 735
1 103 53 51 56 44 3 736
1 62 56 49 54 28 2 737
1 130 56 46 57 50 1 738
0 103 55 45 49 60 3 739
0 62 55 44 50 25 3 740
1 21 58 45 35 27 1 741
1 143 59 43 51 40 5 742
1 118 56 57 52 64 1 743
0 40 56 55 60 47 3 744
1 21 59 44 12 54 1 745
0 62 48 57 48 61 3 746
1 62 57 56 56 59 1 747
0 100 51 58 51 53 3 748
1 21 56 25 46 38 1 749
1 127 59 47 55 47 1 750
0 21 58 56 58 50 5 751
0 4 50 61 51 56 3 752
1 143 58 45 54 50 1 753
1 99 53 51 58 47 1 754
1 21 61 41 55 49 1 755
0 17 54 43 55 43 3 756
0 72 59 50 58 50 3 757
1 40 56 43 55 48 1 758
0 100 54 42 61 36 3 759
0 135 53 53 52 52 3 760
0 21 57 55 56 55 3 761
1 62 51 60 53 55 5 762
1 21 61 39 55 51 1 763
1 95 61 39 53 51 1 764
0 143 55 49 58 40 3 765
1 143 53 63 54 46 4 766
1 69 60 40 57 48 2 767
1 143 57 46 47 51 6 768
1 103 59 43 59 48 1 769
1 21 59 45 61 44 1 770
0 130 59 43 49 62 3 771
1 21 52 53 49 62 5 772
0 62 55 46 60 38 3 773
1 143 49 66 47 76 1 774
1 62 59 45 60 48 1 775
0 103 56 60 54 62 5 776
0 78 56 42 57 34 3 777
1 87 55 48 54 45 3 778
0 103 51 55 48 58 3 779
0 24 52 52 53 48 3 780
1 42 56 46 59 44 1 781
0 103 57 49 59 49 3 782
1 140 55 43 56 47 2 783
0 103 53 61 51 55 4 784
0 62 56 42 50 72 3 785
0 21 52 57 37 49 5 786
0 92 53 55 59 54 3 787
1 62 49 57 50 56 1 788
0 62 57 56 60 36 3 789
0 115 48 39 56 41 3 790
0 143 50 67 47 63 3 791
0 62 61 40 55 49 5 792
0 62 51 55 57 44 3 793
0 11 48 39 48 31 3 794
0 103 56 42 53 61 3 795
1 52 59 47 59 49 1 796
1 103 50 67 49 62 1 797
0 62 56 56 48 59 6 798
1 21 57 29 57 24 1 799
1 8 61 36 58 41 1 800
0 21 54 44 58 53 3 801
0 103 49 58 50 70 3 802
1 127 59 48 49 38 1 803
0 21 62 37 57 54 5 804
1 88 50 60 48 65 1 805
0 62 55 53 55 53 3 806
0 21 54 54 51 53 3 807
1 138 55 52 60 47 2 808
1 143 60 48 54 51 1 809
1 72 50 58 51 56 1 810
1 21 54 50 57 49 2 811
1 21 57 49 54 49 2 812
1 74 55 55 55 56 1 813
0 103 52 58 50 57 3 814
0 105 58 54 60 48 4 815
1 143 36 49 42 56 2 816
1 28 39 52 42 53 1 817
0 143 51 38 57 31 3 818
1 50 60 43 61 41 1 819
0 21 52 55 51 56 3 820
0 113 55 41 49 58 3 821
1 99 53 53 49 58 2 822
0 69 58 40 54 49 3 823
0 62 54 49 54 39 3 824
0 61 58 52 58 50 3 825
1 114 49 58 49 61 1 826
0 62 53 56 51 52 3 827
1 62 46 36 44 33 1 828
0 21 59 46 50 58 5 829
0 129 49 60 52 63 3 830
0 143 53 53 55 50 5 831
0 62 60 48 60 46 5 832
1 76 50 41 46 37 4 833
1 103 52 51 50 40 1 834
0 62 59 47 55 48 3 835
1 105 52 56 55 51 1 836
0 21 51 53 56 43 3 837
1 103 55 51 55 51 6 838
0 42 52 56 50 58 3 839
1 77 44 86 47 80 1 840
0 21 57 42 58 49 6 841
1 52 60 47 52 57 1 842
0 21 55 51 57 46 4 843
1 143 48 40 48 35 2 844
1 62 56 48 53 54 1 845
1 21 58 53 58 50 1 846
0 103 53 53 53 53 3 847
0 143 51 58 49 57 3 848
1 61 53 52 54 54 1 849
0 103 54 63 49 62 3 850
1 62 59 41 53 65 5 851
0 21 61 36 58 52 6 852
1 143 50 57 48 57 1 853
0 103 52 56 52 53 3 854
1 143 52 53 56 50 2 855
0 45 54 51 54 46 3 856
0 103 60 42 52 53 3 857
0 21 59 45 59 40 3 858
0 21 55 48 21 38 6 859
1 15 55 31 51 40 2 860
1 103 52 57 52 53 1 861
1 76 51 67 46 68 1 862
0 143 53 54 51 52 3 863
0 103 49 59 54 50 3 864
0 67 54 50 55 48 3 865
0 54 59 43 54 62 3 866
1 143 50 56 52 55 2 867
0 21 57 45 54 42 5 868
0 107 59 54 60 44 3 869
1 143 60 37 55 62 1 870
1 21 51 54 56 44 1 871
0 62 57 46 59 27 3 872
0 131 58 47 59 37 3 873
1 21 49 60 49 67 5 874
1 80 59 48 56 55 3 875
1 65 55 58 50 57 2 876
1 62 54 53 54 54 1 877
1 97 55 57 58 52 1 878
1 143 49 58 56 59 1 879
1 12 57 48 57 53 1 880
0 21 48 58 51 54 3 881
0 21 56 41 52 53 3 882
0 80 57 55 53 65 3 883
1 21 56 50 52 52 4 884
0 103 60 43 57 41 3 885
1 116 55 51 49 56 1 886
1 103 47 75 48 73 6 887
1 103 61 45 54 50 5 888
0 103 50 71 52 68 3 889
1 62 53 54 54 50 1 890
0 21 59 40 59 43 3 891
0 109 50 48 46 51 3 892
0 67 60 40 59 43 3 893
1 143 54 58 57 50 2 894
0 137 54 60 51 64 3 895
1 57 55 44 50 56 2 896
1 64 57 41 50 25 1 897
0 21 58 41 55 49 3 898
0 143 53 51 52 54 3 899
1 131 52 58 54 63 3 900
0 21 52 55 60 44 3 901
1 21 57 45 54 42 1 902
0 143 50 49 55 51 3 903
1 6 51 55 59 47 1 904
1 103 53 51 54 47 3 905
1 101 60 47 58 52 1 906
0 86 59 41 55 58 3 907
0 143 61 40 60 50 3 908
0 62 54 51 55 44 3 909
1 143 46 82 46 79 2 910
1 122 42 57 21 55 1 911
0 62 57 46 51 54 3 912
1 6 53 51 57 48 1 913
0 129 54 59 52 56 3 914
0 21 56 41 59 49 5 915
0 103 53 55 49 61 3 916
1 21 53 61 48 61 2 917
1 21 59 44 56 50 5 918
1 143 55 60 56 56 1 919
0 103 58 45 51 55 3 920
1 129 58 47 57 42 1 921
1 103 57 45 56 51 1 922
1 21 60 38 52 50 5 923
0 142 48 60 50 55 3 924
0 103 49 58 54 59 5 925
0 76 52 52 48 59 3 926
1 103 56 56 60 49 1 927
1 21 56 47 48 59 1 928
0 103 56 48 53 52 3 929
1 103 53 54 54 51 1 930
1 62 49 55 61 36 1 931
1 61 54 60 51 57 2 932
0 122 61 40 59 46 3 933
0 62 61 47 55 44 3 934
0 120 48 58 56 49 3 935
1 42 51 56 48 55 2 936
0 103 59 42 56 49 3 937
0 19 51 68 49 68 3 938
0 143 55 50 59 47 3 939
0 82 56 43 56 43 3 940
0 21 55 48 53 51 3 941
0 143 52 54 40 49 3 942
1 62 52 64 55 62 2 943
0 62 43 52 57 40 3 944
0 8 57 41 50 59 3 945
1 62 59 49 50 56 1 946
0 62 46 37 52 57 3 947
0 106 55 49 54 45 3 948
1 103 55 43 54 49 2 949
0 103 53 52 55 49 3 950
1 62 58 47 56 44 1 951
1 103 53 49 55 48 2 952
0 84 49 59 55 41 4 953
0 14 54 54 54 65 3 954
0 55 14 17 49 39 3 955
0 82 59 48 56 38 3 956
1 55 57 40 55 49 1 957
0 120 59 43 57 50 3 958
0 75 51 55 56 55 3 959
1 62 58 46 58 52 1 960
1 62 50 60 50 61 2 961
0 62 57 49 49 58 3 962
1 21 57 46 58 44 5 963
0 12 56 55 60 41 3 964
1 88 59 50 58 50 2 965
0 59 56 50 48 55 3 966
1 103 57 48 59 43 2 967
0 33 58 41 50 49 3 968
1 143 51 55 53 64 1 969
1 143 53 64 51 39 4 970
1 62 58 50 58 55 1 971
0 103 57 58 58 50 3 972
1 62 60 47 56 41 1 973
0 69 56 55 51 55 3 974
0 112 58 51 58 53 3 975
1 62 52 57 61 45 1 976
1 62 49 58 53 50 1 977
0 8 56 42 53 50 3 978
0 103 54 49 60 39 3 979
0 62 14 17 42 35 6 980
1 122 50 56 50 59 1 981
1 62 61 39 61 39 1 982
0 44 13 17 25 26 3 983
1 62 59 46 47 82 3 984
1 103 56 49 57 50 2 985
0 34 57 48 52 39 3 986
0 62 52 31 57 51 3 987
0 143 53 53 53 53 3 988
1 19 57 49 57 55 2 989
0 62 53 51 55 44 3 990
1 143 54 53 55 48 1 991
0 103 57 45 56 42 6 992
1 88 52 53 60 36 1 993
0 21 48 57 45 39 3 994
0 135 58 55 57 42 3 995
0 21 56 40 54 39 5 996
0 120 61 36 58 38 3 997
0 12 56 59 55 60 3 998
0 83 60 50 57 50 3 999
1 75 50 71 46 68 2 1000
0 143 56 47 54 60 3 1001
0 21 59 45 56 50 3 1002
0 133 57 47 57 47 3 1003
0 26 13 17 52 31 3 1004
1 143 56 55 60 48 5 1005
0 21 57 42 57 48 3 1006
1 120 48 42 47 39 2 1007
1 21 52 63 54 61 5 1008
0 57 41 59 54 50 3 1009
0 24 60 49 57 55 3 1010
1 143 56 55 55 44 1 1011
0 39 61 36 61 40 4 1012
0 44 60 48 58 51 3 1013
1 105 55 61 61 44 1 1014
1 103 55 59 39 71 3 1015
0 64 58 50 59 41 3 1016
1 110 56 57 52 53 1 1017
0 21 52 57 37 49 3 1018
0 103 58 45 59 43 3 1019
0 30 55 57 53 66 3 1020
0 21 54 53 57 48 3 1021
0 29 51 58 52 55 3 1022
1 62 58 43 59 44 1 1023
0 21 60 51 50 58 3 1024
1 120 56 47 54 51 2 1025
0 103 50 58 50 56 3 1026
0 21 53 52 52 54 3 1027
0 112 57 49 58 45 3 1028
1 62 53 47 53 47 2 1029
0 143 57 48 57 50 3 1030
1 128 55 41 51 41 1 1031
1 90 56 41 60 48 3 1032
0 28 56 45 57 43 3 1033
0 78 60 45 49 29 3 1034
1 143 54 53 57 51 1 1035
1 85 59 48 57 46 1 1036
0 12 48 41 51 40 3 1037
1 130 54 53 44 86 1 1038
1 62 55 47 58 44 1 1039
1 103 52 62 49 62 2 1040
1 62 61 36 60 46 1 1041
1 76 55 52 57 50 1 1042
0 38 56 44 62 37 3 1043
1 143 56 42 57 44 5 1044
1 21 49 58 54 50 1 1045
1 21 54 63 50 60 1 1046
0 111 55 51 55 47 3 1047
1 105 61 35 58 52 1 1048
0 21 58 46 58 49 5 1049
1 103 47 73 49 67 1 1050
0 122 62 39 61 37 3 1051
1 62 53 64 47 67 1 1052
1 62 52 56 53 51 6 1053
1 84 51 56 49 58 1 1054
1 103 58 47 57 55 2 1055
1 21 54 58 55 50 1 1056
0 21 58 54 48 78 5 1057
1 119 57 44 54 51 1 1058
1 143 59 40 59 43 1 1059
1 143 54 52 54 52 1 1060
1 21 55 48 59 45 5 1061
1 103 56 43 50 59 1 1062
1 76 54 51 57 50 1 1063
1 103 57 54 60 43 1 1064
0 143 54 50 57 50 3 1065
1 62 57 52 60 43 1 1066
1 21 57 49 59 47 1 1067
1 77 55 49 56 41 1 1068
1 88 60 40 58 43 1 1069
1 62 56 44 57 50 2 1070
0 80 52 54 44 56 3 1071
0 62 54 50 57 42 3 1072
0 43 48 61 52 53 3 1073
1 62 59 38 59 38 1 1074
1 21 43 37 51 21 3 1075
1 93 57 43 52 52 1 1076
1 80 57 50 55 44 1 1077
0 79 59 47 55 42 3 1078
1 21 58 55 57 51 1 1079
1 21 55 47 55 44 1 1080
1 62 58 41 57 44 1 1081
0 101 53 61 50 56 4 1082
0 103 57 55 60 39 3 1083
0 143 61 37 53 0 3 1084
1 143 55 52 50 58 1 1085
0 21 50 71 50 60 3 1086
1 107 58 55 58 49 3 1087
0 21 60 43 57 41 5 1088
1 133 51 53 32 50 2 1089
0 103 58 54 54 63 5 1090
0 131 59 40 47 32 3 1091
0 143 55 48 50 61 3 1092
0 103 50 59 44 57 6 1093
1 17 55 56 55 56 4 1094
0 137 58 53 59 48 3 1095
1 21 50 59 52 53 2 1096
0 103 60 47 61 42 3 1097
0 62 46 37 60 42 3 1098
1 42 55 43 53 51 2 1099
1 20 57 46 51 55 4 1100
0 21 57 47 58 56 3 1101
0 92 58 53 60 48 3 1102
0 55 60 47 58 45 3 1103
0 115 58 40 60 47 3 1104
0 120 54 52 49 56 4 1105
1 143 50 57 51 55 1 1106
0 103 55 49 58 46 3 1107
1 143 55 43 54 39 1 1108
0 103 51 68 50 54 5 1109
1 21 51 54 49 62 1 1110
0 132 54 62 53 61 3 1111
0 21 49 59 47 65 5 1112
1 88 54 62 55 56 4 1113
0 94 59 45 60 42 3 1114
0 16 54 49 55 51 3 1115
0 97 57 49 55 49 3 1116
1 51 56 56 57 41 1 1117
0 62 51 54 56 50 3 1118
0 62 56 51 55 49 3 1119
0 110 56 50 46 36 3 1120
1 103 59 45 55 43 1 1121
0 62 60 51 60 46 3 1122
0 62 58 54 58 52 3 1123
1 74 59 49 58 50 1 1124
0 62 57 45 56 50 3 1125
0 103 54 47 54 33 3 1126
0 44 52 63 51 52 3 1127
1 95 58 50 57 51 2 1128
0 21 50 37 55 58 3 1129
0 126 53 64 50 69 3 1130
0 4 54 51 54 46 3 1131
1 21 51 56 52 63 3 1132
0 103 58 41 55 50 3 1133
0 79 58 54 58 51 3 1134
0 127 58 49 56 45 3 1135
0 10 53 55 55 46 3 1136
0 116 50 71 52 67 3 1137
1 103 58 55 56 42 6 1138
0 29 51 58 49 61 3 1139
1 103 56 47 51 56 1 1140
0 21 52 68 54 63 3 1141
1 125 54 52 55 48 1 1142
1 74 53 52 51 57 1 1143
0 117 51 67 96 31 3 1144
0 87 61 36 56 48 3 1145
1 21 54 54 53 56 5 1146
0 27 55 60 58 46 3 1147
1 123 55 57 54 50 4 1148
1 127 60 46 51 55 2 1149
1 21 59 54 57 44 2 1150
0 141 60 47 56 35 3 1151
1 103 57 47 54 53 2 1152
0 127 56 56 59 47 3 1153
0 103 54 53 55 42 3 1154
1 21 57 46 60 48 5 1155
0 62 57 45 56 61 3 1156
0 143 50 59 50 59 3 1157
1 53 55 44 55 48 4 1158
1 103 52 68 48 71 1 1159
0 103 56 55 53 60 3 1160
1 143 52 32 52 66 1 1161
1 62 59 47 48 59 1 1162
0 19 51 55 54 47 3 1163
1 143 59 42 58 41 1 1164
1 97 59 46 57 55 2 1165
1 62 52 56 49 45 6 1166
0 28 48 58 59 45 3 1167
0 21 56 40 26 41 3 1168
0 21 55 57 56 55 3 1169
1 62 57 54 51 71 2 1170
1 19 56 49 55 41 1 1171
0 143 48 40 38 50 3 1172
0 62 54 54 50 56 3 1173
1 21 55 47 49 56 1 1174
1 62 52 55 51 53 6 1175
0 18 54 60 41 91 3 1176
0 143 55 50 59 27 6 1177
0 68 57 42 41 50 3 1178
1 21 49 40 55 43 1 1179
0 143 49 60 52 53 4 1180
1 10 55 56 49 59 2 1181
0 143 56 57 50 56 5 1182
0 62 50 39 43 36 3 1183
0 62 50 58 59 46 3 1184
1 21 60 50 60 50 1 1185
0 103 56 46 62 38 3 1186
0 143 51 54 57 47 5 1187
0 103 57 52 59 48 3 1188
1 21 57 51 57 51 4 1189
1 38 57 48 58 50 1 1190
1 62 51 58 50 56 1 1191
1 87 59 50 57 49 2 1192
0 21 58 41 55 61 5 1193
0 127 55 60 54 62 3 1194
0 21 49 57 53 66 3 1195
1 103 49 62 52 66 3 1196
1 21 52 66 52 61 6 1197
0 62 56 46 53 47 5 1198
0 12 56 47 55 58 3 1199
0 103 53 64 60 46 3 1200
1 100 57 50 52 53 2 1201
1 112 56 42 23 37 2 1202
1 4 59 50 57 47 1 1203
1 115 59 45 49 74 3 1204
1 21 52 53 50 56 1 1205
1 143 59 45 61 37 3 1206
1 21 60 41 54 62 2 1207
0 62 47 74 46 71 3 1208
1 110 57 44 55 60 1 1209
1 21 51 58 53 54 1 1210
1 103 48 78 43 81 2 1211
0 143 58 53 46 72 3 1212
1 62 50 61 54 55 1 1213
1 103 56 46 52 52 1 1214
0 62 54 52 52 54 3 1215
0 21 56 45 59 47 3 1216
0 62 61 35 59 41 3 1217
1 143 49 59 54 54 6 1218
1 103 55 45 54 63 1 1219
0 21 47 69 55 57 3 1220
1 64 53 49 50 39 1 1221
1 62 53 54 54 51 1 1222
0 21 51 53 57 44 3 1223
0 62 56 55 51 70 4 1224
0 103 60 48 52 39 3 1225
0 53 58 48 52 27 3 1226
1 69 49 58 60 48 1 1227
1 103 31 57 42 31 2 1228
0 143 53 60 52 64 3 1229
1 21 29 79 40 70 3 1230
0 40 51 56 51 56 3 1231
1 62 51 39 57 49 1 1232
1 10 50 60 52 63 1 1233
1 31 14 17 59 54 1 1234
1 143 54 49 53 53 1 1235
1 132 57 39 60 40 1 1236
0 62 48 39 57 45 3 1237
0 21 53 64 49 60 5 1238
1 20 43 48 45 33 2 1239
1 33 53 51 52 52 2 1240
0 6 60 45 51 54 3 1241
0 143 58 41 47 33 3 1242
1 94 57 45 20 55 4 1243
0 143 57 46 59 45 3 1244
1 21 57 47 59 50 1 1245
1 62 52 55 50 59 1 1246
0 71 51 59 51 57 3 1247
1 62 52 50 47 66 1 1248
1 21 54 42 59 41 1 1249
0 62 52 64 56 42 3 1250
1 62 55 57 54 62 2 1251
0 40 60 37 52 55 3 1252
0 39 56 47 61 39 3 1253
0 103 57 47 55 55 3 1254
0 65 55 26 57 45 3 1255
1 56 60 47 56 47 1 1256
0 139 56 49 57 41 3 1257
0 143 53 55 54 54 3 1258
0 140 49 58 54 48 3 1259
0 39 58 45 55 51 3 1260
1 78 57 42 45 33 1 1261
1 28 56 45 50 40 2 1262
1 110 50 58 51 53 1 1263
1 95 57 54 59 48 4 1264
1 40 59 47 57 44 1 1265
1 103 42 49 36 52 3 1266
0 16 54 51 53 49 3 1267
0 127 56 49 50 57 3 1268
1 36 60 45 46 72 1 1269
1 143 52 56 53 60 1 1270
0 31 55 58 56 58 4 1271
1 46 58 54 59 47 1 1272
0 55 54 52 46 68 3 1273
1 41 54 59 52 27 2 1274
1 143 56 45 60 47 2 1275
0 99 61 39 59 41 3 1276
0 44 57 54 53 53 3 1277
1 143 57 54 52 55 1 1278
0 103 54 44 54 58 5 1279
1 21 53 62 55 43 1 1280
1 103 49 59 55 51 1 1281
1 114 58 46 56 44 1 1282
1 62 48 62 61 41 3 1283
1 143 55 48 48 58 1 1284
1 103 56 43 55 45 3 1285
1 143 54 26 59 28 1 1286
1 29 60 47 57 56 1 1287
0 103 53 48 30 44 3 1288
1 50 48 57 49 55 2 1289
0 103 52 55 49 62 3 1290
0 14 59 44 50 59 3 1291
0 21 56 31 50 41 3 1292
1 103 50 56 49 58 2 1293
1 14 54 50 57 50 1 1294
1 103 55 58 55 47 1 1295
1 143 54 51 59 45 1 1296
1 103 53 51 42 49 1 1297
0 103 60 38 55 44 3 1298
0 75 54 46 49 57 3 1299
0 39 56 45 61 44 3 1300
1 41 54 43 57 55 1 1301
1 103 52 51 53 54 5 1302
0 135 55 53 43 37 3 1303
1 62 59 43 47 40 1 1304
0 103 60 37 54 49 3 1305
1 143 52 58 55 51 3 1306
1 103 53 50 54 58 5 1307
1 37 57 54 51 68 1 1308
1 103 56 43 61 38 1 1309
1 95 55 61 58 55 1 1310
1 107 57 54 62 36 2 1311
0 47 52 52 50 57 3 1312
1 89 50 69 50 69 3 1313
1 143 59 48 60 36 1 1314
1 21 56 56 58 52 1 1315
1 142 62 38 60 47 2 1316
0 69 57 46 55 51 3 1317
0 21 57 46 57 47 3 1318
0 33 56 49 48 62 3 1319
1 4 58 47 55 42 2 1320
0 36 61 36 60 43 3 1321
0 143 55 42 55 44 3 1322
1 26 61 44 59 50 3 1323
0 62 57 52 51 56 3 1324
0 21 52 57 50 61 5 1325
0 103 46 81 56 43 3 1326
0 16 53 54 43 48 3 1327
0 27 60 48 52 39 3 1328
0 143 51 60 52 56 3 1329
0 21 58 53 57 54 3 1330
0 62 48 59 55 57 5 1331
1 129 55 46 51 53 1 1332
1 62 60 46 58 42 6 1333
0 14 47 41 48 33 3 1334
1 143 55 50 65 9 4 1335
1 21 13 17 52 17 1 1336
1 59 54 63 50 56 1 1337
0 98 57 49 48 60 3 1338
0 103 57 48 56 50 3 1339
1 9 51 57 50 40 2 1340
1 2 56 56 48 59 1 1341
1 143 60 46 57 43 1 1342
1 21 50 56 58 50 1 1343
0 103 50 57 55 48 3 1344
1 14 58 41 53 50 1 1345
0 61 56 44 57 51 3 1346
0 57 61 47 50 58 3 1347
1 34 60 38 59 47 4 1348
1 143 57 51 57 50 1 1349
1 102 57 43 56 46 1 1350
0 21 27 41 36 35 3 1351
1 81 60 46 59 48 2 1352
0 21 58 39 50 53 3 1353
0 143 60 44 60 48 3 1354
1 25 51 57 53 54 3 1355
1 21 58 40 59 46 5 1356
1 101 56 46 55 51 1 1357
1 143 54 46 56 48 5 1358
0 21 53 50 54 51 3 1359
0 21 56 43 59 51 3 1360
0 21 50 38 57 43 3 1361
0 103 47 66 58 45 3 1362
1 111 49 59 48 57 1 1363
1 55 50 54 52 52 1 1364
1 93 54 52 51 53 1 1365
1 72 53 52 54 54 2 1366
1 103 57 45 59 51 2 1367
1 127 58 53 62 39 2 1368
1 86 58 48 57 56 1 1369
1 21 56 46 56 46 1 1370
0 142 55 42 50 55 3 1371
0 103 60 48 53 53 3 1372
0 28 50 59 47 59 3 1373
0 103 54 48 54 45 3 1374
0 103 58 52 61 36 3 1375
1 56 57 47 50 59 2 1376
1 103 60 50 54 29 1 1377
1 103 57 48 58 51 3 1378
1 72 55 61 53 50 2 1379
1 53 52 55 53 53 1 1380
1 47 52 57 61 36 1 1381
0 113 52 57 58 42 3 1382
1 103 55 46 48 60 3 1383
1 143 55 48 55 57 1 1384
1 62 56 59 55 61 1 1385
1 85 54 52 54 51 2 1386
1 143 53 55 53 52 1 1387
1 21 62 37 49 56 1 1388
0 80 56 40 58 49 3 1389
1 62 57 46 56 46 1 1390
0 91 56 47 61 35 3 1391
1 21 49 39 48 40 1 1392
1 37 55 52 58 56 3 1393
0 21 58 49 58 45 5 1394
0 21 55 48 49 56 3 1395
0 21 58 28 50 30 3 1396
1 62 48 57 47 66 1 1397
0 33 49 62 47 40 3 1398
0 35 51 55 47 59 3 1399
1 25 52 63 60 45 1 1400
1 103 56 42 54 46 1 1401
1 103 54 54 54 52 2 1402
1 21 48 61 51 53 5 1403
0 143 54 47 57 43 5 1404
0 41 59 45 47 62 3 1405
1 86 56 58 54 38 1 1406
0 127 47 73 48 65 3 1407
1 62 58 47 57 49 6 1408
1 27 50 56 48 65 1 1409
1 21 55 42 50 27 1 1410
0 103 56 46 42 55 3 1411
1 138 60 39 57 48 3 1412
1 103 56 47 51 57 1 1413
1 62 59 50 57 47 1 1414
1 23 51 71 56 56 1 1415
1 105 54 53 48 60 2 1416
1 62 54 65 52 67 1 1417
0 110 56 44 56 40 3 1418
0 103 59 39 57 50 3 1419
0 103 53 55 53 65 3 1420
0 62 53 61 50 58 4 1421
1 118 52 55 54 61 1 1422
0 112 56 57 58 55 3 1423
0 143 55 59 51 55 3 1424
1 21 54 50 59 48 1 1425
0 103 52 29 56 23 5 1426
0 95 52 58 50 59 3 1427
1 143 52 67 59 49 1 1428
1 18 62 38 61 40 1 1429
0 62 52 56 48 60 3 1430
1 143 52 62 50 60 1 1431
0 110 53 63 55 59 3 1432
0 20 59 42 43 47 3 1433
1 14 50 56 48 60 1 1434
1 103 55 57 53 64 2 1435
0 62 48 60 57 44 3 1436
1 21 58 42 60 44 6 1437
0 34 55 45 61 36 3 1438
0 51 50 58 51 55 3 1439
1 21 57 58 60 48 6 1440
1 21 55 51 54 48 1 1441
1 28 52 67 54 62 2 1442
0 21 55 48 50 55 3 1443
1 103 54 63 55 45 5 1444
1 128 56 41 49 58 1 1445
0 62 55 51 50 58 3 1446
0 124 56 59 55 44 3 1447
1 21 52 68 47 58 6 1448
1 62 56 49 58 46 5 1449
0 26 55 48 49 56 3 1450
1 62 56 52 58 44 5 1451
1 18 52 57 48 58 2 1452
0 118 53 55 53 52 3 1453
1 0 59 48 55 47 1 1454
1 143 55 49 49 57 5 1455
0 143 56 43 45 53 3 1456
1 103 58 55 55 47 2 1457
0 120 52 54 53 55 3 1458
1 99 56 47 49 39 2 1459
1 118 59 45 58 50 2 1460
1 62 59 49 59 48 1 1461
1 21 54 50 54 54 1 1462
0 124 58 51 58 53 3 1463
0 21 55 48 50 56 3 1464
1 62 57 47 58 50 1 1465
0 76 55 44 57 49 4 1466
1 103 49 54 53 47 1 1467
0 21 57 46 55 61 5 1468
0 103 56 46 57 50 3 1469
0 33 55 52 51 58 3 1470
0 103 59 45 59 47 3 1471
1 103 60 38 44 34 1 1472
1 108 53 48 49 58 1 1473
1 72 57 40 53 52 2 1474
0 21 50 58 49 56 5 1475
1 82 60 40 56 47 1 1476
1 125 50 58 54 48 2 1477
1 92 53 55 53 50 1 1478
0 36 59 46 54 48 3 1479
1 27 57 45 54 46 3 1480
0 103 56 45 50 58 3 1481
1 57 51 70 55 59 1 1482
1 107 53 51 41 49 1 1483
1 129 58 30 49 40 1 1484
1 143 55 48 56 56 1 1485
1 62 57 44 54 18 1 1486
1 63 58 55 55 45 1 1487
1 84 59 49 57 42 2 1488
1 103 57 48 47 63 5 1489
1 21 51 72 56 44 2 1490
0 62 58 46 58 46 3 1491
1 89 47 78 46 70 3 1492
1 21 61 41 58 50 1 1493
1 103 56 43 52 53 1 1494
0 103 54 44 58 52 5 1495
1 62 54 29 53 52 1 1496
0 132 61 40 56 38 3 1497
1 139 50 40 58 51 2 1498
1 69 58 41 56 43 3 1499
0 143 52 54 43 69 3 1500
0 18 59 50 50 33 3 1501
0 143 57 42 57 42 3 1502
0 21 55 43 52 54 3 1503
1 21 53 62 49 59 1 1504
0 55 54 62 53 54 4 1505
0 143 54 46 55 44 3 1506
0 21 54 51 52 54 5 1507
1 62 53 53 46 37 1 1508
1 103 61 37 36 43 1 1509
1 62 48 67 48 65 1 1510
0 21 58 48 57 55 3 1511
0 143 52 55 49 60 5 1512
0 62 56 49 55 58 3 1513
0 82 57 44 55 46 3 1514
0 141 59 44 56 44 3 1515
1 136 54 53 54 50 3 1516
1 122 55 48 51 54 1 1517
0 21 55 44 56 44 3 1518
1 50 57 48 52 54 2 1519
0 143 60 40 61 37 3 1520
1 137 56 44 48 60 2 1521
0 68 55 47 40 53 3 1522
1 56 56 51 53 53 3 1523
1 77 57 48 60 45 1 1524
1 62 50 57 50 59 6 1525
0 103 53 60 46 84 3 1526
1 102 49 58 46 50 1 1527
0 130 56 55 55 61 3 1528
1 103 56 56 61 37 1 1529
1 123 49 59 50 57 1 1530
0 102 59 45 55 45 3 1531
0 143 52 57 57 49 3 1532
0 143 54 52 49 64 3 1533
0 33 59 40 59 43 3 1534
1 62 56 41 57 42 2 1535
1 52 56 59 49 62 2 1536
1 48 53 51 49 57 2 1537
1 103 51 68 53 62 1 1538
0 56 56 48 61 36 3 1539
1 143 59 37 51 64 1 1540
0 21 58 54 54 60 3 1541
0 54 52 53 51 56 3 1542
0 137 61 39 58 53 3 1543
0 21 56 50 46 63 3 1544
1 142 57 44 55 49 2 1545
0 97 58 46 58 45 3 1546
1 103 48 57 52 54 1 1547
0 62 51 39 61 44 3 1548
0 105 52 64 54 62 3 1549
0 103 55 48 55 33 3 1550
1 103 53 55 55 46 5 1551
0 62 55 51 53 51 3 1552
1 56 49 55 54 49 1 1553
1 112 57 48 56 42 1 1554
0 21 54 51 55 47 3 1555
1 51 56 46 61 36 2 1556
1 62 55 45 50 66 2 1557
1 140 51 59 24 82 1 1558
1 62 55 50 55 50 5 1559
0 137 57 47 59 50 3 1560
1 131 50 56 48 59 1 1561
1 38 56 41 53 51 1 1562
1 21 49 57 50 61 1 1563
0 103 54 29 54 53 3 1564
1 103 49 62 58 50 1 1565
0 62 54 61 42 92 3 1566
0 143 55 60 48 61 3 1567
0 118 61 45 57 42 3 1568
1 21 51 38 47 40 2 1569
0 70 14 17 42 55 3 1570
1 103 53 52 55 44 1 1571
1 21 56 46 57 49 2 1572
0 21 60 43 60 47 3 1573
0 103 62 37 58 43 3 1574
1 21 50 59 55 50 1 1575
1 103 59 43 59 46 1 1576
1 143 48 57 47 67 3 1577
0 62 56 43 55 47 3 1578
0 9 54 62 49 74 3 1579
0 43 56 49 56 49 3 1580
1 138 57 40 49 36 1 1581
0 96 57 54 59 54 3 1582
0 103 56 49 54 50 3 1583
1 21 52 57 62 35 1 1584
1 143 53 52 62 36 5 1585
1 21 59 42 47 39 1 1586
1 66 51 65 55 58 4 1587
0 40 48 40 55 42 3 1588
0 103 62 38 48 64 3 1589
0 103 45 36 47 30 3 1590
0 65 57 51 52 66 3 1591
1 71 52 54 49 56 1 1592
1 116 58 48 51 51 1 1593
1 21 58 47 59 46 5 1594
1 21 53 54 54 51 1 1595
0 6 49 58 53 65 3 1596
0 68 60 43 60 47 3 1597
1 33 53 66 54 56 2 1598
1 21 54 62 48 61 2 1599
1 92 48 61 55 47 1 1600
1 143 48 60 55 47 1 1601
0 103 60 42 55 46 5 1602
1 21 55 45 60 48 1 1603
1 21 55 49 55 40 1 1604
0 50 52 64 50 68 3 1605
0 62 58 52 55 47 3 1606
0 122 58 41 59 48 3 1607
1 62 54 53 52 53 6 1608
0 97 50 61 50 56 3 1609
1 46 50 62 55 61 3 1610
0 78 54 51 51 55 3 1611
1 21 59 46 59 46 1 1612
0 21 50 56 55 47 5 1613
1 142 58 55 56 50 1 1614
1 63 57 54 54 60 1 1615
1 21 56 50 49 60 1 1616
0 21 55 48 55 29 3 1617
1 103 55 57 61 42 1 1618
1 62 51 65 55 60 2 1619
0 143 56 47 61 37 3 1620
1 77 44 54 34 50 1 1621
1 10 47 68 47 74 1 1622
0 50 52 57 56 50 3 1623
0 55 56 42 59 43 3 1624
1 68 56 55 57 41 3 1625
1 21 49 61 52 65 5 1626
1 82 52 55 53 54 3 1627
1 10 59 51 50 67 1 1628
0 133 49 58 51 53 3 1629
0 0 54 63 54 26 3 1630
1 103 58 45 46 70 1 1631
1 97 55 50 50 55 4 1632
1 23 56 51 56 51 2 1633
0 87 59 48 60 45 3 1634
0 21 58 40 58 41 3 1635
1 62 60 48 53 65 1 1636
0 21 57 44 51 54 3 1637
0 21 55 59 54 51 3 1638
0 103 56 47 57 57 3 1639
0 44 56 41 59 41 3 1640
1 139 52 53 54 51 1 1641
1 40 59 44 58 50 2 1642
0 62 52 52 50 57 3 1643
1 103 60 40 59 41 1 1644
1 103 60 46 60 38 1 1645
0 143 55 61 61 44 5 1646
1 112 49 60 58 45 2 1647
0 62 57 35 57 31 6 1648
1 62 56 48 48 42 5 1649
1 14 55 45 59 48 1 1650
0 21 35 52 55 54 5 1651
1 103 47 72 49 68 1 1652
0 40 54 49 48 10 3 1653
1 65 60 47 59 45 2 1654
1 82 60 40 58 47 1 1655
1 131 55 47 58 40 2 1656
0 62 52 52 51 53 3 1657
0 143 55 43 57 41 3 1658
0 71 52 54 50 57 3 1659
1 143 50 57 51 11 1 1660
0 62 44 54 51 56 3 1661
1 103 51 68 55 56 1 1662
1 143 59 41 57 40 1 1663
1 62 57 39 60 38 1 1664
0 12 54 51 52 52 3 1665
0 21 55 58 47 75 4 1666
1 98 60 47 56 45 1 1667
1 143 57 42 60 47 2 1668
0 104 50 28 49 38 3 1669
1 124 54 46 46 67 1 1670
0 52 59 37 55 42 3 1671
1 103 56 46 58 45 2 1672
0 62 55 51 55 48 3 1673
0 16 57 36 57 36 3 1674
0 62 57 51 4 41 3 1675
1 134 50 57 61 40 1 1676
1 21 53 48 57 38 1 1677
0 67 49 39 49 58 3 1678
0 143 56 49 50 59 3 1679
0 104 54 52 56 45 3 1680
0 131 55 47 53 55 3 1681
0 21 54 54 57 42 3 1682
1 143 61 36 50 33 3 1683
0 95 55 48 49 57 3 1684
0 10 58 53 59 49 4 1685
0 103 50 31 61 19 3 1686
0 143 49 60 52 61 3 1687
0 21 58 42 60 45 3 1688
1 62 50 56 56 56 3 1689
0 62 55 60 53 50 3 1690
1 72 60 45 58 48 1 1691
0 143 51 39 50 43 5 1692
0 103 56 50 48 62 3 1693
1 62 55 49 56 27 5 1694
1 58 58 55 57 51 3 1695
0 41 52 53 53 50 3 1696
0 73 55 61 50 60 3 1697
0 21 54 53 56 48 3 1698
1 21 58 45 58 45 1 1699
0 22 52 56 54 51 3 1700
1 81 56 57 59 51 1 1701
0 21 42 53 40 60 3 1702
0 103 56 60 56 55 3 1703
1 143 55 59 50 58 5 1704
0 62 51 61 53 63 5 1705
0 62 53 64 52 66 3 1706
0 97 51 70 46 74 3 1707
1 62 52 57 53 54 6 1708
0 95 55 49 51 58 3 1709
0 103 52 57 53 52 3 1710
0 76 57 49 40 93 3 1711
1 23 61 40 58 45 2 1712
1 33 54 52 55 48 1 1713
0 46 59 45 53 51 3 1714
1 103 57 43 53 52 2 1715
0 62 50 60 46 81 6 1716
0 121 55 48 55 59 3 1717
0 108 53 51 50 56 3 1718
1 143 58 48 57 45 4 1719
0 37 57 50 55 57 3 1720
0 78 57 48 56 42 4 1721
0 21 49 60 50 56 3 1722
0 108 54 49 49 58 3 1723
1 65 55 42 55 43 1 1724
1 103 52 57 49 58 1 1725
0 103 57 46 58 42 3 1726
1 75 53 54 53 55 3 1727
1 80 54 49 52 54 2 1728
1 103 57 43 52 54 4 1729
0 21 53 55 56 47 3 1730
0 143 56 42 49 59 3 1731
1 62 57 45 45 83 1 1732
0 21 51 55 53 56 3 1733
0 143 57 49 59 41 3 1734
1 21 58 46 54 49 2 1735
0 103 59 47 58 55 3 1736
0 36 53 51 27 28 3 1737
1 81 54 49 57 44 3 1738
1 103 54 51 53 51 5 1739
0 17 52 57 53 49 4 1740
0 38 53 64 54 61 3 1741
0 103 55 57 41 57 3 1742
0 103 60 46 56 40 3 1743
0 103 59 46 54 26 3 1744
0 103 50 53 54 62 3 1745
0 103 50 38 39 38 3 1746
1 103 60 50 58 53 3 1747
1 118 13 17 0 45 4 1748
1 21 53 54 51 52 1 1749
0 96 57 42 56 56 3 1750
1 62 56 50 54 60 5 1751
0 82 51 40 57 40 3 1752
0 103 56 41 57 48 6 1753
0 62 62 36 56 40 3 1754
1 21 57 43 55 48 1 1755
0 21 52 52 56 49 3 1756
0 103 51 57 52 52 3 1757
0 103 58 45 56 55 3 1758
0 103 59 48 50 26 3 1759
1 104 13 17 5 13 1 1760
1 66 57 48 51 56 1 1761
1 51 52 54 48 61 1 1762
0 31 51 52 54 50 3 1763
0 44 57 44 57 50 3 1764
1 24 58 49 58 50 3 1765
1 103 56 42 57 49 2 1766
1 8 54 62 55 32 2 1767
0 21 55 56 62 37 5 1768
0 33 53 48 57 51 3 1769
0 26 58 45 4 40 4 1770
1 21 56 41 54 51 5 1771
1 103 54 50 55 48 4 1772
1 21 53 50 50 55 1 1773
1 71 54 48 49 58 1 1774
0 41 53 52 50 56 3 1775
0 62 55 50 50 67 3 1776
0 140 52 68 52 66 3 1777
0 103 54 51 56 60 3 1778
0 103 52 56 54 29 4 1779
0 136 49 61 57 51 3 1780
0 109 59 37 61 39 3 1781
1 103 51 54 49 58 1 1782
0 110 56 45 55 42 3 1783
1 62 57 41 49 59 1 1784
1 16 56 55 53 52 1 1785
1 103 59 45 58 48 2 1786
1 21 54 43 55 27 3 1787
1 93 56 38 56 38 2 1788
0 62 48 58 51 54 3 1789
0 103 51 52 52 57 3 1790
0 112 51 57 57 44 3 1791
1 40 56 45 60 47 1 1792
0 110 45 54 48 54 5 1793
1 143 57 45 56 44 6 1794
0 67 53 53 53 54 3 1795
0 95 55 50 53 49 3 1796
0 57 56 44 57 40 3 1797
1 62 58 52 57 54 6 1798
0 103 50 58 53 59 3 1799
1 103 56 48 59 41 1 1800
1 25 54 48 49 58 2 1801
1 103 60 48 58 50 5 1802
0 143 53 51 53 51 5 1803
1 103 58 45 58 41 1 1804
0 103 57 49 48 40 3 1805
1 5 60 37 59 43 2 1806
0 143 53 65 50 56 3 1807
0 62 52 52 59 45 3 1808
1 21 49 74 60 44 2 1809
0 21 54 45 54 49 3 1810
1 114 57 45 49 56 2 1811
1 14 56 41 60 44 1 1812
1 62 49 60 46 73 5 1813
0 21 55 59 53 63 3 1814
1 21 48 58 58 44 1 1815
1 76 53 55 51 56 1 1816
0 42 55 50 59 41 3 1817
0 68 49 58 53 60 3 1818
1 61 55 44 60 36 1 1819
0 42 57 54 54 51 3 1820
1 19 57 55 48 63 3 1821
0 142 49 60 57 50 3 1822
0 62 57 44 56 46 3 1823
1 62 56 49 56 50 1 1824
1 74 53 53 53 54 4 1825
0 103 49 49 57 47 3 1826
0 62 52 54 54 51 3 1827
0 4 52 53 53 50 3 1828
0 101 51 66 47 80 3 1829
1 33 54 49 51 55 1 1830
1 10 51 53 49 57 1 1831
0 21 49 58 52 67 3 1832
1 108 56 55 51 54 1 1833
0 143 60 39 50 57 5 1834
1 143 60 47 60 44 1 1835
1 103 53 51 52 61 1 1836
0 41 48 60 48 58 3 1837
1 25 58 52 54 48 1 1838
0 103 56 33 58 38 6 1839
0 103 57 43 57 44 6 1840
0 21 55 59 16 40 3 1841
0 103 54 52 55 45 3 1842
0 103 56 42 50 56 3 1843
1 139 48 60 54 52 1 1844
1 139 52 31 58 31 1 1845
1 56 60 48 59 48 1 1846
0 143 50 57 52 55 3 1847
1 103 55 58 55 59 6 1848
0 61 46 36 51 41 3 1849
1 62 55 48 53 53 2 1850
1 103 33 58 56 59 1 1851
0 143 58 43 60 43 3 1852
1 8 57 33 52 30 4 1853
0 62 55 58 53 65 6 1854
0 91 55 48 58 53 3 1855
0 143 55 52 53 53 3 1856
0 20 52 55 60 45 3 1857
1 140 54 62 59 45 2 1858
1 103 55 50 52 66 2 1859
1 62 52 52 57 51 2 1860
0 62 55 58 60 42 3 1861
0 143 52 66 53 62 3 1862
1 103 57 54 58 54 6 1863
1 143 54 55 48 60 1 1864
0 136 50 58 58 52 3 1865
0 103 56 41 59 43 3 1866
1 122 51 65 54 51 4 1867
0 62 49 59 53 62 3 1868
0 43 57 46 55 28 3 1869
0 143 60 41 58 52 5 1870
1 79 57 49 54 55 1 1871
0 62 56 48 55 44 3 1872
1 88 49 30 50 26 2 1873
1 103 49 60 49 58 2 1874
1 42 56 59 52 64 1 1875
1 143 54 51 57 50 1 1876
0 88 60 36 54 49 3 1877
0 132 56 48 50 59 3 1878
1 103 50 57 51 57 1 1879
0 62 53 52 51 70 3 1880
0 62 58 44 48 59 3 1881
1 21 49 67 54 52 1 1882
0 143 52 58 59 41 3 1883
0 14 60 40 52 52 3 1884
0 84 58 50 47 81 3 1885
0 21 55 46 58 47 3 1886
1 62 55 47 59 42 1 1887
1 62 54 52 48 63 1 1888
1 44 54 53 54 50 1 1889
1 17 54 62 55 57 2 1890
1 62 60 48 57 42 2 1891
0 143 48 58 53 63 3 1892
1 143 55 59 50 69 4 1893
1 14 57 41 57 50 1 1894
0 36 56 42 43 57 3 1895
0 62 54 62 51 58 5 1896
0 143 56 56 59 47 5 1897
1 143 53 51 54 48 2 1898
0 103 59 45 58 44 3 1899
1 62 51 55 30 51 3 1900
0 137 60 41 59 54 3 1901
1 62 56 48 55 50 1 1902
1 55 57 50 59 43 3 1903
0 62 54 50 40 52 3 1904
1 99 54 29 58 53 2 1905
0 136 58 46 58 46 3 1906
1 21 53 66 54 63 4 1907
0 143 52 52 57 44 3 1908
1 103 48 61 54 50 1 1909
1 103 59 48 56 50 1 1910
0 103 61 40 52 50 3 1911
0 143 54 48 51 60 5 1912
0 21 49 57 53 63 5 1913
1 143 52 53 52 53 6 1914
1 62 46 51 51 54 1 1915
1 62 50 57 51 55 5 1916
0 110 47 63 50 71 3 1917
1 103 41 53 47 52 1 1918
1 21 57 43 57 55 2 1919
0 4 52 57 54 51 4 1920
1 143 56 46 64 13 1 1921
0 36 58 48 54 63 3 1922
1 21 56 38 48 61 2 1923
0 94 57 32 54 28 3 1924
0 7 58 49 58 17 3 1925
0 29 54 49 54 49 3 1926
1 116 54 59 42 89 1 1927
1 101 59 41 59 51 1 1928
1 62 55 51 56 47 5 1929
0 143 51 64 48 65 3 1930
1 21 56 46 58 45 1 1931
1 59 55 48 59 42 2 1932
0 62 55 48 61 36 3 1933
0 62 53 54 51 56 3 1934
1 21 58 57 53 51 1 1935
1 133 53 62 52 68 1 1936
1 21 54 63 56 56 3 1937
1 62 51 40 50 48 1 1938
0 7 54 48 51 55 3 1939
0 46 60 48 55 48 3 1940
1 62 60 39 57 43 1 1941
1 104 60 45 48 42 2 1942
0 136 60 46 59 49 3 1943
0 21 59 45 59 51 5 1944
0 119 47 64 48 61 3 1945
1 103 49 60 50 58 1 1946
0 4 55 52 54 51 3 1947
1 12 58 51 60 48 1 1948
0 114 17 21 17 21 3 1949
1 62 51 68 59 43 3 1950
0 16 60 39 57 47 3 1951
1 62 52 56 59 46 1 1952
0 21 55 48 57 50 6 1953
1 21 49 57 59 50 5 1954
1 103 62 36 60 44 1 1955
1 19 55 48 60 45 1 1956
0 9 52 52 53 54 3 1957
0 103 54 61 51 58 5 1958
1 62 48 59 50 58 5 1959
1 41 52 53 55 55 1 1960
1 127 58 46 49 60 2 1961
1 21 56 49 54 50 2 1962
0 62 57 41 58 46 5 1963
0 21 50 59 49 57 3 1964
0 29 57 51 59 45 3 1965
0 21 58 50 60 48 5 1966
0 21 56 56 49 58 3 1967
1 139 54 43 59 54 2 1968
1 62 57 48 58 53 1 1969
0 33 54 61 51 58 3 1970
1 105 55 59 54 49 2 1971
1 52 58 42 58 44 2 1972
1 103 46 82 42 89 4 1973
0 44 60 44 59 44 3 1974
1 21 59 44 43 48 2 1975
0 38 53 65 56 46 3 1976
1 21 57 44 49 59 1 1977
0 47 59 43 58 47 4 1978
1 21 56 47 58 34 2 1979
0 103 57 54 45 55 3 1980
1 21 60 40 58 34 5 1981
0 11 56 56 59 54 3 1982
1 103 48 57 54 57 1 1983
0 21 60 47 62 35 3 1984
1 100 54 62 60 38 2 1985
0 21 55 48 55 48 4 1986
0 84 52 53 51 55 3 1987
0 62 51 65 53 63 3 1988
1 2 55 44 55 56 2 1989
1 143 58 49 52 67 1 1990
1 112 56 48 54 51 4 1991
1 129 55 51 54 51 1 1992
0 2 56 48 57 49 3 1993
1 143 53 49 55 45 6 1994
1 62 61 36 60 42 1 1995
0 79 55 43 58 49 3 1996
1 118 58 49 56 43 1 1997
1 103 56 46 57 42 5 1998
1 36 59 43 45 36 2 1999
