0 52 69 39 64 47 3 0
0 88 26 2 24 1 3 1
0 5 42 20 27 19 3 2
0 17 57 35 54 39 3 3
1 80 34 42 25 57 2 4
1 65 6 28 6 31 1 5
0 46 68 72 67 74 3 6
1 40 58 18 50 20 1 7
1 106 48 41 55 47 4 8
0 85 61 38 38 28 3 9
0 60 52 61 54 64 3 10
1 79 92 30 92 26 1 11
0 136 5 38 5 34 3 12
1 88 47 47 41 49 2 13
0 116 77 6 81 6 3 14
0 77 53 48 49 53 5 15
1 141 41 40 37 41 1 16
1 32 40 13 41 11 2 17
1 10 41 41 36 43 2 18
1 15 54 52 53 50 1 19
0 23 54 31 52 32 3 20
0 52 70 38 68 40 3 21
0 108 56 2 60 2 3 22
1 15 60 30 53 41 2 23
0 123 98 18 98 15 4 24
0 128 58 33 55 31 3 25
0 42 70 34 70 42 3 26
1 131 55 20 52 20 1 27
1 47 6 41 7 43 5 28
0 15 61 26 62 38 3 29
0 116 58 16 59 18 5 30
1 39 47 52 47 49 3 31
1 5 49 78 50 76 1 32
1 112 70 36 70 29 1 33
0 132 61 32 56 47 3 34
0 64 53 34 60 27 3 35
1 19 45 4 42 4 2 36
1 9 54 41 43 50 2 37
1 108 91 31 90 37 1 38
0 72 98 11 98 24 3 39
1 105 40 13 36 13 2 40
1 132 53 80 46 81 1 41
1 87 50 73 56 63 1 42
0 90 69 71 72 73 3 43
0 84 98 19 98 14 3 44
1 28 48 41 48 24 2 45
1 66 87 3 85 2 1 46
0 46 54 41 44 46 3 47
0 114 26 99 52 55 3 48
0 132 53 82 55 79 3 49
1 118 54 19 43 19 1 50
0 55 6 37 5 55 5 51
0 45 41 12 44 11 3 52
0 143 30 46 27 50 5 53
1 112 27 54 32 49 1 54
0 9 57 43 55 41 5 55
1 24 45 22 42 23 5 56
0 119 65 45 63 44 3 57
0 22 86 5 84 4 3 58
0 80 30 46 27 50 3 59
1 121 73 67 70 72 2 60
1 50 51 23 45 31 2 61
0 111 6 28 6 31 5 62
1 93 6 29 6 32 2 63
1 37 54 26 61 22 2 64
1 115 5 70 4 78 4 65
0 30 50 49 52 42 3 66
0 19 56 25 48 36 3 67
0 117 52 45 55 41 3 68
0 96 37 10 34 11 3 69
1 75 48 54 50 56 1 70
1 74 31 43 28 48 1 71
0 24 55 38 53 44 3 72
1 54 67 45 64 31 2 73
1 60 58 55 58 60 3 74
0 88 49 45 46 48 3 75
0 61 55 42 48 49 3 76
1 93 67 34 69 41 1 77
0 96 6 53 7 44 5 78
1 25 88 93 86 94 4 79
0 31 63 44 65 41 3 80
1 5 42 58 44 54 1 81
0 137 55 24 53 27 3 82
1 58 51 63 52 65 1 83
1 94 28 57 28 61 1 84
1 38 46 59 18 34 1 85
1 39 67 41 64 44 1 86
1 8 40 4 44 4 1 87
0 132 49 20 46 20 3 88
1 76 55 38 61 41 2 89
0 33 89 93 87 95 3 90
0 143 48 35 51 49 3 91
0 92 47 2 53 1 3 92
1 91 57 43 61 41 5 93
1 75 38 28 42 25 4 94
0 68 55 38 69 41 3 95
1 39 41 30 38 27 2 96
0 87 62 38 64 46 3 97
0 26 64 55 57 59 5 98
0 130 6 29 5 44 3 99
0 59 47 2 26 2 6 100
0 6 61 40 61 32 3 101
0 10 58 48 54 54 3 102
0 81 34 44 34 40 3 103
1 139 62 2 64 1 1 104
0 104 64 92 66 91 3 105
0 139 6 32 6 23 6 106
0 62 47 52 46 45 3 107
1 16 46 1 57 2 2 108
1 71 53 76 60 76 2 109
1 96 42 60 46 50 1 110
1 83 6 37 6 28 1 111
1 123 55 37 49 42 2 112
0 139 52 40 52 43 3 113
0 33 6 50 6 55 3 114
1 22 31 47 33 44 1 115
1 57 56 73 58 72 1 116
0 70 91 36 90 38 3 117
0 137 39 5 44 4 3 118
0 33 48 20 44 16 3 119
0 34 45 70 44 73 3 120
1 117 67 35 68 39 2 121
0 117 85 4 87 2 3 122
0 0 63 48 62 50 3 123
0 53 53 43 56 43 3 124
1 94 28 66 32 57 5 125
1 139 43 2 48 2 4 126
0 0 57 37 60 40 6 127
0 132 51 53 46 58 3 128
0 116 49 54 26 40 5 129
0 117 62 32 64 31 3 130
0 88 54 44 55 36 3 131
1 128 34 11 37 11 1 132
1 121 3 96 1 95 2 133
1 28 46 29 50 19 1 134
1 140 54 46 51 54 1 135
0 46 65 1 61 1 6 136
1 9 52 34 60 33 1 137
1 76 6 24 7 50 2 138
1 9 54 51 56 48 1 139
0 143 47 51 47 55 3 140
0 53 56 21 51 19 4 141
0 98 53 30 53 24 3 142
0 1 60 45 61 43 3 143
0 59 45 2 48 2 5 144
0 57 71 73 71 69 3 145
1 110 46 56 44 65 1 146
0 18 53 49 53 41 3 147
0 92 49 18 39 29 3 148
1 0 55 52 56 64 1 149
0 32 56 44 58 38 3 150
0 24 38 40 18 38 3 151
1 125 61 49 59 46 1 152
0 29 64 45 59 47 3 153
0 32 42 12 39 12 3 154
1 41 63 43 64 46 1 155
0 1 64 16 51 20 3 156
0 27 30 55 27 58 4 157
1 117 41 61 47 60 6 158
1 97 5 70 5 67 1 159
1 79 39 44 41 33 1 160
1 23 57 74 62 69 5 161
1 32 6 38 6 30 3 162
1 77 55 30 57 27 2 163
1 116 6 39 5 53 1 164
0 132 68 46 60 63 3 165
1 136 52 50 48 58 1 166
1 130 60 48 56 52 6 167
1 18 88 4 83 4 1 168
0 23 69 43 68 47 3 169
1 32 35 14 39 12 3 170
0 132 54 74 63 69 3 171
0 78 32 55 32 52 3 172
1 75 63 35 57 28 1 173
0 101 64 48 67 35 3 174
1 87 54 53 52 48 1 175
0 96 7 41 5 69 3 176
0 122 5 39 6 35 4 177
0 19 43 17 38 24 3 178
1 123 61 2 63 1 1 179
0 137 63 47 61 54 3 180
0 36 31 52 30 49 5 181
0 117 55 29 51 29 3 182
1 41 63 30 66 41 1 183
1 79 55 53 58 57 2 184
1 139 69 6 74 9 2 185
1 141 57 72 54 76 2 186
1 64 66 34 67 36 1 187
1 58 60 43 62 38 2 188
0 110 57 38 60 36 3 189
0 114 67 36 57 41 3 190
1 79 37 41 41 36 1 191
0 94 27 41 30 45 3 192
0 7 28 69 27 66 3 193
1 122 58 80 55 80 5 194
0 37 63 96 64 94 3 195
1 59 47 44 39 8 6 196
1 74 56 75 53 77 3 197
0 7 23 16 21 18 3 198
0 115 57 38 61 33 3 199
1 112 48 29 48 33 3 200
1 29 66 29 61 37 1 201
0 108 31 46 30 52 3 202
0 70 41 19 31 41 3 203
0 22 30 52 32 56 3 204
0 119 32 48 30 53 3 205
1 49 37 13 31 13 1 206
1 37 70 6 80 5 1 207
0 32 59 2 64 1 3 208
0 50 98 16 98 19 3 209
0 79 5 43 6 40 3 210
1 116 57 48 55 37 3 211
1 99 56 40 56 43 1 212
0 68 57 54 51 61 3 213
1 131 57 20 60 19 6 214
1 80 34 45 32 48 1 215
0 3 69 21 64 44 3 216
1 79 3 96 1 95 1 217
1 13 88 3 86 4 1 218
1 12 55 30 61 30 5 219
1 56 35 14 37 15 1 220
0 32 32 47 28 53 3 221
0 72 58 18 55 11 3 222
1 123 32 54 30 49 2 223
0 62 49 52 42 76 3 224
1 115 98 17 98 22 1 225
1 83 87 5 84 4 2 226
1 32 59 31 57 30 2 227
0 84 54 36 52 47 3 228
1 14 41 37 40 35 1 229
0 64 51 37 49 36 3 230
0 31 57 1 59 2 3 231
1 31 60 1 46 3 6 232
0 72 55 74 59 70 3 233
0 63 91 31 90 34 5 234
0 104 31 15 38 54 3 235
0 131 47 53 41 61 3 236
0 134 62 38 68 38 3 237
0 52 40 37 41 33 3 238
0 33 63 36 54 42 3 239
1 37 57 34 54 35 1 240
1 33 51 50 53 47 3 241
0 141 72 70 67 74 4 242
1 105 6 32 5 37 2 243
1 111 52 47 55 44 1 244
0 64 62 39 63 34 3 245
1 44 65 75 69 71 1 246
0 85 61 37 63 33 3 247
1 113 57 27 62 23 5 248
0 129 86 94 80 96 3 249
1 76 60 49 53 37 1 250
0 33 56 48 58 43 3 251
1 47 69 76 51 75 3 252
1 39 43 31 37 40 2 253
0 95 51 57 55 46 3 254
1 8 52 43 54 39 1 255
1 139 59 35 56 34 2 256
0 96 67 72 67 76 3 257
1 78 56 80 54 81 1 258
1 116 48 53 54 44 3 259
0 63 38 28 35 27 3 260
1 113 52 18 49 19 1 261
0 88 57 35 59 36 3 262
1 39 43 29 44 34 1 263
1 75 63 35 48 46 1 264
0 66 3 96 1 95 3 265
1 26 51 29 49 31 2 266
1 40 55 21 54 19 1 267
1 32 54 38 58 39 1 268
1 117 54 48 51 51 3 269
0 85 41 33 39 45 3 270
0 44 56 40 54 44 3 271
0 95 30 60 27 60 3 272
1 78 56 80 51 80 3 273
0 66 52 25 55 26 3 274
1 46 63 49 63 57 1 275
1 143 5 39 6 34 2 276
0 86 47 20 40 19 3 277
0 9 6 51 5 72 3 278
1 97 52 49 51 44 1 279
1 11 49 55 45 64 4 280
0 93 43 38 40 40 3 281
1 128 27 48 32 44 1 282
1 71 48 67 50 64 1 283
0 101 55 48 53 32 3 284
0 100 6 34 5 38 3 285
0 140 45 62 48 65 3 286
0 141 59 30 56 29 3 287
0 102 69 73 69 68 3 288
0 67 46 50 28 43 3 289
1 73 62 38 58 38 1 290
1 95 37 4 40 4 3 291
0 85 63 31 55 23 3 292
0 127 64 75 72 73 3 293
0 101 31 42 34 40 3 294
1 19 67 78 61 78 2 295
1 80 49 3 29 4 1 296
1 130 36 4 33 3 2 297
0 108 88 93 86 94 3 298
1 88 62 39 59 44 2 299
1 130 57 49 53 40 1 300
1 0 42 45 43 50 1 301
1 56 60 37 55 39 1 302
0 137 30 61 31 50 3 303
0 18 92 26 91 28 5 304
1 4 47 59 45 63 1 305
1 128 53 26 51 24 1 306
1 7 56 29 50 37 2 307
1 85 64 44 66 41 1 308
0 88 68 46 69 38 3 309
1 12 55 33 53 36 1 310
1 6 88 94 85 92 2 311
0 98 58 67 55 67 3 312
0 39 65 76 70 73 3 313
1 32 52 45 54 44 1 314
1 109 52 34 56 56 1 315
0 137 48 35 49 33 3 316
1 70 67 24 64 20 1 317
0 109 60 31 55 31 3 318
1 66 34 40 32 39 1 319
1 56 58 39 55 38 6 320
0 66 70 36 75 30 3 321
0 76 67 35 68 32 3 322
1 41 41 11 34 11 2 323
0 72 44 60 46 63 3 324
1 82 70 43 70 38 2 325
0 39 49 48 45 52 3 326
1 7 63 48 60 51 1 327
0 102 59 56 62 40 3 328
0 80 55 44 49 55 3 329
1 53 55 26 30 22 2 330
0 141 50 2 46 3 3 331
0 66 53 19 53 25 3 332
1 98 58 25 57 28 1 333
0 114 56 18 33 17 3 334
0 76 5 35 6 39 3 335
1 68 68 40 67 42 4 336
0 130 53 53 51 50 3 337
0 109 57 38 60 37 3 338
1 52 59 42 54 39 1 339
0 129 41 38 41 35 3 340
1 139 72 34 66 41 2 341
0 130 56 38 60 39 3 342
0 88 55 55 54 57 3 343
0 94 28 57 29 55 3 344
1 78 68 33 68 40 5 345
1 65 6 33 6 36 6 346
1 104 91 33 91 38 1 347
1 115 98 16 98 10 5 348
1 46 6 29 5 40 3 349
0 63 70 72 70 63 3 350
1 31 87 3 85 4 2 351
1 57 35 16 63 45 1 352
0 14 46 43 42 36 3 353
1 129 54 71 50 77 3 354
0 4 54 25 48 28 5 355
1 38 41 37 42 31 1 356
1 23 60 32 60 28 2 357
1 61 67 43 48 44 2 358
1 108 6 64 4 68 1 359
0 46 64 34 60 31 3 360
1 55 61 73 57 76 1 361
0 39 56 45 52 54 5 362
1 55 54 30 51 33 1 363
1 8 51 31 47 30 1 364
0 60 62 2 77 0 3 365
0 103 55 80 54 75 3 366
0 39 46 65 43 80 3 367
1 123 53 46 50 53 1 368
0 116 53 61 60 54 3 369
0 89 55 26 56 23 3 370
1 32 68 36 65 41 1 371
0 43 60 50 56 51 6 372
0 84 24 45 29 46 3 373
1 109 60 69 55 74 1 374
0 24 55 80 45 80 3 375
0 48 91 33 91 27 3 376
1 131 52 47 50 48 2 377
1 55 70 37 68 44 1 378
0 26 46 4 42 3 3 379
1 96 38 14 41 13 3 380
0 79 59 35 57 41 3 381
1 137 45 35 47 28 1 382
0 103 98 22 98 17 3 383
1 136 57 38 55 40 5 384
1 0 55 50 56 47 2 385
1 41 49 78 58 76 1 386
1 76 43 38 42 32 1 387
1 56 54 32 57 28 2 388
1 8 55 30 55 18 1 389
1 51 49 34 51 31 1 390
1 48 49 42 48 48 1 391
0 5 60 36 63 37 3 392
0 12 43 18 68 27 6 393
0 77 58 28 59 23 3 394
0 65 61 36 50 49 3 395
1 80 36 13 39 12 1 396
1 48 42 56 47 50 1 397
1 143 34 16 39 14 1 398
0 2 55 80 38 80 3 399
1 64 32 46 27 45 1 400
0 117 62 45 60 53 3 401
0 24 67 73 68 71 3 402
0 46 53 57 55 53 3 403
0 60 49 21 52 18 6 404
1 18 59 46 56 54 1 405
1 14 44 52 41 63 1 406
1 32 50 42 55 42 1 407
1 1 56 19 58 18 1 408
1 99 55 67 50 63 2 409
1 14 59 16 63 17 5 410
0 142 32 48 35 41 3 411
1 62 65 75 68 72 1 412
1 128 27 50 26 52 1 413
0 18 90 43 90 46 3 414
0 27 58 47 51 63 3 415
0 116 63 44 61 39 5 416
0 80 34 46 32 43 3 417
1 129 40 29 59 31 1 418
1 30 33 49 32 47 1 419
0 138 51 75 50 84 3 420
0 126 6 38 6 50 3 421
1 26 40 13 38 12 1 422
1 132 63 39 59 37 2 423
0 40 51 19 62 17 3 424
0 38 55 38 56 36 3 425
0 96 5 26 6 30 3 426
1 61 57 33 55 29 2 427
1 130 67 33 64 52 1 428
0 140 53 40 57 38 5 429
0 80 52 76 59 73 3 430
0 10 56 35 57 38 3 431
1 80 31 44 23 57 1 432
0 13 34 40 32 42 3 433
1 128 63 24 64 21 1 434
1 109 55 26 60 26 2 435
1 74 59 38 57 37 1 436
1 48 45 51 46 46 5 437
1 40 58 19 53 19 5 438
1 24 68 43 68 39 3 439
1 17 7 43 5 74 1 440
1 5 31 48 31 51 2 441
0 83 6 32 5 37 3 442
0 28 88 93 86 94 3 443
0 126 52 59 53 41 5 444
1 60 56 53 58 54 2 445
0 91 54 49 51 46 3 446
0 32 38 12 40 13 3 447
0 101 61 42 57 30 3 448
0 109 55 40 41 37 3 449
1 79 6 44 6 49 4 450
1 46 32 45 20 49 2 451
1 113 53 33 56 25 1 452
1 9 53 54 48 52 1 453
0 23 55 72 58 75 3 454
0 85 49 4 45 4 3 455
1 116 57 53 56 55 1 456
0 30 4 69 5 67 3 457
1 27 57 16 62 17 3 458
1 39 44 18 51 15 3 459
1 25 61 16 58 18 1 460
0 19 45 21 47 20 3 461
1 23 58 25 60 29 1 462
1 111 37 26 35 27 1 463
1 24 58 39 52 43 1 464
0 141 55 22 52 24 3 465
0 58 62 31 64 33 3 466
1 67 53 52 52 44 1 467
0 39 55 47 53 43 5 468
1 95 61 31 56 41 3 469
0 44 59 33 60 31 3 470
0 58 56 49 59 45 6 471
1 90 42 83 45 60 1 472
0 100 40 36 43 35 3 473
0 113 30 50 27 51 3 474
1 118 71 38 57 25 1 475
0 126 55 31 56 28 3 476
0 139 91 27 90 36 3 477
1 132 45 3 30 3 5 478
0 81 6 65 5 62 5 479
1 46 66 92 65 95 2 480
1 120 58 41 50 49 1 481
0 108 90 51 91 39 3 482
0 135 46 29 41 34 3 483
1 0 46 41 44 43 1 484
1 59 19 58 27 65 1 485
1 93 6 37 6 34 3 486
1 117 91 35 91 21 1 487
0 81 65 76 70 73 3 488
1 52 50 48 49 51 1 489
1 66 50 20 44 22 1 490
1 113 63 1 60 1 1 491
0 112 31 45 29 46 3 492
0 116 48 20 51 20 3 493
1 90 58 34 56 29 2 494
1 14 59 13 60 16 1 495
0 57 67 73 70 72 3 496
0 54 6 66 6 69 3 497
0 9 68 36 49 45 3 498
1 66 74 33 72 37 1 499
0 20 52 60 51 62 3 500
0 102 59 40 64 38 3 501
1 102 51 43 59 32 1 502
0 20 40 11 42 12 3 503
1 102 41 3 48 2 1 504
1 14 53 45 32 61 1 505
0 11 54 43 57 44 3 506
0 135 48 57 49 53 3 507
1 35 98 14 98 18 1 508
1 127 64 44 63 31 1 509
1 62 85 13 90 19 1 510
0 97 49 54 50 62 3 511
1 10 49 67 45 70 2 512
0 89 56 30 60 30 3 513
1 5 51 62 58 43 5 514
0 45 57 37 59 34 3 515
0 64 63 30 62 27 3 516
0 81 61 31 67 35 3 517
1 31 47 3 43 4 2 518
1 15 5 69 5 65 1 519
0 21 46 71 48 62 3 520
0 107 17 46 20 46 3 521
0 115 47 49 22 20 3 522
0 50 30 49 29 47 3 523
1 48 27 51 31 50 3 524
0 124 63 50 61 51 3 525
1 96 6 54 5 59 1 526
0 68 70 42 68 48 3 527
0 3 58 37 61 34 3 528
1 120 63 49 63 44 1 529
0 57 43 3 36 4 3 530
1 87 43 22 49 21 1 531
0 34 63 45 63 56 3 532
1 117 59 19 61 18 2 533
0 16 69 39 67 41 3 534
1 136 6 51 6 57 1 535
1 17 67 43 47 34 1 536
0 141 46 54 32 57 3 537
0 139 70 6 80 5 3 538
1 58 30 46 31 42 1 539
0 11 57 76 60 76 3 540
0 60 39 58 47 42 3 541
0 55 56 53 50 65 3 542
1 76 57 40 57 34 1 543
1 35 53 23 55 22 2 544
1 54 46 35 36 29 3 545
1 32 53 24 45 31 1 546
0 32 27 49 32 46 3 547
1 28 98 11 98 23 1 548
1 132 90 25 92 29 2 549
1 113 59 34 56 23 1 550
0 131 52 16 51 18 3 551
1 90 58 26 55 35 5 552
0 122 55 80 58 80 3 553
1 33 47 62 52 53 1 554
1 141 41 74 44 65 5 555
1 20 32 4 35 4 1 556
1 37 5 54 4 36 1 557
1 101 39 10 36 11 2 558
0 88 65 44 36 15 3 559
0 27 6 46 6 61 3 560
0 98 55 30 61 24 3 561
0 143 62 42 62 33 3 562
0 15 40 64 45 60 3 563
1 92 43 4 38 4 2 564
1 110 98 22 98 14 1 565
0 135 43 32 41 35 5 566
1 26 52 47 48 69 1 567
0 100 98 19 98 22 5 568
1 86 6 56 5 61 1 569
1 56 60 22 52 28 2 570
1 63 70 72 67 72 1 571
0 0 63 32 61 30 5 572
0 115 63 30 53 43 3 573
0 51 53 37 54 39 3 574
0 26 57 45 93 0 3 575
0 127 70 70 67 76 3 576
1 96 30 52 28 50 2 577
0 112 40 11 36 14 3 578
0 53 64 1 61 1 3 579
0 130 53 57 62 41 6 580
1 79 65 16 61 18 1 581
0 54 45 61 52 55 3 582
0 25 60 22 58 28 3 583
1 13 54 80 51 80 1 584
1 119 33 44 33 48 2 585
1 83 57 20 31 17 2 586
1 78 47 80 42 80 1 587
1 139 59 1 62 1 1 588
1 32 57 45 58 42 1 589
1 23 52 36 61 28 1 590
0 89 49 18 45 20 3 591
1 64 64 94 72 89 1 592
0 83 88 3 86 5 5 593
1 64 46 50 32 57 1 594
1 106 53 43 53 46 3 595
0 81 44 2 49 2 3 596
0 79 86 5 81 2 3 597
1 128 53 40 56 28 1 598
0 18 53 59 56 52 6 599
1 143 54 58 62 42 1 600
1 48 32 38 31 35 5 601
1 128 59 26 50 26 2 602
0 141 57 38 57 35 3 603
0 124 43 66 47 54 5 604
1 25 59 29 58 23 1 605
1 112 6 65 5 68 2 606
0 67 61 43 61 52 3 607
1 24 39 44 38 47 1 608
0 143 47 24 53 24 3 609
0 123 31 48 32 51 5 610
1 79 32 51 33 49 4 611
0 82 59 46 61 42 3 612
0 111 52 28 46 30 3 613
0 113 47 42 46 53 3 614
0 82 62 35 55 19 3 615
0 92 45 4 22 3 3 616
0 25 89 92 87 93 3 617
0 78 55 80 59 80 3 618
1 82 69 73 38 58 3 619
1 40 52 57 51 59 1 620
1 3 59 35 57 38 1 621
1 10 36 41 35 44 1 622
0 68 49 54 58 19 3 623
0 6 6 47 5 34 3 624
0 97 59 19 56 3 3 625
0 91 70 42 68 24 3 626
1 25 62 43 60 45 1 627
1 141 65 40 66 43 1 628
0 74 49 77 58 75 3 629
1 107 45 27 42 31 1 630
0 98 56 29 51 33 3 631
0 36 30 53 31 57 3 632
1 100 98 22 98 14 5 633
1 104 67 41 58 38 1 634
1 63 46 3 37 5 4 635
1 61 58 47 58 53 2 636
0 45 47 2 45 3 3 637
1 11 44 63 51 63 2 638
1 96 54 40 55 38 1 639
0 131 60 19 49 23 3 640
1 120 60 22 54 21 1 641
1 65 47 60 45 54 5 642
1 85 64 45 45 66 2 643
1 66 40 45 39 39 1 644
1 89 68 22 70 30 1 645
0 99 6 41 6 28 3 646
0 90 66 92 62 94 3 647
0 80 47 30 42 29 3 648
1 48 53 50 48 57 4 649
1 48 70 6 80 4 1 650
1 107 54 39 57 28 1 651
0 16 36 15 34 16 3 652
1 115 69 40 71 41 2 653
1 76 60 44 59 42 2 654
0 128 47 37 49 33 3 655
1 40 54 75 58 76 1 656
0 88 56 34 58 33 3 657
1 5 53 57 56 54 1 658
0 89 5 37 5 41 4 659
1 80 62 69 55 71 3 660
1 57 56 42 57 46 1 661
0 111 46 2 41 3 3 662
1 139 80 6 62 2 1 663
1 70 91 35 91 38 1 664
1 65 53 52 49 48 4 665
0 95 67 37 64 54 3 666
1 38 44 30 43 33 5 667
0 1 52 16 57 18 3 668
0 48 61 73 49 70 3 669
1 43 64 27 58 23 5 670
0 117 55 52 55 43 5 671
0 102 51 51 51 54 3 672
0 95 62 1 57 2 3 673
1 93 6 51 5 47 1 674
0 79 37 41 41 43 3 675
0 105 63 16 52 20 3 676
1 21 46 3 48 4 2 677
0 64 49 4 43 4 3 678
1 125 39 40 33 33 1 679
0 7 50 37 56 27 3 680
1 58 48 4 36 4 1 681
0 73 61 32 50 38 5 682
0 75 57 46 58 44 3 683
0 13 62 39 60 36 3 684
1 93 5 40 5 37 1 685
1 98 42 38 50 34 2 686
1 54 59 46 58 48 1 687
1 128 54 34 60 28 4 688
1 52 67 41 73 36 3 689
0 129 98 15 98 20 3 690
0 117 55 50 53 36 3 691
1 14 67 33 53 27 2 692
0 86 63 29 56 28 3 693
1 90 62 27 56 29 1 694
1 136 6 47 6 56 1 695
1 10 47 2 50 2 2 696
1 93 90 42 89 34 1 697
0 130 56 49 51 61 3 698
0 137 82 3 85 4 3 699
1 77 63 1 59 2 3 700
1 102 85 4 87 3 6 701
1 104 46 52 50 36 5 702
0 110 70 6 80 5 3 703
0 17 7 38 6 50 3 704
1 88 49 19 48 21 1 705
1 117 39 61 44 62 1 706
0 0 5 69 6 65 3 707
1 107 29 66 28 55 1 708
0 45 60 1 57 2 3 709
1 81 48 44 33 56 5 710
1 65 28 43 25 41 2 711
1 69 58 39 66 41 1 712
0 38 56 31 60 30 3 713
0 141 65 44 55 53 3 714
0 60 37 13 42 13 3 715
0 26 82 6 62 2 3 716
1 53 68 41 67 37 1 717
1 23 52 42 46 46 5 718
0 54 73 36 71 35 3 719
0 140 89 92 87 91 3 720
1 19 49 19 45 20 1 721
1 91 56 39 57 43 5 722
1 112 47 31 49 29 1 723
0 89 73 66 70 72 3 724
1 26 57 37 49 11 1 725
1 21 58 54 42 60 1 726
1 26 70 37 63 48 3 727
1 105 69 33 63 32 1 728
0 61 86 4 84 5 3 729
1 65 31 49 29 57 1 730
0 121 58 53 60 48 3 731
1 0 36 14 41 13 1 732
0 127 73 36 69 37 3 733
1 92 61 31 64 24 5 734
1 100 6 52 6 60 1 735
1 112 66 39 60 42 1 736
1 68 63 35 49 35 2 737
0 88 63 38 60 34 3 738
1 43 61 36 49 40 2 739
1 65 33 43 31 48 2 740
0 59 46 45 47 54 3 741
1 130 55 47 68 40 1 742
1 16 32 42 25 59 5 743
1 93 61 1 56 2 2 744
1 28 98 19 98 15 1 745
1 68 67 45 64 42 1 746
1 79 59 16 65 16 5 747
0 111 53 43 52 50 3 748
0 78 54 42 56 40 3 749
1 84 68 36 66 40 2 750
1 128 58 37 52 41 1 751
1 88 5 68 5 63 1 752
1 143 49 17 48 19 3 753
1 102 6 30 5 37 1 754
0 117 49 59 48 67 3 755
0 120 59 48 54 45 3 756
0 72 59 26 60 24 3 757
0 27 70 6 69 8 3 758
0 92 61 70 61 73 3 759
1 32 29 52 32 43 1 760
0 19 56 22 52 27 3 761
1 134 62 2 84 1 3 762
1 111 51 49 52 58 6 763
1 5 67 41 65 44 1 764
0 65 50 50 48 53 3 765
1 46 60 53 61 50 1 766
1 24 48 46 47 48 1 767
0 18 52 61 55 55 3 768
0 89 65 74 64 76 3 769
1 125 51 80 54 81 2 770
1 35 88 93 78 90 1 771
1 77 55 2 60 1 2 772
0 20 58 38 55 40 3 773
1 58 42 38 39 38 5 774
0 19 51 75 60 72 3 775
0 143 58 18 55 20 5 776
0 136 53 39 61 37 5 777
1 7 38 4 42 4 2 778
1 26 54 50 36 45 5 779
1 44 73 31 68 46 1 780
0 20 46 24 41 21 3 781
0 112 27 43 36 29 3 782
1 39 60 30 58 44 5 783
1 14 98 20 98 24 1 784
1 54 52 36 55 52 1 785
0 65 80 6 83 4 5 786
0 97 41 4 46 3 3 787
1 130 46 47 47 50 2 788
1 56 59 28 56 29 1 789
1 28 6 50 7 43 2 790
1 81 54 25 51 24 1 791
0 138 53 16 59 16 3 792
0 108 68 70 65 74 3 793
0 23 57 80 63 80 3 794
0 32 41 3 44 2 3 795
1 81 66 94 65 92 1 796
0 65 56 32 57 39 3 797
1 36 58 51 55 53 1 798
1 1 66 91 64 92 1 799
1 15 52 25 37 35 1 800
1 62 58 1 63 1 5 801
1 9 55 35 58 38 1 802
0 104 49 53 53 54 3 803
1 124 59 26 51 14 1 804
1 50 54 19 49 29 1 805
1 111 6 31 6 28 1 806
1 21 52 58 52 55 2 807
0 80 30 46 34 46 5 808
0 96 48 32 49 34 4 809
1 76 48 41 49 39 1 810
1 0 58 46 61 43 2 811
1 125 70 35 69 37 1 812
0 89 54 20 56 18 3 813
0 101 49 49 47 40 3 814
0 17 52 50 46 66 3 815
0 116 62 47 58 58 3 816
0 64 66 93 63 93 3 817
1 48 29 52 33 47 1 818
0 0 54 43 55 41 3 819
1 53 56 42 55 40 1 820
0 133 11 22 44 20 3 821
0 51 31 58 29 64 5 822
1 34 32 54 33 42 1 823
0 44 90 45 91 31 3 824
0 16 61 57 63 53 3 825
0 71 87 4 81 2 3 826
0 21 88 93 86 94 3 827
0 29 31 44 26 50 3 828
1 86 56 74 58 76 1 829
1 68 48 54 51 48 3 830
0 84 48 2 51 2 3 831
1 84 6 40 6 54 1 832
1 115 31 49 30 56 1 833
0 114 39 40 45 30 3 834
0 79 48 53 42 86 3 835
1 24 71 41 62 59 1 836
0 108 91 31 90 37 5 837
1 96 5 67 5 62 2 838
0 6 58 30 61 19 3 839
0 18 49 16 53 19 3 840
0 113 50 79 48 78 3 841
1 117 46 61 51 49 6 842
0 36 41 11 40 9 4 843
0 126 54 46 48 52 3 844
0 120 60 38 57 37 3 845
1 132 53 31 52 38 1 846
0 67 55 80 52 80 3 847
0 138 68 42 67 34 3 848
0 40 59 19 45 17 3 849
1 56 65 76 68 74 1 850
0 105 53 19 57 18 5 851
0 77 61 25 59 27 5 852
0 32 28 18 30 17 3 853
1 42 98 18 98 14 1 854
1 26 73 39 68 37 1 855
1 0 42 4 35 5 1 856
1 37 68 42 70 34 1 857
1 105 63 17 58 20 2 858
1 81 66 91 64 94 2 859
1 62 57 37 51 46 1 860
1 88 45 23 48 21 1 861
0 123 49 27 48 54 3 862
0 0 47 46 48 51 4 863
0 32 49 34 50 32 3 864
0 137 6 29 6 49 3 865
0 87 29 56 27 59 3 866
0 68 60 29 55 27 3 867
1 135 46 1 48 2 1 868
0 81 50 49 49 51 3 869
0 140 50 24 57 25 3 870
0 48 56 21 60 26 3 871
0 93 64 1 56 2 4 872
1 111 92 28 91 37 1 873
1 132 6 44 6 50 1 874
1 80 31 44 7 53 4 875
0 0 34 40 31 46 3 876
0 77 56 21 60 22 3 877
1 67 56 28 52 33 1 878
1 26 71 70 68 72 1 879
1 47 60 44 63 43 1 880
0 25 61 25 57 28 3 881
0 31 42 2 47 2 3 882
1 44 61 41 67 12 1 883
1 58 55 48 53 41 1 884
0 48 91 28 92 30 3 885
1 20 6 65 5 69 1 886
0 102 47 22 40 22 5 887
0 68 62 1 65 1 3 888
1 108 60 1 0 1 1 889
0 124 58 29 60 30 3 890
1 117 27 38 34 41 1 891
1 2 48 29 47 31 2 892
0 135 6 66 5 69 3 893
1 45 52 80 55 80 4 894
1 27 51 24 42 41 1 895
0 123 65 1 60 1 3 896
0 79 41 35 43 36 3 897
0 127 65 40 69 40 4 898
0 44 65 79 98 64 3 899
1 10 59 33 56 28 2 900
0 86 98 24 98 11 3 901
0 120 61 49 57 50 3 902
0 120 53 76 59 70 3 903
0 131 60 16 65 16 6 904
0 128 33 45 33 41 3 905
1 29 47 43 50 37 1 906
1 96 53 46 51 27 1 907
0 15 87 3 86 5 3 908
1 47 6 48 6 51 3 909
1 19 46 32 49 30 1 910
1 102 53 43 54 45 1 911
0 111 54 25 47 37 4 912
1 7 57 30 57 34 2 913
0 102 63 22 62 26 3 914
0 98 50 19 60 28 5 915
1 24 55 80 49 81 1 916
0 29 41 3 16 2 3 917
1 80 98 19 98 14 1 918
1 104 92 27 92 34 2 919
0 9 41 4 46 4 3 920
0 13 92 34 90 36 3 921
1 11 47 55 46 51 1 922
0 76 56 38 60 38 3 923
1 102 5 39 6 31 1 924
0 1 68 34 66 38 3 925
0 52 45 75 47 70 3 926
0 97 48 34 51 27 3 927
1 142 45 58 53 33 1 928
1 106 7 38 6 52 1 929
0 122 55 44 60 33 3 930
0 94 5 26 6 31 3 931
0 131 58 19 53 12 3 932
0 87 47 44 43 69 3 933
0 139 67 23 55 22 3 934
0 53 53 47 31 38 3 935
0 84 48 51 28 27 3 936
1 119 98 20 98 24 1 937
1 116 60 15 58 33 2 938
1 50 54 26 51 19 1 939
0 67 54 44 43 41 3 940
0 64 66 37 64 51 3 941
1 119 58 45 47 41 1 942
0 81 60 53 64 55 5 943
0 63 40 4 45 4 3 944
0 7 88 4 87 2 5 945
1 77 62 1 54 2 4 946
0 9 67 38 58 43 3 947
1 131 6 52 5 65 4 948
1 88 75 6 81 5 1 949
0 14 52 38 53 50 3 950
0 74 50 36 59 26 3 951
0 127 59 53 56 52 3 952
0 143 98 22 98 25 3 953
1 3 67 34 66 40 1 954
1 47 56 49 61 40 2 955
0 112 57 40 56 42 3 956
0 92 52 42 49 42 3 957
1 134 54 55 51 51 1 958
0 19 69 44 63 33 5 959
0 86 91 41 92 31 3 960
1 115 43 70 40 80 2 961
0 87 55 27 51 18 3 962
0 39 53 45 54 42 3 963
0 41 98 14 98 21 3 964
0 17 59 37 59 41 3 965
0 15 48 39 53 34 3 966
1 36 67 36 53 39 1 967
0 32 61 30 59 32 3 968
1 108 56 46 54 45 6 969
1 15 40 38 45 36 1 970
1 138 51 46 48 38 1 971
1 97 45 3 43 2 2 972
1 58 62 35 56 41 1 973
1 74 68 34 55 27 1 974
0 72 50 56 51 53 3 975
1 4 55 75 51 76 1 976
0 117 56 39 58 37 3 977
1 120 61 46 54 57 2 978
0 80 31 41 29 46 3 979
0 96 33 48 31 46 3 980
1 31 59 26 55 36 1 981
0 139 6 33 6 30 3 982
1 24 47 62 48 57 2 983
0 48 52 31 51 48 3 984
0 86 6 48 6 53 3 985
1 108 92 25 91 27 1 986
1 46 40 4 43 4 1 987
0 143 43 3 46 3 3 988
0 40 61 72 39 92 3 989
1 24 51 43 53 42 6 990
0 130 57 45 44 40 3 991
1 33 53 48 55 50 1 992
1 41 70 32 64 48 1 993
0 74 44 4 36 5 3 994
0 58 68 38 66 50 3 995
1 129 88 93 86 94 2 996
1 5 60 52 52 62 1 997
1 134 71 74 51 81 1 998
0 97 62 30 48 59 3 999
0 70 44 60 50 64 3 1000
1 3 91 34 90 38 5 1001
0 39 48 50 41 47 3 1002
0 104 46 16 53 19 3 1003
1 60 48 56 40 88 2 1004
0 28 98 24 98 27 3 1005
0 11 48 44 50 46 3 1006
0 0 6 28 5 39 5 1007
0 29 83 3 81 2 3 1008
0 19 41 71 46 55 3 1009
0 43 92 30 91 33 3 1010
1 40 51 47 54 45 5 1011
0 88 67 33 66 35 3 1012
0 107 86 92 88 94 6 1013
0 25 31 42 34 40 3 1014
0 52 54 42 58 44 3 1015
1 7 6 44 7 47 1 1016
0 111 29 48 23 45 3 1017
0 119 55 50 48 49 3 1018
1 93 68 38 68 33 1 1019
1 112 41 12 43 11 2 1020
0 87 43 54 42 59 3 1021
1 91 56 47 51 48 1 1022
0 30 45 58 48 50 3 1023
0 128 67 49 64 53 3 1024
1 64 70 38 68 37 1 1025
1 25 65 77 70 72 2 1026
1 41 65 41 69 25 1 1027
0 122 56 24 47 51 3 1028
0 136 41 10 36 11 3 1029
0 116 65 1 56 2 3 1030
0 46 52 41 60 37 3 1031
1 64 32 46 30 45 2 1032
0 24 53 50 53 44 6 1033
0 19 48 3 45 4 3 1034
0 117 57 39 36 28 3 1035
0 17 54 33 59 28 3 1036
1 25 55 44 57 43 1 1037
0 73 44 37 56 38 3 1038
0 54 32 33 28 31 3 1039
0 130 53 46 54 43 3 1040
1 57 98 15 98 22 1 1041
1 118 55 80 52 80 2 1042
0 117 61 37 57 43 3 1043
0 103 38 13 30 13 3 1044
1 26 66 42 67 38 1 1045
1 112 34 31 31 31 1 1046
1 25 59 30 43 25 2 1047
1 139 50 51 48 52 1 1048
0 13 73 35 65 46 3 1049
0 132 6 35 6 42 3 1050
1 78 58 44 58 36 4 1051
0 46 6 30 5 2 3 1052
1 7 59 36 52 45 1 1053
0 104 66 1 61 1 3 1054
0 29 90 39 91 35 3 1055
1 28 67 39 55 38 5 1056
0 82 54 25 54 39 5 1057
1 95 70 73 74 66 1 1058
0 98 5 69 5 66 4 1059
1 42 29 46 30 48 1 1060
1 108 66 25 68 22 2 1061
1 80 47 39 53 51 1 1062
0 80 52 20 45 24 3 1063
1 108 60 30 57 30 3 1064
1 55 55 79 55 75 1 1065
0 96 4 46 3 41 3 1066
1 61 62 32 59 37 1 1067
1 116 6 43 7 46 1 1068
0 16 42 11 39 13 6 1069
0 26 55 80 50 81 3 1070
0 143 51 19 57 17 3 1071
0 29 63 21 58 16 3 1072
1 141 58 24 60 27 1 1073
1 68 55 46 53 44 6 1074
1 19 48 53 46 58 1 1075
1 74 61 69 48 79 1 1076
0 62 64 1 61 1 3 1077
1 126 7 38 7 49 2 1078
1 97 53 43 61 45 2 1079
0 119 59 41 55 39 3 1080
0 7 49 16 44 18 3 1081
0 121 40 24 39 21 3 1082
1 127 66 40 37 15 1 1083
1 108 63 29 56 30 1 1084
0 43 53 29 52 24 3 1085
1 10 36 46 35 48 4 1086
0 102 53 47 44 64 3 1087
0 29 56 73 48 69 3 1088
1 101 5 37 6 24 1 1089
1 109 6 41 2 39 1 1090
0 53 56 2 44 2 3 1091
1 27 58 18 54 19 5 1092
0 126 65 27 49 63 3 1093
1 0 6 43 6 40 1 1094
1 31 62 1 58 2 1 1095
1 71 63 49 52 39 2 1096
0 90 65 75 67 74 3 1097
1 6 67 39 58 59 6 1098
1 111 71 32 71 39 1 1099
0 69 51 16 48 14 3 1100
1 128 51 26 47 31 1 1101
1 132 28 2 49 2 1 1102
1 106 37 14 40 12 1 1103
0 40 57 40 60 37 3 1104
1 23 98 20 98 23 1 1105
0 12 6 38 6 58 3 1106
1 95 66 49 68 47 1 1107
1 112 50 51 57 40 1 1108
1 63 53 30 52 25 1 1109
1 135 31 45 29 47 2 1110
1 38 56 29 57 35 2 1111
0 130 59 30 57 33 3 1112
0 142 31 44 31 47 3 1113
0 141 52 61 53 59 3 1114
1 5 55 49 53 34 2 1115
0 14 56 40 64 36 6 1116
1 38 52 1 49 2 1 1117
1 107 68 72 70 70 1 1118
1 112 39 13 42 11 2 1119
1 39 50 49 52 37 1 1120
0 114 46 4 43 4 3 1121
1 102 48 20 52 18 4 1122
0 72 57 41 61 36 3 1123
1 27 55 41 54 39 2 1124
0 83 27 43 31 47 3 1125
1 111 57 46 55 49 1 1126
0 48 53 50 54 46 3 1127
1 80 68 41 54 44 1 1128
0 5 58 50 56 54 3 1129
1 14 44 64 46 59 2 1130
1 137 32 52 33 43 5 1131
1 76 54 37 60 37 3 1132
1 48 51 47 56 37 1 1133
1 130 43 32 43 35 2 1134
1 121 41 36 39 38 2 1135
1 27 59 16 39 15 1 1136
1 53 40 11 24 13 1 1137
0 35 6 54 6 45 3 1138
0 130 62 42 64 45 3 1139
1 87 49 65 44 64 2 1140
1 62 57 2 54 2 2 1141
0 84 67 34 63 46 3 1142
1 102 62 37 64 33 5 1143
0 128 50 27 52 25 3 1144
0 13 46 43 50 38 3 1145
0 40 40 12 36 13 3 1146
0 116 58 48 60 50 3 1147
1 11 52 47 46 59 1 1148
1 71 67 35 68 39 3 1149
1 40 5 69 6 65 1 1150
1 102 98 22 98 18 2 1151
0 68 48 36 49 60 3 1152
1 27 62 17 60 18 1 1153
1 26 6 54 7 48 1 1154
1 4 55 22 53 24 1 1155
0 45 61 36 44 40 3 1156
1 71 67 39 72 33 1 1157
1 57 56 80 50 81 2 1158
0 51 28 57 27 60 3 1159
0 43 98 25 98 19 3 1160
0 66 54 24 51 31 3 1161
1 18 48 20 53 17 4 1162
0 80 34 40 30 46 3 1163
0 14 52 44 57 48 5 1164
0 75 98 21 98 30 3 1165
1 57 57 20 49 22 1 1166
1 0 68 40 64 36 5 1167
1 68 69 44 72 9 1 1168
1 19 48 64 56 41 1 1169
0 48 26 41 29 38 3 1170
1 36 62 39 60 36 2 1171
1 32 28 50 26 49 4 1172
0 45 57 34 55 37 3 1173
1 67 50 2 60 0 1 1174
1 99 56 45 54 51 4 1175
1 88 54 51 50 62 1 1176
1 67 5 55 5 51 1 1177
0 82 54 44 48 55 3 1178
1 56 66 39 67 37 1 1179
0 49 28 2 48 2 3 1180
1 116 60 26 59 28 2 1181
1 109 49 27 48 30 2 1182
0 98 69 41 67 46 3 1183
0 35 52 25 52 30 3 1184
1 37 6 45 7 39 1 1185
0 65 42 12 44 11 3 1186
0 109 39 77 32 78 3 1187
1 132 69 42 69 39 1 1188
0 109 54 44 46 59 3 1189
1 64 62 44 63 47 1 1190
1 66 47 31 51 31 2 1191
1 141 58 28 54 32 1 1192
1 50 53 19 50 27 1 1193
1 135 87 3 84 4 2 1194
1 51 78 6 82 4 6 1195
1 112 39 14 41 13 2 1196
0 38 92 28 91 32 3 1197
1 92 6 56 6 51 1 1198
1 61 40 18 14 16 1 1199
0 128 21 19 31 43 3 1200
0 95 67 39 63 43 3 1201
1 72 60 41 62 42 6 1202
1 137 60 41 61 35 4 1203
1 136 56 34 56 31 2 1204
1 0 62 38 55 54 1 1205
1 13 98 12 98 28 2 1206
0 27 7 46 6 34 6 1207
1 76 58 49 55 58 1 1208
0 27 61 16 60 18 3 1209
0 122 6 66 6 63 3 1210
1 106 79 6 82 5 1 1211
0 32 43 11 41 12 4 1212
0 101 44 19 24 18 3 1213
1 87 61 46 44 46 5 1214
1 59 44 34 45 10 1 1215
0 35 91 27 89 21 3 1216
0 48 46 50 46 54 4 1217
0 9 45 21 47 20 3 1218
0 66 39 46 44 32 6 1219
0 121 36 28 39 46 3 1220
1 107 53 47 48 57 1 1221
1 74 41 3 44 2 3 1222
0 39 44 48 43 51 3 1223
0 92 82 5 80 6 3 1224
1 48 31 45 25 40 1 1225
1 62 60 37 61 35 2 1226
0 2 51 19 52 21 3 1227
1 40 47 4 43 3 1 1228
0 127 40 13 36 13 3 1229
1 0 60 2 55 2 1 1230
1 63 53 25 47 32 2 1231
0 124 41 75 42 72 3 1232
1 118 6 47 6 42 4 1233
1 40 55 18 51 19 1 1234
0 119 65 41 66 22 3 1235
1 125 65 36 62 47 2 1236
0 84 46 70 50 47 3 1237
0 27 7 46 6 42 3 1238
0 102 5 45 6 32 3 1239
0 76 7 47 6 59 5 1240
0 63 47 3 45 4 5 1241
1 100 51 45 55 43 4 1242
1 12 57 2 60 1 1 1243
0 28 61 29 62 19 3 1244
0 115 59 37 60 33 3 1245
1 109 15 12 19 13 1 1246
1 143 6 42 7 45 2 1247
0 132 98 25 98 18 3 1248
1 68 53 47 54 45 1 1249
1 113 57 76 56 72 1 1250
0 92 42 11 40 12 3 1251
1 76 56 60 49 82 2 1252
0 89 7 43 4 81 3 1253
0 36 67 34 60 29 3 1254
0 116 56 59 54 54 3 1255
0 77 57 26 60 30 3 1256
0 134 66 92 65 94 3 1257
0 16 29 46 32 45 3 1258
0 31 90 36 91 31 3 1259
1 129 56 34 46 15 1 1260
0 26 74 32 69 38 3 1261
1 0 58 26 60 24 1 1262
1 45 58 80 51 80 5 1263
1 93 64 27 60 33 2 1264
1 64 32 42 33 44 5 1265
1 115 48 32 54 36 2 1266
1 26 62 48 68 43 2 1267
0 108 5 67 6 64 3 1268
1 130 82 6 63 4 4 1269
0 102 56 41 59 33 3 1270
1 82 40 36 43 33 1 1271
0 58 51 46 61 40 3 1272
1 12 67 74 68 77 1 1273
0 122 40 48 40 44 3 1274
1 23 59 73 55 74 2 1275
0 99 56 19 58 28 3 1276
1 71 63 35 55 42 4 1277
0 24 62 31 56 38 4 1278
1 67 52 53 51 56 6 1279
1 127 57 37 59 24 1 1280
0 52 56 40 49 48 3 1281
0 5 13 61 54 77 4 1282
0 130 59 48 56 61 3 1283
1 17 45 4 42 3 1 1284
0 62 60 1 57 1 3 1285
1 126 50 39 52 30 1 1286
1 19 48 46 49 39 1 1287
0 55 39 13 41 11 3 1288
1 129 88 92 85 94 1 1289
1 102 6 28 6 33 1 1290
1 78 6 30 7 32 2 1291
0 55 66 1 58 1 3 1292
1 119 54 81 52 82 1 1293
1 139 90 41 92 32 2 1294
1 44 60 37 62 32 1 1295
0 42 54 45 56 43 3 1296
0 121 5 37 6 35 5 1297
0 43 5 68 5 75 3 1298
1 51 13 60 59 74 2 1299
0 70 69 69 71 72 3 1300
1 133 49 53 52 54 1 1301
0 60 52 15 54 14 3 1302
0 137 61 31 43 54 3 1303
1 94 32 56 30 50 1 1304
0 0 59 32 62 32 3 1305
1 48 49 43 54 43 1 1306
1 17 6 49 6 53 1 1307
0 7 32 51 29 64 3 1308
1 119 67 40 70 35 1 1309
0 100 51 80 56 80 3 1310
1 100 57 80 51 81 1 1311
0 39 39 44 42 33 3 1312
0 42 29 48 26 50 3 1313
1 39 61 37 56 42 6 1314
0 71 46 56 46 59 3 1315
0 65 55 39 58 42 3 1316
1 41 61 53 66 38 1 1317
1 39 47 56 51 70 1 1318
1 80 26 49 31 48 1 1319
1 120 55 80 56 78 5 1320
1 1 60 18 51 20 4 1321
0 120 55 52 56 42 3 1322
1 45 65 32 70 34 2 1323
1 139 63 49 62 45 2 1324
0 117 53 53 51 48 3 1325
1 103 58 77 50 78 1 1326
1 81 87 4 81 2 1 1327
1 91 50 46 54 42 1 1328
0 58 69 42 67 41 3 1329
0 137 52 2 49 2 3 1330
0 72 43 45 50 50 3 1331
1 42 53 48 48 53 4 1332
1 19 72 69 70 74 1 1333
1 112 30 46 30 43 1 1334
1 37 54 46 50 43 3 1335
1 92 64 46 69 35 6 1336
1 14 88 93 86 94 1 1337
0 17 55 80 49 79 3 1338
0 17 31 48 31 57 3 1339
0 48 59 46 60 52 3 1340
1 39 53 53 56 49 3 1341
0 63 64 75 70 73 5 1342
0 58 61 29 68 26 3 1343
0 119 5 70 6 65 3 1344
1 81 63 44 58 41 1 1345
0 43 30 49 32 50 3 1346
1 20 49 49 55 38 1 1347
0 1 56 19 59 18 3 1348
0 24 37 40 41 41 3 1349
0 18 87 2 86 4 4 1350
1 78 80 6 70 6 1 1351
0 3 47 47 45 50 3 1352
1 87 59 48 60 41 2 1353
0 106 53 49 52 51 3 1354
1 14 71 41 65 45 1 1355
1 63 6 58 6 39 1 1356
0 128 62 1 56 2 3 1357
0 39 63 35 60 41 3 1358
1 83 49 54 49 58 2 1359
0 16 27 51 29 53 3 1360
0 117 44 66 37 61 5 1361
0 119 73 32 73 35 3 1362
1 88 25 53 26 58 1 1363
0 125 58 47 63 35 3 1364
1 2 18 14 32 25 2 1365
0 67 61 28 60 24 3 1366
0 90 6 40 5 36 3 1367
0 36 60 35 23 52 3 1368
1 18 86 27 88 29 1 1369
1 42 70 36 69 38 1 1370
1 136 39 10 41 13 1 1371
0 38 46 3 36 4 3 1372
0 122 82 6 80 5 3 1373
0 66 7 41 7 48 5 1374
0 72 51 48 54 52 3 1375
0 84 6 42 6 34 3 1376
1 1 53 19 40 18 1 1377
1 137 33 51 34 42 2 1378
1 102 59 53 59 45 1 1379
1 43 64 38 61 33 1 1380
1 26 67 40 59 65 6 1381
0 88 47 2 52 2 3 1382
1 118 60 16 59 18 1 1383
1 34 50 30 55 39 1 1384
0 128 51 31 47 34 3 1385
0 128 55 36 58 39 5 1386
1 6 73 39 69 36 2 1387
0 81 6 67 5 64 5 1388
1 137 41 46 53 48 1 1389
0 108 48 56 46 61 3 1390
0 69 6 45 4 56 3 1391
1 33 62 49 63 52 1 1392
1 113 60 1 56 2 1 1393
0 65 6 31 6 42 3 1394
0 23 37 16 54 38 3 1395
0 96 52 49 42 51 3 1396
0 82 33 47 31 43 3 1397
0 33 54 80 50 80 4 1398
1 137 63 31 60 30 1 1399
1 93 6 30 6 35 2 1400
0 23 64 76 70 72 3 1401
1 83 98 15 98 10 4 1402
0 121 6 40 5 42 3 1403
0 83 53 32 52 34 3 1404
1 19 52 17 50 18 4 1405
1 67 44 66 46 48 1 1406
1 96 27 50 30 50 2 1407
0 52 68 34 68 40 3 1408
0 60 38 41 41 43 3 1409
0 119 72 33 70 34 3 1410
1 132 57 77 54 80 1 1411
0 6 5 69 5 64 3 1412
0 112 53 43 68 35 3 1413
0 128 51 27 54 25 3 1414
0 98 58 33 59 31 3 1415
1 53 6 42 6 47 1 1416
1 118 58 19 53 21 1 1417
1 75 38 14 35 13 1 1418
1 11 57 73 56 75 6 1419
1 19 54 23 50 31 5 1420
1 4 55 41 50 47 1 1421
0 5 53 75 56 75 3 1422
1 59 49 48 52 52 1 1423
0 83 56 31 54 10 3 1424
1 131 91 41 91 38 3 1425
0 26 48 55 47 58 5 1426
1 88 39 27 38 30 1 1427
1 29 27 41 31 38 1 1428
0 69 60 35 58 36 3 1429
0 122 87 94 82 94 3 1430
1 39 58 38 49 53 1 1431
1 65 6 65 5 69 1 1432
1 129 37 57 36 49 1 1433
1 32 34 42 29 52 5 1434
1 108 66 75 64 77 1 1435
0 3 6 55 5 53 3 1436
1 112 51 28 54 27 5 1437
0 58 57 48 61 45 3 1438
0 56 58 41 55 40 3 1439
1 21 61 2 54 2 1 1440
1 98 55 41 54 53 4 1441
0 79 65 32 57 47 3 1442
0 68 64 1 57 2 3 1443
0 121 45 63 43 54 3 1444
0 79 53 68 58 62 3 1445
1 54 64 31 61 32 1 1446
0 62 49 40 52 41 3 1447
0 46 59 46 56 49 3 1448
1 8 52 42 47 36 6 1449
0 101 50 39 47 39 3 1450
1 24 57 42 55 40 1 1451
1 74 6 30 6 37 1 1452
0 32 51 65 50 74 6 1453
1 32 29 46 31 44 1 1454
0 67 51 38 54 36 3 1455
0 139 58 2 66 1 5 1456
1 64 37 13 41 13 1 1457
1 119 68 41 59 38 5 1458
0 27 6 55 5 53 4 1459
0 24 56 37 59 38 3 1460
1 65 55 46 58 44 1 1461
1 39 53 41 55 46 3 1462
1 81 53 26 54 24 1 1463
1 131 31 50 33 48 2 1464
0 21 55 80 45 80 3 1465
0 104 59 25 61 27 4 1466
1 130 50 2 46 2 5 1467
1 48 59 36 70 32 1 1468
1 62 58 46 65 34 2 1469
0 117 49 18 49 28 3 1470
0 36 55 74 49 80 3 1471
1 143 98 15 98 19 2 1472
1 78 41 44 19 29 2 1473
1 66 7 47 6 45 1 1474
0 123 55 38 41 57 3 1475
0 24 57 39 63 40 3 1476
1 113 88 3 86 5 2 1477
1 137 29 55 28 60 1 1478
1 36 55 32 58 26 1 1479
0 79 66 31 65 24 3 1480
0 21 59 56 56 61 3 1481
1 143 5 45 5 42 1 1482
1 0 50 3 46 4 1 1483
1 53 56 31 58 9 1 1484
1 141 60 33 64 36 1 1485
1 16 34 45 30 51 5 1486
0 0 65 51 64 53 3 1487
1 65 46 32 49 33 1 1488
0 128 41 9 47 8 3 1489
1 135 5 67 6 65 6 1490
1 21 87 93 82 94 1 1491
1 136 56 24 53 19 1 1492
1 77 52 48 49 59 5 1493
1 19 49 17 48 19 1 1494
1 23 51 60 50 63 1 1495
0 130 63 34 64 17 5 1496
0 33 91 34 92 28 3 1497
0 108 68 34 69 30 3 1498
0 62 62 32 60 34 3 1499
0 57 63 46 68 41 3 1500
0 128 28 61 29 53 3 1501
0 95 57 35 56 38 3 1502
0 96 56 37 60 39 3 1503
0 106 33 43 32 51 4 1504
1 42 71 33 67 41 1 1505
0 79 29 33 32 39 3 1506
1 52 29 12 26 12 2 1507
0 123 48 39 49 29 3 1508
1 122 5 36 6 31 2 1509
0 112 6 25 5 39 3 1510
1 22 29 55 30 53 1 1511
0 43 88 4 81 2 3 1512
1 71 49 81 38 81 1 1513
0 10 69 44 71 35 3 1514
0 32 4 68 5 61 3 1515
0 64 85 93 82 93 3 1516
1 84 91 30 91 33 1 1517
0 38 55 28 54 40 3 1518
0 57 61 37 62 35 3 1519
1 97 55 23 51 27 5 1520
1 38 31 47 31 58 1 1521
1 129 86 92 88 94 2 1522
1 132 52 76 54 75 1 1523
1 27 6 40 6 36 1 1524
0 75 60 18 52 20 3 1525
1 100 64 44 62 47 1 1526
0 9 53 49 55 41 3 1527
0 51 60 18 55 18 3 1528
1 118 5 39 5 44 1 1529
1 109 31 58 30 61 1 1530
0 25 59 36 62 36 3 1531
0 20 57 38 55 41 3 1532
0 111 51 76 50 71 3 1533
0 142 51 53 34 67 3 1534
0 5 46 20 50 18 3 1535
0 97 54 39 54 46 3 1536
0 103 66 39 63 46 3 1537
1 83 56 78 54 79 1 1538
0 90 65 94 65 91 3 1539
0 17 51 61 52 57 3 1540
1 96 60 34 62 39 1 1541
0 66 87 2 85 3 3 1542
1 60 6 44 6 50 1 1543
0 130 56 40 53 44 3 1544
1 58 51 58 52 44 2 1545
0 66 57 41 54 41 4 1546
1 5 70 38 64 46 1 1547
1 108 91 31 92 27 1 1548
0 62 57 31 58 28 3 1549
1 129 55 56 53 59 1 1550
0 24 67 73 69 70 3 1551
1 136 98 17 98 26 1 1552
0 143 40 11 45 11 3 1553
1 63 61 31 57 39 2 1554
1 26 72 27 71 40 1 1555
0 11 46 4 42 3 3 1556
1 39 44 33 37 46 1 1557
1 48 45 77 56 78 1 1558
1 133 48 55 50 52 3 1559
1 128 57 17 55 18 1 1560
1 92 68 39 65 43 1 1561
0 104 61 39 57 40 3 1562
0 117 51 53 46 60 3 1563
1 57 71 74 52 75 6 1564
0 121 37 29 44 33 5 1565
1 122 86 93 81 92 1 1566
0 104 55 34 61 33 3 1567
0 62 70 6 82 6 3 1568
0 98 58 26 54 31 3 1569
1 141 56 55 53 60 2 1570
1 27 62 17 58 18 1 1571
1 24 55 38 51 57 5 1572
0 60 56 48 58 47 3 1573
0 63 55 37 44 55 3 1574
0 29 49 58 57 47 3 1575
1 83 58 31 54 39 1 1576
0 132 58 34 52 43 3 1577
0 5 6 66 5 69 3 1578
0 7 55 75 53 77 3 1579
0 112 87 3 85 4 3 1580
0 91 52 55 49 51 6 1581
1 68 63 34 52 59 2 1582
1 138 54 26 56 25 1 1583
0 132 51 80 55 80 3 1584
0 141 51 49 53 43 3 1585
0 108 60 1 64 1 3 1586
1 27 7 54 6 50 1 1587
0 31 69 76 65 76 3 1588
0 121 6 37 6 27 3 1589
0 108 67 93 62 94 3 1590
1 60 7 40 7 47 2 1591
1 9 67 39 66 26 1 1592
1 143 52 19 59 20 1 1593
0 100 52 19 59 17 3 1594
0 140 51 35 46 50 3 1595
1 27 57 1 65 1 1 1596
1 115 48 54 55 49 2 1597
1 100 64 33 67 25 1 1598
0 89 55 80 51 80 5 1599
0 104 55 50 51 32 6 1600
0 36 36 15 58 45 3 1601
1 86 59 17 50 22 1 1602
1 32 33 44 28 50 1 1603
1 38 67 72 64 77 1 1604
1 56 70 39 67 41 2 1605
1 53 57 37 53 46 1 1606
0 82 59 22 57 20 3 1607
1 108 33 44 29 44 2 1608
1 118 6 42 6 53 1 1609
0 94 51 35 58 28 3 1610
0 39 44 49 48 46 3 1611
1 88 47 20 51 19 3 1612
1 142 92 29 90 38 1 1613
0 99 43 31 40 43 3 1614
1 121 6 28 6 37 1 1615
0 0 42 12 36 13 3 1616
0 119 59 29 62 20 3 1617
0 76 62 46 55 51 3 1618
0 86 88 93 85 96 3 1619
1 81 60 29 59 25 1 1620
1 115 98 27 98 21 1 1621
1 41 89 33 92 32 1 1622
1 88 57 28 53 36 1 1623
1 108 5 37 6 29 1 1624
0 83 57 33 51 34 3 1625
0 123 33 43 32 51 3 1626
0 8 73 67 70 75 3 1627
1 22 52 23 47 23 3 1628
1 42 48 36 46 37 3 1629
1 88 60 48 55 66 1 1630
1 78 55 50 56 41 1 1631
0 22 43 68 47 50 3 1632
1 117 52 19 61 24 1 1633
0 3 92 25 91 35 3 1634
1 18 6 28 5 38 1 1635
1 37 83 4 78 7 6 1636
1 61 37 17 46 14 2 1637
1 93 49 41 47 44 1 1638
1 138 6 29 6 34 1 1639
1 139 91 33 91 26 1 1640
0 142 92 27 92 31 3 1641
0 5 50 38 49 43 3 1642
1 95 51 19 52 7 1 1643
1 119 82 4 80 6 1 1644
1 136 45 3 47 2 1 1645
0 120 60 47 43 45 3 1646
0 44 56 80 51 80 3 1647
1 72 69 34 43 19 3 1648
0 66 53 46 55 44 3 1649
1 56 56 42 55 44 1 1650
1 93 4 39 6 31 1 1651
1 112 56 22 50 25 3 1652
1 11 48 21 50 19 4 1653
0 16 88 30 85 17 3 1654
1 9 49 33 48 29 4 1655
0 32 67 34 63 30 3 1656
0 17 40 21 44 37 3 1657
0 35 89 92 83 93 6 1658
1 5 55 22 50 28 1 1659
0 93 49 51 52 57 3 1660
0 83 43 63 43 66 3 1661
0 4 53 50 52 61 3 1662
1 130 51 18 44 22 1 1663
1 54 41 12 38 12 1 1664
1 136 52 41 56 28 1 1665
1 126 39 14 31 17 1 1666
1 126 59 29 54 23 3 1667
1 27 46 33 45 35 1 1668
1 33 56 40 44 52 1 1669
1 4 57 20 63 17 1 1670
1 52 57 27 58 42 3 1671
0 140 92 29 90 33 3 1672
1 92 55 19 56 17 1 1673
0 32 56 59 56 63 5 1674
1 98 63 78 65 68 1 1675
0 9 6 65 5 69 3 1676
1 48 58 28 62 26 1 1677
0 120 49 28 29 40 3 1678
0 13 47 35 55 29 3 1679
0 25 6 32 6 39 3 1680
1 42 67 43 48 44 2 1681
1 133 60 22 54 24 1 1682
1 9 45 4 30 4 1 1683
1 45 46 57 49 47 3 1684
0 5 46 4 41 3 3 1685
0 69 56 73 59 70 6 1686
1 80 33 46 35 41 5 1687
1 130 53 43 58 45 1 1688
0 78 6 66 3 75 3 1689
1 141 62 17 53 21 1 1690
0 89 57 38 54 41 3 1691
1 1 49 45 50 43 1 1692
0 1 65 47 64 55 3 1693
0 22 31 48 32 50 3 1694
0 117 63 50 65 49 6 1695
1 108 5 67 6 65 1 1696
1 127 71 68 62 66 1 1697
0 65 61 49 60 22 3 1698
0 126 44 2 49 2 3 1699
0 130 80 6 83 4 5 1700
1 143 47 55 47 50 2 1701
1 93 45 57 32 57 1 1702
1 98 60 53 30 47 6 1703
1 117 5 49 6 42 3 1704
1 50 26 50 23 50 1 1705
1 141 59 45 56 52 5 1706
1 104 56 27 58 26 1 1707
0 16 69 37 68 39 3 1708
0 87 48 58 49 53 6 1709
0 5 56 39 53 45 3 1710
1 35 51 80 56 80 1 1711
0 11 57 2 52 2 3 1712
1 14 54 45 56 52 1 1713
1 38 62 23 60 30 1 1714
1 76 45 48 44 52 1 1715
1 1 57 19 52 19 1 1716
0 117 56 30 55 40 3 1717
1 94 28 60 30 62 1 1718
0 72 54 32 53 37 3 1719
1 88 53 54 35 75 3 1720
0 58 56 49 53 30 6 1721
1 80 56 72 55 74 6 1722
1 102 41 34 42 36 1 1723
0 7 60 48 55 23 3 1724
0 38 6 31 5 42 3 1725
1 39 57 49 49 51 1 1726
0 128 54 33 75 1 3 1727
1 121 41 3 44 2 1 1728
1 57 98 18 98 22 1 1729
0 97 44 76 30 78 3 1730
1 143 41 12 37 11 1 1731
1 109 49 37 54 30 2 1732
0 135 43 24 35 30 3 1733
0 62 54 54 51 49 3 1734
1 130 52 2 49 2 1 1735
1 43 46 54 48 56 3 1736
0 84 67 34 61 24 3 1737
0 14 98 16 98 10 3 1738
1 45 21 19 26 2 1 1739
0 40 55 35 54 37 3 1740
1 12 46 28 54 40 5 1741
1 101 45 45 53 50 2 1742
1 136 56 37 53 43 1 1743
1 38 57 26 60 24 2 1744
1 78 83 4 78 6 1 1745
0 117 61 19 58 34 3 1746
1 52 49 47 55 30 1 1747
0 46 44 20 41 17 3 1748
0 138 61 16 57 18 3 1749
0 45 46 20 51 18 3 1750
0 105 91 37 91 34 3 1751
0 51 71 36 61 49 3 1752
1 36 58 46 89 24 1 1753
0 66 6 41 6 44 3 1754
0 8 90 46 92 31 4 1755
1 12 57 29 60 23 2 1756
0 22 65 93 67 92 3 1757
0 66 6 49 6 55 3 1758
1 130 53 44 53 53 2 1759
0 74 85 4 79 3 3 1760
1 49 55 43 48 51 1 1761
0 89 58 80 52 80 3 1762
0 108 92 30 91 34 3 1763
1 85 48 42 43 56 1 1764
0 31 45 61 49 57 3 1765
1 11 92 28 88 30 1 1766
0 131 91 40 92 28 3 1767
0 5 52 19 50 20 3 1768
1 21 57 59 59 55 1 1769
1 8 6 50 6 42 1 1770
0 15 61 1 57 2 3 1771
1 139 91 29 92 31 1 1772
0 111 51 29 50 31 3 1773
1 40 48 49 41 75 2 1774
1 67 55 80 49 81 1 1775
1 128 68 73 72 67 1 1776
0 36 58 45 52 43 3 1777
0 97 42 5 40 4 3 1778
0 17 57 44 67 41 3 1779
1 11 27 45 22 54 2 1780
1 126 48 3 41 3 2 1781
0 21 60 34 41 63 3 1782
1 1 61 1 64 1 1 1783
1 72 67 36 68 45 1 1784
1 38 43 2 46 2 3 1785
0 68 58 2 55 2 3 1786
1 71 58 2 55 2 4 1787
1 106 81 5 77 0 1 1788
1 124 49 48 51 51 3 1789
1 77 88 93 87 91 1 1790
0 127 6 28 6 22 3 1791
1 28 71 36 71 42 1 1792
1 27 56 37 55 39 1 1793
1 2 54 30 51 35 1 1794
0 126 32 78 55 75 3 1795
1 48 43 11 41 12 2 1796
1 111 87 28 89 31 3 1797
1 130 38 38 39 28 4 1798
0 122 5 61 4 68 3 1799
0 45 87 4 93 3 3 1800
0 112 38 40 37 42 3 1801
0 5 29 56 30 59 3 1802
1 19 27 26 53 46 2 1803
1 38 41 34 38 39 1 1804
0 86 52 48 47 64 3 1805
0 143 98 21 98 15 3 1806
1 42 42 63 43 61 1 1807
0 66 54 18 59 15 3 1808
0 89 70 34 69 36 3 1809
0 47 67 74 69 71 3 1810
0 6 91 33 88 33 3 1811
1 53 6 44 5 72 2 1812
1 72 49 44 39 65 5 1813
1 56 57 39 16 21 1 1814
0 105 52 76 58 75 3 1815
1 129 6 52 5 63 1 1816
0 10 58 24 60 34 3 1817
0 55 57 45 52 61 3 1818
0 97 45 4 41 2 3 1819
1 100 56 63 54 68 1 1820
1 84 47 39 39 32 1 1821
1 45 48 2 43 2 1 1822
0 113 16 25 19 29 3 1823
1 116 51 65 36 78 5 1824
0 104 58 41 53 47 3 1825
0 15 46 18 50 18 3 1826
0 86 52 47 49 38 3 1827
0 74 50 66 40 77 3 1828
0 129 24 28 48 43 5 1829
0 16 43 12 39 14 6 1830
1 86 88 93 86 92 1 1831
0 51 50 25 58 31 3 1832
0 122 62 38 63 35 3 1833
0 64 41 12 35 12 3 1834
0 91 59 30 56 36 3 1835
0 77 55 2 60 2 3 1836
1 122 88 93 82 94 6 1837
1 93 90 22 90 26 1 1838
1 134 47 30 43 30 1 1839
1 22 63 22 57 29 3 1840
0 80 40 14 36 15 3 1841
1 131 64 45 66 43 1 1842
1 105 69 40 64 54 1 1843
0 139 68 38 44 18 3 1844
1 38 57 31 60 27 5 1845
0 124 23 47 25 48 3 1846
0 32 63 46 56 51 3 1847
1 87 65 92 66 90 1 1848
1 46 55 2 58 2 1 1849
0 34 69 69 70 73 3 1850
0 108 31 51 29 63 3 1851
0 79 42 30 42 34 3 1852
1 45 58 80 55 80 6 1853
0 66 38 31 41 31 3 1854
0 6 68 71 70 70 5 1855
0 143 58 28 55 33 3 1856
0 12 58 46 59 48 3 1857
0 115 49 20 46 20 3 1858
1 94 71 39 69 40 1 1859
0 130 57 45 49 74 3 1860
1 99 57 33 60 37 2 1861
1 113 53 32 58 33 1 1862
0 93 6 42 5 39 3 1863
0 77 56 52 61 40 3 1864
1 131 46 58 43 58 1 1865
1 85 98 17 98 26 1 1866
1 90 66 92 67 89 1 1867
1 13 51 41 54 38 2 1868
1 46 56 59 55 57 2 1869
1 60 69 76 70 72 2 1870
1 38 40 44 30 35 1 1871
0 114 46 4 38 4 3 1872
0 107 38 39 41 31 3 1873
0 21 54 59 63 46 3 1874
1 137 54 49 51 58 1 1875
1 92 54 74 54 77 1 1876
1 52 68 45 63 43 1 1877
1 96 98 23 98 18 1 1878
0 13 64 45 67 40 3 1879
0 46 5 36 6 30 3 1880
1 120 28 55 27 60 1 1881
0 121 61 52 62 42 3 1882
1 128 37 14 40 11 6 1883
1 123 52 56 48 59 1 1884
0 103 6 34 6 31 3 1885
0 117 48 35 51 31 3 1886
0 102 55 52 57 46 5 1887
0 38 69 68 71 67 3 1888
1 66 42 32 42 39 1 1889
0 86 30 47 35 40 3 1890
1 29 54 31 63 35 1 1891
0 86 55 2 53 3 3 1892
0 25 53 33 56 30 3 1893
0 0 69 43 67 9 3 1894
0 118 53 49 48 63 3 1895
0 0 67 77 66 79 3 1896
0 29 59 32 60 43 5 1897
0 113 46 27 42 35 4 1898
0 135 6 69 5 67 3 1899
1 111 91 37 91 34 1 1900
0 121 60 34 59 36 3 1901
1 71 59 31 46 27 1 1902
0 108 65 76 67 73 3 1903
1 58 53 44 60 34 5 1904
1 36 52 43 50 57 1 1905
1 130 27 24 52 51 1 1906
0 42 45 59 46 55 6 1907
1 30 47 2 50 2 1 1908
0 141 41 37 38 42 3 1909
1 75 6 65 4 66 1 1910
1 108 30 51 34 43 1 1911
0 21 63 49 64 46 3 1912
0 134 19 57 23 57 3 1913
0 18 38 40 41 43 3 1914
0 92 60 19 52 20 3 1915
1 126 68 39 61 61 1 1916
0 88 46 32 37 41 3 1917
1 2 44 36 40 45 1 1918
0 4 50 29 56 23 3 1919
1 105 57 41 60 38 3 1920
0 12 68 76 73 66 4 1921
1 119 32 46 30 50 1 1922
1 38 70 73 68 72 1 1923
0 49 67 39 69 40 3 1924
0 23 51 27 48 27 3 1925
0 37 6 36 4 30 3 1926
0 108 30 59 33 50 3 1927
1 123 51 2 48 2 1 1928
1 18 53 58 56 56 1 1929
0 96 51 47 57 41 3 1930
0 129 83 4 88 3 3 1931
1 140 29 56 31 58 2 1932
0 63 50 76 55 73 3 1933
0 46 51 52 52 43 5 1934
1 60 52 24 55 26 1 1935
0 41 61 32 55 42 3 1936
0 143 54 29 55 33 5 1937
0 29 79 6 81 5 3 1938
0 110 55 41 57 39 3 1939
0 39 72 38 66 44 3 1940
1 82 53 43 55 41 1 1941
0 86 59 74 55 77 3 1942
1 102 40 12 32 12 1 1943
0 53 59 19 61 18 3 1944
0 92 42 60 44 51 3 1945
1 4 53 1 48 2 1 1946
0 108 55 39 54 37 3 1947
0 66 42 60 47 50 3 1948
1 132 46 3 41 3 1 1949
0 105 51 80 56 80 3 1950
0 132 54 67 53 69 3 1951
0 59 51 31 46 31 3 1952
1 75 6 49 6 55 1 1953
1 117 62 34 64 28 1 1954
0 10 43 25 44 22 3 1955
1 102 55 53 50 64 2 1956
1 87 54 52 47 71 1 1957
0 132 55 28 52 27 3 1958
0 92 48 4 40 5 3 1959
0 21 53 80 56 80 3 1960
0 46 50 50 43 50 3 1961
0 143 31 51 34 45 3 1962
1 56 51 80 48 80 5 1963
1 28 57 75 60 77 1 1964
0 24 54 52 53 55 3 1965
1 95 31 2 46 2 5 1966
1 117 50 51 44 64 6 1967
0 4 55 27 53 26 3 1968
0 3 6 42 6 48 3 1969
0 140 67 74 69 77 3 1970
1 94 31 54 34 42 1 1971
1 143 98 15 98 24 1 1972
0 53 50 18 49 20 3 1973
1 141 55 40 57 39 1 1974
1 17 98 20 98 16 3 1975
0 110 63 39 57 45 3 1976
1 90 31 44 33 47 2 1977
0 82 52 26 50 28 3 1978
0 72 66 40 67 34 3 1979
1 8 65 42 67 37 1 1980
1 46 57 55 60 54 2 1981
0 74 6 34 6 28 5 1982
0 14 58 45 54 43 3 1983
0 13 53 50 45 68 3 1984
1 53 58 33 52 33 4 1985
0 97 51 26 47 31 5 1986
1 80 41 9 36 11 1 1987
0 3 68 36 66 38 3 1988
0 7 58 2 54 2 3 1989
0 0 54 49 3 20 3 1990
0 56 58 39 60 33 3 1991
1 48 40 57 50 51 1 1992
0 88 57 48 61 43 3 1993
0 136 66 94 63 93 3 1994
0 130 49 43 57 46 3 1995
0 14 48 29 46 30 3 1996
0 132 48 54 25 53 3 1997
1 1 51 48 37 51 4 1998
0 13 55 56 56 53 3 1999
