1 90 6 33 5 56 1 0
0 2 58 42 54 31 3 1
0 92 58 41 54 42 3 2
0 87 52 34 56 32 3 3
0 104 47 50 31 55 3 4
0 14 60 32 59 46 3 5
1 121 41 33 39 22 6 6
1 29 32 47 25 46 1 7
1 45 49 55 50 53 1 8
0 65 59 38 47 50 3 9
1 57 53 47 49 57 1 10
0 138 70 6 66 11 3 11
0 46 30 53 29 64 3 12
1 131 36 25 10 19 2 13
0 109 58 39 53 38 3 14
0 57 6 47 6 50 3 15
0 41 83 4 80 5 3 16
0 88 56 76 58 75 3 17
0 107 46 27 32 34 3 18
0 86 48 79 59 70 3 19
0 138 46 59 51 66 3 20
1 37 7 40 6 43 1 21
0 102 46 58 51 48 3 22
1 66 81 5 78 6 1 23
0 17 50 43 56 40 3 24
1 66 44 40 41 39 1 25
0 52 35 11 31 7 3 26
0 130 68 43 61 59 3 27
0 56 59 1 62 1 3 28
0 44 54 42 62 35 5 29
0 84 41 36 38 42 3 30
1 97 60 72 58 73 1 31
1 135 58 45 69 38 1 32
1 6 50 63 50 66 4 33
1 13 57 37 49 47 6 34
1 28 54 18 56 19 3 35
0 56 53 45 51 51 3 36
0 132 54 81 55 79 3 37
0 117 62 35 58 32 3 38
1 18 90 37 87 58 1 39
1 88 26 2 50 2 1 40
0 68 47 28 43 38 3 41
0 92 63 30 63 35 3 42
0 99 59 30 61 29 3 43
0 12 43 57 45 51 3 44
0 137 68 35 66 39 3 45
1 22 46 3 42 3 1 46
1 119 68 38 73 36 5 47
1 15 58 2 62 2 1 48
0 68 57 28 38 21 4 49
0 33 51 20 43 22 5 50
1 102 69 69 64 75 2 51
0 142 50 33 52 31 3 52
1 111 53 54 52 58 3 53
1 77 46 39 48 42 5 54
1 93 89 36 91 28 1 55
0 75 53 75 57 73 3 56
0 18 88 3 81 2 3 57
1 130 66 40 70 43 1 58
0 30 60 31 57 31 3 59
1 115 66 74 70 71 1 60
1 141 48 39 44 38 1 61
1 14 52 44 57 39 1 62
0 133 5 69 4 77 3 63
0 3 51 2 48 2 3 64
0 67 6 64 5 67 3 65
1 38 42 35 44 32 5 66
0 26 59 55 56 62 3 67
0 106 5 40 7 38 3 68
1 83 52 44 53 49 2 69
0 1 64 41 61 40 3 70
0 50 50 33 48 35 3 71
0 8 66 35 67 33 3 72
0 1 55 36 57 34 3 73
0 88 58 38 16 19 3 74
1 130 49 68 55 53 1 75
0 3 51 62 52 69 3 76
1 30 39 14 37 13 1 77
0 46 47 58 43 48 3 78
1 28 98 23 98 19 4 79
0 96 31 50 31 44 5 80
0 51 59 43 60 40 3 81
0 143 57 39 54 40 3 82
0 62 54 50 51 47 3 83
1 41 69 42 68 45 1 84
0 48 57 39 58 34 3 85
0 7 53 54 48 62 3 86
0 66 39 37 42 32 3 87
1 72 52 48 52 52 1 88
0 51 51 49 54 51 3 89
1 143 64 43 60 45 2 90
1 136 58 27 55 32 1 91
1 0 45 20 48 21 2 92
0 124 56 39 57 42 3 93
1 140 67 32 65 31 1 94
0 87 60 45 61 41 5 95
1 98 62 48 63 39 1 96
1 17 42 62 48 43 1 97
1 38 32 55 32 50 1 98
0 33 61 42 63 41 3 99
1 6 66 41 69 43 1 100
0 53 60 16 44 19 3 101
1 38 43 2 47 2 1 102
1 46 54 40 53 54 1 103
0 24 36 49 38 48 3 104
0 46 53 52 45 69 3 105
1 55 31 47 32 31 1 106
0 51 60 24 57 17 5 107
1 141 62 46 60 54 2 108
0 17 56 2 59 2 3 109
0 111 54 34 0 22 5 110
0 52 54 55 53 50 3 111
0 143 66 92 65 94 3 112
0 79 37 40 40 33 3 113
1 92 44 22 42 38 1 114
1 64 49 28 53 24 2 115
0 63 57 75 61 74 3 116
1 5 56 76 32 78 2 117
0 52 68 44 64 48 3 118
0 40 60 34 55 39 3 119
1 71 46 61 43 65 1 120
1 134 71 70 72 72 1 121
0 124 98 25 98 18 3 122
0 53 54 19 51 20 3 123
1 0 50 53 52 55 1 124
1 117 40 11 42 12 1 125
1 49 41 4 35 5 1 126
1 43 55 38 58 40 1 127
0 80 54 41 61 34 3 128
0 10 49 78 54 76 3 129
0 7 7 40 6 21 3 130
0 78 6 37 5 27 3 131
0 35 87 94 82 94 3 132
1 133 50 49 55 42 4 133
0 51 41 43 38 41 3 134
0 34 61 16 45 19 3 135
1 131 61 28 60 24 2 136
1 27 5 41 5 47 1 137
1 120 64 42 61 42 5 138
1 68 39 37 36 42 2 139
1 102 52 17 49 18 1 140
1 6 68 74 66 75 1 141
1 68 61 31 61 35 2 142
1 34 55 65 45 88 1 143
0 53 50 62 49 55 3 144
1 47 29 53 30 62 1 145
0 31 58 1 55 2 3 146
0 130 54 50 49 51 3 147
1 135 52 45 52 35 2 148
1 65 55 44 50 47 5 149
0 64 43 11 41 12 5 150
0 134 67 93 65 94 3 151
1 54 82 5 69 6 2 152
1 46 58 57 57 62 2 153
1 43 57 37 58 45 2 154
1 6 5 71 5 74 1 155
1 14 98 10 98 16 1 156
0 86 55 46 54 49 3 157
1 76 44 18 67 37 1 158
0 32 30 48 31 46 3 159
0 39 69 36 64 43 3 160
0 40 98 24 98 20 3 161
0 51 33 51 32 55 3 162
0 143 29 51 31 49 6 163
1 91 50 48 53 44 1 164
0 81 36 4 30 4 3 165
1 54 55 42 52 48 1 166
1 38 52 41 50 34 1 167
0 13 56 47 55 39 3 168
0 60 56 64 56 54 3 169
1 74 51 63 58 49 5 170
1 9 24 54 26 53 2 171
1 70 68 71 70 70 1 172
0 7 54 47 49 53 3 173
0 51 34 4 42 4 3 174
0 32 60 53 63 47 3 175
1 131 50 62 48 69 1 176
1 132 50 2 47 2 3 177
1 3 39 4 41 5 2 178
0 143 58 47 57 45 3 179
0 122 58 40 57 43 3 180
1 40 29 66 31 59 1 181
0 122 70 73 70 55 3 182
0 91 7 41 5 53 3 183
0 72 49 54 55 41 6 184
0 18 50 37 53 46 3 185
0 48 49 18 52 19 3 186
1 130 6 30 6 27 1 187
0 38 44 32 16 32 3 188
1 138 5 47 5 43 1 189
1 99 55 80 41 80 3 190
0 110 47 55 22 20 5 191
1 79 46 42 46 39 1 192
0 107 38 28 43 30 3 193
0 105 70 42 72 39 3 194
1 122 51 80 54 81 1 195
0 58 50 48 54 43 3 196
1 128 29 47 32 49 5 197
1 5 56 64 54 69 2 198
1 20 5 61 4 76 1 199
0 19 53 17 53 24 4 200
0 36 69 45 68 38 3 201
0 117 59 34 57 31 3 202
0 57 98 21 98 17 5 203
0 132 34 43 30 53 3 204
1 31 58 75 57 71 1 205
0 5 58 71 61 70 5 206
1 55 59 31 57 29 1 207
1 15 56 2 63 1 1 208
1 7 57 48 52 45 2 209
0 21 50 51 55 46 3 210
0 124 77 6 81 6 3 211
0 128 32 48 30 51 3 212
1 41 92 32 92 26 1 213
1 39 50 24 54 25 1 214
0 48 59 40 57 38 3 215
0 58 53 22 49 26 3 216
0 0 45 4 36 4 3 217
1 86 63 38 60 46 1 218
0 64 56 31 57 28 3 219
1 138 55 75 56 73 1 220
0 72 63 33 51 39 3 221
1 77 58 33 53 41 2 222
0 106 59 38 61 42 3 223
1 0 5 68 6 66 2 224
0 136 6 62 4 90 3 225
1 120 61 31 57 39 2 226
1 14 7 50 6 57 1 227
1 10 46 2 49 2 3 228
0 143 58 38 53 46 3 229
1 121 68 37 69 40 1 230
1 3 90 36 89 27 1 231
1 7 64 45 68 38 2 232
1 130 39 5 31 4 1 233
1 18 79 6 62 2 5 234
0 26 73 32 71 33 3 235
0 63 90 38 92 31 5 236
1 71 54 29 61 30 1 237
0 143 57 53 52 63 3 238
0 128 40 12 37 13 3 239
0 21 56 1 65 1 3 240
1 42 49 43 53 44 1 241
0 56 68 36 69 40 3 242
0 124 92 28 91 30 5 243
1 58 58 19 64 16 4 244
0 90 64 30 61 24 3 245
0 138 73 37 69 41 3 246
1 20 59 38 55 42 1 247
1 21 63 41 62 49 2 248
0 116 6 30 5 32 3 249
1 76 61 39 56 52 1 250
1 31 65 1 61 1 1 251
0 138 55 44 54 40 3 252
0 64 38 13 37 11 5 253
0 106 6 54 6 41 3 254
1 109 37 40 46 34 1 255
1 19 51 16 54 16 1 256
0 135 49 44 46 48 3 257
0 42 46 18 50 18 3 258
1 38 41 35 43 36 4 259
1 13 61 73 54 76 3 260
1 36 31 57 30 53 5 261
0 112 22 37 27 37 3 262
1 97 79 6 81 5 2 263
0 102 54 46 54 40 5 264
1 121 46 44 44 37 5 265
0 11 44 52 43 54 3 266
1 68 42 18 68 36 1 267
1 114 92 24 90 37 3 268
1 10 29 47 26 51 1 269
1 122 5 68 6 65 1 270
1 33 48 43 47 45 6 271
0 118 39 56 49 41 3 272
1 16 60 32 58 29 1 273
1 95 69 38 62 54 2 274
0 5 50 18 55 14 6 275
0 123 3 96 1 95 3 276
1 86 98 20 98 17 1 277
0 25 68 34 66 33 3 278
1 52 54 36 54 47 1 279
1 13 67 40 71 39 1 280
0 81 34 26 47 25 6 281
1 65 63 39 56 41 1 282
1 31 6 48 6 45 1 283
0 91 46 42 38 41 3 284
1 83 70 6 74 6 2 285
0 126 43 59 44 65 3 286
0 58 51 75 58 75 3 287
1 66 53 25 50 31 3 288
0 0 34 44 35 40 3 289
1 137 29 43 26 59 2 290
1 132 71 40 70 44 4 291
1 38 66 75 70 72 1 292
1 19 48 79 58 75 1 293
0 114 39 58 62 86 3 294
0 64 45 51 44 55 3 295
0 94 5 67 6 63 3 296
0 100 67 34 69 40 3 297
1 14 51 19 54 19 2 298
1 73 46 3 50 3 1 299
0 126 44 77 42 78 3 300
0 70 53 56 56 42 3 301
1 50 48 44 56 38 1 302
1 93 41 4 37 4 1 303
0 24 52 55 54 42 3 304
1 46 48 79 57 75 1 305
1 140 56 52 56 58 2 306
0 53 35 16 68 42 3 307
0 118 58 32 53 39 3 308
1 105 54 19 58 17 1 309
0 25 54 33 60 31 6 310
0 81 50 33 48 30 3 311
1 23 57 28 45 52 1 312
1 137 30 57 27 61 1 313
1 130 6 37 5 41 2 314
1 72 5 69 4 67 1 315
1 66 54 44 54 50 1 316
0 89 48 38 52 33 3 317
1 33 87 93 85 92 1 318
1 87 51 49 49 47 4 319
0 50 70 34 71 36 3 320
1 126 6 43 6 47 1 321
0 72 55 40 54 44 4 322
1 42 32 56 27 60 1 323
0 54 46 54 42 56 3 324
1 73 49 28 55 24 1 325
0 68 70 33 68 38 5 326
0 5 54 65 58 62 3 327
1 88 62 37 64 31 5 328
0 68 52 47 53 43 3 329
0 104 55 80 51 80 3 330
1 117 49 47 51 46 1 331
0 46 55 2 58 1 3 332
0 98 55 42 48 42 3 333
0 53 44 19 52 19 3 334
0 143 59 27 56 30 3 335
1 60 60 53 56 60 1 336
1 115 45 3 42 4 1 337
1 113 53 34 57 32 4 338
1 128 54 80 40 80 1 339
1 23 58 26 54 31 1 340
1 98 62 51 60 54 1 341
0 96 48 69 56 57 3 342
0 76 79 7 76 8 3 343
0 96 31 43 29 45 3 344
0 16 42 29 32 38 4 345
0 75 87 93 86 91 4 346
0 75 66 93 64 94 3 347
1 91 60 40 58 39 5 348
1 134 54 28 59 36 1 349
1 69 70 35 48 44 2 350
1 18 48 4 37 4 1 351
1 112 48 30 51 27 5 352
1 116 61 26 59 28 1 353
0 14 87 94 89 93 3 354
1 35 67 39 66 36 1 355
1 51 31 47 29 53 1 356
0 54 60 42 60 37 3 357
1 120 55 75 57 73 1 358
0 74 56 43 60 38 4 359
0 21 62 46 62 39 3 360
0 60 59 57 49 70 3 361
1 17 52 40 56 37 2 362
0 73 62 16 46 22 4 363
0 80 36 13 38 14 3 364
1 87 5 57 5 63 2 365
1 67 51 61 55 52 1 366
1 63 59 22 56 22 1 367
1 51 56 29 56 34 1 368
1 58 81 4 73 6 1 369
0 140 68 71 70 69 3 370
1 74 80 6 62 2 1 371
0 7 60 1 50 3 3 372
0 40 63 48 68 48 3 373
1 82 92 23 92 20 2 374
1 94 51 47 54 46 1 375
0 70 62 46 50 46 3 376
1 64 27 49 31 44 1 377
1 53 46 42 44 44 1 378
0 89 55 73 57 75 3 379
1 83 51 46 51 54 2 380
0 79 31 46 32 49 5 381
0 53 86 4 88 3 3 382
0 40 26 50 31 43 3 383
0 81 53 27 52 30 5 384
0 95 42 58 43 52 3 385
1 5 45 3 41 4 1 386
0 125 65 94 63 93 3 387
0 109 55 31 60 25 3 388
1 111 57 29 53 43 1 389
1 53 81 2 83 4 1 390
1 96 6 48 7 44 1 391
0 134 55 80 58 80 3 392
1 133 57 73 56 79 1 393
0 3 66 42 72 32 3 394
0 103 44 54 48 44 3 395
1 83 43 12 36 13 3 396
1 109 40 38 42 34 1 397
0 37 53 81 50 80 3 398
0 98 32 37 16 42 3 399
0 111 61 36 54 55 3 400
0 39 49 42 48 36 5 401
1 50 33 10 37 11 1 402
0 94 43 33 40 45 3 403
1 105 50 22 51 20 2 404
0 6 31 44 30 50 3 405
1 111 63 33 52 38 1 406
1 80 42 13 38 14 1 407
1 0 60 42 56 49 2 408
1 123 70 75 70 72 2 409
1 116 51 2 48 2 1 410
1 36 57 46 56 52 3 411
1 36 47 43 44 66 1 412
1 28 53 34 51 35 1 413
1 108 30 54 31 46 1 414
1 4 90 27 91 25 2 415
0 55 60 32 58 46 3 416
0 96 34 40 32 46 3 417
0 96 47 52 49 36 6 418
1 99 58 2 55 2 1 419
1 133 53 50 45 64 1 420
0 31 58 2 60 1 3 421
1 122 88 94 86 95 1 422
1 105 69 34 70 32 1 423
0 72 56 49 58 45 3 424
0 2 48 79 58 75 3 425
0 68 60 27 54 19 3 426
0 74 46 20 50 19 3 427
1 78 55 36 52 39 1 428
0 101 55 45 51 56 3 429
0 37 5 68 6 49 4 430
0 105 42 29 42 33 3 431
0 7 98 22 98 19 3 432
0 57 38 14 41 13 3 433
0 95 4 51 6 52 3 434
1 4 61 32 59 36 2 435
0 1 50 47 52 49 3 436
0 0 65 38 63 45 5 437
1 116 64 32 67 28 5 438
1 112 25 54 21 58 3 439
0 49 58 38 30 14 3 440
1 121 63 31 36 19 1 441
0 134 68 40 69 33 3 442
0 32 64 42 68 39 3 443
1 34 59 26 58 28 3 444
1 97 49 64 46 63 2 445
0 42 62 50 67 42 3 446
1 79 60 35 63 32 1 447
1 54 43 53 45 49 1 448
0 22 27 61 28 58 4 449
0 40 62 19 51 9 5 450
1 85 69 36 69 44 2 451
1 72 46 58 49 55 1 452
0 79 60 18 22 16 3 453
1 32 41 13 38 14 1 454
0 43 98 22 98 16 5 455
1 32 53 27 56 22 1 456
1 38 56 26 59 27 2 457
1 130 60 27 59 29 1 458
1 70 32 55 31 57 2 459
1 51 58 28 59 24 1 460
0 4 61 45 58 48 3 461
1 28 67 42 66 39 1 462
1 98 64 46 55 55 2 463
0 20 61 23 55 32 3 464
1 130 35 16 64 11 1 465
1 116 57 80 54 80 1 466
1 107 57 43 26 33 2 467
0 143 55 56 54 58 3 468
1 32 42 12 44 11 2 469
0 87 7 45 4 89 3 470
0 16 33 57 46 44 3 471
0 53 54 49 53 47 3 472
1 0 5 73 6 67 2 473
0 109 48 3 46 4 3 474
0 128 55 30 57 25 3 475
1 134 58 28 60 26 1 476
0 128 52 20 53 27 3 477
1 107 47 58 43 62 1 478
0 143 33 40 30 44 3 479
1 129 64 34 61 39 1 480
0 57 88 93 86 95 3 481
0 0 70 35 72 38 5 482
0 69 46 4 51 2 3 483
0 41 51 51 49 66 5 484
1 112 39 14 37 13 5 485
1 73 50 18 53 18 2 486
0 66 47 31 51 25 3 487
1 52 69 45 67 26 2 488
1 51 2 97 1 95 5 489
1 125 58 38 55 40 1 490
0 141 53 45 52 48 3 491
0 91 69 40 60 56 3 492
0 102 44 63 49 55 3 493
1 102 61 44 51 50 1 494
0 36 54 55 50 64 3 495
0 128 59 27 50 36 3 496
1 102 46 52 43 60 2 497
1 138 29 11 17 10 2 498
1 60 49 18 45 21 1 499
0 77 51 28 56 26 3 500
1 54 6 39 6 28 3 501
0 96 40 12 43 12 6 502
0 139 6 30 6 27 3 503
1 134 67 92 65 94 1 504
1 64 57 39 56 37 1 505
1 136 87 93 83 93 1 506
1 96 49 55 49 58 1 507
1 63 64 1 59 2 2 508
1 60 64 45 63 42 1 509
1 69 31 50 26 50 3 510
1 56 50 46 55 47 1 511
0 46 56 65 53 63 3 512
1 129 56 45 30 72 3 513
0 121 49 67 50 48 3 514
0 65 31 54 30 63 3 515
1 81 51 63 58 60 1 516
0 53 71 67 66 76 3 517
1 52 49 2 28 2 1 518
1 18 5 14 5 21 3 519
1 25 47 44 48 55 1 520
1 136 6 49 7 40 2 521
0 124 71 33 66 40 5 522
0 52 45 27 42 30 3 523
0 78 78 6 74 6 3 524
0 128 53 30 46 30 3 525
1 84 64 1 60 1 1 526
0 138 46 51 48 55 5 527
1 24 42 41 39 18 2 528
1 14 28 2 41 3 1 529
1 122 34 44 31 49 2 530
0 98 6 46 7 43 3 531
1 52 42 34 18 39 1 532
1 42 42 3 46 2 1 533
0 70 63 32 64 28 3 534
0 74 48 1 51 2 3 535
0 87 57 41 58 44 3 536
0 9 51 31 59 18 3 537
0 71 70 35 65 44 3 538
1 27 53 19 41 18 1 539
0 108 31 53 32 50 3 540
1 116 6 29 6 52 4 541
0 79 6 36 6 32 3 542
0 61 59 19 63 17 3 543
0 47 52 34 42 34 3 544
1 22 39 66 44 66 1 545
0 18 89 33 90 31 3 546
1 53 73 37 70 35 2 547
1 5 48 21 44 20 1 548
1 116 49 2 45 2 2 549
1 14 40 39 45 41 1 550
1 130 58 47 31 48 1 551
1 128 61 41 55 25 2 552
1 24 43 37 24 24 1 553
0 141 57 79 57 76 3 554
0 118 20 96 4 95 3 555
1 16 59 35 54 41 1 556
0 38 60 45 62 40 3 557
0 5 65 94 59 90 3 558
0 136 62 39 61 41 6 559
1 66 53 30 49 33 2 560
1 106 42 9 39 10 1 561
0 44 49 32 51 23 3 562
0 68 6 66 5 68 3 563
1 121 42 31 37 42 1 564
1 65 53 60 56 53 5 565
0 78 53 46 55 41 3 566
0 68 57 29 45 50 5 567
1 39 33 46 14 59 1 568
0 72 49 65 44 62 5 569
0 95 69 69 51 75 6 570
1 94 5 67 6 63 1 571
1 51 55 75 60 76 5 572
0 113 55 36 58 39 3 573
0 71 86 94 82 94 3 574
1 121 60 47 62 41 1 575
0 10 61 36 61 39 5 576
0 102 39 35 21 31 3 577
0 109 69 46 66 51 3 578
1 81 5 69 5 72 1 579
1 102 5 45 5 49 1 580
1 129 6 39 5 60 1 581
1 60 42 12 36 10 1 582
0 32 61 44 56 64 5 583
1 3 87 4 85 6 5 584
0 25 60 38 43 39 3 585
0 83 30 44 31 42 3 586
1 95 59 38 61 40 2 587
1 88 51 62 49 68 2 588
1 82 49 66 44 49 1 589
0 7 64 26 58 38 5 590
1 7 56 39 57 37 1 591
0 23 32 46 29 47 3 592
0 40 33 52 30 49 3 593
0 32 58 39 54 43 3 594
1 77 61 1 56 2 1 595
0 57 7 41 7 37 3 596
1 66 73 33 78 13 1 597
0 87 47 44 51 60 3 598
1 106 6 53 6 56 1 599
0 92 42 3 47 3 4 600
1 4 46 31 48 30 1 601
1 18 5 41 6 39 3 602
0 59 50 2 46 2 3 603
1 126 52 53 50 61 4 604
0 83 50 36 51 42 3 605
1 10 65 45 57 52 2 606
0 135 39 40 43 36 3 607
1 62 67 40 69 35 5 608
0 143 27 49 33 45 3 609
1 132 60 33 63 38 6 610
0 122 51 24 60 25 3 611
1 111 62 1 65 1 1 612
0 52 33 43 55 42 3 613
1 23 50 78 58 75 1 614
0 33 46 50 39 27 3 615
1 58 32 40 21 50 1 616
1 64 41 17 45 18 1 617
0 77 53 21 64 16 3 618
0 125 82 5 79 2 3 619
0 143 48 19 51 19 5 620
1 72 98 20 98 15 1 621
1 117 55 80 51 80 1 622
0 123 98 19 98 14 3 623
0 142 62 51 59 47 3 624
0 70 71 74 68 71 3 625
1 103 58 34 57 30 1 626
1 27 61 29 58 27 1 627
1 26 49 36 42 45 1 628
0 14 55 45 50 57 3 629
1 51 62 40 57 48 1 630
1 0 66 74 72 73 3 631
0 18 5 40 6 34 3 632
0 122 54 36 52 37 3 633
1 10 46 30 44 35 1 634
0 132 40 12 34 16 3 635
1 31 52 29 42 29 1 636
0 78 86 94 86 90 3 637
1 73 60 31 63 24 1 638
1 27 61 17 59 18 1 639
1 84 47 41 42 26 1 640
0 115 48 44 50 43 3 641
1 5 41 18 38 18 1 642
0 91 56 29 30 21 3 643
1 142 43 12 38 12 2 644
0 38 55 43 48 50 3 645
0 17 53 75 56 76 3 646
1 24 49 81 55 80 1 647
0 5 58 58 50 66 3 648
1 10 28 50 30 51 1 649
1 10 62 41 65 39 1 650
0 47 49 2 46 2 3 651
0 124 67 40 61 59 3 652
1 139 83 4 80 4 1 653
1 19 51 18 56 14 5 654
0 6 62 49 59 46 3 655
1 107 88 93 85 93 5 656
0 83 63 21 63 35 3 657
1 21 86 94 83 93 2 658
0 43 98 20 98 15 3 659
0 141 52 46 53 51 3 660
1 112 55 36 58 39 6 661
1 71 6 64 2 67 4 662
1 139 5 36 6 33 1 663
0 16 54 44 52 58 3 664
1 133 59 26 58 17 2 665
1 67 52 52 51 55 1 666
0 89 53 41 42 37 3 667
0 109 56 42 54 38 6 668
1 32 57 49 52 49 1 669
0 68 51 56 54 45 3 670
1 117 6 30 5 39 1 671
0 48 55 39 64 28 3 672
0 48 59 36 58 38 4 673
0 39 62 39 55 43 6 674
1 68 57 26 56 20 1 675
1 127 72 33 69 38 2 676
1 129 34 41 33 46 2 677
0 23 51 55 42 48 3 678
0 16 46 4 40 4 3 679
1 66 62 30 69 39 5 680
0 121 6 35 6 29 6 681
1 124 92 29 92 9 1 682
0 94 30 58 31 49 3 683
1 93 47 60 50 62 1 684
1 28 56 1 53 1 1 685
0 33 43 37 57 37 3 686
0 128 47 49 37 42 3 687
0 134 64 75 68 77 3 688
1 116 54 32 50 29 1 689
1 43 98 18 98 23 1 690
1 82 29 72 29 69 2 691
1 78 56 80 48 80 4 692
0 123 29 56 28 60 3 693
0 80 49 41 51 70 3 694
0 63 90 26 90 23 3 695
1 26 71 41 69 45 1 696
0 96 46 50 45 52 6 697
1 64 50 26 53 26 1 698
1 86 88 93 85 96 1 699
0 57 32 4 42 3 3 700
0 24 47 4 41 4 3 701
1 143 35 41 28 48 4 702
1 9 57 41 45 49 1 703
0 91 52 46 50 49 3 704
0 93 6 35 5 27 5 705
0 46 6 36 6 32 3 706
0 49 59 30 63 20 3 707
0 24 42 33 42 36 3 708
0 43 68 21 62 34 3 709
0 86 55 77 56 75 3 710
1 81 47 49 41 38 1 711
1 56 53 81 56 80 2 712
1 66 42 39 43 35 1 713
1 78 59 31 55 37 1 714
1 137 31 52 34 43 4 715
1 45 55 80 50 81 5 716
0 95 54 22 46 31 3 717
0 37 6 49 6 55 3 718
0 92 66 21 69 46 3 719
1 54 57 70 54 75 1 720
0 79 27 63 28 55 3 721
1 74 98 24 98 19 2 722
0 84 53 46 51 48 3 723
0 77 60 14 54 14 3 724
1 80 58 74 60 69 5 725
1 76 60 44 56 33 1 726
1 85 52 34 48 36 1 727
0 100 32 46 32 41 3 728
1 126 51 48 52 58 3 729
1 25 92 26 91 18 2 730
0 40 41 50 26 51 3 731
1 67 55 80 38 80 6 732
1 7 43 45 44 50 2 733
0 113 87 3 86 5 3 734
0 108 42 12 44 11 4 735
0 97 56 24 55 22 3 736
0 39 50 49 53 44 3 737
0 107 39 12 35 13 3 738
0 10 69 44 69 40 3 739
1 52 48 2 43 3 6 740
0 132 88 93 78 90 3 741
0 78 55 42 53 44 3 742
0 17 50 80 52 81 5 743
0 26 54 40 57 41 3 744
1 64 61 22 62 28 1 745
0 132 65 33 57 42 3 746
1 114 72 71 68 74 3 747
0 19 61 33 50 40 3 748
1 124 38 4 29 4 1 749
0 92 65 88 67 89 4 750
0 25 61 29 61 25 3 751
1 135 40 2 43 2 1 752
1 39 61 32 43 39 1 753
0 134 7 47 6 57 3 754
0 85 53 42 40 42 3 755
0 97 53 77 14 61 4 756
0 8 30 53 30 60 4 757
1 4 61 29 60 31 2 758
1 20 46 4 40 4 1 759
1 30 53 61 56 50 2 760
1 65 30 47 28 53 3 761
0 51 60 35 54 40 3 762
0 92 66 40 44 18 3 763
1 121 6 33 6 42 1 764
1 81 6 66 5 60 1 765
1 63 54 46 49 48 1 766
1 133 50 51 49 63 2 767
0 30 71 35 63 30 3 768
0 66 32 42 32 47 3 769
1 21 54 41 56 44 3 770
1 128 55 32 49 37 2 771
0 87 47 38 55 44 3 772
0 141 55 51 49 53 3 773
1 38 58 27 48 21 5 774
0 111 51 56 52 48 3 775
0 46 62 1 59 1 3 776
1 134 53 75 68 72 1 777
1 143 62 39 55 28 2 778
1 4 53 46 53 49 1 779
1 91 35 15 70 27 1 780
1 7 6 65 5 63 3 781
1 97 54 38 52 56 2 782
0 48 56 39 60 34 3 783
0 39 53 80 50 81 3 784
1 6 52 33 57 31 1 785
1 80 42 12 33 13 3 786
0 79 87 94 97 92 3 787
1 14 59 18 62 18 4 788
1 96 43 65 52 57 6 789
1 99 56 53 59 52 1 790
0 42 55 41 32 42 3 791
0 1 52 29 51 24 3 792
0 115 98 21 98 10 3 793
1 79 47 50 45 52 1 794
0 57 65 36 64 40 3 795
1 89 64 46 62 28 3 796
1 69 50 49 48 51 1 797
0 119 63 49 58 44 3 798
1 134 70 66 74 68 5 799
0 112 31 57 28 36 3 800
1 23 83 4 80 6 1 801
1 51 62 2 64 1 1 802
0 90 61 23 61 29 3 803
0 133 32 54 39 57 3 804
1 143 98 21 98 13 1 805
0 84 73 33 70 34 3 806
1 52 59 25 58 27 1 807
1 97 50 50 51 58 4 808
1 1 42 35 37 40 1 809
1 85 32 48 33 44 2 810
0 62 47 45 45 52 3 811
0 53 6 55 5 66 3 812
1 140 66 73 63 78 1 813
0 102 61 52 58 59 3 814
1 112 33 43 31 46 1 815
1 77 55 31 60 30 3 816
1 52 44 63 46 62 3 817
1 94 6 64 5 70 1 818
0 53 71 71 65 75 3 819
1 120 56 61 58 57 1 820
1 69 45 3 50 3 5 821
0 29 73 67 98 64 3 822
1 57 6 55 6 52 5 823
0 140 64 1 57 1 4 824
1 14 57 18 54 18 1 825
1 133 52 47 52 55 3 826
1 9 50 49 52 50 1 827
1 83 46 56 46 59 1 828
1 87 69 39 68 42 1 829
0 68 54 54 53 56 3 830
0 120 53 36 57 28 3 831
0 39 87 94 84 94 3 832
1 97 53 44 55 46 1 833
0 120 50 79 55 80 3 834
0 5 60 50 60 58 3 835
0 30 41 19 43 18 3 836
0 54 67 35 69 37 3 837
1 116 56 80 48 80 1 838
1 82 55 46 54 54 2 839
0 7 51 42 49 43 3 840
1 52 7 47 5 73 3 841
1 26 63 48 59 43 1 842
0 28 6 32 6 35 3 843
0 134 55 45 53 44 3 844
0 45 64 75 67 74 3 845
0 96 54 44 52 39 3 846
0 139 57 20 51 20 3 847
1 105 49 40 52 52 1 848
0 20 26 49 29 45 3 849
1 60 46 86 45 84 1 850
0 136 72 68 67 73 3 851
0 38 59 24 63 20 3 852
0 38 54 33 55 28 3 853
1 4 60 53 61 51 1 854
0 57 66 75 69 72 3 855
1 101 33 48 29 55 2 856
0 97 48 4 17 2 3 857
1 43 53 46 54 41 3 858
0 100 88 92 84 93 3 859
1 21 59 42 58 47 1 860
0 93 62 1 56 2 3 861
0 96 45 19 42 20 3 862
0 85 68 40 57 43 5 863
0 43 6 32 6 36 3 864
1 67 6 51 5 56 3 865
0 32 55 56 54 37 3 866
0 6 98 15 98 18 3 867
0 117 42 31 37 40 3 868
1 14 48 30 49 28 3 869
1 79 48 54 47 51 1 870
0 5 49 19 48 21 3 871
0 62 63 45 59 57 3 872
0 141 53 47 57 42 3 873
0 68 59 45 54 43 3 874
0 45 55 52 61 49 3 875
1 10 66 93 65 91 2 876
1 120 49 51 48 53 1 877
0 19 49 55 48 51 3 878
1 55 48 19 52 18 4 879
0 97 48 57 49 53 3 880
0 38 71 71 67 74 3 881
0 98 46 28 39 37 3 882
1 105 73 32 72 37 1 883
1 109 49 40 72 19 2 884
1 19 98 23 98 19 2 885
0 35 31 48 27 50 3 886
1 28 67 38 64 24 4 887
1 96 51 20 55 18 2 888
0 131 57 45 54 45 3 889
0 96 60 35 52 38 3 890
0 38 53 40 53 45 3 891
1 3 48 3 44 2 4 892
1 62 57 46 47 52 1 893
0 48 39 58 69 64 3 894
0 49 59 23 56 37 3 895
0 48 68 35 67 24 3 896
0 120 57 38 54 39 3 897
1 108 69 40 67 42 5 898
0 76 72 71 70 70 6 899
0 43 53 55 52 58 3 900
1 128 55 32 58 15 1 901
0 38 37 2 48 2 3 902
1 69 55 80 35 78 6 903
0 112 5 39 5 46 3 904
1 62 57 1 55 2 1 905
1 39 72 35 65 24 3 906
0 10 49 2 44 3 5 907
1 44 60 35 61 30 2 908
0 132 60 72 55 76 3 909
0 68 61 31 58 27 3 910
0 37 66 93 62 92 3 911
1 80 37 42 40 46 1 912
0 44 49 33 52 31 3 913
0 143 56 50 55 52 3 914
1 7 72 35 68 38 3 915
0 40 98 20 98 16 3 916
0 69 54 40 52 41 3 917
1 107 6 65 6 60 1 918
1 33 92 31 92 26 1 919
0 93 46 29 42 32 3 920
0 56 66 41 62 58 6 921
1 43 52 18 49 19 1 922
0 16 50 38 31 55 3 923
1 67 53 44 78 37 4 924
1 15 49 2 62 2 6 925
0 62 52 80 55 80 3 926
0 14 62 37 63 33 3 927
0 113 61 24 59 30 3 928
0 98 48 59 48 56 4 929
0 63 73 66 67 71 3 930
1 42 90 36 91 32 1 931
1 113 67 93 64 93 3 932
1 72 56 41 48 50 1 933
0 66 59 19 64 16 3 934
0 46 6 24 5 41 5 935
1 116 60 22 48 31 1 936
0 18 92 26 92 34 3 937
0 64 60 29 56 30 6 938
1 69 54 76 54 79 1 939
0 141 57 29 62 27 5 940
0 19 44 4 49 3 3 941
1 21 59 23 59 13 1 942
1 85 55 51 54 42 3 943
1 89 29 54 33 48 4 944
1 59 59 41 73 30 6 945
1 116 6 50 6 57 1 946
1 128 55 40 31 42 1 947
0 80 55 74 30 78 3 948
1 119 71 35 71 41 2 949
0 43 57 22 54 26 3 950
1 111 51 80 57 80 4 951
0 48 53 50 57 46 3 952
0 90 55 23 50 49 3 953
1 69 32 41 32 46 1 954
0 25 69 36 71 33 3 955
0 61 42 12 47 7 3 956
1 19 48 34 43 28 1 957
1 101 62 24 59 25 1 958
0 100 62 31 69 21 3 959
0 20 52 37 52 29 3 960
0 4 52 28 50 27 3 961
0 89 66 93 64 96 3 962
1 12 59 27 53 38 2 963
1 40 43 38 58 33 1 964
1 122 6 64 5 67 5 965
0 135 55 40 56 38 3 966
0 77 65 1 62 1 3 967
0 116 46 22 43 23 5 968
0 116 49 20 45 21 3 969
1 44 57 39 59 45 1 970
1 66 91 32 91 37 1 971
0 4 67 93 65 94 3 972
1 15 81 6 83 4 4 973
1 80 27 49 34 39 2 974
0 90 60 22 62 25 3 975
0 0 64 46 60 54 3 976
0 87 29 39 38 43 3 977
0 39 54 45 54 54 4 978
1 59 42 3 48 2 1 979
1 64 67 36 68 41 6 980
0 106 56 38 62 31 3 981
1 102 51 45 44 62 5 982
0 81 5 66 5 63 5 983
1 128 6 57 7 47 2 984
1 48 69 42 70 34 1 985
1 116 69 42 69 35 2 986
1 72 51 52 52 45 1 987
1 69 45 4 43 2 1 988
0 129 51 47 50 52 3 989
0 26 51 63 51 60 3 990
1 56 67 43 37 15 3 991
1 24 41 35 41 38 2 992
1 143 51 58 49 62 1 993
1 86 47 57 38 51 1 994
0 54 6 64 5 68 5 995
0 123 60 72 40 76 3 996
0 78 79 6 70 6 3 997
0 7 5 71 5 60 3 998
1 122 39 13 36 13 3 999
1 68 56 28 59 30 2 1000
1 95 60 31 57 36 2 1001
1 1 59 16 56 18 1 1002
0 119 58 45 61 38 3 1003
1 51 30 48 27 74 1 1004
0 0 39 12 43 12 3 1005
1 15 27 49 24 48 2 1006
1 22 77 6 81 5 2 1007
0 71 54 54 50 50 3 1008
1 96 51 49 49 37 1 1009
1 107 44 38 40 35 5 1010
1 12 29 48 31 43 4 1011
0 69 79 6 81 5 3 1012
0 28 49 51 53 46 4 1013
0 45 49 19 44 21 3 1014
0 143 42 11 40 13 5 1015
1 34 38 12 42 12 1 1016
0 84 51 53 49 50 3 1017
1 140 46 52 47 50 1 1018
0 53 45 4 48 4 3 1019
1 68 57 40 54 41 2 1020
0 132 29 36 28 33 3 1021
1 53 54 36 57 31 2 1022
0 74 25 46 28 53 3 1023
1 132 64 36 61 35 1 1024
1 137 66 35 68 36 1 1025
0 0 61 28 56 29 3 1026
1 52 70 37 71 39 1 1027
1 47 48 35 44 34 1 1028
1 86 98 11 98 16 1 1029
1 85 6 37 6 25 3 1030
1 60 69 26 68 37 1 1031
1 48 31 43 29 46 2 1032
1 62 6 54 4 57 2 1033
0 107 58 76 52 82 3 1034
1 15 40 38 46 32 1 1035
1 105 63 53 62 50 4 1036
0 91 48 45 26 25 3 1037
1 48 64 55 63 52 1 1038
1 116 50 2 47 3 2 1039
0 0 60 40 47 33 3 1040
0 28 60 34 59 36 3 1041
1 124 57 36 55 39 1 1042
0 74 68 36 63 54 3 1043
0 78 57 48 52 71 3 1044
1 81 67 37 67 44 6 1045
0 71 31 58 29 56 3 1046
0 16 71 30 48 44 3 1047
0 116 47 2 26 2 3 1048
0 16 37 13 42 10 3 1049
1 125 59 27 57 28 1 1050
1 127 67 92 60 93 3 1051
1 73 59 37 55 39 1 1052
0 108 63 31 64 26 3 1053
1 124 31 47 28 30 3 1054
1 72 60 34 56 40 1 1055
0 31 48 53 53 47 3 1056
0 130 61 40 63 43 5 1057
1 11 49 43 54 40 1 1058
0 90 57 28 60 29 3 1059
1 93 47 40 46 49 1 1060
1 104 43 55 48 47 1 1061
1 109 57 34 54 31 3 1062
0 93 33 49 30 47 3 1063
0 112 30 50 27 49 3 1064
0 0 56 73 58 75 3 1065
0 46 46 31 55 21 3 1066
0 76 70 74 66 81 4 1067
1 96 55 41 48 44 6 1068
0 109 64 39 51 50 3 1069
1 28 5 71 5 66 1 1070
1 27 6 67 3 68 1 1071
1 64 44 11 42 12 5 1072
0 90 54 42 57 43 3 1073
0 37 7 52 7 37 5 1074
1 67 92 30 92 26 1 1075
1 90 6 42 5 57 1 1076
0 143 50 55 48 58 3 1077
0 115 45 49 22 19 3 1078
1 72 61 32 54 45 1 1079
1 74 58 75 62 70 2 1080
0 116 57 50 34 34 3 1081
1 29 98 19 98 15 1 1082
1 86 48 3 40 3 2 1083
0 88 48 3 44 3 3 1084
0 37 6 31 6 7 6 1085
0 36 62 48 60 45 3 1086
0 73 58 72 58 75 3 1087
1 64 55 41 54 44 1 1088
1 79 57 20 43 25 1 1089
0 46 49 3 40 4 6 1090
1 0 62 47 59 43 1 1091
1 9 54 30 49 36 2 1092
1 40 5 70 5 66 1 1093
0 73 60 37 55 42 3 1094
1 58 59 38 59 44 4 1095
0 133 64 43 65 36 3 1096
0 117 50 37 60 46 3 1097
0 31 31 11 35 10 3 1098
1 17 60 71 58 72 2 1099
1 84 44 36 44 29 1 1100
1 64 59 41 54 39 5 1101
0 67 64 46 48 44 3 1102
1 2 45 32 47 29 2 1103
0 98 41 41 38 48 3 1104
1 53 58 59 58 56 1 1105
0 41 33 50 31 49 3 1106
0 51 59 29 56 35 3 1107
0 115 98 22 98 18 4 1108
0 25 32 17 30 16 3 1109
0 27 81 4 77 6 3 1110
1 48 40 12 42 11 2 1111
0 46 56 39 58 40 3 1112
0 21 86 95 84 97 3 1113
1 143 31 45 30 42 5 1114
0 106 6 32 6 40 3 1115
1 0 42 10 40 9 1 1116
0 96 59 31 50 48 3 1117
1 43 50 49 53 35 6 1118
1 5 61 43 57 47 6 1119
0 32 19 45 11 59 3 1120
0 118 55 65 58 50 3 1121
1 11 46 61 52 46 1 1122
0 22 59 41 99 62 3 1123
0 10 58 35 54 31 3 1124
1 43 46 59 50 52 2 1125
1 27 55 18 59 17 5 1126
1 24 27 25 59 18 1 1127
0 96 23 15 30 25 3 1128
0 84 32 44 30 52 3 1129
0 22 29 55 31 51 3 1130
0 74 6 35 6 31 5 1131
0 80 46 3 48 2 3 1132
1 108 5 69 5 66 1 1133
0 33 51 19 49 18 3 1134
1 130 55 45 50 48 1 1135
1 67 61 38 59 35 1 1136
1 107 41 34 42 40 2 1137
1 113 49 47 47 43 1 1138
0 79 69 38 72 41 3 1139
1 92 69 46 68 48 1 1140
0 128 59 28 52 33 6 1141
1 52 29 2 50 2 1 1142
1 73 30 48 33 51 1 1143
1 32 64 92 66 91 3 1144
1 23 6 43 6 5 1 1145
1 140 86 5 87 3 6 1146
0 69 46 4 47 2 3 1147
1 75 87 94 85 95 2 1148
0 118 61 17 58 18 3 1149
0 65 6 31 5 41 3 1150
0 48 92 28 92 24 3 1151
0 135 68 35 64 39 3 1152
1 66 82 5 70 6 1 1153
0 91 55 39 45 35 3 1154
1 11 88 93 86 94 2 1155
1 88 44 21 40 19 2 1156
1 129 58 32 59 39 1 1157
1 110 54 43 58 43 1 1158
0 14 53 16 61 17 3 1159
1 121 41 32 43 20 1 1160
1 24 41 35 40 24 5 1161
0 81 58 33 56 30 3 1162
0 132 59 70 58 75 3 1163
1 7 32 49 27 58 1 1164
0 123 54 55 51 50 3 1165
0 128 37 13 45 11 3 1166
0 11 25 40 29 47 3 1167
0 115 98 19 98 24 5 1168
0 131 6 36 6 28 3 1169
0 74 5 36 5 28 3 1170
0 51 55 31 52 30 3 1171
0 45 52 19 55 18 4 1172
0 48 32 44 31 42 3 1173
0 112 30 45 30 40 3 1174
0 102 5 38 6 40 3 1175
0 143 46 55 48 39 3 1176
1 50 56 1 64 1 2 1177
0 61 69 37 66 33 3 1178
0 136 52 19 49 18 3 1179
0 4 54 34 49 33 3 1180
1 134 67 63 70 64 6 1181
0 32 69 41 60 29 3 1182
0 16 31 45 26 59 3 1183
0 67 54 26 54 18 3 1184
1 135 68 76 64 76 1 1185
0 70 51 75 70 73 3 1186
0 118 58 38 59 45 3 1187
1 127 44 52 44 55 1 1188
1 34 54 80 51 81 4 1189
0 96 57 18 0 17 3 1190
1 21 59 36 41 29 5 1191
0 90 66 92 65 94 3 1192
1 40 62 14 58 17 6 1193
0 3 67 26 66 23 3 1194
0 3 90 39 88 47 3 1195
1 115 78 90 86 94 1 1196
0 79 87 92 85 93 3 1197
0 128 48 26 50 15 3 1198
1 94 62 45 63 39 3 1199
0 35 41 50 39 55 3 1200
0 24 54 38 33 34 3 1201
1 95 53 34 50 38 1 1202
0 128 58 30 57 34 3 1203
1 104 32 46 30 55 2 1204
1 11 36 59 39 51 1 1205
0 0 69 35 63 45 3 1206
1 4 46 37 51 27 1 1207
1 82 70 69 68 73 1 1208
0 21 88 93 86 95 3 1209
1 83 56 28 57 21 1 1210
0 23 98 21 98 16 3 1211
0 101 63 30 58 42 3 1212
1 18 59 49 58 54 1 1213
1 141 56 49 60 49 2 1214
0 39 62 38 60 36 3 1215
0 143 35 40 34 45 3 1216
1 75 55 23 56 21 1 1217
0 137 60 41 63 34 3 1218
0 117 56 27 46 28 3 1219
1 65 65 1 55 2 1 1220
0 131 50 27 48 30 3 1221
0 77 30 51 28 57 3 1222
1 99 63 38 62 41 1 1223
1 37 68 42 68 24 2 1224
1 25 62 20 56 30 1 1225
1 31 61 44 59 42 1 1226
0 38 53 35 55 36 3 1227
0 4 49 55 51 48 3 1228
1 117 72 37 64 50 1 1229
1 65 92 27 92 12 2 1230
0 32 55 38 54 41 3 1231
0 119 88 94 90 93 3 1232
0 82 53 40 58 34 3 1233
1 65 51 73 49 44 1 1234
1 74 48 55 50 45 1 1235
0 108 31 46 31 33 3 1236
1 58 53 39 59 34 2 1237
0 4 56 35 59 33 3 1238
1 52 73 36 73 30 1 1239
1 136 58 26 63 22 1 1240
0 30 38 28 51 14 3 1241
0 112 51 47 41 49 4 1242
0 28 57 76 54 76 3 1243
1 2 69 38 65 44 1 1244
0 92 70 33 67 40 3 1245
0 80 29 50 30 44 5 1246
1 66 71 33 65 44 1 1247
0 93 52 1 46 1 4 1248
1 112 51 24 48 23 2 1249
1 48 66 48 58 66 6 1250
0 65 61 28 62 26 3 1251
1 23 58 31 58 25 1 1252
0 37 6 28 6 34 3 1253
1 140 61 32 67 34 2 1254
1 80 31 42 52 40 2 1255
1 51 35 48 64 16 1 1256
0 124 47 50 32 55 3 1257
0 115 57 35 60 34 3 1258
0 14 63 33 65 32 3 1259
0 97 53 40 51 50 3 1260
1 23 51 45 47 60 1 1261
0 92 55 38 61 39 3 1262
1 65 55 42 46 55 1 1263
1 106 31 49 30 47 4 1264
0 132 66 93 63 96 3 1265
1 111 53 55 52 58 1 1266
0 0 44 64 46 59 3 1267
0 104 53 48 53 51 3 1268
1 25 58 29 59 25 1 1269
1 132 63 1 60 1 2 1270
1 135 70 34 67 48 3 1271
1 40 55 72 57 75 5 1272
0 132 69 42 66 45 3 1273
1 33 98 22 98 18 1 1274
0 133 5 66 5 72 3 1275
1 94 21 51 27 67 6 1276
0 64 24 56 18 58 3 1277
0 82 57 44 62 34 3 1278
0 136 1 95 3 96 3 1279
0 94 6 64 6 60 3 1280
0 78 53 32 57 30 3 1281
0 32 35 13 40 12 5 1282
1 105 69 35 65 43 1 1283
1 118 58 17 52 19 1 1284
1 65 53 52 49 49 6 1285
0 0 24 49 30 41 6 1286
0 31 65 1 61 1 3 1287
1 139 91 35 92 30 3 1288
0 29 82 6 80 5 3 1289
0 79 57 18 60 17 3 1290
1 21 62 51 59 46 1 1291
0 122 88 93 85 92 3 1292
1 95 52 43 57 36 1 1293
0 77 56 71 54 74 3 1294
1 126 58 37 53 46 1 1295
1 23 49 49 52 61 1 1296
0 7 6 53 7 45 3 1297
0 32 29 48 33 43 3 1298
0 141 46 2 36 1 3 1299
0 108 60 71 60 75 5 1300
1 9 41 3 47 1 1 1301
0 83 59 29 61 23 3 1302
0 105 62 17 59 17 3 1303
0 97 46 4 41 4 3 1304
1 119 5 49 5 45 2 1305
1 84 54 37 57 39 1 1306
1 14 49 2 53 2 1 1307
0 27 6 39 6 50 3 1308
1 25 59 16 60 25 3 1309
0 107 83 93 81 92 3 1310
1 119 60 33 56 41 1 1311
1 14 7 43 2 53 1 1312
1 103 43 4 46 3 1 1313
1 126 29 53 31 59 2 1314
0 27 6 63 6 60 3 1315
0 67 6 64 6 67 5 1316
0 92 73 39 70 37 5 1317
1 96 6 50 5 82 3 1318
0 102 55 29 53 25 3 1319
0 74 50 2 45 2 3 1320
1 43 69 37 62 30 1 1321
1 132 41 75 42 59 4 1322
0 97 49 29 52 29 6 1323
0 64 81 2 83 3 3 1324
1 104 52 45 56 43 1 1325
0 49 42 13 44 12 3 1326
1 31 41 33 18 28 2 1327
1 123 63 21 58 34 2 1328
0 83 52 27 25 39 3 1329
0 47 4 46 2 39 3 1330
0 18 92 26 91 32 3 1331
1 39 53 46 50 48 1 1332
0 27 6 66 3 64 3 1333
1 77 67 40 68 42 2 1334
0 40 56 79 47 87 3 1335
1 47 32 56 28 59 1 1336
0 13 64 32 63 51 5 1337
1 26 54 44 53 50 1 1338
0 46 45 54 44 61 3 1339
1 68 42 3 38 3 1 1340
0 14 61 40 61 35 3 1341
1 95 14 1 43 0 1 1342
0 101 68 43 59 42 3 1343
1 117 55 41 59 39 1 1344
0 44 87 4 83 4 3 1345
1 3 91 28 90 38 1 1346
1 122 56 38 55 52 1 1347
0 139 59 1 19 1 3 1348
0 70 88 93 86 92 3 1349
1 78 67 44 49 45 5 1350
1 49 46 42 48 45 1 1351
1 128 29 52 22 59 1 1352
0 74 60 50 56 48 3 1353
1 51 27 57 30 47 3 1354
0 78 81 2 78 1 3 1355
0 86 6 28 6 32 3 1356
0 66 57 19 55 20 3 1357
0 72 28 25 49 60 3 1358
0 142 38 12 43 11 3 1359
1 126 6 42 5 25 1 1360
0 137 68 39 67 43 3 1361
1 57 6 49 6 55 1 1362
0 55 98 21 98 12 3 1363
1 64 46 44 22 20 5 1364
1 128 57 34 49 31 5 1365
1 48 48 19 32 19 2 1366
1 98 68 33 61 50 1 1367
0 93 91 33 91 36 3 1368
0 42 31 47 34 46 3 1369
0 76 69 41 59 37 3 1370
0 63 64 77 65 75 4 1371
0 81 47 30 51 26 3 1372
1 97 47 78 50 78 2 1373
1 133 53 27 55 25 1 1374
0 31 52 45 55 38 3 1375
0 3 56 43 55 47 3 1376
1 38 59 31 57 33 5 1377
1 58 58 44 60 35 1 1378
0 15 51 75 68 71 3 1379
0 120 69 38 67 27 3 1380
0 38 60 22 58 26 5 1381
0 41 52 26 56 22 3 1382
0 97 61 39 62 35 5 1383
1 72 68 37 68 42 5 1384
1 115 98 18 98 21 2 1385
1 127 68 78 69 76 5 1386
1 47 54 43 58 43 1 1387
0 76 62 36 55 50 3 1388
1 98 56 28 49 42 1 1389
1 44 53 32 51 34 1 1390
1 87 46 29 41 41 4 1391
1 59 66 42 69 41 1 1392
1 91 58 40 62 31 2 1393
0 81 33 45 35 52 3 1394
1 25 52 41 55 46 1 1395
1 14 60 19 55 18 5 1396
1 130 89 93 87 95 1 1397
1 14 56 40 53 44 1 1398
1 114 71 69 51 75 1 1399
0 112 51 35 53 34 3 1400
1 141 62 23 57 28 1 1401
1 63 50 20 39 17 1 1402
1 74 54 56 52 59 6 1403
0 117 69 22 68 25 3 1404
0 67 61 41 60 45 3 1405
0 104 57 1 60 1 3 1406
1 81 6 69 6 66 6 1407
0 1 54 39 55 35 3 1408
1 105 46 3 49 3 2 1409
1 79 85 4 84 2 1 1410
0 5 47 52 42 55 3 1411
0 102 67 73 68 77 3 1412
1 108 32 49 30 45 1 1413
1 109 58 48 49 50 2 1414
1 54 54 80 49 80 1 1415
1 12 54 19 50 39 1 1416
1 121 36 50 38 46 3 1417
0 54 47 57 48 55 3 1418
0 79 42 34 37 40 3 1419
1 24 55 40 61 42 6 1420
1 63 51 54 55 44 1 1421
1 73 44 4 39 5 2 1422
1 97 19 14 29 20 1 1423
0 136 63 1 59 2 3 1424
0 71 44 50 47 52 3 1425
0 34 59 26 61 29 3 1426
0 143 47 62 49 63 3 1427
0 114 60 43 48 44 3 1428
0 139 5 41 6 44 3 1429
1 72 51 55 48 54 1 1430
1 33 91 34 92 30 1 1431
1 52 43 42 42 44 2 1432
0 65 47 2 42 2 3 1433
1 65 6 37 5 51 1 1434
0 69 54 43 50 52 3 1435
1 21 57 34 57 38 1 1436
0 140 44 61 47 52 3 1437
0 143 33 45 14 42 3 1438
1 141 63 42 60 43 1 1439
1 76 6 52 6 49 1 1440
0 73 59 36 53 44 3 1441
0 25 60 27 58 34 3 1442
1 34 55 71 53 74 1 1443
1 18 90 25 90 22 1 1444
1 8 61 18 41 25 1 1445
1 106 5 70 6 65 1 1446
1 68 51 79 49 80 3 1447
0 132 65 32 64 36 3 1448
1 35 47 80 44 80 2 1449
1 115 59 24 55 31 2 1450
0 36 65 47 68 39 3 1451
0 6 54 38 55 35 3 1452
0 47 71 72 68 72 3 1453
0 57 9 26 26 43 3 1454
0 98 53 46 50 58 3 1455
0 21 61 42 57 20 5 1456
1 66 53 29 52 25 1 1457
1 100 71 32 63 48 1 1458
0 54 52 43 54 42 3 1459
0 116 41 4 44 4 3 1460
1 88 68 70 70 71 1 1461
0 91 58 47 48 52 3 1462
0 61 62 34 56 45 3 1463
0 48 91 31 91 34 3 1464
1 111 58 80 51 80 1 1465
0 17 90 36 92 31 3 1466
1 50 55 23 52 27 6 1467
0 3 92 26 91 39 3 1468
1 102 64 76 70 72 5 1469
1 24 46 27 43 31 1 1470
0 27 55 20 51 22 3 1471
1 118 54 81 51 81 1 1472
1 128 6 59 5 84 1 1473
1 18 92 31 91 35 5 1474
1 64 63 35 50 37 3 1475
1 43 47 3 41 3 1 1476
1 99 31 58 33 41 1 1477
1 112 44 40 42 41 1 1478
1 111 90 27 90 35 3 1479
1 51 69 75 72 71 3 1480
1 62 68 77 69 75 1 1481
0 32 86 3 84 4 3 1482
1 52 7 37 7 28 2 1483
0 82 52 45 53 41 4 1484
1 75 57 26 51 33 1 1485
1 77 56 21 60 14 2 1486
0 140 52 19 48 20 3 1487
0 32 62 31 64 21 3 1488
0 138 50 49 41 52 3 1489
1 44 67 36 68 39 1 1490
0 96 55 24 52 26 3 1491
0 11 61 32 49 41 3 1492
0 115 61 1 56 1 3 1493
1 138 41 4 46 3 3 1494
1 58 41 11 39 10 3 1495
1 64 50 43 52 41 6 1496
0 136 6 50 7 37 3 1497
0 54 56 36 53 39 3 1498
1 87 6 66 5 68 1 1499
0 4 52 23 55 26 3 1500
1 126 84 4 87 2 2 1501
0 91 57 46 59 44 4 1502
0 66 49 2 46 2 3 1503
1 121 98 31 98 23 1 1504
0 111 53 44 52 46 3 1505
1 21 65 40 63 44 4 1506
1 3 91 32 90 49 1 1507
0 79 52 39 56 43 3 1508
0 2 43 57 46 55 3 1509
1 120 56 52 63 42 6 1510
0 43 77 12 61 52 3 1511
0 130 57 55 54 57 3 1512
1 18 91 27 92 21 2 1513
1 24 55 42 54 45 1 1514
1 48 48 2 53 1 1 1515
1 45 46 2 43 2 1 1516
1 29 65 79 66 73 1 1517
0 109 58 72 56 76 3 1518
1 88 57 36 55 37 2 1519
0 55 81 5 89 6 3 1520
1 121 62 35 60 34 1 1521
0 58 57 39 60 32 3 1522
0 133 44 66 49 63 3 1523
1 10 64 32 61 30 4 1524
0 139 62 42 60 48 3 1525
0 14 49 3 45 3 3 1526
1 136 52 53 53 48 1 1527
0 38 43 30 40 31 3 1528
0 7 7 42 6 52 3 1529
1 36 29 56 33 42 1 1530
1 112 56 49 55 52 1 1531
1 66 58 18 56 17 3 1532
1 36 70 32 67 33 2 1533
1 46 62 34 63 31 3 1534
0 85 43 67 46 55 3 1535
0 51 44 4 40 4 3 1536
0 143 49 53 53 46 3 1537
1 34 53 17 57 18 1 1538
0 48 92 35 91 19 3 1539
0 109 47 4 50 3 3 1540
0 135 59 32 57 33 3 1541
1 135 87 4 83 3 2 1542
0 143 33 44 23 48 3 1543
0 31 58 2 61 1 3 1544
0 30 49 39 41 34 3 1545
0 111 45 52 22 17 3 1546
1 122 44 29 46 26 2 1547
1 113 54 37 46 51 2 1548
1 121 57 2 61 2 1 1549
1 97 51 48 48 55 1 1550
1 80 39 9 43 12 1 1551
0 13 63 40 60 50 3 1552
1 59 91 32 90 38 1 1553
0 104 44 44 48 49 3 1554
1 92 36 50 39 48 2 1555
0 92 61 39 56 41 3 1556
1 27 62 17 59 18 1 1557
1 45 61 38 63 31 1 1558
0 10 61 41 55 60 5 1559
0 79 44 25 41 19 3 1560
1 10 53 40 53 50 1 1561
0 81 49 2 44 2 3 1562
1 66 68 36 62 32 1 1563
1 8 54 43 55 39 2 1564
1 0 69 45 65 50 1 1565
1 126 54 50 53 42 1 1566
1 17 48 2 44 3 6 1567
0 117 57 76 54 76 3 1568
0 76 6 43 6 39 3 1569
0 62 61 1 65 1 3 1570
1 87 91 27 90 35 1 1571
1 74 62 37 58 38 2 1572
0 105 70 26 60 30 3 1573
1 13 55 80 52 80 1 1574
0 120 55 35 52 39 5 1575
0 74 6 30 6 36 3 1576
1 74 42 4 21 4 1 1577
0 74 51 2 48 2 3 1578
0 41 55 26 57 31 3 1579
0 44 62 17 55 21 3 1580
0 114 98 12 98 16 3 1581
1 59 43 45 54 51 1 1582
0 96 62 32 56 35 3 1583
0 62 60 1 62 2 3 1584
0 3 58 25 55 30 4 1585
1 55 47 29 49 28 1 1586
1 93 6 52 6 48 1 1587
0 48 67 38 62 25 3 1588
0 72 67 93 66 95 3 1589
1 128 28 54 31 49 2 1590
0 24 6 52 7 44 3 1591
1 38 45 28 56 15 1 1592
0 128 61 38 65 50 3 1593
0 94 31 44 30 63 6 1594
0 43 57 80 47 80 3 1595
1 29 59 40 58 37 1 1596
0 94 29 33 29 43 3 1597
1 98 48 2 46 3 1 1598
0 11 44 4 49 3 3 1599
0 108 61 32 56 38 3 1600
0 82 49 33 52 29 3 1601
1 42 61 1 58 2 2 1602
1 108 5 68 6 64 1 1603
1 13 61 45 61 34 2 1604
1 65 6 37 6 34 1 1605
1 112 42 28 42 36 1 1606
0 0 62 16 59 19 4 1607
1 35 44 17 64 42 3 1608
0 102 51 45 50 26 3 1609
1 119 43 37 40 37 1 1610
1 143 50 73 33 46 1 1611
1 86 72 70 68 77 1 1612
1 48 54 43 47 57 2 1613
0 123 87 3 85 2 5 1614
0 38 43 35 33 34 3 1615
1 86 63 81 66 79 1 1616
0 131 51 19 54 20 3 1617
1 58 55 41 55 45 2 1618
1 124 92 26 90 27 5 1619
0 0 26 49 28 47 3 1620
1 106 48 2 45 2 1 1621
0 112 54 25 55 23 3 1622
0 71 32 44 33 50 3 1623
1 3 92 25 90 14 1 1624
1 136 91 94 97 92 1 1625
1 71 7 38 7 46 1 1626
1 41 70 37 68 42 1 1627
1 26 32 39 27 50 2 1628
1 6 65 77 68 73 1 1629
1 111 56 40 54 43 2 1630
1 40 46 27 41 41 1 1631
0 73 61 36 59 38 3 1632
0 3 91 28 92 31 3 1633
1 48 92 31 91 28 2 1634
1 116 53 42 49 59 1 1635
1 112 53 24 51 26 4 1636
1 74 49 20 52 19 5 1637
1 32 57 29 56 35 1 1638
0 119 30 59 31 56 3 1639
0 80 55 38 57 39 3 1640
0 25 49 37 32 57 3 1641
1 117 51 57 41 52 3 1642
0 81 91 33 89 35 3 1643
0 33 91 30 92 32 3 1644
1 102 52 17 46 20 5 1645
1 134 68 34 70 41 1 1646
0 32 55 56 58 54 3 1647
1 76 61 43 57 50 3 1648
0 6 50 42 54 27 3 1649
1 132 60 50 56 51 1 1650
0 128 60 23 50 29 6 1651
0 110 38 50 48 85 3 1652
1 118 65 43 61 47 1 1653
1 124 48 3 41 3 1 1654
1 80 69 40 66 40 1 1655
1 86 53 44 51 48 1 1656
0 9 54 42 56 26 3 1657
1 88 51 19 39 18 1 1658
1 13 53 46 47 52 1 1659
1 137 57 71 54 76 4 1660
1 53 51 43 50 46 1 1661
1 23 47 2 26 2 2 1662
1 113 50 36 52 32 2 1663
1 61 53 42 58 33 1 1664
1 14 71 35 73 36 1 1665
1 100 32 49 32 52 1 1666
1 4 53 34 55 29 1 1667
1 11 61 37 58 34 1 1668
1 67 5 40 6 35 1 1669
1 139 59 32 63 34 1 1670
1 124 50 53 42 72 1 1671
0 30 66 38 64 42 3 1672
0 6 67 35 60 40 3 1673
1 111 6 35 6 25 1 1674
1 38 32 46 31 44 1 1675
0 135 55 47 52 48 5 1676
1 137 57 29 60 31 1 1677
0 116 55 46 65 44 3 1678
0 129 29 48 27 51 3 1679
1 109 56 79 55 77 1 1680
1 76 6 50 7 38 5 1681
1 21 60 50 57 57 3 1682
1 16 44 11 41 12 1 1683
1 127 59 28 59 23 1 1684
0 31 59 30 57 28 3 1685
1 5 45 20 44 22 1 1686
1 52 56 47 52 44 4 1687
1 44 29 53 30 60 1 1688
1 82 53 45 57 37 2 1689
0 140 70 70 68 74 3 1690
1 128 40 9 36 9 1 1691
0 57 53 47 42 46 3 1692
1 38 46 26 40 36 1 1693
0 134 68 72 69 68 3 1694
1 125 48 53 23 20 2 1695
0 112 34 44 30 43 6 1696
0 87 54 45 55 51 6 1697
1 49 48 66 50 64 1 1698
1 13 4 77 4 74 1 1699
1 13 47 62 46 30 1 1700
0 132 44 60 46 46 3 1701
1 64 54 41 62 32 1 1702
1 14 30 46 30 42 2 1703
0 118 46 19 43 23 6 1704
0 115 61 2 55 2 3 1705
0 11 49 54 49 63 5 1706
0 137 66 78 72 69 3 1707
0 46 46 50 41 63 3 1708
1 102 61 31 64 32 5 1709
1 29 57 34 53 40 1 1710
0 57 52 32 54 30 3 1711
0 56 57 29 61 26 3 1712
1 102 50 51 48 69 5 1713
1 86 62 37 60 33 1 1714
1 10 40 36 40 42 1 1715
1 43 30 52 31 58 2 1716
0 73 60 33 58 35 3 1717
0 72 53 39 51 41 3 1718
1 59 46 2 49 2 2 1719
1 108 29 53 27 60 1 1720
0 3 92 32 91 30 5 1721
1 26 47 33 56 31 3 1722
0 38 64 78 67 74 3 1723
0 65 53 31 61 22 3 1724
1 96 31 42 50 43 2 1725
1 19 49 55 47 39 1 1726
1 8 45 58 70 34 1 1727
1 84 56 35 56 49 1 1728
0 113 55 37 55 24 3 1729
1 42 41 29 51 26 1 1730
1 29 64 33 59 36 1 1731
1 28 48 24 53 25 1 1732
0 115 47 50 31 55 5 1733
1 119 71 41 63 47 1 1734
0 65 48 56 37 50 3 1735
1 65 81 6 76 8 1 1736
1 81 56 18 59 18 1 1737
0 72 67 40 67 47 3 1738
1 67 5 61 3 65 5 1739
0 142 47 4 40 5 3 1740
1 133 56 80 53 80 2 1741
0 97 55 36 57 39 3 1742
0 48 29 53 31 50 3 1743
1 102 50 16 52 15 1 1744
0 65 60 48 60 55 5 1745
0 74 62 25 42 39 3 1746
1 118 44 54 47 50 3 1747
1 128 22 45 26 40 2 1748
0 44 62 40 60 42 6 1749
1 90 60 27 61 25 1 1750
0 97 54 40 57 40 3 1751
0 0 45 52 46 49 3 1752
1 5 64 43 46 75 2 1753
0 41 56 2 53 2 3 1754
1 10 41 35 45 29 1 1755
1 130 53 44 43 50 6 1756
1 24 47 30 42 30 1 1757
0 131 58 37 54 45 3 1758
1 66 62 17 58 19 1 1759
1 97 76 7 79 6 1 1760
1 132 98 19 98 22 2 1761
0 68 6 39 6 36 3 1762
1 131 55 21 56 18 1 1763
0 28 98 23 98 19 5 1764
0 50 50 27 51 31 4 1765
1 14 53 34 48 59 1 1766
1 108 61 36 54 37 1 1767
1 114 59 27 59 23 3 1768
0 84 62 48 60 47 3 1769
0 84 50 64 47 56 3 1770
0 119 71 34 66 41 3 1771
0 109 55 75 60 77 5 1772
1 77 56 2 52 1 1 1773
1 73 67 93 64 91 2 1774
0 18 41 35 45 31 3 1775
0 93 49 53 57 45 4 1776
1 83 64 32 65 34 1 1777
1 19 50 54 52 48 2 1778
1 116 51 64 53 59 6 1779
0 0 98 23 98 18 5 1780
0 76 66 39 90 28 6 1781
0 125 53 81 50 80 3 1782
1 60 53 30 62 32 4 1783
1 28 49 3 38 3 5 1784
1 115 47 50 45 58 1 1785
0 23 55 32 52 33 6 1786
1 97 53 43 49 54 5 1787
1 109 87 4 84 4 6 1788
1 130 68 41 67 27 1 1789
1 116 60 47 55 63 1 1790
1 8 38 13 34 15 2 1791
1 81 59 90 66 93 1 1792
0 116 59 44 58 54 3 1793
1 123 49 2 40 3 1 1794
1 43 60 31 58 16 4 1795
1 56 54 40 57 39 2 1796
1 116 59 38 51 38 1 1797
1 79 52 46 48 54 1 1798
1 133 42 63 45 63 1 1799
1 139 6 35 5 38 3 1800
0 143 48 4 43 4 3 1801
1 108 67 36 99 28 1 1802
1 51 52 44 58 37 1 1803
0 12 41 12 36 14 3 1804
1 6 88 93 89 90 1 1805
1 15 65 1 61 1 1 1806
0 44 48 29 52 29 3 1807
0 137 29 56 27 73 3 1808
1 100 86 4 81 3 1 1809
1 77 40 48 52 49 1 1810
1 7 6 51 5 67 1 1811
1 33 64 30 52 44 1 1812
0 87 58 43 68 34 3 1813
0 50 55 23 47 34 3 1814
1 87 49 52 54 45 1 1815
0 17 75 7 78 6 3 1816
0 16 29 53 32 50 5 1817
1 73 56 39 58 36 5 1818
1 5 56 37 54 41 1 1819
1 111 57 44 56 48 2 1820
0 3 91 38 92 32 3 1821
1 56 66 38 67 36 6 1822
1 29 4 38 6 14 4 1823
1 50 85 92 89 93 1 1824
0 38 59 30 57 32 3 1825
1 37 44 11 34 16 1 1826
0 22 56 61 60 49 3 1827
1 75 49 49 54 43 1 1828
1 97 59 74 49 78 2 1829
1 32 27 40 29 38 2 1830
0 101 74 5 78 6 3 1831
0 46 54 2 60 2 3 1832
0 143 55 78 51 78 6 1833
0 13 54 51 50 48 3 1834
1 43 58 57 60 54 2 1835
0 65 79 3 81 4 3 1836
1 37 6 58 6 51 2 1837
0 12 58 46 60 36 3 1838
1 65 64 26 89 24 1 1839
0 70 42 59 48 48 3 1840
0 63 92 29 90 38 3 1841
0 116 38 29 37 24 3 1842
1 18 57 18 54 19 2 1843
0 9 54 42 53 51 3 1844
0 0 69 38 65 44 3 1845
0 2 63 20 61 26 3 1846
0 19 59 74 55 77 3 1847
1 82 50 38 56 44 1 1848
0 72 44 18 35 27 3 1849
1 91 66 41 61 60 1 1850
0 48 30 46 32 37 4 1851
1 60 48 20 51 18 1 1852
0 87 68 63 65 68 3 1853
0 120 54 76 58 75 3 1854
1 74 60 52 51 61 1 1855
1 127 54 2 59 1 1 1856
1 72 59 27 55 36 1 1857
0 90 55 34 62 25 5 1858
1 0 63 43 64 40 2 1859
0 46 51 19 48 19 5 1860
1 3 60 16 42 19 2 1861
0 4 53 28 53 57 3 1862
1 134 66 75 68 73 6 1863
0 135 42 21 43 24 3 1864
1 95 49 18 32 17 1 1865
1 54 47 50 44 53 1 1866
1 31 70 69 68 74 2 1867
1 38 52 48 43 48 1 1868
0 117 55 38 55 48 3 1869
0 110 67 39 70 36 3 1870
0 38 59 19 59 32 3 1871
1 123 53 41 52 47 3 1872
0 74 50 18 45 20 3 1873
0 81 42 12 40 11 3 1874
0 57 53 34 58 38 3 1875
0 66 91 36 90 42 3 1876
1 106 59 27 56 23 1 1877
0 86 98 19 98 24 3 1878
1 74 5 40 6 37 1 1879
0 124 91 32 91 17 3 1880
0 12 56 32 61 27 3 1881
0 123 47 57 37 37 3 1882
0 47 41 31 40 35 3 1883
1 76 43 21 48 24 1 1884
1 32 61 34 96 29 1 1885
1 87 55 56 50 67 1 1886
0 30 61 16 55 24 3 1887
1 72 50 56 47 57 1 1888
0 119 48 56 46 57 3 1889
0 100 53 81 55 80 3 1890
0 74 47 4 45 3 3 1891
1 141 55 37 57 38 1 1892
0 89 63 29 64 26 3 1893
1 84 57 1 50 2 1 1894
1 98 45 61 54 54 1 1895
0 128 58 33 56 29 3 1896
1 43 52 47 53 42 1 1897
0 82 52 53 27 24 3 1898
0 2 88 4 86 3 3 1899
0 87 54 41 56 38 3 1900
0 4 43 2 49 2 3 1901
0 23 63 45 66 43 3 1902
0 69 58 28 55 26 3 1903
0 20 63 43 63 46 3 1904
1 135 50 64 52 58 2 1905
1 38 55 36 55 29 1 1906
0 111 55 48 50 52 3 1907
1 143 6 37 6 40 1 1908
0 49 63 25 68 33 3 1909
0 112 78 6 81 6 3 1910
1 7 51 50 54 43 2 1911
1 82 46 30 32 56 1 1912
0 40 61 27 73 35 3 1913
1 9 55 45 54 42 4 1914
0 31 56 2 54 1 3 1915
1 64 50 35 44 34 1 1916
0 52 68 39 66 43 3 1917
1 3 86 5 84 4 2 1918
0 104 63 20 53 38 3 1919
0 5 39 37 38 39 3 1920
0 125 49 78 51 76 3 1921
0 90 57 28 57 34 3 1922
0 136 67 36 45 18 3 1923
0 103 36 5 39 5 3 1924
1 128 59 26 55 32 2 1925
0 41 50 19 42 24 3 1926
1 126 50 58 52 59 1 1927
0 48 51 75 66 68 3 1928
0 141 53 43 56 36 3 1929
1 58 50 52 49 58 1 1930
1 64 33 41 32 46 1 1931
1 74 61 39 55 49 2 1932
1 122 55 80 49 80 3 1933
0 141 78 6 81 5 3 1934
1 80 22 45 31 46 4 1935
1 93 40 12 44 10 2 1936
0 116 59 54 56 52 3 1937
0 77 61 22 55 33 3 1938
0 76 28 65 30 58 3 1939
0 0 53 36 56 49 3 1940
0 100 67 33 70 32 3 1941
0 34 90 38 91 33 3 1942
1 119 73 37 72 34 6 1943
1 38 37 47 39 45 1 1944
1 129 82 6 63 4 1 1945
1 135 42 60 39 69 1 1946
1 103 59 24 60 27 2 1947
1 118 63 16 44 19 2 1948
1 19 47 28 45 31 1 1949
1 4 57 41 54 29 1 1950
1 16 56 40 60 40 4 1951
0 6 67 77 65 75 3 1952
1 16 55 14 59 14 2 1953
0 83 56 31 51 36 3 1954
1 66 5 67 5 61 2 1955
0 102 6 53 6 47 3 1956
0 25 48 49 51 45 3 1957
0 1 57 19 53 14 3 1958
1 49 46 59 40 47 1 1959
0 104 68 40 68 37 3 1960
0 3 65 52 69 40 3 1961
1 67 60 44 65 37 4 1962
1 132 49 3 42 2 1 1963
1 38 41 44 43 31 3 1964
1 58 45 51 48 56 1 1965
1 141 45 49 49 44 5 1966
0 104 46 59 54 52 4 1967
1 37 6 53 6 50 1 1968
0 41 57 47 51 61 4 1969
1 93 41 44 43 32 2 1970
1 116 6 64 6 48 1 1971
0 60 70 35 69 37 3 1972
0 33 48 20 42 19 5 1973
0 117 26 25 44 32 3 1974
0 133 57 48 53 55 3 1975
0 76 77 5 72 6 3 1976
0 68 53 32 57 31 3 1977
0 10 6 50 6 65 3 1978
0 130 48 2 28 2 3 1979
1 102 57 39 57 23 1 1980
1 85 55 27 53 29 2 1981
1 97 57 40 53 47 5 1982
1 72 52 41 53 43 2 1983
1 73 31 57 29 53 4 1984
0 54 6 66 5 68 5 1985
1 24 62 30 51 30 2 1986
0 27 54 49 52 50 3 1987
0 68 67 37 65 40 3 1988
0 67 47 35 44 34 3 1989
0 26 57 40 55 43 6 1990
0 26 44 63 45 67 5 1991
0 27 63 29 59 34 3 1992
0 23 55 77 41 78 6 1993
1 90 45 50 32 57 2 1994
1 93 54 2 61 2 1 1995
0 102 69 75 68 70 3 1996
1 57 88 94 85 94 1 1997
1 57 52 43 54 48 1 1998
1 128 31 46 35 40 1 1999
