1 89 90 34 91 41 1 0
1 38 85 4 87 3 1 1
0 86 55 30 59 27 3 2
1 27 34 45 33 43 1 3
1 73 62 47 59 55 1 4
1 99 48 53 49 55 1 5
1 117 50 47 44 61 6 6
0 119 60 41 59 45 5 7
1 111 55 41 53 43 1 8
1 143 56 41 52 52 5 9
1 69 44 17 68 34 2 10
0 138 60 32 63 25 3 11
1 104 61 41 64 32 2 12
0 53 59 30 54 34 6 13
1 13 72 39 66 48 2 14
0 38 52 1 47 2 3 15
1 22 42 29 38 48 1 16
0 4 53 24 47 22 3 17
0 80 62 68 56 75 3 18
1 57 55 41 52 45 5 19
0 101 43 59 42 61 5 20
0 68 52 47 45 51 3 21
1 104 68 41 68 37 1 22
0 40 61 33 27 33 6 23
0 17 50 39 55 38 3 24
0 95 66 51 67 49 3 25
0 42 64 33 63 35 3 26
0 50 30 51 28 50 3 27
0 109 56 49 57 52 3 28
0 13 44 66 47 71 3 29
0 96 52 51 54 41 3 30
1 126 42 11 40 13 1 31
1 119 92 32 92 29 2 32
1 17 59 35 60 42 3 33
1 122 57 37 58 43 1 34
1 121 48 48 47 53 6 35
0 108 92 26 91 24 3 36
0 138 50 20 47 18 3 37
1 103 51 45 38 43 1 38
1 132 6 38 5 36 2 39
1 93 44 37 42 31 4 40
0 72 55 32 58 27 3 41
1 81 91 29 91 40 1 42
1 76 69 38 63 56 5 43
0 72 57 37 60 35 3 44
0 105 63 17 54 19 3 45
1 7 32 45 19 48 1 46
1 72 58 37 62 30 2 47
0 100 88 93 86 94 3 48
1 86 6 42 5 36 1 49
0 97 63 30 58 44 3 50
1 39 68 38 64 5 1 51
1 120 58 48 55 53 5 52
0 18 58 54 60 48 3 53
0 34 54 42 45 35 3 54
0 32 67 38 68 34 3 55
0 135 5 67 6 64 3 56
1 131 6 69 5 71 1 57
1 130 59 54 57 59 1 58
0 136 6 57 5 43 3 59
0 66 4 49 5 39 3 60
0 128 44 11 41 13 3 61
1 117 42 78 44 74 5 62
1 86 98 17 98 22 1 63
0 75 53 28 50 27 3 64
1 109 5 59 6 53 1 65
1 9 6 42 5 46 1 66
1 78 69 40 64 32 1 67
0 64 56 49 60 38 3 68
1 128 47 24 55 28 1 69
1 27 79 6 83 4 1 70
1 102 47 61 50 64 2 71
0 19 68 63 70 66 3 72
1 48 57 28 59 37 1 73
0 102 56 63 56 29 3 74
1 113 62 46 60 40 1 75
1 35 58 29 51 26 1 76
0 101 65 92 67 93 3 77
0 102 59 16 57 19 3 78
0 124 68 33 68 37 3 79
1 74 48 65 49 47 1 80
1 143 60 19 50 22 3 81
1 76 5 36 6 60 2 82
1 79 63 28 62 30 6 83
1 135 31 46 26 50 1 84
0 79 44 35 39 45 3 85
0 15 63 1 60 1 3 86
1 113 70 33 69 38 1 87
0 4 53 49 53 35 3 88
1 14 56 41 59 45 5 89
1 64 57 46 58 34 1 90
0 5 50 63 55 57 3 91
1 39 74 18 73 20 1 92
1 14 98 20 98 16 5 93
1 58 60 37 54 41 1 94
0 93 88 94 86 95 5 95
1 90 6 29 6 34 3 96
0 92 49 63 45 60 3 97
0 39 51 63 50 65 3 98
0 30 66 93 63 93 3 99
1 0 32 46 30 62 1 100
0 117 47 58 48 52 5 101
0 139 91 25 92 22 3 102
1 25 47 52 31 55 2 103
0 10 54 44 55 42 3 104
1 85 56 1 44 1 3 105
1 64 32 44 35 40 2 106
0 93 31 43 29 46 3 107
0 128 49 28 46 31 3 108
1 74 71 31 67 35 1 109
0 124 57 29 60 27 4 110
0 131 56 76 12 61 4 111
1 131 57 20 53 20 5 112
1 124 55 0 59 1 2 113
0 51 72 73 70 72 6 114
0 48 43 64 47 60 3 115
0 39 55 77 63 69 3 116
1 29 41 34 43 31 1 117
1 26 47 59 46 61 1 118
0 94 69 40 67 42 3 119
0 25 32 57 47 49 5 120
1 43 62 24 59 21 5 121
0 131 56 20 61 17 3 122
1 62 68 39 68 43 1 123
0 122 67 35 69 41 3 124
0 34 52 52 50 47 4 125
0 56 55 42 42 48 3 126
1 86 61 71 53 77 1 127
0 18 68 73 71 69 3 128
0 140 86 4 83 4 3 129
1 14 50 49 56 41 5 130
1 102 44 41 60 35 1 131
1 77 6 29 6 37 2 132
1 139 90 22 92 26 1 133
0 106 6 48 6 28 3 134
0 52 60 30 58 38 3 135
1 30 46 2 53 1 1 136
0 81 66 93 62 92 3 137
0 48 92 28 92 36 5 138
0 134 63 44 66 43 3 139
1 112 73 70 70 71 1 140
0 56 63 31 52 39 3 141
1 106 55 39 53 28 1 142
0 73 42 33 44 29 3 143
1 138 45 49 45 52 5 144
0 15 67 39 63 46 3 145
0 111 57 63 51 64 3 146
0 0 59 44 62 35 3 147
1 117 61 31 63 33 4 148
1 107 47 46 45 57 5 149
0 69 30 52 30 49 3 150
1 105 58 40 57 38 1 151
0 23 51 43 59 27 3 152
1 74 66 93 64 94 3 153
1 32 6 39 6 34 2 154
0 88 50 2 46 2 5 155
0 95 68 36 70 35 3 156
1 18 56 72 57 78 1 157
1 13 59 27 45 23 2 158
0 97 54 28 51 27 3 159
0 27 41 62 46 48 3 160
1 0 42 11 36 15 5 161
0 28 50 48 54 45 3 162
0 67 6 39 7 47 3 163
0 49 5 71 5 74 3 164
1 123 28 57 29 62 1 165
0 4 74 30 71 39 3 166
0 52 6 46 6 42 3 167
0 3 59 36 61 39 3 168
1 51 57 18 62 16 1 169
0 130 6 29 6 36 3 170
1 10 54 50 42 42 5 171
1 41 43 45 44 43 1 172
0 96 64 35 58 33 3 173
0 2 56 80 59 80 6 174
1 74 51 18 45 20 5 175
1 98 50 37 54 25 1 176
1 18 63 34 44 40 1 177
0 80 55 44 54 46 3 178
0 81 50 28 46 32 3 179
0 7 98 20 98 15 3 180
0 93 55 47 43 30 3 181
0 8 53 44 60 40 3 182
1 3 49 29 54 25 1 183
1 78 91 37 92 34 5 184
0 111 5 45 6 25 3 185
1 78 77 6 80 5 6 186
0 85 67 39 36 16 3 187
1 3 92 26 91 40 1 188
0 129 58 34 61 26 3 189
1 23 70 6 80 5 3 190
1 88 65 30 64 28 1 191
0 81 47 49 36 51 6 192
0 42 88 93 86 94 3 193
1 3 67 93 65 92 2 194
1 102 69 74 72 66 1 195
0 108 51 80 54 80 3 196
0 14 53 54 54 44 3 197
1 114 69 6 73 10 3 198
0 25 66 74 67 76 3 199
0 95 5 40 5 45 3 200
1 94 91 34 91 31 1 201
1 38 41 32 42 39 4 202
0 74 47 3 36 4 6 203
1 96 26 49 28 48 1 204
1 63 91 25 89 42 1 205
0 18 51 77 62 70 3 206
0 32 28 54 26 55 3 207
0 24 55 49 52 47 3 208
1 126 63 48 69 40 1 209
1 140 47 31 49 28 1 210
0 45 46 42 45 46 3 211
1 64 41 12 39 14 1 212
0 102 48 20 39 19 3 213
0 33 49 19 46 20 3 214
0 117 41 46 59 27 3 215
1 38 54 2 49 3 1 216
1 21 6 35 6 32 1 217
0 72 56 36 47 49 3 218
0 60 50 46 47 57 3 219
0 39 63 39 59 43 5 220
1 81 71 38 71 31 6 221
1 40 29 62 27 58 2 222
1 110 27 48 17 47 1 223
0 143 64 39 66 45 3 224
0 17 42 2 45 2 3 225
1 0 59 73 56 75 1 226
1 59 43 2 46 2 3 227
1 108 91 35 91 31 1 228
0 126 30 55 28 58 3 229
0 28 16 2 45 4 3 230
0 42 49 39 46 60 4 231
0 124 66 36 60 29 3 232
1 1 58 18 32 26 2 233
1 48 91 40 92 34 2 234
1 88 55 38 57 37 1 235
1 3 59 37 55 44 1 236
0 121 71 38 68 25 3 237
0 37 49 85 49 79 3 238
1 99 73 67 71 70 1 239
1 118 68 73 69 71 1 240
1 54 62 1 57 2 2 241
1 115 49 67 50 64 2 242
1 77 64 1 62 2 1 243
0 56 49 46 46 47 3 244
1 87 53 43 51 46 1 245
0 16 44 31 47 29 3 246
0 16 42 13 36 13 3 247
0 102 43 33 40 35 3 248
1 87 42 21 40 25 2 249
0 25 56 23 60 22 3 250
0 135 50 46 42 41 3 251
0 94 31 45 27 57 3 252
1 89 88 93 86 95 1 253
1 78 54 51 57 42 1 254
1 12 65 75 68 71 2 255
1 48 67 43 64 52 5 256
1 128 54 47 51 34 1 257
1 136 48 4 41 3 1 258
1 138 54 23 54 20 2 259
1 70 65 76 70 72 1 260
0 43 57 38 56 42 3 261
0 90 61 22 62 26 5 262
0 140 56 49 58 56 3 263
1 56 52 80 49 81 5 264
1 118 56 18 55 20 1 265
0 21 56 51 59 45 3 266
0 75 63 47 67 44 4 267
1 59 57 42 39 36 1 268
1 16 33 44 36 43 1 269
1 130 57 71 54 75 4 270
0 26 45 61 43 79 3 271
0 55 6 36 6 33 3 272
1 25 92 27 91 19 1 273
1 116 54 55 56 65 5 274
1 18 57 58 61 42 2 275
0 57 66 80 68 76 3 276
1 10 61 32 62 35 2 277
0 108 91 41 90 37 3 278
1 129 98 21 98 17 1 279
0 88 49 19 45 18 3 280
1 56 47 59 49 67 1 281
0 48 30 33 27 43 3 282
0 40 52 19 57 20 3 283
0 132 33 44 34 41 3 284
1 27 54 75 58 75 1 285
0 95 46 3 44 2 3 286
1 53 41 36 37 43 1 287
0 103 54 33 55 31 3 288
0 92 77 6 81 5 3 289
1 85 70 41 48 44 5 290
0 78 7 46 6 53 3 291
0 72 48 70 43 62 3 292
0 76 46 45 44 63 5 293
0 92 48 3 39 3 3 294
1 21 59 49 66 38 1 295
1 106 43 11 16 9 1 296
1 126 48 56 44 50 1 297
0 120 45 4 48 4 3 298
1 65 81 5 79 6 1 299
0 36 43 26 41 21 3 300
1 123 44 33 42 31 2 301
0 3 5 60 5 67 3 302
1 87 55 53 61 52 1 303
1 128 59 27 54 39 1 304
0 76 7 43 4 56 3 305
0 96 58 41 58 44 3 306
0 48 91 31 92 28 3 307
1 46 51 20 47 20 5 308
0 26 43 65 49 46 5 309
1 101 58 36 59 32 1 310
0 37 53 51 54 49 3 311
0 6 50 40 54 39 3 312
1 0 60 27 61 22 6 313
1 65 64 1 59 1 1 314
1 47 62 18 53 19 1 315
0 39 57 43 49 35 3 316
1 122 64 40 56 44 1 317
1 35 61 31 64 26 2 318
1 119 65 42 63 43 1 319
0 81 60 16 60 19 3 320
0 108 58 2 64 1 3 321
0 38 55 50 50 54 4 322
0 48 46 59 52 63 3 323
1 109 57 46 60 40 2 324
1 116 6 30 6 34 1 325
1 81 53 28 52 26 1 326
0 8 53 80 49 81 3 327
0 89 57 80 69 79 3 328
1 111 55 80 51 80 1 329
0 49 66 37 64 46 3 330
0 29 66 28 65 31 3 331
1 40 58 17 56 20 1 332
1 96 52 44 48 56 1 333
0 9 79 6 70 6 5 334
0 119 55 22 60 13 3 335
0 103 57 36 53 42 3 336
0 79 62 36 54 50 3 337
1 90 65 95 64 93 1 338
0 0 67 77 65 75 3 339
1 125 48 54 38 52 2 340
1 42 68 47 63 49 4 341
1 74 53 2 50 2 1 342
0 47 7 47 6 49 3 343
0 94 54 56 51 62 3 344
0 55 80 5 61 2 3 345
0 27 6 34 5 19 3 346
1 69 31 49 44 38 4 347
0 24 46 33 52 58 3 348
0 53 57 38 54 42 3 349
1 75 58 47 40 45 4 350
1 64 60 33 65 28 1 351
0 50 62 48 86 63 3 352
1 78 91 36 90 51 2 353
0 4 29 45 34 40 3 354
1 79 32 45 30 51 1 355
0 119 72 33 70 35 3 356
0 129 89 93 85 91 5 357
0 9 50 54 48 56 3 358
0 40 52 44 62 33 4 359
1 66 51 77 56 74 1 360
1 76 46 31 50 28 1 361
0 3 90 35 90 38 3 362
0 107 88 93 87 95 3 363
0 82 67 26 68 23 3 364
0 55 87 3 85 5 3 365
0 10 60 28 58 29 3 366
0 135 45 30 41 31 3 367
0 117 51 48 48 57 3 368
1 59 57 30 61 25 1 369
1 66 57 45 61 44 1 370
1 0 68 33 65 25 1 371
1 131 43 77 41 76 1 372
1 60 57 40 96 28 2 373
0 69 57 75 61 70 3 374
0 117 56 47 58 39 3 375
1 22 30 54 29 61 1 376
0 77 43 38 37 41 3 377
0 0 53 27 51 28 3 378
1 61 27 61 30 62 1 379
1 4 67 41 68 39 1 380
0 32 56 76 62 69 4 381
1 7 6 49 7 38 6 382
1 64 92 32 91 39 1 383
1 74 56 31 58 25 2 384
1 133 54 50 52 57 1 385
0 48 48 66 52 55 3 386
1 79 29 54 28 58 1 387
1 142 62 47 69 34 1 388
1 89 92 32 91 30 1 389
1 14 53 18 54 13 2 390
0 33 52 50 47 64 3 391
1 2 53 32 53 44 3 392
1 87 61 32 57 36 2 393
1 12 27 59 31 44 2 394
0 111 41 51 55 56 3 395
0 127 68 77 67 74 3 396
1 29 62 36 52 53 1 397
0 36 33 44 32 52 3 398
1 16 43 12 40 13 4 399
0 9 55 47 45 30 6 400
1 52 58 43 55 44 1 401
0 97 34 45 31 42 3 402
0 53 55 31 59 29 3 403
0 0 61 40 63 42 5 404
1 48 31 45 32 42 1 405
0 90 59 26 61 23 3 406
0 4 55 43 47 61 3 407
1 41 49 63 52 46 1 408
0 115 69 43 64 52 3 409
0 102 53 46 55 43 3 410
1 66 56 76 56 72 1 411
1 114 68 72 69 68 5 412
0 59 49 2 42 1 3 413
0 131 59 18 63 17 6 414
0 128 67 43 52 42 3 415
0 94 43 4 46 4 3 416
0 35 56 61 54 35 3 417
0 125 40 4 45 3 3 418
0 26 6 47 6 44 3 419
1 66 45 3 12 1 5 420
0 110 61 53 62 44 3 421
1 121 59 19 55 15 2 422
1 98 6 35 6 31 2 423
1 96 29 51 25 54 3 424
1 39 57 41 50 53 2 425
0 35 46 4 49 3 3 426
0 130 68 72 68 78 3 427
0 141 6 47 6 51 3 428
1 18 47 57 55 55 1 429
1 21 59 56 57 51 1 430
0 18 55 31 58 28 3 431
0 134 59 56 56 59 3 432
1 105 71 39 66 43 1 433
0 90 61 26 59 28 3 434
0 82 87 93 86 90 3 435
1 31 61 1 58 2 1 436
0 89 61 19 52 19 3 437
0 80 60 74 61 70 3 438
0 101 56 54 59 49 3 439
0 128 30 52 33 44 3 440
0 38 98 24 98 20 3 441
1 3 51 43 55 39 1 442
0 39 52 52 61 51 3 443
0 45 46 4 27 3 3 444
1 90 51 26 50 30 1 445
1 74 6 35 6 22 1 446
1 126 47 4 45 3 1 447
1 74 49 19 45 21 1 448
0 70 73 69 71 71 3 449
1 28 65 50 62 47 3 450
1 32 57 46 57 49 1 451
1 80 6 66 5 69 1 452
0 51 58 34 62 24 3 453
1 108 64 1 61 1 5 454
0 125 49 49 47 56 3 455
0 122 6 64 5 71 3 456
0 85 60 22 58 32 3 457
1 9 47 31 40 28 5 458
1 56 53 23 52 25 1 459
0 135 56 47 60 39 3 460
0 125 50 49 51 63 3 461
1 10 43 22 51 17 2 462
1 18 56 62 58 55 1 463
0 3 92 27 91 34 6 464
1 80 52 76 13 60 2 465
1 62 48 35 42 35 1 466
1 83 64 4 78 7 1 467
0 9 61 29 60 26 4 468
1 15 6 46 6 54 1 469
1 132 64 34 41 32 1 470
0 70 5 71 4 68 3 471
0 21 51 27 54 27 3 472
1 52 57 28 55 31 2 473
1 128 51 47 52 44 1 474
1 91 54 49 39 48 1 475
1 93 62 2 65 1 2 476
1 78 49 51 52 50 1 477
1 95 67 45 51 39 6 478
0 77 42 33 44 38 3 479
0 104 58 43 48 21 3 480
1 123 30 58 26 74 1 481
1 68 86 94 84 93 1 482
0 107 41 22 40 17 5 483
0 37 56 77 63 69 3 484
1 18 57 28 55 27 1 485
0 48 91 22 90 24 3 486
0 35 59 44 61 43 3 487
1 64 61 43 63 42 2 488
1 119 65 43 47 33 2 489
0 119 55 27 46 31 3 490
0 0 62 48 66 37 3 491
1 67 61 49 58 55 1 492
0 26 46 70 42 76 3 493
1 137 55 78 98 67 1 494
1 46 54 20 49 22 1 495
0 79 28 43 31 44 3 496
1 121 73 67 71 68 5 497
1 25 63 20 61 26 1 498
0 22 65 33 62 31 3 499
1 24 66 79 69 75 1 500
1 12 65 75 68 72 1 501
0 34 61 69 57 73 3 502
1 109 55 42 56 49 1 503
1 51 30 52 32 57 1 504
1 94 30 55 32 45 1 505
1 141 58 26 61 24 1 506
0 80 46 74 49 66 4 507
1 28 98 17 98 20 1 508
1 72 51 41 53 39 2 509
0 72 55 80 51 80 3 510
1 107 58 20 60 18 1 511
1 18 92 26 91 32 1 512
0 91 56 44 58 42 3 513
1 126 6 48 6 53 1 514
0 110 46 2 49 2 3 515
1 41 42 67 54 52 1 516
1 108 91 31 91 35 5 517
1 64 67 40 64 46 1 518
1 72 54 51 51 46 1 519
0 78 33 50 28 56 3 520
1 41 69 34 73 37 1 521
0 0 39 10 42 9 3 522
0 7 64 4 69 5 3 523
1 66 47 2 50 2 1 524
1 90 53 42 51 45 1 525
1 102 81 6 70 6 1 526
0 24 48 54 46 75 3 527
1 108 51 26 49 31 2 528
0 56 63 47 70 32 3 529
1 36 57 49 63 37 1 530
1 97 52 51 54 45 2 531
0 32 68 34 63 38 5 532
1 3 90 36 92 25 1 533
1 9 54 43 53 39 1 534
0 79 72 35 40 31 3 535
1 143 98 12 98 16 3 536
1 103 48 19 55 14 1 537
0 91 68 40 65 45 3 538
1 96 43 4 37 5 1 539
0 46 59 1 57 2 3 540
1 112 3 96 0 95 1 541
1 10 64 42 62 39 1 542
1 8 51 45 56 28 2 543
0 23 46 53 22 19 3 544
0 21 30 46 32 50 3 545
1 105 52 2 49 2 1 546
1 92 48 3 29 4 5 547
0 14 43 13 39 13 3 548
0 111 60 36 48 61 3 549
0 102 6 21 5 36 3 550
1 77 54 41 55 44 1 551
1 39 62 40 56 39 1 552
0 133 46 73 38 92 3 553
0 120 54 44 55 41 3 554
1 114 57 38 36 15 3 555
0 138 6 44 6 13 3 556
0 23 51 55 40 66 3 557
1 40 57 18 59 17 5 558
0 73 65 28 58 35 5 559
1 37 67 37 68 39 1 560
0 43 87 3 84 4 3 561
0 3 91 36 92 24 3 562
1 3 92 31 91 34 3 563
0 141 54 15 46 15 3 564
1 102 52 56 51 53 1 565
0 88 54 57 59 54 3 566
1 25 60 26 61 28 5 567
1 117 46 62 42 73 1 568
0 129 87 94 85 93 3 569
1 88 62 40 54 42 1 570
1 96 6 53 6 49 2 571
1 130 6 39 8 76 1 572
0 38 53 49 53 45 5 573
1 112 57 46 54 54 1 574
1 111 49 57 32 36 1 575
1 32 60 18 54 18 1 576
0 66 58 18 61 16 5 577
0 53 55 80 51 80 3 578
0 9 87 3 85 4 3 579
0 102 51 52 49 53 3 580
0 38 65 74 70 72 3 581
1 14 62 17 52 19 1 582
0 80 45 23 8 25 3 583
1 39 54 38 55 44 1 584
0 105 64 49 62 50 3 585
1 51 70 6 77 4 1 586
1 14 56 41 61 41 2 587
0 134 36 13 41 13 3 588
1 48 92 30 90 41 1 589
0 90 53 22 59 13 5 590
0 68 67 37 63 46 6 591
1 53 56 33 56 44 1 592
1 27 58 76 56 78 1 593
0 105 71 38 69 45 3 594
0 53 49 11 41 13 3 595
0 87 31 48 32 52 3 596
0 78 50 48 57 34 3 597
0 81 51 2 47 2 3 598
0 66 52 19 28 16 3 599
1 54 64 43 70 31 1 600
1 0 29 52 32 47 1 601
1 141 57 37 56 43 2 602
0 38 57 29 49 36 3 603
1 24 69 35 74 29 1 604
0 88 33 47 31 42 3 605
1 107 56 74 52 76 3 606
0 35 91 44 88 55 3 607
0 117 52 54 50 48 3 608
1 123 47 31 48 29 2 609
1 95 53 57 55 66 2 610
1 115 47 20 50 18 1 611
0 75 6 46 5 39 3 612
0 112 47 23 42 22 3 613
1 24 49 78 54 75 1 614
0 102 50 41 49 43 3 615
0 117 45 64 39 53 3 616
0 23 51 48 47 59 3 617
0 93 56 28 53 41 3 618
0 74 48 20 49 18 3 619
0 101 79 6 81 4 3 620
0 128 44 11 42 12 3 621
1 115 31 49 31 52 1 622
1 66 52 44 50 40 1 623
0 50 55 80 53 81 3 624
0 89 55 42 57 39 3 625
0 136 6 68 6 63 3 626
0 61 6 66 5 69 3 627
1 46 53 18 49 19 1 628
0 57 98 18 98 14 3 629
1 27 6 31 6 34 2 630
0 39 49 36 54 38 6 631
0 91 60 38 58 42 5 632
1 109 37 15 33 16 1 633
0 65 52 31 44 41 3 634
0 124 58 2 55 2 3 635
1 126 54 75 57 75 1 636
1 82 56 44 54 48 1 637
0 73 62 37 57 47 3 638
0 74 55 80 51 80 3 639
1 52 71 39 53 32 1 640
1 106 6 32 6 40 1 641
1 38 52 46 53 37 1 642
1 83 51 80 43 79 4 643
1 86 48 58 53 42 2 644
0 143 51 31 49 33 3 645
1 48 35 13 18 17 1 646
1 70 49 44 47 57 2 647
0 104 68 39 67 41 3 648
1 41 79 5 83 4 1 649
0 98 43 42 41 48 3 650
1 117 66 30 60 34 6 651
0 73 57 48 52 57 3 652
1 119 44 51 23 19 1 653
1 126 49 55 52 57 1 654
0 37 6 54 6 42 3 655
1 79 39 47 45 49 5 656
1 71 51 46 56 39 1 657
1 20 66 94 64 96 1 658
1 125 60 45 59 48 2 659
1 58 68 72 69 69 1 660
0 8 61 1 71 1 3 661
1 33 59 23 59 10 1 662
0 107 45 51 42 61 5 663
0 4 71 38 68 44 3 664
1 43 98 22 98 18 1 665
1 19 53 43 52 47 2 666
0 14 63 17 57 17 3 667
0 24 69 30 68 39 3 668
1 102 49 60 50 53 2 669
1 87 88 94 82 93 3 670
0 129 48 45 48 51 6 671
0 32 32 49 31 39 3 672
1 115 98 23 98 18 5 673
0 129 61 29 52 25 3 674
0 92 59 74 60 72 3 675
1 18 68 34 64 22 1 676
1 70 86 95 82 94 2 677
1 57 98 20 98 29 5 678
1 68 43 62 45 64 2 679
0 120 58 57 44 46 3 680
0 139 91 28 92 31 6 681
1 111 50 50 49 53 1 682
0 97 50 19 44 20 3 683
0 73 55 47 58 39 3 684
1 29 60 42 57 39 3 685
1 4 60 25 60 30 1 686
0 5 31 52 31 45 3 687
0 36 50 16 47 15 3 688
1 15 58 2 65 1 1 689
0 141 60 36 61 31 3 690
1 101 75 6 79 6 1 691
0 126 6 56 7 44 3 692
1 112 54 27 59 26 2 693
0 75 81 2 86 4 3 694
1 128 82 3 87 4 1 695
0 117 55 42 53 45 4 696
0 60 53 63 54 66 3 697
0 46 48 79 55 74 3 698
0 31 48 47 47 49 3 699
0 29 55 41 54 43 3 700
1 49 60 29 55 27 1 701
0 68 54 57 51 46 3 702
0 43 61 28 63 19 3 703
0 10 42 32 45 33 3 704
1 86 6 49 5 65 3 705
0 14 60 38 62 36 3 706
1 30 51 19 49 20 1 707
1 54 5 66 6 64 1 708
1 60 6 68 5 66 1 709
1 41 54 54 51 59 1 710
1 36 42 58 47 50 1 711
1 86 59 77 49 52 3 712
1 105 58 46 50 63 2 713
0 32 64 32 63 36 3 714
1 86 6 66 5 68 2 715
1 23 98 20 98 25 3 716
0 84 50 50 49 53 3 717
1 13 51 80 54 80 3 718
1 32 71 39 73 30 2 719
1 128 55 40 50 49 1 720
1 60 58 57 54 66 1 721
1 138 58 18 55 20 2 722
1 7 55 15 60 15 1 723
1 68 54 52 52 55 2 724
1 5 46 20 49 21 1 725
1 48 27 54 32 42 2 726
0 65 62 36 58 31 3 727
1 125 68 38 61 58 1 728
0 12 6 39 6 61 3 729
0 29 52 30 50 29 3 730
0 64 58 25 55 30 3 731
0 8 58 26 60 28 3 732
1 7 30 56 30 53 1 733
1 98 45 46 49 49 5 734
1 90 98 16 98 19 2 735
0 5 52 29 42 22 3 736
0 134 53 44 52 46 3 737
1 141 31 44 32 46 1 738
1 120 69 39 68 33 1 739
1 37 53 25 61 29 4 740
1 108 57 27 62 37 6 741
1 51 29 53 28 42 2 742
1 118 48 46 47 50 1 743
1 70 53 18 50 20 1 744
0 59 92 23 91 25 3 745
1 2 58 53 61 49 1 746
0 23 59 77 15 76 3 747
0 138 46 34 44 52 3 748
0 36 52 40 52 45 3 749
1 134 65 74 71 71 1 750
0 98 60 45 57 32 3 751
1 11 58 70 57 75 6 752
0 48 57 39 58 33 3 753
1 121 40 35 41 30 5 754
1 80 30 43 30 36 1 755
0 126 45 30 43 29 3 756
0 38 36 28 42 39 5 757
0 130 52 63 54 69 3 758
1 118 60 16 52 19 5 759
1 15 80 5 83 4 2 760
0 73 59 36 58 38 3 761
1 92 49 3 40 4 2 762
0 26 3 96 1 95 3 763
0 87 54 61 54 56 3 764
1 61 58 39 50 43 1 765
0 137 33 49 27 58 3 766
0 51 57 75 48 80 3 767
1 16 65 39 63 41 1 768
0 132 57 40 51 31 3 769
1 91 60 40 56 69 1 770
0 133 50 32 45 45 3 771
1 76 49 20 41 20 1 772
0 117 68 36 63 45 3 773
1 22 52 19 50 20 1 774
1 52 67 33 68 37 1 775
1 105 57 16 62 18 3 776
1 112 54 38 52 41 1 777
1 4 55 23 50 28 1 778
0 115 98 11 98 21 3 779
1 44 63 49 35 16 2 780
0 135 49 40 41 70 3 781
1 5 58 48 52 43 2 782
0 48 28 49 30 46 3 783
1 49 68 43 66 39 1 784
1 24 50 43 54 38 1 785
1 72 64 23 64 28 3 786
1 41 48 68 45 65 1 787
0 84 60 1 62 2 3 788
0 27 59 37 60 33 3 789
0 143 42 70 44 64 3 790
1 108 42 3 45 2 1 791
0 139 47 49 46 54 3 792
0 63 29 64 28 60 3 793
0 62 53 69 49 66 3 794
0 84 47 44 46 50 3 795
1 86 54 49 50 49 1 796
0 102 62 2 76 3 3 797
1 143 37 49 35 51 6 798
1 133 88 94 83 93 1 799
1 8 55 37 54 32 1 800
0 49 56 40 57 38 3 801
0 86 67 78 69 76 3 802
1 133 60 25 55 31 2 803
0 48 58 39 54 43 3 804
0 19 50 51 56 39 3 805
1 15 6 52 6 59 3 806
1 48 92 29 91 34 6 807
1 139 6 29 6 25 3 808
0 143 59 15 60 18 3 809
1 101 63 43 36 15 1 810
1 4 56 43 63 40 1 811
1 78 91 36 89 30 6 812
1 96 32 43 33 45 2 813
0 76 65 33 68 27 3 814
1 8 54 42 60 33 2 815
1 24 48 53 55 48 5 816
1 104 53 41 55 47 1 817
0 27 63 16 61 17 3 818
1 117 67 41 50 46 1 819
0 73 44 53 46 49 3 820
1 24 58 47 49 60 2 821
0 25 57 60 56 44 3 822
0 52 37 22 37 28 5 823
0 17 48 4 50 3 5 824
0 27 5 64 6 66 3 825
0 127 61 2 67 1 3 826
0 115 29 32 50 50 3 827
0 137 31 56 32 52 3 828
0 19 67 43 61 54 3 829
1 93 62 1 55 2 1 830
0 32 31 46 31 40 3 831
1 129 5 66 5 69 1 832
0 29 56 39 60 32 5 833
0 112 45 50 46 57 3 834
0 96 36 13 41 12 3 835
0 124 66 38 90 28 3 836
0 43 32 15 53 18 3 837
1 12 61 28 63 21 1 838
1 143 53 31 46 45 5 839
1 141 52 40 54 44 1 840
0 130 39 58 70 63 3 841
0 39 64 32 63 30 5 842
1 92 67 35 62 56 5 843
0 54 91 22 90 26 3 844
1 69 53 1 42 2 1 845
1 35 43 4 46 4 1 846
1 57 41 5 38 5 1 847
1 92 60 16 58 18 1 848
1 81 63 17 64 13 1 849
1 121 37 39 32 61 1 850
1 80 46 82 29 77 1 851
1 46 55 40 51 30 2 852
0 124 91 20 91 35 3 853
1 98 54 18 57 32 1 854
0 131 38 3 48 3 4 855
1 66 36 42 37 39 1 856
0 127 46 50 47 47 3 857
1 105 67 50 60 55 1 858
1 84 98 20 98 13 1 859
1 97 57 76 63 69 1 860
1 133 55 34 56 39 1 861
1 39 49 26 53 33 1 862
0 65 6 31 6 34 3 863
1 137 53 37 43 37 1 864
1 126 48 3 44 3 1 865
1 8 56 35 58 33 1 866
0 14 44 31 35 27 3 867
0 94 32 49 33 51 3 868
1 118 6 47 6 54 1 869
1 47 60 20 54 34 2 870
1 13 6 65 5 69 6 871
0 127 70 42 69 38 3 872
0 15 6 64 5 66 3 873
0 18 58 46 52 40 3 874
1 81 48 21 39 18 2 875
1 72 98 15 98 11 2 876
0 103 59 24 56 29 6 877
1 87 43 64 28 91 1 878
1 129 39 14 35 14 1 879
0 115 43 61 46 59 3 880
1 12 65 92 68 93 1 881
0 21 69 34 78 32 3 882
1 96 52 55 48 64 1 883
1 45 36 4 34 5 1 884
0 19 52 21 54 20 3 885
0 108 63 80 67 79 3 886
1 127 6 60 6 50 1 887
1 109 54 53 53 56 1 888
1 93 40 22 45 35 1 889
1 133 70 37 69 39 1 890
0 93 42 35 39 37 3 891
0 125 98 20 98 23 3 892
0 34 91 34 91 41 3 893
1 137 33 44 29 54 1 894
0 4 50 47 53 55 3 895
0 52 65 23 65 43 3 896
1 129 62 18 63 23 2 897
1 92 68 39 73 36 5 898
0 16 67 38 61 48 3 899
0 40 62 32 56 39 6 900
0 47 6 46 5 64 3 901
0 52 55 43 45 63 3 902
0 89 68 77 72 70 3 903
0 92 33 51 31 57 3 904
1 6 5 42 5 50 1 905
1 85 48 20 49 18 1 906
0 83 28 55 27 50 3 907
1 128 58 33 55 28 2 908
0 118 37 51 43 13 3 909
0 13 6 61 6 56 3 910
0 70 56 49 56 40 3 911
1 27 51 20 50 18 3 912
1 71 86 2 81 2 1 913
0 43 64 29 60 37 3 914
0 52 41 36 40 38 3 915
1 112 54 29 43 21 3 916
0 115 18 2 27 3 3 917
0 89 53 50 56 42 3 918
1 111 54 38 53 42 1 919
0 2 55 80 52 80 3 920
0 113 61 30 67 26 3 921
0 112 33 50 31 49 3 922
0 96 59 30 54 34 3 923
0 17 69 33 69 37 3 924
0 93 43 61 53 50 3 925
0 116 6 52 6 48 3 926
1 88 58 24 64 28 1 927
1 87 58 18 65 16 2 928
0 139 58 1 61 1 5 929
1 80 60 41 51 51 1 930
1 88 79 6 81 4 1 931
1 140 62 35 57 28 1 932
0 123 59 26 49 27 3 933
1 25 54 16 56 24 3 934
1 2 54 43 50 47 1 935
0 111 67 44 65 53 3 936
1 9 53 43 53 47 5 937
0 13 52 51 56 41 3 938
1 141 60 34 44 33 2 939
1 61 42 36 42 32 2 940
1 9 43 50 53 47 1 941
0 2 65 51 64 18 3 942
1 7 54 55 56 53 1 943
0 66 87 3 85 5 3 944
1 53 42 56 32 55 2 945
0 133 43 64 42 71 3 946
1 128 55 24 50 28 4 947
0 48 5 50 6 45 3 948
1 87 57 46 61 42 4 949
0 11 53 40 52 52 3 950
1 116 58 46 60 35 1 951
1 28 70 42 64 45 1 952
1 20 49 55 52 50 4 953
0 121 56 55 57 48 3 954
1 141 47 73 53 59 1 955
0 117 64 36 53 48 3 956
0 91 54 43 59 44 3 957
1 92 59 26 56 31 2 958
0 81 5 68 5 60 3 959
1 74 43 2 49 2 1 960
1 79 69 40 68 33 3 961
0 64 40 14 36 13 3 962
0 32 70 6 62 2 3 963
0 128 46 47 43 50 3 964
0 43 44 60 98 37 3 965
1 106 61 1 65 1 4 966
0 51 32 45 31 49 3 967
1 14 48 52 52 50 1 968
1 106 59 40 51 46 1 969
1 68 54 52 50 48 2 970
0 107 42 34 46 27 3 971
0 25 59 26 58 32 5 972
0 72 52 46 52 50 3 973
1 81 50 32 46 31 5 974
1 46 31 56 30 53 1 975
1 25 55 33 59 26 2 976
0 102 52 60 56 51 5 977
1 133 50 47 52 38 3 978
1 130 56 46 48 36 5 979
0 90 45 48 46 46 3 980
1 39 42 56 45 52 1 981
1 119 70 37 67 40 3 982
0 0 51 40 54 54 3 983
1 54 4 75 5 71 2 984
1 65 59 54 59 47 6 985
0 92 72 37 62 28 3 986
0 84 57 45 58 54 3 987
1 44 73 68 70 69 2 988
1 89 73 68 68 72 1 989
1 47 32 13 30 10 2 990
1 100 37 13 43 11 1 991
1 137 42 2 46 3 1 992
0 140 46 3 44 4 3 993
0 135 88 92 86 93 3 994
0 77 51 28 49 31 3 995
0 53 54 38 54 43 6 996
1 139 65 1 47 3 5 997
1 48 91 36 91 39 2 998
1 57 71 65 65 67 2 999
0 116 70 6 74 8 3 1000
0 126 6 47 6 43 3 1001
1 4 55 23 47 30 1 1002
1 133 80 6 82 5 1 1003
1 55 65 95 64 91 1 1004
1 117 57 29 53 33 3 1005
0 57 45 45 46 54 3 1006
0 29 56 42 55 44 3 1007
0 58 91 40 90 46 3 1008
0 115 87 92 87 95 4 1009
0 74 63 33 64 36 3 1010
1 57 45 3 25 2 1 1011
1 132 48 4 45 3 2 1012
1 56 31 46 32 50 3 1013
0 130 60 43 56 52 5 1014
0 56 45 45 50 36 5 1015
1 110 46 43 46 56 1 1016
0 59 66 41 56 44 5 1017
0 82 48 44 30 45 3 1018
0 53 59 31 58 24 3 1019
0 50 53 24 40 29 3 1020
1 133 63 45 60 53 1 1021
0 102 46 20 48 19 3 1022
1 103 59 24 57 29 1 1023
1 143 1 95 3 96 2 1024
1 120 16 2 43 4 3 1025
1 5 58 53 56 51 1 1026
0 12 71 72 69 74 3 1027
1 78 92 29 91 39 4 1028
1 93 60 1 63 1 1 1029
0 60 98 22 98 19 3 1030
1 39 68 39 78 15 6 1031
1 49 5 40 5 47 2 1032
0 9 54 28 53 50 3 1033
0 53 56 43 56 50 3 1034
0 117 62 42 54 55 3 1035
0 88 92 30 91 33 4 1036
0 51 59 28 50 28 3 1037
1 126 65 94 67 92 2 1038
0 112 60 35 16 20 5 1039
1 40 5 69 6 63 1 1040
1 121 6 35 6 32 1 1041
0 18 59 54 51 62 4 1042
0 80 32 44 29 51 3 1043
1 28 67 44 63 49 1 1044
0 4 52 42 48 58 3 1045
1 120 53 48 50 48 1 1046
0 0 57 34 56 46 3 1047
1 21 48 35 61 36 1 1048
0 16 59 30 55 27 3 1049
0 97 50 36 50 62 3 1050
0 134 73 5 78 6 3 1051
0 78 92 18 92 21 5 1052
0 109 6 54 6 64 3 1053
1 135 43 32 43 35 1 1054
1 19 49 19 45 20 3 1055
1 83 13 23 47 57 1 1056
0 25 69 73 68 76 3 1057
0 94 30 41 30 36 3 1058
0 97 58 59 57 54 3 1059
1 124 55 80 48 80 1 1060
1 0 59 43 50 37 5 1061
1 93 65 1 61 2 1 1062
0 114 51 43 52 40 3 1063
0 34 22 37 19 34 3 1064
0 129 52 34 46 17 3 1065
0 32 26 51 24 53 3 1066
1 47 70 41 68 40 1 1067
1 66 57 27 56 31 2 1068
0 44 55 80 50 80 3 1069
1 123 85 5 87 3 1 1070
0 115 87 91 88 93 3 1071
0 98 44 57 32 56 3 1072
1 85 91 41 92 27 4 1073
0 102 64 51 49 45 3 1074
1 89 6 27 5 25 1 1075
0 20 61 37 59 36 3 1076
0 104 42 39 38 41 3 1077
1 118 62 17 59 17 6 1078
0 88 50 2 46 2 3 1079
1 45 62 32 59 33 3 1080
1 14 50 50 53 43 1 1081
1 14 60 17 58 18 1 1082
1 55 87 4 86 2 2 1083
1 125 67 37 69 39 1 1084
1 20 69 38 64 45 1 1085
1 106 5 63 6 55 2 1086
1 0 50 54 57 44 1 1087
0 2 50 48 33 48 3 1088
0 86 58 1 47 1 3 1089
0 49 44 63 46 55 3 1090
1 119 46 4 49 4 1 1091
1 136 58 33 44 40 1 1092
1 76 6 54 6 50 1 1093
1 17 58 37 61 37 1 1094
1 54 59 45 62 46 1 1095
0 66 6 47 6 52 3 1096
0 60 58 44 56 39 3 1097
0 81 50 19 48 17 5 1098
1 98 52 16 57 18 1 1099
0 138 69 40 61 41 3 1100
1 20 98 22 98 10 2 1101
1 14 60 30 56 27 5 1102
0 22 54 43 56 40 3 1103
0 136 57 38 56 34 3 1104
1 33 42 12 35 14 4 1105
1 51 60 18 56 16 1 1106
1 123 51 48 50 31 1 1107
0 56 70 72 71 74 3 1108
1 27 47 50 48 56 2 1109
1 102 51 17 48 18 1 1110
0 0 55 40 61 33 3 1111
0 109 6 32 6 43 3 1112
1 63 66 43 69 44 2 1113
1 128 39 14 37 13 2 1114
0 120 54 35 53 37 3 1115
0 50 59 26 47 28 3 1116
1 92 58 19 58 13 1 1117
1 7 36 3 45 3 3 1118
0 96 63 52 63 46 5 1119
1 136 6 42 6 17 2 1120
0 74 54 43 54 40 3 1121
1 26 78 6 80 5 2 1122
0 38 50 36 55 30 3 1123
0 78 75 6 77 3 6 1124
0 131 50 43 57 39 3 1125
1 82 56 43 53 45 1 1126
1 33 92 36 92 30 1 1127
0 27 53 19 45 19 3 1128
1 18 54 44 52 40 1 1129
1 53 56 44 53 41 1 1130
1 96 33 44 34 40 1 1131
1 117 70 72 68 74 1 1132
0 52 59 38 63 49 3 1133
0 7 61 30 55 22 3 1134
0 126 98 17 98 22 3 1135
0 52 67 41 65 44 3 1136
0 35 52 26 51 31 3 1137
1 42 71 37 70 34 1 1138
0 58 59 36 53 44 3 1139
1 135 59 74 54 79 4 1140
0 19 46 51 43 56 3 1141
0 121 59 36 46 40 3 1142
0 140 52 29 44 38 3 1143
0 66 69 35 64 46 3 1144
0 46 54 77 60 77 3 1145
0 36 52 77 51 82 3 1146
0 129 88 93 86 94 4 1147
1 52 55 42 59 42 5 1148
0 137 29 53 33 45 6 1149
0 73 49 47 66 8 3 1150
1 117 56 33 50 46 4 1151
0 92 52 16 49 17 6 1152
1 128 77 6 74 6 2 1153
0 20 66 44 62 55 3 1154
1 52 68 42 52 36 1 1155
1 73 67 42 69 38 1 1156
1 104 59 36 49 51 2 1157
0 135 5 43 5 37 3 1158
0 139 92 26 92 31 3 1159
0 14 59 45 57 48 5 1160
0 57 71 68 69 65 3 1161
1 131 6 52 4 57 1 1162
0 13 5 71 2 73 6 1163
0 76 68 70 63 76 3 1164
1 119 56 20 58 13 4 1165
0 82 73 66 68 76 6 1166
0 124 91 35 92 27 3 1167
0 104 56 40 50 39 3 1168
1 27 56 18 61 19 2 1169
1 88 54 62 56 61 6 1170
0 132 41 3 46 1 3 1171
0 57 55 40 61 35 3 1172
0 70 47 49 47 41 3 1173
0 0 67 78 68 73 3 1174
1 117 55 46 56 42 1 1175
1 135 51 48 48 55 1 1176
1 128 29 61 29 52 1 1177
1 48 35 40 32 46 1 1178
0 46 58 1 62 1 3 1179
0 135 53 48 47 54 5 1180
0 119 58 37 57 39 3 1181
1 41 6 68 6 63 1 1182
0 47 50 18 45 21 3 1183
0 84 47 44 49 52 3 1184
1 44 69 41 63 54 1 1185
1 27 46 54 29 46 1 1186
0 21 59 48 62 42 3 1187
0 143 62 41 62 47 3 1188
0 68 34 46 32 42 3 1189
0 130 46 15 46 18 5 1190
0 92 59 17 56 18 3 1191
1 88 60 38 57 37 4 1192
0 83 55 29 55 26 5 1193
1 29 69 42 65 44 1 1194
0 46 60 1 55 1 5 1195
0 110 53 46 52 44 3 1196
0 86 45 54 44 66 4 1197
0 18 91 18 90 26 3 1198
0 105 69 37 66 31 5 1199
0 141 59 31 56 29 3 1200
0 61 63 22 54 40 3 1201
1 93 63 43 69 42 1 1202
1 143 28 48 27 50 1 1203
0 25 71 72 71 69 3 1204
0 3 87 48 87 56 3 1205
1 77 41 34 38 39 1 1206
0 87 49 33 36 27 3 1207
0 119 60 50 57 46 3 1208
0 134 55 48 57 45 3 1209
1 82 47 59 50 58 1 1210
0 122 31 50 29 54 3 1211
0 27 6 56 6 52 3 1212
0 82 88 31 88 35 3 1213
1 62 50 35 48 23 2 1214
0 102 57 46 65 29 3 1215
1 14 48 78 57 72 2 1216
1 88 56 18 62 19 1 1217
1 68 92 31 92 35 1 1218
0 14 91 28 92 19 3 1219
0 45 6 33 5 26 3 1220
0 1 65 94 60 94 3 1221
1 10 60 30 63 33 1 1222
1 106 47 55 47 50 4 1223
1 12 59 26 63 24 2 1224
0 140 6 30 6 34 3 1225
1 111 53 42 51 59 2 1226
1 134 43 35 24 40 1 1227
0 9 55 42 54 39 3 1228
1 78 46 43 48 41 2 1229
0 65 52 52 60 41 3 1230
1 114 51 18 47 22 1 1231
1 91 47 49 45 48 1 1232
1 131 53 28 49 34 2 1233
0 102 45 44 51 48 3 1234
0 52 67 41 62 40 3 1235
1 72 31 49 30 52 2 1236
0 132 85 4 88 4 3 1237
0 136 46 2 28 2 3 1238
1 128 47 24 52 21 1 1239
1 80 3 31 9 33 1 1240
0 105 53 54 49 56 3 1241
1 119 58 32 54 31 1 1242
0 37 46 20 43 23 3 1243
1 131 68 32 67 38 1 1244
0 45 42 3 32 4 3 1245
0 143 48 19 51 19 5 1246
1 127 66 79 67 74 1 1247
1 53 51 40 48 40 1 1248
1 122 16 2 43 3 1 1249
1 45 6 32 5 38 2 1250
0 95 42 3 39 3 3 1251
1 113 66 75 65 66 1 1252
1 38 46 15 52 14 2 1253
0 9 69 68 72 70 3 1254
1 78 49 50 55 52 1 1255
1 51 70 75 68 74 1 1256
1 89 54 43 52 49 3 1257
1 101 62 39 62 35 1 1258
1 140 35 16 51 99 1 1259
1 103 5 28 6 43 1 1260
1 81 5 70 4 75 1 1261
0 44 61 24 60 27 3 1262
0 143 40 5 46 3 3 1263
1 43 98 17 98 29 1 1264
0 114 43 34 41 20 3 1265
0 60 42 23 36 24 3 1266
1 49 80 6 83 5 1 1267
0 100 91 33 91 29 3 1268
0 125 33 50 29 55 3 1269
1 116 60 43 45 36 1 1270
1 63 67 35 65 40 1 1271
1 72 67 91 65 92 6 1272
1 107 59 37 30 15 3 1273
0 32 29 51 30 43 3 1274
1 65 55 80 52 80 1 1275
0 112 59 71 55 77 3 1276
0 112 28 48 30 46 3 1277
0 57 43 4 42 2 3 1278
1 73 60 32 61 37 6 1279
0 32 42 13 39 14 3 1280
0 87 92 27 92 30 3 1281
1 63 60 25 55 26 1 1282
0 68 55 41 50 36 3 1283
0 38 61 27 59 25 3 1284
0 101 55 77 57 75 3 1285
1 97 30 47 30 44 1 1286
1 133 52 51 49 49 1 1287
0 13 43 12 40 13 3 1288
1 21 48 21 46 22 4 1289
1 5 57 37 53 46 1 1290
1 139 64 1 57 1 1 1291
1 40 48 3 44 4 1 1292
0 70 58 1 54 2 3 1293
0 128 53 49 51 50 3 1294
0 72 68 39 64 31 3 1295
1 2 69 37 66 50 2 1296
1 21 50 52 52 36 1 1297
0 132 6 37 6 29 3 1298
1 32 61 43 54 54 5 1299
1 53 52 32 57 27 1 1300
0 105 68 40 73 29 3 1301
0 93 5 40 6 32 6 1302
1 130 54 49 51 48 3 1303
1 123 33 44 30 60 1 1304
1 141 53 34 56 26 1 1305
1 138 49 18 50 20 2 1306
0 141 58 34 59 38 3 1307
0 116 6 55 6 60 3 1308
0 34 57 71 60 76 3 1309
1 79 69 45 68 40 2 1310
1 76 45 57 46 59 2 1311
0 138 43 47 40 44 3 1312
1 122 88 94 85 93 3 1313
1 38 53 32 55 30 1 1314
1 0 68 40 64 26 3 1315
1 75 69 38 70 36 1 1316
1 92 67 42 66 38 3 1317
0 1 64 93 62 92 3 1318
1 143 60 74 59 71 2 1319
0 93 6 33 5 23 3 1320
0 27 5 46 6 36 5 1321
0 50 47 23 42 22 3 1322
0 133 49 57 46 60 4 1323
0 31 55 45 53 44 3 1324
0 24 54 80 42 81 3 1325
0 0 50 53 48 54 3 1326
1 74 38 48 40 46 2 1327
0 102 47 64 53 51 3 1328
0 61 45 4 39 3 3 1329
1 123 60 45 58 54 1 1330
1 23 50 49 52 58 1 1331
1 26 55 44 50 47 1 1332
0 139 48 20 45 21 3 1333
0 98 54 36 52 32 3 1334
0 110 60 74 56 76 3 1335
0 40 57 40 60 38 3 1336
0 45 6 53 7 45 3 1337
1 60 1 95 2 97 4 1338
0 120 59 54 60 47 3 1339
1 40 49 61 56 38 1 1340
0 91 50 48 54 45 3 1341
0 34 61 30 62 35 3 1342
1 83 68 41 65 46 1 1343
0 10 63 48 67 50 3 1344
0 32 34 39 25 60 3 1345
0 41 54 53 48 61 5 1346
0 45 52 19 50 21 4 1347
1 82 54 39 55 47 6 1348
1 84 46 4 48 2 2 1349
1 110 30 54 26 63 1 1350
0 26 65 45 70 44 3 1351
0 68 51 48 53 46 3 1352
0 46 58 2 61 2 3 1353
0 99 59 29 62 27 3 1354
1 46 47 20 50 18 1 1355
0 40 59 17 54 18 3 1356
0 121 36 29 41 32 3 1357
1 106 7 41 6 52 5 1358
1 107 37 27 38 29 2 1359
1 130 51 2 47 2 6 1360
1 115 46 45 46 31 1 1361
1 77 59 2 63 1 1 1362
0 140 68 73 71 72 5 1363
1 142 98 19 98 22 2 1364
1 41 49 55 30 52 1 1365
1 130 56 49 26 22 1 1366
0 13 65 44 66 48 4 1367
0 53 6 29 6 50 3 1368
0 23 44 4 40 4 3 1369
0 13 70 36 65 26 3 1370
0 34 51 46 77 35 3 1371
1 116 57 1 55 2 1 1372
1 77 56 29 59 25 1 1373
0 40 62 18 53 19 4 1374
1 48 91 29 92 24 1 1375
1 50 52 24 51 30 1 1376
0 51 59 38 61 35 3 1377
1 0 50 64 51 61 1 1378
0 17 55 34 51 38 4 1379
0 99 29 57 31 44 3 1380
0 6 72 69 70 72 3 1381
0 125 37 41 42 38 3 1382
1 58 57 19 54 18 1 1383
1 107 60 19 48 30 1 1384
1 59 67 43 50 45 1 1385
0 57 98 20 98 23 3 1386
0 122 5 69 6 66 3 1387
0 97 53 55 47 54 3 1388
0 10 43 36 38 48 6 1389
1 32 66 46 67 35 5 1390
0 9 61 29 66 27 3 1391
1 124 1 95 3 94 1 1392
1 64 35 14 40 13 6 1393
0 143 42 59 46 60 3 1394
1 115 51 57 50 49 1 1395
1 130 46 20 48 18 1 1396
0 115 52 1 64 1 3 1397
1 39 68 74 71 69 1 1398
0 116 46 20 48 19 5 1399
0 84 63 30 57 23 3 1400
0 103 29 53 32 43 3 1401
0 5 49 3 47 4 5 1402
1 54 57 30 55 29 2 1403
0 98 51 48 60 50 3 1404
1 36 28 55 29 65 1 1405
0 108 47 52 54 69 3 1406
1 112 45 41 44 43 2 1407
0 53 60 18 64 16 3 1408
0 76 6 27 6 42 3 1409
1 31 59 1 63 2 1 1410
0 84 59 74 56 76 3 1411
0 75 37 16 60 34 3 1412
0 132 57 46 54 45 3 1413
0 72 51 54 43 64 5 1414
0 66 58 50 51 63 3 1415
1 55 54 33 46 25 1 1416
1 60 55 30 58 27 4 1417
1 78 54 39 33 43 4 1418
0 87 82 6 83 4 4 1419
1 73 30 56 27 53 2 1420
1 26 6 54 6 64 1 1421
0 132 47 56 48 51 3 1422
1 48 57 42 52 54 5 1423
0 80 56 40 53 45 5 1424
0 116 55 49 56 52 3 1425
1 102 52 61 53 59 5 1426
0 64 59 26 55 32 3 1427
1 126 56 75 62 69 1 1428
0 111 52 51 55 47 3 1429
1 103 55 38 56 44 1 1430
1 115 66 93 65 95 3 1431
1 27 6 52 7 46 1 1432
0 78 58 75 57 77 3 1433
1 36 30 53 30 58 2 1434
0 131 62 19 55 18 3 1435
1 17 59 28 53 32 1 1436
1 13 65 42 64 45 5 1437
1 88 6 36 6 31 1 1438
0 29 69 75 71 74 3 1439
1 98 67 74 40 58 2 1440
1 100 98 15 98 24 1 1441
1 24 54 39 56 38 1 1442
1 33 47 44 47 54 6 1443
1 120 53 56 45 74 1 1444
0 33 92 26 90 36 3 1445
0 93 6 29 6 33 3 1446
0 133 31 49 29 53 3 1447
0 53 52 58 46 72 3 1448
1 33 92 26 92 29 1 1449
0 22 48 48 50 47 3 1450
0 19 52 21 51 18 3 1451
1 25 65 75 68 73 1 1452
0 69 6 49 6 59 3 1453
0 114 47 86 53 82 3 1454
0 56 43 12 39 12 3 1455
0 11 54 53 53 57 3 1456
1 124 92 31 92 28 1 1457
1 99 56 16 50 28 2 1458
0 88 59 52 58 55 3 1459
0 24 55 73 60 72 3 1460
1 104 49 38 55 29 1 1461
1 59 42 56 44 53 4 1462
1 86 6 42 6 57 1 1463
0 114 30 34 30 30 3 1464
1 53 53 47 48 50 1 1465
1 132 53 50 64 36 1 1466
0 43 98 20 98 24 6 1467
0 7 31 45 21 69 3 1468
0 79 66 43 63 47 3 1469
1 78 92 28 92 33 2 1470
1 7 5 66 5 62 1 1471
1 60 55 55 56 63 1 1472
0 12 68 36 64 31 3 1473
0 117 62 37 61 41 3 1474
0 9 34 41 30 43 3 1475
1 85 63 46 50 46 3 1476
0 129 86 96 82 96 4 1477
0 18 91 19 90 24 3 1478
0 100 54 44 42 52 3 1479
0 68 53 41 55 43 3 1480
1 48 32 45 26 49 1 1481
0 142 66 93 59 90 3 1482
1 126 55 47 52 42 1 1483
1 45 56 30 57 28 1 1484
0 64 31 42 30 45 3 1485
0 59 42 59 47 50 3 1486
1 139 37 13 36 15 1 1487
0 102 54 42 59 37 6 1488
0 27 58 14 52 19 3 1489
0 113 63 49 53 62 3 1490
1 136 61 31 50 43 1 1491
0 130 6 37 5 41 3 1492
1 89 53 80 50 81 1 1493
1 38 60 30 58 31 5 1494
0 88 64 35 52 44 5 1495
0 80 27 49 29 51 3 1496
0 78 78 6 81 5 3 1497
0 82 60 34 58 37 3 1498
0 56 6 32 5 11 3 1499
1 81 59 35 63 27 1 1500
1 60 53 58 55 36 1 1501
1 140 26 51 30 45 1 1502
1 96 49 68 46 58 1 1503
1 0 60 19 60 16 2 1504
0 5 57 60 58 57 3 1505
0 69 57 48 52 43 3 1506
1 1 53 49 52 45 2 1507
0 83 48 37 54 28 3 1508
0 27 7 46 6 53 3 1509
1 6 64 76 68 74 1 1510
1 111 80 6 82 5 5 1511
1 130 58 37 58 43 2 1512
1 64 86 4 83 4 1 1513
0 92 36 74 48 80 3 1514
0 37 52 51 49 53 3 1515
1 94 6 68 6 65 1 1516
0 119 68 41 60 38 5 1517
0 76 33 11 41 11 4 1518
0 106 36 15 39 21 3 1519
1 3 90 35 92 28 3 1520
0 130 52 37 53 16 3 1521
0 10 98 24 98 29 3 1522
0 106 60 39 52 22 3 1523
0 106 6 49 6 44 3 1524
0 127 61 23 51 34 3 1525
0 46 59 93 62 92 3 1526
0 45 55 27 57 31 3 1527
1 8 55 31 52 38 1 1528
0 133 88 93 86 94 3 1529
0 141 59 31 62 28 3 1530
1 111 57 42 49 39 3 1531
1 46 6 35 6 28 2 1532
0 113 98 19 98 16 3 1533
0 38 58 27 55 30 3 1534
1 126 6 44 7 46 1 1535
1 58 91 42 91 32 2 1536
1 95 12 60 46 72 1 1537
1 106 37 41 43 31 1 1538
0 85 67 44 61 33 3 1539
1 83 56 29 60 24 1 1540
0 111 54 38 57 43 3 1541
1 74 45 23 46 20 1 1542
1 18 45 90 47 86 1 1543
0 62 36 15 67 43 3 1544
1 126 45 18 34 17 4 1545
1 19 52 25 54 26 2 1546
0 2 52 77 54 76 3 1547
1 123 92 22 91 35 1 1548
0 3 62 23 62 20 3 1549
0 80 57 76 62 68 3 1550
1 98 6 48 6 43 1 1551
1 6 88 94 87 91 5 1552
0 128 33 44 31 43 3 1553
1 130 55 37 50 50 2 1554
0 28 42 60 43 58 3 1555
0 83 52 33 54 31 5 1556
1 109 26 2 49 2 5 1557
1 26 58 40 55 43 1 1558
0 115 71 21 64 19 3 1559
1 75 45 60 51 62 1 1560
0 90 55 39 52 43 3 1561
1 40 66 37 67 33 1 1562
1 117 49 67 52 53 2 1563
0 89 28 51 27 49 3 1564
1 132 60 34 56 39 6 1565
0 31 51 75 60 62 3 1566
1 33 51 56 28 25 1 1567
0 103 56 2 66 1 3 1568
1 0 69 37 68 34 1 1569
1 105 58 17 56 18 5 1570
1 66 44 31 37 41 1 1571
1 66 63 16 56 18 5 1572
0 99 56 37 48 36 3 1573
1 51 57 72 54 75 5 1574
1 24 52 61 49 71 2 1575
1 92 6 48 6 51 1 1576
1 115 53 77 51 79 1 1577
0 42 30 77 59 72 3 1578
1 143 44 59 57 47 1 1579
0 81 41 69 42 64 3 1580
0 23 49 38 59 25 5 1581
1 136 7 44 6 52 1 1582
1 108 32 53 33 50 1 1583
1 40 49 2 26 2 3 1584
0 63 57 2 62 2 3 1585
0 143 98 20 98 23 3 1586
1 23 45 4 48 4 1 1587
0 52 53 45 48 34 3 1588
0 66 53 42 50 28 3 1589
0 51 49 33 49 29 3 1590
1 79 45 27 44 36 2 1591
0 56 50 36 32 57 5 1592
0 79 86 94 85 96 3 1593
0 18 61 41 53 56 3 1594
1 123 53 41 55 39 1 1595
0 108 92 24 91 33 3 1596
0 39 67 37 66 39 3 1597
1 48 41 12 38 14 2 1598
1 49 30 54 28 55 4 1599
1 24 44 18 64 44 3 1600
0 28 6 52 6 28 3 1601
1 43 35 46 43 35 1 1602
1 92 70 31 68 39 1 1603
0 52 68 43 58 38 5 1604
1 81 30 59 30 48 2 1605
1 109 30 50 31 52 3 1606
0 63 57 49 59 47 3 1607
1 57 51 58 50 55 1 1608
1 109 54 50 47 37 2 1609
1 95 41 4 45 4 1 1610
0 43 40 46 49 52 3 1611
0 84 48 55 49 59 3 1612
0 51 29 33 32 40 3 1613
1 102 56 44 57 42 5 1614
1 23 80 5 69 6 1 1615
1 74 50 18 45 20 1 1616
1 107 60 50 53 60 1 1617
1 68 54 32 56 28 1 1618
0 90 59 27 55 34 3 1619
0 75 70 35 69 41 6 1620
1 101 55 42 46 39 1 1621
0 104 6 39 7 37 3 1622
0 5 52 75 55 66 5 1623
0 67 43 37 37 46 3 1624
0 31 62 2 65 1 3 1625
1 50 72 35 70 39 3 1626
0 38 40 11 43 12 3 1627
0 62 55 42 53 50 3 1628
0 22 31 58 30 61 3 1629
0 106 83 4 80 6 6 1630
1 10 48 4 45 4 1 1631
0 82 58 1 62 1 3 1632
1 66 52 26 50 31 1 1633
1 53 57 25 48 37 5 1634
1 90 59 30 63 20 3 1635
0 137 63 33 63 28 3 1636
0 42 69 36 68 40 3 1637
1 121 59 22 59 25 2 1638
0 30 71 39 59 29 3 1639
0 56 50 81 53 80 3 1640
1 76 67 39 60 62 1 1641
1 46 52 77 55 77 3 1642
0 106 82 4 79 5 3 1643
0 100 98 22 98 19 3 1644
0 6 52 72 53 58 4 1645
0 72 47 47 23 19 4 1646
0 39 52 46 49 49 5 1647
1 109 57 34 50 49 1 1648
0 130 55 43 61 39 3 1649
1 111 47 47 27 24 1 1650
1 140 46 60 44 66 2 1651
1 20 52 53 54 52 1 1652
1 101 65 15 54 19 1 1653
1 25 32 56 32 52 1 1654
0 18 90 37 90 40 3 1655
0 27 6 55 6 51 3 1656
1 82 47 21 50 18 2 1657
1 71 57 77 62 69 1 1658
0 90 87 4 83 3 3 1659
0 108 61 32 30 14 3 1660
1 53 57 17 34 19 2 1661
1 19 74 67 64 75 5 1662
1 87 65 76 69 76 1 1663
0 46 64 75 70 73 3 1664
0 96 32 46 27 55 3 1665
1 13 56 18 58 19 1 1666
1 41 53 55 64 47 2 1667
0 79 42 35 37 39 3 1668
1 24 6 56 7 53 3 1669
1 79 58 15 51 14 1 1670
1 52 74 30 69 38 4 1671
1 108 31 49 24 53 2 1672
0 39 52 47 43 43 3 1673
0 41 77 6 81 4 3 1674
0 26 52 37 48 37 6 1675
0 61 53 42 43 46 3 1676
0 4 55 44 58 36 3 1677
1 16 72 71 67 72 1 1678
1 10 61 41 61 46 1 1679
1 141 48 52 52 54 2 1680
1 16 44 51 48 53 1 1681
0 66 51 32 48 34 3 1682
1 54 59 41 60 33 1 1683
0 21 55 26 55 22 3 1684
0 72 51 36 41 69 3 1685
0 134 78 6 82 5 3 1686
0 109 29 3 34 3 3 1687
0 54 62 41 60 45 3 1688
0 77 62 1 65 1 3 1689
0 117 39 46 44 36 3 1690
1 33 91 40 92 29 1 1691
0 130 14 1 48 2 5 1692
1 60 48 21 44 20 2 1693
1 131 58 19 46 18 4 1694
0 108 29 53 33 41 3 1695
0 91 67 45 65 44 6 1696
0 66 72 38 69 36 5 1697
0 104 69 42 64 46 6 1698
0 66 47 41 48 49 3 1699
0 40 5 68 4 79 5 1700
1 25 46 31 40 29 1 1701
1 109 59 48 28 23 1 1702
1 10 61 32 57 11 6 1703
0 54 98 16 98 19 3 1704
0 16 61 42 59 43 3 1705
0 13 70 36 69 38 3 1706
1 11 50 78 30 78 3 1707
1 59 56 34 58 35 2 1708
1 112 40 12 44 11 1 1709
0 124 91 35 91 32 5 1710
0 15 6 62 6 44 3 1711
1 26 36 47 38 46 1 1712
0 41 45 71 42 70 3 1713
1 54 65 44 69 37 2 1714
1 79 42 41 42 34 2 1715
0 40 57 17 64 16 3 1716
0 103 52 77 55 71 3 1717
0 114 64 45 69 37 3 1718
1 121 54 38 55 30 1 1719
1 36 58 42 54 39 2 1720
1 128 19 13 21 14 1 1721
0 55 66 46 37 15 3 1722
0 53 50 63 49 67 3 1723
1 5 53 34 58 45 1 1724
0 38 55 44 44 53 6 1725
0 0 53 58 44 66 3 1726
0 4 68 36 47 36 3 1727
0 53 59 23 56 21 3 1728
1 38 55 43 41 48 1 1729
1 7 48 41 49 34 1 1730
0 43 57 37 54 54 3 1731
1 90 56 41 33 43 4 1732
1 48 32 16 41 13 2 1733
0 87 48 56 50 53 5 1734
0 113 66 31 68 34 3 1735
1 73 60 35 57 37 2 1736
0 96 53 51 48 51 3 1737
1 119 70 43 68 39 1 1738
0 3 61 32 61 35 3 1739
0 66 6 56 7 41 3 1740
1 86 50 32 32 26 2 1741
1 12 58 25 50 31 1 1742
1 123 50 2 28 2 1 1743
1 108 61 38 58 47 1 1744
0 96 7 46 6 64 3 1745
1 104 58 41 55 44 1 1746
1 52 61 29 58 26 1 1747
1 103 53 43 58 35 1 1748
1 67 53 41 46 67 1 1749
0 44 39 39 45 32 3 1750
0 128 57 41 55 43 3 1751
1 79 60 18 57 17 1 1752
0 34 58 75 52 76 3 1753
1 102 30 51 26 51 2 1754
0 122 32 42 16 39 3 1755
1 75 42 13 38 12 1 1756
1 126 34 18 49 18 1 1757
1 29 42 17 49 20 1 1758
1 96 45 53 24 20 2 1759
1 82 69 40 63 22 1 1760
0 68 56 31 56 28 5 1761
0 4 50 29 53 23 5 1762
0 26 51 37 56 37 3 1763
0 136 7 41 6 53 3 1764
0 21 54 31 54 34 4 1765
0 14 55 77 52 75 3 1766
0 24 57 40 52 45 3 1767
0 100 87 3 85 2 3 1768
0 8 60 24 52 31 5 1769
1 22 54 45 55 40 1 1770
0 60 76 7 79 7 6 1771
0 87 58 48 55 54 3 1772
1 138 56 40 52 55 2 1773
1 40 53 19 59 17 2 1774
0 101 54 28 52 27 3 1775
0 40 66 37 69 38 5 1776
1 11 44 3 46 2 2 1777
1 39 31 44 32 42 4 1778
1 140 65 95 62 97 1 1779
0 104 55 42 49 47 5 1780
1 86 51 48 58 42 2 1781
0 93 36 29 41 22 3 1782
1 88 92 30 92 24 3 1783
0 125 66 93 65 95 3 1784
0 121 50 29 55 25 3 1785
1 78 42 59 32 76 1 1786
1 132 51 28 60 31 6 1787
0 32 43 36 43 33 4 1788
0 54 4 67 6 65 3 1789
0 139 56 2 60 1 3 1790
0 79 70 38 68 41 6 1791
1 40 40 38 41 35 4 1792
1 65 54 49 51 49 1 1793
0 97 48 28 46 31 5 1794
1 101 67 38 63 45 1 1795
0 109 61 44 51 50 3 1796
1 96 47 45 46 43 2 1797
0 131 37 13 44 11 3 1798
1 0 28 37 33 36 1 1799
1 53 63 1 48 2 1 1800
1 39 6 40 5 34 2 1801
1 19 43 11 40 12 1 1802
1 41 62 34 64 33 1 1803
1 81 52 21 52 25 1 1804
1 6 69 75 73 66 1 1805
1 32 43 12 37 13 1 1806
1 28 28 58 31 59 1 1807
1 102 51 53 55 42 2 1808
0 134 67 44 60 63 3 1809
0 23 77 6 80 5 6 1810
0 52 65 45 63 51 3 1811
0 53 57 20 56 18 3 1812
0 13 55 48 49 52 5 1813
1 33 57 35 57 40 1 1814
1 68 98 11 98 25 1 1815
1 42 62 32 60 35 2 1816
1 119 62 40 63 33 3 1817
1 140 66 34 69 37 1 1818
0 93 87 93 85 90 5 1819
0 37 55 50 49 50 3 1820
1 74 59 47 62 45 1 1821
0 10 53 21 48 21 3 1822
0 128 52 27 49 23 5 1823
0 33 32 50 29 51 3 1824
0 53 53 75 69 68 3 1825
1 135 56 38 59 39 2 1826
0 16 64 29 42 39 3 1827
0 72 67 43 68 39 3 1828
1 52 71 35 71 39 5 1829
0 70 31 47 32 50 3 1830
0 52 63 30 68 40 4 1831
0 141 53 20 54 23 3 1832
1 92 60 15 53 19 2 1833
0 135 68 40 70 41 3 1834
0 117 57 75 54 76 3 1835
0 66 46 31 49 33 3 1836
1 94 31 42 26 54 1 1837
0 96 36 13 40 12 3 1838
1 91 49 38 58 33 1 1839
0 64 44 63 47 57 3 1840
1 56 47 57 44 63 1 1841
0 96 27 25 52 29 3 1842
0 43 63 33 60 36 3 1843
1 23 54 75 56 73 4 1844
0 46 54 41 52 44 3 1845
1 14 59 44 53 44 1 1846
1 33 61 15 55 15 2 1847
1 113 47 45 47 41 1 1848
0 31 5 62 6 66 3 1849
1 52 63 1 54 1 1 1850
1 108 6 68 5 75 5 1851
1 140 68 69 71 74 5 1852
0 40 71 69 38 58 4 1853
1 97 50 55 50 58 1 1854
1 114 30 47 26 49 1 1855
1 34 61 73 58 73 5 1856
1 121 38 57 33 61 2 1857
1 111 54 50 53 43 1 1858
1 57 98 21 98 15 6 1859
0 89 86 4 81 6 3 1860
1 121 5 67 6 69 2 1861
1 39 58 44 58 37 5 1862
0 11 48 2 52 2 3 1863
0 22 30 56 30 52 3 1864
0 111 55 43 54 46 3 1865
0 22 58 44 54 39 3 1866
1 14 44 34 40 24 1 1867
0 50 52 25 50 32 3 1868
0 107 37 13 39 12 3 1869
1 95 54 43 51 49 1 1870
0 69 45 18 16 14 3 1871
1 26 68 36 68 40 1 1872
0 91 71 39 71 14 3 1873
1 25 92 33 91 29 2 1874
1 25 60 24 56 30 1 1875
1 14 54 18 62 17 5 1876
0 76 40 11 44 11 3 1877
0 51 62 25 60 29 3 1878
1 0 68 48 62 60 3 1879
1 86 47 20 50 19 2 1880
0 107 40 37 44 35 3 1881
0 114 70 74 68 72 4 1882
1 125 54 41 55 38 5 1883
1 27 6 55 6 60 1 1884
1 132 59 35 60 33 5 1885
1 2 5 69 5 72 4 1886
1 18 62 43 62 46 1 1887
0 111 51 53 55 41 3 1888
0 48 53 59 53 68 3 1889
1 32 40 14 36 13 1 1890
0 46 49 69 45 70 3 1891
1 48 45 30 48 45 1 1892
0 12 63 35 60 34 3 1893
0 72 60 39 42 39 5 1894
1 46 62 37 61 39 6 1895
0 134 68 71 71 69 5 1896
0 50 42 61 46 54 3 1897
1 85 59 52 51 59 1 1898
0 93 71 71 76 71 3 1899
0 65 58 46 65 43 3 1900
1 35 55 26 48 31 2 1901
0 80 67 35 69 34 3 1902
1 11 63 29 63 17 1 1903
0 108 53 75 59 71 3 1904
0 128 42 11 40 12 3 1905
0 27 54 24 51 29 3 1906
0 114 70 73 66 74 6 1907
1 35 53 50 45 63 4 1908
1 48 57 34 55 36 5 1909
0 70 3 96 2 94 3 1910
0 135 41 36 43 38 3 1911
1 128 40 12 43 11 2 1912
0 111 55 26 53 27 3 1913
1 64 34 43 33 46 1 1914
0 47 62 38 66 29 3 1915
1 97 62 31 57 41 2 1916
0 126 50 61 48 66 3 1917
1 23 53 80 58 75 6 1918
0 57 98 19 98 22 3 1919
0 0 34 44 27 50 5 1920
1 139 51 48 53 47 5 1921
1 66 35 44 40 45 1 1922
1 140 70 33 68 36 1 1923
1 119 68 40 76 11 1 1924
0 139 57 31 49 38 3 1925
0 65 56 49 58 45 3 1926
0 34 56 2 63 1 3 1927
1 86 32 14 61 39 1 1928
1 129 98 16 98 21 3 1929
1 46 55 2 61 2 1 1930
0 139 62 1 65 1 3 1931
1 86 58 75 57 78 1 1932
0 66 43 36 39 47 6 1933
0 43 56 33 58 30 3 1934
0 60 49 19 46 20 3 1935
0 136 44 81 54 58 3 1936
0 74 50 27 48 29 3 1937
1 94 68 36 50 46 1 1938
1 128 46 13 49 13 1 1939
0 12 67 77 68 72 5 1940
0 110 58 54 51 62 3 1941
0 119 69 46 68 44 3 1942
0 126 48 79 50 77 6 1943
0 130 52 40 56 43 3 1944
0 35 49 18 53 24 4 1945
1 114 61 30 57 28 1 1946
0 117 37 12 43 12 3 1947
0 99 6 51 4 87 3 1948
0 29 62 38 63 22 3 1949
0 23 56 25 55 29 3 1950
0 98 70 45 69 43 3 1951
0 3 90 35 92 24 3 1952
0 52 68 35 63 31 5 1953
0 132 39 39 42 31 3 1954
1 130 53 46 54 49 5 1955
1 112 62 44 65 38 1 1956
1 93 56 18 54 19 1 1957
0 46 67 92 62 92 5 1958
0 79 45 51 47 54 3 1959
0 80 56 35 58 39 3 1960
0 86 59 65 48 74 3 1961
0 42 68 42 63 48 3 1962
1 81 6 69 6 63 1 1963
1 64 54 44 53 50 2 1964
1 25 50 59 53 55 1 1965
1 102 58 37 53 70 1 1966
1 36 51 43 46 46 1 1967
1 14 62 37 57 41 1 1968
0 84 43 55 47 52 4 1969
0 45 54 74 58 75 3 1970
0 123 85 4 87 3 6 1971
0 45 56 41 58 47 3 1972
1 77 59 26 56 38 2 1973
0 133 50 38 46 33 3 1974
0 47 55 80 52 80 3 1975
0 48 50 45 51 43 3 1976
1 67 5 69 5 57 1 1977
0 108 31 59 30 48 3 1978
1 4 48 39 54 42 1 1979
1 90 50 26 50 20 1 1980
1 132 53 32 50 27 6 1981
1 68 69 75 69 72 1 1982
0 44 64 29 62 40 3 1983
1 117 83 4 81 5 1 1984
0 133 50 56 50 50 3 1985
0 100 51 31 46 30 3 1986
1 0 61 51 67 44 5 1987
0 141 49 50 49 57 5 1988
1 91 54 50 50 54 2 1989
1 104 54 80 57 80 1 1990
1 139 78 6 70 6 5 1991
1 74 48 4 32 5 2 1992
0 140 62 36 62 33 3 1993
0 69 58 30 51 36 3 1994
0 24 68 33 66 46 3 1995
0 24 49 69 55 66 3 1996
0 33 52 2 54 1 3 1997
0 52 53 17 39 17 3 1998
0 141 49 32 51 26 3 1999
