1 28 61 22 62 27 1 0
1 52 31 48 30 46 2 1
0 92 55 72 58 75 3 2
0 34 44 48 49 59 3 3
1 93 92 30 92 35 2 4
1 82 54 49 55 43 1 5
1 102 55 46 45 62 5 6
0 16 60 33 56 43 3 7
0 39 79 6 98 4 3 8
0 96 51 59 52 55 3 9
1 134 80 7 74 6 5 10
1 77 60 1 45 1 2 11
1 55 4 28 3 26 1 12
1 129 87 93 88 91 6 13
1 32 85 93 86 95 1 14
1 118 54 18 58 19 1 15
0 87 60 50 61 45 3 16
1 78 67 31 66 28 1 17
0 77 32 44 28 54 4 18
0 13 78 6 81 6 3 19
0 105 68 40 70 37 3 20
1 59 51 49 54 47 2 21
0 136 6 51 5 78 3 22
1 67 41 43 42 37 1 23
1 76 7 31 7 49 1 24
0 39 55 42 58 37 3 25
0 134 69 46 64 47 3 26
1 33 47 19 50 19 3 27
0 28 62 38 54 44 3 28
0 65 29 61 31 52 3 29
1 117 57 46 64 28 1 30
0 6 54 64 49 77 3 31
1 17 35 13 37 14 2 32
0 25 52 35 51 45 3 33
0 69 48 44 47 31 3 34
0 32 55 50 59 37 3 35
1 33 52 49 54 46 1 36
1 132 6 67 5 65 3 37
1 87 64 76 68 72 1 38
1 62 48 36 59 31 1 39
0 120 57 37 57 27 3 40
0 98 51 45 55 41 3 41
1 110 44 45 43 48 1 42
0 23 67 43 57 39 3 43
1 26 57 43 60 41 1 44
0 142 6 49 6 52 3 45
0 5 47 47 47 12 3 46
0 88 51 64 54 53 3 47
1 128 57 29 55 31 1 48
1 17 53 27 52 23 2 49
0 37 63 43 66 41 3 50
1 5 5 72 6 70 1 51
0 93 91 36 91 33 3 52
1 122 49 48 54 51 1 53
0 105 36 11 40 13 3 54
1 116 47 2 52 2 1 55
0 77 60 37 59 35 3 56
0 43 53 46 53 50 3 57
0 50 55 25 51 29 3 58
0 37 6 31 6 28 3 59
0 63 91 31 90 38 5 60
1 113 88 94 82 93 1 61
0 101 26 25 49 26 3 62
0 87 49 55 38 90 3 63
0 5 47 20 51 20 3 64
0 9 56 47 51 48 3 65
1 14 56 20 58 19 5 66
0 5 49 78 55 78 3 67
1 13 60 43 58 36 1 68
1 101 62 47 61 51 2 69
0 87 46 62 51 63 6 70
1 95 73 67 69 73 5 71
0 141 43 57 44 53 3 72
0 49 61 32 60 34 3 73
0 123 54 30 56 28 4 74
1 22 68 42 48 44 1 75
0 0 43 11 41 12 3 76
1 24 54 39 59 40 1 77
1 132 40 37 31 38 1 78
0 118 46 35 30 36 3 79
0 120 32 4 29 4 6 80
1 22 42 38 43 44 1 81
1 56 55 80 51 80 1 82
1 88 26 2 45 3 1 83
1 0 54 76 57 68 1 84
1 123 47 21 49 28 1 85
0 66 40 37 37 46 3 86
0 70 51 34 57 37 3 87
1 41 42 39 43 32 1 88
1 80 54 75 57 77 2 89
1 120 51 19 49 21 1 90
1 112 37 11 40 11 1 91
1 81 53 29 57 23 2 92
0 46 98 10 98 22 3 93
1 8 43 4 46 3 1 94
1 60 88 3 84 4 5 95
0 117 64 34 62 32 4 96
1 103 59 73 57 77 1 97
0 96 32 48 26 49 3 98
0 42 43 43 46 45 3 99
1 118 58 2 55 2 1 100
1 38 42 34 46 28 3 101
0 54 61 32 62 27 3 102
1 4 48 35 44 40 1 103
0 52 65 32 71 34 3 104
0 114 66 92 65 94 3 105
1 4 43 18 46 24 2 106
0 117 31 48 34 45 3 107
0 104 58 27 54 33 3 108
1 140 98 20 98 27 1 109
0 104 63 75 70 69 3 110
1 94 31 50 33 49 2 111
1 118 68 72 65 76 2 112
0 103 56 57 56 53 3 113
0 10 60 46 55 54 4 114
0 116 64 43 71 38 3 115
1 30 48 21 52 19 2 116
1 100 59 27 55 26 1 117
0 22 31 55 33 41 5 118
0 94 27 59 31 52 3 119
1 66 51 26 46 32 2 120
1 143 58 17 63 16 3 121
1 98 56 52 61 50 3 122
1 79 41 37 42 21 1 123
1 39 69 38 64 54 5 124
1 116 6 43 7 48 1 125
0 46 43 20 41 22 3 126
0 72 33 43 55 38 3 127
1 117 50 66 53 58 1 128
0 123 49 1 45 1 3 129
0 69 50 3 73 3 6 130
0 17 7 48 5 79 3 131
1 11 51 78 59 76 1 132
0 19 60 45 58 50 3 133
1 109 55 35 49 31 3 134
0 17 90 37 91 35 3 135
1 141 56 53 59 55 3 136
1 30 64 44 68 39 1 137
1 85 49 47 58 42 1 138
1 88 53 57 54 59 5 139
1 43 54 45 55 42 1 140
1 21 54 53 57 49 1 141
0 124 55 1 49 1 3 142
0 22 51 48 48 54 3 143
0 34 62 38 61 42 3 144
0 143 49 3 40 4 5 145
1 40 53 40 57 38 1 146
1 88 56 64 54 57 5 147
1 117 57 39 64 34 1 148
1 19 67 79 65 75 1 149
0 18 31 56 32 54 3 150
0 50 50 38 62 32 3 151
1 19 53 25 51 31 1 152
0 98 55 30 60 37 3 153
0 137 44 2 48 2 6 154
1 37 52 48 47 57 1 155
1 46 62 1 59 1 2 156
1 140 68 38 67 33 1 157
0 105 59 17 60 19 3 158
0 74 77 8 80 5 3 159
0 57 43 4 36 4 3 160
1 19 66 93 64 94 1 161
0 12 47 32 45 34 3 162
0 30 60 29 52 34 3 163
0 97 62 34 62 38 3 164
1 39 62 34 59 43 2 165
0 129 65 77 68 74 4 166
1 67 69 41 70 27 2 167
1 142 47 4 44 3 2 168
0 66 59 24 57 34 3 169
0 50 61 41 59 44 3 170
0 67 53 47 55 40 3 171
0 90 47 53 28 27 3 172
0 29 68 44 63 43 3 173
0 58 66 36 62 48 3 174
1 88 71 32 68 41 1 175
1 15 67 45 67 33 1 176
1 9 53 51 53 47 2 177
0 94 61 32 63 37 3 178
1 137 69 73 70 70 2 179
1 1 85 4 86 2 1 180
0 81 32 2 22 3 5 181
0 11 28 55 30 59 3 182
1 54 49 45 21 19 1 183
1 129 98 19 98 24 2 184
0 20 59 49 64 37 3 185
0 52 64 48 66 45 5 186
0 120 56 41 51 43 3 187
1 0 57 38 60 36 1 188
1 20 57 2 60 1 1 189
0 120 68 39 64 44 3 190
0 10 81 5 69 6 3 191
1 10 70 73 51 75 2 192
1 86 70 22 68 25 2 193
0 25 6 58 5 63 4 194
0 79 31 51 28 44 3 195
1 26 57 37 17 46 1 196
1 128 45 22 51 18 6 197
1 48 55 43 54 45 2 198
1 26 54 56 60 52 1 199
0 37 40 16 42 17 3 200
0 119 52 52 38 52 3 201
0 51 32 48 32 55 5 202
1 27 54 19 51 20 1 203
0 99 91 30 91 34 3 204
0 37 91 41 89 53 3 205
1 43 72 38 69 37 3 206
0 45 98 20 98 16 3 207
1 11 62 47 56 52 3 208
0 68 53 56 43 79 3 209
0 27 6 65 3 65 6 210
0 96 44 64 23 19 3 211
1 28 40 40 46 49 1 212
0 126 65 36 55 52 3 213
0 130 57 46 57 43 3 214
0 35 54 28 49 33 3 215
0 16 60 30 58 32 3 216
0 2 47 48 47 51 5 217
0 9 77 6 80 6 3 218
0 53 25 53 23 57 3 219
0 128 55 31 66 29 3 220
1 130 5 39 6 35 2 221
0 125 56 19 57 16 3 222
1 106 50 32 44 35 4 223
1 19 62 52 69 45 1 224
1 109 87 94 84 94 1 225
0 29 61 35 61 31 3 226
1 62 61 1 56 1 1 227
0 77 51 48 49 45 4 228
0 79 39 37 37 39 5 229
0 17 49 44 55 44 3 230
0 138 69 39 69 45 3 231
0 87 64 20 41 46 3 232
1 113 58 28 60 27 1 233
0 44 66 41 67 46 3 234
1 129 27 51 30 52 1 235
1 0 68 40 73 35 1 236
0 115 98 21 98 17 3 237
0 57 88 93 85 95 3 238
0 81 6 50 6 41 4 239
0 2 42 31 44 34 3 240
0 105 91 39 90 35 3 241
1 92 47 19 44 18 1 242
1 141 55 77 51 79 1 243
0 55 2 97 1 95 3 244
0 124 56 39 64 34 3 245
0 133 51 53 52 28 3 246
1 136 61 32 59 34 1 247
0 8 62 47 68 20 3 248
0 8 45 4 38 2 3 249
0 62 48 45 51 45 3 250
1 142 56 41 61 30 1 251
1 42 51 18 48 19 1 252
1 54 6 64 5 67 6 253
0 35 6 64 6 43 3 254
1 89 50 51 52 46 2 255
1 80 56 64 51 71 1 256
1 61 64 33 54 26 3 257
1 47 98 15 98 20 1 258
1 13 5 48 5 63 4 259
1 72 54 49 47 55 1 260
1 76 32 49 30 44 1 261
0 131 98 17 98 22 3 262
0 111 62 2 55 1 3 263
1 96 68 40 66 34 6 264
0 20 52 25 53 27 3 265
0 22 48 46 21 19 3 266
0 3 43 11 40 11 3 267
1 133 53 59 56 41 2 268
0 51 41 3 36 3 3 269
0 40 51 20 48 20 3 270
1 98 57 40 60 39 1 271
1 40 40 4 35 4 1 272
1 1 52 46 55 44 1 273
1 38 46 3 44 4 1 274
1 52 44 17 58 44 5 275
0 54 52 57 59 55 3 276
0 85 72 71 71 69 3 277
1 66 41 36 36 45 1 278
1 19 54 51 52 40 1 279
1 102 44 20 47 19 5 280
0 83 54 46 41 53 3 281
0 79 42 34 38 39 3 282
0 134 40 58 69 68 3 283
1 37 67 26 64 19 2 284
1 119 62 50 64 47 4 285
1 23 21 19 45 27 1 286
0 60 58 45 55 42 3 287
1 111 51 59 57 47 1 288
1 13 59 1 65 1 2 289
0 66 53 27 55 23 4 290
0 25 69 70 70 72 3 291
0 46 46 20 40 20 6 292
0 68 43 43 40 46 3 293
1 35 52 62 56 55 3 294
1 120 42 62 46 61 1 295
0 88 58 38 59 35 3 296
0 93 49 47 46 55 3 297
1 45 55 80 58 80 1 298
0 51 32 52 28 44 5 299
1 75 70 39 70 31 6 300
0 123 30 50 26 64 5 301
1 130 61 36 57 40 1 302
1 50 48 33 50 28 2 303
0 98 6 51 2 19 3 304
1 73 57 45 59 44 1 305
1 10 45 36 35 44 1 306
1 87 84 4 87 4 1 307
0 130 58 45 56 63 3 308
1 1 27 59 31 61 1 309
1 135 41 21 45 9 1 310
0 123 25 39 28 44 3 311
1 45 56 80 52 81 1 312
1 48 58 42 54 44 1 313
0 65 6 33 5 38 6 314
0 6 86 92 89 91 3 315
0 39 31 55 31 31 3 316
0 51 29 65 32 56 3 317
1 102 61 47 57 58 1 318
0 20 31 59 29 54 3 319
1 26 46 58 34 52 5 320
1 57 65 76 66 74 6 321
1 79 29 35 26 38 6 322
1 133 55 2 30 2 3 323
1 79 28 49 26 51 1 324
1 129 63 17 65 14 2 325
0 130 98 19 98 22 3 326
1 56 67 33 67 37 2 327
0 67 51 48 54 48 3 328
0 141 71 34 70 40 3 329
1 70 54 81 51 81 1 330
0 105 59 17 61 19 3 331
0 143 44 66 48 59 3 332
0 121 5 35 5 44 3 333
1 111 59 36 57 37 1 334
1 65 62 51 53 59 1 335
0 143 87 4 81 2 3 336
0 89 52 19 57 18 3 337
1 94 33 47 32 54 1 338
1 40 63 34 61 38 1 339
1 137 47 2 28 2 1 340
0 141 65 36 63 46 3 341
0 113 51 37 56 29 3 342
0 123 32 33 30 36 5 343
0 45 67 35 68 40 3 344
0 98 57 27 56 25 3 345
1 89 57 38 54 38 1 346
1 62 43 57 44 53 1 347
0 111 62 46 69 40 3 348
0 67 47 21 43 23 3 349
0 122 57 22 58 24 3 350
0 81 51 30 48 29 3 351
0 124 60 34 64 34 3 352
0 16 82 4 64 4 3 353
1 117 52 58 51 55 1 354
1 137 62 30 60 31 1 355
1 116 51 2 46 2 2 356
1 63 52 82 56 78 2 357
0 6 52 39 63 47 3 358
1 121 21 19 19 42 5 359
0 78 77 6 81 5 3 360
1 34 46 4 42 3 2 361
1 83 6 32 6 29 1 362
1 112 50 33 49 31 2 363
0 73 6 54 6 51 3 364
1 57 46 4 48 3 6 365
1 134 57 43 51 47 1 366
0 36 29 53 31 47 3 367
1 59 49 2 43 2 1 368
1 88 50 49 43 46 1 369
1 26 32 46 25 61 2 370
1 104 47 34 49 35 1 371
0 38 53 32 56 27 3 372
1 114 6 44 7 38 1 373
0 38 58 28 64 22 3 374
1 9 37 13 39 14 1 375
1 70 62 32 59 34 1 376
1 112 52 24 50 32 1 377
1 93 45 4 27 3 4 378
0 122 62 34 58 38 3 379
1 83 56 27 48 27 1 380
0 124 63 76 49 69 3 381
0 19 49 21 49 18 5 382
0 69 30 51 32 46 3 383
0 70 67 45 65 53 3 384
0 7 64 1 60 2 3 385
0 108 48 38 47 42 3 386
1 36 69 76 51 75 2 387
1 95 56 29 60 37 1 388
1 48 91 32 91 29 1 389
1 72 5 57 3 55 1 390
0 13 53 80 56 80 3 391
1 23 55 27 50 15 1 392
1 73 41 4 45 3 2 393
0 38 71 69 68 72 3 394
0 133 56 41 56 38 3 395
0 36 66 39 59 58 3 396
1 73 61 2 57 1 1 397
0 9 55 45 53 48 3 398
0 99 55 50 51 60 3 399
1 14 86 92 88 91 1 400
0 8 67 44 65 49 3 401
1 124 60 1 55 2 5 402
1 8 40 11 39 9 1 403
1 130 55 80 56 78 1 404
0 11 56 80 51 80 3 405
0 124 54 75 50 78 3 406
1 72 68 34 61 32 2 407
0 26 55 44 48 57 3 408
1 123 50 2 47 2 1 409
0 14 34 15 40 11 3 410
0 32 34 11 39 9 5 411
0 120 47 34 56 34 6 412
0 131 89 33 90 36 4 413
0 36 32 47 32 55 3 414
1 23 58 76 49 79 1 415
1 81 87 93 81 96 1 416
0 128 41 12 38 8 6 417
1 41 47 70 50 62 5 418
1 5 44 24 41 20 2 419
0 64 37 11 39 12 3 420
1 113 66 39 53 43 2 421
1 57 30 57 29 54 1 422
0 62 53 42 53 48 3 423
0 108 65 1 60 1 3 424
1 116 44 10 42 11 1 425
0 85 51 31 44 33 3 426
1 78 6 65 5 69 1 427
1 124 60 2 56 2 1 428
1 127 6 33 6 36 2 429
1 108 48 19 46 20 1 430
1 8 43 63 45 61 1 431
0 1 60 18 56 19 3 432
0 53 54 36 57 36 5 433
0 116 43 59 45 53 3 434
0 93 52 24 47 31 4 435
1 46 4 39 6 42 1 436
1 22 41 23 43 33 2 437
1 3 91 29 91 33 1 438
1 139 49 23 51 17 1 439
0 13 69 46 66 44 3 440
1 116 46 3 41 3 2 441
0 22 44 62 49 66 3 442
1 116 55 31 57 22 1 443
1 76 7 42 6 59 1 444
1 99 87 4 84 4 1 445
0 137 34 41 33 47 3 446
1 73 56 55 56 61 2 447
1 32 53 46 31 42 1 448
0 80 27 49 30 51 3 449
1 131 61 18 59 19 1 450
1 79 5 71 6 66 2 451
0 79 32 46 16 45 5 452
1 132 53 75 54 80 1 453
1 79 53 33 55 30 3 454
1 139 68 40 70 41 1 455
1 126 5 34 5 25 2 456
0 25 57 28 64 21 5 457
1 20 35 16 66 49 1 458
1 141 41 37 37 67 1 459
1 23 33 36 43 35 1 460
0 70 32 45 30 44 3 461
0 31 6 37 5 21 3 462
0 33 56 39 16 20 3 463
0 135 6 65 5 59 3 464
1 3 86 4 83 3 3 465
0 90 59 28 55 33 3 466
0 121 66 41 69 40 3 467
0 15 56 2 59 2 3 468
1 43 56 39 55 46 1 469
1 135 6 64 5 67 4 470
1 3 6 38 4 50 2 471
1 0 47 31 46 33 3 472
0 7 6 54 6 58 3 473
1 113 87 4 81 2 1 474
1 32 56 30 57 28 5 475
0 84 49 72 54 67 3 476
1 14 62 37 60 43 1 477
1 97 62 70 52 77 1 478
0 22 66 92 65 94 3 479
0 52 72 34 74 30 3 480
1 38 58 26 58 7 1 481
0 125 67 93 66 90 3 482
1 31 46 50 45 52 1 483
1 36 63 40 60 42 2 484
1 132 68 38 59 42 1 485
1 106 73 5 81 5 1 486
0 48 44 50 37 50 3 487
0 7 91 38 90 35 3 488
0 3 56 34 47 38 3 489
0 108 92 26 92 34 3 490
0 11 48 58 44 48 3 491
1 130 56 23 53 32 1 492
1 47 58 29 49 38 2 493
0 100 55 80 50 81 3 494
0 87 52 50 48 58 5 495
1 141 5 68 6 65 2 496
0 0 60 42 58 38 3 497
0 87 52 50 51 47 3 498
1 102 46 62 43 61 3 499
0 23 57 28 56 31 3 500
1 61 5 70 6 54 1 501
0 102 58 53 58 46 5 502
1 42 6 50 6 58 2 503
1 67 6 51 5 58 1 504
1 109 46 82 42 82 1 505
0 18 57 62 56 64 3 506
0 128 58 16 50 17 3 507
0 80 46 41 49 51 3 508
1 140 59 17 52 20 1 509
0 91 51 46 54 41 3 510
0 81 27 42 27 35 3 511
1 27 46 19 55 18 1 512
0 73 46 42 44 36 3 513
0 88 55 49 48 43 3 514
1 23 55 47 50 56 2 515
1 18 90 35 91 31 1 516
1 18 54 58 56 64 5 517
1 97 47 3 44 3 1 518
0 76 7 37 6 47 3 519
0 65 31 45 28 44 3 520
0 5 59 51 60 48 3 521
0 143 40 13 43 11 3 522
0 18 6 64 5 68 3 523
0 80 66 46 65 40 5 524
1 131 40 23 39 29 1 525
1 0 69 43 73 35 5 526
1 23 57 43 59 45 1 527
0 13 30 45 27 49 3 528
1 28 98 20 98 16 1 529
0 102 5 37 5 40 3 530
1 29 59 29 55 26 1 531
1 140 49 2 45 2 1 532
0 59 61 28 53 42 4 533
0 52 85 13 90 41 3 534
1 87 55 52 61 42 1 535
1 102 49 44 49 47 1 536
1 72 63 33 61 34 1 537
1 91 6 66 2 74 2 538
0 0 59 23 59 26 3 539
1 9 78 6 75 6 1 540
0 76 64 75 70 72 3 541
0 56 56 80 53 81 3 542
1 76 65 81 63 80 2 543
1 112 64 44 65 47 3 544
0 35 53 29 56 22 3 545
0 0 46 3 49 3 3 546
0 56 67 32 60 27 3 547
1 67 54 18 55 25 1 548
0 122 47 47 49 49 3 549
1 65 82 4 79 6 1 550
1 116 32 56 37 58 1 551
1 138 88 93 86 95 1 552
1 57 49 79 52 81 1 553
0 28 98 17 98 24 3 554
0 133 57 45 39 26 5 555
1 39 59 35 57 45 6 556
0 19 46 21 51 18 5 557
1 3 58 43 34 65 1 558
0 115 52 39 61 37 5 559
1 106 7 47 7 26 1 560
0 109 64 43 59 46 3 561
1 25 56 40 52 49 1 562
1 56 67 93 65 95 1 563
1 49 47 61 52 46 4 564
1 98 45 22 51 17 1 565
0 87 60 37 58 39 3 566
0 109 60 45 56 52 3 567
1 24 55 80 51 80 1 568
0 119 61 34 49 47 3 569
0 98 55 36 60 30 3 570
1 120 43 4 33 4 2 571
1 141 61 39 61 32 1 572
1 12 67 93 65 94 1 573
1 48 16 50 32 33 1 574
0 14 98 17 98 31 3 575
0 28 65 48 63 52 3 576
1 95 58 73 57 75 1 577
1 74 40 37 44 30 1 578
0 19 48 31 50 32 3 579
1 64 39 12 34 14 2 580
1 9 52 34 55 41 1 581
1 14 56 17 52 19 2 582
0 6 60 17 53 19 3 583
0 122 53 45 56 37 3 584
1 124 61 75 69 75 1 585
0 51 57 20 55 21 3 586
0 41 54 34 61 32 3 587
1 96 50 65 52 56 1 588
1 36 70 38 67 39 1 589
0 25 62 39 70 36 4 590
0 83 50 29 19 17 3 591
0 120 47 3 37 5 3 592
0 94 41 22 23 1 3 593
0 141 45 54 33 56 3 594
0 125 58 2 61 1 3 595
1 116 6 46 5 34 2 596
1 66 60 19 56 18 1 597
1 96 7 47 7 41 1 598
1 104 59 42 58 57 5 599
0 15 91 39 90 36 3 600
1 28 45 51 47 50 2 601
1 135 58 38 60 36 1 602
0 69 60 30 59 23 3 603
1 106 54 74 47 80 1 604
1 125 29 56 28 60 1 605
1 92 23 63 13 58 1 606
0 68 46 55 48 53 3 607
1 130 57 50 56 52 5 608
1 67 46 53 23 19 5 609
1 6 86 96 88 92 5 610
0 77 33 50 31 46 3 611
1 102 3 96 1 95 1 612
1 32 63 35 51 34 1 613
0 38 56 21 58 24 6 614
0 87 47 63 46 61 3 615
0 50 30 15 60 38 3 616
1 16 42 19 46 20 1 617
0 37 32 46 31 42 3 618
0 16 38 12 39 14 3 619
0 128 52 33 55 29 3 620
1 117 50 77 57 75 1 621
0 113 56 23 56 30 6 622
0 87 92 21 91 18 3 623
1 95 44 2 47 2 1 624
1 6 86 92 84 94 1 625
1 121 69 72 72 70 1 626
1 51 31 57 32 50 1 627
0 53 6 56 6 49 3 628
1 16 43 48 44 46 1 629
1 61 54 52 49 50 4 630
1 82 6 36 5 46 1 631
1 31 47 50 46 54 3 632
0 78 67 43 49 45 6 633
1 5 48 57 3 21 2 634
0 60 51 19 49 21 3 635
1 110 67 42 58 38 1 636
0 7 54 40 58 36 3 637
1 44 56 52 57 60 1 638
1 77 62 12 62 7 1 639
0 65 29 63 26 68 3 640
0 104 53 39 50 44 3 641
1 139 5 38 6 42 3 642
0 4 80 6 83 4 3 643
1 58 59 46 43 39 1 644
1 5 51 55 55 41 2 645
1 134 33 45 31 43 4 646
0 13 71 39 72 36 3 647
0 112 67 33 61 30 3 648
0 104 61 32 65 26 3 649
0 7 6 48 7 37 3 650
1 66 87 3 84 4 1 651
0 1 63 17 50 20 6 652
1 51 63 43 56 44 1 653
0 121 51 27 47 21 3 654
0 17 6 52 7 44 6 655
1 22 30 55 30 52 3 656
0 111 54 45 37 64 3 657
1 123 31 49 30 35 1 658
0 0 71 34 68 38 3 659
0 140 68 41 63 49 3 660
0 20 69 37 68 39 3 661
0 37 7 46 4 47 3 662
1 130 6 30 6 35 1 663
1 128 57 40 54 40 5 664
0 52 69 32 70 34 3 665
0 132 62 35 58 37 3 666
0 15 89 92 87 93 3 667
0 33 62 31 60 29 3 668
0 141 51 47 49 54 6 669
1 14 88 92 87 94 1 670
1 130 58 42 58 37 1 671
0 92 59 77 54 77 3 672
0 11 52 31 50 27 3 673
1 48 43 12 40 11 1 674
1 93 61 32 68 37 1 675
0 102 57 44 52 47 3 676
1 110 63 42 57 48 4 677
0 13 62 32 59 34 3 678
1 3 12 1 10 2 1 679
1 64 27 62 30 62 4 680
0 104 53 42 49 47 3 681
1 113 37 13 43 12 3 682
1 14 44 52 39 46 1 683
0 78 45 3 48 4 4 684
0 54 60 45 63 48 3 685
0 26 46 60 46 64 3 686
1 8 50 33 48 34 1 687
1 71 58 28 60 25 1 688
0 91 63 1 55 2 3 689
0 32 54 34 57 28 3 690
0 65 58 36 56 29 3 691
0 17 47 4 50 3 3 692
0 74 73 67 67 77 3 693
1 84 49 52 52 49 1 694
1 62 58 37 56 49 1 695
1 85 33 51 31 56 1 696
0 139 92 34 92 27 3 697
0 33 6 31 5 40 3 698
1 116 56 51 60 54 1 699
0 94 98 19 98 16 3 700
0 7 37 30 37 22 3 701
1 30 88 92 87 94 1 702
1 74 46 20 49 21 2 703
0 30 39 17 66 41 3 704
1 131 57 17 60 16 1 705
1 97 42 4 29 4 1 706
0 107 41 43 36 47 3 707
1 143 40 10 42 11 1 708
0 44 47 51 50 48 3 709
1 66 47 57 50 50 1 710
0 93 53 46 64 36 3 711
0 110 43 58 48 45 5 712
1 28 62 2 53 1 3 713
0 76 49 48 44 46 3 714
1 24 41 12 34 15 1 715
0 122 4 71 3 77 3 716
1 7 46 4 43 4 4 717
0 143 55 79 57 76 6 718
0 48 91 30 92 32 6 719
1 46 45 20 49 20 2 720
1 64 43 11 40 12 1 721
0 66 37 41 35 43 3 722
0 130 46 20 49 19 3 723
0 109 62 32 57 41 3 724
1 110 42 51 43 53 1 725
1 62 35 16 67 46 1 726
1 9 6 33 5 47 1 727
1 8 55 37 53 39 1 728
0 120 26 71 30 75 3 729
0 32 57 36 55 34 3 730
1 14 98 18 98 21 1 731
1 135 54 49 45 50 2 732
0 25 70 70 65 75 3 733
0 133 47 57 41 84 3 734
1 76 74 67 72 71 6 735
0 24 47 39 65 25 3 736
0 69 30 46 31 41 3 737
0 117 60 37 58 36 3 738
0 58 45 60 40 58 3 739
1 53 55 19 42 19 2 740
0 128 50 28 29 40 3 741
1 80 50 21 60 19 2 742
0 138 47 57 21 19 3 743
0 107 41 41 42 39 3 744
1 94 67 41 70 42 2 745
0 66 7 41 6 38 3 746
0 89 55 80 58 80 3 747
0 97 56 37 53 50 3 748
0 16 33 51 29 59 3 749
0 126 48 55 53 54 3 750
1 91 91 30 91 33 1 751
1 72 54 38 59 36 3 752
1 70 7 47 7 50 1 753
1 78 51 80 54 81 1 754
0 80 50 47 51 64 3 755
1 52 48 19 52 19 1 756
1 29 55 40 59 37 1 757
1 83 59 20 50 23 1 758
1 120 45 4 32 5 1 759
0 105 69 45 68 48 3 760
0 58 64 32 64 35 3 761
0 70 64 76 64 80 3 762
0 95 68 39 69 41 3 763
0 58 56 49 52 49 3 764
1 94 51 80 55 80 1 765
0 109 60 47 61 41 6 766
0 39 50 46 57 46 3 767
0 0 34 43 27 48 4 768
1 126 98 21 98 17 1 769
1 3 78 6 81 5 1 770
1 132 50 57 49 53 1 771
0 9 58 33 48 34 3 772
0 91 54 44 55 48 3 773
1 88 6 36 5 46 4 774
1 93 61 36 59 35 3 775
0 3 90 25 92 32 3 776
0 45 38 40 44 33 3 777
1 5 51 62 47 60 1 778
1 6 63 56 58 58 1 779
0 111 54 79 50 81 3 780
0 87 29 53 31 58 3 781
0 34 37 13 34 14 3 782
0 47 38 14 36 13 3 783
1 11 73 35 72 39 2 784
1 47 50 26 56 22 2 785
0 39 55 80 52 76 3 786
0 60 47 33 44 34 3 787
0 95 41 2 50 2 3 788
1 61 27 25 29 28 1 789
0 114 55 35 53 39 3 790
0 104 6 42 6 50 3 791
1 111 55 80 46 80 2 792
0 77 87 3 85 5 3 793
0 92 55 76 62 69 3 794
1 31 56 41 47 51 1 795
0 53 55 26 50 33 3 796
0 23 51 78 49 79 5 797
1 48 45 71 55 53 1 798
0 116 48 1 51 2 3 799
1 61 6 35 6 32 1 800
0 23 67 43 67 39 3 801
1 104 58 42 42 66 1 802
1 74 90 39 88 30 1 803
1 97 54 27 60 30 1 804
0 2 52 80 55 80 3 805
0 37 5 39 6 46 5 806
0 65 54 44 54 40 3 807
1 42 52 40 54 49 3 808
1 26 54 77 53 81 1 809
1 57 49 52 27 26 5 810
1 28 4 32 5 38 3 811
0 57 70 23 69 27 3 812
0 118 51 67 43 66 3 813
0 56 47 48 43 45 3 814
1 38 73 67 67 74 4 815
1 36 43 4 38 4 1 816
1 8 61 2 59 1 1 817
0 1 88 94 82 93 4 818
0 86 56 78 58 75 3 819
0 91 54 24 54 15 3 820
1 50 33 50 33 47 1 821
0 102 61 37 57 38 4 822
1 97 54 38 57 35 1 823
1 24 59 36 50 54 1 824
0 19 55 25 60 25 3 825
1 122 41 61 46 56 1 826
0 77 62 1 56 1 3 827
0 34 48 3 45 3 3 828
1 34 6 53 7 38 1 829
1 47 58 19 54 19 1 830
1 78 67 43 62 47 2 831
1 34 72 35 60 51 1 832
1 126 53 44 48 63 5 833
0 140 31 49 27 46 3 834
1 83 53 46 54 48 1 835
1 63 92 22 92 26 3 836
0 116 68 42 67 33 3 837
1 25 52 48 51 54 2 838
0 51 29 66 27 70 3 839
0 58 60 31 62 23 3 840
0 22 49 38 58 12 3 841
1 29 91 41 89 31 1 842
0 63 60 38 56 46 3 843
0 141 58 27 54 32 5 844
0 19 43 68 29 70 3 845
1 66 60 42 57 63 1 846
1 15 91 34 91 39 1 847
1 102 49 83 48 86 5 848
1 84 91 35 90 33 1 849
0 132 39 91 43 73 3 850
1 0 58 37 57 40 2 851
1 65 6 49 6 53 1 852
1 141 60 45 62 50 2 853
1 75 43 36 42 34 1 854
1 73 61 39 34 56 1 855
0 68 54 34 51 33 3 856
0 142 57 19 54 21 3 857
0 1 61 2 63 1 3 858
1 102 64 35 63 33 2 859
0 66 52 27 51 19 4 860
0 59 53 33 48 35 3 861
0 38 59 29 55 33 3 862
0 35 53 46 56 37 3 863
1 136 87 95 88 93 1 864
1 35 55 80 52 79 1 865
0 117 62 36 58 37 6 866
1 57 52 42 51 44 1 867
1 74 45 3 39 5 1 868
0 108 5 65 6 54 3 869
1 13 5 67 6 69 1 870
0 113 51 42 52 16 3 871
0 80 52 45 56 38 3 872
1 72 65 94 64 96 1 873
0 96 21 50 26 42 3 874
0 43 61 34 55 34 3 875
0 17 34 43 53 38 3 876
0 143 6 33 6 28 3 877
0 10 47 2 52 2 3 878
1 68 53 53 49 55 2 879
1 1 51 43 57 38 1 880
1 133 50 62 46 72 1 881
0 88 55 37 54 35 3 882
0 89 5 40 5 49 3 883
0 121 55 21 50 22 3 884
1 89 6 37 5 47 2 885
1 58 56 48 53 48 1 886
0 125 54 40 54 44 5 887
0 92 68 33 70 31 5 888
0 56 62 41 58 56 3 889
0 91 5 42 6 40 3 890
1 58 30 54 32 49 1 891
1 72 57 22 44 41 1 892
1 134 66 74 71 67 3 893
0 108 91 33 89 53 3 894
1 96 55 45 57 42 1 895
1 10 55 54 60 40 1 896
1 92 67 34 66 36 1 897
0 48 38 13 43 12 3 898
0 101 67 43 68 40 3 899
1 111 64 16 58 17 1 900
1 27 80 5 82 6 1 901
1 105 69 42 71 32 2 902
1 62 60 24 49 28 1 903
0 107 45 35 41 35 3 904
0 119 46 44 33 57 3 905
0 25 6 46 6 55 3 906
1 101 42 71 44 58 1 907
0 8 64 41 63 26 3 908
0 79 51 48 56 40 3 909
1 112 53 20 45 24 5 910
0 70 68 78 74 66 3 911
1 100 51 17 53 16 1 912
1 16 41 11 36 11 2 913
0 89 7 41 6 43 3 914
1 128 44 22 46 17 1 915
0 64 58 16 60 15 3 916
0 79 45 30 42 33 5 917
1 24 48 2 52 1 1 918
1 34 98 20 98 31 1 919
0 104 55 42 54 44 3 920
0 116 62 46 63 49 3 921
1 78 91 34 90 44 2 922
0 68 47 55 48 52 3 923
1 46 35 15 59 44 2 924
0 66 60 16 44 19 3 925
0 1 32 78 53 81 3 926
1 74 56 47 55 63 3 927
1 48 32 50 34 42 1 928
1 117 46 61 35 96 2 929
1 143 70 69 72 70 1 930
1 116 58 29 57 27 1 931
0 58 57 39 61 25 3 932
1 26 51 47 42 34 1 933
0 66 87 3 84 6 4 934
0 64 46 53 70 34 3 935
1 80 19 13 23 12 1 936
0 108 6 28 6 32 3 937
1 49 55 39 49 42 1 938
1 25 71 71 72 69 1 939
0 26 57 49 59 31 3 940
1 52 32 53 32 45 1 941
1 66 40 37 42 34 1 942
0 75 66 41 61 51 3 943
0 112 33 47 30 44 3 944
0 72 98 10 98 13 6 945
0 88 57 45 55 52 4 946
1 44 88 4 85 4 3 947
1 105 55 18 60 19 1 948
1 64 39 14 42 11 2 949
1 11 53 48 53 51 1 950
0 87 43 64 51 64 6 951
1 82 56 50 53 47 2 952
0 6 53 60 59 50 3 953
0 24 42 20 46 15 3 954
1 73 63 33 65 28 2 955
1 120 54 76 57 75 2 956
0 48 63 44 62 49 3 957
1 58 56 40 59 35 1 958
0 49 91 31 92 29 3 959
1 103 46 4 39 3 1 960
1 15 64 1 55 2 6 961
0 38 43 30 45 28 3 962
0 109 55 74 53 76 3 963
1 89 50 55 56 43 2 964
0 99 58 34 54 32 3 965
0 68 53 34 49 39 3 966
1 23 69 37 69 40 1 967
1 64 50 18 48 19 1 968
1 79 53 19 37 18 6 969
0 26 64 32 69 28 3 970
0 20 84 3 87 3 5 971
1 83 54 33 51 33 1 972
0 128 30 52 30 49 3 973
1 102 52 63 49 68 1 974
0 132 56 43 64 36 3 975
1 16 31 45 33 41 1 976
1 104 61 1 55 2 2 977
0 52 59 29 61 23 5 978
1 39 71 35 68 38 2 979
1 69 64 31 68 34 1 980
1 92 3 97 1 95 1 981
1 15 70 33 67 40 1 982
1 30 64 43 60 41 1 983
0 46 64 55 67 43 5 984
1 132 61 32 55 44 1 985
0 34 54 49 59 45 3 986
0 45 55 80 25 80 4 987
0 100 78 90 80 91 3 988
0 64 30 14 48 25 3 989
1 21 34 44 31 42 2 990
0 63 54 32 48 37 3 991
0 143 38 10 43 10 3 992
0 93 4 39 6 40 3 993
1 32 55 30 54 28 3 994
0 79 33 44 26 46 3 995
1 88 55 62 61 52 2 996
1 37 50 18 48 19 1 997
0 101 30 14 58 24 6 998
0 124 49 40 44 65 4 999
0 32 55 50 62 47 3 1000
0 104 43 51 43 55 3 1001
0 78 6 66 2 70 3 1002
0 124 84 4 87 4 3 1003
0 31 59 2 56 2 5 1004
1 17 42 3 46 2 1 1005
1 3 64 30 65 28 6 1006
1 131 59 18 62 16 2 1007
1 101 43 70 46 59 1 1008
1 8 55 30 50 35 1 1009
0 39 58 27 60 25 3 1010
1 104 51 48 10 99 2 1011
1 38 49 38 52 41 3 1012
1 23 47 4 44 4 1 1013
0 115 98 15 98 21 3 1014
0 32 39 12 36 13 5 1015
0 78 6 28 6 32 3 1016
0 108 30 54 27 60 5 1017
0 11 45 35 41 30 3 1018
1 26 47 80 38 80 1 1019
1 101 61 29 59 30 1 1020
0 62 48 57 44 68 3 1021
0 103 58 24 60 29 4 1022
0 130 43 2 49 2 3 1023
1 11 66 92 62 93 1 1024
1 98 57 29 59 27 1 1025
1 64 88 93 85 96 6 1026
0 101 49 40 49 36 3 1027
0 96 7 42 6 38 3 1028
0 91 51 25 54 29 3 1029
1 115 64 92 67 92 4 1030
1 68 59 36 57 37 1 1031
0 4 91 34 92 27 3 1032
0 129 98 21 98 25 3 1033
1 121 6 36 6 33 1 1034
1 39 33 43 28 48 3 1035
0 131 56 18 61 18 5 1036
1 96 28 54 30 52 1 1037
0 122 63 30 61 32 3 1038
0 61 87 4 86 1 4 1039
0 44 65 92 67 91 3 1040
1 11 30 49 29 54 1 1041
0 39 61 42 58 43 3 1042
0 48 46 75 42 87 3 1043
0 67 5 69 5 62 5 1044
1 57 54 74 52 75 6 1045
0 73 5 71 6 60 3 1046
1 63 91 33 91 39 1 1047
0 0 33 42 31 45 3 1048
1 5 43 19 46 22 2 1049
1 2 32 40 41 43 1 1050
1 139 92 25 88 31 1 1051
1 40 59 17 56 19 1 1052
0 108 30 55 30 51 3 1053
0 129 50 34 59 35 3 1054
1 100 55 80 58 80 1 1055
1 6 57 39 31 42 2 1056
0 134 58 17 51 19 3 1057
1 117 36 39 40 39 1 1058
1 103 57 78 51 77 1 1059
0 80 54 28 49 49 3 1060
1 40 59 2 49 2 1 1061
1 106 5 36 6 30 2 1062
1 31 98 20 98 17 2 1063
1 24 47 29 39 36 2 1064
0 126 48 19 41 20 3 1065
0 66 7 39 6 41 5 1066
1 8 60 29 62 22 3 1067
0 13 47 70 46 57 3 1068
1 83 82 5 80 6 3 1069
0 15 59 48 52 69 3 1070
1 140 48 36 57 31 1 1071
1 37 7 48 6 43 1 1072
1 91 6 66 6 42 4 1073
1 130 57 59 60 41 1 1074
0 2 87 93 85 95 3 1075
1 87 44 64 46 62 2 1076
1 33 48 18 45 20 2 1077
0 69 55 41 57 39 3 1078
0 60 51 18 41 20 3 1079
1 96 47 21 49 18 2 1080
0 128 59 31 51 13 6 1081
1 108 91 32 91 36 3 1082
1 30 49 32 47 31 1 1083
1 134 40 58 52 70 5 1084
1 0 60 45 52 36 5 1085
1 5 57 47 41 46 3 1086
0 38 53 36 54 39 3 1087
0 4 64 46 65 43 3 1088
0 12 6 66 5 72 3 1089
1 56 70 37 66 25 1 1090
1 125 50 29 53 27 3 1091
0 0 62 50 57 58 3 1092
1 126 6 50 6 55 1 1093
0 102 67 77 71 73 5 1094
1 143 37 11 40 11 1 1095
0 103 53 76 60 71 3 1096
0 110 21 19 38 16 4 1097
1 66 72 38 69 45 6 1098
1 91 48 48 56 48 1 1099
1 125 46 42 49 43 1 1100
0 116 58 49 47 83 3 1101
1 63 70 68 69 70 1 1102
1 11 61 38 51 44 4 1103
1 57 56 71 53 79 1 1104
1 141 29 63 31 48 1 1105
1 40 49 44 54 38 1 1106
1 72 77 5 76 7 1 1107
1 100 69 39 66 43 1 1108
1 98 30 46 28 48 2 1109
1 143 27 49 26 51 5 1110
1 58 56 38 48 40 1 1111
0 0 5 69 6 65 6 1112
0 39 48 56 48 50 5 1113
0 72 60 55 58 58 3 1114
1 52 55 35 58 26 1 1115
1 120 47 3 44 4 6 1116
1 108 54 31 54 19 1 1117
0 13 56 40 54 42 3 1118
0 27 6 66 4 64 3 1119
0 97 49 36 54 38 3 1120
0 46 53 34 48 37 3 1121
1 74 47 20 49 21 1 1122
0 132 52 44 62 32 3 1123
1 141 54 34 53 46 1 1124
1 70 57 40 46 42 1 1125
1 98 52 1 27 2 3 1126
0 48 65 47 63 45 5 1127
1 19 53 63 43 50 3 1128
0 15 69 46 71 41 3 1129
1 73 61 32 62 25 2 1130
0 114 57 29 59 28 3 1131
1 46 52 60 55 55 1 1132
1 125 6 57 6 46 1 1133
1 131 62 39 62 36 2 1134
1 35 77 6 70 6 2 1135
0 140 29 35 38 47 3 1136
1 13 52 45 64 33 2 1137
1 24 61 11 45 10 1 1138
0 100 49 38 40 37 4 1139
1 141 52 50 44 45 1 1140
0 127 6 31 6 37 3 1141
0 100 68 33 63 52 3 1142
0 132 55 36 57 40 3 1143
0 60 50 16 43 17 3 1144
1 92 74 30 69 38 5 1145
1 60 51 36 51 60 2 1146
0 116 68 22 67 18 3 1147
0 58 66 49 64 48 3 1148
0 60 48 43 29 29 3 1149
1 139 6 31 6 37 1 1150
0 93 78 90 82 94 3 1151
0 124 44 44 44 51 3 1152
0 101 60 36 60 30 3 1153
1 32 47 4 49 3 1 1154
1 116 68 33 61 51 1 1155
1 63 57 42 52 58 4 1156
1 88 56 39 51 43 1 1157
0 112 65 1 61 0 3 1158
1 15 61 22 63 20 2 1159
0 1 48 16 49 18 3 1160
0 34 61 21 55 31 3 1161
1 8 40 12 36 13 1 1162
1 24 51 50 53 49 1 1163
1 117 58 41 45 41 1 1164
0 100 56 80 51 80 3 1165
0 78 91 37 90 35 3 1166
0 130 57 38 57 34 3 1167
1 29 54 56 52 52 1 1168
1 51 49 29 50 27 1 1169
0 96 57 39 54 41 3 1170
1 41 53 47 41 40 2 1171
0 141 45 50 44 53 3 1172
0 123 32 50 30 52 3 1173
1 39 59 80 52 80 1 1174
0 11 41 33 39 37 3 1175
1 40 44 4 41 4 1 1176
0 60 52 44 59 38 3 1177
1 92 57 30 53 31 1 1178
1 25 54 42 58 41 1 1179
1 91 55 51 48 39 1 1180
1 118 56 18 52 19 1 1181
0 128 59 24 62 22 5 1182
1 108 32 44 30 51 1 1183
1 131 52 19 50 20 1 1184
1 27 49 21 45 31 1 1185
1 19 48 18 50 20 2 1186
0 53 55 30 56 35 3 1187
0 40 71 27 75 31 3 1188
0 116 57 52 54 56 3 1189
1 112 53 24 47 32 5 1190
0 130 60 43 50 47 5 1191
1 24 48 2 46 3 1 1192
0 71 87 3 93 3 3 1193
0 28 98 17 98 20 3 1194
0 70 59 17 58 19 3 1195
0 26 63 23 70 35 3 1196
1 33 91 32 91 35 1 1197
1 94 91 27 91 33 1 1198
1 43 47 47 40 64 1 1199
0 43 87 4 83 4 3 1200
1 129 98 14 98 20 2 1201
0 108 69 37 64 44 3 1202
0 97 34 41 40 48 3 1203
0 136 31 59 30 55 3 1204
1 48 44 12 41 13 2 1205
0 96 55 36 57 35 3 1206
1 87 42 58 47 49 1 1207
0 12 72 68 72 71 4 1208
1 49 30 78 53 75 1 1209
1 113 53 81 55 79 1 1210
1 135 53 49 49 30 1 1211
1 32 39 13 36 13 1 1212
1 13 60 41 57 57 2 1213
0 89 98 16 98 13 3 1214
1 132 72 33 70 34 6 1215
0 86 6 45 5 73 4 1216
0 72 54 44 50 57 3 1217
0 126 52 43 57 40 3 1218
0 96 33 44 19 47 6 1219
1 12 45 2 49 2 1 1220
0 66 55 23 51 27 3 1221
1 50 57 38 55 39 1 1222
0 32 61 46 53 69 3 1223
0 4 30 50 26 51 3 1224
0 130 55 49 59 41 3 1225
0 30 6 55 6 64 4 1226
0 70 49 47 46 46 3 1227
0 114 90 25 91 19 3 1228
0 68 59 29 59 33 3 1229
0 128 32 35 31 43 3 1230
0 87 46 26 42 33 3 1231
0 18 57 52 57 48 3 1232
0 31 64 1 53 2 5 1233
0 105 56 20 54 19 3 1234
1 0 72 35 73 30 4 1235
0 58 6 49 6 57 3 1236
1 137 57 36 60 32 1 1237
1 72 98 24 98 21 1 1238
0 84 47 35 49 37 3 1239
0 117 52 55 43 43 3 1240
1 89 47 50 42 60 1 1241
0 124 92 31 91 35 3 1242
0 129 98 16 98 25 3 1243
0 63 66 74 67 72 3 1244
1 13 53 27 51 26 2 1245
0 92 64 16 54 18 6 1246
1 86 74 32 72 36 1 1247
0 119 72 41 70 43 3 1248
0 30 58 18 55 18 3 1249
0 116 61 29 62 24 3 1250
0 102 48 19 44 21 3 1251
0 70 69 72 66 71 3 1252
0 120 61 36 50 43 5 1253
1 52 62 1 65 1 2 1254
1 107 43 40 41 41 5 1255
0 50 52 1 28 2 3 1256
1 57 61 38 56 46 5 1257
0 87 54 47 53 53 3 1258
0 93 45 36 40 45 3 1259
0 103 6 26 6 39 3 1260
0 13 6 65 5 69 3 1261
0 1 52 40 58 42 6 1262
1 68 54 42 57 36 3 1263
1 113 60 23 59 31 4 1264
1 139 60 1 53 1 5 1265
0 62 45 48 47 52 3 1266
0 132 63 30 61 24 5 1267
0 43 62 33 60 29 3 1268
1 69 45 3 42 2 1 1269
0 2 23 20 44 62 3 1270
1 44 6 50 7 44 1 1271
0 21 38 41 41 34 3 1272
0 136 6 51 6 62 5 1273
0 65 54 49 45 44 3 1274
1 42 46 55 46 51 1 1275
0 133 54 58 50 54 5 1276
0 97 44 4 41 5 3 1277
0 57 61 37 51 39 6 1278
0 28 60 37 56 46 3 1279
1 53 48 34 50 31 1 1280
0 41 56 40 46 35 3 1281
1 64 60 30 61 26 1 1282
0 74 50 19 44 21 3 1283
1 44 67 39 66 47 1 1284
0 139 6 28 5 33 3 1285
1 118 42 12 36 14 2 1286
1 60 52 63 51 61 1 1287
1 25 52 78 54 76 1 1288
0 25 52 24 47 30 3 1289
1 64 61 23 59 24 2 1290
0 67 45 18 34 12 3 1291
1 52 64 54 67 48 2 1292
0 64 61 30 55 27 3 1293
0 30 6 21 5 19 3 1294
1 97 46 32 48 29 5 1295
0 17 48 3 37 4 3 1296
1 40 54 18 59 17 1 1297
1 75 52 44 57 43 1 1298
1 79 62 18 53 19 1 1299
0 57 50 70 61 74 3 1300
1 98 48 25 57 25 3 1301
0 90 62 27 58 26 5 1302
1 89 69 73 71 74 4 1303
0 94 49 36 46 58 3 1304
0 19 68 75 58 61 5 1305
0 46 47 20 51 18 3 1306
0 143 49 3 44 3 3 1307
0 113 32 52 31 46 3 1308
1 6 68 36 65 22 1 1309
1 94 66 42 48 44 2 1310
1 139 77 6 80 3 1 1311
0 95 48 45 51 48 3 1312
1 64 31 48 31 45 1 1313
1 10 56 61 62 48 6 1314
0 93 61 40 61 52 3 1315
0 53 57 38 47 31 3 1316
0 28 58 41 60 32 3 1317
0 52 46 2 50 2 5 1318
1 139 36 15 42 12 1 1319
0 45 59 74 54 76 3 1320
0 39 49 52 54 42 3 1321
1 63 66 73 70 71 1 1322
0 15 57 33 62 31 3 1323
1 125 79 6 82 5 1 1324
0 70 63 53 61 51 3 1325
0 112 55 2 60 1 3 1326
0 116 61 41 57 46 3 1327
1 132 25 36 30 52 4 1328
0 91 51 48 47 57 5 1329
0 87 53 51 50 50 3 1330
0 133 44 63 47 70 3 1331
0 139 91 34 92 29 6 1332
1 24 33 44 32 57 1 1333
0 74 58 35 51 42 3 1334
1 93 62 41 58 52 1 1335
1 31 57 20 55 27 1 1336
1 140 79 5 82 4 2 1337
1 38 42 45 36 70 1 1338
0 2 68 38 62 47 3 1339
0 96 6 27 5 34 3 1340
1 39 56 32 60 42 6 1341
0 38 67 74 71 69 3 1342
1 137 30 15 49 63 1 1343
1 35 56 76 62 68 2 1344
1 140 21 20 45 51 3 1345
0 52 42 34 44 37 5 1346
0 105 71 35 71 42 6 1347
1 55 6 38 6 33 2 1348
0 42 68 45 70 38 3 1349
1 13 35 41 42 67 2 1350
1 29 64 34 52 44 1 1351
1 136 62 32 61 38 1 1352
1 30 32 57 34 40 3 1353
0 108 59 1 63 1 3 1354
1 24 49 52 46 61 1 1355
0 28 66 92 65 95 5 1356
0 0 89 92 86 96 3 1357
1 52 53 23 56 21 1 1358
0 53 57 34 32 35 3 1359
0 62 43 53 57 59 3 1360
1 31 42 32 43 38 1 1361
0 94 98 24 98 21 3 1362
1 107 64 77 66 79 1 1363
0 63 59 73 56 78 3 1364
0 112 38 8 40 12 3 1365
1 70 58 19 63 17 2 1366
0 31 43 58 42 56 3 1367
1 59 60 39 60 36 1 1368
1 143 49 54 52 53 1 1369
0 55 60 32 58 39 3 1370
0 53 49 52 38 44 3 1371
1 7 52 55 49 52 2 1372
1 108 28 59 30 51 1 1373
1 14 60 15 59 17 1 1374
1 120 60 35 61 33 3 1375
1 50 5 41 5 36 1 1376
0 42 86 94 88 92 3 1377
0 135 45 31 41 35 3 1378
1 39 52 54 55 51 2 1379
1 78 98 16 98 21 1 1380
0 111 53 37 54 41 3 1381
0 74 64 39 48 51 3 1382
1 74 56 73 61 69 1 1383
1 79 39 38 43 30 1 1384
1 129 44 4 41 4 1 1385
0 0 60 73 55 75 3 1386
1 126 51 60 49 52 1 1387
1 48 30 47 31 51 1 1388
0 118 61 51 59 50 3 1389
1 36 46 3 49 2 1 1390
1 102 47 2 51 2 1 1391
1 103 45 4 41 4 2 1392
1 133 52 50 51 55 1 1393
1 128 58 1 62 1 2 1394
0 52 57 47 48 50 3 1395
0 123 32 44 28 44 3 1396
1 62 67 92 65 94 1 1397
0 105 51 2 47 2 3 1398
0 93 32 47 33 53 3 1399
0 24 37 34 41 35 3 1400
0 128 61 34 57 36 3 1401
1 50 52 31 50 27 1 1402
0 8 62 70 55 75 3 1403
1 65 29 61 27 58 5 1404
0 111 54 80 57 80 3 1405
1 75 59 80 56 80 1 1406
0 70 58 1 62 1 3 1407
0 28 64 46 65 43 3 1408
1 77 58 33 57 35 1 1409
1 60 57 48 52 58 1 1410
1 41 54 42 53 59 1 1411
0 121 55 42 60 41 3 1412
1 72 56 1 62 1 1 1413
1 134 41 39 14 35 1 1414
0 73 67 38 68 41 3 1415
0 0 69 74 64 75 3 1416
0 0 67 41 63 54 3 1417
0 123 29 53 20 44 3 1418
1 7 41 4 38 4 1 1419
1 26 44 28 51 37 2 1420
1 133 55 32 60 28 1 1421
1 89 67 93 64 93 1 1422
0 59 48 37 60 29 3 1423
1 40 61 71 58 75 3 1424
1 5 57 73 55 74 2 1425
0 119 41 31 37 40 3 1426
1 132 59 33 56 39 2 1427
1 31 57 44 59 42 2 1428
0 107 68 39 71 34 3 1429
0 46 49 41 52 70 5 1430
0 109 73 68 69 75 3 1431
1 18 56 2 59 1 2 1432
1 12 56 38 55 40 1 1433
1 135 86 92 86 95 1 1434
0 141 38 40 41 43 3 1435
0 91 52 41 54 42 3 1436
1 74 57 46 50 68 1 1437
1 88 45 52 50 67 1 1438
0 54 5 69 5 56 5 1439
1 72 6 50 6 56 1 1440
1 77 60 48 62 40 3 1441
0 60 58 34 58 39 3 1442
1 55 75 6 81 5 1 1443
0 94 60 41 58 47 3 1444
1 102 52 47 51 55 1 1445
0 31 44 64 49 65 3 1446
0 104 67 44 68 35 5 1447
1 23 59 80 49 80 1 1448
0 80 30 47 32 46 3 1449
0 32 41 13 44 12 3 1450
1 4 67 43 68 39 1 1451
0 61 49 34 52 31 3 1452
0 120 61 39 62 46 3 1453
1 118 49 20 52 20 1 1454
1 93 90 46 91 18 6 1455
1 36 42 33 33 38 1 1456
0 64 33 45 32 43 3 1457
0 4 51 28 52 25 3 1458
1 96 98 21 98 5 2 1459
1 76 80 6 83 4 2 1460
0 8 50 37 52 33 3 1461
0 135 5 67 5 70 3 1462
1 39 55 40 57 47 3 1463
0 123 39 3 45 2 3 1464
1 72 67 41 49 31 1 1465
1 141 52 27 49 38 5 1466
0 25 70 68 70 72 3 1467
0 27 55 19 46 18 3 1468
1 64 58 22 56 29 2 1469
1 103 69 36 68 38 1 1470
1 38 61 29 65 31 2 1471
0 65 57 38 33 43 3 1472
0 3 46 32 47 35 3 1473
1 92 66 16 59 15 1 1474
0 102 98 22 98 16 3 1475
0 21 59 33 54 45 3 1476
0 92 44 37 43 32 4 1477
1 80 71 35 61 50 3 1478
0 101 54 51 54 40 3 1479
1 135 6 68 5 71 2 1480
0 73 52 24 50 32 3 1481
1 96 51 65 21 61 1 1482
1 86 56 78 58 76 1 1483
0 102 81 4 80 7 3 1484
1 35 61 2 65 1 2 1485
1 64 67 33 66 38 1 1486
0 18 91 33 92 25 3 1487
0 42 57 40 55 41 4 1488
0 57 79 5 77 0 3 1489
1 96 30 44 33 44 3 1490
1 112 56 43 44 59 5 1491
1 138 52 60 54 49 1 1492
0 52 71 40 68 18 3 1493
1 97 57 46 52 47 3 1494
1 80 43 12 40 12 1 1495
1 116 49 18 49 21 1 1496
0 51 45 4 53 3 3 1497
1 122 6 68 5 70 6 1498
0 102 66 80 68 74 4 1499
1 89 52 53 55 42 1 1500
0 132 51 29 59 20 3 1501
0 30 30 32 20 53 3 1502
1 58 56 41 51 42 1 1503
1 40 15 21 51 14 1 1504
1 6 90 90 92 89 2 1505
1 74 59 54 51 52 4 1506
1 79 52 16 59 15 1 1507
0 27 5 68 6 65 3 1508
0 87 47 40 46 37 3 1509
0 27 6 44 7 46 3 1510
1 120 45 31 43 38 3 1511
0 135 58 1 51 2 3 1512
1 104 56 47 58 43 1 1513
0 116 43 2 49 2 3 1514
0 64 55 36 53 42 3 1515
1 23 29 54 31 57 1 1516
1 138 92 26 91 31 1 1517
0 50 51 31 53 27 3 1518
0 77 61 26 58 26 4 1519
0 52 37 41 39 38 3 1520
1 63 91 33 92 31 1 1521
0 24 52 49 56 38 5 1522
0 17 48 68 47 72 3 1523
0 139 54 42 55 40 3 1524
0 108 58 41 55 42 3 1525
1 57 62 35 64 29 1 1526
0 36 55 44 51 47 3 1527
1 11 57 76 63 69 4 1528
0 128 49 33 50 28 3 1529
0 85 34 40 31 42 4 1530
1 0 53 80 56 80 1 1531
0 69 52 81 49 81 3 1532
0 69 46 3 43 4 3 1533
0 88 83 4 77 7 3 1534
1 141 27 57 30 59 1 1535
1 102 57 57 49 80 4 1536
1 45 46 3 37 3 1 1537
1 16 41 12 36 13 1 1538
1 53 59 42 58 53 2 1539
1 70 67 79 52 75 1 1540
0 102 38 4 33 3 3 1541
0 77 60 23 63 19 3 1542
1 117 70 39 68 20 1 1543
0 80 53 26 48 30 3 1544
1 81 54 46 52 53 2 1545
0 54 60 40 56 39 3 1546
0 18 54 47 51 47 3 1547
1 114 69 70 70 68 1 1548
0 111 54 40 61 34 3 1549
1 130 27 51 33 44 2 1550
0 123 29 55 30 52 6 1551
0 26 44 65 43 62 3 1552
0 26 47 51 57 39 3 1553
0 112 57 22 53 20 3 1554
0 38 72 72 68 74 3 1555
0 130 46 2 52 1 3 1556
1 90 57 31 60 27 4 1557
1 14 54 45 52 46 1 1558
0 18 62 43 64 44 3 1559
1 38 31 43 30 45 1 1560
1 66 51 32 46 30 1 1561
1 41 42 46 51 48 1 1562
1 131 51 78 54 74 1 1563
0 142 61 40 59 41 3 1564
1 21 68 42 71 42 3 1565
0 92 51 78 54 75 5 1566
0 15 67 77 65 75 3 1567
1 43 51 32 49 29 1 1568
0 78 49 55 54 41 3 1569
1 73 63 33 59 40 1 1570
1 16 67 40 62 47 1 1571
1 128 28 47 31 50 1 1572
0 46 54 56 58 45 6 1573
0 5 42 61 39 57 3 1574
0 66 6 49 7 39 3 1575
0 71 86 94 88 93 3 1576
1 121 44 18 45 21 1 1577
0 141 58 44 61 36 3 1578
0 62 81 5 77 5 3 1579
0 50 61 44 54 59 3 1580
0 31 56 55 54 64 3 1581
0 54 23 20 44 38 3 1582
1 83 66 94 63 94 4 1583
1 85 66 30 47 39 1 1584
1 46 31 78 55 66 1 1585
0 3 43 33 41 42 3 1586
0 74 29 47 31 50 3 1587
1 38 67 77 65 76 1 1588
1 108 6 66 5 69 3 1589
0 40 6 69 6 61 3 1590
1 64 59 37 54 39 1 1591
1 72 57 38 59 33 1 1592
1 112 55 24 51 24 4 1593
1 17 6 46 4 57 5 1594
0 84 58 26 62 24 3 1595
0 90 66 94 62 94 3 1596
0 55 78 6 80 5 3 1597
1 58 33 46 30 46 2 1598
0 28 53 54 54 35 3 1599
0 98 54 53 58 56 6 1600
0 64 53 27 52 23 3 1601
0 106 55 56 56 52 3 1602
0 81 46 58 47 60 3 1603
0 128 15 21 49 14 3 1604
1 72 62 33 56 46 1 1605
1 13 57 49 54 56 1 1606
1 143 47 19 50 16 2 1607
0 115 61 32 52 48 3 1608
1 68 50 43 46 48 1 1609
1 10 68 35 68 40 1 1610
0 28 31 18 26 18 3 1611
1 85 41 33 40 28 1 1612
1 34 54 75 63 69 1 1613
0 107 56 39 54 41 3 1614
0 83 6 32 6 43 3 1615
0 60 30 54 31 46 3 1616
1 10 59 49 47 44 4 1617
1 120 60 51 58 47 1 1618
1 31 30 46 33 45 2 1619
0 109 60 43 63 33 3 1620
1 55 64 43 61 51 6 1621
0 3 58 59 59 46 3 1622
0 79 46 58 49 49 3 1623
1 53 54 52 52 57 2 1624
1 111 45 52 50 36 1 1625
0 58 55 2 62 2 3 1626
1 125 73 5 80 5 5 1627
1 139 92 26 92 17 5 1628
1 59 91 29 90 36 3 1629
1 133 64 34 54 53 1 1630
0 23 54 31 57 26 3 1631
0 64 40 12 35 14 5 1632
1 36 31 49 31 52 5 1633
1 44 61 38 54 42 1 1634
0 109 31 78 58 68 3 1635
0 17 52 47 48 55 3 1636
1 3 92 31 91 39 6 1637
1 0 62 24 61 27 2 1638
0 137 53 46 21 45 3 1639
1 72 60 42 57 47 1 1640
0 143 53 40 58 39 3 1641
0 16 43 12 45 11 3 1642
1 47 56 21 44 40 1 1643
0 12 27 61 30 52 3 1644
1 117 46 60 50 51 1 1645
1 143 98 12 98 18 2 1646
0 5 52 58 46 79 3 1647
1 32 54 18 58 19 1 1648
1 28 6 64 5 62 1 1649
1 6 67 74 67 71 2 1650
0 55 58 37 31 15 3 1651
0 23 32 78 52 78 3 1652
0 37 7 46 6 44 3 1653
1 66 61 32 64 31 1 1654
1 130 56 42 56 47 5 1655
0 0 6 65 5 67 3 1656
1 66 41 36 38 39 1 1657
1 93 56 52 58 61 2 1658
1 24 50 2 53 2 2 1659
1 32 81 5 83 4 6 1660
0 60 68 40 67 35 6 1661
0 68 59 30 49 35 3 1662
1 111 53 50 49 27 1 1663
0 63 91 32 92 27 3 1664
0 129 98 22 98 17 3 1665
0 38 61 31 59 40 3 1666
0 33 91 37 91 32 6 1667
1 27 6 66 5 70 3 1668
1 0 72 40 61 30 5 1669
1 111 54 41 54 44 5 1670
1 68 59 26 55 17 4 1671
0 132 61 34 58 36 5 1672
0 50 55 36 58 37 3 1673
1 128 53 24 55 25 2 1674
0 36 67 48 66 50 3 1675
0 83 6 29 6 33 3 1676
0 75 53 33 49 36 3 1677
1 2 56 80 59 80 6 1678
1 117 88 3 86 5 1 1679
0 92 6 35 5 46 3 1680
0 86 45 4 36 4 3 1681
1 143 98 16 98 26 5 1682
1 64 42 18 66 39 1 1683
0 48 54 57 56 50 3 1684
0 136 50 52 56 40 3 1685
0 70 30 61 32 49 3 1686
1 2 44 4 41 4 1 1687
1 112 50 28 47 35 1 1688
1 108 91 36 89 52 3 1689
1 53 52 42 44 33 2 1690
0 80 60 54 51 60 3 1691
0 109 49 3 46 4 3 1692
0 88 69 34 67 33 3 1693
0 15 60 1 56 2 3 1694
1 59 57 80 50 81 1 1695
0 24 62 31 44 28 3 1696
1 123 88 93 88 90 2 1697
1 76 5 36 4 33 4 1698
1 106 53 60 44 97 1 1699
1 128 55 30 57 29 5 1700
0 108 65 40 50 46 3 1701
0 24 88 94 86 95 3 1702
0 27 41 77 42 71 3 1703
1 87 62 24 58 27 1 1704
0 82 51 48 53 44 3 1705
0 86 57 30 54 34 3 1706
1 100 43 37 48 37 1 1707
1 67 66 43 70 37 1 1708
0 126 61 42 59 44 3 1709
0 103 58 39 47 42 3 1710
1 110 88 4 84 4 2 1711
1 101 59 36 62 37 2 1712
0 10 45 2 49 2 3 1713
0 56 53 47 60 40 3 1714
0 108 91 37 91 40 3 1715
1 9 51 17 57 42 1 1716
0 35 88 93 87 95 3 1717
0 57 59 74 57 76 3 1718
0 66 48 16 50 18 3 1719
0 114 42 56 42 60 3 1720
1 88 71 6 68 4 1 1721
0 100 98 24 98 20 3 1722
1 9 56 45 51 60 2 1723
0 8 51 55 47 65 3 1724
1 50 49 28 52 24 1 1725
1 117 61 38 55 50 2 1726
1 56 52 53 44 65 1 1727
1 65 28 61 33 43 6 1728
0 86 80 6 77 4 3 1729
0 39 65 45 65 55 3 1730
1 18 91 32 92 34 1 1731
1 98 61 22 60 24 1 1732
0 114 56 43 57 40 3 1733
0 46 47 21 44 22 3 1734
1 70 91 34 91 18 1 1735
0 65 57 49 61 46 5 1736
0 66 68 47 66 43 3 1737
0 85 69 40 59 28 3 1738
0 41 55 30 54 39 3 1739
1 139 57 1 60 1 1 1740
0 4 63 35 62 28 3 1741
0 139 55 44 49 38 3 1742
0 120 47 28 44 38 3 1743
0 40 58 18 61 17 3 1744
1 25 61 30 53 25 2 1745
1 99 48 79 58 75 1 1746
1 97 51 58 53 23 1 1747
0 123 87 4 84 6 3 1748
0 143 56 33 59 34 3 1749
1 80 32 48 28 48 1 1750
0 143 54 56 52 59 3 1751
1 4 52 21 41 26 4 1752
1 35 49 28 52 28 6 1753
0 69 77 7 83 4 3 1754
1 42 68 38 64 43 2 1755
0 92 70 41 60 44 3 1756
1 125 52 49 54 51 5 1757
0 102 61 42 61 32 3 1758
0 88 66 42 70 41 5 1759
1 18 70 38 70 41 1 1760
1 117 53 52 50 53 6 1761
1 18 81 6 83 4 2 1762
1 21 87 94 85 95 1 1763
0 47 82 3 78 3 3 1764
0 63 56 80 50 81 3 1765
1 33 50 20 52 18 1 1766
0 124 58 2 61 2 3 1767
1 75 77 36 99 26 1 1768
0 65 71 38 67 47 3 1769
0 73 61 40 56 38 3 1770
1 37 43 41 45 35 1 1771
0 27 6 41 6 53 6 1772
1 87 42 24 50 20 1 1773
0 39 50 62 53 44 3 1774
1 97 58 17 56 24 1 1775
0 77 37 35 37 38 3 1776
0 74 46 4 42 4 3 1777
0 115 42 22 38 30 3 1778
1 9 56 48 54 42 1 1779
1 10 37 13 40 13 2 1780
0 5 65 94 67 93 3 1781
0 93 90 36 91 32 3 1782
0 48 23 63 40 80 3 1783
1 48 54 37 52 35 1 1784
0 64 37 13 41 13 5 1785
1 117 32 47 35 40 1 1786
0 67 68 42 66 46 3 1787
0 78 74 66 73 68 4 1788
1 92 69 35 71 34 1 1789
1 84 67 35 63 43 1 1790
1 21 49 19 54 18 2 1791
1 135 41 39 43 38 3 1792
1 5 55 77 57 75 3 1793
0 87 60 44 61 46 3 1794
0 32 51 60 57 58 3 1795
1 125 40 53 42 76 1 1796
1 64 49 48 52 52 1 1797
1 121 57 78 55 79 1 1798
1 15 56 2 61 1 2 1799
1 131 57 19 53 19 1 1800
0 17 52 48 57 49 3 1801
1 51 44 11 40 12 2 1802
1 65 52 40 60 33 1 1803
0 8 56 31 52 33 4 1804
1 77 98 16 98 19 4 1805
0 30 68 35 66 39 3 1806
0 98 48 23 45 24 3 1807
1 121 39 38 41 42 5 1808
0 25 66 39 66 43 3 1809
0 133 52 52 49 53 3 1810
0 141 59 48 56 49 3 1811
0 79 60 17 54 21 3 1812
0 14 30 14 51 38 3 1813
0 75 46 44 49 52 3 1814
1 52 68 40 50 46 1 1815
0 29 37 29 38 39 3 1816
0 1 59 17 56 18 3 1817
1 118 42 33 45 27 3 1818
1 98 63 44 55 62 1 1819
1 66 60 19 64 16 2 1820
1 86 6 53 6 66 1 1821
0 60 51 46 53 36 3 1822
1 116 30 45 22 39 1 1823
0 14 98 24 98 32 3 1824
1 103 98 19 98 15 1 1825
0 106 56 30 61 28 3 1826
1 44 60 1 56 1 2 1827
0 6 58 54 56 62 3 1828
1 111 49 53 56 37 1 1829
1 72 46 20 48 21 1 1830
1 15 45 48 22 20 1 1831
0 124 55 36 57 38 3 1832
1 5 58 53 57 63 4 1833
1 27 4 46 4 86 5 1834
0 33 91 34 91 31 3 1835
0 141 52 52 38 59 4 1836
0 28 44 4 36 4 3 1837
0 36 53 31 50 32 3 1838
1 51 58 75 53 77 5 1839
1 26 55 50 56 41 3 1840
1 133 59 44 50 50 1 1841
0 112 6 34 6 28 3 1842
1 109 32 51 28 61 1 1843
1 13 69 43 69 46 2 1844
0 120 64 42 60 45 3 1845
0 24 50 59 40 89 3 1846
0 8 42 19 50 19 3 1847
0 32 6 36 4 26 3 1848
0 13 6 66 5 71 5 1849
0 96 39 58 62 59 3 1850
0 53 56 26 57 28 5 1851
1 23 46 4 41 4 1 1852
0 134 73 66 69 68 3 1853
0 132 69 40 64 46 3 1854
1 54 27 49 30 45 1 1855
0 62 50 29 56 38 3 1856
1 31 50 2 47 2 1 1857
1 128 57 30 62 31 5 1858
1 85 6 65 6 68 1 1859
0 80 55 80 58 80 3 1860
0 50 51 31 46 26 3 1861
1 143 52 19 46 20 1 1862
0 112 26 52 27 50 3 1863
0 100 46 4 49 3 3 1864
0 80 41 4 39 3 3 1865
0 65 30 56 31 52 3 1866
1 26 51 45 54 42 1 1867
1 120 51 48 49 67 6 1868
0 121 6 37 5 19 3 1869
1 132 53 49 53 44 1 1870
0 38 41 42 37 40 3 1871
1 21 61 32 60 30 1 1872
0 60 61 41 55 39 3 1873
0 7 49 77 63 69 3 1874
1 44 46 2 50 2 1 1875
0 108 69 36 66 39 3 1876
1 45 87 4 83 4 1 1877
1 133 49 55 52 49 5 1878
1 86 38 40 41 43 1 1879
0 98 53 43 50 48 4 1880
0 129 98 20 98 24 3 1881
0 133 48 57 50 64 3 1882
1 57 6 57 5 61 5 1883
1 102 50 48 48 54 2 1884
1 109 51 2 47 2 1 1885
0 130 48 62 52 54 6 1886
0 53 42 72 43 70 3 1887
1 21 59 16 50 20 2 1888
1 54 61 32 60 34 1 1889
1 97 62 23 55 31 2 1890
1 126 5 59 6 56 1 1891
1 0 31 45 34 42 4 1892
0 65 78 6 81 5 3 1893
0 130 54 45 55 39 3 1894
0 129 60 23 58 24 3 1895
1 68 55 46 53 47 1 1896
1 31 67 77 71 72 3 1897
1 57 67 76 71 74 5 1898
0 116 50 19 45 20 3 1899
1 0 55 35 58 32 1 1900
0 34 43 34 42 30 3 1901
1 33 91 18 90 26 3 1902
0 134 63 32 62 27 3 1903
1 0 68 47 71 41 2 1904
0 51 58 27 56 35 3 1905
0 97 49 37 43 54 3 1906
0 103 62 22 59 30 5 1907
1 12 69 34 66 32 1 1908
1 88 57 30 60 29 3 1909
0 9 69 71 72 72 3 1910
0 52 71 30 98 27 3 1911
1 24 54 80 51 80 1 1912
1 106 50 42 57 38 1 1913
0 40 60 24 62 28 3 1914
0 120 55 51 51 48 3 1915
1 108 67 48 67 45 1 1916
1 13 67 41 42 31 1 1917
1 125 54 52 56 49 3 1918
1 140 67 45 63 43 3 1919
0 38 52 19 49 23 3 1920
1 123 31 49 30 51 2 1921
1 16 33 46 34 42 5 1922
0 120 40 36 47 29 3 1923
0 13 50 80 54 80 3 1924
1 69 54 43 47 62 2 1925
1 79 41 61 43 54 1 1926
0 98 27 71 27 68 3 1927
1 64 36 13 39 12 6 1928
1 74 46 4 41 3 1 1929
0 122 44 65 45 62 3 1930
1 46 58 34 52 44 1 1931
1 29 55 58 54 66 1 1932
1 105 67 36 37 16 1 1933
1 34 44 56 34 81 1 1934
0 131 6 35 7 45 3 1935
0 137 90 36 91 38 3 1936
0 85 54 58 52 53 4 1937
0 114 59 32 57 34 3 1938
1 98 60 53 61 46 1 1939
1 52 47 21 45 20 3 1940
1 91 56 40 49 49 4 1941
0 110 59 26 61 24 3 1942
0 101 59 28 55 26 3 1943
1 130 5 37 5 42 5 1944
0 132 60 73 57 71 3 1945
0 107 38 40 39 46 3 1946
0 120 65 48 64 53 3 1947
1 71 66 42 69 37 1 1948
1 111 53 45 45 51 1 1949
0 140 80 5 77 6 3 1950
1 123 74 30 72 41 2 1951
1 50 46 31 52 31 1 1952
1 45 49 2 17 1 1 1953
0 70 60 74 72 71 3 1954
1 14 98 17 98 4 2 1955
1 61 81 5 77 2 2 1956
1 104 62 29 59 34 1 1957
0 82 48 34 46 35 3 1958
1 130 62 49 56 59 1 1959
0 74 56 74 61 73 3 1960
1 130 6 40 5 38 1 1961
0 109 63 44 68 45 3 1962
1 25 39 28 43 30 1 1963
1 93 6 34 6 27 1 1964
1 8 43 4 46 3 1 1965
0 79 59 32 51 29 3 1966
0 53 56 40 53 44 3 1967
1 66 69 35 68 38 1 1968
0 98 61 41 62 45 3 1969
1 55 6 32 6 35 5 1970
1 126 86 5 88 3 1 1971
1 66 48 53 55 42 1 1972
0 53 57 35 51 35 3 1973
1 70 98 18 98 23 2 1974
0 68 41 83 42 80 3 1975
0 127 3 96 1 95 6 1976
0 14 6 55 7 52 3 1977
0 28 98 22 98 14 3 1978
1 38 28 57 23 51 1 1979
0 141 63 50 62 46 6 1980
0 43 54 48 49 51 3 1981
1 120 63 44 59 41 1 1982
0 10 44 29 44 33 3 1983
1 12 29 56 30 58 2 1984
1 92 50 31 49 33 1 1985
0 48 30 46 26 51 3 1986
0 98 58 25 47 39 3 1987
0 83 6 39 5 41 3 1988
1 86 53 76 60 71 1 1989
1 109 62 37 61 29 1 1990
1 79 39 38 38 21 2 1991
0 80 37 13 40 13 3 1992
0 100 5 27 5 22 3 1993
1 7 54 52 56 49 2 1994
1 104 59 53 56 53 1 1995
0 53 56 18 61 17 3 1996
0 46 43 4 38 4 5 1997
1 41 91 31 90 38 1 1998
1 96 29 52 31 45 2 1999
