0 23 64 51 61 61 3 0
0 46 5 28 6 13 6 1
0 111 5 37 6 39 3 2
0 66 5 63 5 60 3 3
1 78 56 73 60 73 1 4
0 14 47 41 47 51 3 5
1 63 40 4 46 4 2 6
1 116 62 22 62 27 1 7
1 39 53 55 51 62 1 8
1 55 58 80 54 80 1 9
0 57 56 47 59 40 3 10
1 57 53 32 43 36 4 11
1 140 56 41 49 43 2 12
0 136 84 4 75 1 3 13
0 8 41 46 44 48 3 14
0 126 64 39 57 47 3 15
0 46 46 61 47 56 3 16
1 21 52 53 54 49 2 17
0 39 62 33 56 46 3 18
1 74 45 4 30 4 1 19
0 143 98 24 98 31 3 20
0 115 98 21 98 17 5 21
1 13 65 24 69 34 1 22
1 126 60 40 56 38 1 23
1 129 92 34 91 32 2 24
1 99 3 96 1 95 5 25
0 28 57 75 55 77 6 26
0 57 98 21 98 14 3 27
1 66 40 44 42 41 3 28
1 137 53 1 47 2 1 29
1 33 91 32 91 28 1 30
0 125 82 5 70 6 3 31
0 115 6 44 6 52 3 32
1 110 50 20 51 17 1 33
0 76 60 46 56 53 3 34
1 130 60 50 59 53 1 35
0 58 70 68 69 72 3 36
0 10 60 30 65 50 3 37
1 102 68 71 70 74 1 38
1 136 88 94 89 92 1 39
0 104 54 40 51 58 3 40
0 128 49 37 44 30 3 41
1 75 68 37 58 46 1 42
0 3 42 2 48 2 3 43
0 54 6 44 3 55 3 44
1 7 32 46 27 57 1 45
0 47 41 22 38 29 3 46
0 121 65 75 69 76 3 47
1 78 49 48 54 44 1 48
1 87 55 50 50 52 1 49
1 20 65 28 68 39 6 50
0 43 98 16 98 19 4 51
1 107 46 50 43 54 1 52
0 83 77 6 80 5 5 53
0 62 48 51 78 34 5 54
1 134 80 6 77 8 1 55
1 141 59 55 56 53 3 56
1 36 68 72 67 75 1 57
1 121 58 34 55 33 1 58
1 74 87 4 81 2 1 59
1 38 32 44 30 46 1 60
0 128 52 26 53 24 3 61
0 1 58 18 53 19 3 62
1 98 53 34 56 31 1 63
1 23 70 72 72 68 2 64
1 113 6 33 5 35 1 65
0 92 52 19 63 16 3 66
0 55 42 30 41 38 3 67
1 143 14 60 57 71 1 68
0 39 62 29 61 31 4 69
0 29 55 40 60 37 3 70
0 120 6 65 5 62 3 71
1 101 61 41 54 38 2 72
0 7 60 30 62 33 6 73
1 137 42 11 35 14 1 74
0 96 54 45 54 40 3 75
1 7 54 42 44 40 1 76
0 97 50 25 53 26 3 77
0 61 81 6 83 4 3 78
0 63 54 51 48 48 3 79
0 54 71 35 64 44 3 80
1 54 59 43 56 3 6 81
0 26 68 48 68 41 3 82
0 130 54 56 57 49 3 83
0 104 6 63 6 40 3 84
0 46 47 81 50 78 3 85
1 118 52 59 56 54 1 86
1 24 42 25 42 33 1 87
0 16 49 49 53 32 3 88
0 53 56 39 55 49 5 89
1 91 64 16 62 17 3 90
0 81 66 41 63 43 3 91
0 10 70 36 62 32 3 92
0 94 48 39 33 57 3 93
0 73 60 33 62 32 3 94
0 55 6 31 6 28 3 95
1 117 46 62 43 63 1 96
0 113 59 28 56 26 3 97
1 135 49 51 52 46 2 98
0 50 72 33 72 38 3 99
0 19 49 34 42 42 3 100
0 29 61 27 64 32 3 101
1 8 92 34 92 28 1 102
0 24 54 80 59 80 3 103
1 67 52 52 47 53 1 104
0 41 63 21 30 14 3 105
0 1 59 19 51 20 3 106
0 16 40 14 19 11 6 107
1 109 59 54 58 47 1 108
0 0 63 36 66 29 3 109
0 29 59 32 59 40 3 110
1 98 69 36 69 32 1 111
0 77 6 35 6 32 3 112
0 29 57 38 63 38 3 113
0 120 60 1 69 1 3 114
0 6 28 68 21 51 3 115
1 58 51 45 55 47 1 116
1 65 6 35 6 28 5 117
1 115 47 55 44 53 1 118
0 113 50 45 51 41 3 119
1 143 88 92 84 94 1 120
1 48 90 37 91 39 1 121
1 99 61 31 54 31 3 122
1 9 51 49 53 50 1 123
1 46 6 37 6 42 1 124
0 41 47 67 47 44 3 125
0 128 50 48 47 48 3 126
0 66 32 42 26 42 3 127
0 46 6 40 6 31 3 128
0 77 6 43 5 47 3 129
1 113 56 2 23 2 3 130
0 93 46 50 45 61 3 131
0 14 47 47 47 50 3 132
1 2 51 34 59 29 1 133
0 5 61 61 62 58 3 134
1 22 58 70 56 72 1 135
0 116 56 55 52 63 3 136
0 67 53 81 57 80 3 137
1 65 45 65 49 57 6 138
1 120 67 41 68 39 2 139
1 79 41 40 44 30 2 140
0 13 5 63 5 71 4 141
0 25 36 12 42 11 4 142
1 63 58 72 53 81 2 143
0 9 53 43 35 28 3 144
0 74 5 70 5 75 3 145
0 37 49 3 41 2 3 146
1 116 47 1 49 2 3 147
0 16 29 46 27 49 3 148
0 12 50 47 49 68 3 149
0 116 47 56 31 43 6 150
0 103 55 72 60 73 3 151
0 5 42 57 44 52 3 152
0 52 50 49 58 40 3 153
1 91 48 50 62 35 1 154
0 96 53 34 55 29 3 155
1 17 54 76 7 69 6 156
0 79 37 40 23 56 6 157
1 136 47 2 52 2 3 158
0 9 52 47 53 37 3 159
0 109 46 53 49 40 3 160
1 9 51 41 56 35 5 161
1 66 51 31 50 27 1 162
0 141 61 27 59 23 3 163
1 123 69 73 66 74 1 164
1 79 54 19 56 18 5 165
1 128 42 13 41 11 1 166
0 67 49 34 51 31 3 167
1 81 51 26 54 25 6 168
1 38 57 28 56 32 1 169
0 73 69 37 68 32 3 170
1 10 61 40 60 26 1 171
1 110 64 43 65 36 1 172
1 109 58 18 54 18 3 173
1 109 53 40 55 37 3 174
1 139 91 40 91 35 2 175
1 83 6 52 6 47 1 176
0 22 30 53 27 58 3 177
1 20 52 56 50 60 2 178
0 64 59 26 54 32 5 179
1 67 22 24 44 56 1 180
1 40 57 40 60 33 1 181
1 1 62 18 51 19 2 182
1 103 6 38 5 44 1 183
0 27 45 18 36 17 3 184
0 99 56 41 51 45 4 185
0 128 46 57 47 50 3 186
1 138 65 76 67 73 2 187
1 143 37 11 43 11 2 188
0 37 52 19 62 12 3 189
1 124 54 60 58 45 2 190
1 109 48 2 53 1 1 191
0 113 84 4 87 4 3 192
1 89 39 37 44 31 2 193
1 29 47 80 57 80 1 194
0 70 61 40 59 45 3 195
1 14 56 50 48 59 1 196
1 75 47 2 12 1 2 197
1 68 52 46 56 40 3 198
1 114 63 32 60 39 2 199
1 35 66 41 74 30 4 200
1 102 50 16 42 24 2 201
1 32 59 45 62 48 1 202
1 97 45 51 43 44 2 203
1 107 40 36 42 31 1 204
0 30 6 48 7 21 3 205
1 130 55 47 52 45 1 206
0 38 38 40 43 30 3 207
1 52 67 39 70 39 5 208
0 48 60 36 58 39 3 209
1 117 47 59 44 64 1 210
1 46 53 40 50 43 1 211
1 115 48 2 45 3 3 212
1 136 18 72 16 71 1 213
1 33 91 31 92 26 6 214
1 108 5 61 6 64 1 215
1 36 30 52 28 58 1 216
1 107 53 40 52 47 3 217
1 22 63 40 65 38 2 218
1 67 61 44 63 40 1 219
1 29 47 57 48 55 1 220
0 21 61 39 60 44 3 221
1 112 57 35 59 34 2 222
0 60 51 26 50 29 3 223
0 17 61 42 51 36 4 224
0 81 69 43 68 41 3 225
1 10 41 36 46 28 1 226
1 16 66 43 63 38 1 227
0 74 40 42 41 35 3 228
1 56 47 58 55 52 1 229
1 27 6 28 6 33 1 230
0 76 50 49 46 62 3 231
1 141 63 42 55 54 1 232
0 129 30 13 35 11 3 233
1 119 59 43 51 53 2 234
0 129 37 13 39 12 3 235
1 127 68 40 37 16 2 236
0 69 51 21 42 22 3 237
1 8 51 33 47 38 1 238
0 28 47 86 58 71 3 239
1 93 60 46 60 43 1 240
0 100 38 60 40 61 3 241
1 31 46 43 45 49 1 242
0 87 46 69 49 63 3 243
0 65 6 30 6 26 3 244
1 78 47 69 45 61 1 245
0 105 68 42 71 34 3 246
1 87 47 56 44 65 1 247
1 127 58 45 58 40 1 248
0 75 87 3 84 4 3 249
0 61 6 38 6 35 3 250
0 39 51 57 53 51 5 251
0 89 47 19 15 13 3 252
1 143 39 14 36 13 1 253
1 24 55 80 48 80 1 254
0 32 27 50 30 50 5 255
0 78 47 27 46 31 3 256
0 6 73 71 72 69 3 257
0 13 49 58 48 56 3 258
1 86 62 24 58 29 1 259
0 50 47 48 46 46 4 260
0 106 6 48 6 41 3 261
1 2 69 36 62 54 1 262
0 26 61 43 56 49 3 263
1 84 57 46 58 44 1 264
1 79 19 58 30 50 1 265
1 133 51 61 55 56 1 266
0 98 58 18 52 31 3 267
1 135 6 64 5 67 3 268
0 58 53 42 60 34 3 269
1 123 6 53 7 37 4 270
1 138 45 35 43 34 2 271
0 108 67 34 64 44 3 272
1 143 43 57 47 58 1 273
0 13 91 37 89 35 3 274
1 16 47 3 40 5 1 275
1 81 65 94 62 93 2 276
1 46 60 42 56 52 1 277
0 132 70 38 65 43 3 278
0 31 63 1 60 1 3 279
0 70 6 53 7 48 3 280
1 58 59 42 56 49 1 281
0 85 59 71 58 75 3 282
1 96 33 43 26 41 2 283
0 141 58 48 50 49 6 284
0 98 57 53 59 45 5 285
1 66 71 71 69 73 2 286
0 46 50 20 46 20 5 287
1 129 5 68 6 64 1 288
0 104 28 43 27 45 3 289
1 72 44 63 47 57 5 290
1 39 61 41 58 46 1 291
1 117 45 35 48 30 1 292
1 24 59 35 57 38 1 293
1 76 58 48 57 51 1 294
1 118 52 36 53 28 1 295
0 36 69 40 67 39 3 296
0 143 56 39 52 44 3 297
0 91 5 49 4 60 3 298
0 44 89 36 90 42 3 299
1 135 33 41 30 60 3 300
0 88 49 64 50 61 3 301
1 45 66 48 63 44 1 302
1 28 68 36 65 40 1 303
0 85 57 43 55 41 3 304
0 72 98 24 98 31 3 305
1 72 67 44 49 45 2 306
0 128 30 47 26 49 3 307
1 112 52 58 53 47 2 308
1 80 60 40 58 38 2 309
0 88 61 41 55 52 3 310
1 19 51 27 48 28 6 311
0 77 70 71 68 73 3 312
1 116 49 18 47 19 5 313
0 108 69 37 64 43 3 314
0 126 59 38 60 40 3 315
0 130 6 37 6 33 3 316
0 4 52 59 49 54 3 317
1 90 84 4 86 2 1 318
1 112 47 31 50 28 5 319
1 108 28 59 27 63 1 320
1 133 55 53 51 60 2 321
1 24 56 37 50 44 1 322
1 27 6 64 5 62 1 323
0 135 63 42 65 43 3 324
1 73 47 32 31 55 1 325
1 31 67 1 57 2 1 326
1 65 53 68 59 56 1 327
0 21 53 59 56 61 5 328
1 69 57 76 56 79 5 329
1 70 3 96 1 95 1 330
1 122 60 40 61 37 1 331
1 94 5 69 5 66 5 332
1 32 44 65 50 52 4 333
0 76 6 54 6 51 3 334
1 28 98 22 98 19 2 335
1 27 62 19 61 17 2 336
0 62 67 35 64 28 3 337
1 18 59 55 61 42 2 338
0 123 29 55 25 58 3 339
0 128 67 40 62 46 3 340
1 121 6 35 5 40 6 341
0 95 45 2 53 1 3 342
0 46 60 2 56 2 3 343
1 27 6 60 6 48 6 344
0 20 54 35 54 39 3 345
1 68 58 36 57 38 2 346
0 18 62 1 57 1 3 347
1 58 55 37 56 35 1 348
0 16 56 61 56 55 3 349
0 95 6 49 6 29 3 350
0 114 69 39 69 34 3 351
1 28 51 49 53 45 2 352
1 91 52 42 55 43 1 353
1 50 47 42 49 49 1 354
1 48 55 47 49 55 2 355
0 88 58 37 52 45 3 356
1 76 6 44 7 42 1 357
1 102 31 49 31 46 1 358
0 131 6 49 1 60 3 359
1 71 70 74 65 76 1 360
0 17 53 42 44 46 3 361
1 12 47 2 11 0 1 362
1 1 69 40 60 26 1 363
1 74 29 62 31 60 1 364
1 53 57 44 50 52 4 365
1 124 91 39 91 43 1 366
0 52 61 39 57 37 5 367
0 27 51 48 52 45 3 368
0 48 15 21 54 39 3 369
0 74 54 56 56 46 3 370
0 76 69 74 70 72 3 371
0 32 54 41 56 39 3 372
0 114 68 77 71 75 5 373
0 9 52 41 56 37 5 374
1 26 47 68 45 75 1 375
1 25 50 23 47 23 1 376
1 108 31 56 28 59 1 377
0 5 51 19 45 20 3 378
0 139 91 31 89 34 6 379
1 14 55 44 48 49 1 380
0 97 71 40 69 41 3 381
1 130 45 34 62 34 1 382
1 135 40 37 44 34 1 383
0 79 31 44 31 50 3 384
1 68 55 41 57 37 1 385
0 46 60 35 62 39 3 386
1 112 79 6 82 5 2 387
0 130 54 50 51 46 3 388
1 54 60 43 57 18 5 389
0 97 52 77 49 78 5 390
0 49 56 29 60 24 3 391
1 17 6 40 6 49 3 392
0 56 50 27 56 22 3 393
0 13 51 25 49 27 4 394
1 77 67 41 64 49 2 395
0 39 42 39 39 47 3 396
1 32 49 44 51 41 4 397
1 97 68 26 71 31 1 398
1 65 80 6 83 5 1 399
0 128 60 32 60 26 3 400
0 78 59 37 45 59 3 401
1 44 53 44 52 51 1 402
0 4 58 2 47 1 3 403
1 19 49 18 46 20 1 404
0 79 33 46 33 50 3 405
1 131 63 17 55 20 6 406
1 53 53 52 52 50 1 407
0 41 43 23 42 35 3 408
0 56 45 37 49 67 3 409
1 93 70 31 68 32 1 410
0 130 5 34 6 45 3 411
1 134 59 75 52 82 1 412
0 43 30 52 27 50 3 413
0 55 34 45 27 48 3 414
1 83 78 6 81 5 1 415
1 121 68 37 65 41 2 416
0 102 59 57 57 53 5 417
0 53 51 48 48 55 3 418
0 3 65 52 50 45 3 419
0 113 30 57 28 58 3 420
1 38 46 27 58 3 1 421
0 22 32 55 21 53 3 422
1 141 58 27 55 35 1 423
0 128 57 25 54 28 3 424
1 116 67 33 62 54 4 425
0 0 53 23 57 22 3 426
1 87 36 4 11 4 2 427
0 130 58 36 30 14 3 428
0 130 49 28 51 25 3 429
0 96 59 32 64 28 3 430
1 110 59 34 58 28 1 431
1 53 51 37 52 35 1 432
1 41 45 51 45 58 1 433
0 79 61 32 42 32 3 434
1 94 5 67 6 60 2 435
0 97 49 57 49 52 3 436
0 133 40 58 72 69 3 437
0 74 48 20 45 21 3 438
0 18 6 36 5 50 3 439
1 104 57 30 56 28 1 440
1 64 55 31 52 29 1 441
1 125 6 21 6 31 1 442
0 87 61 40 62 34 3 443
1 78 54 18 63 16 1 444
0 50 64 76 73 66 3 445
0 0 53 61 56 62 3 446
1 7 55 45 48 55 1 447
1 25 59 25 57 30 1 448
1 131 52 46 54 48 2 449
0 121 60 53 52 57 3 450
1 17 12 0 49 2 1 451
0 86 65 1 56 2 3 452
1 143 98 21 98 25 1 453
0 21 82 4 80 5 3 454
0 132 51 51 46 59 3 455
0 68 44 17 55 40 3 456
0 93 38 40 41 33 3 457
1 9 56 36 60 35 1 458
0 66 49 21 48 17 3 459
0 5 66 93 61 91 3 460
0 28 87 91 82 94 3 461
1 19 60 30 52 35 1 462
0 139 86 4 83 5 4 463
0 64 63 53 66 40 3 464
1 67 6 63 6 66 2 465
0 114 51 49 55 44 3 466
0 9 50 55 49 59 3 467
1 52 60 41 68 43 2 468
1 82 6 63 6 66 1 469
1 59 32 46 31 49 1 470
1 36 47 35 51 47 1 471
1 13 5 69 2 67 2 472
0 111 38 29 40 45 3 473
1 19 53 49 58 22 3 474
1 140 45 23 47 25 3 475
1 104 58 39 59 37 1 476
1 92 59 37 57 35 3 477
0 33 91 17 91 30 3 478
0 0 57 51 59 50 3 479
1 135 40 24 38 23 1 480
1 129 88 92 83 94 3 481
1 26 49 49 39 49 5 482
0 112 31 43 33 42 3 483
1 103 62 23 54 32 1 484
0 110 54 21 58 16 3 485
0 109 61 48 66 36 5 486
1 88 52 70 50 75 1 487
0 11 49 53 50 46 3 488
0 32 60 42 59 45 3 489
0 135 41 41 43 37 3 490
1 139 55 2 61 2 1 491
0 4 57 80 54 80 3 492
0 129 57 71 68 72 3 493
1 143 59 71 57 73 1 494
0 130 78 6 80 5 3 495
0 80 42 11 40 12 3 496
1 138 56 63 56 32 1 497
0 134 71 42 69 41 3 498
1 82 52 46 55 44 1 499
1 28 56 37 52 43 1 500
0 40 57 75 61 70 3 501
0 44 38 48 43 49 3 502
1 50 47 34 49 33 6 503
1 10 49 2 51 1 4 504
0 29 57 30 56 26 4 505
0 42 59 19 53 21 3 506
0 141 5 72 4 68 3 507
0 33 92 31 91 36 5 508
1 100 44 21 50 17 2 509
1 66 51 25 50 28 1 510
1 37 68 42 60 38 1 511
0 108 6 69 6 62 3 512
0 36 29 55 29 65 3 513
1 111 57 28 59 24 1 514
1 28 88 93 86 94 1 515
1 35 46 49 45 45 1 516
1 138 53 80 49 81 3 517
0 130 46 20 50 19 3 518
1 44 71 71 71 68 3 519
0 65 6 50 7 41 3 520
0 119 44 22 35 23 4 521
0 10 45 31 39 38 5 522
0 133 54 34 32 11 3 523
1 125 50 21 37 18 2 524
1 40 55 44 53 42 5 525
1 68 52 48 51 51 1 526
1 41 54 69 55 67 2 527
0 31 52 25 51 32 3 528
0 86 71 74 70 72 3 529
1 111 53 23 52 26 1 530
0 111 56 80 53 81 5 531
0 13 57 72 57 76 3 532
0 77 60 21 62 24 3 533
1 29 54 42 63 32 3 534
1 117 33 43 31 49 4 535
1 26 59 44 49 47 4 536
1 16 61 34 58 39 1 537
1 137 69 74 70 72 1 538
1 8 51 24 47 25 2 539
0 109 48 2 51 2 3 540
0 25 71 71 52 75 3 541
0 137 47 2 43 3 4 542
0 115 67 35 40 38 3 543
0 78 69 70 65 75 3 544
0 143 65 94 62 94 3 545
1 104 42 45 14 39 6 546
1 21 87 94 86 96 4 547
1 116 57 18 60 23 1 548
1 63 67 92 65 95 1 549
1 14 62 18 57 18 1 550
1 132 56 75 60 76 1 551
1 35 48 44 48 47 1 552
1 67 98 12 98 17 2 553
1 54 71 32 65 25 1 554
1 103 62 22 50 26 1 555
0 54 5 70 5 60 3 556
1 90 54 44 49 47 1 557
1 88 6 66 5 71 1 558
1 11 53 43 44 39 1 559
1 56 67 35 63 45 1 560
1 123 57 24 63 20 1 561
1 66 56 22 46 30 2 562
0 5 47 41 43 25 3 563
1 79 32 50 31 52 5 564
0 62 63 33 64 36 3 565
0 25 61 28 57 28 3 566
1 39 44 52 34 49 2 567
1 108 57 2 63 1 1 568
0 140 87 4 83 4 3 569
1 118 56 18 53 20 3 570
0 107 39 36 43 29 3 571
0 121 59 17 63 17 3 572
0 62 27 61 31 57 3 573
1 27 60 2 62 1 3 574
1 49 62 46 50 46 2 575
0 33 46 4 41 4 3 576
1 111 6 35 6 30 2 577
0 98 60 30 56 31 3 578
0 84 68 34 70 30 3 579
1 25 71 74 72 72 1 580
0 31 98 20 98 17 3 581
1 65 66 42 63 43 1 582
1 46 6 69 5 53 2 583
0 64 44 64 45 60 5 584
1 71 70 72 51 75 2 585
1 141 60 27 57 30 4 586
0 129 52 59 47 37 3 587
0 66 45 70 58 71 3 588
1 35 55 80 50 80 1 589
0 38 58 28 61 28 3 590
0 8 48 56 48 53 3 591
1 46 55 48 55 40 1 592
1 76 7 53 6 50 1 593
0 117 60 33 57 37 3 594
0 64 61 27 62 22 3 595
0 120 68 38 52 42 3 596
1 57 68 74 52 75 3 597
1 138 5 67 5 70 1 598
0 81 47 31 48 29 3 599
0 112 52 25 53 23 3 600
0 128 78 90 88 89 3 601
0 53 56 44 52 50 3 602
0 69 53 81 55 79 5 603
0 6 69 74 62 84 5 604
0 34 46 31 50 28 3 605
0 56 52 19 45 21 3 606
1 68 55 30 53 34 6 607
1 40 70 75 72 71 1 608
0 92 59 35 61 51 3 609
1 85 31 58 31 47 2 610
0 19 49 28 51 27 3 611
0 40 40 12 43 12 3 612
0 103 30 78 13 60 5 613
1 51 90 28 90 25 2 614
1 7 31 46 29 56 2 615
1 0 33 45 34 43 5 616
1 101 57 76 54 77 3 617
1 26 70 36 73 36 5 618
1 19 52 30 52 27 1 619
1 78 42 58 46 44 1 620
1 97 16 2 36 4 2 621
1 81 55 24 52 21 1 622
0 0 65 31 67 40 3 623
0 121 39 37 39 40 5 624
1 19 28 25 53 43 1 625
0 63 92 24 90 37 3 626
1 65 6 51 7 46 1 627
1 87 49 47 60 41 3 628
0 23 50 43 54 40 3 629
0 40 51 80 56 80 4 630
1 44 43 2 46 3 1 631
1 112 88 93 86 94 4 632
0 73 45 4 18 2 3 633
1 112 30 51 32 45 2 634
0 40 52 20 58 19 3 635
1 118 58 50 55 58 1 636
0 22 33 51 33 43 3 637
0 59 30 44 18 62 3 638
0 35 47 31 53 26 3 639
1 135 91 34 91 31 2 640
1 14 45 41 53 43 2 641
0 128 47 3 44 4 3 642
1 10 23 2 45 1 2 643
1 92 3 96 1 95 4 644
0 68 51 46 49 48 3 645
1 91 51 23 55 27 2 646
0 56 59 41 55 41 3 647
1 79 52 26 55 27 2 648
0 141 56 29 52 39 4 649
1 9 57 42 52 46 5 650
0 139 56 2 60 2 3 651
0 121 49 49 49 45 3 652
1 99 59 51 60 48 1 653
1 76 71 68 68 72 1 654
0 81 69 40 55 38 5 655
0 67 48 38 42 31 3 656
0 17 6 58 7 37 3 657
0 108 6 64 5 73 3 658
1 11 68 41 62 46 1 659
0 64 46 34 60 34 5 660
1 116 61 22 59 24 1 661
0 94 33 49 34 44 3 662
0 34 62 41 60 44 3 663
1 98 58 2 54 2 3 664
0 121 5 59 6 54 3 665
1 94 31 58 28 59 3 666
0 29 63 9 49 7 3 667
1 57 50 78 54 75 1 668
0 139 6 37 6 23 3 669
0 116 51 2 53 0 3 670
0 121 87 4 81 2 3 671
0 108 6 64 6 56 3 672
0 71 64 43 68 39 3 673
0 16 68 28 43 18 3 674
1 64 88 94 86 96 2 675
1 3 45 33 41 34 4 676
1 94 55 80 56 75 2 677
0 16 52 19 49 19 3 678
0 0 64 55 64 51 3 679
1 73 58 36 60 34 6 680
0 79 42 25 41 28 3 681
0 102 79 6 74 6 3 682
1 39 60 43 55 50 1 683
0 66 6 51 5 67 3 684
1 73 52 48 55 39 1 685
1 34 6 27 6 30 1 686
0 76 53 19 59 19 4 687
1 46 58 1 54 2 1 688
0 123 57 33 55 31 3 689
0 64 54 44 49 45 3 690
1 23 63 37 31 14 1 691
1 72 54 38 58 40 5 692
0 96 16 60 46 89 3 693
1 8 61 47 62 34 1 694
1 138 41 4 44 4 5 695
0 29 54 42 55 46 3 696
0 24 45 29 46 27 3 697
0 130 62 39 62 35 3 698
0 100 57 80 53 79 3 699
0 112 54 45 38 52 3 700
1 87 67 35 68 41 1 701
0 21 32 42 27 49 3 702
0 135 44 34 37 43 3 703
1 132 67 41 58 43 1 704
1 17 7 39 6 42 1 705
1 98 61 48 62 46 2 706
0 97 55 72 58 74 6 707
0 16 92 24 91 36 3 708
1 69 49 20 35 20 2 709
1 77 59 39 60 41 1 710
0 68 26 50 30 50 3 711
1 121 39 46 41 42 6 712
0 132 14 61 32 78 3 713
0 132 38 3 42 4 3 714
1 132 63 1 58 2 1 715
1 36 33 50 29 65 1 716
1 120 56 2 60 1 1 717
1 32 34 45 28 48 5 718
0 116 80 6 70 6 5 719
0 126 31 54 26 63 3 720
0 68 60 26 55 39 3 721
1 29 57 40 54 34 2 722
1 106 55 44 53 40 5 723
0 69 98 15 98 18 3 724
1 19 50 20 56 18 1 725
0 132 55 42 58 44 3 726
1 80 39 10 42 11 1 727
0 61 68 34 61 35 3 728
0 130 27 25 45 50 3 729
0 81 48 3 43 2 3 730
1 76 61 32 66 42 2 731
1 56 54 36 54 43 1 732
0 67 50 37 48 40 3 733
0 32 87 3 85 4 3 734
0 23 54 33 56 30 3 735
0 126 54 47 58 36 3 736
0 40 6 67 6 62 3 737
0 3 28 2 0 2 3 738
1 16 43 12 74 15 2 739
0 102 56 2 58 1 3 740
1 137 71 34 37 16 1 741
0 37 60 48 50 67 3 742
0 28 62 39 65 27 3 743
1 122 5 69 6 65 1 744
1 10 43 31 42 33 2 745
0 126 30 14 25 25 3 746
0 0 49 46 59 45 3 747
0 24 55 16 57 28 3 748
1 56 63 33 58 29 1 749
1 26 56 30 60 22 3 750
1 25 60 22 62 26 2 751
0 124 55 58 54 60 3 752
0 116 61 2 80 3 3 753
1 119 44 54 32 57 1 754
1 132 52 2 47 2 2 755
1 90 47 43 57 34 1 756
1 101 54 76 59 76 1 757
1 139 91 38 90 36 1 758
0 39 53 55 53 45 3 759
0 102 47 57 43 63 3 760
0 97 48 56 58 36 3 761
1 5 98 21 98 17 2 762
1 103 49 78 62 68 1 763
1 13 73 30 67 42 1 764
0 95 64 45 58 58 3 765
1 132 52 48 51 52 1 766
0 101 88 93 81 92 3 767
1 79 88 93 88 90 3 768
0 121 71 70 69 69 3 769
1 96 42 13 40 12 4 770
0 70 50 25 47 30 3 771
1 0 98 24 98 16 1 772
0 14 6 31 6 28 4 773
0 72 50 36 48 39 3 774
0 123 31 46 30 56 6 775
0 36 22 19 50 39 5 776
1 107 5 67 3 66 3 777
0 37 54 25 49 28 3 778
0 78 61 35 48 61 3 779
1 109 62 23 61 29 1 780
0 136 89 93 85 92 6 781
0 78 56 80 53 80 3 782
1 102 57 53 51 61 3 783
1 115 58 74 60 73 1 784
1 82 65 76 70 72 1 785
0 106 54 56 57 54 3 786
1 53 54 37 56 25 1 787
1 70 88 93 84 93 1 788
0 131 5 71 3 75 3 789
0 38 41 42 40 44 3 790
0 136 57 29 61 25 3 791
0 64 59 1 63 11 3 792
1 63 40 21 38 11 1 793
1 84 32 45 28 48 1 794
0 24 52 43 44 50 3 795
1 4 72 39 70 35 2 796
0 92 40 4 44 2 3 797
0 128 48 30 51 26 3 798
1 96 41 11 39 13 5 799
0 80 30 44 33 48 5 800
0 101 60 40 55 54 3 801
1 26 70 23 69 26 2 802
1 14 63 33 56 50 1 803
0 50 66 73 70 73 3 804
1 99 57 24 55 16 1 805
0 8 53 33 54 31 3 806
1 28 52 60 54 56 2 807
1 28 98 17 98 23 2 808
0 129 39 38 44 32 3 809
0 116 39 10 44 12 3 810
0 39 54 38 48 53 3 811
1 18 61 38 54 53 1 812
1 93 53 2 56 2 1 813
0 79 40 42 32 59 3 814
0 102 54 42 46 44 3 815
0 107 38 12 43 12 4 816
0 104 60 39 59 41 3 817
0 35 60 40 55 45 3 818
1 113 54 30 58 25 5 819
1 79 31 48 26 64 1 820
0 37 5 72 4 80 5 821
0 52 45 34 41 30 3 822
1 5 59 36 54 39 1 823
0 61 58 37 56 41 3 824
0 95 41 13 39 14 3 825
1 141 61 29 65 11 1 826
1 27 5 36 6 58 1 827
1 108 51 36 48 37 1 828
1 71 55 50 54 39 2 829
0 66 57 19 52 20 6 830
1 18 90 47 90 43 2 831
0 109 46 4 44 2 3 832
0 96 63 34 56 42 3 833
0 88 59 44 64 34 3 834
1 18 59 34 58 46 1 835
1 140 61 61 60 55 1 836
0 38 62 20 49 28 3 837
0 17 56 53 57 51 3 838
0 98 62 39 59 36 3 839
0 105 53 59 52 61 3 840
1 74 51 62 45 90 5 841
1 9 53 75 57 73 1 842
0 132 61 29 62 27 3 843
1 97 88 94 86 95 2 844
0 18 55 26 51 26 3 845
1 140 50 2 56 2 1 846
0 47 48 78 46 88 3 847
0 11 52 57 50 49 3 848
0 78 56 29 52 33 3 849
1 128 54 31 56 27 2 850
1 37 66 93 65 95 1 851
0 35 48 30 49 28 3 852
0 48 32 49 27 49 5 853
1 54 67 93 64 92 1 854
1 67 55 80 59 79 5 855
1 84 58 48 53 60 3 856
0 118 58 20 56 18 5 857
1 60 47 20 42 20 2 858
0 80 67 41 58 53 3 859
1 12 56 49 59 38 1 860
0 60 57 40 54 39 3 861
0 97 51 53 46 58 3 862
1 30 91 35 90 38 1 863
1 107 43 38 44 36 1 864
1 0 57 28 61 29 2 865
0 59 58 49 62 42 3 866
0 26 52 40 54 56 3 867
0 143 52 19 60 19 6 868
0 78 41 3 43 2 3 869
1 106 33 44 34 40 4 870
1 102 44 65 48 65 1 871
0 135 98 25 98 28 3 872
0 142 40 12 37 13 3 873
1 81 58 41 58 38 2 874
1 119 30 54 25 56 3 875
1 64 29 48 27 49 3 876
1 103 50 49 49 51 2 877
1 6 59 31 50 20 1 878
0 72 58 33 54 32 3 879
0 6 53 38 52 40 3 880
0 60 48 46 47 52 3 881
1 116 59 28 56 28 1 882
0 35 56 80 54 81 3 883
0 48 53 41 55 43 3 884
1 66 60 18 56 18 3 885
1 96 31 46 33 31 5 886
1 0 51 57 57 42 5 887
0 101 37 38 45 40 3 888
1 41 6 54 6 45 1 889
1 97 57 43 58 39 3 890
1 62 32 38 30 33 2 891
1 93 52 29 46 31 1 892
0 39 44 65 52 75 3 893
0 77 66 1 61 1 3 894
0 0 70 33 70 36 3 895
1 1 59 15 58 18 3 896
0 143 46 20 34 23 3 897
1 38 55 31 61 28 5 898
0 28 42 60 44 63 3 899
0 129 38 48 36 69 3 900
0 72 51 49 53 44 3 901
1 63 44 4 42 5 1 902
0 104 70 28 73 34 3 903
1 108 6 66 5 63 1 904
0 11 42 39 38 37 3 905
0 0 58 26 48 26 5 906
0 16 68 37 67 35 5 907
1 130 6 35 5 33 3 908
0 82 68 69 61 65 3 909
1 88 64 36 59 38 2 910
0 83 51 35 52 33 3 911
1 64 32 43 26 50 2 912
0 19 29 48 31 42 3 913
0 141 28 49 31 42 3 914
0 10 65 38 63 43 3 915
0 46 64 1 61 1 5 916
1 80 31 49 32 41 1 917
0 77 59 42 58 46 3 918
1 57 6 30 6 34 1 919
1 64 32 43 35 41 2 920
1 37 54 41 56 37 1 921
0 82 49 30 47 31 3 922
1 109 52 42 47 48 1 923
1 99 42 19 43 31 1 924
1 116 60 47 61 44 1 925
1 66 37 41 42 32 5 926
0 32 81 6 77 7 5 927
0 35 38 12 43 12 3 928
1 6 5 68 5 72 3 929
1 49 89 93 86 92 1 930
0 6 46 41 42 65 3 931
0 36 6 40 2 40 3 932
1 109 55 41 50 49 4 933
0 126 57 76 61 69 6 934
0 128 53 39 55 37 3 935
0 50 49 28 46 32 5 936
1 0 31 50 34 46 1 937
0 5 51 50 53 46 3 938
0 138 77 6 80 6 3 939
1 60 54 50 58 42 1 940
1 106 58 2 61 1 4 941
0 92 61 19 57 18 3 942
1 40 54 39 58 42 3 943
1 55 41 45 61 38 1 944
0 88 60 46 49 66 3 945
0 42 70 36 68 40 3 946
1 56 50 47 55 50 1 947
0 56 49 53 51 54 3 948
1 38 26 2 12 1 1 949
1 83 40 4 34 4 1 950
0 54 62 39 57 41 5 951
0 18 39 40 37 39 3 952
1 9 48 60 45 62 1 953
0 132 46 4 28 4 3 954
0 116 63 1 57 1 3 955
1 20 44 62 41 75 1 956
0 80 32 47 34 40 3 957
1 108 61 37 62 35 1 958
0 88 54 57 59 46 3 959
0 122 59 45 58 43 3 960
1 83 51 36 53 41 1 961
1 40 59 19 39 19 1 962
0 50 46 71 48 68 3 963
1 88 58 33 56 40 1 964
1 96 44 11 36 13 1 965
1 43 98 23 98 19 2 966
1 109 47 55 37 75 1 967
0 75 61 19 25 16 3 968
1 93 6 35 5 40 4 969
1 118 50 52 53 45 2 970
1 66 40 38 37 42 1 971
0 23 50 24 50 29 3 972
1 40 68 43 65 39 6 973
1 7 29 54 27 58 3 974
1 69 57 48 58 52 1 975
0 102 83 4 81 5 3 976
1 40 66 92 63 93 1 977
1 101 52 50 54 43 1 978
0 48 50 52 53 51 3 979
1 104 62 2 79 6 1 980
1 118 3 96 1 95 5 981
1 48 71 34 68 35 1 982
0 80 37 15 39 14 3 983
0 28 41 78 42 81 6 984
1 130 41 4 37 5 2 985
0 125 55 20 49 18 3 986
1 8 37 13 40 10 1 987
1 52 68 36 65 44 1 988
1 21 64 40 56 53 1 989
0 93 92 31 90 35 3 990
1 103 6 41 6 32 2 991
0 46 56 63 51 61 3 992
1 107 54 76 57 75 1 993
1 40 67 42 70 29 1 994
1 11 69 33 63 30 2 995
0 19 53 47 54 49 3 996
1 117 57 37 60 32 2 997
0 78 6 49 7 53 3 998
1 4 52 27 56 22 1 999
1 137 33 46 31 50 1 1000
1 24 60 45 65 36 3 1001
0 132 47 52 32 56 3 1002
1 125 51 55 50 48 1 1003
0 117 51 49 51 54 3 1004
1 18 92 33 92 30 5 1005
1 49 52 22 50 23 1 1006
1 6 64 44 63 46 1 1007
1 4 69 38 70 36 1 1008
0 126 54 38 53 42 3 1009
0 116 60 38 65 41 3 1010
1 11 52 25 53 28 1 1011
1 120 98 23 98 18 1 1012
0 99 31 51 31 48 3 1013
0 105 68 47 65 45 5 1014
1 50 49 29 44 34 5 1015
0 19 47 16 50 18 3 1016
1 101 63 16 60 18 4 1017
1 54 5 67 5 71 1 1018
0 41 56 30 54 32 4 1019
0 13 62 2 54 2 3 1020
1 0 4 39 3 20 1 1021
0 79 60 30 69 20 3 1022
1 143 58 45 55 64 1 1023
1 93 6 38 6 35 1 1024
1 74 55 80 51 80 1 1025
1 96 51 32 52 29 1 1026
1 88 56 65 58 60 2 1027
0 100 69 40 66 40 3 1028
1 72 49 34 50 51 1 1029
1 52 54 61 51 64 1 1030
0 94 49 43 56 35 3 1031
1 57 49 77 57 73 6 1032
1 131 65 32 70 36 1 1033
0 77 48 19 43 21 3 1034
1 120 62 32 55 42 1 1035
1 43 98 28 98 22 1 1036
1 47 45 3 25 3 1 1037
1 83 6 30 6 35 6 1038
0 65 60 38 54 40 3 1039
1 123 5 77 6 71 1 1040
1 118 58 36 42 39 2 1041
0 24 53 44 52 29 3 1042
1 97 55 26 55 22 6 1043
1 88 54 57 59 55 1 1044
0 12 57 34 55 31 3 1045
0 24 49 54 56 45 3 1046
0 134 6 37 6 41 3 1047
0 44 52 32 54 30 3 1048
1 53 71 73 97 60 2 1049
1 90 60 15 55 18 4 1050
0 108 91 26 91 34 3 1051
1 10 39 38 35 26 5 1052
1 82 45 63 56 44 1 1053
1 102 43 65 47 68 3 1054
1 39 52 35 55 32 1 1055
0 88 68 5 78 6 3 1056
1 97 42 3 38 3 1 1057
0 105 63 33 64 41 3 1058
0 78 53 44 55 45 3 1059
1 25 58 33 60 25 2 1060
1 129 55 30 52 32 1 1061
0 47 66 94 61 96 3 1062
1 40 45 34 48 34 5 1063
1 10 40 37 43 30 1 1064
0 98 6 38 6 41 3 1065
1 123 31 51 25 67 1 1066
1 143 66 93 65 96 5 1067
1 14 68 33 64 30 2 1068
1 10 54 50 49 49 4 1069
0 46 82 5 80 6 3 1070
0 141 45 50 44 57 3 1071
0 29 46 64 50 66 3 1072
1 73 55 18 59 17 1 1073
0 41 85 2 83 3 4 1074
0 25 51 20 57 18 3 1075
1 124 91 38 91 35 1 1076
1 60 66 41 69 37 1 1077
1 14 48 19 50 18 1 1078
1 57 5 56 7 12 2 1079
1 94 56 33 54 39 2 1080
0 133 44 64 49 50 3 1081
1 56 50 55 55 41 1 1082
0 104 80 6 70 6 3 1083
1 47 55 19 53 20 1 1084
0 81 5 67 6 65 3 1085
0 81 78 6 82 5 3 1086
1 136 31 59 33 51 2 1087
0 105 55 18 58 17 3 1088
1 117 56 34 55 42 1 1089
1 44 69 76 64 76 1 1090
1 63 68 70 40 57 1 1091
1 47 56 2 61 1 1 1092
1 0 32 46 31 43 1 1093
1 121 5 42 5 47 1 1094
1 72 81 5 80 3 1 1095
1 31 68 72 74 67 1 1096
0 33 51 20 48 21 5 1097
1 101 53 50 51 48 1 1098
0 108 28 43 27 46 3 1099
0 19 46 54 34 87 5 1100
1 45 44 51 47 51 5 1101
0 65 44 63 46 62 3 1102
1 69 59 26 54 31 1 1103
1 56 46 53 48 50 5 1104
0 38 55 36 49 36 3 1105
1 63 6 32 7 40 2 1106
0 2 64 47 62 49 3 1107
1 6 89 92 87 94 1 1108
0 93 54 1 57 1 3 1109
0 9 72 71 69 71 3 1110
0 2 78 6 81 5 3 1111
0 82 71 43 66 44 3 1112
1 53 54 36 49 35 1 1113
0 37 54 29 51 29 3 1114
1 79 67 50 69 47 2 1115
1 25 65 1 55 2 1 1116
1 33 51 55 46 68 3 1117
0 91 52 27 49 28 3 1118
1 111 5 27 6 33 1 1119
1 87 42 67 46 84 5 1120
0 62 61 1 57 2 6 1121
1 131 53 51 55 47 1 1122
1 97 70 43 63 26 1 1123
1 115 54 76 51 82 3 1124
1 141 59 48 56 51 1 1125
1 9 7 38 7 45 1 1126
0 22 59 35 57 24 3 1127
0 33 59 21 59 25 3 1128
1 23 50 79 54 80 5 1129
0 4 53 25 64 26 3 1130
0 88 54 67 55 69 3 1131
1 94 54 32 41 59 1 1132
0 18 56 50 61 45 3 1133
1 60 52 18 45 20 2 1134
0 113 55 26 53 29 3 1135
0 32 59 47 52 30 3 1136
0 66 42 31 40 44 3 1137
0 52 53 52 60 40 3 1138
0 57 53 30 53 39 3 1139
0 66 23 47 25 46 3 1140
1 122 67 40 69 38 3 1141
0 116 59 26 60 22 3 1142
1 10 45 31 39 44 1 1143
0 28 61 32 60 41 3 1144
0 97 55 26 54 24 3 1145
0 143 37 13 39 12 3 1146
0 49 60 34 59 36 3 1147
0 40 7 46 6 53 3 1148
1 4 5 67 6 63 1 1149
0 121 73 68 69 73 3 1150
1 137 32 48 28 28 1 1151
1 1 57 37 60 42 1 1152
0 136 68 70 70 72 3 1153
0 70 56 20 50 21 3 1154
1 72 98 24 98 21 4 1155
1 74 62 1 46 1 1 1156
1 80 60 37 51 44 2 1157
1 137 44 58 46 57 1 1158
1 34 61 28 56 30 2 1159
0 46 60 2 57 2 3 1160
1 128 31 49 35 40 1 1161
1 37 46 4 35 4 1 1162
1 140 54 46 53 44 2 1163
0 35 50 38 47 50 3 1164
1 75 66 93 65 95 1 1165
0 24 54 50 48 59 3 1166
0 36 54 70 57 62 3 1167
1 131 63 44 68 40 1 1168
0 31 68 77 66 74 3 1169
1 133 49 57 55 52 5 1170
1 20 70 33 58 44 1 1171
0 29 61 43 58 42 3 1172
1 54 62 50 56 55 1 1173
1 1 36 13 43 12 3 1174
0 59 65 74 68 76 3 1175
0 62 62 2 58 2 3 1176
1 104 51 63 55 55 2 1177
1 142 66 35 65 26 1 1178
1 111 60 73 32 78 1 1179
1 28 61 37 56 46 1 1180
1 79 52 19 61 17 1 1181
0 42 49 46 46 60 3 1182
1 87 42 59 42 74 5 1183
0 125 40 45 44 36 3 1184
0 21 84 4 86 2 3 1185
0 65 58 47 58 43 3 1186
0 112 58 44 60 32 3 1187
1 96 29 47 32 45 1 1188
1 78 91 37 92 30 1 1189
0 109 64 45 66 36 3 1190
0 35 66 93 60 95 3 1191
0 39 59 37 59 40 3 1192
1 91 53 45 48 52 1 1193
0 77 60 37 62 38 3 1194
1 89 33 46 34 44 1 1195
0 139 90 25 90 19 3 1196
1 115 6 45 6 40 1 1197
0 68 54 18 59 30 3 1198
0 101 58 41 54 49 3 1199
0 129 59 42 40 30 3 1200
0 38 56 29 60 27 3 1201
0 68 52 40 55 30 5 1202
0 0 64 44 67 47 3 1203
0 60 52 19 49 18 3 1204
0 46 46 88 48 84 3 1205
1 81 77 6 81 5 1 1206
0 13 7 41 3 45 3 1207
0 75 64 27 61 26 3 1208
0 112 52 24 51 20 5 1209
0 65 60 19 61 17 3 1210
1 133 49 44 52 47 1 1211
1 123 58 34 56 37 1 1212
1 138 55 34 52 59 2 1213
1 19 88 92 87 90 1 1214
0 22 61 31 64 26 3 1215
0 23 6 44 6 54 3 1216
0 133 52 34 45 43 3 1217
1 18 62 39 61 35 2 1218
0 3 70 39 68 38 3 1219
1 45 49 80 56 80 5 1220
1 28 60 35 59 37 1 1221
0 45 63 45 50 45 3 1222
1 8 51 25 50 28 1 1223
0 55 87 3 85 4 3 1224
1 55 75 6 82 5 1 1225
0 102 6 33 5 37 3 1226
1 137 87 4 84 3 1 1227
1 41 51 17 63 17 3 1228
1 74 78 6 81 5 6 1229
0 46 50 32 45 39 3 1230
1 100 51 52 53 51 1 1231
1 6 81 4 76 4 3 1232
0 81 47 59 50 47 3 1233
0 110 47 2 43 3 3 1234
1 130 81 6 70 6 1 1235
0 103 59 77 54 76 3 1236
1 52 52 53 59 45 1 1237
0 113 53 50 55 44 3 1238
1 21 52 1 48 2 1 1239
0 108 64 94 65 91 3 1240
0 64 58 47 48 47 3 1241
0 87 55 55 52 35 3 1242
0 70 68 72 71 69 5 1243
0 14 98 25 98 21 3 1244
1 63 67 79 63 80 1 1245
1 64 47 53 48 51 1 1246
0 26 69 31 67 41 3 1247
0 17 6 46 6 43 3 1248
0 38 41 34 43 35 3 1249
0 92 58 1 45 1 3 1250
1 36 91 28 91 32 3 1251
1 34 51 80 55 80 1 1252
1 124 92 28 92 14 2 1253
1 86 66 44 66 40 2 1254
0 48 51 41 54 41 3 1255
1 9 47 67 49 66 1 1256
1 83 47 20 49 21 1 1257
0 66 69 39 70 42 3 1258
1 12 54 40 55 38 1 1259
1 135 37 41 36 27 1 1260
0 27 59 32 57 33 3 1261
1 39 53 48 53 40 1 1262
0 62 56 26 55 42 3 1263
0 13 57 37 50 55 3 1264
1 20 55 42 53 46 1 1265
0 83 48 53 48 57 3 1266
1 39 59 41 52 41 1 1267
0 99 65 94 67 93 3 1268
0 107 57 53 64 43 3 1269
0 54 62 31 59 43 3 1270
0 72 49 65 50 62 3 1271
0 86 52 61 49 69 3 1272
1 126 56 40 58 34 3 1273
0 68 43 57 47 50 3 1274
0 54 58 47 61 47 3 1275
1 18 64 42 66 39 1 1276
0 90 6 52 6 49 3 1277
0 74 62 40 55 53 3 1278
0 35 52 25 55 22 3 1279
1 110 5 58 6 61 1 1280
0 47 41 11 37 13 3 1281
1 18 57 45 56 33 1 1282
0 97 32 55 34 42 3 1283
1 36 49 64 23 63 1 1284
1 61 71 32 75 31 1 1285
1 56 55 41 48 45 1 1286
1 117 6 64 5 66 1 1287
1 22 31 55 33 49 5 1288
0 87 50 43 49 53 3 1289
0 79 55 18 48 20 3 1290
1 141 55 31 61 29 1 1291
0 64 40 13 35 13 6 1292
0 41 61 33 15 20 3 1293
0 86 55 74 57 72 5 1294
1 116 61 25 60 35 3 1295
1 43 98 18 98 4 1 1296
1 116 60 29 54 41 3 1297
0 102 54 44 55 30 3 1298
1 56 52 45 48 70 1 1299
1 76 6 29 5 27 2 1300
0 64 79 6 81 4 3 1301
0 55 64 93 65 96 3 1302
1 107 37 28 32 40 1 1303
0 23 68 32 67 40 3 1304
1 73 6 61 5 65 1 1305
1 118 52 19 61 16 3 1306
1 109 56 48 51 44 1 1307
1 131 51 43 55 35 2 1308
1 138 68 68 70 72 1 1309
1 118 46 19 37 18 1 1310
0 140 69 38 68 41 6 1311
0 139 5 45 5 52 3 1312
0 61 44 12 39 12 3 1313
0 48 67 72 73 71 3 1314
0 121 39 37 40 35 3 1315
0 60 58 57 55 56 3 1316
1 74 61 51 59 54 1 1317
0 80 34 41 30 52 3 1318
1 123 37 21 42 38 1 1319
0 139 54 44 36 37 3 1320
0 108 31 47 30 49 3 1321
0 129 98 14 98 17 3 1322
1 22 78 6 81 5 1 1323
1 126 53 43 57 37 1 1324
0 132 68 39 75 31 3 1325
1 46 58 2 67 1 1 1326
0 18 87 3 85 4 3 1327
1 88 50 77 48 83 1 1328
0 90 87 95 85 96 3 1329
1 91 50 42 57 39 1 1330
1 62 51 43 49 44 4 1331
1 58 60 38 51 34 1 1332
0 1 58 18 63 16 3 1333
1 120 47 25 43 23 2 1334
1 94 5 69 3 79 4 1335
1 38 60 29 64 20 3 1336
0 112 56 38 53 44 3 1337
0 106 6 42 6 49 3 1338
1 8 60 29 61 26 1 1339
1 100 54 80 51 80 1 1340
0 17 44 4 47 4 3 1341
1 95 67 35 70 35 1 1342
1 110 91 22 92 26 3 1343
1 101 58 1 61 2 2 1344
1 33 55 30 58 33 1 1345
0 59 61 47 58 53 3 1346
0 103 53 51 47 68 3 1347
0 98 57 28 61 25 6 1348
1 143 36 31 42 30 2 1349
1 68 66 37 59 46 2 1350
1 10 62 35 57 46 1 1351
1 66 42 35 44 34 2 1352
1 56 51 52 52 58 1 1353
1 40 6 66 6 63 1 1354
0 143 46 31 54 26 3 1355
1 14 60 50 54 53 1 1356
1 71 88 92 87 89 1 1357
0 84 82 4 80 5 3 1358
1 11 60 33 61 31 1 1359
1 84 59 32 59 25 1 1360
0 86 85 93 83 94 3 1361
0 82 52 49 56 38 3 1362
0 65 80 5 82 6 3 1363
0 113 50 42 48 39 3 1364
1 116 44 17 42 16 1 1365
1 77 54 32 56 30 1 1366
0 69 69 36 60 41 3 1367
1 137 37 43 37 39 1 1368
1 66 51 49 54 52 1 1369
1 140 57 46 50 53 1 1370
0 55 87 3 85 4 5 1371
1 112 55 40 58 36 1 1372
0 79 31 52 32 45 5 1373
0 39 61 31 63 1 3 1374
1 81 46 45 50 56 1 1375
0 143 57 34 42 33 6 1376
1 66 39 37 39 40 2 1377
1 13 5 66 6 63 5 1378
0 38 43 35 38 43 3 1379
0 100 50 80 55 80 3 1380
0 52 61 61 61 51 3 1381
0 19 54 51 52 43 3 1382
0 63 48 3 43 4 4 1383
1 115 59 75 58 73 2 1384
0 92 63 1 58 1 3 1385
0 57 5 60 6 56 3 1386
1 128 61 1 57 1 1 1387
0 36 50 38 50 35 3 1388
1 79 37 42 42 34 1 1389
0 94 32 49 33 46 3 1390
1 22 52 17 54 18 1 1391
1 78 56 71 62 69 1 1392
1 108 53 50 32 41 1 1393
1 59 91 29 91 35 2 1394
1 56 44 17 43 39 1 1395
0 137 54 45 40 45 3 1396
0 52 51 2 43 3 5 1397
0 36 29 58 31 59 3 1398
1 22 31 77 54 77 2 1399
1 112 52 18 45 20 2 1400
1 136 15 21 58 39 2 1401
0 33 49 21 45 20 4 1402
0 97 56 73 53 77 3 1403
1 1 59 18 62 17 1 1404
1 16 68 39 75 48 1 1405
0 19 53 24 51 31 3 1406
0 46 71 40 61 46 5 1407
1 74 88 93 87 91 2 1408
1 45 49 35 54 30 1 1409
1 53 63 70 55 78 1 1410
0 116 44 18 38 21 3 1411
1 127 51 80 54 80 1 1412
0 28 57 70 57 78 3 1413
1 10 59 2 49 2 1 1414
1 81 52 37 61 37 1 1415
0 52 41 12 38 13 3 1416
0 71 48 2 51 2 3 1417
1 130 33 46 31 52 1 1418
1 32 55 53 59 48 1 1419
1 68 52 32 49 57 1 1420
1 72 54 45 38 51 1 1421
0 63 43 74 57 72 3 1422
0 29 54 36 64 34 3 1423
1 57 6 51 7 36 1 1424
1 127 67 74 52 75 1 1425
0 48 58 73 59 71 3 1426
1 32 56 55 58 54 1 1427
0 18 60 37 62 38 3 1428
0 5 61 43 56 63 5 1429
1 30 69 41 48 44 1 1430
1 52 43 3 45 2 1 1431
0 28 64 41 67 37 3 1432
1 81 58 48 55 65 3 1433
0 4 45 34 46 29 4 1434
1 77 59 1 63 1 1 1435
1 85 32 46 34 43 1 1436
1 133 55 41 45 60 1 1437
1 74 56 15 60 15 2 1438
1 26 55 42 49 48 5 1439
1 5 60 48 56 53 2 1440
1 114 71 39 70 24 3 1441
1 34 47 3 51 2 1 1442
1 108 54 80 49 81 1 1443
1 5 55 38 61 33 1 1444
0 102 81 6 79 7 4 1445
1 3 86 4 88 3 4 1446
1 57 98 23 98 18 5 1447
1 8 92 25 91 18 3 1448
0 78 51 52 49 56 3 1449
1 31 44 78 50 47 2 1450
0 128 58 18 63 16 3 1451
1 48 31 44 28 49 1 1452
0 36 52 58 50 64 3 1453
0 16 22 18 44 33 3 1454
0 22 34 16 41 13 3 1455
1 39 57 46 51 69 1 1456
1 79 63 18 68 18 2 1457
1 128 31 44 19 46 2 1458
0 71 56 49 55 40 3 1459
0 106 48 52 37 50 3 1460
1 68 63 31 61 41 1 1461
0 97 80 6 83 4 3 1462
0 57 6 55 7 46 3 1463
1 51 62 38 57 39 1 1464
0 70 45 34 41 35 3 1465
1 88 68 39 69 34 1 1466
1 142 65 49 48 31 4 1467
0 135 49 56 52 44 3 1468
0 22 33 50 29 55 3 1469
1 11 47 55 45 51 2 1470
0 51 48 21 49 18 3 1471
1 114 60 45 63 48 1 1472
1 90 57 34 35 29 1 1473
0 49 57 74 58 76 3 1474
1 36 57 48 51 46 2 1475
0 67 49 80 52 80 3 1476
1 119 5 28 5 25 2 1477
1 23 52 40 59 37 1 1478
0 124 58 2 54 2 5 1479
1 5 55 79 57 78 1 1480
0 103 32 78 54 75 3 1481
1 103 63 45 68 39 1 1482
0 59 58 1 54 2 3 1483
0 21 62 46 61 40 3 1484
1 130 59 36 52 37 1 1485
1 74 56 60 57 52 1 1486
0 123 30 52 23 59 5 1487
1 32 59 55 54 58 3 1488
0 141 91 36 91 29 3 1489
1 79 59 17 57 16 4 1490
0 124 69 37 68 39 3 1491
1 48 50 49 48 52 1 1492
0 73 44 19 60 16 3 1493
0 48 40 12 43 12 3 1494
0 13 6 65 4 66 3 1495
0 85 64 46 65 43 3 1496
0 81 5 71 5 67 3 1497
0 24 56 80 52 80 3 1498
1 121 37 15 42 12 1 1499
0 5 51 65 58 46 3 1500
1 74 52 36 58 35 6 1501
0 111 58 80 55 80 6 1502
0 13 61 29 63 32 3 1503
0 123 31 58 34 41 3 1504
1 98 49 51 32 57 1 1505
1 74 22 19 33 57 1 1506
0 59 52 51 45 64 3 1507
1 83 6 30 6 34 2 1508
0 130 6 33 6 28 3 1509
0 76 61 42 58 45 4 1510
0 43 55 40 64 46 5 1511
1 49 59 49 54 55 1 1512
0 80 42 12 36 13 3 1513
1 129 58 40 61 34 2 1514
0 115 58 46 49 45 3 1515
0 120 41 34 37 50 3 1516
1 112 36 13 32 14 4 1517
1 76 48 57 55 41 2 1518
0 74 6 49 6 52 3 1519
1 103 69 33 63 44 1 1520
1 130 59 35 57 38 1 1521
0 72 98 15 98 20 3 1522
1 119 30 78 38 74 1 1523
0 39 52 34 52 42 3 1524
1 14 60 36 58 37 1 1525
0 1 30 54 32 39 3 1526
0 18 30 55 33 47 3 1527
0 13 68 46 67 49 3 1528
0 62 37 11 40 12 3 1529
1 95 69 74 65 77 3 1530
1 121 6 29 6 35 6 1531
0 7 58 30 56 23 3 1532
1 126 66 42 50 46 1 1533
1 102 46 59 49 32 1 1534
1 64 98 13 98 17 1 1535
0 24 51 46 46 75 3 1536
0 86 6 44 7 46 6 1537
0 19 63 22 65 29 3 1538
0 101 56 50 60 39 3 1539
0 133 56 80 50 81 3 1540
1 109 58 60 58 54 1 1541
1 19 58 20 62 31 1 1542
1 24 52 56 54 51 1 1543
0 44 28 52 31 49 3 1544
0 97 78 6 80 5 3 1545
0 87 50 63 50 50 6 1546
1 87 52 53 48 53 2 1547
1 137 33 53 59 98 2 1548
1 51 71 74 69 73 1 1549
1 11 48 68 47 71 1 1550
0 110 66 93 62 96 3 1551
0 66 51 25 47 31 3 1552
1 42 5 64 4 77 2 1553
0 103 62 17 55 18 3 1554
0 102 66 29 59 45 3 1555
1 30 44 3 47 3 1 1556
1 104 63 75 68 72 1 1557
0 121 68 39 45 34 3 1558
1 135 46 27 42 31 1 1559
0 102 56 51 57 49 3 1560
1 65 3 13 3 19 1 1561
1 36 59 42 58 45 4 1562
1 36 5 37 6 40 1 1563
1 12 69 73 66 76 3 1564
0 46 46 21 44 20 3 1565
0 0 53 54 51 57 3 1566
0 46 32 55 33 50 3 1567
1 128 57 34 55 37 5 1568
1 128 52 36 52 30 2 1569
1 38 49 37 50 24 1 1570
1 30 26 2 50 2 1 1571
1 14 44 3 38 2 1 1572
1 33 91 26 92 30 3 1573
0 104 59 42 57 37 3 1574
0 48 91 29 91 33 3 1575
1 76 45 34 43 31 3 1576
1 80 52 76 50 78 3 1577
0 12 55 36 58 34 3 1578
1 0 62 34 52 58 1 1579
1 0 60 29 59 36 5 1580
1 48 60 17 57 20 2 1581
1 49 58 43 30 14 1 1582
0 143 44 12 40 11 3 1583
1 58 61 41 58 41 5 1584
0 81 52 17 47 15 3 1585
1 84 38 12 40 11 1 1586
0 126 48 55 41 83 3 1587
0 78 55 44 52 53 3 1588
0 16 56 34 55 41 3 1589
0 25 64 20 56 16 3 1590
0 103 48 4 44 4 3 1591
1 128 58 58 55 21 1 1592
1 34 40 3 33 4 1 1593
1 53 56 47 19 37 2 1594
1 53 59 30 60 23 1 1595
0 88 55 65 51 68 3 1596
1 20 60 1 63 1 1 1597
1 35 30 50 27 50 1 1598
1 1 57 18 55 19 1 1599
0 82 98 21 98 13 3 1600
0 25 70 72 68 74 3 1601
1 11 6 57 6 53 1 1602
1 108 91 31 91 26 1 1603
1 22 32 54 29 64 5 1604
0 101 54 80 51 81 4 1605
1 13 5 70 6 64 3 1606
0 63 91 38 91 41 3 1607
0 128 49 29 52 27 6 1608
1 92 7 40 6 44 1 1609
1 12 56 73 56 77 1 1610
1 118 50 19 40 18 1 1611
1 30 67 72 70 70 1 1612
0 67 77 6 80 5 3 1613
0 17 57 75 59 76 3 1614
1 95 57 44 49 49 1 1615
1 91 67 37 63 45 6 1616
0 11 79 6 82 6 3 1617
0 111 49 38 50 40 3 1618
1 18 38 14 32 13 1 1619
1 110 55 30 60 30 1 1620
1 142 41 3 45 2 1 1621
1 134 66 91 65 93 5 1622
1 14 44 45 42 42 1 1623
0 15 31 57 34 47 3 1624
1 3 52 25 46 37 1 1625
0 98 54 38 54 41 3 1626
1 126 58 2 51 2 1 1627
0 116 64 10 60 28 3 1628
1 95 68 44 60 63 1 1629
0 105 55 80 51 80 3 1630
1 82 53 41 49 44 1 1631
1 32 58 54 61 43 1 1632
1 68 52 56 48 57 6 1633
0 137 63 40 55 38 3 1634
1 54 54 25 51 40 1 1635
0 48 91 39 92 28 3 1636
1 36 31 51 33 42 2 1637
0 75 53 46 52 44 3 1638
1 62 53 35 62 24 2 1639
1 98 46 19 53 18 2 1640
1 104 58 43 46 63 1 1641
1 8 69 37 67 43 1 1642
0 14 66 49 55 30 3 1643
0 133 54 53 53 51 6 1644
1 111 55 49 49 50 1 1645
0 36 58 39 47 35 3 1646
0 111 6 64 5 67 3 1647
0 74 6 34 6 25 3 1648
1 76 30 45 32 44 2 1649
1 64 52 26 51 37 1 1650
0 132 67 40 43 19 3 1651
0 71 86 4 88 3 3 1652
0 14 53 42 48 51 3 1653
1 32 30 43 32 38 1 1654
1 120 48 3 37 3 2 1655
1 3 67 44 37 16 2 1656
0 21 58 61 55 53 3 1657
0 40 29 64 30 59 3 1658
0 46 39 3 44 3 3 1659
0 64 59 35 60 38 3 1660
1 16 6 44 5 58 1 1661
0 106 5 59 6 49 3 1662
0 35 55 80 52 80 3 1663
1 135 5 68 6 66 1 1664
1 40 47 2 42 3 1 1665
0 24 46 4 42 4 3 1666
1 122 6 64 5 69 1 1667
0 31 56 40 59 37 3 1668
0 110 60 29 57 21 3 1669
1 132 69 36 65 43 2 1670
0 46 59 75 53 77 3 1671
0 6 52 25 46 31 3 1672
0 117 40 60 38 57 3 1673
1 68 54 16 55 13 4 1674
1 66 42 30 46 30 1 1675
1 23 52 25 51 27 2 1676
1 26 47 60 9 60 1 1677
1 138 55 38 58 38 1 1678
0 40 5 72 6 65 3 1679
1 111 63 31 59 37 1 1680
0 86 89 92 86 94 3 1681
1 66 5 65 5 61 1 1682
0 102 56 61 51 61 6 1683
1 10 40 36 42 39 2 1684
1 80 38 12 33 10 1 1685
0 112 49 2 42 2 3 1686
0 95 56 38 52 70 4 1687
1 76 6 48 5 43 1 1688
0 97 53 27 52 23 5 1689
0 45 51 80 56 80 6 1690
0 96 41 35 39 38 3 1691
0 140 68 42 69 37 5 1692
0 12 66 45 63 50 3 1693
0 71 60 32 58 31 3 1694
1 38 68 71 56 90 1 1695
0 0 32 57 40 52 3 1696
1 19 53 43 52 45 2 1697
1 108 34 42 33 50 1 1698
1 4 51 56 48 52 1 1699
0 64 59 23 59 26 3 1700
0 11 64 44 66 42 3 1701
1 14 59 17 55 21 1 1702
1 5 27 25 36 76 1 1703
1 36 55 47 53 45 1 1704
1 126 47 48 23 20 1 1705
1 108 63 52 68 43 5 1706
1 86 6 59 7 37 1 1707
0 24 47 2 42 2 3 1708
1 123 55 80 51 80 2 1709
0 111 46 44 47 50 3 1710
1 51 48 36 55 38 1 1711
0 17 69 45 69 37 3 1712
0 121 50 61 49 65 4 1713
0 36 47 54 36 48 3 1714
1 16 30 51 31 49 1 1715
0 115 42 3 39 3 3 1716
1 0 22 19 26 42 6 1717
0 73 73 66 72 74 3 1718
0 26 58 22 54 32 4 1719
1 96 57 20 60 19 1 1720
0 83 59 28 58 33 3 1721
1 19 51 60 52 58 2 1722
1 66 43 35 38 39 3 1723
0 23 68 34 67 37 3 1724
1 142 48 45 47 42 1 1725
0 111 31 46 31 36 3 1726
0 67 48 62 48 55 3 1727
0 121 56 39 55 46 3 1728
0 141 58 48 54 39 5 1729
1 104 51 28 51 25 1 1730
0 142 91 34 86 23 3 1731
0 110 33 45 28 36 4 1732
1 31 59 35 58 38 2 1733
1 18 57 28 55 32 1 1734
1 128 54 34 48 37 1 1735
1 124 61 46 61 49 2 1736
1 75 56 37 54 46 1 1737
0 8 58 57 59 54 3 1738
1 32 49 51 42 51 2 1739
1 108 27 60 25 76 1 1740
0 53 55 45 58 38 3 1741
0 0 65 26 30 14 3 1742
1 76 69 38 58 40 6 1743
1 102 6 36 6 41 6 1744
1 0 49 47 42 60 1 1745
0 102 41 19 50 19 3 1746
0 44 4 66 5 71 3 1747
1 91 50 35 50 38 1 1748
0 84 69 37 67 33 3 1749
1 58 46 31 44 33 1 1750
0 21 60 74 58 75 3 1751
1 73 57 42 55 50 1 1752
1 37 63 34 52 45 3 1753
0 62 5 71 5 67 3 1754
1 56 56 64 54 68 1 1755
1 96 6 47 7 33 5 1756
1 92 60 27 58 31 1 1757
1 33 52 44 44 49 6 1758
0 38 55 21 59 17 3 1759
0 108 50 79 51 77 3 1760
1 68 68 39 60 61 3 1761
0 69 58 18 61 17 3 1762
0 116 51 48 28 25 4 1763
1 130 59 49 54 37 1 1764
1 90 69 37 71 32 1 1765
0 0 6 34 5 40 5 1766
0 58 61 1 64 1 3 1767
0 122 60 22 57 20 5 1768
1 72 98 20 98 17 1 1769
0 78 85 13 91 27 3 1770
0 89 66 39 65 42 3 1771
1 14 65 29 61 41 1 1772
0 143 44 2 23 1 3 1773
0 53 50 45 48 47 3 1774
0 64 55 37 53 39 3 1775
1 24 77 6 82 6 2 1776
1 136 54 80 50 81 1 1777
1 118 60 15 48 23 1 1778
1 86 6 56 7 37 2 1779
0 143 26 50 30 46 3 1780
1 74 39 4 43 4 1 1781
1 112 56 22 47 25 5 1782
0 50 69 74 70 72 4 1783
0 81 6 40 6 52 3 1784
0 90 46 48 45 51 3 1785
1 24 38 81 46 81 1 1786
0 14 54 28 61 31 3 1787
0 49 6 36 6 30 3 1788
0 26 67 44 69 41 3 1789
1 98 63 31 66 29 3 1790
0 70 65 64 69 65 6 1791
0 142 52 59 53 57 3 1792
1 97 48 48 47 53 1 1793
0 126 60 43 56 49 3 1794
0 83 44 62 46 58 3 1795
0 41 6 52 7 44 3 1796
1 91 46 3 48 4 1 1797
0 132 92 32 92 29 4 1798
1 31 14 61 32 78 1 1799
1 93 86 94 88 93 1 1800
1 8 54 26 50 34 1 1801
1 70 58 71 60 72 2 1802
0 97 46 57 43 79 3 1803
1 90 56 31 59 25 3 1804
0 53 59 31 56 28 3 1805
1 75 57 46 58 44 1 1806
1 86 87 93 84 93 5 1807
1 110 49 60 45 66 4 1808
1 51 86 91 89 92 1 1809
1 57 53 41 54 30 1 1810
1 117 54 44 56 40 1 1811
0 66 45 41 47 34 3 1812
0 35 48 29 52 25 3 1813
0 34 56 40 53 46 3 1814
0 19 45 27 43 35 3 1815
1 32 50 39 55 26 3 1816
1 57 87 93 85 94 3 1817
0 78 53 35 62 39 3 1818
1 53 58 18 51 19 5 1819
0 57 70 39 68 42 3 1820
0 94 32 51 34 42 3 1821
0 3 59 34 52 38 3 1822
0 98 7 45 6 53 4 1823
0 102 49 2 43 2 4 1824
0 57 55 80 51 81 3 1825
1 83 31 15 61 40 5 1826
1 0 68 70 70 72 1 1827
0 18 45 56 44 58 3 1828
1 131 60 18 57 19 1 1829
1 49 38 13 14 14 2 1830
1 88 58 40 32 42 3 1831
0 17 67 47 50 46 3 1832
1 26 71 34 69 36 1 1833
0 47 45 89 47 87 3 1834
0 97 60 24 62 29 5 1835
1 128 53 47 56 44 1 1836
1 64 61 31 46 34 3 1837
1 84 39 46 42 35 1 1838
1 91 63 38 61 25 1 1839
0 66 46 3 49 2 5 1840
1 19 60 75 67 71 1 1841
1 40 59 15 65 16 2 1842
0 123 30 53 27 60 4 1843
1 29 62 40 57 47 1 1844
0 22 32 55 31 36 3 1845
0 117 47 57 50 51 3 1846
1 48 38 14 31 17 6 1847
0 111 43 4 39 3 3 1848
0 40 64 51 63 46 3 1849
1 72 53 46 51 48 6 1850
1 123 29 54 30 52 1 1851
1 33 52 45 50 57 1 1852
1 84 60 35 56 35 3 1853
1 93 90 52 90 48 3 1854
1 108 53 25 58 27 2 1855
1 126 64 34 57 38 1 1856
0 135 39 37 37 42 3 1857
1 138 92 32 91 30 2 1858
0 93 45 11 32 13 3 1859
1 101 62 30 57 38 1 1860
1 93 42 31 40 35 1 1861
0 129 60 24 60 29 3 1862
0 122 56 80 52 80 3 1863
0 51 59 26 50 30 3 1864
1 105 44 63 52 53 1 1865
0 78 58 44 55 41 3 1866
0 10 68 42 61 51 3 1867
0 32 28 49 33 44 6 1868
0 14 53 61 6 64 3 1869
1 130 59 49 53 59 1 1870
0 68 68 32 68 42 6 1871
0 128 37 46 47 48 3 1872
1 9 53 41 57 38 6 1873
0 13 32 52 31 45 3 1874
1 121 53 49 53 43 1 1875
1 54 56 72 56 76 1 1876
1 113 54 44 57 41 2 1877
1 5 48 19 46 20 1 1878
0 126 49 33 52 30 4 1879
0 53 59 17 56 20 3 1880
0 116 59 30 61 26 3 1881
1 139 92 24 90 53 1 1882
1 15 49 49 51 46 1 1883
1 11 54 25 52 24 1 1884
0 123 48 69 49 67 3 1885
1 109 61 47 57 58 3 1886
1 134 51 74 60 55 1 1887
1 97 50 26 53 27 3 1888
0 88 52 63 56 55 4 1889
0 10 92 26 92 33 3 1890
1 92 58 49 53 49 1 1891
1 63 68 73 65 76 1 1892
0 22 33 43 31 42 3 1893
0 113 71 71 68 72 3 1894
0 71 52 80 56 80 3 1895
1 56 54 40 57 39 4 1896
0 130 53 45 59 45 3 1897
1 10 39 45 35 46 1 1898
0 0 49 36 54 38 3 1899
1 0 61 30 65 27 1 1900
1 95 45 30 49 34 1 1901
0 77 60 30 60 24 5 1902
1 32 46 43 48 41 1 1903
1 97 53 29 52 25 3 1904
0 100 34 45 31 49 3 1905
1 64 53 28 61 39 1 1906
0 40 45 3 42 4 3 1907
0 15 57 2 60 1 3 1908
1 6 68 33 61 28 1 1909
0 5 57 59 46 89 6 1910
0 123 27 61 20 52 3 1911
1 3 60 46 56 53 1 1912
0 130 53 48 38 52 3 1913
0 29 44 63 52 54 3 1914
1 128 59 26 60 28 3 1915
1 134 64 31 48 38 1 1916
0 57 57 76 59 77 6 1917
0 38 59 23 58 27 5 1918
1 87 59 55 55 63 1 1919
0 132 60 42 62 40 3 1920
0 107 71 42 66 52 3 1921
0 48 32 42 31 45 3 1922
0 78 56 80 61 80 3 1923
1 41 50 36 52 47 6 1924
1 91 47 57 51 54 1 1925
1 102 38 37 40 34 1 1926
0 59 31 50 26 30 3 1927
0 135 55 54 58 47 3 1928
1 80 46 53 33 56 1 1929
0 128 32 45 30 46 3 1930
1 25 47 50 42 65 1 1931
0 21 45 39 42 37 3 1932
0 135 30 35 32 37 3 1933
1 78 90 36 90 25 1 1934
1 37 6 44 7 37 4 1935
0 95 61 44 60 46 3 1936
0 116 51 19 45 21 3 1937
1 141 55 32 56 35 5 1938
1 113 64 1 60 1 4 1939
1 50 66 38 71 32 1 1940
1 58 57 39 52 44 1 1941
0 76 7 46 6 60 3 1942
0 51 53 44 56 34 3 1943
1 22 98 19 98 22 2 1944
0 83 64 1 51 2 4 1945
0 92 81 6 83 4 6 1946
0 131 90 36 91 30 3 1947
1 134 56 25 56 28 1 1948
0 24 56 39 50 47 3 1949
1 79 58 19 53 11 1 1950
1 19 79 6 81 5 2 1951
0 43 62 38 59 38 3 1952
0 130 54 58 57 48 3 1953
1 137 30 58 31 50 5 1954
0 126 82 6 77 8 3 1955
0 16 33 46 32 43 3 1956
0 16 54 39 52 17 3 1957
1 2 44 2 29 4 1 1958
0 90 44 4 40 5 3 1959
1 135 44 51 43 35 6 1960
0 78 91 30 91 37 5 1961
0 78 81 5 61 2 3 1962
0 19 39 14 43 11 4 1963
1 108 34 44 29 48 1 1964
1 92 65 27 60 38 1 1965
1 131 49 51 52 55 1 1966
0 97 56 41 50 41 3 1967
0 116 6 49 6 53 3 1968
1 81 98 18 98 15 4 1969
1 127 51 77 58 75 2 1970
1 82 53 46 49 52 4 1971
0 88 45 72 40 85 3 1972
0 4 68 38 63 43 3 1973
1 93 57 1 60 1 6 1974
0 53 57 35 55 34 3 1975
0 96 70 32 63 35 3 1976
0 140 68 41 69 32 3 1977
0 89 55 32 57 31 3 1978
1 41 48 56 46 59 1 1979
1 13 5 68 6 66 5 1980
1 121 49 28 52 30 2 1981
1 119 67 50 69 42 1 1982
0 132 57 1 59 2 3 1983
0 141 72 69 70 72 3 1984
0 48 31 49 30 51 3 1985
0 15 64 1 56 1 3 1986
0 90 47 55 47 52 3 1987
1 10 78 6 81 5 2 1988
0 52 57 47 50 49 3 1989
1 0 68 40 67 42 1 1990
1 68 47 53 53 44 1 1991
0 28 60 26 61 18 3 1992
0 95 58 34 56 31 3 1993
1 108 68 43 61 54 1 1994
0 137 32 52 20 53 3 1995
1 127 52 41 57 30 2 1996
0 57 56 40 51 47 5 1997
0 16 60 27 54 22 3 1998
1 103 50 31 61 14 2 1999
