1 119 63 38 59 36 1 0
0 116 52 15 56 14 3 1
1 14 66 93 57 93 2 2
0 51 60 31 56 35 3 3
0 66 67 42 66 44 3 4
0 118 57 2 61 2 3 5
0 62 43 2 47 2 3 6
1 128 61 17 63 20 1 7
0 86 64 33 60 35 3 8
1 91 47 58 26 33 1 9
0 86 59 34 61 35 3 10
0 39 48 53 54 45 3 11
1 50 50 47 45 54 2 12
0 72 66 93 65 90 3 13
1 141 52 43 53 41 1 14
1 63 54 80 49 80 1 15
1 68 63 34 57 40 1 16
1 75 80 5 78 6 1 17
0 24 51 2 47 2 3 18
1 108 52 20 62 18 2 19
1 39 70 39 69 37 1 20
0 92 57 14 51 14 3 21
0 88 58 19 59 17 3 22
1 138 40 38 41 34 1 23
0 119 64 44 67 38 4 24
1 141 52 46 55 45 1 25
0 32 58 28 59 33 5 26
0 110 5 61 5 84 3 27
1 23 78 6 81 5 1 28
1 22 54 51 57 46 2 29
0 121 58 34 55 33 3 30
1 107 49 52 59 39 1 31
0 0 70 34 69 39 3 32
1 141 56 39 57 37 2 33
0 119 73 34 71 43 6 34
0 113 42 11 39 12 3 35
0 19 45 21 49 19 3 36
0 20 58 45 59 47 3 37
0 23 43 11 41 13 3 38
1 111 31 59 30 64 1 39
1 13 57 80 46 80 5 40
1 64 26 49 29 38 1 41
1 64 28 49 31 50 1 42
0 62 63 31 58 29 3 43
1 46 52 19 41 20 2 44
0 103 62 21 52 20 3 45
1 84 57 52 59 58 1 46
0 49 57 43 46 36 3 47
0 53 52 30 59 32 3 48
1 140 55 73 53 75 1 49
1 14 54 21 52 22 5 50
0 100 65 68 69 74 3 51
1 120 48 3 41 4 5 52
1 62 51 27 52 25 3 53
0 38 43 2 50 2 5 54
0 34 65 74 70 72 3 55
0 128 55 23 49 18 3 56
1 55 48 55 45 60 2 57
1 82 48 52 39 46 1 58
0 126 91 29 92 33 3 59
1 128 46 23 52 26 1 60
1 14 59 39 58 37 1 61
1 126 44 38 43 36 1 62
0 119 61 32 60 42 3 63
1 18 52 31 50 33 4 64
1 117 48 53 55 48 1 65
0 70 68 74 70 72 3 66
1 141 63 38 63 42 1 67
0 100 49 37 57 28 3 68
1 129 64 78 65 76 4 69
0 2 47 22 40 20 3 70
1 19 71 36 62 49 1 71
0 5 43 56 46 47 3 72
0 84 49 38 48 53 4 73
1 28 86 4 87 2 1 74
1 46 55 37 51 37 2 75
1 79 43 35 45 34 1 76
1 30 33 50 31 44 1 77
0 100 87 93 87 89 3 78
1 33 46 21 44 20 1 79
1 76 54 70 59 71 5 80
0 64 61 27 54 37 5 81
0 120 32 47 33 42 3 82
0 53 48 43 57 39 3 83
0 19 53 29 59 27 3 84
0 35 92 33 90 37 3 85
1 113 54 32 48 37 5 86
1 39 68 40 64 43 2 87
1 86 26 25 47 61 6 88
0 83 56 80 53 81 3 89
0 62 59 44 54 57 3 90
0 46 45 3 42 3 3 91
0 24 40 44 43 49 3 92
0 84 62 39 61 48 3 93
1 78 55 80 51 80 1 94
0 11 57 49 62 41 3 95
1 67 45 3 38 5 1 96
0 96 6 50 6 53 3 97
1 49 63 53 64 51 1 98
1 119 28 48 24 48 3 99
0 46 55 33 45 70 3 100
1 12 59 28 60 24 5 101
1 100 98 18 98 15 1 102
0 130 52 18 50 20 3 103
0 18 54 69 56 59 3 104
0 54 64 46 58 33 3 105
1 68 54 25 52 29 1 106
1 23 51 33 56 31 1 107
0 109 49 1 43 2 6 108
1 100 49 18 52 18 1 109
0 99 48 33 52 24 4 110
1 132 52 56 44 53 1 111
0 55 43 30 38 42 3 112
0 76 6 49 6 61 3 113
0 42 88 94 85 94 5 114
0 118 46 51 47 45 3 115
0 106 68 40 61 42 3 116
0 48 36 13 39 14 3 117
0 92 53 16 61 15 3 118
0 72 54 38 56 36 3 119
1 115 53 41 56 39 1 120
1 50 31 52 31 48 1 121
1 126 58 73 61 73 6 122
0 89 51 81 53 80 3 123
1 76 37 41 36 43 1 124
1 65 32 52 31 48 6 125
0 40 60 18 55 21 3 126
0 113 51 32 55 28 3 127
0 25 55 42 54 30 3 128
0 87 51 55 52 44 3 129
0 25 60 32 62 34 3 130
1 20 65 39 62 45 3 131
0 128 31 42 26 51 3 132
1 130 49 21 45 21 1 133
0 138 58 2 64 1 3 134
1 25 61 36 56 38 4 135
1 35 48 51 57 38 1 136
1 96 66 41 44 17 1 137
0 52 44 30 45 32 3 138
0 111 68 43 64 52 3 139
0 85 5 70 5 74 3 140
0 72 6 33 6 29 3 141
1 38 60 14 52 16 1 142
0 26 49 61 44 64 3 143
1 0 54 31 62 37 1 144
1 10 60 40 44 40 1 145
1 63 55 76 63 70 5 146
1 24 58 80 53 80 4 147
1 62 59 36 54 34 2 148
1 116 32 43 30 50 1 149
0 143 58 34 55 31 3 150
0 48 71 30 70 34 3 151
1 1 52 18 50 19 2 152
0 56 59 30 58 24 3 153
0 32 32 42 21 48 3 154
1 87 62 21 59 24 1 155
1 81 5 71 4 75 2 156
1 8 69 40 64 51 1 157
0 96 40 12 41 10 3 158
0 133 53 1 56 1 4 159
1 136 46 51 46 56 1 160
0 93 46 20 50 18 3 161
0 124 50 31 49 25 3 162
0 96 55 45 58 42 6 163
0 25 58 25 54 30 3 164
0 21 32 50 30 33 3 165
0 47 6 36 5 41 4 166
0 105 70 73 68 72 3 167
1 26 70 43 70 39 1 168
1 97 49 29 42 29 2 169
0 100 5 53 6 71 3 170
1 50 53 27 48 29 1 171
0 134 79 5 83 4 3 172
0 124 57 1 55 2 5 173
1 126 6 49 6 53 1 174
0 139 42 31 44 29 3 175
1 43 5 64 4 62 4 176
0 108 5 68 5 71 3 177
1 81 49 2 20 2 5 178
0 108 33 46 30 62 3 179
1 0 57 41 57 45 3 180
0 99 38 58 50 31 3 181
0 100 56 40 57 37 3 182
1 26 69 41 70 35 1 183
0 102 42 2 39 2 6 184
0 100 55 41 57 39 3 185
1 62 29 48 22 45 1 186
0 117 6 42 7 50 3 187
0 133 58 75 57 73 3 188
0 123 50 78 52 76 3 189
1 80 61 1 55 2 1 190
0 100 60 30 49 43 3 191
0 10 50 37 58 39 3 192
0 137 65 42 49 41 6 193
1 14 56 39 54 43 2 194
0 66 27 66 33 43 4 195
0 22 54 42 55 44 3 196
0 43 98 15 98 19 3 197
1 14 98 24 98 16 1 198
0 35 64 46 60 41 4 199
0 31 62 1 54 2 3 200
0 134 80 6 77 6 3 201
0 93 30 52 32 37 3 202
1 39 57 39 52 43 1 203
1 143 57 45 57 56 5 204
1 10 64 42 64 37 1 205
1 102 53 68 56 64 1 206
1 5 52 27 46 31 2 207
1 116 57 73 68 75 1 208
0 11 44 4 38 4 3 209
1 131 41 3 46 3 1 210
0 68 72 30 50 45 5 211
0 128 59 32 59 27 3 212
0 139 44 28 44 40 3 213
0 58 49 54 51 55 3 214
1 23 38 39 44 33 1 215
0 73 70 6 62 5 3 216
0 101 62 46 60 55 3 217
0 6 65 42 69 25 3 218
0 88 57 51 55 55 3 219
0 48 91 28 90 36 3 220
0 102 54 49 53 45 3 221
1 63 47 19 50 19 1 222
1 90 59 27 57 35 1 223
0 86 5 36 3 52 3 224
0 31 32 42 29 49 3 225
0 96 5 67 6 64 3 226
0 93 41 36 45 34 3 227
0 9 5 25 5 20 5 228
1 131 44 12 40 12 2 229
0 133 47 57 52 55 3 230
1 116 67 37 63 43 1 231
1 16 51 45 53 48 4 232
0 81 30 3 27 3 3 233
1 86 57 14 51 19 1 234
1 57 5 64 5 61 1 235
1 30 6 66 5 68 3 236
0 72 52 52 27 24 5 237
1 22 46 47 48 48 1 238
0 83 44 49 45 35 3 239
0 135 39 37 40 43 3 240
0 32 45 62 50 49 3 241
1 119 48 56 50 50 4 242
1 0 56 80 51 80 2 243
1 40 56 42 58 39 1 244
1 130 45 20 49 20 6 245
1 51 30 55 29 66 2 246
1 112 52 40 54 38 3 247
1 46 54 67 59 34 1 248
1 64 52 35 63 39 2 249
0 88 48 21 45 22 6 250
0 5 6 56 6 52 3 251
0 67 6 65 5 70 3 252
0 96 36 13 34 15 3 253
1 92 68 40 70 42 6 254
1 142 47 4 38 4 1 255
0 102 84 4 87 4 3 256
0 28 40 42 38 45 3 257
1 126 61 24 60 29 1 258
0 66 47 30 54 25 3 259
0 60 59 54 51 63 5 260
1 96 61 36 63 33 1 261
0 53 54 49 52 42 3 262
0 92 65 50 64 48 3 263
0 36 33 55 33 51 3 264
1 28 98 21 98 16 5 265
0 46 64 92 66 94 6 266
1 16 56 44 52 47 2 267
0 114 6 46 6 43 3 268
1 83 58 34 55 38 1 269
0 33 46 20 50 20 3 270
0 44 91 39 90 37 3 271
0 128 67 37 60 29 3 272
0 68 50 49 55 46 3 273
1 130 45 2 48 2 1 274
0 11 65 80 64 76 3 275
1 97 58 36 53 52 1 276
1 3 53 52 47 61 1 277
0 60 52 19 45 21 3 278
0 65 59 76 54 77 3 279
0 6 31 48 24 41 3 280
1 100 55 80 51 80 5 281
1 50 48 31 53 26 5 282
1 143 50 59 3 21 1 283
1 98 59 54 45 44 2 284
1 88 33 43 58 38 1 285
0 53 60 25 52 33 6 286
1 115 47 41 49 30 6 287
1 39 48 47 49 28 1 288
1 16 44 11 42 12 1 289
0 106 47 2 51 2 4 290
0 93 38 46 37 50 3 291
0 75 66 28 50 27 3 292
0 96 43 12 40 12 3 293
1 99 55 40 58 34 1 294
1 26 6 38 7 18 1 295
1 57 98 22 98 18 1 296
0 39 59 41 55 43 3 297
0 19 69 40 71 36 3 298
0 141 54 32 48 53 5 299
1 117 54 51 43 64 5 300
0 53 73 67 69 61 3 301
0 38 44 28 42 39 3 302
1 95 54 45 53 51 1 303
0 32 60 44 59 47 3 304
1 134 37 2 50 2 1 305
1 17 48 21 50 19 1 306
1 3 54 16 52 12 2 307
0 93 90 38 92 25 3 308
1 33 52 18 47 19 1 309
0 137 61 35 63 36 3 310
1 132 43 18 53 43 5 311
0 76 61 26 58 33 3 312
1 9 60 35 59 42 1 313
1 94 52 46 54 52 3 314
1 63 43 4 32 4 2 315
0 27 81 5 79 6 3 316
1 79 58 21 61 25 1 317
0 57 55 74 54 76 5 318
1 45 46 2 43 2 2 319
1 76 50 49 52 52 1 320
0 108 90 36 91 41 6 321
0 48 36 13 40 13 4 322
0 66 53 55 52 44 3 323
0 132 18 14 54 6 3 324
0 38 68 72 40 58 5 325
1 19 53 54 48 51 1 326
0 71 60 26 57 26 3 327
1 106 29 58 27 59 1 328
0 32 42 11 37 13 3 329
0 2 56 47 58 43 3 330
1 11 86 92 88 93 1 331
1 79 6 50 6 54 1 332
1 140 59 45 62 47 1 333
1 26 72 37 73 33 1 334
1 35 60 36 61 43 2 335
1 12 61 29 63 25 2 336
0 50 46 47 33 57 3 337
1 104 54 45 51 43 6 338
0 26 46 61 45 63 3 339
1 120 61 72 58 76 2 340
0 122 46 3 41 4 3 341
0 32 63 42 64 45 3 342
0 72 66 39 70 40 5 343
1 19 55 64 51 52 4 344
1 102 6 44 3 43 1 345
1 59 48 44 37 55 3 346
0 65 32 43 34 40 3 347
1 130 52 52 46 53 5 348
0 56 51 36 42 30 3 349
0 49 60 65 58 67 3 350
1 118 90 23 91 25 1 351
0 120 4 39 6 20 3 352
0 119 61 34 59 37 3 353
1 124 46 45 49 42 1 354
1 33 52 47 47 60 2 355
0 116 65 92 67 91 3 356
0 29 64 29 51 42 3 357
1 126 86 4 85 6 1 358
0 109 57 44 52 48 3 359
1 52 44 29 41 35 1 360
0 64 56 29 58 28 3 361
0 127 62 29 64 33 3 362
1 110 47 52 42 58 1 363
1 120 6 37 6 34 2 364
0 131 56 19 45 18 5 365
0 37 52 41 53 46 3 366
1 116 55 45 56 37 1 367
1 91 67 34 60 28 1 368
1 65 61 34 50 46 1 369
0 96 67 42 66 40 3 370
1 118 51 60 49 52 4 371
1 142 98 22 98 19 1 372
0 112 58 35 54 39 3 373
1 33 50 18 48 19 5 374
1 116 60 22 63 20 6 375
1 114 48 42 51 29 1 376
1 96 32 42 29 47 1 377
0 125 6 47 7 41 3 378
0 9 47 2 52 2 3 379
1 136 84 4 88 4 1 380
1 103 49 41 46 51 1 381
0 32 56 51 60 42 3 382
1 61 54 26 41 66 1 383
0 8 55 28 60 30 3 384
1 21 68 41 66 49 1 385
0 76 40 38 37 39 3 386
1 55 92 24 91 31 1 387
0 72 68 33 68 37 3 388
0 28 42 3 39 3 3 389
0 18 67 36 66 39 3 390
0 44 72 71 74 66 3 391
1 38 44 38 45 32 1 392
0 8 57 42 23 61 3 393
1 16 43 33 38 40 2 394
1 29 59 37 53 22 5 395
0 117 55 80 47 80 3 396
0 132 64 32 41 32 3 397
1 83 64 44 59 46 2 398
0 37 91 30 91 34 3 399
1 119 91 31 90 36 1 400
0 20 39 37 46 27 4 401
1 46 61 48 59 53 5 402
1 0 27 51 26 49 1 403
0 83 56 32 54 36 3 404
1 46 50 20 44 20 2 405
1 27 47 4 41 3 2 406
1 92 58 72 61 74 1 407
1 131 6 56 6 59 1 408
0 19 64 32 58 38 3 409
0 105 62 17 59 18 3 410
1 143 34 40 26 49 1 411
1 124 44 50 46 53 2 412
1 53 61 13 57 18 1 413
0 133 69 44 73 35 3 414
0 123 60 45 62 47 3 415
0 90 56 42 54 43 3 416
1 127 44 4 40 4 1 417
1 131 48 2 42 3 2 418
1 19 49 28 53 27 1 419
1 128 60 29 63 21 2 420
1 98 51 56 47 65 1 421
1 11 51 45 54 45 1 422
1 135 58 30 56 38 1 423
0 79 52 41 56 42 3 424
1 35 27 24 52 39 4 425
0 122 47 37 52 32 3 426
1 128 40 12 45 11 1 427
0 69 37 40 26 27 4 428
0 91 56 43 56 39 3 429
0 114 67 47 66 49 5 430
1 130 54 46 51 56 1 431
1 64 61 30 63 20 2 432
0 138 46 41 32 56 5 433
0 95 33 57 46 0 3 434
0 103 45 25 35 24 3 435
1 54 59 42 56 44 1 436
1 130 46 4 39 5 1 437
0 44 55 56 49 74 3 438
0 113 5 41 5 37 3 439
1 95 65 50 64 52 1 440
0 143 30 47 32 48 3 441
1 108 58 35 58 29 1 442
0 38 47 65 48 62 3 443
1 41 80 6 70 6 5 444
0 49 92 28 91 31 3 445
1 14 59 36 57 39 1 446
1 143 46 65 48 70 3 447
1 76 42 57 46 49 5 448
0 61 5 70 6 65 3 449
1 134 71 37 66 42 2 450
1 28 53 50 46 69 3 451
1 108 54 75 62 68 1 452
0 125 57 18 51 19 3 453
0 38 45 28 39 36 5 454
1 112 50 48 55 53 4 455
0 93 6 40 6 25 3 456
0 135 61 38 53 42 3 457
1 108 51 76 50 78 3 458
1 137 31 59 30 46 1 459
1 25 64 35 60 41 4 460
1 51 83 5 80 6 1 461
1 141 61 30 57 29 2 462
1 31 73 70 64 69 1 463
0 135 3 65 3 62 3 464
0 28 62 46 19 58 3 465
0 39 54 46 50 60 3 466
1 32 30 47 34 40 1 467
1 76 6 52 6 49 1 468
1 70 56 40 52 53 3 469
0 88 42 2 46 2 3 470
1 78 56 37 58 46 1 471
0 64 47 58 54 55 3 472
0 61 29 63 30 61 3 473
1 135 45 35 24 52 2 474
0 39 56 48 60 40 3 475
1 36 28 56 27 58 5 476
0 143 52 61 43 64 3 477
0 65 32 54 31 49 3 478
0 64 59 43 56 43 3 479
0 106 52 77 48 79 3 480
1 79 62 16 46 15 2 481
0 17 45 4 38 5 3 482
1 0 67 28 58 27 5 483
0 10 60 49 59 57 4 484
1 111 47 80 53 80 1 485
0 40 61 69 55 74 3 486
1 104 46 59 44 65 1 487
0 63 61 73 63 68 3 488
0 102 53 69 58 51 5 489
0 104 58 37 50 47 3 490
0 26 49 67 47 71 3 491
0 13 56 38 53 39 3 492
0 72 54 40 41 45 3 493
1 58 61 23 57 28 1 494
0 80 55 38 59 40 3 495
1 140 53 48 52 50 1 496
1 24 43 24 26 34 2 497
1 48 61 45 60 48 2 498
0 133 32 55 31 46 3 499
0 104 59 44 55 52 3 500
0 137 54 46 57 37 3 501
0 3 65 50 70 41 3 502
1 24 51 43 52 41 4 503
0 79 3 96 1 95 3 504
1 57 53 75 60 71 2 505
0 119 92 28 91 21 3 506
1 3 64 42 63 46 1 507
1 45 58 25 55 32 3 508
1 83 53 34 59 26 2 509
1 51 77 6 80 6 2 510
0 77 48 78 51 76 3 511
0 120 60 14 54 39 3 512
1 63 58 1 38 1 3 513
1 43 61 31 61 18 1 514
1 63 66 51 68 42 1 515
1 123 47 3 44 3 1 516
1 117 50 46 52 52 3 517
1 87 44 11 42 12 2 518
1 41 50 38 47 50 1 519
0 19 67 48 35 15 6 520
0 119 70 37 37 24 3 521
1 127 68 73 69 75 2 522
0 88 30 48 11 65 3 523
0 75 33 48 29 65 3 524
1 67 30 59 27 57 1 525
0 60 32 42 25 41 3 526
0 26 48 68 46 71 3 527
0 38 51 42 53 39 3 528
0 49 35 15 66 49 3 529
1 121 56 42 44 40 4 530
0 125 78 7 63 2 3 531
0 79 73 37 71 33 6 532
1 143 73 39 69 38 1 533
0 107 42 34 43 30 3 534
0 109 41 2 44 2 3 535
1 134 56 2 64 1 1 536
0 85 53 16 46 16 3 537
1 126 31 35 38 39 1 538
0 125 59 76 56 74 3 539
0 141 43 54 49 37 3 540
0 67 6 67 4 76 3 541
1 107 36 24 18 28 1 542
1 117 63 36 60 35 5 543
0 115 54 41 52 44 4 544
1 60 58 40 53 43 1 545
0 72 54 49 53 41 3 546
1 73 49 66 53 57 1 547
0 91 58 47 57 44 5 548
0 118 62 34 45 56 4 549
1 118 40 43 43 32 4 550
1 106 7 37 6 41 5 551
1 67 5 65 6 67 2 552
0 33 91 33 91 38 3 553
1 77 67 72 70 67 3 554
0 63 8 26 10 32 3 555
1 22 49 40 47 37 1 556
0 81 65 35 70 33 3 557
0 116 56 21 54 39 3 558
0 115 87 95 84 95 3 559
0 118 55 19 51 20 3 560
1 29 53 44 63 33 1 561
0 62 48 56 46 45 3 562
0 3 31 47 31 44 3 563
1 35 53 20 51 26 3 564
0 12 53 44 54 40 3 565
1 44 61 34 60 30 1 566
1 133 59 36 43 40 5 567
0 117 72 31 68 39 3 568
1 79 28 58 33 51 5 569
1 25 68 76 70 73 1 570
1 49 69 40 67 43 1 571
0 40 4 67 3 65 5 572
0 31 66 51 64 54 3 573
0 67 45 21 49 19 3 574
0 12 64 75 69 68 3 575
0 91 50 47 62 37 3 576
1 112 62 17 58 17 2 577
0 14 45 36 48 38 3 578
0 135 41 36 28 34 3 579
1 140 38 14 35 14 1 580
0 89 64 45 61 49 3 581
1 16 37 4 29 4 1 582
1 28 60 48 65 38 1 583
0 64 51 48 49 49 5 584
0 93 55 51 55 48 3 585
1 89 51 80 56 80 1 586
0 123 68 48 66 33 3 587
0 116 62 22 63 20 3 588
0 3 6 44 6 40 3 589
0 115 47 55 45 50 3 590
1 39 55 49 52 58 1 591
0 88 52 61 54 68 3 592
0 133 55 80 51 80 3 593
0 43 55 18 67 11 3 594
0 27 52 48 54 45 3 595
0 33 49 20 39 19 5 596
0 132 55 28 53 27 3 597
0 143 50 28 54 25 3 598
0 129 68 73 69 69 3 599
0 20 49 55 47 56 3 600
1 22 55 18 60 19 2 601
0 131 64 45 56 63 3 602
1 124 69 35 65 43 1 603
1 93 35 46 43 36 2 604
1 95 42 2 47 2 1 605
0 27 6 54 5 66 3 606
0 18 49 84 46 87 5 607
1 32 39 12 38 14 1 608
0 135 42 42 41 37 3 609
0 105 63 17 57 18 3 610
0 50 47 23 54 20 3 611
0 48 30 44 33 46 3 612
0 9 6 36 5 42 3 613
1 22 26 40 30 39 5 614
1 130 50 19 47 20 1 615
1 130 55 62 55 52 1 616
0 33 31 49 30 52 3 617
1 24 52 46 51 48 5 618
0 113 53 17 55 19 3 619
1 135 68 38 68 28 1 620
0 102 64 75 71 72 3 621
0 19 39 14 41 13 3 622
0 129 98 22 98 28 3 623
0 1 52 21 54 20 3 624
0 93 6 35 6 29 3 625
0 23 46 3 41 4 6 626
0 102 18 14 29 23 3 627
1 121 69 36 68 40 1 628
0 141 59 30 57 28 5 629
1 74 45 2 82 1 4 630
1 82 66 75 69 71 3 631
1 129 57 40 33 43 1 632
0 4 6 30 6 33 3 633
0 125 55 28 47 25 3 634
1 114 56 80 49 80 3 635
0 116 52 61 60 51 3 636
1 23 68 42 69 40 1 637
1 13 52 46 57 45 3 638
0 83 49 40 52 32 3 639
1 60 68 40 62 56 1 640
0 136 46 55 47 50 3 641
0 5 88 92 87 94 3 642
0 3 64 46 63 49 3 643
0 6 70 73 67 73 3 644
1 119 36 48 40 36 1 645
1 68 52 62 53 51 1 646
0 53 70 72 72 73 3 647
1 74 50 2 53 1 1 648
0 135 47 36 45 26 3 649
0 66 51 20 57 18 3 650
0 35 53 80 50 81 4 651
0 79 54 42 53 40 3 652
0 123 56 34 58 36 3 653
0 29 57 48 61 40 3 654
1 116 41 13 40 11 3 655
0 30 70 36 68 42 3 656
0 139 63 38 53 61 3 657
0 45 45 3 42 3 3 658
0 52 72 42 70 35 3 659
0 37 67 93 59 90 5 660
1 10 62 43 61 35 1 661
0 16 49 20 54 18 3 662
0 0 64 32 70 34 3 663
0 133 98 19 98 15 3 664
1 120 45 3 37 4 2 665
0 118 63 16 52 15 3 666
0 27 7 43 6 55 3 667
0 78 55 80 58 80 3 668
1 17 46 2 53 1 1 669
0 46 91 28 91 42 3 670
1 66 42 34 42 38 1 671
0 108 65 94 66 92 3 672
1 58 66 93 63 93 1 673
0 93 63 1 59 2 5 674
1 74 60 70 58 75 1 675
1 93 98 23 98 26 1 676
0 97 51 20 40 20 3 677
1 11 70 30 57 52 1 678
1 91 6 55 6 52 1 679
1 107 38 11 40 10 2 680
0 60 30 55 27 58 3 681
1 117 51 45 48 54 4 682
0 91 5 64 5 60 3 683
0 30 87 95 86 92 3 684
0 93 6 28 6 33 5 685
0 28 98 17 98 20 3 686
1 75 61 33 63 35 3 687
0 93 62 2 64 1 3 688
0 63 51 27 41 29 3 689
1 64 48 44 50 41 1 690
1 123 88 93 86 95 1 691
1 104 47 47 46 40 1 692
1 107 62 34 60 31 1 693
0 94 6 28 6 33 3 694
1 46 49 84 39 85 1 695
0 13 6 68 4 69 5 696
0 89 6 31 6 34 3 697
0 54 41 17 45 23 3 698
1 10 59 30 61 23 1 699
0 133 44 42 51 45 5 700
0 92 69 6 79 5 3 701
1 104 58 39 59 42 1 702
0 32 42 2 28 2 3 703
0 141 6 32 6 10 3 704
0 83 88 93 86 96 3 705
1 40 6 66 6 63 4 706
1 76 41 35 43 34 2 707
0 131 60 18 62 17 3 708
1 10 38 40 41 41 1 709
0 121 41 33 40 23 3 710
0 10 47 44 45 50 3 711
1 44 62 1 56 2 2 712
1 115 67 43 69 40 1 713
0 141 60 53 54 53 3 714
1 18 6 53 5 63 1 715
1 138 56 71 56 76 2 716
1 36 33 41 30 50 1 717
0 133 61 27 58 29 3 718
1 77 48 3 44 4 1 719
1 114 54 39 49 38 1 720
0 38 49 37 51 36 3 721
1 13 36 70 35 68 1 722
1 36 54 46 55 43 3 723
1 99 69 31 68 40 1 724
1 129 98 19 98 23 1 725
0 86 98 20 98 14 3 726
1 13 61 36 59 40 1 727
1 84 6 35 6 27 1 728
1 3 52 29 47 41 2 729
0 38 55 32 58 28 5 730
1 42 55 80 42 80 1 731
0 63 56 29 60 24 3 732
1 11 48 70 44 80 6 733
1 39 73 37 73 31 1 734
1 48 33 45 30 48 1 735
1 136 52 26 47 29 2 736
1 70 55 53 54 38 1 737
0 86 66 31 74 31 3 738
1 73 6 41 5 59 2 739
0 12 59 26 58 34 3 740
0 62 65 1 61 1 4 741
0 109 61 71 63 69 3 742
0 62 56 48 58 46 4 743
0 56 61 36 62 34 3 744
1 17 53 42 47 66 3 745
1 35 30 55 30 51 1 746
0 45 27 71 27 61 3 747
0 84 49 19 45 20 3 748
1 133 63 46 64 44 1 749
0 108 32 49 29 63 5 750
0 123 53 60 44 61 3 751
1 53 48 38 59 32 1 752
1 4 66 37 47 30 1 753
0 92 70 33 70 40 3 754
0 132 54 16 53 14 4 755
0 138 50 48 44 51 3 756
0 117 54 46 54 43 5 757
1 33 53 46 52 43 1 758
1 81 66 93 64 94 5 759
1 42 66 91 59 90 2 760
0 23 51 76 54 75 3 761
1 72 98 10 98 13 1 762
0 46 49 78 56 69 3 763
1 141 60 23 56 29 3 764
1 16 67 35 64 31 1 765
1 78 55 80 50 81 2 766
1 95 3 96 1 95 5 767
1 88 57 35 61 32 1 768
1 126 32 46 26 50 1 769
1 46 47 20 49 19 1 770
1 102 46 2 49 2 6 771
1 16 52 39 51 33 1 772
0 143 6 55 6 51 3 773
1 51 63 46 64 42 1 774
1 97 53 23 52 16 5 775
0 23 63 45 69 32 5 776
1 143 56 60 53 68 1 777
0 84 62 41 62 45 3 778
0 95 62 32 69 30 3 779
1 3 56 48 57 46 4 780
0 65 64 36 59 45 3 781
0 63 59 26 54 32 3 782
0 12 56 46 51 43 3 783
0 17 91 25 92 28 3 784
0 115 45 45 42 60 3 785
1 127 70 74 70 70 1 786
0 46 61 32 58 45 3 787
0 57 55 43 52 58 3 788
0 37 6 41 6 28 3 789
0 53 58 17 51 19 3 790
1 65 56 34 49 33 1 791
0 46 55 54 56 35 3 792
0 136 6 47 5 58 3 793
1 8 62 43 59 55 2 794
0 57 70 72 98 64 6 795
0 73 56 40 55 44 3 796
1 136 27 38 41 43 1 797
1 33 62 48 85 6 1 798
0 137 30 49 32 54 5 799
0 77 44 37 50 32 3 800
1 3 60 24 58 32 2 801
0 14 54 43 35 39 3 802
0 78 58 31 26 39 3 803
1 75 63 1 58 1 1 804
1 8 66 47 64 51 1 805
0 111 6 29 3 40 3 806
0 140 68 74 98 65 3 807
0 20 64 2 51 2 3 808
1 20 60 43 64 11 1 809
1 133 6 65 6 68 1 810
1 56 42 39 41 36 2 811
1 25 59 2 53 2 1 812
1 73 63 36 44 65 1 813
1 28 62 37 63 35 1 814
1 52 58 46 55 41 1 815
1 143 32 57 33 47 1 816
1 78 42 30 41 34 1 817
0 76 68 73 71 74 4 818
1 8 60 26 60 29 1 819
1 126 52 46 49 54 1 820
1 27 6 41 6 46 1 821
1 108 28 58 30 53 1 822
1 54 59 47 57 56 5 823
1 81 50 27 53 27 6 824
1 83 51 33 55 29 1 825
1 81 46 43 47 47 1 826
0 125 32 42 30 51 3 827
0 56 88 93 83 93 3 828
1 23 66 39 68 40 1 829
1 141 53 39 47 66 2 830
1 38 27 33 18 26 1 831
0 143 46 54 47 52 5 832
1 56 52 20 49 21 1 833
0 84 63 68 54 75 4 834
0 56 50 43 57 38 4 835
1 90 54 32 63 22 2 836
0 133 56 80 46 80 6 837
0 32 56 47 55 54 3 838
1 52 53 44 55 46 1 839
0 119 71 44 70 36 3 840
1 47 7 55 7 51 1 841
1 95 51 44 52 57 1 842
1 105 57 45 59 41 2 843
1 69 58 34 56 40 1 844
0 138 57 50 50 44 3 845
1 21 54 41 60 35 2 846
0 12 65 49 68 39 3 847
0 25 45 34 38 41 3 848
1 117 5 69 6 67 2 849
0 127 43 32 40 36 3 850
0 53 47 54 42 61 3 851
1 68 67 33 60 50 1 852
1 24 31 42 56 28 1 853
1 117 56 42 48 54 1 854
1 112 63 44 50 46 2 855
0 121 6 19 5 37 5 856
1 62 33 47 28 58 2 857
1 127 66 50 64 53 5 858
0 34 60 73 63 70 3 859
1 67 51 46 49 53 5 860
1 123 40 10 36 14 4 861
0 50 50 49 54 46 3 862
1 15 47 42 49 47 1 863
0 83 64 27 62 34 3 864
1 5 61 2 56 2 1 865
1 91 57 43 55 45 1 866
0 58 53 49 56 45 3 867
0 56 55 38 56 35 3 868
0 52 69 38 71 41 6 869
0 20 56 2 62 2 3 870
0 40 52 18 61 16 5 871
1 39 56 48 55 46 1 872
1 21 61 51 45 42 1 873
1 4 67 34 66 25 1 874
0 61 49 20 52 18 3 875
1 56 51 45 38 41 1 876
0 141 55 68 48 70 3 877
0 102 58 38 62 38 3 878
0 14 54 48 47 59 3 879
1 11 42 63 23 20 2 880
0 112 32 34 27 37 6 881
1 12 60 24 59 29 4 882
1 7 57 18 59 13 2 883
0 128 30 45 26 50 3 884
1 139 91 38 89 36 2 885
0 65 5 39 5 36 3 886
0 2 55 80 52 80 3 887
1 106 65 80 52 75 1 888
0 111 78 6 80 7 5 889
1 66 50 20 46 31 5 890
0 75 98 17 98 22 3 891
1 116 54 57 71 13 1 892
1 7 58 30 60 26 1 893
1 108 65 77 68 72 5 894
1 101 51 53 48 51 1 895
1 79 60 40 56 43 1 896
0 96 48 65 50 60 5 897
0 132 73 37 70 38 6 898
0 16 52 43 50 44 3 899
1 128 58 32 55 31 1 900
0 128 21 47 30 44 5 901
0 0 68 38 64 23 3 902
1 24 56 42 54 49 1 903
1 36 53 27 46 25 4 904
0 7 6 33 7 39 6 905
0 21 49 49 55 44 3 906
1 3 52 55 54 51 1 907
0 117 60 44 54 44 3 908
1 79 54 59 62 42 1 909
0 134 71 73 67 73 5 910
0 17 48 2 11 0 3 911
0 116 69 36 60 56 3 912
0 32 62 41 60 45 5 913
0 28 59 70 58 75 3 914
0 22 53 81 55 80 4 915
0 48 91 34 92 24 3 916
1 74 6 36 5 48 5 917
0 0 54 39 54 16 3 918
0 49 91 28 89 34 3 919
1 88 52 73 50 72 3 920
1 64 55 36 61 24 5 921
0 77 55 40 54 42 3 922
1 5 48 46 48 49 1 923
0 40 58 75 55 73 5 924
1 69 43 4 37 5 1 925
0 69 28 54 30 59 3 926
0 143 45 4 42 4 3 927
1 130 86 3 84 4 3 928
0 38 55 29 58 31 3 929
0 82 55 47 56 42 3 930
1 49 67 33 68 41 1 931
1 57 46 3 36 5 2 932
1 51 70 73 67 76 5 933
0 104 54 74 57 76 3 934
1 48 91 33 91 29 1 935
1 109 63 44 60 49 1 936
0 113 40 4 36 4 3 937
0 36 55 36 58 32 3 938
1 41 59 52 55 49 1 939
1 88 51 81 47 79 1 940
1 108 29 58 29 53 1 941
0 73 66 29 54 30 3 942
0 102 51 58 58 44 3 943
1 14 98 12 98 15 6 944
0 108 67 93 65 94 3 945
0 112 54 28 47 34 3 946
0 79 60 22 55 31 3 947
0 103 48 20 45 21 3 948
0 131 57 20 54 21 3 949
0 116 49 20 49 16 3 950
0 25 58 1 61 1 3 951
0 140 40 58 64 76 6 952
1 81 80 6 82 4 1 953
1 5 68 39 57 35 1 954
0 5 54 60 58 57 3 955
0 101 91 28 92 16 3 956
0 90 43 3 49 2 3 957
0 138 5 66 4 68 3 958
0 67 56 80 87 79 3 959
1 60 70 6 80 5 1 960
1 38 56 29 58 33 6 961
1 126 64 16 60 17 2 962
1 102 59 33 54 29 2 963
0 32 28 47 27 49 5 964
0 105 81 4 77 4 3 965
0 17 44 2 46 3 3 966
0 46 47 20 49 19 3 967
0 41 55 45 54 31 3 968
0 38 71 6 85 4 3 969
0 133 33 10 36 11 3 970
0 65 60 43 49 48 3 971
0 62 55 2 60 1 3 972
0 100 98 21 98 25 3 973
1 86 60 38 61 33 5 974
1 64 54 23 49 31 1 975
1 95 57 28 51 35 2 976
1 14 44 40 48 37 5 977
0 55 6 25 6 34 4 978
1 75 49 40 52 40 1 979
1 30 33 42 33 45 1 980
0 115 52 45 48 38 3 981
1 48 54 43 56 40 1 982
0 35 49 64 48 69 3 983
0 102 36 59 39 61 3 984
1 132 12 60 49 62 6 985
1 112 49 34 49 29 2 986
1 115 38 38 43 31 1 987
1 12 70 37 68 40 1 988
0 43 50 65 49 52 3 989
1 9 62 41 65 38 1 990
0 143 41 11 38 11 3 991
1 66 6 52 5 80 6 992
0 30 69 38 71 28 3 993
1 40 56 70 58 71 2 994
1 142 98 25 98 20 1 995
1 61 64 43 59 45 1 996
1 17 54 52 51 48 1 997
1 127 54 41 54 38 1 998
1 51 45 3 43 2 1 999
1 111 5 35 6 29 2 1000
0 37 67 92 63 93 4 1001
1 126 48 55 50 51 1 1002
1 134 78 6 82 5 1 1003
0 0 57 49 56 51 3 1004
0 113 60 31 59 29 3 1005
0 88 53 62 58 54 3 1006
0 97 54 58 49 66 3 1007
1 6 91 39 91 28 2 1008
0 40 46 4 42 4 3 1009
1 64 49 45 54 40 1 1010
0 35 59 27 54 32 3 1011
1 23 49 53 53 54 3 1012
1 21 66 47 62 50 1 1013
0 16 33 45 30 44 3 1014
1 99 61 70 47 62 4 1015
1 102 55 74 53 76 1 1016
0 98 30 46 28 48 3 1017
0 58 58 19 51 19 3 1018
1 121 53 17 44 17 3 1019
0 66 58 33 59 31 3 1020
0 104 58 75 55 76 3 1021
0 81 54 26 51 27 3 1022
1 133 43 64 48 46 1 1023
0 27 4 68 5 62 5 1024
0 88 57 61 52 57 3 1025
0 2 43 12 40 13 3 1026
1 125 48 3 42 3 1 1027
0 126 35 54 59 45 3 1028
1 130 48 19 50 18 2 1029
1 3 69 6 77 7 1 1030
0 24 55 37 47 14 3 1031
0 135 55 46 56 41 3 1032
0 92 81 2 85 5 3 1033
1 40 63 17 53 19 3 1034
1 136 54 38 60 38 4 1035
1 88 91 39 91 31 1 1036
0 83 56 15 54 19 3 1037
1 63 45 3 50 2 1 1038
1 14 98 20 98 23 2 1039
0 97 55 79 50 78 3 1040
1 23 49 65 49 53 1 1041
1 33 92 29 92 24 1 1042
0 86 98 16 98 26 3 1043
1 141 32 44 33 40 4 1044
0 83 59 38 52 47 3 1045
1 23 27 4 38 5 1 1046
0 105 54 39 55 42 3 1047
0 56 44 78 43 33 5 1048
0 119 42 83 55 54 3 1049
0 98 62 2 56 2 3 1050
0 0 37 16 29 12 3 1051
1 106 40 11 43 12 1 1052
1 61 52 59 28 60 2 1053
0 16 58 71 67 73 3 1054
1 52 66 41 69 45 4 1055
0 121 5 27 5 23 6 1056
0 89 55 80 42 80 3 1057
1 38 60 29 59 27 1 1058
0 119 70 37 70 22 3 1059
0 88 45 64 47 70 4 1060
1 9 50 36 55 37 1 1061
1 38 71 69 64 75 1 1062
0 99 64 2 54 2 3 1063
1 0 48 65 48 60 1 1064
0 39 51 82 55 78 3 1065
0 20 43 74 39 75 3 1066
1 51 31 49 27 57 1 1067
0 139 91 37 91 40 3 1068
0 10 55 43 62 35 6 1069
0 118 71 68 68 73 3 1070
1 97 49 52 53 43 1 1071
0 111 56 38 52 47 3 1072
1 37 48 4 45 3 2 1073
0 102 51 44 55 63 3 1074
0 115 59 28 53 40 3 1075
1 81 37 16 63 19 1 1076
0 49 37 41 40 36 3 1077
0 116 63 30 61 31 3 1078
0 11 46 47 46 44 3 1079
0 72 68 40 63 43 5 1080
1 70 69 75 72 66 1 1081
1 1 58 38 14 21 1 1082
0 87 80 7 82 6 3 1083
0 41 85 93 87 94 3 1084
1 92 91 32 91 38 1 1085
0 88 55 53 52 59 3 1086
0 95 56 62 54 68 3 1087
0 100 72 40 70 35 3 1088
0 96 41 4 44 4 3 1089
1 57 36 13 40 12 1 1090
1 19 54 70 57 46 4 1091
1 123 29 55 30 53 1 1092
0 1 45 2 49 2 3 1093
1 33 91 34 91 27 2 1094
1 140 35 15 58 58 1 1095
0 98 64 40 57 48 3 1096
0 19 57 48 50 64 3 1097
0 36 65 40 59 37 3 1098
1 115 43 46 46 45 1 1099
0 103 49 3 45 3 3 1100
1 117 44 64 47 68 5 1101
1 128 36 13 42 12 5 1102
1 33 91 34 90 40 5 1103
1 140 58 17 62 25 2 1104
1 101 32 42 31 50 1 1105
0 66 67 72 69 71 3 1106
0 133 54 80 60 80 3 1107
0 118 59 19 61 17 3 1108
0 116 42 20 50 16 6 1109
0 50 88 94 86 95 3 1110
1 46 62 36 60 39 2 1111
0 109 54 46 43 39 3 1112
0 127 70 37 74 30 3 1113
0 39 48 58 48 55 3 1114
1 70 56 51 58 56 1 1115
1 51 54 47 55 23 1 1116
1 137 42 4 45 4 1 1117
0 46 49 79 53 81 6 1118
0 34 61 71 55 77 3 1119
1 137 49 38 45 54 1 1120
0 13 54 25 46 32 3 1121
1 111 54 38 56 48 2 1122
0 108 5 69 4 77 4 1123
1 28 98 24 98 16 3 1124
0 59 62 48 69 41 3 1125
1 133 51 57 43 72 2 1126
1 51 65 92 66 94 2 1127
1 69 40 11 38 15 1 1128
1 79 38 39 47 28 1 1129
0 105 70 72 69 75 3 1130
0 82 53 51 54 43 3 1131
1 118 65 41 64 43 1 1132
0 134 54 26 60 22 3 1133
0 38 5 62 5 69 3 1134
0 4 53 40 55 38 6 1135
0 36 51 56 47 55 3 1136
0 94 29 56 31 46 3 1137
1 98 53 34 49 37 2 1138
0 53 49 49 47 48 3 1139
1 3 92 26 92 32 2 1140
1 64 29 53 30 49 2 1141
1 53 33 46 36 18 1 1142
1 84 61 43 55 51 2 1143
1 36 90 27 90 24 3 1144
1 117 60 34 58 37 6 1145
1 38 49 36 53 41 1 1146
0 130 6 31 6 28 3 1147
0 46 68 42 74 16 3 1148
0 47 54 18 59 17 3 1149
0 26 56 49 50 53 3 1150
1 128 49 44 58 33 1 1151
1 96 69 22 68 24 1 1152
1 38 40 38 42 33 1 1153
0 131 38 58 52 75 3 1154
1 51 31 47 33 46 3 1155
0 46 47 36 60 38 3 1156
1 138 70 37 66 44 1 1157
0 18 55 58 58 53 3 1158
0 48 32 41 30 45 3 1159
1 131 52 19 57 18 5 1160
1 96 57 33 60 36 1 1161
0 33 6 52 6 45 3 1162
1 53 39 44 39 50 5 1163
1 31 61 25 58 24 2 1164
0 102 49 20 47 22 3 1165
0 51 71 68 66 74 3 1166
1 20 55 18 59 17 1 1167
1 77 38 29 49 32 2 1168
0 11 47 58 50 50 3 1169
1 78 57 27 59 30 2 1170
0 25 57 44 90 23 3 1171
1 48 92 26 90 49 3 1172
1 48 50 37 54 41 1 1173
0 141 62 41 60 45 5 1174
1 29 63 1 66 1 1 1175
1 123 49 19 37 19 3 1176
0 104 69 41 53 28 3 1177
0 124 61 36 63 40 3 1178
0 11 54 49 51 49 3 1179
0 9 46 39 55 40 3 1180
0 9 56 42 56 38 3 1181
0 22 28 57 29 63 5 1182
1 82 67 36 70 39 1 1183
1 46 57 59 49 68 1 1184
1 116 67 72 68 74 2 1185
1 140 48 19 52 19 1 1186
1 117 48 67 38 90 5 1187
0 16 30 45 20 40 3 1188
0 32 63 2 60 2 3 1189
0 10 52 2 48 2 3 1190
1 86 66 80 71 72 1 1191
0 65 57 44 55 40 3 1192
0 80 34 44 31 43 3 1193
0 128 59 16 59 25 3 1194
1 58 56 47 58 57 4 1195
1 47 5 67 4 69 1 1196
1 5 29 56 13 72 1 1197
1 72 52 45 54 40 1 1198
0 4 6 43 6 46 3 1199
0 18 60 50 60 42 5 1200
1 112 40 11 43 12 1 1201
1 44 52 34 54 38 1 1202
0 87 69 41 69 36 3 1203
0 121 48 67 47 72 3 1204
1 115 52 47 55 46 1 1205
0 94 31 53 29 54 4 1206
1 26 58 41 55 41 6 1207
0 113 53 34 50 33 3 1208
0 122 58 28 63 7 3 1209
0 56 6 40 7 53 3 1210
1 2 53 80 48 80 4 1211
1 36 51 27 53 44 2 1212
1 9 31 42 57 40 1 1213
1 116 57 28 56 30 2 1214
0 0 44 11 37 13 3 1215
0 80 55 75 59 71 3 1216
0 0 64 44 67 35 3 1217
1 39 72 42 69 36 1 1218
1 54 53 80 49 79 1 1219
0 10 62 46 63 49 3 1220
1 81 6 28 5 35 1 1221
0 124 61 29 55 27 3 1222
0 135 33 25 46 19 3 1223
0 75 70 35 67 35 3 1224
0 127 62 65 52 75 3 1225
0 79 27 40 32 52 3 1226
1 80 56 73 62 70 1 1227
0 125 70 72 68 73 3 1228
0 79 29 60 33 47 3 1229
1 42 56 43 53 46 1 1230
1 34 78 6 81 5 2 1231
1 114 53 81 56 80 3 1232
1 122 60 32 30 14 1 1233
1 141 49 24 50 28 1 1234
1 68 54 31 58 28 5 1235
1 12 43 24 44 28 1 1236
1 41 44 63 54 51 1 1237
0 0 31 43 31 46 3 1238
1 143 69 45 36 16 2 1239
0 135 14 1 35 2 3 1240
0 23 63 1 57 2 3 1241
1 38 56 28 57 26 5 1242
1 89 64 1 59 1 4 1243
0 50 32 49 28 44 3 1244
1 27 51 30 48 28 1 1245
1 46 46 4 41 5 1 1246
0 79 43 31 42 34 6 1247
1 92 62 18 56 18 4 1248
0 117 44 66 45 64 3 1249
1 43 61 35 48 36 2 1250
0 48 67 34 66 19 4 1251
1 50 46 32 50 28 6 1252
0 45 48 2 27 2 3 1253
1 140 63 31 63 36 5 1254
0 102 43 23 43 19 3 1255
1 22 31 53 24 55 1 1256
0 101 69 45 35 16 3 1257
0 102 92 32 91 28 3 1258
0 66 38 39 38 34 6 1259
1 43 55 39 53 41 3 1260
1 106 54 38 52 40 3 1261
1 132 44 51 43 55 1 1262
0 79 50 2 45 3 3 1263
0 112 40 12 37 13 3 1264
1 9 49 19 45 20 1 1265
0 53 61 18 59 17 3 1266
0 134 49 2 46 2 3 1267
1 104 51 48 55 41 2 1268
0 36 46 51 32 72 3 1269
0 86 6 43 6 26 3 1270
0 1 63 47 61 31 3 1271
0 89 56 80 54 81 4 1272
0 107 59 27 57 28 3 1273
0 91 59 39 48 38 3 1274
0 141 49 51 51 56 3 1275
1 0 32 42 26 52 1 1276
0 93 59 29 59 25 3 1277
0 85 49 50 60 42 3 1278
0 6 57 39 55 41 3 1279
1 3 59 44 50 42 1 1280
1 12 53 35 55 34 1 1281
1 24 36 53 35 55 1 1282
0 85 47 20 70 14 3 1283
1 135 63 33 40 30 1 1284
0 6 89 93 81 93 3 1285
0 3 91 18 91 15 3 1286
1 102 55 44 44 35 2 1287
0 59 41 3 46 2 3 1288
1 43 68 38 62 51 1 1289
0 43 98 15 98 18 3 1290
1 143 56 50 58 53 2 1291
1 98 55 48 50 52 1 1292
0 119 71 72 64 75 3 1293
1 113 41 35 55 32 5 1294
0 129 91 30 92 28 3 1295
0 16 30 48 34 40 3 1296
0 79 64 44 68 39 3 1297
0 116 55 52 56 55 3 1298
1 86 46 52 47 50 1 1299
0 59 6 35 5 39 3 1300
1 87 57 39 61 32 1 1301
1 50 46 44 43 41 1 1302
1 143 52 48 50 47 4 1303
0 2 48 2 52 2 3 1304
0 31 60 1 55 0 3 1305
1 96 30 46 31 39 1 1306
0 7 31 50 26 68 3 1307
0 33 91 39 92 33 6 1308
1 130 55 64 49 74 3 1309
1 20 51 48 54 40 1 1310
0 113 53 76 59 72 3 1311
1 125 49 66 51 60 1 1312
0 87 87 4 93 3 3 1313
0 136 6 48 6 54 3 1314
0 110 59 26 61 25 3 1315
1 88 58 37 62 36 1 1316
1 108 60 42 56 50 1 1317
1 100 67 41 67 38 6 1318
1 103 52 52 47 32 1 1319
0 45 98 18 98 21 3 1320
1 141 98 21 98 25 2 1321
0 88 57 38 55 39 3 1322
0 91 59 25 57 28 3 1323
1 32 41 11 40 9 2 1324
0 35 60 32 61 38 3 1325
0 23 43 70 32 50 3 1326
1 111 53 81 56 76 2 1327
0 79 43 33 44 29 3 1328
0 35 98 17 98 20 3 1329
0 35 59 33 49 27 3 1330
0 124 61 41 55 54 4 1331
0 115 52 69 51 64 3 1332
1 47 30 59 27 58 1 1333
1 128 50 28 52 30 1 1334
1 109 39 37 37 42 1 1335
1 1 51 54 53 49 1 1336
0 60 55 67 51 75 3 1337
0 17 55 80 58 80 3 1338
0 48 39 12 38 9 3 1339
1 74 52 18 45 20 1 1340
1 77 50 50 53 15 2 1341
1 69 45 3 48 3 1 1342
1 117 45 61 48 56 6 1343
0 40 5 60 6 66 3 1344
1 46 56 39 53 43 2 1345
1 85 29 65 30 62 1 1346
1 4 55 26 49 29 1 1347
1 91 63 1 58 2 1 1348
0 74 48 19 46 20 6 1349
0 16 69 35 67 37 6 1350
0 120 54 36 52 40 3 1351
0 32 57 49 56 51 5 1352
0 120 59 36 55 41 3 1353
1 45 44 2 47 2 1 1354
0 110 29 46 31 43 3 1355
0 115 46 36 48 62 3 1356
1 40 62 68 59 71 1 1357
1 108 47 21 44 22 1 1358
1 34 54 80 49 78 1 1359
0 109 49 2 53 1 3 1360
1 96 49 50 46 56 1 1361
1 53 54 44 48 51 1 1362
0 92 47 30 22 20 3 1363
0 30 57 18 44 19 3 1364
1 54 67 92 62 92 2 1365
1 17 66 91 67 93 1 1366
1 64 57 28 59 25 2 1367
1 79 74 66 70 72 2 1368
0 118 46 44 45 60 3 1369
0 60 56 64 52 69 3 1370
1 132 70 31 68 27 5 1371
1 0 71 39 70 41 1 1372
1 134 66 44 68 42 1 1373
0 125 64 34 53 21 3 1374
0 108 29 61 27 56 3 1375
1 28 46 39 44 36 3 1376
1 26 60 28 58 30 1 1377
0 96 36 14 39 13 3 1378
0 82 48 36 45 35 5 1379
0 116 58 46 57 49 3 1380
0 37 65 94 66 92 3 1381
0 130 57 50 51 48 5 1382
0 93 5 37 5 41 4 1383
0 128 45 80 48 80 3 1384
1 57 6 37 6 29 1 1385
0 32 56 51 56 62 3 1386
0 27 58 17 50 20 3 1387
0 104 53 45 48 49 3 1388
1 102 69 73 68 76 2 1389
0 60 52 60 54 58 3 1390
1 82 59 1 63 1 1 1391
1 100 60 44 57 38 1 1392
1 90 60 22 62 26 1 1393
0 7 6 48 6 59 3 1394
0 111 68 33 64 30 3 1395
0 12 67 41 59 50 3 1396
1 24 53 48 37 76 2 1397
1 88 48 20 51 18 1 1398
1 103 58 74 30 77 1 1399
0 46 51 77 54 75 3 1400
0 54 5 69 6 66 3 1401
0 65 53 56 47 72 3 1402
0 125 66 94 64 93 3 1403
1 97 49 79 58 74 6 1404
0 37 5 59 6 50 3 1405
1 63 91 29 90 37 3 1406
0 47 67 40 70 38 3 1407
0 119 58 43 55 40 3 1408
1 49 51 19 42 20 2 1409
0 23 56 30 58 27 5 1410
1 18 53 60 54 58 1 1411
1 114 6 21 6 24 3 1412
1 65 92 30 89 34 1 1413
0 14 90 24 90 34 3 1414
1 94 48 50 46 39 1 1415
1 143 39 14 36 13 2 1416
1 128 55 22 46 32 2 1417
0 123 63 69 60 76 3 1418
0 0 64 34 71 41 3 1419
0 45 49 47 45 50 3 1420
1 25 57 33 61 27 4 1421
0 111 54 45 59 45 3 1422
1 22 43 32 40 35 1 1423
0 32 69 35 68 22 3 1424
1 59 55 51 51 59 4 1425
1 108 30 59 30 53 1 1426
0 80 38 14 43 12 3 1427
1 4 53 56 54 51 1 1428
1 104 70 42 68 48 1 1429
0 32 72 39 69 36 3 1430
0 8 61 36 54 24 3 1431
1 136 54 31 61 9 1 1432
0 37 6 41 5 39 3 1433
0 58 5 42 6 30 3 1434
1 64 28 52 29 47 1 1435
1 140 88 4 86 5 1 1436
0 64 53 29 55 26 3 1437
1 53 55 37 51 34 1 1438
0 95 69 74 70 72 3 1439
1 143 98 22 98 25 4 1440
1 117 60 31 61 40 1 1441
1 52 43 65 42 68 1 1442
0 12 37 13 42 12 3 1443
0 9 66 45 68 33 3 1444
1 96 6 43 5 33 1 1445
1 116 66 93 68 90 1 1446
1 128 53 29 47 30 5 1447
1 68 47 2 28 2 1 1448
1 17 6 56 6 64 5 1449
0 12 64 76 66 74 3 1450
0 131 53 16 40 17 3 1451
1 39 30 45 31 43 1 1452
1 132 48 53 49 38 1 1453
0 127 70 72 73 66 3 1454
0 27 73 66 70 74 3 1455
0 103 53 19 56 21 3 1456
1 112 69 70 70 72 2 1457
0 71 48 4 38 4 3 1458
0 50 53 48 56 68 3 1459
0 115 87 3 81 3 4 1460
0 32 53 68 45 57 3 1461
1 25 63 85 68 74 1 1462
0 24 54 40 57 39 3 1463
0 37 83 4 79 6 5 1464
0 105 47 30 50 29 3 1465
0 109 62 43 59 47 6 1466
0 79 33 52 32 55 6 1467
1 92 60 17 58 18 6 1468
0 57 46 4 36 4 6 1469
0 24 54 44 56 38 3 1470
0 14 57 38 65 20 3 1471
0 143 60 2 57 2 4 1472
0 10 38 39 37 42 3 1473
0 3 60 46 54 55 3 1474
0 124 58 46 60 41 3 1475
1 103 57 32 59 28 1 1476
0 24 29 55 28 48 3 1477
0 34 52 47 55 47 3 1478
1 31 57 35 57 38 1 1479
1 54 61 32 60 34 1 1480
0 68 61 39 54 54 3 1481
0 81 87 93 78 90 3 1482
0 62 59 34 54 44 3 1483
1 132 35 48 36 43 2 1484
1 111 70 6 68 4 6 1485
0 26 69 71 71 69 3 1486
1 41 46 69 39 89 3 1487
1 130 54 58 40 54 1 1488
1 108 65 80 69 70 1 1489
0 80 69 39 63 41 5 1490
1 24 55 45 53 40 1 1491
0 131 54 41 56 43 3 1492
1 88 67 92 65 91 1 1493
1 63 46 44 45 51 1 1494
0 115 83 93 89 91 5 1495
1 78 87 3 83 4 1 1496
1 18 58 55 53 59 1 1497
0 9 55 39 56 37 3 1498
0 100 5 79 6 62 3 1499
1 29 49 66 1 22 4 1500
0 133 50 49 49 51 3 1501
1 127 57 38 55 31 1 1502
0 52 49 35 57 38 3 1503
0 98 61 37 43 40 3 1504
1 77 56 77 53 77 1 1505
1 74 59 76 54 74 1 1506
0 79 46 56 46 53 6 1507
1 32 44 12 40 14 1 1508
0 79 59 41 61 37 3 1509
1 19 49 20 45 21 3 1510
1 131 67 44 50 46 2 1511
1 13 68 38 71 30 1 1512
0 19 55 26 54 28 3 1513
1 116 50 18 52 19 1 1514
1 127 48 45 47 51 1 1515
1 25 60 27 59 23 1 1516
0 68 60 29 48 38 3 1517
1 135 5 68 6 64 1 1518
1 127 53 35 55 45 1 1519
1 128 27 50 31 44 2 1520
1 102 69 33 68 42 1 1521
1 52 57 41 54 20 3 1522
1 14 86 92 88 93 1 1523
0 45 50 78 54 75 3 1524
1 44 68 40 65 44 1 1525
0 18 98 14 98 9 3 1526
1 77 43 61 43 58 1 1527
1 122 68 36 68 33 1 1528
1 18 87 4 83 4 1 1529
0 53 48 57 41 68 3 1530
1 15 47 44 47 50 5 1531
0 74 39 12 44 10 3 1532
1 46 53 61 56 53 1 1533
1 62 64 1 55 2 5 1534
1 97 46 30 55 26 6 1535
0 143 30 45 29 47 3 1536
1 82 52 39 51 49 1 1537
1 12 57 28 59 23 2 1538
0 44 52 35 49 41 3 1539
1 80 44 17 54 36 1 1540
0 0 30 45 22 56 6 1541
1 132 56 49 50 60 2 1542
1 83 98 20 98 17 3 1543
0 89 87 4 84 5 3 1544
0 57 6 40 7 49 4 1545
0 118 61 41 56 51 4 1546
0 72 54 41 57 37 3 1547
1 4 55 26 51 28 1 1548
0 0 71 39 70 42 3 1549
1 0 71 37 61 55 2 1550
1 25 43 62 55 44 1 1551
1 84 45 50 48 48 1 1552
0 46 56 56 56 53 3 1553
0 118 41 41 52 46 3 1554
1 117 32 49 32 55 4 1555
0 53 39 56 40 63 3 1556
0 46 45 21 52 18 3 1557
0 66 74 30 68 35 5 1558
0 76 56 79 53 75 3 1559
0 18 45 52 47 60 3 1560
1 54 60 53 54 58 1 1561
0 94 52 40 50 43 3 1562
1 102 69 73 70 70 3 1563
0 60 51 64 60 45 3 1564
1 126 57 73 56 78 1 1565
0 88 50 19 42 24 3 1566
1 26 53 50 49 54 2 1567
0 66 55 18 52 19 4 1568
0 119 68 40 70 33 3 1569
0 123 63 33 53 2 3 1570
1 79 32 49 32 45 2 1571
0 119 6 55 6 59 3 1572
1 51 56 22 61 23 1 1573
0 90 50 19 46 20 3 1574
1 59 47 3 49 2 3 1575
0 6 64 76 69 74 3 1576
1 96 50 49 51 46 1 1577
0 37 67 92 64 93 3 1578
1 36 52 44 47 35 2 1579
0 20 60 33 60 38 3 1580
0 92 41 12 36 13 3 1581
1 64 59 31 60 23 2 1582
0 49 59 36 41 37 3 1583
0 110 55 80 58 80 3 1584
1 143 58 19 39 18 6 1585
0 117 52 45 57 41 3 1586
0 139 66 34 68 32 3 1587
1 77 57 35 54 40 1 1588
0 4 55 42 55 45 3 1589
0 95 42 18 54 44 3 1590
0 111 33 48 32 53 3 1591
1 10 71 43 52 44 1 1592
1 130 52 53 48 55 1 1593
1 51 58 39 50 41 1 1594
0 111 54 52 51 59 3 1595
1 140 60 1 63 1 1 1596
1 72 65 48 63 49 4 1597
0 62 55 46 38 52 3 1598
1 13 27 51 32 43 3 1599
1 115 41 61 43 68 1 1600
0 40 5 69 5 73 3 1601
1 16 32 45 33 43 1 1602
1 14 61 30 63 27 1 1603
0 81 69 34 66 41 5 1604
1 52 92 29 92 32 1 1605
0 68 68 39 64 26 3 1606
0 111 67 38 67 35 3 1607
0 130 62 50 62 46 4 1608
1 38 50 37 44 35 6 1609
1 129 98 16 98 19 1 1610
0 77 55 26 56 14 3 1611
0 109 61 39 56 61 3 1612
0 101 68 70 65 76 3 1613
1 47 6 54 6 47 2 1614
1 28 69 39 66 39 1 1615
0 81 62 23 54 32 3 1616
0 141 57 34 58 23 3 1617
1 66 6 44 6 24 5 1618
0 133 43 62 40 53 3 1619
1 118 46 59 44 64 1 1620
1 73 29 38 32 42 1 1621
1 16 40 12 35 14 2 1622
1 109 48 79 57 75 1 1623
1 73 61 27 59 21 1 1624
1 57 6 55 5 58 5 1625
0 25 65 75 67 72 3 1626
1 24 32 34 41 34 6 1627
1 19 59 42 66 37 1 1628
0 9 53 52 54 50 3 1629
1 120 12 8 29 12 1 1630
1 129 98 19 98 15 1 1631
1 132 36 49 46 51 1 1632
1 124 40 44 41 35 2 1633
0 126 57 77 50 79 3 1634
0 81 61 47 63 49 3 1635
0 58 46 16 27 20 3 1636
1 76 81 5 99 3 1 1637
0 54 5 67 6 65 3 1638
1 79 61 44 66 39 1 1639
1 20 54 45 54 40 2 1640
0 76 68 35 69 40 3 1641
0 73 53 42 48 53 3 1642
0 67 57 72 60 73 4 1643
0 57 62 39 57 38 6 1644
1 12 68 38 63 43 1 1645
0 54 64 49 61 63 3 1646
1 40 5 67 5 64 1 1647
1 93 44 53 46 49 1 1648
0 133 60 41 55 43 4 1649
1 8 54 36 60 29 1 1650
0 0 98 19 98 26 5 1651
0 59 67 38 69 40 3 1652
0 14 56 46 60 41 3 1653
0 115 77 7 79 6 3 1654
1 19 51 19 53 17 2 1655
1 14 48 22 51 21 1 1656
1 143 53 17 51 25 2 1657
1 20 45 34 44 30 3 1658
1 108 63 37 61 36 1 1659
0 98 60 41 62 39 4 1660
1 125 52 42 40 46 5 1661
0 47 68 37 68 44 3 1662
1 32 51 55 53 59 1 1663
1 116 55 42 54 38 3 1664
1 47 51 61 58 57 1 1665
1 4 36 13 40 12 1 1666
0 10 50 1 52 2 4 1667
1 93 53 50 53 43 1 1668
0 21 53 40 57 40 3 1669
0 76 54 44 53 57 4 1670
1 88 66 38 69 15 5 1671
0 77 87 4 85 5 5 1672
1 45 43 63 32 56 2 1673
0 102 67 33 61 42 3 1674
1 84 62 31 48 28 1 1675
0 141 44 61 55 43 3 1676
1 132 29 47 31 45 1 1677
1 26 55 37 57 43 1 1678
1 78 58 38 49 48 1 1679
1 95 57 48 60 53 1 1680
1 117 61 31 56 37 6 1681
1 7 6 51 6 45 6 1682
0 70 70 72 67 76 3 1683
1 94 86 2 84 4 1 1684
1 103 41 34 37 41 4 1685
1 12 64 32 60 29 1 1686
0 81 4 67 1 67 3 1687
1 102 5 52 5 47 1 1688
0 37 78 6 81 5 3 1689
1 87 49 56 44 65 2 1690
0 85 34 46 32 51 3 1691
0 23 51 49 54 48 3 1692
1 15 60 44 56 51 1 1693
1 7 28 43 31 46 1 1694
1 4 57 30 57 33 1 1695
0 107 42 34 41 43 3 1696
1 67 55 47 52 41 1 1697
1 134 67 72 70 68 1 1698
0 14 61 25 56 22 3 1699
1 113 63 17 54 18 2 1700
0 118 71 38 62 22 3 1701
1 46 58 2 56 1 1 1702
1 60 49 20 40 18 3 1703
0 14 53 43 50 58 3 1704
1 67 48 47 45 58 5 1705
1 96 68 37 67 41 1 1706
0 98 51 2 82 1 3 1707
0 100 98 20 98 17 3 1708
1 11 51 53 53 46 2 1709
0 13 81 4 79 7 3 1710
1 38 37 40 34 54 1 1711
1 121 3 13 5 38 1 1712
0 67 47 52 32 56 3 1713
0 92 61 23 56 30 3 1714
1 106 52 46 43 46 5 1715
0 12 81 2 84 6 3 1716
0 29 51 27 47 20 3 1717
1 48 57 35 54 39 3 1718
0 60 50 61 52 64 3 1719
0 76 6 55 5 41 3 1720
1 73 28 57 30 53 1 1721
0 79 32 35 27 38 3 1722
0 132 48 29 49 33 3 1723
0 76 49 53 53 56 3 1724
0 89 6 27 5 39 3 1725
1 57 51 56 39 45 5 1726
0 65 6 36 6 30 3 1727
0 18 52 49 38 52 3 1728
1 39 59 46 49 49 3 1729
0 11 49 56 50 45 3 1730
0 123 30 55 33 44 3 1731
0 27 71 43 66 44 3 1732
0 57 64 31 56 28 3 1733
0 95 61 25 60 27 3 1734
1 48 91 34 90 41 4 1735
1 143 29 47 33 45 1 1736
0 96 38 12 41 12 5 1737
1 13 68 25 69 42 1 1738
1 28 44 17 66 45 1 1739
1 29 59 37 61 30 1 1740
0 138 42 4 46 4 5 1741
0 77 57 2 60 1 3 1742
1 55 42 78 49 78 1 1743
0 116 88 3 85 4 3 1744
0 1 50 80 55 79 3 1745
1 21 60 51 59 46 2 1746
0 32 57 37 55 31 3 1747
0 137 48 2 51 2 3 1748
1 94 29 60 31 47 1 1749
0 125 48 34 52 26 3 1750
0 3 61 31 56 41 3 1751
1 26 98 11 98 14 2 1752
0 35 44 66 41 42 3 1753
1 66 50 50 55 41 1 1754
0 67 12 0 47 2 3 1755
1 112 33 43 29 38 1 1756
0 78 69 45 70 41 3 1757
1 0 6 35 6 31 5 1758
0 19 51 27 48 22 3 1759
1 130 49 19 46 18 5 1760
1 55 5 26 5 38 1 1761
1 38 42 31 41 34 5 1762
1 18 54 55 57 54 5 1763
1 127 59 24 62 24 1 1764
0 23 63 69 56 76 3 1765
1 28 98 25 98 19 1 1766
0 41 44 63 49 55 3 1767
0 44 52 44 49 48 3 1768
1 15 50 18 53 17 1 1769
1 46 49 3 45 4 1 1770
1 135 5 67 6 62 1 1771
0 22 31 56 32 53 3 1772
1 103 45 4 42 4 1 1773
0 33 38 48 47 41 6 1774
1 68 62 48 36 14 1 1775
1 105 66 33 70 38 5 1776
0 104 57 40 61 35 3 1777
0 69 58 41 55 47 3 1778
1 9 32 41 26 50 4 1779
0 80 59 34 52 29 3 1780
0 51 88 93 82 92 3 1781
1 143 56 21 54 26 1 1782
0 53 51 36 55 45 3 1783
1 56 56 38 59 41 1 1784
1 46 46 30 50 18 1 1785
0 32 67 33 68 40 3 1786
0 58 64 30 54 42 6 1787
0 81 45 63 45 51 3 1788
0 11 98 24 98 12 3 1789
1 87 52 40 48 65 4 1790
1 128 55 26 49 36 2 1791
1 58 53 44 51 47 2 1792
1 138 62 69 58 76 3 1793
1 121 55 42 33 43 2 1794
1 133 46 58 44 62 1 1795
0 23 58 26 59 28 3 1796
0 136 39 14 36 13 3 1797
0 86 6 40 6 53 3 1798
1 73 56 47 53 52 1 1799
0 72 47 58 46 72 3 1800
1 42 30 43 30 46 1 1801
1 20 47 70 40 73 1 1802
0 126 6 56 5 58 3 1803
1 73 41 50 47 49 1 1804
0 20 53 40 55 38 3 1805
1 128 56 33 55 36 6 1806
1 11 49 36 56 41 1 1807
0 128 52 31 53 27 5 1808
1 53 59 28 55 26 1 1809
0 17 38 32 45 27 3 1810
1 7 61 29 59 26 1 1811
0 110 67 46 66 51 3 1812
0 88 55 57 56 50 3 1813
0 36 30 59 32 44 3 1814
0 94 91 0 96 0 3 1815
0 52 34 39 32 43 3 1816
1 62 66 1 61 1 1 1817
1 25 53 45 49 59 1 1818
0 79 86 95 82 94 5 1819
0 28 98 20 98 36 3 1820
1 79 27 64 30 56 1 1821
0 102 60 36 56 39 3 1822
1 88 52 45 55 42 1 1823
1 76 64 1 60 2 1 1824
0 26 49 48 56 38 3 1825
0 30 12 15 42 18 3 1826
0 55 69 35 72 36 3 1827
1 10 46 37 51 28 3 1828
0 12 50 53 46 58 3 1829
0 128 60 25 60 28 3 1830
1 134 71 72 69 71 6 1831
1 128 57 21 55 22 1 1832
0 116 59 33 59 26 3 1833
0 27 53 50 53 41 3 1834
0 74 67 73 70 73 3 1835
0 17 54 36 56 38 3 1836
0 120 61 39 56 22 3 1837
1 5 57 71 12 61 5 1838
0 64 59 17 60 19 3 1839
1 13 69 34 59 64 3 1840
1 72 50 42 52 41 2 1841
1 46 59 1 55 2 1 1842
1 103 30 59 30 62 2 1843
1 62 60 2 55 2 1 1844
0 88 30 44 25 54 3 1845
0 128 59 17 53 16 3 1846
1 63 46 4 40 4 1 1847
0 99 48 79 52 65 3 1848
0 88 52 47 42 35 3 1849
0 74 45 21 49 20 6 1850
1 21 58 60 60 49 4 1851
1 60 55 57 52 62 3 1852
0 143 49 38 54 55 3 1853
1 29 5 64 5 61 2 1854
0 80 67 43 54 44 3 1855
1 18 53 60 58 58 1 1856
1 83 81 2 85 3 1 1857
1 34 54 50 56 40 1 1858
0 67 37 41 42 39 3 1859
0 53 54 33 57 32 3 1860
0 123 33 49 32 47 3 1861
1 123 53 75 70 73 1 1862
1 40 55 18 58 16 6 1863
0 63 44 51 48 56 3 1864
1 65 62 44 56 62 1 1865
1 136 46 18 51 20 2 1866
1 81 61 47 51 61 1 1867
0 4 47 32 45 36 3 1868
0 104 52 19 63 17 3 1869
1 44 51 48 48 53 2 1870
1 53 58 17 57 20 1 1871
1 13 27 50 29 48 1 1872
0 0 59 47 61 43 5 1873
1 3 40 37 63 36 1 1874
0 26 74 32 66 31 3 1875
0 8 56 64 55 66 3 1876
1 15 61 45 65 48 1 1877
0 137 69 40 66 35 3 1878
0 126 85 92 84 94 3 1879
1 88 48 4 45 3 1 1880
1 44 68 32 68 40 4 1881
1 23 69 38 69 41 1 1882
0 66 37 42 41 31 3 1883
1 22 48 43 55 37 1 1884
0 70 64 75 69 69 3 1885
1 12 61 22 58 34 1 1886
0 39 52 19 59 19 3 1887
1 19 67 40 72 24 1 1888
0 129 61 44 55 52 3 1889
1 27 67 37 62 46 1 1890
1 139 52 43 55 42 6 1891
0 83 55 28 51 34 3 1892
0 130 45 21 50 19 6 1893
1 114 35 16 64 31 1 1894
1 99 57 35 60 24 2 1895
1 143 78 6 80 5 1 1896
0 48 22 62 49 55 3 1897
1 65 32 46 28 58 5 1898
1 115 52 50 53 33 5 1899
1 41 50 53 49 32 1 1900
0 73 51 30 51 26 3 1901
0 98 60 22 56 34 4 1902
0 15 46 49 46 46 3 1903
1 108 91 41 92 30 2 1904
1 10 64 97 65 95 1 1905
0 135 57 28 59 25 3 1906
1 72 6 33 5 35 1 1907
1 90 59 29 58 34 2 1908
1 46 71 40 56 28 1 1909
1 105 53 16 60 16 1 1910
0 56 91 38 92 34 3 1911
0 67 56 23 52 23 3 1912
0 61 92 31 90 36 3 1913
1 136 7 43 6 54 6 1914
1 103 56 20 58 30 1 1915
0 141 55 52 57 57 3 1916
1 117 53 29 53 42 3 1917
0 39 51 80 54 80 3 1918
1 130 55 43 54 47 1 1919
1 16 69 37 66 45 1 1920
1 113 62 49 60 53 1 1921
1 103 62 23 59 29 2 1922
0 10 62 28 47 36 3 1923
1 88 58 15 61 18 1 1924
1 86 98 18 98 21 3 1925
0 75 55 46 57 39 3 1926
0 0 58 42 50 48 5 1927
1 41 54 54 50 49 1 1928
0 25 54 27 64 26 3 1929
0 92 72 35 66 43 3 1930
0 35 51 80 55 80 3 1931
1 98 61 32 61 29 1 1932
0 18 61 33 44 40 3 1933
1 53 58 18 52 19 6 1934
0 111 55 80 58 80 5 1935
0 56 69 36 59 39 3 1936
0 17 46 3 49 2 3 1937
0 18 55 65 51 60 5 1938
1 69 41 40 40 44 1 1939
1 46 60 1 70 0 6 1940
1 89 40 24 29 24 1 1941
0 87 50 64 49 60 3 1942
1 68 50 48 49 53 1 1943
1 133 51 46 43 64 2 1944
0 74 52 81 56 76 3 1945
1 32 60 18 64 17 4 1946
0 104 49 52 56 44 5 1947
1 12 60 46 62 42 1 1948
0 121 6 33 6 37 3 1949
0 102 55 42 57 40 3 1950
1 68 61 22 48 35 2 1951
1 87 48 59 49 52 5 1952
1 24 45 2 49 2 2 1953
1 139 6 30 5 54 1 1954
1 138 91 26 92 24 1 1955
1 3 90 38 91 36 1 1956
0 19 45 48 46 45 3 1957
1 102 61 51 59 49 1 1958
0 5 56 56 51 63 3 1959
0 139 61 2 58 2 3 1960
1 91 67 36 70 35 6 1961
0 56 52 61 54 69 3 1962
0 92 45 19 55 15 3 1963
1 106 6 63 6 55 2 1964
0 72 65 51 64 46 3 1965
0 6 55 41 57 39 3 1966
0 68 50 52 45 61 3 1967
0 141 55 48 53 47 3 1968
0 50 21 14 45 23 3 1969
0 10 39 37 38 39 3 1970
1 38 38 45 39 38 2 1971
0 48 58 75 60 74 3 1972
1 32 32 44 30 46 2 1973
1 89 63 76 40 58 6 1974
1 131 54 39 50 37 2 1975
0 18 45 60 53 60 3 1976
0 52 38 41 41 35 4 1977
0 33 53 80 57 80 3 1978
0 10 58 2 48 2 3 1979
1 37 49 37 54 38 2 1980
1 49 53 47 51 45 2 1981
0 105 65 16 53 19 4 1982
0 142 5 67 6 65 4 1983
1 73 57 54 59 46 1 1984
0 108 63 35 55 40 3 1985
1 63 92 31 92 4 5 1986
1 60 82 6 77 6 2 1987
0 62 55 32 59 33 3 1988
0 52 91 18 90 20 3 1989
1 115 98 19 98 23 3 1990
0 26 69 40 70 35 5 1991
1 102 53 75 45 82 1 1992
0 90 86 4 81 2 5 1993
1 31 7 43 7 51 1 1994
1 8 28 48 26 49 1 1995
1 102 57 50 58 53 1 1996
0 31 52 3 48 2 3 1997
1 103 57 73 61 73 1 1998
1 71 50 18 45 21 1 1999
