1 128 58 27 60 23 1 0
1 114 69 37 69 41 1 1
1 1 59 17 51 19 5 2
0 97 47 35 51 32 6 3
1 25 56 34 57 26 3 4
1 111 54 31 59 26 1 5
0 0 59 33 47 39 3 6
1 128 61 23 55 30 5 7
1 0 53 44 57 43 2 8
0 139 46 3 37 4 3 9
1 64 55 52 62 49 2 10
0 92 71 40 66 32 3 11
0 33 91 35 91 28 3 12
1 76 54 49 48 52 1 13
1 103 57 29 46 28 1 14
0 12 61 18 60 26 3 15
1 43 88 92 86 94 1 16
1 125 69 35 68 37 1 17
1 77 22 11 26 12 1 18
0 13 55 43 57 40 3 19
0 32 41 12 45 11 3 20
1 93 56 1 42 1 3 21
1 10 57 58 61 50 1 22
1 39 45 64 45 61 1 23
1 143 52 80 57 79 2 24
1 104 49 49 53 44 1 25
1 130 58 57 57 60 1 26
1 135 42 31 13 38 2 27
1 33 57 28 47 24 1 28
0 72 51 44 57 39 3 29
0 72 55 26 54 29 3 30
1 64 56 30 64 21 5 31
1 6 67 35 63 45 1 32
0 119 57 80 52 81 3 33
1 24 42 34 33 39 3 34
1 143 30 13 25 13 2 35
0 50 46 41 48 43 3 36
0 10 61 46 58 33 3 37
1 6 54 45 52 41 1 38
1 37 45 34 55 38 1 39
0 130 56 39 56 28 3 40
0 3 63 33 52 38 3 41
1 53 55 80 51 81 1 42
1 128 54 33 58 30 5 43
1 17 56 40 57 38 4 44
0 30 60 25 58 29 3 45
1 139 42 19 38 28 1 46
1 101 87 94 84 93 1 47
0 84 68 35 67 41 6 48
0 101 66 92 65 95 3 49
0 53 61 30 61 27 3 50
1 108 57 36 57 33 1 51
0 104 53 51 54 49 3 52
0 63 70 73 67 76 3 53
1 9 55 67 58 62 1 54
0 22 58 35 53 36 3 55
1 11 50 38 31 55 1 56
0 30 52 45 48 53 3 57
0 116 7 41 6 51 3 58
0 71 68 71 70 73 3 59
0 117 54 33 49 38 3 60
1 98 61 24 54 32 3 61
0 60 47 20 41 20 3 62
0 128 54 43 50 42 4 63
0 14 57 47 56 49 3 64
0 87 78 7 81 5 3 65
1 73 85 93 88 93 2 66
0 140 67 38 67 42 3 67
0 22 58 39 60 32 3 68
1 128 52 39 54 46 1 69
1 80 49 79 59 73 3 70
0 140 60 33 59 36 3 71
1 83 6 34 6 31 1 72
0 28 65 91 67 93 5 73
0 53 57 30 53 9 3 74
1 7 90 38 91 34 1 75
0 91 55 48 52 46 3 76
0 86 50 47 49 49 3 77
0 44 61 36 66 30 3 78
1 121 41 38 41 41 3 79
0 94 87 3 82 2 6 80
1 76 23 20 38 56 2 81
0 130 56 41 54 52 3 82
1 96 53 40 57 39 1 83
1 113 65 30 52 45 2 84
1 89 64 77 66 74 2 85
0 9 52 2 49 2 3 86
1 93 71 33 72 38 1 87
1 28 67 93 65 94 1 88
0 130 54 50 53 52 3 89
0 89 48 80 51 80 3 90
1 44 40 35 26 33 2 91
0 134 68 37 66 40 3 92
0 55 57 48 53 56 3 93
0 98 51 20 52 18 3 94
1 19 52 50 43 48 1 95
1 48 69 44 59 38 1 96
1 52 45 34 41 35 2 97
1 24 42 34 43 32 1 98
0 128 32 42 30 46 3 99
1 139 91 35 91 26 5 100
0 53 59 29 59 32 3 101
0 52 66 32 65 27 3 102
1 13 5 64 5 58 1 103
0 54 32 50 32 45 3 104
0 75 50 48 53 48 3 105
0 93 57 2 47 1 3 106
1 62 62 24 60 28 1 107
0 99 41 33 46 27 3 108
0 105 5 58 3 73 3 109
0 72 6 55 4 47 3 110
1 27 52 39 59 36 2 111
1 66 57 18 60 18 1 112
0 4 58 32 60 30 3 113
1 96 14 21 52 41 6 114
0 120 55 55 26 23 3 115
0 64 69 33 51 44 3 116
1 80 59 41 55 41 1 117
1 38 53 51 51 58 2 118
1 45 67 35 69 30 1 119
0 136 55 37 52 39 3 120
1 78 79 5 81 6 2 121
0 17 50 49 50 54 3 122
0 53 50 62 49 42 3 123
0 38 62 25 60 26 6 124
1 36 56 43 58 46 4 125
1 37 98 21 98 16 1 126
1 24 43 39 39 24 5 127
1 4 67 35 69 31 1 128
0 131 91 20 85 25 3 129
1 128 27 50 29 46 2 130
0 4 51 26 53 27 4 131
1 47 5 40 6 27 1 132
0 53 58 30 57 28 4 133
0 111 6 68 6 64 3 134
0 123 58 16 60 17 3 135
1 128 57 28 63 22 5 136
0 53 43 40 42 34 3 137
0 26 62 26 59 25 3 138
1 35 53 43 52 48 3 139
0 4 43 18 51 18 3 140
0 99 52 27 49 28 3 141
0 130 59 48 60 46 4 142
0 70 63 17 65 15 3 143
0 9 59 26 60 23 3 144
0 96 6 42 6 60 3 145
0 57 63 31 52 37 5 146
0 138 90 35 91 31 3 147
1 31 43 1 57 1 5 148
1 122 63 16 57 18 1 149
1 106 6 50 6 59 1 150
0 51 49 19 52 19 3 151
1 62 98 21 98 18 3 152
1 0 50 63 51 57 1 153
1 93 31 45 32 52 4 154
0 101 53 32 65 6 3 155
0 14 62 40 55 29 3 156
1 85 67 43 48 44 1 157
0 135 39 39 37 46 5 158
0 139 65 1 60 2 3 159
0 93 56 60 56 51 4 160
1 78 31 43 29 46 1 161
1 143 67 93 64 93 1 162
1 56 65 49 63 21 5 163
1 20 46 52 43 39 1 164
1 51 73 68 68 72 1 165
0 102 5 47 5 58 4 166
0 134 52 36 55 38 3 167
0 54 60 40 60 48 5 168
1 56 42 59 44 63 3 169
1 26 46 45 44 31 1 170
0 138 6 37 6 30 3 171
0 77 57 2 63 1 3 172
0 126 6 48 6 52 6 173
0 15 34 41 31 43 3 174
1 92 98 16 98 19 2 175
0 88 50 18 47 15 3 176
0 136 64 31 62 33 3 177
0 7 6 55 6 64 3 178
0 87 46 57 48 55 3 179
0 124 58 2 54 2 3 180
0 52 42 31 43 34 3 181
1 131 63 18 60 18 6 182
1 15 47 44 36 40 1 183
0 50 47 31 48 29 3 184
0 95 53 2 49 2 3 185
0 53 53 19 60 17 3 186
0 24 52 49 60 40 3 187
1 57 54 65 56 58 1 188
1 36 67 39 66 44 1 189
1 59 60 44 60 28 4 190
1 58 67 93 64 96 1 191
0 122 53 41 53 44 3 192
0 141 47 53 47 50 3 193
0 27 88 92 86 91 3 194
0 141 53 56 57 44 3 195
0 83 6 25 6 29 5 196
1 93 33 38 38 40 2 197
1 65 63 47 55 54 1 198
0 100 6 63 6 67 4 199
0 120 53 40 54 42 3 200
0 50 47 38 52 44 3 201
0 98 42 2 49 1 3 202
1 139 42 32 36 54 1 203
0 80 87 4 82 3 3 204
0 64 92 35 91 38 3 205
0 106 5 72 6 49 5 206
1 27 98 12 98 30 2 207
1 10 42 2 50 1 1 208
1 18 55 58 42 52 1 209
1 140 57 18 59 19 1 210
0 62 52 81 47 82 3 211
0 52 42 3 46 2 3 212
0 5 48 19 43 20 3 213
0 67 54 76 59 75 3 214
0 127 56 53 54 52 3 215
1 76 64 76 68 76 1 216
1 102 6 37 5 40 1 217
1 117 63 31 54 50 1 218
1 43 42 39 46 32 1 219
0 129 98 21 98 15 3 220
0 0 69 45 65 43 3 221
0 38 59 18 52 20 3 222
0 62 39 28 36 31 3 223
0 108 66 76 74 67 6 224
0 132 51 76 55 77 3 225
0 130 55 43 50 57 5 226
1 119 5 39 6 32 1 227
0 93 62 44 48 49 3 228
1 81 55 41 38 49 1 229
1 66 52 22 50 27 1 230
1 96 6 52 6 56 1 231
0 104 53 40 16 20 3 232
0 89 68 77 65 76 3 233
0 53 60 17 58 19 3 234
0 24 61 23 63 20 3 235
0 23 73 30 70 31 3 236
1 100 66 38 43 18 5 237
1 5 43 4 49 3 1 238
0 9 31 78 54 81 3 239
0 5 46 4 42 4 3 240
1 67 56 24 65 30 2 241
1 92 82 4 78 6 2 242
0 37 91 36 92 31 3 243
1 143 41 5 47 4 1 244
0 80 30 45 29 47 3 245
1 95 71 39 68 39 1 246
0 128 43 11 40 11 3 247
1 128 58 40 55 35 1 248
0 101 57 60 54 57 3 249
0 57 58 48 62 47 3 250
1 35 51 80 54 80 2 251
0 42 88 93 85 94 3 252
1 86 88 92 90 90 5 253
0 112 29 49 27 51 3 254
1 64 48 38 53 34 4 255
0 124 46 59 42 59 3 256
1 12 56 40 54 42 4 257
1 57 98 20 98 15 1 258
1 11 54 80 47 80 1 259
0 64 72 33 66 45 3 260
0 80 52 2 39 2 3 261
0 58 54 49 32 49 3 262
0 96 59 40 55 38 3 263
0 70 54 39 57 38 3 264
1 96 5 69 5 66 1 265
1 112 51 41 54 40 1 266
1 132 58 40 56 49 1 267
0 24 58 32 58 29 3 268
0 66 49 57 52 27 4 269
0 138 43 57 45 48 3 270
0 86 98 18 98 14 3 271
1 10 62 34 56 38 6 272
0 24 50 62 52 58 3 273
0 86 91 29 91 21 3 274
1 68 66 39 66 48 1 275
1 17 73 33 74 30 1 276
0 72 64 93 67 92 3 277
0 1 54 55 51 61 3 278
1 137 53 24 53 55 1 279
0 100 69 6 83 4 3 280
0 101 69 37 63 53 3 281
1 60 57 54 52 61 1 282
1 56 59 59 59 52 3 283
0 53 59 30 43 26 3 284
0 10 27 2 47 2 6 285
1 13 66 23 70 30 1 286
1 11 52 59 51 49 1 287
1 107 33 42 31 43 2 288
0 12 58 32 50 47 3 289
0 49 56 30 50 37 3 290
0 49 50 50 46 54 3 291
1 14 88 93 85 93 5 292
0 23 65 50 63 51 3 293
1 104 55 45 55 42 5 294
1 131 62 86 52 75 1 295
0 42 58 25 60 29 3 296
1 108 66 91 63 89 2 297
1 80 62 24 62 11 1 298
0 81 87 94 88 92 3 299
1 71 27 26 37 44 1 300
0 143 48 2 45 1 3 301
1 96 55 41 59 41 6 302
1 77 63 21 54 35 2 303
0 84 91 34 90 36 3 304
1 19 31 50 27 50 1 305
1 86 53 45 55 40 1 306
0 54 59 46 61 49 3 307
1 29 48 4 45 4 2 308
1 29 46 4 50 3 3 309
1 132 50 2 44 2 1 310
1 128 36 13 45 10 1 311
0 18 48 30 48 34 3 312
0 97 56 43 57 39 3 313
1 124 6 53 6 63 1 314
0 11 51 78 57 73 3 315
0 102 6 21 6 27 5 316
1 100 48 80 55 80 1 317
0 50 53 23 54 27 6 318
1 38 68 72 62 79 1 319
0 141 6 34 6 29 3 320
0 0 42 64 43 61 3 321
1 138 49 40 41 25 1 322
0 109 54 27 52 29 3 323
0 133 51 80 54 80 3 324
0 124 49 32 43 42 3 325
1 130 6 34 6 8 1 326
1 15 67 1 54 1 1 327
1 105 44 30 41 34 1 328
0 50 58 34 57 26 3 329
0 68 53 51 54 46 3 330
1 63 52 46 56 50 1 331
0 105 45 32 43 30 3 332
0 1 60 50 58 49 3 333
1 58 42 18 64 31 2 334
0 35 88 91 87 93 3 335
0 96 41 12 43 11 3 336
1 142 57 80 52 81 1 337
0 118 47 43 43 56 3 338
1 38 53 43 63 37 3 339
1 52 40 37 42 33 1 340
0 96 6 57 2 52 3 341
1 98 49 18 51 19 2 342
0 103 49 4 40 4 3 343
1 58 6 48 6 43 1 344
0 73 51 44 57 39 3 345
1 110 44 4 39 4 1 346
1 99 63 17 58 17 1 347
0 46 58 22 53 27 6 348
1 51 59 35 56 39 1 349
1 65 55 53 60 46 5 350
0 76 72 40 72 37 3 351
1 20 56 39 52 54 3 352
1 23 53 27 54 29 1 353
1 134 89 92 88 94 2 354
0 44 59 36 58 32 3 355
0 28 47 57 38 74 3 356
1 71 44 4 41 4 1 357
0 9 49 57 51 53 3 358
1 24 56 36 58 33 1 359
1 4 41 3 38 3 1 360
0 40 41 31 43 36 3 361
0 92 59 42 36 40 5 362
1 1 59 38 56 36 1 363
0 95 66 43 35 16 5 364
1 74 46 22 48 21 1 365
1 79 58 80 48 81 3 366
1 129 70 72 70 68 1 367
1 126 45 49 44 53 1 368
0 74 49 19 47 20 3 369
0 118 60 49 66 52 3 370
1 78 55 45 57 43 1 371
1 93 6 39 6 32 1 372
0 143 44 62 47 57 3 373
1 52 68 42 59 56 1 374
0 58 69 44 60 32 3 375
0 96 44 64 45 61 3 376
1 21 60 45 55 54 1 377
0 0 58 76 53 77 3 378
1 74 50 44 52 60 4 379
1 9 64 37 61 41 2 380
1 134 81 2 82 5 1 381
0 38 46 53 26 63 3 382
0 119 59 38 71 33 3 383
1 61 52 32 60 25 1 384
1 62 60 48 47 46 1 385
0 121 44 30 43 34 3 386
1 64 32 50 30 52 1 387
0 51 63 28 64 33 4 388
1 72 69 40 43 87 1 389
0 140 54 37 52 32 3 390
1 129 45 45 40 45 2 391
0 130 55 65 50 66 5 392
0 3 53 42 56 38 3 393
1 40 58 54 54 53 2 394
0 74 6 35 6 31 3 395
1 49 51 33 32 31 2 396
0 116 48 21 51 19 3 397
0 29 59 41 58 44 3 398
0 92 67 42 67 35 6 399
0 0 34 44 32 38 3 400
1 37 6 29 6 33 1 401
0 70 56 41 54 39 3 402
0 84 42 62 47 47 5 403
1 95 54 44 49 48 1 404
0 129 48 47 42 59 6 405
1 96 53 48 54 46 1 406
0 124 92 28 91 32 3 407
1 62 5 68 6 65 1 408
0 83 55 35 57 29 3 409
1 125 61 30 52 37 1 410
1 64 61 33 56 40 6 411
0 134 66 91 65 96 3 412
1 133 57 80 39 81 2 413
1 66 53 23 47 31 6 414
1 140 58 73 54 75 1 415
1 54 51 57 49 51 1 416
0 45 46 3 48 2 5 417
1 11 56 76 30 77 1 418
0 15 53 46 54 40 4 419
1 24 53 17 50 18 1 420
1 56 72 71 69 68 1 421
0 88 56 37 52 40 3 422
1 8 56 20 62 17 1 423
1 116 7 42 6 27 5 424
0 32 57 36 60 39 3 425
1 76 61 40 56 31 1 426
1 64 31 50 33 46 5 427
1 100 79 6 81 5 1 428
0 64 32 49 30 51 3 429
0 108 5 68 6 66 3 430
0 3 53 57 40 51 3 431
0 96 37 13 39 12 3 432
0 103 51 78 57 75 3 433
1 128 53 43 52 45 1 434
1 143 98 19 98 16 1 435
0 31 67 72 70 72 3 436
1 93 66 35 68 39 1 437
1 136 6 41 5 37 1 438
1 91 6 32 5 36 1 439
1 130 6 33 6 37 5 440
1 139 6 29 6 34 1 441
0 49 88 3 81 2 3 442
0 16 61 41 60 39 3 443
0 100 51 19 53 20 3 444
1 97 53 19 47 30 1 445
1 81 43 2 46 2 5 446
1 114 82 6 78 6 1 447
0 62 49 36 56 35 3 448
1 56 68 37 69 34 1 449
0 106 91 34 92 27 3 450
1 62 56 32 52 32 1 451
0 58 58 46 61 43 5 452
0 84 32 25 41 29 3 453
0 100 67 43 63 44 5 454
1 1 70 38 62 38 3 455
1 141 47 40 46 46 1 456
1 133 55 80 59 80 5 457
1 24 46 3 49 3 4 458
0 0 60 22 60 27 3 459
1 59 63 33 59 20 1 460
1 1 27 50 30 45 1 461
0 9 75 5 81 4 3 462
0 2 55 80 53 81 3 463
1 68 52 44 50 49 1 464
0 28 55 32 57 31 3 465
0 83 41 20 46 21 3 466
0 73 65 31 60 35 3 467
1 89 85 4 86 2 1 468
1 0 61 43 59 41 6 469
0 90 51 26 55 24 5 470
1 42 44 45 49 28 3 471
1 112 60 16 56 18 1 472
0 72 56 40 30 14 6 473
0 11 6 66 5 68 3 474
1 93 6 35 6 31 1 475
1 87 61 41 62 46 3 476
1 63 70 73 73 66 6 477
0 9 56 37 59 35 6 478
1 111 76 4 81 5 2 479
1 53 52 33 40 30 2 480
1 130 61 72 62 69 1 481
1 21 59 45 61 46 1 482
1 43 58 48 59 46 2 483
0 37 51 24 54 25 3 484
0 49 55 37 54 41 3 485
0 4 53 40 54 42 3 486
0 0 68 39 71 34 3 487
1 57 50 32 49 34 1 488
1 88 49 20 47 22 1 489
0 35 64 37 60 49 3 490
1 66 48 28 52 23 1 491
0 128 50 67 49 45 3 492
1 101 53 47 50 50 1 493
0 0 60 30 55 24 4 494
0 74 15 14 3 16 3 495
0 72 48 56 55 57 3 496
0 10 35 15 33 6 3 497
1 28 6 54 5 63 1 498
1 27 57 25 56 27 1 499
0 83 6 55 7 47 3 500
1 81 57 41 61 34 1 501
1 139 47 30 51 26 1 502
0 82 49 61 52 47 3 503
0 96 5 74 3 86 6 504
1 21 63 32 62 35 1 505
1 83 54 33 37 54 1 506
1 130 56 43 50 48 1 507
1 1 66 92 63 94 4 508
0 137 65 94 67 93 3 509
0 65 58 48 61 40 3 510
1 142 33 49 26 77 1 511
1 59 47 18 45 19 1 512
1 101 59 43 55 42 1 513
0 16 40 11 41 13 3 514
1 16 67 41 53 43 6 515
1 101 54 31 55 26 1 516
0 128 28 40 27 35 6 517
1 116 47 2 44 3 1 518
0 49 46 23 49 20 3 519
1 118 49 19 41 20 1 520
0 46 54 56 56 64 3 521
1 140 36 41 38 39 1 522
1 13 40 40 34 45 3 523
1 54 56 63 51 70 1 524
0 133 55 53 52 59 5 525
0 87 44 12 40 13 3 526
0 11 59 30 61 24 3 527
1 14 53 39 56 39 1 528
0 32 54 58 52 59 3 529
0 80 55 35 52 26 3 530
0 111 77 6 80 6 3 531
1 24 43 19 47 27 1 532
0 100 52 62 50 66 3 533
1 25 56 21 60 22 1 534
1 143 42 38 51 21 1 535
0 139 79 7 81 6 3 536
1 7 41 67 44 62 3 537
0 35 50 25 54 24 3 538
1 44 52 45 48 42 2 539
0 7 50 28 52 25 3 540
1 99 66 94 62 92 3 541
0 124 67 92 74 91 3 542
1 18 69 43 51 39 1 543
1 91 56 40 54 41 1 544
0 15 62 1 65 1 3 545
0 64 39 14 43 12 3 546
0 128 61 22 61 17 5 547
0 32 36 13 38 12 5 548
0 24 54 45 53 40 3 549
0 123 86 4 85 6 3 550
0 69 98 16 98 21 3 551
1 26 56 40 59 35 1 552
0 96 30 44 34 40 3 553
0 128 53 75 68 64 3 554
1 13 30 61 25 56 1 555
1 12 67 33 68 44 1 556
1 8 34 45 33 41 4 557
1 0 36 15 62 46 4 558
1 27 49 19 39 19 1 559
1 110 56 80 49 81 1 560
1 14 61 2 55 2 1 561
1 73 30 52 34 43 2 562
0 136 44 51 47 62 3 563
0 17 47 37 16 21 3 564
1 68 71 39 67 40 1 565
0 0 65 39 54 44 3 566
0 63 6 40 6 65 4 567
1 48 56 37 52 41 1 568
0 128 40 12 32 12 3 569
0 60 80 4 82 6 3 570
0 28 50 80 54 80 3 571
0 101 53 43 52 47 3 572
0 102 51 63 47 58 3 573
1 61 54 31 49 36 1 574
0 5 45 20 43 17 3 575
1 86 55 30 57 32 1 576
1 20 63 20 61 26 1 577
0 1 58 77 55 76 3 578
0 107 29 51 28 54 3 579
0 94 55 45 54 42 3 580
1 70 51 59 50 52 1 581
1 68 55 52 50 49 1 582
1 24 54 42 53 49 1 583
1 35 47 32 48 29 5 584
0 53 38 36 49 35 3 585
0 97 71 31 69 34 3 586
1 93 70 42 70 39 1 587
1 108 31 44 31 40 6 588
1 23 6 45 6 59 1 589
1 104 6 53 6 68 1 590
1 121 35 54 36 50 2 591
0 93 50 29 55 27 3 592
0 116 44 16 50 17 3 593
0 50 44 28 52 17 3 594
1 141 49 41 42 56 2 595
1 30 53 41 52 33 1 596
0 39 88 93 86 94 3 597
0 0 42 12 39 12 3 598
1 104 56 34 56 38 1 599
1 40 51 22 47 23 1 600
0 79 32 45 31 48 3 601
1 34 58 77 12 72 1 602
1 34 48 38 55 29 1 603
0 140 61 1 67 1 3 604
1 54 46 17 42 16 1 605
0 143 66 93 60 91 3 606
0 52 49 2 28 2 3 607
1 124 61 34 55 49 1 608
0 103 87 3 85 4 3 609
0 93 6 29 6 37 3 610
0 137 65 27 43 39 3 611
0 0 47 41 48 45 5 612
1 68 56 27 60 29 6 613
0 120 49 44 46 42 3 614
1 113 44 17 54 23 1 615
1 126 66 50 63 52 3 616
1 100 52 59 56 48 1 617
0 77 53 2 62 2 3 618
0 134 61 51 68 38 3 619
0 108 57 30 58 11 3 620
1 79 53 21 49 20 1 621
1 43 54 50 56 42 1 622
0 130 51 62 53 58 3 623
1 66 6 31 5 36 1 624
0 89 42 12 38 13 3 625
1 58 68 33 67 27 4 626
1 58 44 43 52 57 1 627
0 5 50 27 48 33 3 628
0 79 33 46 31 44 3 629
0 11 31 51 28 47 3 630
1 128 52 30 51 27 6 631
1 28 50 61 55 51 2 632
0 44 54 46 54 49 3 633
0 110 49 43 57 40 3 634
0 86 49 53 38 46 3 635
1 36 33 44 33 41 1 636
1 28 58 33 58 24 1 637
1 19 42 60 47 55 4 638
1 108 5 69 4 66 6 639
0 10 49 54 42 66 3 640
0 23 6 47 6 44 3 641
1 28 98 22 98 25 1 642
1 59 61 40 64 43 1 643
0 99 55 32 49 36 3 644
0 16 32 48 34 42 3 645
0 119 61 46 60 42 3 646
0 126 51 77 53 75 3 647
0 31 40 45 39 47 3 648
0 36 46 42 48 51 3 649
0 74 59 46 59 56 3 650
0 143 57 41 48 44 6 651
0 5 69 70 71 68 3 652
1 111 53 54 47 52 6 653
1 23 53 79 52 77 1 654
0 87 59 46 57 49 3 655
0 10 69 32 57 29 3 656
0 56 67 48 74 32 3 657
0 82 73 66 71 69 3 658
1 65 74 6 70 6 1 659
0 143 79 6 77 7 4 660
1 18 54 57 58 53 1 661
0 72 48 65 52 51 3 662
1 116 65 42 42 18 5 663
0 51 77 8 80 6 3 664
0 123 58 60 62 44 3 665
1 0 43 4 39 4 5 666
1 67 60 40 63 42 1 667
1 3 62 35 61 37 2 668
1 61 59 46 50 46 1 669
1 56 68 41 66 47 3 670
1 34 37 11 40 9 2 671
1 48 32 42 35 39 1 672
1 51 70 64 69 62 1 673
1 128 57 30 59 27 1 674
0 102 55 80 49 80 3 675
0 28 61 38 38 56 3 676
1 102 52 42 56 49 3 677
1 123 67 44 68 42 4 678
0 32 55 59 58 58 3 679
1 135 85 3 86 1 2 680
0 96 58 40 53 60 5 681
0 31 68 71 67 75 5 682
1 17 55 76 60 69 1 683
0 18 90 25 92 26 3 684
0 116 6 46 6 43 3 685
1 43 86 3 84 2 1 686
0 132 69 37 72 41 3 687
0 124 27 50 32 46 4 688
0 122 32 49 33 44 3 689
1 48 38 14 40 12 1 690
0 37 60 43 61 26 3 691
1 53 6 38 6 30 1 692
1 26 45 64 52 51 1 693
0 102 56 52 58 51 3 694
0 106 86 3 88 4 3 695
0 109 61 72 55 75 3 696
1 44 48 29 47 24 2 697
0 50 51 32 54 26 3 698
0 11 52 18 51 20 3 699
0 37 61 34 61 37 3 700
0 45 55 80 50 80 3 701
1 103 56 28 58 26 1 702
1 134 91 34 90 36 2 703
1 91 55 44 55 51 3 704
0 92 65 44 68 39 3 705
0 94 87 4 84 4 6 706
1 50 31 47 27 58 2 707
1 65 55 50 50 48 1 708
0 133 48 65 51 63 3 709
1 138 31 45 30 52 1 710
1 130 51 62 56 64 1 711
0 0 59 23 62 25 5 712
0 98 52 45 53 49 3 713
0 36 39 5 41 4 3 714
0 103 48 44 55 44 3 715
1 120 79 7 99 3 4 716
0 50 52 24 56 21 3 717
0 84 52 52 56 40 3 718
0 30 42 31 43 33 3 719
1 65 57 43 48 48 1 720
1 30 29 47 30 52 2 721
1 107 90 23 89 30 1 722
1 40 47 70 51 48 2 723
0 143 54 66 57 50 3 724
0 36 32 47 31 51 3 725
1 26 54 54 47 69 6 726
0 75 6 64 5 66 3 727
0 132 7 45 7 51 3 728
0 15 54 50 48 52 3 729
1 57 45 45 45 51 5 730
1 140 70 30 66 39 3 731
0 108 33 47 30 51 3 732
0 48 57 40 55 41 3 733
0 128 43 12 40 9 3 734
0 96 39 13 41 11 3 735
0 81 50 33 58 12 3 736
1 135 57 37 17 23 1 737
0 140 88 94 86 93 3 738
1 93 52 47 54 48 3 739
1 16 41 12 35 14 1 740
0 67 35 41 27 24 3 741
0 76 61 40 65 45 3 742
0 120 80 6 83 4 5 743
1 118 28 47 33 45 1 744
0 97 60 23 54 30 3 745
0 128 67 42 64 42 3 746
0 66 50 33 55 25 3 747
1 63 55 80 49 82 2 748
0 60 50 20 45 20 3 749
0 130 92 31 91 28 3 750
0 111 61 29 61 39 3 751
1 82 48 54 47 50 1 752
0 79 89 93 81 97 5 753
0 117 56 39 59 36 3 754
0 38 57 28 59 32 3 755
1 58 27 49 26 51 1 756
1 89 6 36 6 32 3 757
1 116 51 64 50 67 2 758
1 1 57 36 60 37 1 759
0 10 53 49 41 74 4 760
0 59 55 49 57 38 3 761
0 121 35 16 37 37 3 762
0 68 55 43 48 31 3 763
1 52 65 43 62 40 2 764
0 81 6 64 5 66 3 765
0 41 68 41 57 20 3 766
1 95 73 66 70 72 2 767
1 128 54 33 58 11 3 768
1 3 91 32 92 28 2 769
0 99 63 32 51 38 3 770
1 3 58 17 52 19 1 771
0 88 3 12 3 17 3 772
1 79 46 45 47 52 6 773
0 111 50 53 48 56 3 774
1 142 46 54 52 54 1 775
0 49 53 42 43 50 3 776
1 73 59 35 63 33 3 777
0 60 65 31 62 35 3 778
1 102 44 22 48 21 1 779
1 14 87 91 88 93 5 780
1 5 46 3 36 5 1 781
0 124 91 30 92 35 3 782
1 4 55 38 57 28 1 783
1 101 66 41 69 43 5 784
1 49 68 35 69 37 1 785
1 131 42 2 48 2 1 786
0 6 57 74 62 69 3 787
0 124 90 45 90 38 3 788
1 112 88 93 85 91 1 789
0 143 37 9 41 12 6 790
1 141 43 35 41 42 1 791
1 130 6 30 99 51 5 792
0 102 60 19 63 21 3 793
1 74 30 58 29 62 1 794
0 68 46 36 50 37 4 795
1 8 51 55 52 48 1 796
0 76 6 54 5 74 3 797
0 68 92 30 90 37 3 798
0 65 6 31 6 36 3 799
0 124 31 44 30 53 3 800
1 115 71 69 68 70 1 801
1 132 54 80 56 76 1 802
0 133 50 58 48 52 5 803
0 66 64 45 65 43 3 804
1 80 31 43 34 41 1 805
1 53 52 47 48 52 1 806
1 121 47 71 46 69 1 807
1 28 62 24 46 27 2 808
0 30 53 41 50 48 3 809
1 80 57 48 50 44 2 810
0 56 98 21 98 18 4 811
0 108 92 35 92 27 3 812
1 32 7 39 6 41 1 813
0 18 53 71 49 72 6 814
1 32 60 48 57 50 5 815
0 33 92 29 91 37 5 816
0 3 61 24 53 25 3 817
0 143 88 94 85 96 3 818
0 33 53 50 55 41 3 819
0 139 56 21 36 27 3 820
0 10 37 42 43 37 3 821
1 29 47 29 60 40 1 822
0 102 51 63 43 64 3 823
1 41 6 60 6 57 3 824
1 117 51 55 52 42 5 825
0 16 29 46 25 56 4 826
0 24 49 53 46 58 3 827
0 112 33 45 29 52 4 828
0 75 49 2 46 2 3 829
1 77 39 37 43 32 1 830
0 109 65 38 63 47 3 831
0 139 57 2 60 1 3 832
0 115 63 33 67 40 3 833
0 118 60 38 50 38 3 834
0 118 57 40 53 40 3 835
0 82 5 36 6 38 3 836
0 2 6 50 6 43 3 837
0 100 5 58 6 48 3 838
0 77 67 42 72 37 3 839
0 112 58 40 52 46 3 840
1 67 50 53 47 71 1 841
1 106 73 40 79 44 1 842
0 40 59 17 62 18 3 843
1 8 35 81 29 92 1 844
0 38 34 26 36 31 3 845
0 133 48 66 53 51 3 846
1 128 36 13 40 13 2 847
0 26 64 46 64 31 3 848
0 89 46 34 43 38 3 849
1 39 50 48 53 42 1 850
0 10 60 44 65 37 3 851
1 128 41 11 37 14 1 852
0 65 45 63 46 61 3 853
1 7 28 43 25 42 5 854
0 86 61 20 59 35 3 855
1 77 69 72 68 74 4 856
0 86 6 54 6 42 3 857
1 83 86 94 88 93 1 858
1 81 6 47 6 42 1 859
0 107 6 38 6 31 3 860
0 122 30 52 23 48 4 861
0 72 52 41 36 66 3 862
0 108 31 57 30 53 3 863
0 70 69 35 68 42 3 864
1 77 59 33 64 28 3 865
0 72 29 53 30 46 3 866
0 128 47 2 52 2 3 867
1 107 37 40 26 31 1 868
1 126 7 52 6 62 5 869
0 129 88 4 93 3 3 870
1 132 59 43 60 33 5 871
1 43 68 35 67 37 1 872
1 55 4 24 5 34 1 873
1 44 5 51 7 37 2 874
1 29 58 39 52 41 1 875
0 48 46 45 47 57 3 876
0 51 56 30 59 28 3 877
1 96 50 48 62 34 1 878
1 121 57 27 52 34 2 879
0 98 87 4 81 2 3 880
1 60 56 21 45 24 1 881
1 16 98 19 98 9 1 882
1 79 48 47 48 29 1 883
1 81 5 37 5 33 1 884
1 27 47 4 40 4 2 885
1 85 54 58 56 47 3 886
1 93 46 2 50 2 1 887
1 50 63 34 61 39 1 888
0 24 56 80 53 80 5 889
0 11 48 4 46 3 3 890
1 129 98 18 98 21 3 891
1 37 54 52 60 47 1 892
0 39 6 36 6 33 3 893
1 94 62 36 44 40 4 894
1 41 60 26 62 23 2 895
0 143 52 32 61 51 5 896
0 61 5 60 6 58 3 897
0 139 83 4 79 6 3 898
0 107 91 20 92 24 3 899
1 88 48 21 45 21 1 900
0 32 80 5 83 4 3 901
1 99 39 40 41 42 4 902
0 135 42 34 41 37 3 903
0 91 57 37 60 39 3 904
1 22 55 24 51 27 3 905
1 137 31 57 29 62 1 906
1 126 42 59 40 63 1 907
0 95 67 74 64 79 3 908
0 25 57 80 45 80 3 909
0 47 22 20 37 59 3 910
1 135 6 69 6 65 1 911
0 67 5 64 5 70 3 912
1 112 51 41 57 40 2 913
1 96 44 4 28 4 2 914
1 63 63 44 64 53 1 915
1 39 60 34 44 40 1 916
0 31 61 1 57 2 3 917
1 86 56 76 62 69 5 918
0 97 55 80 58 76 5 919
1 1 68 35 66 41 1 920
1 102 60 33 56 49 3 921
0 19 61 1 66 1 4 922
0 48 62 32 50 44 5 923
1 16 47 52 42 65 3 924
1 59 68 41 52 69 1 925
1 1 61 43 59 41 1 926
1 106 6 57 5 55 1 927
0 78 56 39 62 38 3 928
0 90 41 11 43 12 3 929
0 92 55 18 57 19 3 930
1 129 58 33 60 23 1 931
0 59 48 58 43 66 3 932
0 93 88 94 83 97 3 933
0 90 58 29 59 31 3 934
1 10 62 34 61 37 3 935
0 16 61 34 53 44 3 936
0 38 57 29 55 32 3 937
0 46 62 70 51 77 6 938
1 27 6 63 6 66 2 939
0 78 68 33 63 41 3 940
0 36 59 42 61 29 3 941
1 84 46 32 47 36 1 942
0 77 55 50 51 61 3 943
0 117 52 46 40 49 3 944
0 136 59 41 59 36 3 945
1 129 44 54 41 60 1 946
0 108 6 60 6 64 3 947
0 78 58 44 66 43 3 948
0 14 59 35 61 36 3 949
0 55 56 78 58 77 3 950
1 133 58 36 59 34 6 951
1 65 62 18 58 18 1 952
0 82 50 77 58 75 3 953
0 51 5 67 3 31 3 954
1 64 29 49 32 44 1 955
1 126 34 39 27 50 2 956
1 122 58 80 52 80 1 957
0 93 90 34 91 25 3 958
0 122 56 65 51 65 3 959
0 51 32 48 33 46 3 960
1 101 52 47 53 49 1 961
1 132 41 4 45 4 2 962
0 29 51 80 53 81 3 963
1 26 54 28 50 26 2 964
1 97 52 28 54 46 2 965
0 86 6 46 6 49 3 966
1 1 48 41 50 39 2 967
0 29 59 37 46 65 3 968
1 126 43 2 49 2 2 969
0 96 69 40 66 39 5 970
1 100 98 20 98 1 2 971
1 43 79 5 77 7 2 972
0 15 53 80 48 80 3 973
1 31 56 42 56 45 2 974
1 97 53 23 47 30 1 975
0 0 48 53 54 52 3 976
0 0 51 58 53 55 3 977
1 96 42 39 45 34 1 978
1 53 59 27 51 25 5 979
0 24 37 43 42 33 3 980
0 53 51 19 52 21 4 981
0 130 44 18 46 20 3 982
1 50 60 40 58 39 1 983
0 139 91 32 91 28 3 984
0 1 67 93 65 95 3 985
0 2 61 41 59 47 3 986
0 65 60 31 55 28 3 987
1 103 60 22 63 21 2 988
1 133 63 33 60 37 1 989
1 66 41 34 41 22 1 990
1 43 54 44 54 49 1 991
0 125 41 38 45 31 3 992
1 112 26 53 32 48 1 993
0 39 62 39 62 36 3 994
0 96 6 49 5 39 3 995
1 53 60 15 64 17 1 996
0 33 54 18 56 19 3 997
0 6 48 59 44 70 3 998
0 92 6 35 5 50 3 999
0 76 70 70 69 75 3 1000
1 122 55 80 52 80 1 1001
1 89 55 26 51 11 4 1002
1 85 53 76 12 61 3 1003
0 79 44 62 41 73 3 1004
0 32 31 48 32 45 5 1005
0 90 86 94 84 96 3 1006
0 114 54 41 52 42 3 1007
1 48 61 31 56 37 5 1008
0 135 43 3 51 2 3 1009
1 47 48 55 51 49 2 1010
1 86 58 71 61 70 6 1011
1 35 92 28 91 23 4 1012
0 116 7 41 5 35 6 1013
0 118 34 44 28 59 3 1014
1 13 58 38 53 43 6 1015
0 17 6 47 5 40 3 1016
1 1 49 49 40 45 2 1017
0 8 98 23 97 28 3 1018
1 21 46 36 39 40 2 1019
0 91 43 32 42 35 3 1020
1 8 63 35 63 32 1 1021
1 44 57 17 57 20 2 1022
1 115 49 42 42 46 1 1023
0 48 91 37 91 32 3 1024
1 132 60 35 64 36 5 1025
0 108 71 70 67 73 3 1026
0 83 6 31 6 34 3 1027
1 50 42 60 32 57 1 1028
1 136 87 4 84 6 1 1029
1 130 49 36 51 38 5 1030
0 10 58 48 39 41 3 1031
0 9 80 6 82 5 3 1032
0 24 46 36 55 39 3 1033
0 1 50 79 54 75 3 1034
0 73 57 38 59 37 6 1035
1 72 98 12 98 17 1 1036
0 7 31 47 34 41 3 1037
1 7 28 60 33 44 6 1038
0 122 54 40 57 40 3 1039
0 0 68 78 69 76 3 1040
0 56 54 41 56 37 3 1041
1 24 28 2 48 2 2 1042
1 133 60 24 61 29 4 1043
1 132 49 35 64 29 5 1044
0 121 53 70 56 67 3 1045
0 57 98 22 98 19 3 1046
0 112 39 12 41 11 3 1047
0 132 49 3 45 4 5 1048
0 62 59 1 56 2 3 1049
1 105 70 33 67 43 1 1050
0 113 54 32 32 35 4 1051
0 127 69 37 68 40 3 1052
1 140 70 72 72 66 2 1053
1 86 6 55 5 39 1 1054
1 143 57 42 52 57 1 1055
1 141 56 38 55 52 1 1056
1 52 51 36 24 51 1 1057
0 60 47 20 49 19 5 1058
1 47 5 31 6 71 1 1059
0 141 60 42 40 56 3 1060
1 37 44 46 40 38 3 1061
0 29 53 27 50 33 3 1062
1 116 6 28 6 33 2 1063
0 63 92 35 92 32 3 1064
0 69 48 79 46 86 3 1065
1 40 33 42 34 28 2 1066
0 31 88 94 89 92 3 1067
0 90 53 40 56 46 3 1068
0 141 60 50 62 49 3 1069
1 102 65 50 64 44 2 1070
0 80 57 39 55 40 3 1071
1 52 62 2 56 1 2 1072
0 17 55 51 54 45 3 1073
0 103 70 33 67 36 3 1074
1 130 6 34 6 29 1 1075
1 120 58 50 60 51 1 1076
0 65 61 40 61 46 6 1077
1 83 69 34 65 43 1 1078
1 9 48 55 51 58 1 1079
1 13 48 33 53 27 2 1080
0 46 66 93 64 94 5 1081
1 113 58 30 49 37 1 1082
1 46 57 52 52 62 1 1083
1 64 31 42 31 48 1 1084
1 8 44 28 46 27 1 1085
0 53 56 29 64 8 3 1086
1 25 56 73 56 76 1 1087
1 74 48 59 41 74 1 1088
1 138 53 41 51 44 2 1089
0 124 6 28 5 34 3 1090
0 27 5 39 6 44 5 1091
0 64 39 14 41 12 3 1092
1 77 54 22 54 37 2 1093
0 88 43 22 50 17 3 1094
1 116 42 3 46 2 1 1095
0 25 50 49 45 26 3 1096
1 28 98 21 98 16 5 1097
1 8 98 11 98 16 3 1098
1 36 28 67 30 61 5 1099
1 143 48 58 45 64 3 1100
1 97 54 27 46 29 1 1101
1 59 43 2 47 2 2 1102
0 56 68 38 61 51 3 1103
0 106 56 47 59 48 3 1104
0 108 53 42 54 49 3 1105
1 112 46 34 50 33 1 1106
0 133 69 71 66 67 3 1107
0 90 31 50 26 49 3 1108
1 41 48 30 44 41 2 1109
0 81 62 51 55 31 3 1110
0 50 47 52 35 57 3 1111
0 22 32 50 26 73 3 1112
0 10 59 46 61 33 3 1113
1 37 58 19 57 17 1 1114
0 8 55 30 55 17 3 1115
0 40 26 2 41 3 3 1116
0 26 44 52 42 53 4 1117
0 66 70 38 72 36 3 1118
1 41 6 41 5 33 1 1119
0 125 53 76 58 71 3 1120
1 46 6 18 6 22 1 1121
1 35 51 27 50 29 1 1122
0 108 58 2 56 1 3 1123
0 60 60 51 59 54 3 1124
1 109 45 61 45 64 1 1125
0 115 47 4 42 3 3 1126
0 135 59 17 57 18 3 1127
1 45 47 35 50 28 3 1128
1 117 61 38 52 42 6 1129
0 39 61 35 56 50 3 1130
1 84 68 42 67 40 1 1131
0 49 65 48 60 42 3 1132
1 25 91 38 92 32 4 1133
0 96 45 45 47 50 5 1134
1 23 71 35 70 20 1 1135
1 32 5 32 29 53 5 1136
1 110 55 45 59 38 2 1137
1 48 32 47 29 35 6 1138
0 143 68 37 59 50 3 1139
1 125 67 92 62 93 5 1140
1 133 54 43 60 34 1 1141
1 97 55 52 49 56 3 1142
0 143 61 45 57 45 3 1143
1 62 61 48 61 51 2 1144
1 5 56 61 54 56 2 1145
0 133 50 53 54 55 4 1146
1 87 57 27 20 26 1 1147
1 5 38 38 22 51 2 1148
0 15 63 1 67 1 3 1149
0 114 69 40 62 18 3 1150
1 54 43 54 47 50 1 1151
1 22 48 55 47 46 1 1152
1 118 62 47 35 15 2 1153
1 91 62 38 56 43 2 1154
0 130 79 90 87 94 3 1155
0 19 65 74 68 73 3 1156
0 108 61 2 59 1 3 1157
1 34 43 36 45 38 1 1158
0 124 47 52 70 32 3 1159
0 48 48 23 53 20 3 1160
1 126 49 79 57 76 4 1161
1 37 34 39 26 51 2 1162
1 26 47 68 50 62 1 1163
0 16 30 47 23 47 3 1164
1 64 57 30 51 24 1 1165
0 73 31 44 32 42 3 1166
0 19 47 29 60 30 3 1167
1 8 55 26 52 24 3 1168
0 105 61 29 50 31 3 1169
0 38 55 42 54 39 3 1170
1 130 49 48 52 46 6 1171
1 132 54 1 51 2 4 1172
0 126 53 41 54 50 3 1173
1 71 45 62 43 64 1 1174
0 80 67 34 63 43 3 1175
1 113 60 26 48 26 5 1176
1 36 47 34 47 31 1 1177
1 110 59 25 52 30 2 1178
1 21 54 81 57 80 2 1179
0 32 54 24 49 29 3 1180
1 73 56 38 54 43 1 1181
1 85 47 52 47 48 1 1182
1 130 65 45 91 4 1 1183
1 130 42 33 44 36 2 1184
0 127 59 26 56 29 3 1185
0 47 6 49 7 38 3 1186
1 53 61 45 60 47 1 1187
1 24 53 42 54 45 5 1188
1 1 71 31 68 27 1 1189
1 65 32 49 29 38 1 1190
1 112 60 38 63 45 1 1191
0 68 69 35 67 34 3 1192
0 0 41 12 36 14 6 1193
0 112 31 45 34 45 3 1194
1 52 42 35 44 36 6 1195
0 118 55 40 56 47 4 1196
1 89 70 68 63 77 1 1197
1 42 86 92 88 94 1 1198
0 47 6 58 7 47 3 1199
0 137 62 41 59 56 3 1200
0 142 39 14 41 13 3 1201
0 143 41 3 44 2 5 1202
0 25 6 43 6 32 3 1203
1 115 5 25 5 21 1 1204
0 93 6 34 6 29 5 1205
1 136 57 36 58 34 1 1206
0 5 51 48 50 60 3 1207
1 126 42 12 40 10 1 1208
0 112 30 51 27 51 5 1209
1 20 67 27 54 44 1 1210
0 46 46 50 28 79 3 1211
1 65 55 46 44 63 4 1212
1 16 60 15 51 19 1 1213
0 90 55 32 60 29 3 1214
1 0 49 55 23 62 6 1215
0 66 6 55 6 52 3 1216
0 132 54 80 58 80 3 1217
0 82 69 39 70 34 3 1218
1 90 46 74 49 65 1 1219
1 61 48 20 49 18 1 1220
1 107 54 39 53 43 2 1221
0 54 59 17 51 19 3 1222
1 80 44 11 33 13 5 1223
1 112 54 37 61 31 2 1224
1 57 98 18 98 12 2 1225
0 82 64 75 70 72 3 1226
1 51 3 96 1 95 2 1227
1 139 6 29 6 33 1 1228
0 30 71 68 72 71 3 1229
1 12 50 44 46 40 1 1230
1 53 43 43 45 49 1 1231
0 102 87 94 84 93 3 1232
0 102 48 59 43 70 3 1233
1 81 66 91 65 94 1 1234
0 45 98 24 98 21 3 1235
1 128 70 72 67 72 1 1236
0 48 98 27 98 17 3 1237
0 35 50 29 45 40 3 1238
1 112 55 26 53 25 1 1239
0 93 48 1 45 2 3 1240
1 121 50 46 65 12 1 1241
0 91 49 34 46 44 3 1242
1 53 48 36 53 39 2 1243
1 108 92 27 92 24 5 1244
1 13 65 94 62 94 1 1245
1 63 71 70 69 72 1 1246
0 95 68 73 63 76 3 1247
1 54 5 68 6 66 1 1248
0 101 26 43 30 50 3 1249
0 94 32 49 31 58 3 1250
1 90 65 95 63 96 1 1251
1 100 58 72 61 74 1 1252
0 60 61 51 61 47 3 1253
0 67 49 51 51 49 3 1254
0 92 30 43 30 47 4 1255
1 58 29 51 27 53 3 1256
1 128 91 34 92 25 1 1257
1 75 46 52 42 61 1 1258
1 3 46 3 43 4 2 1259
1 78 55 38 58 46 4 1260
1 23 46 23 44 20 1 1261
1 121 7 67 6 65 1 1262
1 53 55 37 56 35 1 1263
0 112 59 39 56 38 3 1264
1 126 54 75 57 76 2 1265
1 33 91 29 92 27 2 1266
0 21 62 34 47 39 6 1267
1 84 92 27 91 17 1 1268
1 11 44 64 52 51 5 1269
1 48 33 43 34 39 1 1270
1 7 6 51 6 48 1 1271
0 132 57 40 59 33 3 1272
0 21 48 19 56 18 3 1273
0 138 69 36 67 28 3 1274
0 57 86 94 97 92 6 1275
0 35 56 51 57 31 3 1276
0 61 32 54 31 48 3 1277
1 128 26 52 30 45 1 1278
1 132 62 1 54 2 1 1279
0 143 42 20 46 18 3 1280
0 135 83 4 87 4 3 1281
1 33 46 21 32 26 1 1282
0 32 5 47 5 50 3 1283
0 139 62 17 54 16 3 1284
0 128 36 13 39 13 3 1285
0 22 51 50 49 54 3 1286
1 100 98 20 98 12 2 1287
1 35 48 28 51 29 1 1288
1 35 68 39 58 43 3 1289
0 37 59 26 59 32 3 1290
1 39 58 34 58 30 3 1291
1 67 52 50 51 47 1 1292
0 135 45 2 50 2 3 1293
1 115 42 3 47 3 2 1294
0 115 44 4 47 4 5 1295
0 88 50 46 53 47 5 1296
1 11 52 47 44 61 1 1297
1 84 46 53 46 41 2 1298
1 43 98 17 98 20 2 1299
1 123 67 93 65 95 1 1300
0 87 35 56 28 53 3 1301
0 60 81 2 84 3 6 1302
0 52 48 55 55 44 3 1303
1 81 5 69 5 65 1 1304
1 22 51 37 57 36 1 1305
0 69 78 6 81 5 3 1306
1 112 53 28 47 30 2 1307
0 24 70 35 66 40 3 1308
0 125 6 35 6 25 3 1309
0 35 48 29 53 29 3 1310
1 9 86 94 85 92 1 1311
1 14 59 42 56 42 1 1312
1 126 42 52 43 49 5 1313
1 30 60 45 54 53 1 1314
1 105 58 18 63 16 1 1315
0 132 50 27 55 30 3 1316
0 96 43 61 48 56 3 1317
0 138 55 23 55 26 3 1318
1 98 56 31 50 35 1 1319
0 38 50 19 44 20 3 1320
1 4 49 34 55 24 2 1321
0 56 44 54 47 49 6 1322
0 133 58 1 55 2 3 1323
1 54 6 49 5 61 1 1324
1 58 57 40 53 46 1 1325
1 31 48 48 48 51 1 1326
0 133 62 39 64 29 3 1327
0 22 31 47 32 42 3 1328
0 50 31 44 30 51 3 1329
0 128 87 3 83 3 3 1330
0 86 29 36 27 33 3 1331
1 130 58 47 53 59 2 1332
1 11 58 75 56 71 1 1333
1 70 44 36 42 37 1 1334
1 73 37 41 42 32 2 1335
0 50 51 49 58 43 3 1336
0 30 50 78 54 80 3 1337
1 68 49 52 48 57 4 1338
1 11 28 60 30 62 2 1339
0 117 56 41 60 33 3 1340
1 120 58 38 55 41 2 1341
1 10 61 50 61 42 4 1342
1 17 6 50 6 47 2 1343
1 133 68 74 69 72 1 1344
1 128 6 36 6 27 4 1345
0 138 31 4 40 4 5 1346
1 29 88 93 86 95 1 1347
0 112 60 42 53 43 3 1348
1 40 87 5 81 2 1 1349
1 91 69 40 67 44 1 1350
1 33 48 21 51 19 1 1351
1 52 53 2 40 3 1 1352
1 129 49 49 54 39 1 1353
0 82 58 2 62 1 3 1354
0 25 49 52 53 56 3 1355
1 112 52 20 56 22 1 1356
1 55 68 40 61 48 1 1357
1 72 60 23 59 31 5 1358
0 118 5 61 5 65 3 1359
1 122 40 38 40 46 2 1360
1 76 46 43 53 57 1 1361
1 26 68 37 48 60 5 1362
0 56 48 68 37 59 3 1363
0 101 44 64 43 69 3 1364
1 93 6 32 6 29 2 1365
0 121 6 28 6 33 6 1366
0 57 33 48 34 41 3 1367
1 141 59 17 54 20 1 1368
1 120 30 52 28 59 2 1369
0 135 46 28 37 40 3 1370
0 28 51 46 49 59 3 1371
1 13 87 3 85 6 1 1372
1 39 58 19 56 18 2 1373
0 40 79 7 69 6 3 1374
0 47 6 41 6 38 3 1375
0 16 32 13 32 17 3 1376
1 143 32 47 29 47 2 1377
0 51 52 76 48 79 3 1378
0 50 46 32 44 36 5 1379
0 52 51 61 49 55 3 1380
0 48 68 42 66 39 3 1381
1 120 54 76 62 69 5 1382
1 128 50 31 44 28 1 1383
0 92 28 54 28 50 3 1384
1 68 46 4 43 4 1 1385
0 104 60 37 47 62 3 1386
0 14 88 94 84 93 3 1387
0 75 58 43 61 35 3 1388
1 85 81 4 79 6 1 1389
1 127 43 3 46 3 2 1390
0 113 60 29 56 30 3 1391
0 112 54 28 53 25 5 1392
1 141 63 37 60 41 1 1393
1 57 41 37 35 48 1 1394
0 121 6 39 5 35 3 1395
0 127 60 44 61 40 3 1396
0 125 81 3 80 5 3 1397
0 130 47 2 52 1 3 1398
0 116 6 33 4 24 3 1399
0 46 57 53 55 68 5 1400
1 90 55 42 45 49 1 1401
0 88 67 35 68 33 3 1402
1 11 56 80 50 80 1 1403
0 0 35 15 41 27 3 1404
0 92 62 17 54 14 3 1405
1 140 56 52 58 53 1 1406
1 136 29 52 27 57 1 1407
1 13 5 67 5 70 1 1408
0 100 51 19 47 20 3 1409
0 98 59 31 58 26 3 1410
1 119 62 46 71 38 1 1411
1 41 55 43 49 34 1 1412
1 11 65 47 63 44 1 1413
0 9 50 49 52 45 3 1414
1 52 56 49 36 43 3 1415
0 141 49 57 51 58 3 1416
1 79 30 44 34 45 1 1417
1 113 48 30 45 30 1 1418
1 50 56 15 52 14 2 1419
1 0 60 46 58 58 2 1420
1 104 54 45 57 44 4 1421
0 136 6 30 6 34 3 1422
1 99 65 96 65 92 1 1423
1 67 6 65 5 68 5 1424
1 88 49 48 53 42 1 1425
0 13 50 18 46 20 3 1426
1 27 55 42 53 45 1 1427
0 95 68 77 68 74 3 1428
0 66 45 32 38 39 3 1429
1 106 44 50 49 36 3 1430
1 93 60 34 64 37 2 1431
1 103 55 73 58 73 5 1432
0 120 59 49 56 52 3 1433
0 13 63 18 35 19 4 1434
0 72 71 35 69 38 3 1435
1 117 61 32 57 40 3 1436
1 66 42 30 44 33 1 1437
0 102 46 59 31 55 3 1438
1 82 56 50 57 43 2 1439
1 0 53 31 50 30 4 1440
1 2 58 80 54 80 6 1441
1 73 44 17 46 21 2 1442
1 35 38 81 50 80 1 1443
1 30 63 16 56 18 2 1444
1 132 59 37 62 33 1 1445
0 9 33 48 24 41 3 1446
1 9 55 45 48 16 1 1447
0 117 60 15 55 12 3 1448
1 37 88 91 87 93 2 1449
1 137 56 43 59 37 1 1450
0 27 6 44 6 52 5 1451
1 17 6 60 6 53 1 1452
0 117 70 43 69 41 3 1453
1 130 16 1 48 2 1 1454
0 53 57 28 60 27 3 1455
0 10 81 4 79 2 3 1456
0 33 52 42 53 39 4 1457
1 78 91 29 93 8 1 1458
0 95 68 73 70 72 3 1459
0 50 61 42 56 54 3 1460
0 71 54 19 46 31 3 1461
1 52 49 49 57 43 1 1462
1 59 57 72 57 75 1 1463
0 3 69 44 67 32 3 1464
0 36 30 50 31 52 3 1465
0 60 87 4 83 4 3 1466
0 61 61 25 60 23 3 1467
0 3 53 17 48 24 3 1468
1 127 7 41 7 38 2 1469
1 101 51 46 37 50 1 1470
0 88 58 36 61 38 3 1471
0 18 56 47 59 45 3 1472
0 110 49 53 52 27 3 1473
1 25 69 76 66 76 5 1474
1 9 55 45 53 42 2 1475
0 41 58 46 44 40 3 1476
0 125 6 69 6 65 3 1477
0 0 60 28 67 37 4 1478
0 100 42 20 47 18 3 1479
0 141 66 30 64 28 3 1480
0 62 55 2 61 1 3 1481
0 14 57 18 53 19 3 1482
0 14 61 19 62 17 3 1483
1 10 42 28 42 40 1 1484
0 130 5 49 5 46 3 1485
1 64 46 52 42 72 1 1486
0 129 54 29 55 15 3 1487
0 5 50 20 52 19 3 1488
0 13 56 41 54 43 5 1489
1 36 32 46 31 48 1 1490
0 81 43 3 46 3 3 1491
1 26 74 35 65 42 5 1492
0 80 78 18 78 14 3 1493
0 66 5 58 6 61 3 1494
1 79 62 45 55 42 1 1495
1 74 49 80 52 77 1 1496
1 91 61 29 64 49 4 1497
0 120 45 3 40 3 3 1498
0 31 3 52 1 50 3 1499
0 120 67 42 64 41 3 1500
0 52 51 49 55 39 3 1501
1 104 31 59 32 48 1 1502
1 9 6 35 5 40 5 1503
1 36 32 50 31 46 1 1504
0 106 40 4 15 3 3 1505
1 56 44 65 52 46 1 1506
0 117 51 59 29 61 3 1507
0 94 44 45 50 38 4 1508
0 14 47 29 50 27 3 1509
0 30 91 26 92 28 3 1510
1 44 58 47 59 35 2 1511
1 46 56 38 59 34 1 1512
1 73 54 20 53 30 1 1513
1 17 44 2 49 2 1 1514
0 60 47 4 99 0 3 1515
0 100 54 80 52 81 6 1516
1 39 46 43 43 47 1 1517
0 132 54 39 49 56 3 1518
0 33 72 34 68 49 3 1519
0 53 63 16 60 11 3 1520
1 91 55 39 54 41 6 1521
0 43 47 56 50 56 3 1522
1 28 51 49 46 49 6 1523
0 79 26 2 37 3 3 1524
0 136 68 37 66 44 3 1525
0 100 68 43 70 31 3 1526
1 96 39 40 43 39 1 1527
0 107 45 4 40 4 3 1528
1 117 60 42 64 36 5 1529
0 128 35 40 31 36 3 1530
1 136 55 35 57 34 1 1531
0 53 55 37 49 52 3 1532
1 96 33 45 15 58 6 1533
1 98 57 34 58 27 1 1534
1 16 12 8 23 12 1 1535
0 74 41 4 45 4 3 1536
1 38 51 30 53 28 1 1537
0 17 50 2 1 2 3 1538
1 108 32 54 24 50 3 1539
0 48 57 80 47 80 3 1540
1 54 50 27 53 27 1 1541
1 3 47 2 52 1 1 1542
0 28 66 40 66 37 3 1543
0 72 67 38 69 41 3 1544
0 86 43 3 49 2 3 1545
1 17 30 54 27 66 2 1546
0 38 62 23 59 25 3 1547
1 48 58 34 54 39 1 1548
0 109 6 26 5 15 3 1549
1 85 46 3 16 2 1 1550
0 112 58 42 49 59 3 1551
1 55 63 52 60 62 6 1552
0 102 65 41 35 16 3 1553
1 77 47 1 58 1 1 1554
1 73 46 30 49 32 1 1555
1 134 70 72 67 74 2 1556
1 16 68 41 62 53 1 1557
0 52 41 35 41 38 6 1558
0 123 46 2 50 2 3 1559
1 25 62 23 52 45 1 1560
0 80 67 39 90 28 3 1561
0 53 58 20 55 21 3 1562
0 33 49 20 44 23 3 1563
1 90 58 30 58 27 1 1564
1 74 53 63 54 66 2 1565
1 24 6 44 7 46 1 1566
1 72 98 19 98 25 5 1567
1 66 53 14 55 18 1 1568
0 100 43 12 31 13 3 1569
0 57 41 10 38 10 3 1570
1 55 44 21 49 18 3 1571
0 123 42 2 52 2 3 1572
1 99 66 92 63 93 6 1573
1 63 68 34 66 40 2 1574
0 50 50 31 50 28 3 1575
0 124 67 48 63 53 3 1576
1 24 54 43 49 53 5 1577
0 36 68 39 63 45 3 1578
1 69 67 72 52 75 1 1579
0 123 42 33 45 29 3 1580
0 140 68 77 65 75 5 1581
0 11 61 40 50 49 3 1582
1 91 6 30 5 37 2 1583
0 7 19 58 27 44 3 1584
1 65 61 47 62 44 1 1585
0 74 46 4 7 2 3 1586
1 64 85 93 84 97 1 1587
1 107 52 70 56 62 1 1588
1 139 49 34 50 21 2 1589
0 113 45 4 30 4 3 1590
1 74 56 54 54 68 1 1591
1 109 46 81 50 77 5 1592
0 105 63 17 53 19 5 1593
1 0 98 26 98 20 3 1594
1 116 70 38 48 44 2 1595
0 117 54 46 53 59 5 1596
1 132 59 32 62 37 1 1597
1 137 31 49 30 46 1 1598
1 70 68 39 70 37 1 1599
1 96 58 18 53 19 1 1600
1 64 39 14 40 12 1 1601
1 120 57 40 48 51 1 1602
1 89 49 55 50 60 1 1603
1 84 56 27 55 30 2 1604
0 71 57 27 49 37 3 1605
0 58 59 35 54 42 3 1606
1 92 6 69 5 67 1 1607
1 92 56 76 63 69 4 1608
0 88 56 49 52 56 3 1609
0 128 69 40 63 44 3 1610
0 33 47 43 45 47 3 1611
0 44 53 42 43 60 3 1612
1 57 46 56 42 70 1 1613
1 65 32 47 30 52 1 1614
0 17 67 62 64 68 3 1615
0 79 37 22 35 52 3 1616
0 24 51 2 48 2 6 1617
1 132 67 41 73 35 1 1618
1 33 53 42 56 40 1 1619
0 100 67 34 61 32 4 1620
0 139 98 23 98 20 3 1621
1 63 58 76 53 76 4 1622
0 77 58 23 56 26 3 1623
1 102 56 49 52 58 1 1624
0 4 42 20 36 19 3 1625
0 119 6 44 5 25 3 1626
0 137 49 59 47 58 3 1627
0 0 6 28 5 38 5 1628
1 102 53 46 48 62 1 1629
0 15 47 28 43 35 3 1630
1 11 60 44 62 35 1 1631
1 103 58 33 53 34 5 1632
0 109 47 2 51 2 3 1633
1 53 57 45 56 43 1 1634
0 27 57 20 52 19 3 1635
0 109 54 63 61 45 3 1636
1 120 67 33 63 46 6 1637
0 93 45 29 43 30 3 1638
0 74 63 45 66 49 3 1639
0 21 48 4 41 4 3 1640
0 23 69 26 70 34 3 1641
1 94 55 43 53 44 2 1642
1 15 47 4 43 4 2 1643
1 77 61 18 55 18 1 1644
1 37 62 1 60 2 2 1645
0 11 42 4 36 4 5 1646
0 80 42 12 37 15 3 1647
1 80 80 6 69 6 1 1648
1 127 67 77 68 72 1 1649
0 67 6 31 5 26 3 1650
0 29 71 34 60 42 3 1651
1 21 49 2 46 2 1 1652
1 112 47 30 37 30 2 1653
1 116 61 47 53 56 6 1654
1 27 5 68 6 64 1 1655
1 93 88 93 86 95 1 1656
1 17 57 34 57 38 5 1657
0 19 6 66 5 70 3 1658
0 25 88 3 86 5 3 1659
1 60 52 23 47 30 1 1660
0 66 59 23 60 18 3 1661
0 90 63 55 63 47 3 1662
0 120 51 43 56 38 3 1663
0 24 52 46 50 49 3 1664
0 45 46 4 49 3 3 1665
0 94 88 3 86 4 5 1666
0 119 70 43 69 40 3 1667
0 1 57 14 58 17 3 1668
0 10 71 32 64 8 3 1669
1 82 57 78 55 75 2 1670
0 143 53 58 55 62 3 1671
0 38 66 37 64 42 3 1672
1 94 31 47 31 44 6 1673
0 38 39 25 42 23 5 1674
1 49 88 93 86 94 1 1675
0 36 49 18 47 19 3 1676
0 93 62 1 58 1 5 1677
1 19 86 4 83 4 3 1678
1 3 90 37 91 34 1 1679
1 106 68 38 66 24 1 1680
1 92 46 4 32 4 5 1681
1 46 60 1 64 2 2 1682
0 131 54 43 60 35 3 1683
0 54 42 43 43 48 3 1684
0 16 31 43 30 46 3 1685
1 38 57 36 58 31 1 1686
0 115 88 93 87 90 3 1687
0 70 6 66 5 62 3 1688
1 88 98 22 98 17 1 1689
1 28 49 19 47 22 1 1690
1 52 66 74 68 73 1 1691
1 21 63 30 61 24 5 1692
1 60 91 32 90 38 2 1693
0 132 67 41 63 52 3 1694
1 9 62 37 57 41 1 1695
0 129 52 35 50 38 3 1696
1 74 53 60 54 55 5 1697
1 32 58 41 56 40 1 1698
0 107 55 16 61 17 3 1699
0 143 42 12 36 11 3 1700
0 92 65 43 72 35 3 1701
1 120 31 47 33 45 1 1702
0 60 63 42 40 29 3 1703
1 67 6 66 5 57 2 1704
0 27 6 48 6 42 3 1705
0 9 58 34 57 40 3 1706
0 28 26 50 32 44 3 1707
0 102 6 28 6 32 3 1708
0 97 53 33 60 26 3 1709
0 129 46 44 48 30 5 1710
0 9 98 20 98 27 3 1711
1 106 6 62 6 44 3 1712
0 48 28 49 29 47 3 1713
1 63 67 33 69 32 1 1714
0 112 51 80 43 81 3 1715
1 80 51 43 53 41 6 1716
0 81 66 94 62 93 3 1717
1 32 31 42 30 46 1 1718
0 50 57 47 89 24 3 1719
0 125 49 3 22 3 3 1720
1 124 61 1 64 1 6 1721
0 128 46 47 48 46 3 1722
0 89 59 74 73 70 3 1723
1 26 55 45 58 45 1 1724
0 93 72 33 69 42 3 1725
0 72 66 93 65 95 3 1726
1 62 12 8 36 8 3 1727
0 46 54 66 49 85 3 1728
1 91 55 40 49 51 1 1729
0 13 46 45 52 45 3 1730
1 114 47 20 37 18 1 1731
1 107 43 35 45 36 1 1732
0 132 70 33 65 46 3 1733
1 94 43 2 46 3 1 1734
0 87 36 4 34 5 3 1735
1 128 57 29 55 26 1 1736
0 31 65 1 62 1 3 1737
1 58 64 36 62 35 1 1738
1 57 91 31 92 20 4 1739
1 51 60 30 56 21 4 1740
0 2 61 38 56 40 3 1741
0 9 53 46 51 52 3 1742
0 74 6 34 6 17 3 1743
1 45 28 2 48 2 5 1744
1 117 46 58 50 49 1 1745
0 121 47 62 38 83 3 1746
1 61 56 41 55 48 3 1747
0 53 55 43 54 39 3 1748
1 132 60 54 54 54 1 1749
1 28 67 39 69 37 1 1750
1 74 50 27 48 28 4 1751
0 27 28 54 29 61 3 1752
0 6 64 1 58 2 3 1753
1 118 47 52 43 54 1 1754
1 14 53 40 52 45 1 1755
1 143 51 34 47 42 1 1756
1 57 98 22 98 19 1 1757
1 112 34 45 30 44 5 1758
0 141 56 40 54 41 3 1759
0 109 63 17 61 18 3 1760
0 132 15 21 59 35 3 1761
0 81 43 40 42 42 3 1762
0 98 27 45 23 47 3 1763
0 9 6 53 6 57 3 1764
0 74 58 48 56 53 3 1765
0 102 66 75 68 77 3 1766
1 45 58 47 59 52 1 1767
0 43 47 61 50 56 3 1768
1 102 57 36 55 35 2 1769
1 35 62 1 67 1 2 1770
0 128 45 32 42 30 3 1771
1 4 86 94 89 92 1 1772
1 99 68 36 69 42 3 1773
0 4 45 62 43 61 3 1774
0 40 57 19 64 16 3 1775
1 31 59 38 33 43 1 1776
0 74 59 46 57 49 3 1777
1 11 48 3 45 4 1 1778
1 106 43 32 41 34 1 1779
0 0 45 62 42 70 3 1780
1 24 52 57 51 61 1 1781
1 34 74 30 71 33 1 1782
0 52 71 36 67 43 3 1783
1 71 68 41 67 32 1 1784
1 74 54 36 59 37 5 1785
1 88 61 37 63 34 1 1786
0 37 51 48 56 28 4 1787
0 75 71 34 73 37 3 1788
0 31 59 53 57 50 3 1789
0 139 6 29 6 33 3 1790
1 51 30 49 31 45 1 1791
1 143 51 20 43 21 1 1792
0 68 57 25 42 22 3 1793
0 104 69 35 67 29 5 1794
1 28 98 23 98 20 1 1795
1 48 38 45 39 37 1 1796
0 68 62 48 63 15 3 1797
0 28 63 18 54 21 3 1798
1 50 87 94 85 92 2 1799
1 23 42 3 30 3 5 1800
1 56 60 38 57 36 1 1801
0 8 41 55 44 44 3 1802
1 86 98 14 98 25 1 1803
0 28 55 26 60 23 3 1804
0 64 44 51 46 50 3 1805
0 141 61 47 49 68 3 1806
1 25 62 37 55 37 1 1807
1 115 69 33 74 31 1 1808
0 96 43 12 40 9 3 1809
1 93 44 39 43 30 2 1810
1 75 53 1 46 2 1 1811
0 69 39 37 43 29 3 1812
0 19 30 46 27 50 3 1813
1 96 70 37 68 49 1 1814
0 129 57 73 55 75 3 1815
0 17 59 77 55 78 3 1816
0 118 51 55 55 51 3 1817
1 33 53 48 57 20 1 1818
0 141 55 37 54 39 3 1819
1 73 51 25 60 34 5 1820
0 81 53 28 57 22 3 1821
1 58 52 26 29 24 1 1822
0 67 5 67 3 74 6 1823
0 120 58 47 54 57 3 1824
1 30 48 55 41 67 1 1825
1 102 56 40 45 53 1 1826
1 28 51 62 48 85 1 1827
1 105 57 48 58 46 2 1828
0 119 71 75 68 52 3 1829
1 85 71 34 70 36 6 1830
1 56 60 40 50 60 1 1831
0 18 91 34 89 53 6 1832
0 45 54 80 51 80 3 1833
1 25 62 39 59 34 1 1834
0 71 98 19 98 22 3 1835
0 4 62 1 56 2 3 1836
0 29 92 26 91 38 3 1837
0 26 46 34 52 37 3 1838
1 59 39 2 48 2 2 1839
0 63 90 29 90 24 3 1840
0 124 54 58 52 59 3 1841
0 131 60 16 53 16 4 1842
1 39 47 60 44 59 4 1843
1 93 48 55 48 59 1 1844
0 5 55 51 55 45 3 1845
0 93 25 54 29 54 3 1846
0 129 60 22 61 19 3 1847
0 141 49 46 48 50 3 1848
1 90 60 1 65 1 1 1849
0 99 41 36 32 39 3 1850
1 33 91 20 91 36 1 1851
1 10 54 53 36 59 2 1852
1 88 55 29 46 49 1 1853
0 125 64 45 65 43 3 1854
0 94 60 14 61 22 4 1855
0 47 5 68 5 64 3 1856
1 96 50 53 49 55 2 1857
1 36 31 47 30 52 1 1858
0 35 46 45 45 49 3 1859
0 44 53 42 51 24 3 1860
1 51 56 50 60 50 2 1861
1 38 66 93 68 92 1 1862
1 73 61 50 59 41 1 1863
0 100 58 56 54 38 3 1864
0 103 59 23 58 32 5 1865
1 4 67 40 54 44 6 1866
0 80 46 4 37 4 3 1867
0 25 56 35 55 39 3 1868
0 5 86 4 84 3 3 1869
0 82 45 60 49 51 3 1870
0 68 55 53 57 48 3 1871
0 124 71 38 66 39 3 1872
1 65 71 40 72 34 1 1873
0 0 70 74 68 77 6 1874
1 21 50 38 45 37 1 1875
1 122 42 32 46 27 4 1876
0 47 49 42 52 42 3 1877
0 136 40 34 39 40 3 1878
1 2 30 42 33 48 1 1879
0 20 47 20 40 20 3 1880
0 86 68 73 40 58 3 1881
0 58 48 38 52 30 3 1882
1 35 88 93 86 94 1 1883
1 52 68 39 71 43 1 1884
0 97 50 53 45 46 3 1885
0 0 36 14 41 13 3 1886
0 136 6 28 6 25 3 1887
1 103 59 31 49 25 1 1888
1 78 59 35 56 35 1 1889
0 54 64 28 45 53 3 1890
1 89 50 48 39 49 1 1891
1 104 53 40 32 42 1 1892
0 57 51 48 50 37 3 1893
1 64 62 1 66 1 2 1894
0 77 64 32 69 34 3 1895
1 8 54 77 56 76 4 1896
0 29 87 4 81 2 3 1897
1 125 87 4 86 2 1 1898
0 77 57 1 65 1 3 1899
0 36 44 2 48 2 3 1900
0 45 63 1 60 1 3 1901
1 9 44 52 55 25 1 1902
0 143 59 17 52 19 3 1903
0 39 51 25 55 26 3 1904
0 98 58 29 51 33 5 1905
1 93 31 41 27 53 4 1906
0 75 61 42 63 40 3 1907
1 132 71 36 70 42 1 1908
1 132 63 48 71 31 1 1909
0 52 56 49 62 34 3 1910
0 18 43 1 42 3 3 1911
1 9 52 19 58 18 1 1912
1 69 63 33 44 40 2 1913
0 61 30 47 30 44 3 1914
1 114 43 30 43 35 1 1915
1 97 49 60 48 58 1 1916
1 131 58 17 51 20 1 1917
0 132 48 3 30 4 3 1918
1 3 64 43 60 49 1 1919
1 1 49 44 46 48 1 1920
0 14 58 35 63 34 3 1921
1 99 51 18 43 21 3 1922
1 113 52 33 56 26 5 1923
0 94 49 21 50 19 3 1924
1 87 48 23 45 23 1 1925
1 9 55 36 59 37 2 1926
1 53 49 52 53 51 3 1927
1 84 56 52 61 54 3 1928
1 29 66 93 64 92 1 1929
0 60 48 21 46 38 4 1930
0 24 42 29 40 44 3 1931
1 8 41 2 47 2 1 1932
0 61 59 77 44 75 4 1933
1 46 59 41 65 35 1 1934
0 51 34 43 31 43 3 1935
1 8 49 37 49 41 5 1936
1 98 61 42 65 37 5 1937
0 96 55 41 57 39 3 1938
0 19 46 30 39 28 3 1939
1 74 72 38 69 37 1 1940
0 0 52 58 51 53 4 1941
0 88 82 5 80 6 6 1942
0 62 48 21 50 20 3 1943
1 130 58 48 61 40 1 1944
0 36 68 34 62 30 5 1945
0 73 7 47 6 44 3 1946
0 143 42 4 16 2 3 1947
0 102 46 61 48 56 6 1948
1 53 53 30 47 52 1 1949
1 44 6 47 6 39 1 1950
1 111 55 80 52 80 6 1951
0 57 54 46 63 35 3 1952
0 10 23 19 45 58 3 1953
0 141 51 48 59 34 3 1954
0 19 50 17 46 18 3 1955
0 46 45 20 50 19 3 1956
1 93 61 2 66 1 1 1957
0 115 34 43 17 65 3 1958
1 60 56 61 52 59 2 1959
1 17 7 44 6 62 1 1960
0 36 56 48 56 39 3 1961
0 18 52 37 54 35 4 1962
0 18 72 68 98 64 3 1963
0 85 69 44 60 61 3 1964
0 99 67 92 66 94 3 1965
1 135 98 19 98 22 1 1966
1 141 5 67 6 65 2 1967
0 2 47 4 40 4 3 1968
1 51 72 66 68 72 1 1969
0 128 57 33 59 27 3 1970
0 16 26 51 31 50 5 1971
0 75 68 42 69 38 3 1972
0 111 64 43 51 45 3 1973
0 135 40 35 42 31 3 1974
0 42 28 47 27 49 3 1975
1 103 67 93 65 94 2 1976
1 15 65 38 61 32 1 1977
1 138 59 36 61 32 2 1978
1 0 92 26 92 32 3 1979
1 32 82 4 80 6 1 1980
0 16 56 53 57 49 3 1981
0 93 68 35 67 41 3 1982
0 113 60 29 56 27 3 1983
0 130 44 22 51 20 5 1984
1 64 40 12 37 12 5 1985
1 95 65 42 67 46 1 1986
0 37 47 55 45 63 3 1987
1 109 51 36 54 38 1 1988
1 40 59 41 57 39 1 1989
1 98 6 36 5 27 4 1990
1 100 51 61 51 50 2 1991
1 11 86 4 88 3 2 1992
0 72 64 36 55 43 3 1993
1 72 54 41 53 47 1 1994
0 0 46 32 45 30 3 1995
0 46 48 44 54 35 3 1996
1 72 41 69 52 54 1 1997
0 1 6 68 5 72 3 1998
0 39 57 39 50 51 3 1999
