0 70 68 36 70 43 3 0
1 32 57 37 62 39 1 1
1 20 50 27 51 24 2 2
0 121 5 41 5 45 6 3
0 141 63 49 62 33 3 4
0 102 45 72 50 48 3 5
0 136 40 12 38 13 3 6
0 121 55 40 57 39 3 7
0 56 55 80 24 80 3 8
1 87 98 24 98 20 2 9
1 78 56 80 52 80 1 10
0 132 48 48 46 53 4 11
0 117 55 45 44 61 3 12
1 18 90 38 91 32 1 13
0 47 5 63 6 61 3 14
1 8 6 66 5 69 1 15
1 133 61 37 59 38 1 16
0 90 58 26 62 20 3 17
1 99 54 66 46 87 2 18
1 46 43 23 30 23 1 19
1 10 43 35 42 38 5 20
0 24 40 37 43 32 3 21
0 50 52 24 46 33 5 22
1 66 5 58 6 49 1 23
1 48 53 52 54 55 3 24
1 83 5 39 6 32 5 25
1 24 62 32 52 45 2 26
1 17 45 3 42 4 2 27
1 20 70 34 67 34 1 28
1 73 45 23 40 21 3 29
1 51 81 5 83 4 1 30
1 97 54 75 50 78 1 31
1 106 41 43 41 32 2 32
0 64 62 27 62 21 5 33
0 59 68 35 66 40 3 34
0 31 69 73 68 77 4 35
0 25 56 39 54 41 3 36
0 11 55 73 55 77 3 37
0 95 55 30 59 31 3 38
1 27 32 46 33 49 2 39
1 93 87 93 85 94 3 40
1 0 39 13 43 11 5 41
1 97 6 46 6 59 1 42
1 86 48 78 53 76 1 43
1 19 51 49 54 46 1 44
1 5 31 55 31 48 3 45
0 118 59 19 46 18 3 46
0 2 78 6 61 2 3 47
0 13 60 43 52 53 6 48
0 113 91 35 91 32 3 49
0 116 34 45 28 49 3 50
0 71 87 93 83 93 5 51
0 26 51 39 35 24 3 52
1 72 61 32 56 43 1 53
0 68 62 19 55 21 3 54
0 74 60 31 56 36 3 55
0 56 45 51 46 47 3 56
0 16 67 36 64 52 5 57
1 64 25 55 27 56 1 58
0 129 45 59 31 55 3 59
0 0 48 39 52 29 3 60
1 128 52 34 42 30 6 61
1 45 90 36 92 26 2 62
1 52 40 36 41 32 5 63
1 27 4 67 1 60 5 64
1 90 48 48 43 64 1 65
0 28 56 39 54 43 3 66
0 90 6 48 6 45 3 67
0 9 49 63 51 58 3 68
0 53 53 43 52 54 5 69
0 72 32 42 27 51 3 70
1 22 50 47 63 35 1 71
1 108 69 42 67 46 2 72
1 74 43 2 40 1 5 73
0 51 61 30 59 27 3 74
0 17 53 44 48 50 3 75
0 68 49 41 56 31 3 76
1 117 50 52 47 57 1 77
1 35 98 14 98 21 2 78
0 102 58 44 57 47 3 79
0 19 58 33 56 30 3 80
1 36 33 57 14 48 1 81
1 102 54 25 53 30 1 82
1 124 66 43 58 44 1 83
1 93 6 31 6 35 1 84
0 117 6 34 6 37 3 85
1 19 49 28 55 24 1 86
1 52 63 44 61 51 1 87
1 14 59 16 43 15 5 88
1 38 61 21 62 29 1 89
0 79 32 48 28 57 3 90
1 102 39 58 70 71 1 91
0 96 7 49 6 52 3 92
1 38 49 38 60 28 3 93
1 99 92 27 91 31 1 94
1 51 41 4 17 2 1 95
0 3 57 35 49 51 3 96
1 92 70 31 71 37 3 97
0 141 70 36 70 42 3 98
1 10 6 50 6 29 1 99
0 130 58 54 53 44 3 100
1 44 68 42 63 54 2 101
1 73 60 31 62 30 1 102
0 16 27 51 28 47 3 103
0 128 31 42 48 48 3 104
1 121 59 43 70 43 1 105
1 43 53 40 55 44 1 106
1 61 47 21 49 20 1 107
0 117 64 36 62 37 3 108
1 128 59 17 59 31 5 109
0 7 47 2 51 2 3 110
1 97 51 69 63 69 3 111
1 25 54 38 57 29 1 112
1 8 57 31 57 27 1 113
0 90 55 19 63 16 3 114
0 123 33 48 33 36 3 115
1 143 56 75 59 69 2 116
0 64 41 31 41 41 3 117
1 36 62 48 49 65 5 118
0 101 48 55 45 49 3 119
0 4 54 58 51 60 3 120
0 35 49 29 47 30 3 121
0 26 63 51 70 34 3 122
0 66 51 2 47 2 3 123
1 79 33 50 28 56 1 124
1 14 59 39 65 28 1 125
0 12 6 63 5 69 3 126
1 32 47 2 40 4 1 127
0 94 32 55 28 57 3 128
0 97 51 48 48 53 5 129
1 121 37 41 42 42 1 130
1 1 57 41 59 38 3 131
1 127 68 41 70 39 1 132
0 16 6 49 6 55 3 133
0 82 52 54 53 58 3 134
1 133 91 34 90 38 1 135
1 50 61 33 57 29 1 136
1 90 58 2 60 1 1 137
1 57 54 49 55 46 1 138
1 26 61 41 57 43 1 139
0 24 52 81 46 82 3 140
0 27 40 12 37 13 3 141
0 26 68 40 73 30 5 142
0 43 91 31 89 35 3 143
1 88 59 43 62 40 1 144
1 24 61 50 54 66 1 145
0 119 5 68 6 66 4 146
1 46 56 36 55 27 1 147
1 55 71 37 68 42 1 148
1 25 74 32 71 41 1 149
0 65 51 47 61 41 3 150
0 133 67 73 72 72 4 151
1 50 56 35 55 37 1 152
0 138 56 75 49 77 3 153
1 56 88 94 85 93 1 154
0 106 5 57 7 45 5 155
1 81 49 28 52 26 1 156
1 88 57 54 57 58 1 157
1 19 54 80 51 80 1 158
1 40 5 71 2 67 6 159
0 92 73 68 71 71 3 160
1 49 61 29 64 28 1 161
0 1 57 17 62 18 3 162
1 88 48 21 48 16 1 163
0 94 51 44 49 56 3 164
1 85 71 39 70 35 4 165
1 46 98 22 98 19 1 166
1 29 53 47 54 29 1 167
0 19 50 28 47 35 3 168
0 2 57 20 52 20 3 169
0 48 79 6 69 6 3 170
1 72 54 50 46 45 1 171
1 25 65 92 67 91 1 172
1 5 47 41 45 50 1 173
0 115 68 40 62 27 3 174
1 76 46 59 38 91 5 175
0 21 56 38 53 39 3 176
1 61 70 38 55 39 3 177
0 104 6 50 5 39 3 178
1 103 67 37 67 44 1 179
1 115 53 50 51 47 1 180
0 72 42 3 48 2 3 181
1 64 59 23 56 32 1 182
1 120 62 40 72 29 1 183
0 17 7 47 6 57 3 184
1 118 56 38 55 34 1 185
0 32 81 6 69 6 3 186
1 85 51 49 52 45 4 187
0 39 51 37 43 34 5 188
1 14 98 17 98 22 1 189
0 41 48 54 44 63 5 190
1 5 48 56 58 45 1 191
0 136 48 19 28 22 3 192
0 127 74 67 51 75 3 193
1 60 54 65 56 50 2 194
1 119 56 2 50 2 1 195
1 116 49 20 46 20 2 196
1 29 85 96 87 93 1 197
0 24 55 41 57 43 3 198
0 74 45 20 52 19 3 199
0 41 57 38 69 45 3 200
1 82 53 43 56 48 5 201
1 108 53 43 57 45 1 202
1 45 44 55 47 50 1 203
1 72 51 50 50 52 3 204
1 7 66 32 61 41 1 205
0 68 58 46 54 44 3 206
0 32 30 47 28 49 3 207
0 90 60 23 57 29 5 208
0 88 58 44 56 46 3 209
1 46 78 7 81 5 1 210
1 66 43 4 35 4 1 211
1 70 63 32 52 40 1 212
1 65 83 5 78 6 5 213
0 33 43 54 32 44 3 214
1 139 6 36 6 32 1 215
0 45 52 35 58 32 3 216
0 137 30 47 33 47 3 217
1 10 57 76 60 77 1 218
1 9 55 47 53 54 6 219
0 88 57 34 58 37 6 220
1 117 5 78 5 69 1 221
0 57 98 22 98 16 3 222
0 57 98 15 98 11 3 223
1 11 53 51 55 53 2 224
0 74 54 80 51 81 3 225
1 22 30 52 31 44 5 226
1 126 52 2 45 2 2 227
0 1 48 48 46 42 3 228
1 129 56 29 46 27 3 229
1 135 49 56 50 61 2 230
1 112 59 49 56 53 2 231
1 86 48 78 13 60 1 232
0 121 44 37 45 33 3 233
0 118 88 93 86 94 3 234
1 102 70 5 74 6 1 235
0 55 3 96 2 98 3 236
0 54 57 38 44 40 3 237
0 7 57 29 51 34 4 238
0 48 46 53 45 60 3 239
0 79 59 18 64 16 3 240
0 103 60 1 63 0 3 241
0 29 70 36 60 62 3 242
1 121 47 54 47 61 2 243
0 38 36 46 45 35 5 244
0 92 56 73 58 74 3 245
1 19 45 21 49 19 1 246
0 80 31 50 30 52 3 247
1 82 42 41 43 37 2 248
1 17 50 41 47 45 1 249
0 38 49 34 53 29 3 250
0 0 44 4 42 3 3 251
0 20 59 28 57 29 3 252
0 111 6 66 5 71 3 253
0 87 6 34 6 30 4 254
1 8 57 36 60 30 6 255
0 55 5 35 5 40 3 256
0 90 62 25 60 27 3 257
0 81 51 31 51 26 3 258
1 69 83 93 78 90 3 259
1 32 57 29 55 28 3 260
1 27 58 28 60 26 1 261
0 79 63 34 63 31 3 262
0 112 52 25 49 34 5 263
1 31 59 38 51 38 3 264
0 52 51 77 55 72 3 265
0 35 47 30 31 38 3 266
1 5 56 49 47 58 2 267
0 74 61 34 64 32 3 268
0 66 32 46 33 48 3 269
1 143 88 94 89 92 2 270
1 24 69 33 62 34 1 271
1 128 52 40 54 41 2 272
1 139 67 1 55 2 1 273
1 101 69 43 67 46 1 274
0 5 49 81 50 78 3 275
1 95 64 28 56 40 1 276
1 121 36 43 32 58 1 277
0 128 64 50 67 44 3 278
1 143 58 18 70 17 3 279
0 6 6 66 5 68 3 280
1 41 50 61 32 77 1 281
1 33 80 5 76 7 3 282
0 67 70 38 72 34 3 283
1 102 56 40 59 41 2 284
0 58 62 32 67 35 3 285
0 93 48 55 47 50 3 286
1 78 54 80 51 80 1 287
0 126 41 10 40 12 3 288
0 38 44 38 43 36 3 289
1 112 32 44 30 42 1 290
1 95 98 20 98 17 1 291
1 107 62 36 61 34 2 292
1 0 29 47 30 45 2 293
0 141 44 21 52 23 3 294
0 40 51 31 51 26 3 295
0 125 53 42 49 25 3 296
1 40 55 25 42 27 1 297
0 48 91 35 90 37 6 298
0 23 46 50 32 57 3 299
0 78 5 58 5 62 3 300
0 5 49 55 49 47 3 301
1 48 45 28 43 21 1 302
0 26 50 53 47 57 6 303
1 30 16 2 41 4 1 304
1 60 46 26 45 34 2 305
1 24 67 34 68 38 3 306
0 129 55 37 57 35 3 307
0 130 27 25 41 42 5 308
0 132 34 40 30 45 3 309
1 87 53 46 52 54 2 310
1 17 69 34 66 39 1 311
0 75 52 42 48 55 3 312
0 27 6 64 6 67 3 313
1 45 62 37 55 40 2 314
1 24 52 40 51 10 1 315
0 66 51 26 53 29 3 316
0 123 57 35 48 37 3 317
1 111 48 55 52 29 2 318
0 119 58 28 54 40 3 319
1 53 54 38 52 47 2 320
1 97 48 55 49 52 5 321
0 0 46 4 52 4 3 322
1 24 58 1 50 1 1 323
0 100 98 14 98 20 3 324
0 13 60 43 59 41 3 325
0 62 61 1 54 2 3 326
1 10 41 32 38 37 4 327
0 19 51 26 49 24 3 328
0 125 92 27 91 37 3 329
0 133 64 16 56 20 3 330
1 18 91 34 92 30 1 331
1 19 49 19 51 20 1 332
1 62 57 39 50 40 2 333
1 70 59 43 56 46 2 334
0 42 53 29 48 33 3 335
1 103 53 2 49 2 1 336
0 48 91 31 90 36 5 337
1 108 60 2 63 2 1 338
0 95 42 3 46 2 3 339
1 60 64 32 50 32 1 340
0 108 92 28 91 33 3 341
1 79 61 30 52 24 1 342
0 45 49 1 51 2 3 343
0 117 48 69 47 71 6 344
0 62 58 37 51 46 3 345
1 35 57 31 54 31 1 346
0 106 66 73 69 72 3 347
1 88 67 38 64 52 1 348
0 56 62 23 55 27 3 349
0 94 59 43 68 29 3 350
1 50 91 28 91 34 1 351
0 66 64 92 66 93 3 352
0 91 90 35 91 30 3 353
0 5 45 3 43 4 3 354
0 47 90 41 89 47 3 355
1 118 91 29 92 25 1 356
1 53 48 19 44 17 1 357
1 11 70 73 67 76 3 358
1 102 61 37 32 32 1 359
0 5 52 27 50 31 3 360
1 12 58 75 45 70 1 361
0 63 67 74 70 72 3 362
0 143 30 46 30 52 3 363
0 96 51 80 54 80 3 364
1 76 54 41 51 18 2 365
1 27 48 2 52 2 4 366
0 130 71 75 67 72 3 367
0 55 64 46 68 46 3 368
0 127 46 53 32 56 3 369
1 33 91 40 90 38 2 370
0 108 5 68 6 64 3 371
0 134 40 12 37 13 3 372
1 51 52 62 55 68 1 373
0 143 1 95 3 96 3 374
1 24 50 53 47 59 1 375
1 132 91 31 90 29 2 376
1 113 84 4 87 4 1 377
0 79 29 55 27 60 3 378
1 133 87 4 83 4 1 379
0 93 50 50 27 59 3 380
0 143 33 42 30 45 5 381
1 70 32 48 28 57 1 382
1 6 58 43 55 42 1 383
0 124 58 43 50 36 3 384
0 66 37 32 20 27 3 385
0 80 66 47 62 48 6 386
0 53 55 45 50 18 3 387
0 82 53 47 48 44 5 388
1 43 62 46 60 43 1 389
0 4 56 53 58 56 3 390
1 5 60 50 61 43 1 391
0 64 54 20 56 22 3 392
1 42 6 31 6 27 1 393
0 63 49 78 58 75 3 394
1 30 56 31 51 23 1 395
0 25 67 41 64 20 3 396
0 89 53 75 64 77 3 397
1 108 58 18 51 19 1 398
0 11 40 4 37 4 3 399
0 132 87 3 85 4 3 400
1 32 70 75 67 74 1 401
1 139 92 27 90 37 1 402
0 108 91 39 91 34 6 403
0 41 43 71 51 54 3 404
0 74 48 20 28 22 3 405
0 96 49 45 52 42 4 406
0 133 43 56 47 50 3 407
0 57 52 45 48 52 3 408
1 132 52 39 64 33 1 409
1 27 61 60 62 57 1 410
1 26 51 45 53 51 1 411
0 53 56 29 54 19 3 412
1 74 48 3 35 4 1 413
1 41 57 46 57 59 1 414
1 81 6 68 6 65 1 415
1 14 65 75 72 73 1 416
1 7 53 19 50 19 2 417
1 15 60 48 60 42 1 418
0 21 59 45 59 37 5 419
0 23 54 39 51 43 3 420
1 122 54 43 57 39 1 421
0 102 50 18 46 20 3 422
1 101 32 47 28 36 1 423
0 101 47 53 38 52 3 424
1 143 50 3 45 3 1 425
0 21 32 56 32 52 4 426
0 100 39 49 46 58 3 427
0 108 31 51 32 45 5 428
1 60 63 46 68 39 1 429
1 133 50 55 51 35 5 430
1 22 57 40 60 32 1 431
1 72 47 57 52 55 1 432
1 93 91 37 91 31 1 433
1 79 62 29 59 36 5 434
0 92 88 93 86 94 3 435
0 104 51 53 60 41 3 436
1 116 60 46 59 50 1 437
0 136 50 22 54 42 3 438
0 81 45 35 53 29 4 439
0 102 64 1 56 2 3 440
0 53 51 24 53 27 3 441
1 2 58 80 54 80 5 442
1 88 61 42 57 48 1 443
0 15 62 67 67 79 3 444
0 86 98 17 98 22 3 445
1 132 60 27 51 27 2 446
0 101 29 47 32 46 3 447
1 36 46 52 32 56 1 448
1 36 35 16 52 41 1 449
1 100 89 93 86 94 2 450
0 88 35 42 34 44 3 451
1 50 47 31 46 33 1 452
1 76 5 68 5 64 1 453
1 47 55 40 52 45 1 454
1 135 38 40 36 43 1 455
0 1 57 30 50 19 3 456
1 50 68 36 67 33 1 457
0 64 60 27 60 30 3 458
1 118 54 20 51 20 1 459
1 128 69 33 67 34 2 460
0 70 48 19 45 20 3 461
0 122 59 27 60 29 3 462
1 139 60 2 55 2 1 463
1 35 59 38 63 24 2 464
0 114 69 72 63 72 3 465
1 52 64 31 61 26 2 466
1 49 56 42 34 52 2 467
1 116 50 20 52 19 1 468
0 100 47 32 48 35 3 469
0 39 73 37 68 39 3 470
1 123 31 49 34 45 4 471
1 49 24 19 43 58 1 472
0 116 67 92 65 95 3 473
0 48 61 32 58 39 3 474
0 4 64 93 59 90 3 475
1 25 63 34 63 31 3 476
0 71 88 92 86 94 3 477
0 71 32 44 31 53 4 478
0 102 6 33 5 27 3 479
0 68 56 18 52 19 3 480
1 121 47 50 49 36 1 481
0 9 48 55 50 53 3 482
0 63 91 31 90 37 3 483
0 72 27 58 30 51 3 484
0 17 40 36 42 32 3 485
1 116 57 34 56 36 1 486
1 26 59 38 57 37 2 487
0 3 61 30 55 35 3 488
0 102 64 75 70 72 3 489
0 103 60 25 57 18 3 490
0 66 66 42 59 40 3 491
1 134 65 1 61 1 1 492
0 21 67 44 68 41 3 493
1 73 63 36 60 34 1 494
1 10 60 50 21 51 1 495
1 39 45 52 54 41 1 496
0 44 53 44 58 41 5 497
1 43 43 35 46 34 1 498
1 59 68 33 60 31 1 499
1 16 48 56 49 52 1 500
0 100 48 55 43 0 3 501
0 79 48 44 41 58 3 502
0 68 58 44 60 30 3 503
0 79 41 34 41 30 3 504
0 140 51 48 57 44 3 505
1 38 65 49 57 43 4 506
0 102 69 73 74 66 3 507
0 87 45 52 44 54 3 508
1 16 65 44 65 40 1 509
1 102 46 22 49 18 1 510
0 7 33 48 34 44 3 511
0 112 42 56 43 59 5 512
0 105 57 20 58 18 3 513
1 83 59 28 58 20 3 514
1 134 65 76 70 74 1 515
1 95 56 29 60 29 1 516
0 139 48 56 45 72 3 517
0 94 57 28 52 28 3 518
0 98 64 39 55 52 3 519
1 52 67 41 67 50 2 520
1 14 56 38 53 46 1 521
0 76 52 49 54 48 3 522
0 5 35 20 39 19 3 523
0 2 78 6 80 5 3 524
0 54 38 39 41 34 3 525
1 93 42 41 38 47 1 526
1 37 6 47 7 39 2 527
1 43 61 29 51 73 5 528
0 71 6 35 5 41 3 529
0 0 65 44 67 34 3 530
0 129 6 66 5 68 3 531
1 29 52 45 60 38 1 532
1 46 66 93 65 91 2 533
1 109 56 51 50 50 1 534
0 120 67 34 60 26 6 535
1 115 47 2 50 2 1 536
0 14 69 42 70 38 3 537
0 11 35 49 40 44 3 538
1 79 33 58 31 60 4 539
0 0 52 76 56 73 3 540
1 20 63 25 67 33 2 541
1 132 69 38 53 43 1 542
1 1 52 33 53 31 2 543
1 14 37 13 40 11 4 544
1 104 69 39 50 46 1 545
0 130 45 22 49 21 3 546
1 128 6 36 6 32 2 547
0 43 34 45 27 49 3 548
1 83 61 37 59 43 2 549
0 56 71 69 71 72 4 550
0 59 66 44 64 53 3 551
1 122 54 81 48 81 1 552
0 31 80 5 61 2 3 553
1 68 45 29 32 56 2 554
1 32 44 53 54 38 1 555
1 110 59 49 57 48 1 556
1 136 4 87 5 81 1 557
0 46 56 49 53 57 3 558
0 13 33 5 38 5 3 559
0 114 70 43 48 40 3 560
1 40 54 75 48 84 1 561
1 103 68 39 49 63 1 562
1 139 62 1 59 1 1 563
1 86 48 81 50 82 3 564
0 74 56 74 60 70 3 565
1 74 49 19 53 18 2 566
1 15 9 26 29 33 1 567
1 13 55 80 58 80 3 568
1 67 36 2 47 3 1 569
0 129 47 41 22 19 3 570
1 3 56 18 58 17 3 571
0 87 51 46 46 26 5 572
1 143 49 18 39 18 5 573
1 122 98 15 98 20 4 574
0 62 30 45 32 42 3 575
0 114 58 19 44 23 3 576
1 143 56 18 63 17 1 577
0 123 6 37 6 27 3 578
0 102 53 31 47 51 3 579
1 0 48 4 38 4 5 580
1 32 74 66 73 68 1 581
1 11 69 38 74 29 1 582
0 90 46 44 45 46 4 583
1 89 64 46 61 45 1 584
1 116 56 47 55 52 1 585
1 87 46 68 48 70 2 586
1 99 32 43 28 37 1 587
1 50 46 59 44 51 1 588
1 10 53 27 41 27 1 589
1 65 60 44 64 37 1 590
0 65 19 58 30 59 3 591
1 136 89 93 84 94 5 592
1 103 49 38 47 49 1 593
1 142 43 55 46 56 1 594
1 76 60 43 67 29 1 595
0 25 38 2 13 0 3 596
1 62 65 42 55 44 1 597
0 77 57 36 50 41 3 598
0 64 27 52 29 53 3 599
0 16 55 42 53 46 3 600
1 53 49 54 50 50 1 601
0 113 58 18 60 19 3 602
1 142 37 50 40 45 1 603
0 7 7 39 5 31 3 604
0 107 52 47 28 25 4 605
1 10 50 18 48 19 3 606
0 40 64 16 51 17 3 607
0 14 47 54 49 47 3 608
0 65 50 47 48 50 3 609
0 3 89 36 90 33 3 610
0 59 50 76 49 78 3 611
0 72 58 46 56 55 3 612
0 54 46 31 50 26 3 613
0 13 55 80 59 80 5 614
1 66 52 41 56 37 1 615
1 105 70 33 70 39 5 616
0 21 64 46 63 41 3 617
1 116 56 64 56 59 2 618
1 27 59 17 51 19 1 619
0 28 46 52 44 51 5 620
1 53 59 15 53 16 1 621
1 66 43 3 46 3 1 622
1 130 51 16 54 17 1 623
1 78 58 80 55 80 1 624
1 3 91 27 91 34 1 625
0 140 29 56 20 51 3 626
1 77 5 69 6 65 3 627
1 1 54 81 62 68 1 628
1 96 7 44 6 57 1 629
0 138 30 45 32 48 3 630
1 18 6 59 3 55 2 631
0 41 63 23 52 20 3 632
1 12 31 45 33 51 1 633
0 124 46 57 48 66 3 634
0 93 38 37 46 27 3 635
0 56 59 28 56 26 3 636
0 121 50 39 52 33 3 637
0 97 52 27 55 24 3 638
0 104 51 47 52 42 3 639
1 18 49 82 47 87 1 640
1 36 69 38 63 31 1 641
0 64 44 21 55 25 3 642
0 141 69 76 68 73 3 643
0 12 48 59 51 51 3 644
0 47 57 18 51 20 3 645
1 117 48 52 54 47 1 646
0 136 5 40 5 43 3 647
0 22 53 43 52 45 3 648
1 103 47 28 39 39 1 649
0 111 58 80 53 81 3 650
0 54 67 93 65 94 3 651
1 122 54 45 50 44 1 652
1 5 67 40 68 35 1 653
0 143 52 18 49 18 3 654
0 63 69 42 67 40 3 655
0 11 48 68 41 87 3 656
1 72 56 18 64 17 1 657
0 100 46 80 58 80 3 658
1 135 45 62 49 58 3 659
1 117 55 29 54 31 1 660
1 108 67 48 71 41 1 661
1 61 28 55 30 53 1 662
1 64 62 17 59 15 3 663
1 23 6 64 5 70 1 664
1 1 66 93 62 94 5 665
0 3 66 40 49 45 3 666
0 139 69 37 71 39 3 667
0 129 86 94 79 92 3 668
0 17 54 76 57 76 3 669
0 64 91 31 92 24 3 670
0 89 86 4 93 3 3 671
1 26 98 25 98 22 1 672
1 78 58 43 47 60 2 673
1 87 50 37 45 34 4 674
1 15 58 1 64 1 1 675
1 28 41 36 40 33 3 676
1 40 57 20 54 19 6 677
0 24 38 38 40 37 3 678
0 10 69 73 73 67 3 679
0 52 98 18 98 22 4 680
1 31 45 10 42 11 1 681
1 23 52 34 50 37 1 682
1 26 49 49 54 42 1 683
1 139 55 40 53 41 1 684
1 105 55 36 59 40 2 685
1 66 5 66 4 68 2 686
0 77 54 34 53 39 3 687
1 75 49 3 47 4 1 688
1 19 67 92 64 93 5 689
0 97 54 26 53 24 6 690
0 38 40 45 37 39 3 691
0 51 61 22 59 25 3 692
1 46 61 42 60 55 1 693
1 24 41 35 46 29 1 694
0 60 60 48 59 58 3 695
1 9 52 32 47 41 2 696
0 70 59 42 58 44 3 697
0 48 51 59 50 65 3 698
1 56 59 36 58 33 1 699
1 28 48 15 53 16 2 700
0 23 68 78 71 74 3 701
1 11 41 13 35 16 1 702
0 93 91 18 91 14 3 703
0 121 39 46 45 34 3 704
1 130 58 48 62 46 2 705
0 131 98 23 98 17 3 706
1 57 72 33 70 37 1 707
1 43 98 12 98 18 1 708
1 23 66 38 63 42 1 709
0 66 66 41 70 40 6 710
0 39 53 54 56 47 3 711
0 11 53 48 45 46 3 712
1 3 91 36 92 28 5 713
0 24 43 30 43 33 3 714
0 17 57 2 59 1 3 715
0 22 69 44 65 43 3 716
0 109 42 3 46 3 3 717
1 87 59 47 56 52 1 718
1 60 60 27 63 34 1 719
0 0 41 12 35 13 3 720
0 56 44 65 49 53 3 721
0 96 57 40 44 37 3 722
0 74 48 19 45 21 3 723
0 23 61 29 55 27 3 724
0 51 55 77 17 63 6 725
0 25 62 23 59 24 3 726
1 83 48 38 50 35 2 727
0 106 6 39 5 59 3 728
1 112 42 12 99 0 3 729
0 52 53 46 59 38 3 730
0 12 65 31 62 35 4 731
1 37 5 41 5 37 5 732
0 84 69 45 68 40 3 733
0 94 41 12 39 13 3 734
0 44 52 53 45 63 4 735
0 14 66 1 59 1 3 736
0 29 40 46 42 45 3 737
1 21 55 33 62 35 1 738
0 73 63 34 60 34 3 739
1 121 70 69 70 72 2 740
0 140 70 69 70 72 3 741
0 30 6 41 5 37 3 742
0 92 43 4 39 4 3 743
1 37 45 60 43 33 1 744
0 125 67 46 98 27 3 745
0 102 80 5 82 4 3 746
1 29 91 28 91 32 1 747
0 106 69 6 82 5 3 748
0 114 43 3 40 3 3 749
0 15 55 2 60 1 3 750
1 81 5 69 5 73 1 751
0 43 53 18 74 19 3 752
1 1 61 18 55 18 1 753
1 34 61 40 61 44 3 754
0 81 66 93 65 91 3 755
1 14 63 46 56 63 1 756
0 115 55 18 60 18 3 757
0 102 5 48 5 39 5 758
1 46 62 1 50 2 1 759
0 68 60 39 57 48 3 760
0 138 43 33 41 36 3 761
1 10 58 80 44 80 1 762
1 128 60 37 55 40 2 763
1 23 54 41 44 51 4 764
1 83 67 31 65 24 3 765
1 108 5 67 6 64 5 766
0 136 57 39 56 35 3 767
1 24 50 51 54 43 1 768
0 116 59 23 50 28 3 769
1 124 47 49 52 12 1 770
0 143 63 1 56 1 3 771
0 61 50 49 54 40 3 772
0 55 92 32 91 34 3 773
0 111 59 37 62 36 3 774
1 100 55 20 53 21 1 775
1 58 52 47 47 41 3 776
0 119 51 51 49 65 3 777
1 133 58 80 54 81 3 778
1 10 37 43 43 31 3 779
0 135 70 38 68 44 3 780
1 48 92 29 91 25 1 781
0 127 66 74 64 76 3 782
1 17 74 66 67 74 1 783
0 136 49 32 47 31 3 784
0 122 64 31 67 10 3 785
1 9 51 42 56 41 1 786
1 10 38 41 40 37 3 787
1 117 55 41 59 31 1 788
1 81 5 70 5 73 1 789
0 6 67 41 73 31 3 790
1 136 58 39 57 37 6 791
1 41 44 66 47 56 5 792
1 57 68 43 68 39 1 793
0 130 47 21 50 18 5 794
0 108 31 44 28 68 3 795
1 12 67 34 61 42 6 796
1 67 5 67 6 65 1 797
0 18 48 2 52 1 3 798
1 139 91 31 91 34 1 799
1 59 68 44 68 35 1 800
1 93 54 77 55 79 1 801
0 82 71 37 57 41 3 802
1 56 49 57 39 57 3 803
0 118 50 72 40 78 3 804
1 130 60 38 64 45 1 805
1 48 92 24 91 34 3 806
1 32 53 18 48 19 4 807
1 30 61 28 63 49 1 808
1 117 50 51 54 42 1 809
1 103 47 4 44 4 3 810
1 63 92 24 92 34 5 811
0 83 57 33 55 30 3 812
0 125 64 31 61 28 3 813
1 112 67 36 67 41 5 814
1 88 55 80 50 81 1 815
1 17 45 2 12 0 2 816
0 5 52 46 49 47 3 817
0 92 6 30 6 35 3 818
0 79 52 19 57 18 3 819
1 41 39 12 35 13 2 820
1 11 65 75 39 58 2 821
0 6 69 41 71 36 3 822
1 21 61 44 62 50 2 823
1 23 98 18 98 15 1 824
1 87 32 54 30 52 2 825
1 133 29 47 26 50 4 826
1 30 54 40 59 34 4 827
0 128 58 51 52 61 3 828
1 40 50 57 50 63 1 829
1 43 88 3 86 5 1 830
0 143 30 48 28 49 3 831
0 48 57 40 60 34 3 832
0 38 42 40 41 42 3 833
0 143 69 33 68 26 3 834
0 143 59 2 66 1 4 835
0 5 42 32 40 36 3 836
0 29 60 24 56 30 3 837
1 62 53 43 56 11 1 838
1 124 90 27 91 19 5 839
1 46 56 66 53 58 3 840
1 133 46 58 54 49 6 841
0 56 69 38 54 44 5 842
1 7 30 55 31 49 2 843
1 0 54 32 60 23 1 844
1 71 66 73 65 76 1 845
0 133 44 11 39 12 3 846
0 24 50 59 52 56 3 847
1 126 58 36 51 48 5 848
0 58 62 22 60 27 3 849
0 49 57 24 60 25 3 850
0 56 47 54 47 51 3 851
0 133 41 11 42 13 3 852
1 111 6 42 5 36 1 853
0 137 58 46 59 49 3 854
0 131 65 77 67 74 3 855
1 6 65 40 39 20 1 856
1 52 62 48 61 29 1 857
0 111 50 28 53 45 5 858
0 64 47 14 51 18 3 859
1 122 60 38 54 46 1 860
0 67 57 71 50 77 3 861
1 104 47 51 46 55 1 862
0 102 57 37 61 30 3 863
1 68 57 20 53 14 1 864
1 129 57 74 54 76 1 865
1 107 38 40 35 46 1 866
0 112 43 12 39 14 3 867
1 61 39 58 65 62 2 868
0 66 71 38 66 35 3 869
0 106 5 65 5 72 6 870
1 58 55 32 57 29 2 871
1 73 57 49 54 53 1 872
0 26 57 29 54 31 3 873
0 4 54 29 52 30 6 874
1 135 62 47 60 45 1 875
0 114 54 33 48 47 3 876
0 17 66 93 63 93 3 877
0 83 5 26 5 16 3 878
0 18 56 30 59 35 3 879
0 73 62 40 36 57 3 880
0 80 45 49 43 54 3 881
0 35 67 41 63 43 3 882
0 134 67 93 69 92 3 883
0 64 55 41 53 48 6 884
0 64 62 23 61 26 3 885
0 87 46 42 42 57 3 886
0 26 52 53 55 55 3 887
0 5 37 4 41 4 5 888
1 51 51 19 60 17 1 889
0 36 87 3 85 4 3 890
0 40 49 55 51 36 3 891
1 8 36 47 25 34 5 892
0 43 72 70 73 68 3 893
0 56 47 58 50 64 5 894
1 32 78 7 80 6 5 895
0 108 32 50 27 65 3 896
0 112 50 79 60 76 3 897
1 86 59 77 54 76 5 898
0 66 6 41 6 46 5 899
1 128 52 34 54 38 1 900
1 83 62 47 67 39 1 901
1 106 6 52 6 31 1 902
0 78 6 54 6 50 4 903
1 63 57 76 54 77 4 904
0 139 49 2 52 1 3 905
1 48 42 57 47 51 1 906
1 60 32 44 34 41 3 907
1 116 58 27 60 24 2 908
0 91 62 37 57 39 3 909
1 132 44 52 47 44 1 910
0 9 6 29 6 34 3 911
1 17 30 78 19 67 1 912
0 94 30 49 28 59 5 913
0 21 52 46 49 49 3 914
1 21 17 40 37 34 2 915
0 86 53 41 48 51 3 916
0 39 49 52 52 42 3 917
1 4 51 26 57 23 1 918
1 103 58 76 51 78 4 919
0 43 60 15 56 14 3 920
0 112 21 45 17 46 3 921
1 117 52 47 52 55 2 922
0 31 72 66 67 57 3 923
1 88 57 30 59 33 2 924
0 35 45 24 47 23 3 925
0 15 49 50 46 49 3 926
1 16 58 19 55 21 1 927
1 48 29 48 30 45 5 928
1 133 67 40 66 42 1 929
1 67 53 41 50 32 1 930
0 35 55 46 54 49 3 931
0 102 38 12 41 11 3 932
0 32 69 6 82 5 3 933
0 39 57 2 61 1 3 934
1 79 67 50 68 46 1 935
1 79 67 41 62 48 2 936
0 0 69 42 68 39 3 937
1 133 98 28 98 23 3 938
1 58 57 41 61 38 5 939
0 53 52 19 57 17 3 940
0 31 58 2 60 1 3 941
1 110 59 32 61 16 1 942
0 108 55 2 58 2 3 943
0 81 53 19 43 21 3 944
0 39 53 54 53 45 3 945
1 109 91 38 92 30 1 946
0 71 6 56 7 37 3 947
0 22 33 50 32 53 3 948
1 22 33 51 32 45 1 949
1 128 44 4 46 3 1 950
0 93 41 31 32 39 3 951
0 64 69 38 68 34 3 952
0 108 32 57 27 35 3 953
0 39 67 40 64 16 3 954
0 31 56 2 64 1 3 955
0 86 52 29 52 26 3 956
0 90 60 43 49 50 3 957
0 14 63 31 53 23 3 958
1 40 60 19 58 17 5 959
1 9 52 28 45 13 1 960
1 122 60 45 61 42 1 961
0 51 55 21 60 25 3 962
1 128 57 39 54 41 3 963
1 15 36 13 40 12 3 964
1 35 68 42 71 38 1 965
1 128 28 53 27 55 2 966
0 90 60 17 54 17 3 967
1 49 53 41 51 49 1 968
1 16 43 35 45 29 2 969
0 25 42 37 41 34 3 970
1 45 48 2 46 3 2 971
1 45 31 45 27 49 1 972
0 115 55 80 51 80 3 973
0 56 68 40 67 42 3 974
1 70 71 70 67 71 5 975
1 87 44 53 46 46 6 976
0 43 22 52 21 48 3 977
0 79 57 17 53 17 3 978
0 17 54 74 59 74 3 979
1 72 44 44 54 24 2 980
0 133 51 80 54 79 3 981
0 82 52 45 48 52 3 982
1 102 55 58 51 66 1 983
0 33 45 3 40 3 3 984
0 90 56 73 62 71 3 985
0 108 66 93 63 93 3 986
0 84 54 46 50 48 3 987
1 97 59 24 61 26 1 988
0 139 53 46 57 44 3 989
0 102 53 39 57 35 3 990
1 107 49 20 40 21 2 991
1 77 59 1 55 2 1 992
0 77 53 45 29 40 3 993
0 95 56 50 54 46 3 994
1 32 68 41 55 38 1 995
0 70 65 76 67 74 3 996
0 113 49 2 42 3 3 997
0 32 51 62 60 51 5 998
1 103 57 77 58 71 2 999
0 123 39 14 40 12 3 1000
0 53 46 43 46 53 3 1001
0 48 64 41 67 36 3 1002
1 122 5 64 5 71 1 1003
0 96 56 43 54 54 3 1004
1 74 47 2 50 2 3 1005
0 118 60 38 53 43 3 1006
0 131 52 17 38 19 3 1007
0 36 62 34 59 36 3 1008
0 48 91 29 91 38 3 1009
0 131 83 4 79 7 3 1010
0 127 92 25 91 34 3 1011
0 26 53 52 54 50 3 1012
0 139 31 49 34 44 3 1013
1 24 53 41 48 51 2 1014
0 40 53 81 56 78 3 1015
0 29 54 44 60 32 3 1016
1 132 47 3 42 3 2 1017
0 46 51 41 56 42 3 1018
1 114 68 42 50 46 1 1019
1 64 44 12 22 12 6 1020
0 55 5 38 6 33 3 1021
0 130 67 36 66 40 3 1022
0 122 60 38 59 30 3 1023
1 140 6 44 6 49 1 1024
0 96 67 39 63 45 3 1025
1 26 52 2 63 1 1 1026
0 139 47 55 55 43 3 1027
1 115 57 17 53 19 1 1028
0 0 39 12 41 11 3 1029
1 129 55 40 50 47 1 1030
0 131 51 19 55 18 3 1031
0 114 31 12 35 12 3 1032
1 29 57 37 55 38 2 1033
0 26 59 41 56 41 3 1034
0 38 52 18 49 19 3 1035
0 104 52 46 52 49 3 1036
1 127 46 2 49 2 1 1037
0 65 44 35 47 27 3 1038
0 14 58 47 52 52 3 1039
0 56 57 59 54 39 3 1040
1 142 46 45 45 50 1 1041
1 143 36 13 39 13 1 1042
0 32 28 49 27 51 3 1043
1 138 54 80 53 77 4 1044
1 37 67 92 65 94 5 1045
0 10 40 37 44 38 6 1046
1 42 52 25 48 29 2 1047
1 100 67 36 66 38 1 1048
0 11 46 59 50 49 3 1049
1 82 67 73 70 70 2 1050
1 122 56 27 61 29 4 1051
1 143 36 13 41 13 6 1052
0 116 91 32 91 37 3 1053
1 106 76 7 79 6 1 1054
0 69 36 13 41 12 3 1055
0 128 28 54 26 58 3 1056
1 0 68 38 67 27 1 1057
1 32 53 27 61 29 1 1058
0 90 39 49 31 40 3 1059
1 131 32 53 30 60 2 1060
0 17 64 30 62 56 3 1061
1 68 56 43 54 45 2 1062
1 107 47 2 50 2 1 1063
0 2 51 80 54 80 3 1064
0 112 31 44 26 50 3 1065
0 11 91 32 90 37 3 1066
0 5 43 35 43 32 3 1067
0 138 68 43 68 33 3 1068
0 4 46 32 47 35 3 1069
1 61 54 44 53 48 1 1070
0 28 89 93 86 94 3 1071
1 72 47 67 44 62 1 1072
0 124 23 48 17 46 3 1073
0 13 54 51 53 53 4 1074
0 112 6 42 7 48 4 1075
0 128 61 30 54 36 3 1076
1 48 33 46 32 42 2 1077
1 44 58 47 60 44 2 1078
1 29 63 19 58 18 1 1079
1 134 49 40 51 45 3 1080
1 31 61 2 52 2 1 1081
0 36 60 32 52 40 3 1082
1 100 55 80 42 80 1 1083
1 50 70 6 81 5 1 1084
1 68 50 47 57 38 1 1085
0 13 30 59 30 55 4 1086
1 121 49 27 50 32 2 1087
1 10 50 47 45 61 1 1088
0 66 39 89 45 75 3 1089
0 124 80 5 82 4 3 1090
1 85 64 76 61 73 1 1091
0 140 39 58 37 75 3 1092
0 132 65 31 56 41 3 1093
0 33 61 39 61 33 3 1094
1 93 40 38 31 39 1 1095
0 33 91 33 91 30 3 1096
1 64 61 24 59 31 1 1097
1 105 61 43 58 56 2 1098
0 97 52 31 54 27 3 1099
1 80 39 69 41 66 1 1100
0 13 55 42 50 51 3 1101
1 96 28 55 25 55 1 1102
1 71 50 52 54 52 3 1103
1 46 52 69 36 73 1 1104
1 111 52 72 37 83 1 1105
0 66 42 19 39 37 3 1106
1 52 57 53 58 46 1 1107
1 74 53 80 46 80 1 1108
1 28 49 49 55 48 5 1109
0 88 6 60 6 67 3 1110
1 114 67 37 69 40 1 1111
0 70 66 80 70 72 5 1112
0 31 44 2 48 2 5 1113
0 115 51 49 38 52 5 1114
0 26 67 38 50 46 3 1115
0 54 62 1 56 1 3 1116
0 124 45 20 49 19 4 1117
0 4 49 33 52 30 5 1118
0 29 6 38 6 44 3 1119
1 44 53 42 62 34 1 1120
0 52 70 44 63 59 3 1121
0 37 53 46 56 47 3 1122
0 18 5 49 4 29 3 1123
0 11 59 41 50 52 3 1124
0 128 40 13 35 12 3 1125
1 58 49 28 42 27 2 1126
0 87 68 40 71 31 3 1127
0 39 43 60 44 65 3 1128
1 115 69 39 70 36 1 1129
1 61 54 39 59 34 4 1130
1 140 41 42 37 40 1 1131
1 106 38 28 40 24 1 1132
1 3 4 49 6 41 1 1133
1 102 52 61 54 52 1 1134
1 105 59 17 63 17 1 1135
0 132 63 34 61 38 3 1136
1 18 88 92 86 93 4 1137
1 102 68 76 40 57 1 1138
0 140 41 63 37 75 3 1139
1 125 67 92 66 94 1 1140
1 92 40 41 37 40 1 1141
0 114 43 19 43 24 3 1142
1 131 6 48 5 54 1 1143
1 9 59 77 57 76 1 1144
1 99 55 65 53 45 1 1145
1 137 33 48 31 46 5 1146
1 123 56 42 49 52 2 1147
0 61 55 80 57 79 3 1148
1 66 45 54 47 50 2 1149
1 58 58 48 55 54 1 1150
0 53 53 54 54 51 4 1151
1 111 55 80 51 80 2 1152
0 108 28 58 30 52 6 1153
0 108 68 73 69 70 3 1154
0 134 58 41 55 44 3 1155
0 57 43 4 30 4 3 1156
0 26 72 41 70 35 3 1157
1 95 67 48 65 43 1 1158
1 76 44 52 42 59 2 1159
0 121 61 1 65 1 3 1160
1 134 68 36 70 35 5 1161
0 106 64 80 68 76 3 1162
0 75 31 50 30 52 3 1163
1 26 73 36 69 22 1 1164
1 130 59 54 61 47 2 1165
1 15 31 26 34 25 2 1166
1 10 61 31 59 35 1 1167
1 115 88 92 85 92 1 1168
0 17 32 4 27 4 3 1169
0 129 98 22 98 32 3 1170
1 44 69 70 69 73 1 1171
0 129 98 23 98 17 3 1172
0 0 41 12 38 13 3 1173
1 139 6 29 4 33 6 1174
1 87 48 56 49 58 5 1175
1 3 91 29 90 16 1 1176
0 78 6 47 6 58 3 1177
0 86 53 46 50 49 3 1178
0 34 49 80 43 66 6 1179
0 120 48 50 52 55 6 1180
0 100 98 19 98 15 3 1181
1 61 59 2 61 1 1 1182
0 93 89 36 91 29 3 1183
1 47 52 30 54 25 2 1184
0 80 51 1 49 2 3 1185
1 124 91 24 92 26 1 1186
1 52 37 2 45 2 1 1187
1 110 47 41 43 56 1 1188
1 139 46 2 49 2 1 1189
1 93 90 38 92 34 1 1190
1 104 5 67 5 70 1 1191
1 140 73 67 68 73 5 1192
0 119 61 37 60 39 3 1193
0 96 6 50 6 47 3 1194
0 141 50 60 52 57 3 1195
0 133 91 34 91 38 3 1196
1 26 45 43 35 53 5 1197
1 79 51 19 63 17 1 1198
1 140 51 46 31 43 2 1199
0 62 37 11 44 12 3 1200
1 139 58 2 60 1 1 1201
0 116 80 6 83 4 6 1202
1 108 61 1 51 2 2 1203
0 87 64 45 61 43 3 1204
1 102 42 11 41 13 1 1205
1 19 66 93 64 92 1 1206
0 15 59 29 57 27 3 1207
1 36 43 54 50 37 1 1208
0 109 49 79 55 76 5 1209
1 51 77 6 81 5 5 1210
0 54 60 46 57 46 3 1211
1 110 59 41 32 40 1 1212
1 22 60 50 59 45 1 1213
0 56 54 59 51 76 3 1214
1 96 37 13 41 12 2 1215
0 74 6 63 4 67 3 1216
1 23 62 2 69 6 4 1217
1 95 69 76 67 77 1 1218
1 90 51 18 42 22 2 1219
0 112 56 80 53 80 3 1220
0 129 98 24 98 27 3 1221
0 64 49 43 54 41 3 1222
1 97 59 57 61 49 1 1223
1 69 47 52 49 36 1 1224
1 68 54 43 53 46 1 1225
1 74 55 65 51 60 2 1226
0 129 7 45 5 30 3 1227
0 132 67 39 62 59 3 1228
1 42 64 31 62 29 1 1229
1 93 59 30 62 32 1 1230
1 106 6 48 6 51 2 1231
1 64 39 12 41 11 2 1232
0 22 30 51 27 61 6 1233
0 29 65 34 64 45 3 1234
0 132 61 36 63 34 3 1235
0 125 47 19 45 20 3 1236
1 31 42 71 43 68 1 1237
0 33 48 16 49 19 3 1238
0 50 57 40 61 34 3 1239
0 112 45 34 47 30 3 1240
0 29 57 38 48 60 3 1241
1 17 92 23 92 27 1 1242
1 78 60 42 58 43 2 1243
0 124 40 11 37 13 3 1244
1 36 31 57 29 64 5 1245
0 24 51 80 56 80 3 1246
1 123 36 4 42 3 1 1247
1 64 54 37 55 34 1 1248
1 12 64 77 66 80 5 1249
1 68 57 36 54 41 3 1250
1 49 38 13 40 12 1 1251
1 24 46 2 49 2 1 1252
1 6 67 38 50 46 5 1253
1 90 62 35 30 14 6 1254
1 124 6 32 6 37 1 1255
0 4 52 50 51 54 3 1256
1 51 56 76 59 74 2 1257
1 24 54 41 56 39 1 1258
1 33 43 11 41 12 1 1259
1 135 37 42 43 35 3 1260
0 84 45 45 46 55 3 1261
1 52 48 37 50 34 3 1262
0 118 58 19 57 16 3 1263
0 74 70 38 60 63 3 1264
1 135 45 28 35 56 1 1265
1 137 29 65 30 62 1 1266
1 84 64 42 64 46 1 1267
1 90 61 22 55 14 1 1268
1 99 44 18 70 35 1 1269
1 57 5 39 7 47 2 1270
1 121 60 42 59 44 1 1271
1 108 5 66 5 71 3 1272
0 134 68 35 48 44 5 1273
0 130 60 31 61 10 3 1274
0 39 68 40 70 39 3 1275
0 51 44 30 41 35 3 1276
0 127 47 4 42 4 3 1277
0 58 64 31 55 40 3 1278
1 78 91 34 90 37 5 1279
1 91 48 39 54 45 3 1280
1 138 67 92 65 91 2 1281
0 1 59 19 62 19 3 1282
0 140 41 19 43 20 4 1283
1 100 86 94 82 94 3 1284
0 25 63 76 62 79 3 1285
0 28 6 53 7 58 3 1286
1 123 31 48 30 52 1 1287
0 117 6 47 6 42 4 1288
0 88 56 56 55 54 4 1289
0 93 41 33 28 36 5 1290
1 139 5 40 3 30 3 1291
0 57 48 2 44 2 3 1292
0 95 45 33 40 37 3 1293
1 30 58 28 59 26 1 1294
1 33 51 80 56 80 2 1295
0 59 43 2 46 2 3 1296
0 19 26 49 28 47 3 1297
1 127 90 36 91 34 1 1298
1 10 57 31 60 49 1 1299
0 116 7 46 6 49 3 1300
1 89 55 40 60 34 1 1301
0 115 54 42 54 51 5 1302
0 130 42 2 44 3 3 1303
0 89 5 39 6 33 3 1304
1 127 68 71 70 73 1 1305
0 77 62 1 65 1 3 1306
1 136 51 79 56 73 1 1307
0 50 55 24 51 28 6 1308
0 138 46 4 41 5 3 1309
0 108 54 32 39 32 3 1310
0 55 87 3 84 4 3 1311
0 69 6 34 6 30 3 1312
0 17 43 2 49 2 3 1313
1 55 98 23 98 19 1 1314
1 10 61 37 52 38 2 1315
0 76 42 30 41 22 3 1316
1 26 68 35 53 38 1 1317
0 21 98 22 98 15 3 1318
0 67 5 70 5 65 3 1319
1 90 47 54 45 50 1 1320
0 19 49 40 46 53 3 1321
0 139 91 41 91 32 3 1322
0 139 68 69 70 72 3 1323
1 5 60 73 54 75 2 1324
0 120 91 18 90 35 3 1325
1 38 40 39 40 36 4 1326
0 53 59 16 60 18 3 1327
1 84 64 32 46 39 1 1328
0 139 26 25 53 51 3 1329
0 40 61 25 54 50 3 1330
1 87 42 70 43 73 3 1331
0 8 30 44 24 48 3 1332
1 74 48 57 23 63 1 1333
0 58 55 30 57 31 3 1334
1 143 5 40 5 37 2 1335
1 90 61 26 62 24 1 1336
0 78 55 80 49 80 3 1337
0 141 59 36 46 35 3 1338
1 103 42 3 48 3 1 1339
0 117 43 45 56 32 3 1340
1 102 47 21 42 24 3 1341
1 98 57 37 55 40 1 1342
0 53 56 30 56 37 5 1343
1 0 66 1 60 1 2 1344
0 97 51 18 56 19 3 1345
0 129 64 76 68 73 3 1346
0 89 51 18 49 19 3 1347
1 32 60 44 58 56 1 1348
1 85 55 43 57 38 1 1349
0 79 60 39 50 36 3 1350
1 24 70 33 69 38 2 1351
1 54 5 66 5 69 6 1352
0 50 53 32 49 36 3 1353
0 65 43 2 47 2 3 1354
0 133 51 49 44 64 3 1355
1 33 50 19 44 21 1 1356
1 132 88 3 86 4 1 1357
0 1 61 17 63 16 3 1358
1 2 31 54 39 53 1 1359
1 118 67 35 43 18 1 1360
0 133 29 54 32 51 3 1361
1 17 87 4 84 4 2 1362
1 1 60 18 63 18 1 1363
0 8 61 27 62 25 3 1364
0 135 43 57 32 56 3 1365
0 5 46 3 44 4 5 1366
0 72 98 24 98 21 3 1367
0 124 61 1 64 1 3 1368
0 1 87 4 81 2 3 1369
1 135 61 44 63 42 2 1370
0 101 46 48 47 50 3 1371
1 119 59 28 63 20 2 1372
0 43 45 4 31 4 3 1373
1 8 48 36 58 27 1 1374
1 94 59 41 54 42 1 1375
0 112 46 54 39 48 3 1376
0 126 50 2 47 2 3 1377
1 95 73 66 65 67 1 1378
1 0 29 48 31 50 1 1379
1 51 28 37 29 41 1 1380
1 73 45 62 43 71 1 1381
1 104 61 33 57 37 4 1382
0 46 63 48 62 50 3 1383
1 1 52 41 50 39 3 1384
0 92 56 29 62 29 3 1385
0 34 29 47 30 44 3 1386
1 110 50 58 33 68 1 1387
0 16 37 13 39 12 5 1388
1 60 86 5 88 3 1 1389
1 60 55 52 51 48 2 1390
1 40 70 30 66 48 1 1391
0 58 55 40 53 44 3 1392
1 93 56 25 54 24 3 1393
1 130 30 52 30 48 1 1394
0 26 54 46 49 50 3 1395
0 7 58 19 36 18 4 1396
0 8 58 29 54 30 3 1397
1 0 5 68 5 62 1 1398
1 12 40 44 46 68 1 1399
1 49 47 53 45 52 1 1400
1 102 47 71 51 60 1 1401
1 59 92 30 92 27 4 1402
1 102 44 64 45 61 1 1403
0 63 58 17 54 16 4 1404
1 52 45 31 43 35 1 1405
1 130 56 61 60 50 1 1406
1 96 31 49 32 47 5 1407
1 51 30 54 31 49 1 1408
0 112 61 36 57 34 6 1409
0 83 55 49 50 55 3 1410
1 14 49 60 39 53 3 1411
1 23 53 33 46 23 1 1412
0 131 56 72 58 73 3 1413
1 66 70 38 72 34 1 1414
0 46 48 19 53 18 3 1415
0 39 53 28 52 21 3 1416
0 29 59 22 54 32 3 1417
0 89 50 40 50 37 3 1418
1 102 43 2 48 2 6 1419
1 13 70 45 71 40 1 1420
1 115 56 80 36 81 2 1421
0 94 91 38 92 31 3 1422
0 141 56 30 58 27 5 1423
1 63 40 57 71 67 2 1424
0 36 5 49 5 43 3 1425
0 97 54 39 57 39 3 1426
0 109 48 3 40 3 3 1427
0 52 66 45 69 39 3 1428
1 25 55 32 56 30 5 1429
0 17 78 6 81 5 3 1430
1 125 60 44 56 51 1 1431
1 93 62 1 48 2 1 1432
1 57 52 42 51 46 1 1433
1 113 33 26 38 19 2 1434
1 53 56 35 47 20 1 1435
1 44 42 60 25 50 1 1436
1 39 73 33 67 24 3 1437
1 0 52 40 47 54 1 1438
0 130 61 46 58 54 3 1439
0 83 87 93 88 91 3 1440
1 64 48 54 55 45 3 1441
0 100 49 79 51 77 3 1442
0 90 66 93 62 93 3 1443
1 23 60 38 51 40 1 1444
0 73 31 53 34 40 3 1445
0 116 6 57 4 33 3 1446
1 106 53 46 53 41 1 1447
1 64 56 39 59 35 1 1448
0 66 53 24 50 27 3 1449
1 89 50 80 59 80 1 1450
1 118 58 47 16 57 3 1451
0 112 6 53 6 48 3 1452
1 56 57 34 38 24 5 1453
0 2 70 36 80 34 3 1454
0 122 54 38 58 34 3 1455
1 132 52 53 51 51 2 1456
1 128 66 74 67 76 1 1457
0 126 41 5 38 5 5 1458
1 77 56 2 59 2 1 1459
1 52 50 55 51 65 1 1460
0 15 87 4 83 3 3 1461
0 60 69 71 65 77 3 1462
0 12 3 97 1 95 3 1463
0 35 68 45 69 39 3 1464
0 0 67 92 63 94 3 1465
0 119 55 73 54 76 3 1466
1 46 54 69 46 42 1 1467
1 76 50 49 53 51 1 1468
1 98 49 38 41 34 1 1469
0 87 61 39 56 51 5 1470
1 128 61 24 60 26 1 1471
1 88 39 28 44 24 1 1472
1 52 57 2 53 2 2 1473
1 12 56 50 52 50 1 1474
1 57 5 48 6 53 5 1475
1 137 31 51 32 46 1 1476
0 22 66 26 67 30 3 1477
0 1 55 54 52 60 4 1478
0 32 52 75 73 67 3 1479
0 111 53 45 54 43 3 1480
0 116 59 55 53 63 3 1481
1 38 50 47 50 50 1 1482
1 33 49 52 43 45 2 1483
1 116 45 22 48 20 5 1484
0 47 5 59 6 47 3 1485
1 98 38 48 34 51 5 1486
0 65 57 43 48 49 3 1487
1 128 27 50 33 46 1 1488
1 128 33 43 32 41 1 1489
1 48 31 45 32 43 1 1490
1 68 57 40 55 39 2 1491
0 133 87 3 85 4 3 1492
1 54 66 38 64 43 1 1493
0 33 43 3 33 4 3 1494
0 88 46 2 53 1 6 1495
1 11 44 61 43 64 2 1496
1 80 61 49 64 49 2 1497
0 91 59 18 57 19 3 1498
1 82 53 41 53 45 1 1499
1 143 47 21 49 20 2 1500
0 24 41 39 43 36 3 1501
0 16 68 43 66 40 3 1502
1 35 52 49 53 46 2 1503
0 14 61 51 51 48 5 1504
0 126 53 46 55 52 3 1505
1 38 49 43 44 52 3 1506
1 85 52 49 55 48 1 1507
1 78 92 26 91 30 1 1508
0 56 46 18 41 19 3 1509
1 102 58 36 38 38 1 1510
0 38 61 25 59 31 6 1511
1 64 4 39 6 34 1 1512
0 128 53 40 50 36 3 1513
1 128 60 37 57 39 2 1514
1 123 49 51 56 38 1 1515
0 109 61 42 63 40 3 1516
1 76 72 72 67 74 1 1517
1 64 79 6 76 6 1 1518
0 59 62 21 59 25 3 1519
1 47 6 30 6 25 1 1520
1 38 42 35 42 31 1 1521
0 42 88 93 85 91 3 1522
0 142 59 31 56 29 3 1523
1 83 47 19 46 21 3 1524
1 141 59 36 58 42 6 1525
1 56 51 35 48 36 1 1526
1 81 39 37 46 45 1 1527
1 56 67 33 54 44 5 1528
0 66 6 53 5 56 3 1529
0 101 56 40 51 54 3 1530
0 63 68 38 69 33 3 1531
0 30 71 41 65 44 3 1532
1 70 48 51 54 48 2 1533
0 3 48 2 52 2 3 1534
1 56 46 59 46 63 3 1535
1 126 52 30 52 26 1 1536
0 81 64 76 60 75 3 1537
0 111 49 55 58 43 3 1538
0 108 4 71 3 68 3 1539
0 94 29 52 33 44 5 1540
1 68 57 30 48 37 2 1541
0 4 70 6 75 6 3 1542
0 7 33 46 32 44 3 1543
1 3 67 40 67 23 1 1544
0 138 41 31 43 35 3 1545
1 39 32 40 26 32 2 1546
1 64 40 27 51 25 1 1547
1 124 58 2 54 2 1 1548
0 0 67 27 35 15 3 1549
1 119 81 6 79 5 1 1550
1 13 66 43 68 49 1 1551
1 51 16 2 41 4 1 1552
1 111 65 1 61 2 1 1553
0 114 52 53 47 63 3 1554
0 142 60 18 59 22 3 1555
1 141 47 42 43 53 1 1556
0 134 54 50 53 38 3 1557
1 122 59 38 61 36 1 1558
1 19 55 45 50 48 1 1559
1 103 32 44 28 54 1 1560
1 113 48 55 50 47 1 1561
1 117 51 55 56 48 5 1562
1 104 61 37 62 31 1 1563
0 72 63 39 55 40 3 1564
0 11 53 27 43 29 3 1565
1 51 87 4 85 5 2 1566
0 59 61 36 51 39 3 1567
1 83 61 31 59 37 4 1568
1 28 98 17 98 23 1 1569
1 46 6 33 5 37 1 1570
1 52 5 72 6 62 2 1571
1 0 61 45 66 36 1 1572
0 42 82 93 87 90 6 1573
0 111 59 54 59 45 3 1574
0 88 6 35 6 30 3 1575
0 53 45 71 47 65 5 1576
1 29 46 3 49 2 1 1577
1 31 61 1 57 1 3 1578
1 22 30 52 31 50 1 1579
0 136 50 44 54 41 3 1580
0 90 60 30 55 31 3 1581
1 101 62 49 63 45 2 1582
0 14 59 16 57 18 5 1583
0 96 7 38 6 48 3 1584
1 126 6 54 6 51 5 1585
0 117 58 33 50 29 3 1586
1 101 52 53 55 42 1 1587
1 11 61 2 63 1 1 1588
1 134 5 65 6 68 2 1589
1 108 54 44 50 42 1 1590
1 43 53 45 32 37 1 1591
0 85 48 69 49 67 3 1592
1 72 51 50 54 50 5 1593
0 133 48 69 51 64 3 1594
0 123 32 50 30 51 3 1595
1 93 6 36 6 26 1 1596
0 130 49 49 59 26 3 1597
0 89 50 64 46 59 3 1598
1 51 92 23 91 29 1 1599
0 100 55 72 53 75 3 1600
1 48 44 12 40 14 2 1601
0 40 60 33 59 36 3 1602
0 139 44 24 41 31 3 1603
1 95 37 50 26 25 4 1604
0 40 69 40 65 43 3 1605
0 18 80 5 82 6 3 1606
0 41 48 57 55 49 3 1607
0 67 5 69 6 66 3 1608
1 4 37 51 44 51 1 1609
1 143 48 3 39 4 2 1610
1 40 32 78 59 76 1 1611
0 10 62 49 60 53 3 1612
1 77 59 23 60 29 1 1613
1 23 58 74 56 73 1 1614
0 38 67 92 65 91 3 1615
0 127 47 52 33 57 3 1616
1 143 47 3 40 3 2 1617
0 9 52 53 50 50 3 1618
0 40 81 5 85 1 3 1619
1 14 89 92 85 93 1 1620
1 17 35 46 36 44 1 1621
0 51 56 80 49 81 3 1622
1 44 50 63 48 56 1 1623
0 135 55 74 57 76 3 1624
0 112 31 43 33 45 3 1625
0 141 53 51 53 46 5 1626
0 7 7 43 6 57 3 1627
1 143 69 72 67 76 4 1628
1 108 68 42 98 27 3 1629
1 42 87 4 83 4 1 1630
1 90 61 44 61 40 1 1631
0 117 46 62 44 64 3 1632
1 73 36 16 64 26 1 1633
0 1 57 19 48 23 3 1634
1 88 58 48 54 53 1 1635
1 87 62 33 61 36 1 1636
1 32 50 44 54 36 1 1637
1 108 69 73 71 66 1 1638
0 126 5 68 6 66 3 1639
0 93 61 2 59 1 3 1640
1 24 54 54 55 47 4 1641
1 50 49 45 47 50 1 1642
1 88 82 6 77 6 1 1643
1 134 50 2 28 2 2 1644
0 35 55 80 58 80 3 1645
0 57 88 93 78 90 6 1646
0 17 53 1 45 1 3 1647
0 102 6 37 6 30 6 1648
0 17 5 58 6 54 3 1649
0 57 56 41 53 46 3 1650
1 63 6 38 6 35 1 1651
1 9 57 39 58 35 1 1652
0 60 49 59 44 65 3 1653
0 46 52 60 61 42 3 1654
0 92 70 37 71 39 3 1655
0 48 53 48 53 45 6 1656
1 130 50 55 44 61 2 1657
1 143 63 2 77 6 1 1658
1 19 55 43 47 62 1 1659
1 64 59 26 56 32 1 1660
0 127 6 43 7 36 3 1661
1 22 58 1 55 1 4 1662
1 108 6 64 5 66 2 1663
0 107 63 96 65 94 3 1664
0 82 51 48 48 53 3 1665
0 105 50 47 52 55 3 1666
1 81 47 20 50 19 4 1667
0 31 55 55 50 64 3 1668
0 9 46 4 36 5 3 1669
0 5 56 62 53 69 4 1670
1 47 7 49 6 47 1 1671
1 88 65 42 70 32 1 1672
1 101 61 31 64 32 2 1673
1 73 47 20 50 19 2 1674
0 82 50 51 49 54 3 1675
0 96 5 66 5 69 3 1676
0 119 68 47 70 39 3 1677
0 26 56 49 57 46 3 1678
0 0 49 4 46 4 3 1679
0 66 44 64 41 37 3 1680
0 12 60 39 53 43 3 1681
0 109 32 45 31 49 3 1682
1 27 64 17 59 17 2 1683
0 46 69 44 72 29 5 1684
0 143 56 64 54 57 3 1685
1 77 52 54 50 57 2 1686
1 6 60 1 57 2 4 1687
0 35 67 42 68 39 4 1688
1 16 30 50 23 63 5 1689
1 4 63 69 61 71 1 1690
1 29 64 45 72 26 1 1691
1 97 52 53 51 58 3 1692
0 124 91 30 92 19 3 1693
1 92 90 36 92 37 1 1694
1 98 50 2 42 2 2 1695
0 126 6 56 6 50 3 1696
0 76 50 29 45 30 3 1697
1 51 49 52 54 42 2 1698
0 14 43 67 50 58 3 1699
1 82 3 13 6 23 1 1700
1 43 98 18 98 22 1 1701
1 135 39 38 43 38 2 1702
0 20 52 45 53 43 3 1703
1 132 51 78 55 78 1 1704
1 34 56 2 65 1 1 1705
0 135 37 41 39 37 3 1706
0 46 56 39 53 43 4 1707
0 127 53 75 65 74 3 1708
1 99 47 52 33 57 2 1709
1 24 53 26 46 32 3 1710
1 62 56 2 66 1 2 1711
0 46 5 40 6 30 3 1712
0 10 62 44 62 40 3 1713
1 46 56 1 60 1 1 1714
0 94 69 40 67 42 3 1715
0 90 87 94 84 94 3 1716
0 54 62 27 56 28 3 1717
0 63 67 46 69 44 3 1718
1 89 52 80 45 81 2 1719
1 116 52 61 55 54 5 1720
1 128 71 39 62 27 1 1721
1 2 87 94 84 93 1 1722
0 117 57 17 89 10 3 1723
0 27 63 16 59 17 3 1724
1 101 51 53 54 52 2 1725
1 89 43 57 46 60 1 1726
1 10 58 48 54 57 1 1727
0 17 30 14 57 12 3 1728
0 79 55 67 54 69 3 1729
0 53 54 39 56 28 3 1730
1 19 44 63 45 60 1 1731
0 13 54 75 60 77 3 1732
0 132 29 46 28 48 3 1733
0 43 60 46 53 46 3 1734
1 109 59 46 62 40 1 1735
1 93 51 25 47 31 1 1736
1 17 51 76 54 75 1 1737
0 74 55 54 53 67 3 1738
1 122 88 93 86 90 1 1739
1 131 32 42 34 40 2 1740
0 108 62 46 67 50 3 1741
1 68 43 54 50 50 1 1742
1 143 67 41 64 52 1 1743
0 67 46 20 50 16 3 1744
0 63 89 92 86 91 3 1745
0 2 53 41 16 21 3 1746
1 73 52 80 58 80 1 1747
0 84 55 80 51 80 3 1748
0 34 13 1 47 2 3 1749
0 126 71 34 66 45 3 1750
1 35 47 31 38 22 5 1751
1 69 52 80 55 80 1 1752
0 90 63 33 54 27 3 1753
1 16 68 33 61 28 2 1754
0 126 52 46 53 43 3 1755
0 52 50 2 42 2 5 1756
1 20 68 41 69 32 3 1757
1 51 46 3 49 3 5 1758
1 76 6 68 5 70 1 1759
0 73 47 59 57 46 3 1760
1 117 55 42 56 40 3 1761
1 117 54 52 55 46 1 1762
0 105 64 45 69 37 3 1763
1 114 68 33 63 44 1 1764
1 26 52 44 54 50 2 1765
0 125 67 47 50 46 3 1766
0 6 69 70 70 72 3 1767
0 138 54 55 46 76 4 1768
1 64 51 42 57 39 2 1769
0 76 55 53 50 52 3 1770
1 126 32 55 26 73 1 1771
1 48 45 54 47 49 1 1772
0 105 57 32 46 42 3 1773
1 47 49 37 47 50 2 1774
0 86 61 41 55 41 3 1775
0 33 43 55 46 50 3 1776
1 130 56 51 46 35 1 1777
1 16 47 3 42 3 2 1778
1 85 98 14 98 18 1 1779
0 81 88 92 86 95 3 1780
1 16 44 17 65 41 1 1781
0 119 63 35 61 32 3 1782
1 58 62 41 47 40 1 1783
0 132 46 42 47 50 3 1784
0 92 60 58 59 48 3 1785
1 136 65 75 57 94 2 1786
0 73 61 45 64 44 3 1787
1 5 64 43 64 46 1 1788
0 73 58 42 54 51 3 1789
0 139 62 34 42 19 3 1790
0 139 50 3 54 2 3 1791
0 2 46 3 50 3 3 1792
1 37 6 35 5 41 1 1793
0 15 26 25 48 52 3 1794
1 68 59 23 56 28 1 1795
1 128 61 26 56 22 5 1796
0 92 64 48 63 50 3 1797
0 130 39 38 40 36 3 1798
1 118 47 41 40 40 1 1799
0 72 98 23 98 18 3 1800
0 88 45 20 51 20 3 1801
1 48 50 49 50 28 1 1802
0 28 60 33 61 45 3 1803
0 80 65 37 62 50 3 1804
0 9 86 4 88 3 3 1805
0 99 66 93 60 92 3 1806
0 143 42 11 41 13 6 1807
0 132 33 13 36 11 3 1808
0 138 50 37 45 50 3 1809
0 46 6 32 6 26 3 1810
1 43 61 42 62 39 5 1811
1 97 36 15 49 38 1 1812
1 74 48 21 51 19 1 1813
1 57 28 25 47 68 1 1814
0 89 77 6 79 5 3 1815
1 132 72 37 63 53 1 1816
0 48 32 42 29 45 3 1817
1 91 52 62 50 65 1 1818
1 99 54 76 56 74 1 1819
0 55 61 75 59 74 3 1820
1 101 56 42 42 39 2 1821
0 36 30 55 34 40 3 1822
0 79 28 58 30 52 3 1823
0 44 50 19 47 22 3 1824
0 74 49 19 45 21 3 1825
1 128 59 55 56 61 1 1826
1 82 53 38 51 39 2 1827
0 35 49 28 54 26 3 1828
0 45 34 38 30 40 3 1829
0 1 32 56 34 40 4 1830
1 19 68 35 65 27 1 1831
0 25 62 32 57 40 3 1832
0 79 55 24 52 23 4 1833
0 19 49 33 47 32 3 1834
1 45 55 80 51 80 1 1835
1 29 64 31 60 20 1 1836
1 91 47 60 61 41 1 1837
0 117 42 2 49 2 3 1838
1 0 30 47 28 48 1 1839
0 43 98 14 98 20 3 1840
0 41 56 41 41 44 3 1841
1 15 61 32 60 35 1 1842
0 108 68 34 68 38 3 1843
1 25 48 53 42 61 3 1844
0 136 55 40 95 29 3 1845
1 116 47 20 49 19 4 1846
1 6 68 42 54 67 1 1847
1 130 55 49 50 48 1 1848
0 87 54 50 53 47 4 1849
0 29 59 36 43 43 3 1850
1 23 67 45 67 40 5 1851
0 93 34 29 43 23 3 1852
1 79 63 31 60 29 1 1853
1 84 67 72 66 74 1 1854
0 48 22 61 2 57 3 1855
1 56 50 56 31 55 4 1856
0 95 66 40 68 41 3 1857
1 135 55 34 57 39 1 1858
0 115 98 18 98 22 3 1859
0 44 66 34 69 37 6 1860
1 13 6 62 6 65 1 1861
1 90 55 18 46 19 1 1862
0 109 54 75 60 77 3 1863
1 138 41 3 47 4 6 1864
1 22 98 16 98 24 2 1865
0 56 45 52 31 55 3 1866
1 3 54 39 49 46 1 1867
0 123 33 50 28 55 5 1868
1 55 7 53 6 46 1 1869
0 143 46 4 42 4 3 1870
1 103 42 4 46 4 2 1871
0 51 3 96 1 95 3 1872
1 9 87 4 84 4 1 1873
1 109 87 4 93 3 1 1874
1 56 54 53 49 55 1 1875
1 121 41 35 38 41 1 1876
1 44 31 42 49 32 1 1877
1 92 68 49 66 52 6 1878
0 13 67 38 66 40 3 1879
1 139 70 6 80 5 1 1880
0 23 40 18 65 50 3 1881
0 55 7 46 6 44 3 1882
0 117 58 41 56 39 3 1883
1 68 32 45 28 35 1 1884
0 127 67 45 51 42 3 1885
0 63 43 4 28 4 3 1886
0 103 55 19 62 17 3 1887
0 79 37 47 43 38 3 1888
0 98 62 1 66 1 3 1889
0 18 43 18 67 41 3 1890
0 70 43 58 44 55 3 1891
0 32 45 11 39 12 3 1892
1 102 61 37 51 34 1 1893
1 96 64 40 43 17 2 1894
0 2 48 28 34 27 3 1895
0 100 98 23 98 18 5 1896
1 23 31 44 33 47 1 1897
1 23 42 12 38 13 1 1898
1 32 34 44 30 43 1 1899
0 57 5 70 6 61 3 1900
1 93 34 44 24 50 1 1901
0 103 45 41 61 31 4 1902
0 81 48 33 50 31 3 1903
0 39 57 43 55 38 6 1904
0 133 44 63 54 49 3 1905
1 9 98 16 98 13 1 1906
0 120 60 30 52 41 3 1907
1 24 42 37 38 39 1 1908
1 72 53 38 50 49 3 1909
1 90 6 48 7 40 1 1910
0 117 56 47 54 46 5 1911
1 41 55 41 51 47 1 1912
1 32 68 35 60 42 1 1913
0 27 61 42 58 44 3 1914
0 112 31 44 30 48 3 1915
0 38 63 44 61 61 3 1916
1 38 47 47 53 46 1 1917
0 28 60 14 64 10 3 1918
0 102 57 52 55 54 3 1919
1 64 33 57 37 52 3 1920
1 132 6 32 6 20 1 1921
1 128 27 16 34 15 2 1922
1 109 56 72 50 77 5 1923
1 5 58 38 54 3 2 1924
1 66 5 55 4 51 1 1925
0 75 56 31 55 29 3 1926
0 127 31 42 34 39 3 1927
1 102 50 65 48 69 1 1928
0 48 6 35 6 32 3 1929
1 137 63 31 56 42 3 1930
0 32 61 49 56 59 6 1931
0 43 87 3 85 5 3 1932
1 52 53 46 58 34 1 1933
1 13 56 37 55 42 1 1934
1 25 69 71 67 73 1 1935
1 116 56 39 61 35 2 1936
0 19 52 58 54 53 3 1937
1 1 22 18 45 46 3 1938
0 103 62 54 52 40 3 1939
1 37 6 59 5 61 1 1940
0 106 6 64 6 58 3 1941
0 132 53 42 56 41 3 1942
0 32 87 3 85 4 3 1943
1 41 53 51 47 58 1 1944
1 108 92 34 90 37 5 1945
0 1 60 36 54 41 3 1946
0 40 61 18 53 19 3 1947
1 92 83 4 79 6 2 1948
1 36 60 17 52 19 1 1949
0 21 6 35 5 51 3 1950
0 35 52 24 56 22 3 1951
1 72 65 42 63 41 1 1952
0 97 29 24 27 23 3 1953
0 32 91 35 90 37 3 1954
1 77 35 16 58 29 1 1955
1 44 52 39 49 37 1 1956
1 141 58 28 54 35 6 1957
1 3 45 18 50 19 1 1958
1 128 45 73 46 69 4 1959
1 141 55 48 50 38 1 1960
0 24 55 26 59 25 3 1961
0 47 88 93 87 95 3 1962
0 51 40 4 44 3 3 1963
1 18 61 32 65 26 3 1964
1 48 92 32 92 27 5 1965
0 108 30 53 28 59 3 1966
1 36 69 34 68 39 1 1967
0 7 7 29 6 19 3 1968
0 117 70 6 61 2 3 1969
1 100 39 14 35 13 1 1970
0 57 50 29 33 25 3 1971
0 0 60 30 59 41 6 1972
1 7 7 37 7 40 6 1973
1 25 60 46 58 45 1 1974
1 1 58 29 55 26 2 1975
0 102 46 55 47 50 3 1976
0 138 7 39 6 47 3 1977
1 143 57 18 62 17 1 1978
0 81 46 32 52 25 6 1979
1 60 61 51 56 57 1 1980
1 23 53 1 48 2 1 1981
0 135 61 50 58 47 3 1982
1 69 53 20 45 35 2 1983
1 55 68 40 69 10 1 1984
1 57 98 20 98 13 1 1985
0 98 57 45 55 50 4 1986
1 10 60 43 59 41 1 1987
1 97 55 22 50 25 3 1988
0 135 38 28 39 46 6 1989
0 33 50 50 47 55 3 1990
0 120 59 45 63 47 3 1991
1 81 45 48 36 89 1 1992
1 97 52 23 53 27 1 1993
1 40 62 18 59 19 2 1994
0 43 63 1 66 1 3 1995
0 21 32 5 41 3 3 1996
1 88 41 3 35 3 1 1997
1 67 54 80 51 81 2 1998
0 112 41 12 35 11 5 1999
