1 55 6 36 5 38 1 0
1 52 45 61 49 57 1 1
1 81 50 32 40 38 1 2
0 143 61 31 60 29 3 3
0 5 59 27 50 36 3 4
1 6 52 36 53 30 4 5
1 32 64 48 66 46 2 6
0 40 49 20 51 21 3 7
0 35 46 30 43 29 3 8
1 108 32 50 33 45 1 9
0 104 46 35 48 40 3 10
0 26 25 38 17 40 3 11
0 112 34 39 33 43 3 12
1 139 55 45 54 49 1 13
1 53 47 46 45 50 1 14
0 57 6 48 6 44 3 15
1 66 73 37 70 39 5 16
0 116 6 31 5 36 3 17
0 81 6 61 4 68 3 18
0 39 56 46 48 28 3 19
0 74 6 43 6 39 3 20
0 42 6 44 7 40 4 21
1 129 6 54 6 50 2 22
1 26 69 44 67 23 3 23
0 66 6 38 6 47 3 24
1 138 58 76 61 74 2 25
1 107 40 45 39 5 1 26
1 0 60 29 55 30 1 27
1 94 30 63 32 45 3 28
1 68 52 47 53 42 1 29
1 4 65 48 62 57 1 30
0 83 56 28 53 30 4 31
1 91 50 46 51 48 1 32
0 66 42 42 44 36 3 33
0 24 61 31 64 29 3 34
1 80 48 3 38 3 1 35
0 54 62 41 54 50 3 36
1 16 41 12 33 13 5 37
0 81 90 41 91 31 3 38
1 98 54 53 58 56 1 39
0 121 50 36 54 27 3 40
0 74 58 74 54 75 3 41
0 88 50 54 53 50 3 42
0 132 59 41 52 45 3 43
0 17 55 40 57 37 5 44
1 32 61 50 60 53 1 45
1 64 54 41 57 41 2 46
1 99 50 33 50 36 2 47
1 53 53 18 47 15 3 48
0 108 52 27 50 29 3 49
0 53 51 59 50 53 3 50
1 90 57 29 62 23 6 51
1 26 61 46 48 42 3 52
1 111 87 94 78 90 2 53
0 28 98 23 98 16 3 54
0 139 65 1 61 1 3 55
1 4 52 81 49 80 2 56
1 72 47 41 41 51 1 57
0 54 56 37 56 33 3 58
1 20 61 44 60 52 2 59
0 83 52 42 55 36 3 60
1 25 55 45 54 52 2 61
1 18 55 80 51 80 2 62
1 131 55 40 51 50 1 63
0 15 59 1 62 1 5 64
1 87 53 76 24 80 1 65
1 122 57 41 54 49 4 66
1 28 52 76 50 79 5 67
0 117 50 60 45 62 3 68
0 102 52 53 49 56 3 69
1 52 50 2 47 2 1 70
1 48 50 52 43 64 3 71
0 104 57 80 50 80 4 72
0 28 98 23 98 17 3 73
0 58 62 34 59 34 3 74
0 80 5 67 6 59 3 75
0 72 38 13 42 12 3 76
1 24 46 45 42 60 1 77
0 23 45 4 33 4 5 78
1 143 30 47 32 49 2 79
0 81 55 43 60 38 3 80
0 88 48 58 43 64 3 81
1 136 64 53 48 56 2 82
1 5 58 38 52 45 1 83
1 116 62 23 64 21 3 84
0 15 43 18 64 38 3 85
0 8 5 67 6 64 3 86
1 44 53 24 44 33 1 87
0 14 63 79 52 75 3 88
0 124 67 42 64 49 6 89
1 56 65 40 70 31 1 90
1 11 57 43 46 58 1 91
0 58 57 23 63 36 3 92
1 120 56 40 54 41 5 93
1 6 6 31 6 20 2 94
0 78 55 50 49 48 3 95
1 38 4 76 5 73 2 96
1 131 81 5 79 6 1 97
0 32 44 66 46 62 3 98
0 123 30 63 31 56 6 99
0 86 52 45 52 41 3 100
0 78 43 33 38 42 3 101
1 15 62 1 59 1 2 102
1 143 54 75 42 78 2 103
0 12 51 19 54 20 3 104
1 0 57 67 62 64 5 105
0 124 59 27 56 32 3 106
1 25 68 41 62 48 1 107
0 139 92 29 91 38 3 108
0 99 90 36 91 38 3 109
0 133 59 55 62 46 3 110
1 98 79 6 98 4 3 111
0 32 60 48 51 71 3 112
1 97 52 46 49 53 5 113
0 125 60 14 54 13 3 114
0 33 46 20 48 19 3 115
0 37 62 37 42 23 4 116
0 130 88 93 86 91 3 117
0 2 43 45 50 34 3 118
1 90 86 92 89 93 4 119
1 61 56 37 56 40 1 120
0 38 49 38 50 36 3 121
0 4 56 43 44 40 3 122
0 137 61 31 54 55 3 123
1 22 31 45 32 43 1 124
0 132 58 76 53 76 3 125
0 10 44 38 45 29 3 126
0 106 60 43 61 51 3 127
0 76 53 43 59 29 3 128
0 103 63 21 56 21 6 129
0 86 55 47 52 44 3 130
0 33 44 55 46 57 3 131
1 17 6 30 6 24 3 132
0 71 88 94 85 94 3 133
0 102 53 31 60 31 3 134
0 63 49 37 60 22 3 135
1 18 59 58 55 59 5 136
1 41 88 92 87 94 1 137
0 115 55 43 53 50 3 138
0 68 67 36 68 34 3 139
1 32 61 42 50 49 5 140
1 116 98 21 98 15 1 141
0 88 74 33 65 38 3 142
1 0 59 33 59 27 5 143
0 97 61 1 65 1 3 144
0 73 93 11 89 30 3 145
1 126 30 53 27 59 4 146
1 127 33 28 22 20 2 147
0 94 32 49 33 52 3 148
1 42 40 64 42 65 1 149
0 133 36 13 42 12 3 150
0 59 43 56 44 54 3 151
0 76 66 73 70 72 3 152
0 15 60 42 61 40 3 153
1 72 51 54 51 49 1 154
1 69 39 58 68 69 1 155
0 133 91 27 92 24 3 156
0 126 54 50 53 44 5 157
0 91 6 53 6 58 3 158
0 64 58 33 56 34 3 159
0 70 48 41 43 37 3 160
1 18 91 39 90 37 3 161
1 53 47 20 45 21 1 162
0 96 7 41 3 52 5 163
1 16 37 14 39 12 1 164
1 22 21 19 43 58 1 165
0 25 64 32 57 38 3 166
0 51 69 74 70 72 3 167
1 135 5 68 6 63 1 168
0 138 55 28 60 23 3 169
1 64 91 32 91 27 1 170
0 11 43 63 51 55 3 171
0 92 65 42 66 38 3 172
1 78 91 32 91 28 2 173
1 88 98 18 98 14 1 174
1 103 57 30 61 23 1 175
0 56 54 20 54 36 3 176
0 8 49 35 53 39 5 177
0 138 6 34 5 26 3 178
0 121 5 39 6 37 3 179
0 142 41 67 45 71 3 180
0 139 6 22 5 15 3 181
0 96 51 57 52 55 5 182
0 27 6 49 5 45 3 183
1 100 61 48 67 41 5 184
1 88 62 39 63 37 5 185
1 2 30 77 50 77 1 186
0 113 55 30 54 39 6 187
1 2 32 47 33 42 1 188
0 50 70 6 80 3 3 189
0 92 64 44 67 41 3 190
0 87 66 50 64 54 3 191
0 128 56 38 60 36 3 192
1 54 6 63 5 67 3 193
1 108 66 39 67 36 1 194
0 115 58 32 59 43 3 195
0 22 49 41 46 46 3 196
0 11 51 53 47 56 3 197
0 64 44 17 45 48 3 198
0 120 67 29 59 30 6 199
0 47 7 47 4 48 3 200
1 91 68 33 62 51 1 201
1 80 6 29 3 37 1 202
0 117 72 42 74 31 3 203
1 96 7 48 5 78 1 204
1 69 48 64 46 60 1 205
1 92 54 46 49 57 3 206
0 136 7 40 7 43 3 207
1 77 57 39 53 44 1 208
0 121 32 57 46 45 3 209
0 21 60 23 59 15 3 210
1 77 57 2 63 2 1 211
1 126 51 78 58 75 5 212
1 61 60 27 62 23 2 213
1 31 50 20 45 23 1 214
1 116 49 20 52 19 5 215
1 114 70 72 52 75 1 216
0 143 48 53 52 42 3 217
0 19 33 49 36 23 3 218
0 116 63 27 48 51 3 219
0 53 59 28 61 23 3 220
0 10 61 28 59 24 3 221
1 121 6 47 7 28 2 222
0 39 62 69 59 71 3 223
0 74 48 19 46 22 3 224
1 126 6 55 6 49 1 225
1 38 54 39 49 39 1 226
1 143 5 47 6 42 1 227
0 130 5 45 5 40 3 228
0 92 86 4 84 3 3 229
0 108 91 39 90 36 3 230
1 110 54 49 44 66 1 231
0 139 51 45 49 49 3 232
0 50 54 22 54 25 3 233
1 52 46 2 49 2 1 234
0 93 41 33 46 29 3 235
1 15 51 52 51 48 2 236
0 72 51 45 48 52 3 237
1 7 61 30 56 27 1 238
0 66 72 37 64 43 3 239
0 3 52 19 46 20 3 240
1 126 6 47 6 50 1 241
0 53 50 59 45 78 3 242
0 136 66 37 60 43 3 243
0 102 66 79 68 76 5 244
0 28 98 22 98 9 3 245
1 56 67 40 53 43 3 246
0 80 58 19 53 19 3 247
0 97 57 38 53 43 3 248
1 8 60 25 61 23 1 249
0 116 42 3 47 2 3 250
0 96 6 45 6 56 3 251
1 136 6 55 6 45 2 252
1 108 5 67 6 63 6 253
0 106 53 38 57 25 3 254
1 126 52 57 47 53 1 255
1 21 60 44 60 41 2 256
0 8 51 53 52 59 3 257
0 28 58 75 49 78 3 258
1 88 60 42 44 45 1 259
0 56 51 46 44 45 3 260
1 92 59 17 50 20 2 261
0 89 56 47 53 57 4 262
1 60 55 48 58 47 1 263
0 115 43 2 47 2 3 264
1 133 6 52 6 46 4 265
1 117 53 44 60 42 1 266
0 139 55 42 53 45 3 267
1 103 59 74 54 76 2 268
0 95 70 68 68 72 3 269
0 86 59 17 62 17 3 270
0 61 48 22 41 31 3 271
0 118 73 33 72 42 3 272
0 74 5 45 5 42 3 273
1 123 70 43 70 35 1 274
0 56 42 11 39 12 3 275
1 112 67 72 70 72 1 276
0 2 46 52 42 59 3 277
0 15 41 30 42 39 4 278
1 56 51 50 54 39 1 279
1 40 68 35 68 39 1 280
0 75 56 27 55 30 3 281
1 133 49 55 54 52 6 282
0 9 6 60 5 74 3 283
1 37 46 3 42 4 2 284
0 101 53 53 54 49 3 285
1 5 33 44 30 50 2 286
1 80 43 12 41 11 1 287
1 76 59 26 62 24 2 288
0 51 30 50 31 46 4 289
0 70 53 20 56 20 3 290
0 43 87 4 83 4 3 291
0 45 30 50 28 55 3 292
0 125 45 4 41 4 3 293
1 111 58 36 56 40 3 294
0 46 55 74 58 75 5 295
1 24 53 46 51 50 1 296
1 73 58 46 62 39 2 297
1 22 88 4 84 4 1 298
1 121 5 40 5 35 1 299
0 140 52 17 56 19 3 300
1 96 34 41 30 48 1 301
1 30 51 30 47 27 1 302
0 109 65 44 62 42 3 303
0 118 63 47 67 42 3 304
0 5 46 89 57 58 3 305
0 67 28 43 29 27 3 306
0 134 79 6 82 6 3 307
1 28 52 45 50 47 1 308
0 32 64 40 62 42 3 309
0 22 68 47 72 35 3 310
1 19 49 19 47 21 5 311
1 107 43 31 44 34 1 312
1 112 48 57 45 62 1 313
0 38 72 37 70 38 3 314
0 73 59 36 56 39 3 315
0 118 62 40 61 52 3 316
1 1 67 91 66 93 1 317
0 104 54 40 59 34 3 318
1 121 48 53 43 57 1 319
1 57 71 73 70 63 1 320
0 38 71 69 70 72 3 321
0 93 50 79 56 76 3 322
1 0 60 57 60 54 6 323
0 68 48 55 53 46 3 324
0 97 55 26 55 22 3 325
0 126 55 23 53 27 3 326
1 96 27 25 30 29 3 327
1 133 53 45 51 54 5 328
0 63 90 17 90 14 3 329
1 32 33 45 27 54 1 330
0 98 56 27 57 21 3 331
0 13 73 37 45 30 3 332
0 18 52 44 58 34 3 333
1 78 92 26 91 35 1 334
1 104 54 52 46 44 6 335
1 99 49 53 52 54 1 336
1 84 47 33 46 49 2 337
1 6 70 33 73 36 1 338
0 19 48 29 51 27 3 339
0 19 52 46 52 52 5 340
0 11 51 78 50 80 3 341
1 97 52 58 53 53 2 342
1 37 42 3 55 0 1 343
1 48 91 37 86 28 1 344
0 111 6 30 6 34 3 345
0 13 42 59 47 50 3 346
0 17 46 2 49 2 3 347
1 80 37 13 31 13 1 348
1 93 65 43 60 50 1 349
1 85 44 66 47 50 2 350
1 104 52 19 47 21 3 351
1 121 52 62 61 42 2 352
1 22 70 37 70 27 1 353
1 102 69 74 62 86 1 354
1 52 57 38 54 44 2 355
0 12 45 50 44 62 3 356
0 24 56 36 47 41 3 357
1 111 58 48 54 69 3 358
1 65 59 56 55 63 5 359
1 14 27 61 30 62 1 360
0 52 48 42 54 22 3 361
1 73 32 49 31 51 1 362
0 10 40 21 45 32 3 363
0 88 98 18 98 23 3 364
0 140 30 14 42 31 3 365
1 7 55 42 54 50 1 366
0 130 46 3 49 2 3 367
0 110 52 46 54 52 4 368
1 130 51 53 48 55 5 369
0 19 68 72 69 68 3 370
1 14 59 43 56 39 6 371
0 56 44 63 46 58 3 372
0 88 50 44 52 43 3 373
0 130 54 44 49 27 3 374
0 77 47 30 50 26 3 375
1 106 5 69 6 66 2 376
1 28 45 3 41 3 5 377
0 80 41 12 38 12 3 378
0 68 60 24 60 27 3 379
1 27 5 63 4 69 1 380
0 25 42 64 44 66 3 381
1 124 40 4 21 4 2 382
1 77 41 3 36 2 1 383
0 79 51 26 48 31 3 384
1 43 52 64 53 62 3 385
0 69 48 50 52 46 3 386
1 59 43 2 53 2 1 387
1 110 29 43 27 46 1 388
0 104 31 42 56 37 5 389
0 74 51 62 59 34 3 390
1 24 57 35 50 37 6 391
0 74 56 47 59 45 3 392
1 26 57 37 37 34 1 393
1 130 53 48 37 50 1 394
0 114 35 15 54 58 6 395
0 67 55 80 50 81 3 396
0 130 58 54 50 54 3 397
1 21 62 25 60 31 2 398
0 57 86 94 88 93 3 399
0 125 52 48 54 45 3 400
0 14 87 4 84 4 3 401
1 15 63 24 64 20 1 402
0 108 55 1 63 1 3 403
1 133 54 80 47 80 2 404
0 44 66 30 58 22 5 405
0 128 37 11 43 11 3 406
0 56 45 72 47 71 3 407
1 143 57 17 38 22 1 408
0 108 88 93 86 92 3 409
1 77 49 68 43 67 2 410
1 5 58 48 57 50 4 411
1 118 83 4 76 4 1 412
0 26 71 39 68 44 3 413
0 0 58 32 54 32 5 414
1 108 27 56 27 59 2 415
1 38 51 50 53 51 1 416
1 83 52 24 54 32 3 417
0 13 28 50 26 51 3 418
0 14 53 45 53 48 3 419
0 0 98 18 98 14 3 420
1 52 59 36 44 40 2 421
1 68 55 49 49 32 2 422
1 139 45 64 45 69 1 423
1 79 64 44 70 27 5 424
0 135 62 56 69 40 3 425
1 64 54 45 56 41 5 426
1 73 58 40 61 31 1 427
0 122 55 22 52 31 3 428
1 95 48 2 44 2 2 429
1 18 90 38 92 26 2 430
1 115 46 54 32 55 1 431
1 87 53 67 50 72 1 432
0 20 54 40 56 36 3 433
1 73 53 42 59 34 1 434
0 48 58 38 55 40 3 435
1 102 50 2 47 3 1 436
0 79 67 40 56 67 4 437
1 0 59 29 54 32 4 438
0 143 85 13 83 34 3 439
1 83 29 58 30 52 1 440
0 58 56 50 49 49 3 441
1 109 60 44 80 99 1 442
1 105 64 92 66 93 2 443
0 76 60 48 48 52 3 444
1 105 57 18 64 15 5 445
1 107 50 39 55 35 1 446
1 56 48 51 49 57 1 447
0 107 45 41 47 45 3 448
1 111 6 33 6 42 1 449
1 3 60 1 51 2 2 450
1 52 62 57 66 37 1 451
1 105 65 44 69 41 1 452
1 79 58 33 55 30 1 453
1 67 51 55 48 53 1 454
1 108 62 46 62 42 1 455
0 135 46 28 44 37 6 456
1 52 70 35 68 38 1 457
0 118 55 54 60 53 3 458
0 27 6 65 5 71 3 459
1 103 91 34 92 29 2 460
0 56 42 19 52 19 3 461
0 126 46 2 49 2 3 462
1 124 6 47 2 46 1 463
0 107 58 36 56 41 3 464
1 138 46 4 48 3 1 465
0 106 30 54 31 46 3 466
1 16 58 19 59 17 4 467
0 86 62 34 60 36 5 468
1 141 53 81 55 80 3 469
1 86 43 36 41 34 2 470
0 114 55 28 49 55 3 471
1 4 71 73 70 75 4 472
1 26 55 2 62 1 1 473
0 141 53 81 55 73 3 474
1 60 88 4 83 4 5 475
0 23 32 37 37 32 3 476
0 143 6 45 6 49 3 477
1 26 6 42 5 47 2 478
0 11 51 52 52 55 5 479
0 76 56 80 51 80 3 480
0 63 92 32 92 27 3 481
0 120 7 42 6 46 3 482
0 62 52 39 59 30 3 483
1 132 56 51 58 47 2 484
1 64 45 10 36 13 2 485
0 101 46 58 43 57 3 486
1 104 59 37 63 37 1 487
1 79 32 57 31 50 1 488
1 79 39 38 40 35 6 489
0 25 55 46 54 43 3 490
1 72 98 16 98 13 4 491
0 43 5 67 5 70 3 492
1 44 98 20 98 14 3 493
0 102 6 48 6 52 3 494
0 44 45 58 51 59 3 495
1 104 45 36 42 34 1 496
0 78 60 43 58 37 3 497
1 67 53 46 53 49 1 498
1 8 56 54 51 62 1 499
1 116 44 16 41 17 2 500
1 120 71 40 71 33 1 501
1 106 6 51 0 49 2 502
1 102 81 6 82 4 1 503
0 102 55 45 50 51 5 504
1 66 68 48 71 39 1 505
0 1 98 20 98 16 3 506
0 25 49 2 46 2 3 507
1 5 57 51 58 53 1 508
0 86 65 31 70 12 3 509
0 56 34 11 39 12 3 510
0 109 44 66 45 63 3 511
0 18 61 51 51 62 3 512
0 121 61 46 59 43 3 513
0 132 69 37 67 40 3 514
1 16 32 48 23 48 1 515
0 68 53 45 49 52 3 516
0 84 55 28 56 25 3 517
1 35 26 50 14 46 1 518
0 58 6 28 6 25 3 519
0 106 54 54 52 55 3 520
1 32 69 74 71 69 1 521
0 130 33 47 25 37 3 522
1 33 51 18 45 18 4 523
1 40 39 46 44 28 1 524
1 35 66 39 60 52 1 525
0 45 43 34 37 31 3 526
1 98 67 36 68 40 1 527
1 83 48 38 52 38 1 528
1 117 53 57 52 59 1 529
1 74 6 56 5 59 1 530
1 95 53 61 55 66 1 531
1 52 67 36 61 60 1 532
1 65 32 48 26 77 1 533
1 67 60 38 63 31 1 534
1 88 81 3 83 4 1 535
0 80 36 15 42 13 3 536
1 84 69 37 71 38 1 537
1 38 33 50 30 51 1 538
0 139 91 32 92 18 3 539
0 67 6 63 5 69 3 540
1 50 54 25 51 24 5 541
1 125 55 47 53 46 1 542
1 48 67 44 66 47 2 543
1 103 65 75 67 72 1 544
0 9 54 81 47 80 3 545
1 102 51 31 52 45 1 546
0 33 53 41 45 50 3 547
1 13 70 38 66 31 5 548
0 10 43 3 47 2 3 549
1 135 46 33 40 44 3 550
0 50 51 48 53 49 3 551
1 19 60 42 62 40 1 552
0 96 6 54 5 47 6 553
0 74 45 4 48 4 3 554
1 128 98 22 98 15 2 555
0 32 55 65 27 49 3 556
1 8 22 19 35 73 2 557
1 141 60 25 60 28 1 558
1 36 57 75 52 77 1 559
1 101 50 37 44 36 1 560
1 126 41 4 47 4 1 561
1 14 52 45 49 34 4 562
0 17 6 41 6 33 3 563
0 48 59 36 57 35 3 564
1 17 40 3 36 3 1 565
0 126 5 71 5 75 3 566
1 94 31 50 33 45 4 567
0 96 49 59 54 41 3 568
0 62 52 47 49 55 3 569
0 140 87 4 84 4 3 570
0 25 54 56 51 63 3 571
1 74 49 41 50 29 1 572
0 66 31 49 28 57 3 573
0 11 6 52 6 55 3 574
0 52 51 75 74 67 3 575
1 17 47 4 42 3 1 576
0 126 56 37 31 42 3 577
1 130 61 41 60 51 2 578
1 13 5 40 5 44 1 579
0 130 50 20 45 22 3 580
1 19 62 35 61 31 1 581
0 78 62 47 60 49 3 582
1 99 64 92 66 91 5 583
0 16 57 20 50 23 3 584
0 140 61 38 62 33 3 585
1 143 46 42 44 32 1 586
0 88 66 38 62 48 3 587
1 84 7 48 6 42 1 588
1 10 51 38 50 41 1 589
0 62 6 53 5 59 3 590
1 82 53 42 55 45 4 591
1 112 54 28 52 24 1 592
1 46 64 93 62 92 1 593
1 68 5 63 6 65 1 594
0 54 30 55 30 60 3 595
0 26 49 53 45 63 3 596
1 58 5 35 7 38 1 597
1 81 49 32 47 31 4 598
1 32 31 45 20 65 1 599
1 9 87 3 83 4 2 600
1 54 55 30 59 28 1 601
1 140 72 68 68 70 1 602
0 107 88 93 86 92 3 603
0 118 55 21 52 22 3 604
0 128 66 36 63 42 6 605
1 20 52 27 55 23 1 606
1 121 6 36 6 32 1 607
1 78 54 80 58 80 5 608
1 28 55 80 58 80 1 609
0 141 61 49 56 55 3 610
0 45 56 29 59 31 3 611
1 48 42 13 35 15 1 612
1 121 91 36 90 42 1 613
0 27 55 40 60 33 3 614
1 23 80 5 78 6 5 615
1 102 6 35 5 43 5 616
1 86 4 76 5 73 2 617
0 64 60 28 44 31 3 618
0 108 56 39 57 34 3 619
1 129 52 44 50 43 2 620
1 107 5 35 5 40 3 621
1 38 58 53 52 60 1 622
0 41 51 51 43 73 5 623
0 120 49 44 57 38 3 624
0 98 55 47 63 44 3 625
0 66 50 51 43 48 3 626
1 99 48 45 47 50 1 627
1 141 92 27 92 24 1 628
0 43 52 59 50 58 3 629
1 25 53 50 51 47 1 630
0 98 63 42 49 50 5 631
1 57 55 73 57 75 2 632
0 101 62 32 14 20 3 633
0 95 59 29 65 6 3 634
0 39 56 75 48 79 3 635
0 57 98 22 98 19 3 636
0 87 87 28 91 34 3 637
0 0 54 51 50 51 3 638
1 132 61 42 57 38 2 639
0 51 49 3 41 4 3 640
0 28 98 23 98 19 6 641
0 104 55 39 47 55 5 642
0 9 5 25 5 30 3 643
1 134 54 80 51 80 1 644
0 122 63 32 57 21 3 645
1 118 58 19 54 19 2 646
0 9 62 2 80 6 3 647
0 54 6 63 4 68 3 648
1 39 42 33 44 53 1 649
0 88 26 2 51 2 3 650
1 44 58 44 56 47 1 651
1 46 69 44 63 0 1 652
1 116 29 20 26 19 3 653
1 49 81 2 84 4 1 654
0 128 46 31 49 34 3 655
1 108 47 72 44 66 3 656
1 11 53 18 45 20 1 657
0 105 62 19 65 16 3 658
1 25 62 39 63 34 6 659
1 53 52 48 37 78 1 660
1 34 64 56 57 27 1 661
1 117 72 40 70 35 3 662
0 118 46 34 38 40 4 663
1 118 53 24 47 24 2 664
0 19 66 79 68 76 3 665
1 73 98 19 98 29 1 666
1 117 58 37 61 37 2 667
0 36 29 56 27 58 3 668
0 74 49 18 46 20 3 669
0 81 53 29 49 30 4 670
1 33 46 18 50 18 1 671
0 90 92 24 90 37 4 672
1 132 66 42 71 38 4 673
1 119 72 38 57 44 1 674
1 51 30 61 31 58 1 675
0 42 82 3 88 3 3 676
1 43 98 22 98 12 1 677
1 108 50 49 55 43 1 678
0 29 47 42 56 50 3 679
0 67 32 44 25 43 3 680
0 100 31 59 26 76 3 681
0 102 46 3 43 3 3 682
0 65 56 38 59 29 3 683
1 61 66 38 68 36 1 684
1 74 61 45 58 48 2 685
1 89 56 47 59 43 1 686
0 72 46 56 38 52 3 687
1 122 88 92 87 94 1 688
0 42 57 43 32 59 3 689
1 70 6 29 5 39 1 690
0 100 98 24 98 35 3 691
1 116 42 99 43 90 1 692
0 128 61 27 61 24 3 693
1 104 35 13 43 12 1 694
0 79 44 35 45 30 4 695
1 56 51 2 48 2 2 696
1 53 3 13 5 34 1 697
0 120 85 4 87 3 3 698
0 43 58 55 58 58 5 699
1 64 31 45 33 44 1 700
1 127 37 16 66 16 2 701
0 81 6 38 6 33 3 702
1 123 31 49 29 62 1 703
1 79 69 44 60 41 1 704
0 111 51 48 38 52 3 705
0 88 58 33 56 40 3 706
0 68 69 37 68 41 5 707
1 130 6 34 5 40 1 708
1 78 54 80 51 80 5 709
0 50 88 93 86 94 5 710
0 11 42 59 47 51 5 711
1 95 67 73 67 76 5 712
1 97 63 69 60 74 1 713
1 76 42 58 47 50 2 714
1 8 46 42 46 49 1 715
0 5 51 62 57 51 6 716
0 55 44 35 39 28 3 717
0 125 49 36 54 39 3 718
0 95 51 34 48 36 3 719
0 107 48 53 49 55 3 720
0 44 65 74 69 74 3 721
0 132 59 36 57 39 3 722
0 79 40 56 37 52 3 723
0 46 48 20 49 18 3 724
0 3 52 47 50 49 3 725
0 100 88 92 87 90 3 726
1 102 91 35 90 40 1 727
1 10 65 38 62 39 5 728
1 51 62 37 57 48 2 729
0 39 38 38 47 38 3 730
1 37 6 39 6 42 4 731
0 128 56 59 47 86 3 732
0 79 54 18 51 19 3 733
1 62 58 43 59 40 1 734
1 23 49 24 40 20 6 735
1 46 69 45 68 36 6 736
1 57 52 58 54 46 1 737
0 2 59 31 58 39 3 738
0 104 55 27 41 32 3 739
0 10 52 60 51 62 3 740
1 143 41 13 43 12 5 741
0 72 50 49 48 55 3 742
1 0 61 71 58 75 6 743
0 38 60 24 44 21 3 744
0 69 41 3 47 3 3 745
0 107 46 49 43 71 3 746
0 51 65 76 38 58 3 747
0 28 98 19 98 14 3 748
1 50 61 35 61 38 5 749
1 128 48 37 60 29 5 750
1 30 87 4 85 3 1 751
1 51 52 77 55 78 1 752
0 100 86 3 80 4 3 753
0 48 49 54 48 65 5 754
1 79 71 39 73 35 1 755
0 50 54 46 55 43 3 756
1 82 52 46 44 59 1 757
0 27 60 17 33 23 6 758
0 48 98 15 98 19 3 759
1 57 89 92 85 92 1 760
0 43 50 38 48 42 3 761
0 127 53 40 57 34 3 762
0 80 33 43 24 48 3 763
1 88 45 2 49 2 2 764
0 130 51 2 28 2 3 765
1 41 49 47 50 18 1 766
1 73 56 50 60 41 5 767
1 80 66 40 65 42 5 768
0 124 65 1 62 1 5 769
0 14 52 37 46 35 3 770
0 5 61 37 63 33 3 771
0 100 98 19 98 12 3 772
0 74 48 78 50 79 3 773
0 51 60 24 59 33 3 774
0 104 59 37 55 42 3 775
1 43 57 58 53 57 1 776
1 14 55 18 53 19 1 777
1 41 56 26 23 23 2 778
1 104 50 49 52 50 1 779
0 41 60 40 52 45 3 780
0 111 52 45 44 44 3 781
0 101 71 32 57 44 5 782
0 57 6 37 6 27 3 783
1 45 44 64 50 63 1 784
1 20 56 22 60 23 1 785
0 35 53 81 50 81 3 786
0 37 65 31 69 34 3 787
0 91 57 38 54 45 3 788
1 84 33 43 22 39 1 789
1 86 69 39 64 54 1 790
1 82 55 41 51 47 1 791
0 72 67 36 63 46 3 792
0 2 44 17 60 29 3 793
1 120 66 94 65 92 1 794
0 102 48 2 53 1 3 795
0 129 58 50 54 55 3 796
0 5 54 37 50 44 3 797
1 31 55 2 61 1 1 798
0 84 50 18 48 21 3 799
1 40 51 46 50 53 2 800
1 3 98 24 98 32 1 801
1 105 59 17 51 19 1 802
0 52 43 37 46 27 3 803
1 48 52 55 54 56 5 804
0 12 70 72 73 69 3 805
0 40 29 52 26 57 3 806
1 111 69 40 48 44 1 807
0 103 50 46 52 32 3 808
1 141 53 44 54 53 2 809
1 112 43 61 42 56 2 810
0 85 88 3 85 4 3 811
0 19 92 37 89 37 3 812
1 56 54 38 57 40 1 813
1 65 49 39 60 24 5 814
1 22 33 49 31 48 1 815
1 81 41 12 39 13 1 816
1 56 51 53 48 67 2 817
0 79 73 32 70 33 3 818
0 93 43 54 42 57 3 819
1 65 58 43 59 37 1 820
0 27 58 41 60 37 3 821
1 128 30 44 33 47 1 822
1 68 52 30 55 33 1 823
1 105 67 33 44 17 1 824
1 130 69 76 71 68 4 825
0 142 59 38 66 39 3 826
0 10 46 4 51 2 3 827
1 31 98 17 98 20 2 828
0 124 41 11 36 13 3 829
1 13 61 34 55 49 4 830
0 48 30 47 31 44 5 831
0 116 60 23 53 38 3 832
1 88 67 39 63 45 1 833
0 15 55 2 57 1 3 834
1 24 68 39 67 46 2 835
1 82 49 38 50 50 1 836
0 88 56 65 58 57 5 837
1 5 46 20 38 25 1 838
1 32 45 61 44 66 1 839
0 90 81 5 58 0 3 840
0 54 56 51 58 49 3 841
0 4 68 42 68 39 5 842
0 86 49 64 47 71 3 843
0 1 98 21 98 14 3 844
1 103 58 74 55 78 1 845
1 88 55 45 52 41 1 846
1 104 54 28 48 32 2 847
1 100 98 15 98 20 1 848
1 48 29 44 32 43 1 849
0 137 31 52 34 43 3 850
1 56 47 58 52 50 1 851
1 68 65 47 53 42 1 852
0 109 53 45 59 31 3 853
0 28 98 20 98 31 3 854
1 90 48 41 49 43 2 855
1 123 50 64 41 66 1 856
0 53 30 51 29 61 3 857
1 48 38 14 35 15 1 858
1 49 67 47 68 44 1 859
1 132 62 38 56 38 6 860
1 46 6 29 5 45 5 861
1 132 59 35 61 33 2 862
1 130 57 49 53 43 2 863
1 69 59 70 51 71 5 864
0 88 77 6 80 6 3 865
0 102 49 49 44 64 3 866
1 6 89 92 86 94 2 867
0 128 51 25 55 26 3 868
1 69 98 14 98 21 1 869
0 126 65 75 61 74 3 870
1 0 61 29 52 30 5 871
0 23 42 50 44 53 3 872
0 67 50 2 46 2 3 873
1 104 61 35 63 34 1 874
0 105 63 52 67 50 3 875
1 98 58 76 56 77 1 876
0 98 54 27 59 31 3 877
0 106 60 54 61 46 3 878
0 135 46 39 48 46 3 879
0 8 54 31 54 34 3 880
0 62 59 2 65 1 3 881
1 139 92 34 91 30 4 882
1 143 57 36 56 40 1 883
0 32 34 45 32 46 3 884
0 15 46 51 25 46 3 885
0 32 54 74 56 76 3 886
1 91 58 38 60 39 1 887
1 88 61 32 63 33 1 888
1 81 48 29 52 24 1 889
0 104 39 22 43 20 3 890
0 107 39 38 45 27 3 891
0 3 91 27 91 16 3 892
1 101 67 39 68 41 1 893
1 66 38 23 36 28 2 894
1 80 32 12 35 12 2 895
1 19 50 20 45 18 2 896
0 127 47 56 44 65 3 897
0 135 40 43 38 40 3 898
1 13 57 37 55 40 1 899
1 82 51 57 51 60 3 900
1 15 64 82 69 75 2 901
1 31 46 49 23 19 6 902
1 139 59 26 56 30 1 903
0 115 6 42 5 45 3 904
0 141 59 30 55 33 3 905
1 111 67 39 63 43 3 906
1 64 62 45 56 53 1 907
0 12 70 72 64 67 3 908
1 55 66 75 68 76 1 909
1 56 61 34 60 38 1 910
0 120 52 50 53 48 3 911
0 132 55 74 58 75 3 912
1 4 51 27 55 27 1 913
0 96 76 7 80 6 3 914
0 109 68 74 70 72 3 915
0 60 47 19 52 18 3 916
0 101 52 46 47 61 3 917
1 126 7 41 6 49 5 918
0 92 64 46 58 60 3 919
0 32 52 42 45 71 3 920
0 42 27 62 32 42 4 921
1 24 3 13 6 21 1 922
0 1 68 40 73 38 3 923
1 68 73 36 71 28 1 924
1 80 60 45 52 60 2 925
1 9 90 37 92 29 4 926
1 21 48 79 30 77 2 927
1 107 45 51 48 53 1 928
1 21 51 49 49 54 1 929
0 102 56 51 57 48 3 930
1 93 49 49 55 41 1 931
1 72 50 52 50 49 2 932
0 93 38 40 42 30 5 933
1 115 53 43 55 38 1 934
1 43 46 61 46 34 1 935
0 94 26 42 30 51 4 936
0 108 27 59 33 48 3 937
0 28 83 4 81 5 3 938
1 20 62 35 56 32 2 939
1 19 38 42 40 45 1 940
1 86 98 22 98 19 3 941
0 90 62 20 59 30 3 942
1 85 36 16 27 12 6 943
1 93 91 40 91 35 5 944
1 7 55 39 53 52 1 945
1 24 64 31 60 37 1 946
0 86 53 48 62 31 3 947
1 71 58 44 56 43 1 948
0 8 51 19 49 20 3 949
1 111 54 42 52 57 1 950
1 87 30 44 31 48 1 951
0 110 61 37 51 37 3 952
1 132 55 2 60 1 1 953
0 77 50 28 39 48 3 954
0 53 53 41 49 39 6 955
1 30 53 41 50 41 1 956
1 53 91 38 91 28 2 957
0 97 98 22 98 19 3 958
0 68 67 35 66 38 3 959
0 134 76 5 72 5 5 960
0 22 71 21 65 32 3 961
1 139 40 64 47 40 3 962
0 91 47 72 24 47 3 963
1 60 48 55 57 46 2 964
1 44 70 6 78 6 1 965
1 23 60 29 58 26 6 966
0 112 53 28 51 23 3 967
0 133 56 80 53 80 3 968
1 38 71 42 66 45 3 969
0 5 55 54 53 58 3 970
0 128 49 34 53 21 6 971
0 26 71 41 58 41 3 972
1 118 6 37 6 31 1 973
0 0 48 41 46 44 3 974
1 77 29 35 28 32 1 975
0 56 59 49 60 51 3 976
0 74 58 31 64 20 5 977
1 32 31 43 27 49 6 978
1 93 62 39 62 34 3 979
1 125 54 42 52 43 1 980
0 112 68 43 65 49 5 981
1 52 64 77 69 68 3 982
1 40 66 36 62 27 6 983
0 108 67 40 62 55 3 984
1 9 53 43 54 47 6 985
0 128 42 13 39 12 3 986
0 128 48 29 49 27 3 987
0 93 90 45 86 25 3 988
1 24 62 46 61 43 2 989
1 132 54 25 50 27 1 990
1 40 60 39 61 35 1 991
0 71 85 92 86 94 5 992
1 13 70 38 63 54 6 993
0 32 32 42 33 45 3 994
0 56 46 58 33 53 3 995
0 76 67 45 70 31 5 996
1 71 52 51 55 48 1 997
0 108 54 21 61 18 3 998
0 10 58 57 55 63 3 999
0 124 92 26 91 39 3 1000
1 61 73 67 68 72 2 1001
0 134 50 45 67 43 3 1002
0 52 70 39 65 44 3 1003
0 97 58 44 56 43 6 1004
1 132 52 26 47 30 1 1005
0 101 68 42 63 44 3 1006
0 32 63 46 67 35 3 1007
1 94 29 55 31 56 1 1008
0 117 44 65 47 57 3 1009
1 85 68 39 63 46 2 1010
1 65 26 40 27 46 1 1011
1 90 54 74 58 75 2 1012
1 60 64 76 70 72 1 1013
1 90 54 31 62 20 5 1014
1 22 65 53 68 42 1 1015
1 114 53 80 59 79 1 1016
1 140 59 45 61 43 1 1017
1 43 68 41 60 42 1 1018
0 77 86 4 83 3 3 1019
0 118 63 16 56 18 5 1020
0 1 57 38 16 19 3 1021
0 131 27 49 32 42 3 1022
1 60 34 44 30 42 1 1023
1 5 71 42 67 47 2 1024
1 28 67 93 65 94 1 1025
1 0 59 30 56 32 1 1026
0 65 61 31 61 39 3 1027
1 66 40 38 37 42 6 1028
0 58 55 2 60 2 3 1029
1 130 54 44 49 57 1 1030
1 36 26 46 28 54 1 1031
1 110 55 10 55 16 1 1032
0 102 50 66 43 33 3 1033
0 29 67 35 67 26 3 1034
0 60 68 43 73 45 3 1035
1 14 60 32 64 33 1 1036
1 54 66 42 69 43 1 1037
0 112 52 58 49 55 3 1038
1 51 55 32 60 26 1 1039
1 32 87 3 85 5 3 1040
0 102 58 46 57 58 3 1041
1 5 39 12 35 14 1 1042
1 66 38 40 35 46 2 1043
0 86 47 2 43 3 3 1044
0 115 66 43 64 54 3 1045
0 116 66 45 53 42 3 1046
0 33 30 54 30 60 3 1047
0 6 47 31 47 27 4 1048
0 63 49 34 45 40 3 1049
1 127 67 74 64 76 4 1050
0 75 85 4 88 3 3 1051
1 79 88 93 85 95 1 1052
0 128 33 45 32 42 3 1053
1 39 60 38 59 45 2 1054
1 67 56 34 49 36 1 1055
0 121 72 68 56 72 5 1056
0 136 56 40 62 25 3 1057
0 67 6 65 5 68 3 1058
0 79 69 38 72 37 3 1059
0 108 73 66 71 68 5 1060
1 93 58 2 64 1 1 1061
1 35 59 35 57 36 2 1062
1 56 51 80 56 80 1 1063
1 143 98 19 98 22 1 1064
0 22 28 58 30 54 5 1065
1 141 48 40 53 39 1 1066
1 116 58 40 60 57 2 1067
0 116 55 55 33 48 6 1068
1 76 45 33 41 19 2 1069
1 100 91 39 91 36 1 1070
0 5 54 48 52 50 3 1071
0 94 59 25 57 28 4 1072
0 79 54 19 43 19 3 1073
1 53 49 60 48 65 1 1074
1 88 27 50 29 51 1 1075
1 86 78 6 82 6 1 1076
0 52 40 42 36 40 3 1077
1 0 70 42 70 38 5 1078
1 96 65 1 61 1 2 1079
0 138 47 3 50 3 3 1080
0 78 55 43 53 49 3 1081
1 78 49 50 57 43 2 1082
0 81 44 35 43 32 3 1083
0 101 56 42 55 40 3 1084
0 64 43 11 36 13 3 1085
0 94 38 39 36 40 3 1086
1 135 28 35 23 34 1 1087
0 76 7 37 5 35 3 1088
0 87 50 62 48 67 3 1089
1 5 15 21 55 29 1 1090
0 141 58 34 43 54 3 1091
1 72 68 43 58 41 1 1092
0 102 57 40 60 34 5 1093
1 12 64 33 58 33 1 1094
0 72 47 58 50 49 6 1095
0 5 56 59 54 68 3 1096
1 13 70 35 70 41 1 1097
0 50 6 64 5 69 3 1098
1 70 71 35 63 32 1 1099
1 93 43 54 45 45 1 1100
1 52 59 42 46 64 6 1101
1 100 47 80 55 80 1 1102
0 65 29 54 31 52 3 1103
1 133 54 80 46 80 1 1104
1 77 64 1 59 1 2 1105
0 15 61 49 59 54 3 1106
1 105 48 44 56 42 1 1107
1 32 64 43 70 29 1 1108
0 88 50 2 52 1 3 1109
1 136 5 23 4 28 5 1110
1 37 49 42 59 39 1 1111
1 107 45 61 47 52 1 1112
0 81 48 35 50 18 3 1113
0 27 6 44 6 38 3 1114
0 123 71 42 71 39 3 1115
1 39 47 32 48 36 1 1116
1 141 58 50 54 56 1 1117
0 126 5 67 6 65 3 1118
0 28 66 46 68 39 3 1119
0 70 45 53 47 50 5 1120
0 86 91 33 92 28 3 1121
1 96 31 46 35 41 6 1122
1 129 54 45 56 46 1 1123
0 88 50 41 54 44 3 1124
1 117 51 46 52 55 1 1125
0 50 47 53 51 48 3 1126
1 54 63 34 61 33 1 1127
0 133 46 64 49 60 3 1128
0 117 71 41 70 33 3 1129
1 67 55 49 59 45 2 1130
1 36 28 44 30 47 1 1131
1 85 52 80 48 78 1 1132
1 80 55 51 57 48 1 1133
1 69 81 6 83 4 1 1134
0 125 46 20 50 19 3 1135
0 21 85 95 88 93 3 1136
0 10 63 43 62 29 3 1137
0 68 66 63 70 64 3 1138
1 18 6 49 6 52 2 1139
1 130 65 38 60 43 2 1140
0 32 39 12 42 12 3 1141
0 23 56 27 55 29 3 1142
1 56 51 60 43 65 1 1143
1 53 55 38 49 38 5 1144
0 79 6 27 6 33 3 1145
1 54 64 45 60 45 4 1146
1 35 57 38 46 37 4 1147
1 6 69 44 67 41 1 1148
1 109 53 54 55 50 2 1149
0 121 42 31 37 34 3 1150
0 12 56 42 52 47 3 1151
1 69 69 40 65 53 1 1152
1 95 63 41 63 45 1 1153
1 38 41 43 38 40 1 1154
0 42 55 32 59 27 3 1155
1 118 56 20 50 22 5 1156
0 3 46 31 48 29 3 1157
1 45 54 41 57 36 1 1158
1 8 55 61 54 55 1 1159
1 128 88 92 86 93 1 1160
0 113 31 57 29 65 3 1161
0 19 45 20 50 19 6 1162
0 74 65 40 62 48 3 1163
1 29 66 45 69 46 1 1164
1 75 71 31 68 34 1 1165
1 57 56 73 59 71 6 1166
0 110 54 41 55 44 3 1167
1 24 51 31 54 54 1 1168
1 0 38 14 42 11 3 1169
0 138 47 4 45 3 3 1170
1 136 49 43 33 42 1 1171
1 32 43 41 36 53 1 1172
0 102 66 38 62 47 3 1173
1 108 67 40 59 38 2 1174
0 35 54 53 53 58 3 1175
0 96 52 44 52 47 3 1176
1 98 50 48 44 44 1 1177
0 115 59 24 52 29 3 1178
1 65 57 41 39 49 1 1179
0 13 43 11 38 12 3 1180
1 87 64 44 62 46 1 1181
1 57 7 52 5 47 1 1182
1 101 61 33 53 44 4 1183
0 97 53 29 48 33 3 1184
1 11 62 70 59 75 1 1185
1 103 55 30 56 26 2 1186
1 1 26 50 27 57 2 1187
0 124 56 2 61 1 3 1188
1 33 6 67 4 68 2 1189
1 111 33 34 39 37 2 1190
1 103 59 72 54 76 2 1191
0 132 42 55 47 50 3 1192
0 57 31 42 31 45 3 1193
1 0 59 18 51 22 2 1194
1 112 50 45 57 36 4 1195
0 132 55 80 56 77 3 1196
0 53 56 26 55 38 3 1197
0 59 56 1 48 2 3 1198
0 67 6 59 5 66 3 1199
0 127 44 43 39 41 3 1200
0 10 50 2 52 1 3 1201
1 90 53 56 52 58 3 1202
1 17 57 47 57 37 1 1203
0 17 47 36 44 34 4 1204
0 88 39 14 36 13 3 1205
1 25 71 68 70 72 6 1206
0 59 47 2 82 1 5 1207
1 24 61 36 44 35 1 1208
0 116 58 27 61 29 3 1209
0 60 49 53 45 54 3 1210
1 106 53 44 48 27 1 1211
1 143 54 68 49 71 1 1212
0 84 70 68 69 75 3 1213
1 70 34 42 33 44 4 1214
0 4 48 30 50 27 5 1215
1 8 54 32 59 28 3 1216
1 19 48 31 50 24 1 1217
0 56 55 42 59 38 3 1218
0 21 61 51 60 44 4 1219
0 10 54 45 58 36 3 1220
0 52 30 51 29 48 3 1221
0 32 51 65 57 54 3 1222
0 48 39 13 35 13 3 1223
1 108 55 39 60 32 1 1224
1 91 55 80 49 81 1 1225
0 24 55 47 54 52 3 1226
1 61 44 66 47 68 1 1227
1 130 67 36 72 29 1 1228
1 83 53 40 51 60 1 1229
1 2 60 1 63 0 3 1230
1 35 47 59 42 68 1 1231
0 24 67 41 53 35 5 1232
1 112 33 44 31 48 1 1233
1 66 60 30 54 32 1 1234
0 108 6 64 4 66 3 1235
1 4 55 42 54 40 1 1236
1 13 71 27 72 38 1 1237
1 68 41 12 36 14 4 1238
0 51 55 41 56 46 3 1239
0 92 79 6 82 4 3 1240
1 6 59 39 57 45 1 1241
1 44 70 67 67 75 1 1242
0 123 33 50 27 52 3 1243
0 66 47 44 44 52 3 1244
0 66 6 49 5 75 5 1245
1 53 55 38 56 28 4 1246
0 98 58 47 65 17 5 1247
1 39 55 42 53 52 1 1248
1 44 60 40 54 53 4 1249
1 26 55 41 61 35 1 1250
0 120 52 57 54 61 3 1251
1 66 50 25 53 27 2 1252
1 115 51 75 67 72 1 1253
1 35 57 80 52 80 1 1254
0 30 6 31 6 35 3 1255
1 38 49 39 47 35 1 1256
1 123 31 32 29 36 1 1257
0 31 54 2 59 1 3 1258
0 114 69 41 68 44 3 1259
0 56 49 53 53 45 3 1260
0 32 30 46 34 39 3 1261
1 132 56 43 53 45 3 1262
1 128 57 30 42 41 2 1263
1 64 54 33 57 35 2 1264
0 83 34 11 37 11 3 1265
0 11 53 57 46 31 3 1266
0 52 57 46 47 58 5 1267
0 78 92 32 91 35 5 1268
0 60 50 63 56 54 3 1269
1 1 54 40 58 33 2 1270
0 19 70 71 65 75 3 1271
1 36 61 36 51 30 2 1272
1 64 48 4 45 4 1 1273
0 138 65 1 53 0 3 1274
1 97 55 47 59 35 1 1275
0 101 49 48 39 83 3 1276
1 105 68 42 70 35 2 1277
0 86 98 26 98 15 3 1278
0 16 23 19 43 5 3 1279
0 68 53 53 54 41 3 1280
1 120 57 76 55 77 2 1281
1 44 16 42 26 34 1 1282
0 135 54 69 56 47 3 1283
0 93 62 2 65 1 6 1284
1 26 77 6 81 5 1 1285
0 41 49 59 47 67 3 1286
0 128 52 36 52 33 3 1287
0 72 8 26 21 25 3 1288
1 128 41 12 45 11 2 1289
1 21 58 19 56 17 1 1290
1 54 62 30 50 38 2 1291
1 54 33 48 29 47 2 1292
1 35 31 43 27 50 3 1293
1 60 80 6 83 4 4 1294
1 82 49 53 43 51 1 1295
0 51 62 32 58 41 3 1296
0 95 56 29 53 41 3 1297
1 44 56 50 65 36 4 1298
1 127 68 71 69 69 1 1299
1 38 58 26 60 24 1 1300
0 36 55 75 53 76 3 1301
1 69 57 29 58 31 1 1302
0 142 30 56 27 58 3 1303
0 85 54 38 58 32 4 1304
1 52 32 48 33 50 2 1305
0 137 29 53 18 71 3 1306
1 30 6 53 6 49 1 1307
0 38 62 22 57 18 3 1308
0 96 69 70 67 78 3 1309
0 48 32 33 33 40 3 1310
1 1 98 22 98 19 1 1311
1 139 91 35 91 30 1 1312
1 62 44 30 46 27 1 1313
0 32 61 42 60 54 3 1314
0 31 46 2 51 2 3 1315
1 72 49 45 54 41 1 1316
0 42 68 33 62 31 3 1317
0 93 46 47 49 38 3 1318
0 143 44 4 38 4 3 1319
1 91 53 46 56 43 1 1320
0 45 48 54 53 44 3 1321
0 133 58 45 57 43 6 1322
0 16 58 76 59 70 4 1323
1 46 57 47 64 37 1 1324
0 116 45 19 43 18 5 1325
0 110 88 3 84 4 3 1326
1 13 68 42 67 49 1 1327
0 106 51 29 53 28 3 1328
1 101 48 51 55 38 1 1329
0 46 64 28 63 36 3 1330
0 119 44 3 49 2 4 1331
1 126 51 46 56 46 1 1332
1 33 29 55 27 60 3 1333
1 122 63 44 67 48 1 1334
1 87 62 39 60 41 2 1335
0 76 52 42 53 40 3 1336
1 103 49 56 61 13 2 1337
0 25 59 23 62 26 5 1338
1 141 47 52 46 56 1 1339
0 136 41 62 36 68 3 1340
1 0 51 68 61 54 1 1341
1 3 87 4 81 2 2 1342
1 92 51 1 62 1 2 1343
1 32 61 31 33 43 2 1344
0 138 98 19 98 23 3 1345
0 116 6 62 5 71 3 1346
0 94 31 50 31 58 3 1347
0 130 53 38 55 41 3 1348
0 64 53 31 60 29 3 1349
1 13 57 30 47 19 1 1350
1 123 5 39 5 57 3 1351
1 139 81 6 78 7 2 1352
0 53 57 18 52 19 4 1353
0 87 53 34 44 44 3 1354
1 63 55 72 54 74 1 1355
0 83 48 37 56 37 6 1356
0 137 68 71 70 72 3 1357
1 130 41 38 21 33 2 1358
0 78 98 10 98 21 3 1359
1 122 53 2 48 2 1 1360
1 53 58 26 62 24 1 1361
0 97 53 55 58 35 3 1362
0 131 69 42 71 41 3 1363
1 90 56 39 58 36 1 1364
1 117 53 33 49 38 1 1365
0 89 51 80 48 80 6 1366
1 58 31 53 30 50 3 1367
1 48 46 58 44 64 1 1368
0 27 66 39 55 19 3 1369
0 108 52 39 66 39 3 1370
0 77 58 1 56 2 4 1371
1 135 43 62 50 65 1 1372
1 112 53 25 50 27 3 1373
0 27 62 18 57 19 3 1374
1 80 54 41 58 34 2 1375
1 54 98 24 98 19 2 1376
1 9 58 27 59 24 1 1377
0 108 92 34 91 32 3 1378
1 0 63 43 63 46 6 1379
0 0 42 11 35 14 3 1380
1 57 53 76 56 75 2 1381
1 80 50 47 47 48 2 1382
1 124 60 1 63 1 1 1383
0 121 67 74 70 72 3 1384
1 138 54 74 32 78 2 1385
0 68 68 39 65 49 3 1386
0 4 57 39 56 41 3 1387
0 26 57 28 55 31 3 1388
1 33 47 20 32 18 5 1389
1 63 91 32 91 25 3 1390
1 48 48 32 50 34 3 1391
0 19 50 33 55 23 3 1392
0 72 55 49 52 53 3 1393
1 19 58 37 64 35 1 1394
0 76 87 33 88 35 4 1395
0 81 52 27 52 24 3 1396
1 102 38 35 40 31 1 1397
1 41 47 58 50 51 4 1398
0 141 48 79 51 79 3 1399
1 19 60 36 56 36 1 1400
0 6 82 5 69 6 3 1401
1 96 31 44 33 43 3 1402
0 35 49 80 56 80 3 1403
0 60 98 17 98 21 3 1404
1 128 61 48 60 51 1 1405
0 37 6 54 5 39 6 1406
0 83 6 44 7 46 3 1407
0 5 49 19 46 20 5 1408
0 45 49 59 47 56 3 1409
1 6 44 54 43 59 1 1410
0 69 55 77 57 78 3 1411
1 143 32 78 58 76 1 1412
1 32 61 42 54 53 1 1413
0 116 65 94 67 92 3 1414
1 36 68 34 69 37 1 1415
0 95 50 2 43 3 3 1416
1 81 66 42 58 43 3 1417
1 88 31 46 27 49 2 1418
1 90 5 63 6 65 2 1419
0 37 53 40 56 37 3 1420
1 120 58 47 56 35 3 1421
0 97 24 35 27 35 5 1422
1 64 54 41 55 45 2 1423
0 97 58 34 55 34 3 1424
0 67 51 47 48 54 3 1425
1 1 57 14 58 20 5 1426
1 22 61 29 62 31 2 1427
0 28 68 34 61 51 3 1428
1 45 51 20 48 21 3 1429
1 40 58 74 59 70 1 1430
1 116 6 57 5 72 5 1431
0 13 61 15 56 15 3 1432
1 65 63 49 67 45 2 1433
1 121 64 83 67 73 1 1434
1 92 38 14 35 16 1 1435
0 25 62 28 42 39 3 1436
1 70 53 32 56 28 2 1437
0 133 27 24 49 50 3 1438
0 96 32 45 30 48 5 1439
1 128 29 54 26 51 4 1440
0 64 62 35 58 38 5 1441
1 137 48 2 53 1 4 1442
0 131 58 18 62 16 6 1443
1 96 35 55 39 56 1 1444
0 116 70 43 60 32 3 1445
0 80 38 12 41 11 4 1446
0 29 52 30 61 22 3 1447
0 67 46 48 45 52 3 1448
1 38 38 39 44 37 2 1449
1 87 65 41 59 43 1 1450
0 27 57 18 62 16 3 1451
0 6 70 36 63 24 6 1452
1 128 32 46 34 42 1 1453
0 102 49 69 45 64 5 1454
0 19 70 38 68 41 5 1455
1 11 51 45 54 48 1 1456
0 29 35 11 43 12 3 1457
0 18 55 21 60 17 3 1458
1 96 91 24 89 20 2 1459
1 131 55 16 41 18 6 1460
1 80 37 15 39 14 1 1461
1 140 59 38 44 51 2 1462
0 134 7 38 5 63 3 1463
0 18 92 19 89 34 3 1464
0 21 88 93 86 95 3 1465
1 112 30 42 26 51 1 1466
0 129 69 37 60 40 3 1467
0 112 53 23 52 27 3 1468
0 76 53 39 55 42 3 1469
0 14 60 42 57 40 3 1470
1 11 47 57 51 56 3 1471
0 87 5 77 6 70 3 1472
0 112 34 43 31 48 3 1473
0 39 50 36 47 31 4 1474
1 102 51 75 71 74 1 1475
1 13 68 41 70 38 5 1476
1 124 55 37 55 45 1 1477
1 4 68 33 63 34 1 1478
0 79 42 36 44 29 3 1479
0 108 42 60 43 57 3 1480
0 0 63 34 59 36 3 1481
0 9 49 51 55 47 5 1482
0 28 61 32 59 41 3 1483
1 7 58 18 61 16 1 1484
1 23 52 19 57 32 2 1485
1 49 63 36 62 38 3 1486
0 96 5 39 6 32 3 1487
1 19 56 37 53 47 6 1488
1 52 69 35 71 34 5 1489
1 29 60 37 55 42 2 1490
1 94 31 48 29 37 1 1491
1 10 44 44 42 56 2 1492
0 97 56 49 56 46 3 1493
0 68 51 41 47 41 3 1494
0 48 60 72 56 75 3 1495
0 133 43 63 44 66 3 1496
1 97 57 37 53 26 1 1497
1 14 48 19 51 19 1 1498
1 104 60 42 62 45 1 1499
0 3 90 26 92 17 6 1500
0 38 68 74 67 78 3 1501
1 68 59 27 57 31 2 1502
1 84 60 32 62 35 1 1503
1 35 56 38 55 41 3 1504
0 5 56 1 63 1 3 1505
1 10 61 42 62 46 1 1506
0 30 43 46 52 45 3 1507
1 68 66 42 90 28 1 1508
0 74 47 2 45 3 3 1509
0 33 91 27 92 19 3 1510
0 40 5 39 6 42 3 1511
1 88 59 42 52 55 2 1512
1 46 50 17 46 17 1 1513
0 138 52 40 57 34 3 1514
0 74 46 20 50 20 3 1515
1 80 54 75 56 77 1 1516
0 133 52 28 37 62 3 1517
1 64 57 35 57 28 1 1518
0 111 5 45 5 37 3 1519
1 97 29 51 32 45 4 1520
1 130 59 36 60 21 4 1521
0 29 61 31 63 33 3 1522
0 56 52 80 56 80 3 1523
1 55 55 66 43 62 1 1524
1 134 50 53 57 42 4 1525
0 70 46 4 48 3 3 1526
0 72 61 29 53 35 3 1527
0 10 64 1 61 2 3 1528
1 45 46 52 31 55 1 1529
1 57 46 4 41 5 2 1530
1 134 28 2 50 1 2 1531
0 126 6 63 5 73 3 1532
0 121 98 22 98 19 3 1533
0 7 88 4 87 1 3 1534
1 18 52 38 50 39 1 1535
1 60 48 16 43 22 1 1536
1 78 70 36 69 40 1 1537
1 16 36 13 34 14 1 1538
1 112 52 61 51 54 2 1539
0 29 41 33 43 31 3 1540
0 125 54 41 52 52 3 1541
0 130 53 43 56 43 5 1542
1 50 5 26 3 41 3 1543
1 6 44 11 41 11 3 1544
0 116 58 55 54 55 5 1545
1 86 67 37 69 32 1 1546
0 41 81 5 77 8 6 1547
1 37 6 60 4 49 6 1548
1 69 5 73 6 40 1 1549
0 37 81 2 84 4 4 1550
1 105 74 33 70 44 1 1551
0 82 69 76 71 72 3 1552
0 36 60 29 42 39 3 1553
0 2 6 49 6 52 4 1554
1 77 59 29 60 27 5 1555
0 102 57 42 99 26 6 1556
1 69 91 27 90 37 3 1557
1 83 51 35 53 32 1 1558
0 79 53 52 54 50 3 1559
1 93 37 40 38 38 1 1560
1 24 37 50 35 47 1 1561
0 28 54 75 53 80 5 1562
1 34 46 4 36 4 1 1563
1 7 7 38 6 43 2 1564
1 77 42 34 31 37 3 1565
1 122 63 40 58 46 1 1566
1 55 54 53 40 82 1 1567
0 135 87 4 85 3 3 1568
0 66 60 17 63 18 3 1569
0 108 6 66 5 69 3 1570
0 129 40 9 38 11 3 1571
0 102 59 36 61 29 3 1572
1 116 46 3 42 3 2 1573
1 69 40 12 37 13 2 1574
1 9 3 31 32 47 1 1575
1 5 58 53 56 64 2 1576
0 10 38 39 42 32 6 1577
1 25 50 30 51 26 6 1578
0 84 66 80 69 75 3 1579
0 108 60 1 54 2 3 1580
1 56 53 40 52 49 2 1581
0 133 46 80 48 81 3 1582
0 5 58 45 60 53 3 1583
1 7 54 56 51 64 1 1584
0 46 60 72 58 75 3 1585
1 40 58 75 55 76 1 1586
1 143 45 58 43 55 4 1587
0 96 26 40 24 41 3 1588
1 23 44 34 51 35 1 1589
0 65 31 51 31 48 5 1590
0 136 87 93 78 90 4 1591
0 88 77 4 82 5 3 1592
1 94 57 41 60 34 2 1593
1 52 64 28 64 36 2 1594
1 70 58 14 53 13 1 1595
0 127 55 76 57 74 3 1596
1 108 91 30 92 28 1 1597
1 87 52 39 55 43 1 1598
1 86 66 42 68 39 1 1599
0 100 53 30 42 30 3 1600
0 77 59 33 56 30 3 1601
1 44 57 26 54 26 1 1602
0 141 38 14 34 14 3 1603
0 26 55 42 48 48 3 1604
0 66 44 36 43 23 3 1605
1 129 62 35 56 38 6 1606
1 55 63 48 64 46 3 1607
1 124 92 29 92 25 2 1608
0 122 6 63 5 67 3 1609
1 8 56 29 58 28 1 1610
1 92 43 11 40 13 1 1611
1 6 64 76 68 73 6 1612
1 89 30 14 31 24 1 1613
1 38 49 36 46 31 1 1614
1 130 41 20 43 22 1 1615
0 17 42 4 40 5 6 1616
0 110 55 30 53 33 3 1617
0 27 61 60 66 33 3 1618
0 129 1 95 3 96 3 1619
0 35 83 93 86 94 3 1620
0 118 47 30 42 29 3 1621
1 44 58 37 53 45 1 1622
1 12 41 4 48 4 1 1623
0 40 51 35 55 37 3 1624
1 63 48 49 53 47 1 1625
0 135 91 41 90 46 3 1626
1 107 47 28 42 35 1 1627
1 105 68 25 69 34 1 1628
1 24 71 34 70 41 1 1629
1 79 32 78 58 67 1 1630
1 96 50 18 48 21 4 1631
0 112 32 49 32 45 3 1632
0 123 85 3 87 2 5 1633
1 33 51 48 54 45 1 1634
1 91 60 42 57 49 2 1635
1 50 50 28 53 25 2 1636
1 57 47 4 45 3 5 1637
0 21 61 28 65 37 3 1638
0 14 58 19 62 17 5 1639
1 105 39 37 38 41 1 1640
0 115 98 11 98 16 3 1641
0 37 6 54 5 57 3 1642
1 40 69 37 66 40 1 1643
0 7 54 33 57 30 3 1644
1 48 35 14 29 16 1 1645
0 112 49 34 50 32 3 1646
1 50 48 36 49 41 1 1647
1 61 51 41 46 42 1 1648
1 64 36 13 39 14 1 1649
1 94 30 51 29 61 1 1650
1 112 49 18 48 23 1 1651
0 136 63 1 66 1 3 1652
1 66 37 27 34 26 1 1653
1 13 73 34 65 42 1 1654
1 78 83 4 81 5 5 1655
1 112 29 52 31 48 5 1656
0 9 55 49 53 54 3 1657
0 0 55 32 59 32 3 1658
0 4 50 56 44 63 3 1659
1 5 6 41 6 50 2 1660
1 108 98 15 98 23 1 1661
1 66 43 23 37 40 1 1662
0 96 36 14 39 13 3 1663
1 102 46 2 53 1 3 1664
0 31 6 29 5 37 3 1665
1 12 61 22 57 29 1 1666
0 135 49 45 46 51 3 1667
1 107 47 49 30 87 1 1668
1 73 50 59 45 56 2 1669
0 31 52 61 47 85 3 1670
0 48 69 33 62 46 3 1671
0 65 51 28 47 30 3 1672
1 75 52 44 49 41 3 1673
1 14 64 16 60 16 1 1674
1 112 92 30 90 48 3 1675
0 25 49 55 48 53 3 1676
0 44 87 93 87 90 3 1677
1 38 48 2 42 2 5 1678
0 116 56 21 55 30 3 1679
1 24 57 40 65 28 2 1680
1 114 59 29 55 31 3 1681
0 121 53 14 61 15 3 1682
1 82 52 54 61 35 1 1683
1 82 52 26 46 30 2 1684
1 62 65 1 62 1 5 1685
1 123 32 46 32 52 1 1686
1 31 53 2 45 2 1 1687
1 39 60 41 54 52 1 1688
0 96 29 48 31 44 3 1689
0 104 55 42 47 35 3 1690
0 24 52 48 57 45 3 1691
1 91 50 51 51 40 2 1692
1 69 62 2 55 2 1 1693
0 44 69 77 52 75 5 1694
1 108 68 27 68 21 2 1695
1 1 53 40 53 47 1 1696
1 43 62 48 60 46 2 1697
0 142 55 42 52 44 3 1698
1 124 21 19 43 21 1 1699
1 43 26 25 55 44 2 1700
1 91 52 45 50 48 1 1701
0 87 47 34 46 63 6 1702
0 130 6 44 5 58 3 1703
0 122 52 51 53 45 4 1704
0 18 54 58 59 56 5 1705
1 86 60 41 50 60 1 1706
0 28 22 19 41 24 3 1707
0 25 55 45 53 49 3 1708
1 46 56 65 57 60 4 1709
0 93 90 36 88 32 3 1710
0 42 58 40 57 36 3 1711
1 80 27 49 31 44 5 1712
1 64 36 45 41 42 1 1713
1 130 55 66 58 47 6 1714
1 128 34 46 32 45 2 1715
1 28 60 19 58 17 1 1716
1 93 55 2 60 1 5 1717
1 41 50 63 45 67 2 1718
1 14 45 50 22 19 1 1719
1 93 58 30 54 32 2 1720
0 137 62 29 64 34 3 1721
1 94 41 10 45 8 1 1722
1 99 52 44 48 62 1 1723
0 27 80 6 82 4 3 1724
0 99 60 49 53 50 3 1725
0 73 47 52 47 48 6 1726
1 41 53 44 53 38 1 1727
0 27 6 48 6 42 3 1728
1 51 61 24 58 33 1 1729
0 102 61 45 65 15 3 1730
0 19 65 28 62 31 3 1731
0 115 98 17 98 23 3 1732
0 126 59 35 60 40 3 1733
1 101 31 54 30 61 2 1734
0 87 56 2 65 1 3 1735
1 111 55 80 51 80 1 1736
0 57 6 30 6 33 3 1737
0 56 67 42 67 37 5 1738
0 42 27 49 29 52 3 1739
0 72 5 72 6 67 3 1740
1 120 41 4 36 4 1 1741
0 17 42 74 58 75 3 1742
1 103 32 45 29 47 1 1743
1 104 57 39 57 35 1 1744
1 139 50 56 50 50 1 1745
0 21 56 30 55 40 3 1746
1 17 60 2 56 2 1 1747
0 41 69 44 71 38 3 1748
1 79 29 54 27 59 1 1749
0 134 65 50 63 44 3 1750
1 43 50 37 50 58 2 1751
1 19 52 27 54 19 1 1752
1 124 53 76 57 77 1 1753
0 81 64 80 53 75 3 1754
1 64 29 53 26 58 3 1755
0 4 58 80 54 80 3 1756
0 116 67 92 60 92 6 1757
1 134 32 53 33 42 4 1758
0 105 39 20 45 22 3 1759
0 8 67 36 61 48 5 1760
1 120 57 74 58 72 1 1761
1 78 58 29 62 29 1 1762
1 121 44 54 47 45 1 1763
1 0 67 35 68 39 1 1764
0 40 56 34 53 39 3 1765
1 87 49 63 55 44 1 1766
0 137 67 49 64 52 3 1767
1 66 58 14 60 13 1 1768
0 80 26 51 31 44 5 1769
1 77 6 68 5 66 1 1770
1 116 66 91 61 91 2 1771
1 62 60 31 58 46 1 1772
0 104 6 50 7 46 3 1773
0 16 56 26 52 32 3 1774
0 19 52 26 51 31 6 1775
0 17 5 53 4 56 3 1776
1 51 87 2 85 4 2 1777
0 41 61 56 63 55 3 1778
0 74 7 38 6 44 3 1779
0 63 90 23 90 26 3 1780
1 72 54 58 52 61 2 1781
1 135 70 35 73 34 1 1782
0 19 45 4 41 4 3 1783
0 38 41 38 45 34 3 1784
1 82 48 53 56 41 6 1785
1 134 42 56 45 53 1 1786
1 13 70 36 71 33 1 1787
0 13 5 66 6 64 3 1788
0 82 60 37 62 36 3 1789
1 79 26 41 28 29 2 1790
1 39 54 40 46 34 2 1791
0 140 52 73 53 68 3 1792
0 27 57 20 47 23 3 1793
0 116 59 50 61 47 6 1794
1 86 61 35 59 34 1 1795
0 98 55 45 54 48 3 1796
1 98 62 39 37 40 1 1797
0 94 90 38 92 21 3 1798
1 32 56 64 50 71 1 1799
1 16 57 2 53 2 2 1800
1 128 57 36 61 33 2 1801
1 72 55 51 54 45 5 1802
1 41 49 54 49 69 1 1803
0 58 54 42 57 47 5 1804
1 25 60 22 53 38 1 1805
1 136 43 36 40 34 2 1806
1 132 58 37 52 44 1 1807
1 26 57 75 52 82 1 1808
1 17 54 46 52 47 1 1809
0 67 56 80 53 81 3 1810
0 143 51 63 53 57 5 1811
0 32 6 54 6 65 3 1812
1 141 56 41 62 32 2 1813
0 5 91 31 92 25 3 1814
1 4 64 1 55 2 1 1815
1 130 52 42 47 63 1 1816
0 16 46 48 46 41 3 1817
1 143 44 4 36 4 2 1818
1 96 68 33 69 40 1 1819
1 40 65 75 69 72 1 1820
0 102 5 27 5 30 3 1821
1 20 46 30 44 34 1 1822
1 74 48 4 38 2 1 1823
0 108 63 40 59 50 3 1824
0 94 51 32 56 31 3 1825
1 126 64 31 62 32 1 1826
0 91 6 42 7 49 3 1827
0 76 54 16 60 29 3 1828
0 107 58 32 57 26 3 1829
1 36 65 42 57 43 1 1830
1 54 47 68 42 63 1 1831
0 0 51 81 35 80 3 1832
0 130 6 29 6 34 6 1833
1 87 39 39 46 45 1 1834
1 86 92 25 92 29 1 1835
0 106 7 47 6 44 3 1836
0 121 6 34 6 39 3 1837
1 48 69 74 70 72 2 1838
0 93 5 36 5 39 6 1839
1 28 61 45 63 43 2 1840
0 122 69 75 66 78 3 1841
1 14 52 44 51 46 6 1842
1 113 54 40 53 47 1 1843
0 46 6 29 5 34 5 1844
0 38 61 30 65 26 3 1845
1 124 65 41 66 44 1 1846
1 20 6 79 6 83 1 1847
0 99 62 24 63 20 3 1848
0 73 47 20 37 19 3 1849
0 88 55 37 52 41 6 1850
0 70 98 19 98 25 3 1851
1 133 58 38 55 41 1 1852
1 86 35 13 38 14 1 1853
1 72 58 30 57 26 1 1854
0 66 50 21 50 14 3 1855
0 76 7 47 6 30 3 1856
1 11 43 57 37 55 6 1857
0 10 55 75 59 71 3 1858
1 102 6 28 6 23 5 1859
0 20 28 2 17 1 3 1860
0 73 6 49 7 44 3 1861
0 55 6 34 6 25 3 1862
1 3 51 46 26 25 1 1863
1 116 50 18 51 20 1 1864
0 56 45 63 44 66 3 1865
1 103 59 23 60 27 3 1866
1 98 27 59 27 41 1 1867
1 31 51 75 71 62 5 1868
1 107 55 38 67 42 1 1869
0 40 66 47 64 45 3 1870
0 104 63 45 68 39 3 1871
0 97 47 30 45 39 3 1872
0 16 28 49 27 51 3 1873
1 143 98 19 98 16 1 1874
0 48 48 44 46 46 6 1875
1 14 56 73 54 75 1 1876
0 17 59 34 55 41 3 1877
1 46 60 1 63 1 1 1878
1 41 69 75 68 73 1 1879
1 112 52 24 54 25 1 1880
0 38 58 34 53 40 5 1881
1 128 31 43 31 50 1 1882
1 77 52 17 50 16 1 1883
0 66 45 2 49 2 3 1884
1 53 56 38 49 54 1 1885
1 126 47 56 34 41 1 1886
0 43 58 42 50 46 3 1887
1 34 47 4 45 3 1 1888
1 16 34 40 27 32 5 1889
1 21 85 95 87 93 1 1890
1 26 70 35 70 29 1 1891
0 126 6 35 6 20 3 1892
1 79 88 92 87 94 3 1893
0 108 68 74 66 73 3 1894
1 87 46 63 53 48 6 1895
1 32 60 34 57 38 1 1896
1 129 88 94 86 95 1 1897
0 91 35 61 37 64 3 1898
0 40 59 14 66 12 3 1899
0 14 30 14 50 38 3 1900
0 64 59 29 60 26 3 1901
1 79 39 46 41 37 1 1902
1 0 5 67 3 64 1 1903
0 134 56 18 49 22 3 1904
0 30 33 48 34 44 3 1905
0 6 33 50 22 84 3 1906
1 95 50 2 47 3 5 1907
0 73 80 5 83 4 3 1908
1 2 61 32 63 35 1 1909
0 73 54 41 58 40 3 1910
1 81 42 3 46 2 2 1911
1 24 56 25 57 31 1 1912
1 9 78 7 99 3 1 1913
0 53 53 46 51 50 3 1914
1 38 40 36 32 35 1 1915
1 12 47 27 42 38 1 1916
0 97 9 26 16 88 3 1917
1 3 70 36 60 63 1 1918
1 97 59 65 54 81 1 1919
0 84 30 62 26 78 3 1920
0 68 6 39 6 32 3 1921
0 23 35 16 48 85 3 1922
0 28 44 34 34 31 3 1923
1 91 50 2 63 1 3 1924
0 52 31 39 44 46 5 1925
1 92 57 99 58 19 1 1926
0 24 51 58 55 42 3 1927
1 106 6 49 6 44 4 1928
1 114 40 24 43 25 2 1929
1 96 7 45 6 59 5 1930
0 55 5 40 5 35 3 1931
1 42 88 93 85 93 2 1932
1 76 34 44 32 48 1 1933
0 41 52 46 50 61 3 1934
0 48 90 42 89 53 3 1935
1 78 46 4 48 3 1 1936
1 130 6 58 5 72 2 1937
1 139 29 53 31 52 1 1938
1 7 6 40 5 54 5 1939
0 138 52 54 50 50 3 1940
1 136 6 41 6 53 2 1941
0 51 32 54 31 57 3 1942
0 72 49 59 43 67 3 1943
0 106 53 39 43 52 5 1944
1 32 61 46 55 56 1 1945
1 54 57 36 54 39 2 1946
0 62 62 2 67 1 3 1947
0 80 30 60 30 50 3 1948
1 34 46 4 41 4 6 1949
1 74 55 52 52 58 5 1950
1 60 54 47 50 47 1 1951
0 20 41 11 40 13 3 1952
0 29 48 39 49 42 3 1953
1 65 67 35 63 44 2 1954
0 10 28 36 31 36 3 1955
0 79 30 47 33 42 3 1956
0 35 3 31 20 44 3 1957
1 41 45 64 50 32 1 1958
0 120 55 34 57 44 3 1959
0 128 38 14 34 16 6 1960
0 36 66 34 69 37 6 1961
0 57 42 11 40 12 3 1962
1 24 42 30 45 34 1 1963
0 136 44 11 39 12 3 1964
1 29 65 39 58 43 2 1965
0 79 83 4 81 5 3 1966
1 74 81 6 78 6 1 1967
0 50 88 94 89 92 3 1968
0 132 60 26 62 34 3 1969
0 36 67 42 69 26 3 1970
1 59 53 41 51 62 1 1971
0 36 69 34 70 36 3 1972
0 102 43 67 44 70 3 1973
0 108 44 4 47 4 3 1974
1 131 69 35 50 46 1 1975
0 132 57 71 54 75 3 1976
1 24 6 42 6 38 1 1977
1 114 59 37 53 46 3 1978
0 88 51 19 36 19 3 1979
0 95 88 94 86 92 3 1980
1 63 91 31 90 37 2 1981
1 31 61 1 52 3 1 1982
0 115 53 68 54 57 3 1983
1 124 64 1 58 1 6 1984
0 66 64 55 65 53 3 1985
1 8 57 31 54 30 2 1986
0 43 68 36 70 37 3 1987
0 97 51 27 56 23 6 1988
1 29 59 39 59 43 1 1989
1 132 56 72 58 71 1 1990
0 50 47 60 49 53 3 1991
1 0 90 45 90 34 3 1992
1 53 48 40 51 59 5 1993
1 119 59 26 51 30 1 1994
0 95 51 2 43 2 3 1995
1 69 53 49 47 38 1 1996
0 29 86 4 83 3 3 1997
1 55 98 16 98 22 1 1998
0 20 69 37 72 36 3 1999
