1 6 61 29 69 39 1 0
1 70 50 49 45 61 2 1
1 7 26 43 25 41 1 2
0 54 5 69 6 66 3 3
0 0 60 37 57 48 3 4
1 86 6 41 7 49 5 5
1 79 45 18 39 18 2 6
0 63 44 71 48 62 3 7
0 84 6 49 6 53 3 8
0 17 6 48 5 79 6 9
0 0 59 28 64 33 3 10
0 142 52 55 54 54 3 11
0 72 44 61 43 64 3 12
0 103 50 54 53 54 3 13
1 96 37 14 39 12 1 14
1 18 26 55 27 48 1 15
0 56 51 80 55 80 3 16
1 94 53 54 52 60 1 17
0 29 57 39 55 52 3 18
0 110 45 52 23 19 3 19
1 112 52 24 52 27 2 20
1 7 31 51 33 47 1 21
1 130 47 20 49 21 1 22
1 66 46 54 39 46 1 23
1 96 68 76 65 77 2 24
0 15 46 4 36 4 3 25
0 128 56 29 62 20 3 26
0 79 32 48 34 19 3 27
1 80 67 41 65 40 2 28
0 69 50 53 48 55 3 29
1 27 60 17 61 15 2 30
0 73 58 46 61 43 3 31
1 102 45 16 52 19 5 32
1 69 29 54 29 47 1 33
1 92 57 19 56 11 2 34
1 39 55 43 59 37 1 35
1 112 51 30 49 28 5 36
0 57 98 22 98 25 3 37
0 56 7 43 6 70 3 38
1 130 60 49 57 58 1 39
1 105 57 19 52 19 3 40
0 28 46 4 43 4 3 41
0 59 45 61 45 54 3 42
0 120 52 49 51 47 3 43
1 57 98 19 98 22 1 44
0 67 5 67 6 65 3 45
1 80 66 38 63 46 1 46
0 102 63 31 60 37 3 47
1 66 47 29 44 37 1 48
0 74 47 2 57 0 3 49
0 1 45 19 40 17 3 50
1 103 53 76 51 77 2 51
0 86 47 55 47 50 4 52
1 99 66 93 64 96 6 53
0 128 56 24 53 29 3 54
0 48 91 42 91 34 4 55
1 79 55 21 60 19 2 56
0 128 59 38 54 34 3 57
1 78 59 41 54 42 1 58
0 27 60 52 58 49 3 59
1 68 56 38 55 40 2 60
1 41 44 56 43 60 1 61
0 48 98 22 98 18 3 62
1 46 53 57 57 54 5 63
1 134 66 74 69 73 1 64
1 23 47 3 30 4 3 65
0 10 32 49 30 51 3 66
1 118 57 17 62 17 1 67
1 0 54 36 57 39 1 68
1 57 98 11 98 20 1 69
1 64 6 41 8 46 1 70
0 47 55 40 54 42 3 71
0 96 5 68 5 72 3 72
0 29 48 38 49 61 3 73
0 25 62 22 63 26 3 74
1 26 61 41 72 29 1 75
1 41 51 52 44 63 3 76
0 132 56 47 59 44 5 77
1 46 52 75 71 69 2 78
1 56 88 3 81 2 6 79
1 7 49 53 53 52 1 80
1 40 56 80 50 81 4 81
1 63 69 70 72 73 1 82
1 52 40 35 38 38 3 83
1 119 69 25 69 35 1 84
0 78 54 40 55 38 3 85
1 4 50 60 57 48 1 86
0 90 48 55 48 67 3 87
1 85 64 44 58 65 1 88
1 112 47 72 44 78 2 89
1 58 31 48 32 45 1 90
0 97 30 45 31 41 3 91
0 133 54 58 58 58 3 92
0 68 64 29 59 36 3 93
1 94 31 55 32 52 2 94
1 111 54 80 51 80 3 95
0 141 53 27 55 32 3 96
0 26 67 40 68 38 3 97
1 79 70 35 66 33 2 98
0 116 58 39 57 34 3 99
0 128 40 12 38 14 3 100
1 97 56 46 52 42 1 101
1 11 28 58 30 52 1 102
0 8 60 17 56 21 3 103
0 35 42 22 46 25 4 104
0 41 60 37 53 36 3 105
1 72 98 20 98 17 1 106
0 131 98 19 98 16 3 107
1 102 53 46 40 45 1 108
1 102 79 6 77 5 1 109
0 95 48 3 45 3 3 110
0 56 55 38 50 44 3 111
0 97 6 32 6 28 3 112
1 51 82 6 79 7 1 113
1 121 64 82 87 53 1 114
1 95 36 13 42 12 4 115
0 111 6 38 6 34 3 116
1 80 59 32 50 43 1 117
0 116 53 17 50 18 3 118
0 109 52 77 50 78 6 119
0 141 60 51 57 59 3 120
1 43 87 2 86 0 1 121
1 119 59 26 55 33 4 122
1 133 55 80 50 81 1 123
0 142 49 52 50 36 3 124
0 47 52 24 53 27 3 125
0 96 30 46 35 40 3 126
0 118 58 18 53 19 3 127
0 93 88 92 86 94 3 128
0 102 46 20 49 19 5 129
0 129 51 37 34 54 3 130
1 133 47 19 40 18 1 131
0 135 39 38 28 36 3 132
0 24 44 18 63 50 3 133
0 66 45 22 49 23 3 134
0 26 55 39 55 42 3 135
1 48 51 53 48 59 1 136
0 71 86 92 89 92 4 137
1 3 68 33 59 45 1 138
0 143 61 27 55 32 3 139
1 71 87 93 86 95 1 140
1 33 6 66 6 63 1 141
1 98 46 59 44 66 1 142
1 134 31 49 29 30 1 143
1 19 64 26 57 27 1 144
1 115 55 65 57 58 1 145
1 56 31 45 28 44 1 146
1 8 58 17 50 18 1 147
1 82 58 39 43 62 1 148
0 19 69 74 71 71 5 149
1 54 59 45 58 47 1 150
1 102 56 79 54 80 1 151
1 44 71 74 56 73 1 152
0 30 54 41 57 38 3 153
0 16 47 44 48 50 3 154
0 31 39 2 50 2 3 155
1 67 53 81 55 80 1 156
0 102 47 70 54 45 3 157
0 22 45 51 41 54 3 158
1 66 6 52 2 39 2 159
0 95 39 2 50 2 3 160
0 36 46 54 48 55 3 161
0 142 60 25 55 28 3 162
0 20 46 43 47 45 3 163
1 50 67 43 50 46 1 164
1 57 98 13 98 21 2 165
0 57 57 27 59 12 3 166
1 107 59 45 57 39 1 167
0 57 98 16 98 20 3 168
1 74 47 19 49 21 1 169
0 46 53 17 46 20 3 170
0 122 56 34 58 41 3 171
1 58 51 63 57 49 1 172
0 125 53 44 49 54 3 173
0 78 57 80 50 81 3 174
0 143 57 61 60 48 3 175
1 31 67 72 71 74 2 176
1 121 42 57 39 62 4 177
0 116 61 32 62 34 3 178
0 23 54 45 53 42 3 179
1 98 58 74 57 76 1 180
0 11 52 60 20 95 3 181
1 79 27 45 28 47 1 182
0 132 65 44 63 46 3 183
0 20 63 43 56 52 3 184
0 126 49 52 53 48 3 185
0 56 50 63 48 65 3 186
1 82 53 42 60 38 1 187
0 35 48 34 51 26 3 188
1 135 90 40 90 49 2 189
0 24 98 12 98 9 3 190
0 142 30 46 32 44 3 191
1 135 86 2 84 4 1 192
0 129 65 93 62 94 3 193
1 113 58 25 54 30 1 194
0 121 49 33 50 29 3 195
1 50 50 33 60 30 1 196
1 7 56 19 50 26 1 197
0 108 43 4 46 4 3 198
1 57 55 42 52 49 1 199
0 136 57 40 55 42 3 200
0 13 62 30 71 28 3 201
1 108 90 44 91 33 2 202
1 74 52 77 49 78 5 203
0 85 31 55 8 26 3 204
1 133 31 45 29 51 1 205
0 85 58 48 38 40 4 206
1 117 51 52 52 54 6 207
1 83 58 37 51 40 1 208
0 92 63 16 60 15 3 209
1 9 53 47 51 57 1 210
0 90 47 54 50 52 3 211
0 51 29 54 31 49 3 212
0 65 59 26 58 29 3 213
0 64 50 40 49 42 3 214
1 84 52 53 47 20 3 215
0 7 64 43 69 40 3 216
0 136 59 35 95 29 3 217
1 52 50 48 39 70 1 218
0 125 57 29 52 34 3 219
1 48 31 45 34 44 2 220
1 93 91 30 90 36 6 221
0 35 53 24 50 29 3 222
1 87 55 42 61 35 1 223
0 4 43 12 40 11 3 224
0 74 44 21 48 21 3 225
1 42 43 36 40 38 1 226
1 134 52 33 49 30 1 227
1 14 45 53 31 55 6 228
1 75 54 52 32 22 1 229
0 112 53 51 52 43 3 230
0 46 26 50 31 43 3 231
0 54 59 37 61 40 3 232
1 58 58 45 57 37 5 233
1 112 60 39 55 40 1 234
0 111 52 45 54 42 3 235
1 19 73 67 69 68 2 236
1 138 62 31 33 43 1 237
0 102 6 32 5 47 5 238
1 93 92 32 91 29 1 239
0 87 58 38 47 32 3 240
0 57 60 34 56 28 3 241
0 66 7 29 6 55 6 242
1 132 6 34 5 39 1 243
0 95 91 34 92 29 3 244
1 51 41 4 47 4 5 245
1 78 40 48 33 43 5 246
1 90 58 25 59 27 1 247
1 0 44 11 38 13 5 248
1 60 53 49 50 48 1 249
1 0 42 12 44 11 2 250
0 63 53 77 56 78 6 251
1 46 58 2 61 1 1 252
0 53 57 34 52 34 3 253
0 14 55 21 53 37 3 254
1 141 62 24 58 27 2 255
1 116 48 19 34 26 1 256
0 94 40 37 36 47 4 257
1 60 37 85 39 89 6 258
1 120 81 5 78 7 5 259
1 134 78 4 83 4 2 260
0 92 51 51 54 49 3 261
1 60 58 52 56 47 1 262
1 93 6 26 5 23 1 263
0 79 32 52 32 48 3 264
1 33 48 16 49 19 5 265
1 77 46 57 43 63 3 266
0 24 47 20 33 18 3 267
1 124 6 65 5 73 3 268
0 67 6 63 4 62 6 269
0 29 65 50 66 44 3 270
1 137 30 52 29 54 1 271
0 133 70 72 67 73 3 272
0 59 6 31 6 34 3 273
1 13 58 46 56 39 1 274
1 22 58 66 60 64 1 275
0 9 86 3 90 1 3 276
1 134 73 32 65 45 1 277
1 54 60 49 62 26 1 278
0 113 54 38 55 49 3 279
1 87 42 80 44 78 2 280
0 86 46 22 53 17 3 281
1 95 37 55 45 50 1 282
0 115 11 60 47 71 6 283
1 63 6 35 6 30 1 284
0 56 46 61 49 54 3 285
0 8 62 42 58 48 4 286
1 112 51 41 57 39 2 287
1 4 68 33 62 29 1 288
1 111 51 49 54 52 1 289
1 132 69 42 61 40 1 290
0 65 59 38 58 46 3 291
0 110 49 48 52 46 3 292
1 38 47 49 21 19 1 293
1 112 87 3 86 5 6 294
0 120 37 75 40 77 3 295
0 39 44 34 46 32 3 296
0 143 66 47 56 61 5 297
0 23 6 66 5 59 3 298
0 4 48 62 46 68 3 299
1 27 6 49 7 47 2 300
1 28 61 38 63 29 1 301
1 22 30 54 32 51 4 302
0 117 56 39 58 36 3 303
1 46 48 16 53 17 5 304
0 116 66 1 60 1 3 305
1 79 44 24 29 35 5 306
0 14 56 40 62 36 3 307
1 115 88 93 78 90 2 308
1 121 37 28 43 23 1 309
0 82 52 57 53 55 6 310
0 104 55 48 57 45 3 311
1 19 59 17 50 16 4 312
0 38 43 39 42 34 3 313
1 74 6 33 6 29 4 314
1 53 54 19 58 18 1 315
0 79 45 31 33 41 3 316
1 96 41 13 43 12 1 317
1 117 56 44 54 45 1 318
1 128 61 30 53 41 6 319
1 16 54 80 46 82 1 320
1 141 54 39 53 42 1 321
1 143 47 21 49 19 2 322
1 116 47 20 43 19 1 323
0 53 48 47 47 44 3 324
0 96 53 49 48 50 3 325
1 93 56 80 51 80 2 326
0 96 54 53 49 56 3 327
1 38 43 2 51 2 1 328
1 32 55 52 58 45 1 329
1 104 51 47 56 41 1 330
1 67 40 13 37 14 3 331
0 57 59 43 59 37 3 332
1 84 27 58 33 46 1 333
0 128 52 36 49 37 3 334
1 128 57 28 59 26 1 335
0 72 48 55 54 49 5 336
1 13 66 42 66 38 1 337
1 8 56 35 49 36 1 338
1 56 54 40 56 42 1 339
1 74 46 2 17 1 1 340
0 64 50 35 60 29 3 341
1 83 58 37 53 40 1 342
0 116 47 20 41 20 5 343
0 92 6 34 7 47 3 344
0 18 67 40 65 49 3 345
1 44 59 22 53 21 1 346
0 122 32 48 30 49 3 347
0 25 60 25 55 33 3 348
0 33 49 20 53 18 3 349
1 24 59 32 62 24 1 350
0 72 55 31 58 27 3 351
0 128 61 31 67 37 3 352
0 40 6 66 5 69 3 353
0 65 56 53 54 56 5 354
1 140 68 35 59 38 1 355
1 88 6 53 6 50 1 356
1 120 59 54 55 57 1 357
0 6 66 41 64 43 3 358
1 39 52 80 55 80 4 359
0 23 31 46 27 36 3 360
1 128 87 3 85 5 1 361
1 12 57 55 51 71 1 362
0 31 56 41 60 32 3 363
0 130 61 61 65 41 3 364
0 85 28 50 25 52 3 365
1 69 49 3 46 4 3 366
0 65 41 34 43 39 3 367
1 92 52 61 42 93 1 368
1 130 53 34 58 31 1 369
1 11 30 45 28 48 1 370
0 0 50 3 19 3 3 371
1 53 64 16 62 17 1 372
1 86 52 42 56 18 1 373
1 96 41 45 49 50 1 374
1 13 49 81 55 81 3 375
1 134 54 45 53 42 1 376
0 66 46 58 47 52 3 377
1 28 86 94 85 92 5 378
0 74 58 76 60 73 3 379
1 112 38 13 40 12 1 380
1 62 44 51 43 58 2 381
0 90 64 43 68 33 3 382
1 140 42 19 36 20 2 383
1 124 32 57 37 71 1 384
0 126 50 50 52 56 3 385
0 140 62 36 61 31 3 386
1 115 63 27 53 52 5 387
0 73 43 66 61 42 3 388
0 2 5 65 5 71 3 389
1 64 29 49 30 47 1 390
1 95 70 72 98 64 1 391
1 124 44 55 42 58 2 392
1 120 61 19 58 19 1 393
0 12 51 54 59 40 3 394
1 70 70 73 72 68 5 395
1 87 46 45 23 20 1 396
1 64 40 11 42 12 5 397
0 64 36 13 41 12 5 398
1 120 98 16 98 13 1 399
1 102 6 36 6 31 1 400
1 88 58 56 41 55 1 401
0 0 62 35 55 44 3 402
1 27 6 65 9 55 1 403
1 104 45 2 49 2 1 404
1 52 72 37 70 32 5 405
0 17 7 39 4 48 3 406
0 24 42 48 44 44 3 407
0 93 57 70 56 74 3 408
0 1 41 2 46 2 3 409
0 87 50 56 45 60 3 410
0 65 28 58 31 51 3 411
0 16 54 25 53 27 3 412
1 126 53 81 56 76 1 413
1 62 56 2 51 1 1 414
0 93 56 29 54 31 3 415
1 104 56 35 54 34 1 416
1 9 55 27 52 29 4 417
1 119 61 51 51 73 1 418
0 83 59 31 59 34 5 419
0 52 59 35 63 36 4 420
0 7 6 40 6 55 3 421
0 87 44 61 48 35 3 422
0 116 47 20 29 23 3 423
1 46 65 94 67 92 1 424
0 91 6 31 6 36 3 425
0 140 55 26 56 29 3 426
0 89 60 25 52 19 3 427
0 125 55 43 51 31 6 428
0 128 54 39 52 41 3 429
0 71 45 2 43 3 3 430
1 48 56 37 57 35 1 431
0 16 69 76 67 73 3 432
1 130 55 80 52 81 1 433
0 80 46 3 42 4 3 434
0 80 56 73 54 79 3 435
1 92 59 33 63 25 3 436
1 71 89 93 85 94 1 437
0 88 57 53 59 56 3 438
1 49 80 3 78 4 1 439
0 80 46 4 42 4 3 440
1 117 55 44 55 49 1 441
1 80 29 53 21 68 1 442
1 104 31 50 29 53 1 443
1 134 52 75 48 74 2 444
1 38 49 2 43 2 1 445
1 58 64 77 65 75 1 446
1 11 82 4 80 5 1 447
0 46 6 34 6 29 3 448
0 130 5 44 6 37 3 449
0 67 43 47 50 54 3 450
0 76 67 92 64 92 3 451
0 138 40 11 17 11 3 452
0 88 53 40 55 38 5 453
0 13 58 58 55 52 3 454
0 92 67 49 69 38 3 455
0 44 31 78 26 89 3 456
1 30 54 39 53 32 2 457
0 103 54 37 54 40 3 458
0 108 62 1 58 1 3 459
1 65 31 50 32 43 1 460
0 65 60 35 58 39 3 461
0 8 98 21 98 17 3 462
0 87 56 33 44 52 3 463
0 84 40 12 35 13 3 464
0 114 63 1 54 2 3 465
0 29 60 32 58 35 3 466
1 45 48 61 49 64 2 467
1 87 52 52 55 44 1 468
0 102 41 20 49 19 3 469
0 33 48 21 43 23 3 470
1 14 98 17 98 14 1 471
1 0 57 44 52 47 2 472
0 81 46 44 45 49 3 473
1 132 54 76 58 72 5 474
0 22 53 41 53 44 4 475
0 71 42 3 45 2 3 476
1 80 37 3 40 4 5 477
1 107 29 54 27 61 1 478
0 52 7 47 6 58 3 479
1 76 57 29 59 25 2 480
1 32 25 12 28 12 1 481
1 66 87 4 85 5 1 482
1 61 38 41 41 36 1 483
0 9 54 40 56 39 3 484
1 120 53 77 54 79 4 485
1 97 61 40 52 19 1 486
1 101 65 33 58 36 1 487
0 98 46 2 50 2 3 488
0 96 52 19 50 18 3 489
0 75 59 44 61 34 3 490
0 37 68 73 59 82 3 491
1 139 67 79 65 76 1 492
0 7 27 60 30 61 3 493
0 98 60 18 62 17 3 494
1 105 66 43 43 35 3 495
0 28 43 33 44 31 3 496
0 108 90 36 91 31 5 497
0 130 57 48 60 51 3 498
0 25 48 42 42 63 5 499
1 28 56 63 56 47 4 500
1 48 30 47 26 50 1 501
0 9 59 36 48 55 3 502
1 14 56 34 51 33 6 503
0 42 55 43 56 48 3 504
1 100 86 4 82 3 1 505
0 14 52 49 52 45 3 506
0 39 52 37 51 52 3 507
0 102 39 39 40 37 3 508
1 23 54 32 52 33 2 509
0 0 49 48 51 46 5 510
1 0 63 32 60 31 1 511
1 17 47 4 40 4 5 512
1 33 92 25 89 25 4 513
1 38 58 34 52 40 1 514
0 116 58 26 57 28 3 515
0 102 62 32 39 36 3 516
0 66 39 37 41 42 3 517
0 73 56 76 48 83 3 518
0 40 42 60 32 57 4 519
1 54 6 65 5 67 1 520
0 74 56 63 59 49 3 521
0 72 50 52 43 63 3 522
1 117 56 41 57 48 1 523
1 68 46 3 44 2 1 524
0 129 69 34 61 51 3 525
0 130 52 46 53 66 3 526
0 12 61 1 65 1 3 527
0 111 6 39 6 42 6 528
0 115 61 74 59 75 3 529
0 102 50 20 39 26 3 530
0 134 71 70 68 72 3 531
1 71 40 12 43 12 1 532
0 137 49 50 52 48 3 533
1 6 30 51 21 19 1 534
1 81 55 22 52 27 1 535
0 58 69 6 82 5 3 536
1 18 91 36 91 33 2 537
1 40 6 66 5 70 2 538
1 9 60 36 58 34 1 539
1 16 36 15 38 14 1 540
0 29 64 1 58 1 3 541
0 141 54 59 55 49 3 542
1 126 59 54 56 55 1 543
0 119 70 43 69 46 3 544
0 137 29 58 29 54 6 545
0 130 47 50 58 36 3 546
0 130 66 52 65 43 3 547
0 47 70 70 70 67 3 548
0 60 56 51 49 70 5 549
0 45 53 80 57 80 3 550
1 87 47 49 48 52 5 551
0 141 59 23 58 27 5 552
1 77 69 33 66 34 3 553
1 17 32 45 30 43 1 554
0 126 47 4 44 4 3 555
1 24 56 40 53 29 2 556
1 37 52 50 44 52 2 557
0 38 60 23 54 30 3 558
0 134 98 14 98 25 3 559
1 132 55 64 53 56 1 560
0 78 6 44 5 50 3 561
1 84 63 1 60 2 1 562
1 3 46 59 47 50 4 563
1 112 36 13 39 14 1 564
0 141 61 48 49 48 3 565
1 117 53 46 57 48 1 566
0 111 70 23 69 27 3 567
1 74 81 4 78 2 1 568
0 97 55 27 53 25 3 569
0 79 21 30 45 33 3 570
1 89 57 17 54 16 1 571
1 32 52 49 56 44 1 572
0 112 43 13 39 12 3 573
0 64 31 42 27 52 3 574
1 34 6 51 2 17 3 575
1 5 58 37 37 49 1 576
0 54 6 28 5 40 3 577
0 44 56 29 54 32 3 578
1 39 68 38 67 40 1 579
1 25 47 25 53 23 4 580
0 139 61 39 56 38 3 581
1 95 64 44 69 34 1 582
0 89 56 26 58 30 3 583
0 139 69 37 69 40 3 584
1 0 60 41 61 44 1 585
1 111 51 48 47 62 1 586
0 100 98 17 98 21 5 587
0 101 59 43 57 41 3 588
0 128 29 48 32 44 5 589
0 73 53 45 58 44 3 590
1 92 70 42 70 39 6 591
0 62 65 1 62 1 3 592
0 112 58 18 51 20 3 593
0 118 60 29 58 39 3 594
0 44 52 44 48 41 3 595
0 93 58 48 61 41 3 596
1 20 61 32 67 33 1 597
0 23 91 27 92 29 3 598
1 58 69 69 70 72 1 599
0 95 70 34 61 59 3 600
0 101 56 35 57 38 3 601
1 13 67 33 48 35 1 602
0 9 87 90 89 91 3 603
1 132 63 45 62 40 1 604
1 65 54 44 58 37 1 605
1 129 47 46 43 65 4 606
1 116 67 43 60 43 1 607
1 105 60 33 62 35 2 608
0 80 33 43 30 37 6 609
1 134 62 72 70 72 1 610
1 123 66 75 71 70 4 611
1 46 44 35 43 30 1 612
1 130 55 33 57 48 1 613
0 98 53 32 54 30 3 614
0 135 6 65 5 67 3 615
0 85 56 40 25 43 3 616
0 48 55 44 52 49 3 617
0 43 87 3 84 4 3 618
1 57 60 71 67 74 1 619
1 40 41 4 45 4 1 620
1 79 42 59 40 48 1 621
0 121 70 37 71 23 3 622
0 67 68 46 66 47 3 623
1 105 51 48 37 50 3 624
1 136 6 56 7 51 5 625
0 68 41 4 45 4 3 626
0 124 61 45 69 18 3 627
0 99 59 45 53 42 3 628
1 99 71 37 68 45 1 629
0 4 82 6 70 6 3 630
0 87 36 2 54 2 3 631
0 132 61 69 55 72 3 632
1 94 69 32 64 42 2 633
0 92 60 44 55 52 3 634
0 53 56 28 61 27 3 635
0 21 46 60 46 51 3 636
1 129 59 77 31 78 1 637
1 135 42 42 41 38 1 638
0 26 37 59 51 49 3 639
1 16 57 34 53 33 1 640
0 57 41 4 46 4 3 641
1 40 98 22 98 16 2 642
1 82 48 53 55 43 4 643
0 128 42 13 40 14 5 644
1 121 40 38 32 34 1 645
1 34 56 80 53 80 2 646
1 133 56 34 57 37 1 647
0 142 47 2 53 1 3 648
1 87 53 45 48 58 3 649
1 25 51 39 54 38 1 650
0 51 32 46 30 51 3 651
0 85 70 70 69 68 3 652
1 99 51 31 48 34 1 653
1 23 56 28 54 31 1 654
1 30 87 3 85 4 3 655
0 59 38 46 24 35 3 656
1 13 67 40 70 43 5 657
1 103 56 37 53 46 1 658
1 113 56 41 55 46 1 659
1 141 98 22 98 25 2 660
0 132 64 31 58 44 3 661
1 102 48 39 55 62 1 662
1 114 30 44 33 42 1 663
1 78 91 35 90 38 1 664
0 50 49 44 47 41 3 665
0 39 67 41 67 49 3 666
1 39 65 75 70 69 2 667
0 39 98 24 98 21 3 668
0 96 53 40 48 39 3 669
1 76 71 37 66 31 3 670
1 19 61 31 64 32 1 671
1 6 69 72 67 74 1 672
1 1 67 93 65 92 1 673
1 115 61 38 61 29 1 674
0 134 68 73 40 58 3 675
1 79 56 74 59 73 1 676
1 142 46 4 42 2 1 677
1 15 55 41 59 34 2 678
1 126 52 56 54 53 1 679
0 74 48 16 47 18 3 680
0 5 49 20 48 15 3 681
1 24 57 80 54 80 1 682
0 117 57 38 53 43 3 683
1 86 53 50 61 39 1 684
1 27 6 65 5 69 1 685
0 56 46 3 45 1 3 686
1 107 46 41 41 37 3 687
0 143 98 25 98 21 3 688
1 66 32 44 21 49 1 689
1 110 48 2 45 2 4 690
1 96 29 49 31 44 1 691
1 85 98 16 98 21 1 692
1 136 67 38 68 36 1 693
0 125 47 31 50 28 3 694
0 68 53 33 49 36 3 695
1 6 51 32 52 26 1 696
1 0 40 11 44 11 1 697
0 123 62 31 34 31 3 698
1 0 53 41 49 45 1 699
1 68 56 50 42 74 1 700
0 132 46 48 48 45 3 701
1 143 49 20 46 20 3 702
0 143 32 78 57 75 6 703
1 0 32 45 33 41 2 704
0 131 61 17 59 18 3 705
1 105 63 48 85 66 1 706
0 41 51 54 49 49 3 707
1 35 47 34 53 27 1 708
1 9 58 38 56 42 1 709
0 28 67 93 65 94 3 710
0 0 43 11 42 13 3 711
0 8 26 25 47 53 3 712
0 41 53 43 52 34 3 713
0 94 30 54 28 42 3 714
1 111 5 36 4 30 1 715
0 126 62 39 56 43 3 716
1 83 52 56 55 55 2 717
1 25 59 44 55 41 1 718
1 125 13 0 47 2 1 719
0 130 6 29 6 43 3 720
0 88 52 19 45 18 3 721
0 126 30 14 60 30 3 722
1 94 6 63 5 66 1 723
1 126 46 3 37 4 1 724
0 95 58 18 61 18 3 725
1 48 59 38 48 39 1 726
1 39 73 66 66 73 1 727
0 130 89 35 88 30 3 728
1 15 53 45 53 49 3 729
1 22 28 49 26 51 2 730
1 73 61 17 56 18 1 731
1 0 58 44 62 40 3 732
0 30 51 32 55 34 3 733
1 139 50 35 48 53 1 734
0 112 49 28 51 26 3 735
1 43 61 46 62 42 1 736
0 90 49 20 47 22 3 737
0 51 46 3 40 4 5 738
0 139 6 35 6 26 3 739
0 100 56 80 53 81 3 740
0 59 67 92 66 94 4 741
1 78 67 47 65 51 1 742
0 121 51 60 52 58 3 743
1 11 81 2 79 3 2 744
0 66 6 60 6 65 3 745
1 106 50 41 47 44 2 746
0 88 56 39 45 43 3 747
1 24 62 47 64 44 1 748
0 130 5 36 5 55 6 749
1 139 48 51 46 65 2 750
1 16 37 14 34 14 1 751
0 116 57 60 45 60 3 752
0 43 62 30 62 33 3 753
1 143 55 28 57 17 1 754
1 104 85 4 87 3 1 755
1 130 43 21 43 24 2 756
0 135 5 68 5 57 3 757
0 93 90 37 91 33 3 758
0 136 56 37 51 40 6 759
1 117 49 48 49 52 2 760
1 132 42 18 64 33 1 761
0 45 56 38 54 50 3 762
0 23 81 4 80 6 5 763
1 43 98 20 98 7 1 764
0 8 59 38 59 41 3 765
0 108 91 30 92 24 3 766
1 10 60 26 56 58 1 767
0 53 57 35 55 51 3 768
1 32 28 47 27 50 1 769
0 72 55 23 51 26 3 770
1 66 47 31 52 30 2 771
1 84 62 19 51 21 2 772
0 23 55 80 56 78 5 773
0 143 34 44 34 39 3 774
1 43 53 43 51 55 2 775
1 55 43 18 50 18 3 776
0 80 42 72 43 78 3 777
0 19 59 23 55 26 3 778
0 3 54 27 65 27 3 779
0 64 57 39 63 41 3 780
1 52 42 2 46 2 1 781
1 54 64 29 60 37 3 782
0 49 6 48 6 53 3 783
1 57 6 55 6 52 2 784
0 102 6 36 6 33 5 785
0 72 27 25 23 47 3 786
0 128 51 34 56 28 5 787
1 112 42 11 40 12 1 788
0 72 64 41 67 41 3 789
1 53 55 30 58 31 5 790
0 139 6 30 6 37 5 791
1 25 46 48 47 52 1 792
1 44 46 61 44 65 4 793
1 98 30 45 33 48 1 794
1 64 31 50 26 50 2 795
0 99 59 17 54 21 3 796
0 68 42 35 57 33 3 797
1 65 98 18 98 25 2 798
1 7 31 56 33 47 5 799
0 17 64 1 58 2 3 800
1 19 49 55 22 46 1 801
0 97 55 74 58 75 3 802
0 121 27 59 31 44 3 803
0 79 40 34 40 44 5 804
1 53 55 49 52 51 1 805
0 29 86 5 87 3 3 806
0 34 49 52 52 55 3 807
0 33 55 39 57 37 3 808
1 34 92 28 92 33 1 809
1 88 53 58 56 51 1 810
0 117 61 33 58 37 3 811
0 64 62 22 58 26 3 812
1 117 51 25 48 14 1 813
1 39 27 60 31 59 2 814
0 140 60 34 43 66 5 815
1 32 58 49 54 55 2 816
0 53 64 93 62 92 3 817
1 80 41 4 46 4 2 818
1 128 53 40 56 41 5 819
0 111 6 35 6 40 5 820
1 85 68 43 60 57 2 821
1 86 61 35 63 36 1 822
1 118 64 2 62 1 2 823
1 143 32 47 30 46 6 824
0 38 57 29 60 15 3 825
1 23 47 49 44 67 1 826
0 48 43 12 41 11 3 827
1 89 65 50 65 55 2 828
1 32 56 40 62 30 1 829
1 43 87 3 85 5 5 830
1 68 68 33 70 34 4 831
0 15 90 47 92 27 3 832
0 143 51 64 53 67 3 833
0 113 50 35 54 30 3 834
1 5 46 20 53 17 2 835
0 79 19 58 34 44 4 836
0 79 57 40 53 40 4 837
0 72 98 22 98 19 4 838
1 78 61 22 54 30 3 839
1 38 46 30 44 38 1 840
1 120 46 3 44 4 5 841
0 11 55 77 58 75 5 842
1 84 87 93 86 95 1 843
1 121 69 74 72 74 1 844
0 143 68 35 68 40 4 845
1 77 55 28 52 25 2 846
1 97 66 44 67 32 1 847
0 109 6 37 6 40 3 848
0 78 58 47 59 43 3 849
1 102 58 38 61 37 1 850
0 107 66 1 57 1 3 851
1 0 33 42 22 39 1 852
1 128 62 24 58 33 1 853
0 45 55 43 54 45 3 854
0 124 67 41 64 47 3 855
0 19 67 72 52 75 5 856
0 55 42 60 37 64 3 857
1 103 45 20 51 18 1 858
1 5 49 49 57 40 2 859
1 88 52 46 54 48 1 860
1 57 98 12 98 15 1 861
1 116 61 28 62 25 1 862
1 130 57 46 56 43 4 863
0 132 55 47 49 34 3 864
1 92 98 21 98 18 1 865
1 48 54 40 48 34 1 866
1 58 61 29 57 28 2 867
0 8 52 27 54 24 3 868
0 108 55 2 63 1 3 869
1 27 5 63 5 67 5 870
0 28 57 74 62 68 3 871
0 69 55 80 51 81 3 872
0 5 60 50 57 54 3 873
1 132 74 30 61 60 1 874
0 69 53 41 54 44 3 875
0 61 49 3 46 3 3 876
0 88 55 57 56 55 3 877
0 80 27 50 31 44 3 878
0 109 32 78 60 74 5 879
0 14 51 47 49 50 5 880
1 2 47 54 43 64 1 881
0 46 49 16 45 21 6 882
1 21 54 37 53 35 2 883
1 132 71 39 70 42 2 884
0 18 91 41 90 45 3 885
0 126 49 43 54 31 3 886
1 134 54 38 48 39 2 887
1 66 46 64 45 61 4 888
1 96 43 10 40 12 1 889
0 8 54 32 52 33 5 890
0 3 61 30 59 36 3 891
0 107 41 38 39 37 6 892
0 72 61 17 64 16 3 893
0 49 43 32 38 40 3 894
1 21 88 93 86 94 5 895
0 32 80 5 82 4 5 896
1 88 77 6 69 6 1 897
0 0 98 11 98 14 5 898
0 72 43 65 44 62 3 899
0 91 39 12 42 12 3 900
1 91 53 50 54 44 2 901
0 111 52 41 44 48 3 902
1 128 55 30 37 31 6 903
0 35 49 76 54 68 3 904
0 72 56 52 59 50 3 905
0 15 73 32 68 36 3 906
1 109 65 93 63 97 1 907
1 66 69 44 73 31 1 908
0 111 54 40 58 37 3 909
0 105 55 73 58 75 3 910
0 31 48 2 27 2 3 911
1 96 48 50 55 41 1 912
0 31 57 1 55 2 3 913
1 137 69 35 67 38 1 914
0 72 51 37 48 36 3 915
1 17 98 18 98 22 1 916
0 22 44 53 34 80 3 917
1 93 44 34 45 27 2 918
1 110 44 38 44 33 1 919
0 23 70 39 43 31 3 920
1 57 46 4 53 4 2 921
1 48 58 39 43 40 1 922
1 140 64 76 62 84 1 923
1 5 58 50 57 53 6 924
0 116 47 37 45 27 3 925
0 103 58 78 68 83 5 926
1 13 50 25 55 23 1 927
0 19 52 46 54 44 3 928
0 74 40 37 42 38 3 929
0 44 65 27 60 43 3 930
1 118 54 19 57 18 2 931
0 116 65 26 61 28 6 932
0 108 30 54 29 52 3 933
0 4 50 33 55 26 3 934
0 106 50 44 54 41 3 935
0 34 58 41 53 45 3 936
1 132 17 15 60 27 1 937
1 109 65 38 54 39 5 938
0 134 56 43 59 39 3 939
1 39 70 35 70 44 2 940
0 98 60 25 56 30 3 941
1 23 70 6 64 3 6 942
0 95 51 2 46 2 3 943
0 128 86 94 88 93 3 944
1 117 51 53 49 57 3 945
0 17 50 2 27 3 3 946
1 65 48 20 51 18 1 947
1 15 54 41 50 51 1 948
1 79 69 46 64 44 6 949
0 23 47 46 48 40 3 950
0 91 92 25 92 33 3 951
1 78 90 43 92 34 5 952
0 80 54 39 57 38 5 953
1 67 51 53 47 58 2 954
1 78 44 24 41 43 4 955
1 56 48 52 35 51 1 956
1 42 43 35 15 47 2 957
0 64 56 80 51 80 3 958
0 135 47 4 36 4 3 959
0 4 47 31 22 16 6 960
0 66 68 46 65 43 3 961
0 68 51 2 45 2 3 962
0 81 65 1 60 2 4 963
0 93 41 65 44 52 3 964
1 97 90 36 92 32 2 965
1 63 92 31 92 28 1 966
1 141 62 38 61 49 1 967
0 109 54 77 58 75 5 968
1 5 63 52 67 47 1 969
1 81 66 42 66 38 1 970
1 120 42 56 41 64 4 971
1 7 87 92 89 93 1 972
0 100 55 80 52 80 3 973
0 39 61 31 61 36 3 974
0 13 47 56 43 55 3 975
0 91 55 39 47 39 3 976
1 31 30 52 27 59 1 977
0 102 58 26 60 27 3 978
1 124 61 37 61 31 1 979
0 62 57 2 59 1 3 980
1 8 62 38 60 36 1 981
0 53 42 19 51 20 5 982
1 25 70 75 68 77 1 983
1 104 54 51 54 40 2 984
0 100 6 49 6 30 3 985
0 76 67 35 66 37 3 986
1 83 52 18 50 19 3 987
1 13 89 93 86 92 1 988
0 52 92 32 92 19 3 989
0 49 56 18 60 19 3 990
1 54 67 93 65 92 2 991
0 45 64 45 67 38 3 992
0 36 66 37 68 32 6 993
1 118 58 54 58 47 1 994
1 108 69 32 61 59 1 995
0 124 43 58 45 53 3 996
0 74 55 72 57 75 3 997
1 93 78 90 81 92 1 998
1 51 37 15 33 16 4 999
0 100 53 26 50 33 3 1000
1 12 60 26 55 31 1 1001
0 132 88 4 88 14 6 1002
0 44 55 41 46 42 3 1003
1 132 67 50 64 45 1 1004
0 114 6 33 6 28 3 1005
1 88 47 21 49 19 5 1006
0 78 58 52 62 44 3 1007
0 117 52 50 48 53 3 1008
0 27 53 46 35 42 4 1009
1 15 88 93 85 94 1 1010
1 63 92 25 92 29 1 1011
1 0 40 12 37 13 5 1012
0 126 6 59 5 56 3 1013
0 97 50 50 51 58 5 1014
1 90 52 70 57 59 3 1015
1 36 70 33 67 50 1 1016
1 71 58 52 57 48 1 1017
0 63 49 50 52 46 3 1018
1 80 57 35 61 32 1 1019
0 120 48 78 52 77 3 1020
1 42 56 42 43 65 1 1021
1 57 55 49 53 53 1 1022
1 59 31 46 27 60 1 1023
1 47 6 18 6 27 1 1024
0 115 62 14 70 36 3 1025
1 41 49 19 41 20 1 1026
1 50 51 25 52 27 1 1027
0 112 40 12 39 10 3 1028
1 71 6 49 7 47 1 1029
1 88 48 70 30 95 1 1030
0 115 45 54 46 45 3 1031
1 112 51 48 51 41 1 1032
0 52 50 47 55 42 3 1033
0 91 55 74 57 75 3 1034
1 138 33 45 27 44 2 1035
0 26 46 75 47 72 3 1036
0 105 52 47 53 49 3 1037
1 50 58 59 54 67 1 1038
1 12 68 39 62 52 6 1039
0 86 52 45 46 57 3 1040
0 139 57 20 52 20 3 1041
1 91 66 43 68 41 1 1042
0 124 91 32 92 29 3 1043
1 130 61 42 56 52 1 1044
0 74 48 18 52 18 3 1045
1 53 68 36 67 38 1 1046
1 97 49 30 49 34 2 1047
0 96 61 42 57 59 3 1048
1 143 66 92 65 94 3 1049
0 143 71 38 60 42 3 1050
1 41 44 63 46 58 6 1051
0 33 48 19 47 22 3 1052
0 12 58 43 23 36 3 1053
0 47 69 36 64 46 3 1054
0 130 53 32 58 30 3 1055
1 77 39 14 36 14 2 1056
1 44 63 84 51 75 2 1057
0 38 50 36 55 30 3 1058
0 29 51 18 46 20 3 1059
1 81 17 15 63 40 1 1060
0 93 91 32 89 36 3 1061
1 66 55 22 52 27 2 1062
0 93 57 39 58 37 3 1063
0 82 68 75 70 72 3 1064
0 130 61 48 54 38 3 1065
0 40 38 58 41 63 3 1066
0 1 57 45 52 45 3 1067
1 39 88 3 81 2 2 1068
1 32 63 31 55 29 1 1069
1 67 38 38 40 36 1 1070
1 8 59 2 55 2 1 1071
0 15 62 1 49 2 3 1072
1 87 39 53 35 53 2 1073
0 19 32 57 43 54 4 1074
0 32 35 40 31 49 3 1075
1 117 56 39 52 46 1 1076
0 46 81 5 78 6 3 1077
0 123 62 22 60 24 3 1078
0 28 98 17 98 22 3 1079
0 85 59 37 57 12 3 1080
1 16 36 11 40 13 1 1081
0 4 62 37 61 33 3 1082
1 130 56 63 58 56 2 1083
0 119 47 22 44 22 3 1084
1 11 21 19 46 32 1 1085
0 42 46 73 50 60 3 1086
1 42 98 21 98 15 2 1087
1 109 76 5 81 5 1 1088
0 105 52 44 52 59 3 1089
0 0 57 73 51 61 3 1090
0 35 53 41 55 39 3 1091
0 31 67 77 69 74 3 1092
0 14 45 16 57 14 3 1093
0 107 46 31 51 27 3 1094
0 18 57 28 56 33 3 1095
1 103 56 76 52 76 5 1096
0 90 41 42 32 52 3 1097
0 52 71 40 70 35 6 1098
0 80 32 34 34 41 5 1099
0 131 50 19 39 20 3 1100
1 126 58 38 56 39 6 1101
1 86 43 19 47 15 2 1102
0 78 57 41 48 49 3 1103
1 5 54 28 49 29 2 1104
1 72 65 39 43 18 1 1105
1 60 63 43 67 39 2 1106
1 132 60 32 53 42 5 1107
1 28 69 73 71 72 1 1108
0 64 60 38 69 27 3 1109
0 111 69 68 73 67 3 1110
0 41 49 34 49 53 5 1111
1 31 48 2 46 3 1 1112
0 64 81 5 78 6 3 1113
1 92 52 55 59 36 2 1114
0 117 46 44 50 38 3 1115
1 83 61 31 59 30 4 1116
1 16 63 45 43 19 1 1117
0 118 6 57 6 51 3 1118
0 109 29 66 31 56 3 1119
1 24 33 43 21 30 5 1120
0 32 61 46 44 57 3 1121
1 125 53 34 49 35 1 1122
0 114 52 54 53 48 3 1123
1 77 44 18 49 18 1 1124
0 49 98 18 98 23 3 1125
1 35 27 25 51 57 1 1126
1 96 58 37 56 41 1 1127
0 141 59 28 62 26 3 1128
1 17 52 39 55 38 1 1129
0 130 6 38 6 29 3 1130
0 126 6 32 6 27 4 1131
1 25 47 70 51 44 2 1132
1 91 29 52 27 51 3 1133
1 29 31 49 27 58 2 1134
0 74 49 18 46 12 5 1135
1 101 49 50 52 47 1 1136
0 70 56 41 59 35 3 1137
0 98 47 2 51 2 3 1138
0 93 41 36 39 29 3 1139
0 91 61 38 57 43 3 1140
0 67 6 69 5 67 3 1141
0 16 25 40 32 42 3 1142
0 12 53 77 51 78 4 1143
0 96 54 40 57 38 3 1144
0 26 65 50 64 52 3 1145
1 102 52 48 60 44 1 1146
0 3 40 3 46 2 3 1147
1 11 46 43 47 53 1 1148
0 113 14 10 50 27 3 1149
1 46 56 75 56 71 2 1150
0 53 53 41 55 47 6 1151
1 82 53 47 49 54 1 1152
1 33 91 34 90 37 5 1153
0 53 30 51 30 55 3 1154
0 141 83 4 69 6 3 1155
1 53 56 18 42 18 1 1156
0 117 53 30 54 34 3 1157
1 40 64 16 60 19 6 1158
1 8 61 29 58 28 2 1159
0 78 49 54 45 59 3 1160
1 60 67 39 58 45 1 1161
1 62 65 1 62 2 1 1162
0 45 69 38 68 41 3 1163
1 88 57 47 49 60 1 1164
1 116 7 53 5 56 1 1165
0 143 46 22 50 18 4 1166
1 129 65 15 61 18 2 1167
1 0 39 14 35 13 1 1168
0 111 65 76 68 76 3 1169
0 103 61 28 56 31 3 1170
1 121 4 38 1 99 1 1171
0 123 30 55 31 49 5 1172
1 30 49 53 51 55 2 1173
0 143 5 45 6 38 3 1174
0 82 53 51 52 58 4 1175
0 66 42 35 40 43 3 1176
1 115 47 80 54 80 6 1177
0 83 47 30 49 28 3 1178
1 68 56 25 55 30 1 1179
0 26 49 49 57 47 3 1180
0 132 45 3 41 3 3 1181
0 121 67 73 69 68 3 1182
1 66 43 52 42 59 1 1183
1 68 47 39 56 42 1 1184
0 132 65 49 72 38 3 1185
0 41 62 18 47 24 3 1186
1 12 52 56 53 48 1 1187
1 0 58 73 60 74 1 1188
1 139 60 49 60 52 1 1189
0 109 51 48 49 54 3 1190
1 40 44 63 50 65 3 1191
0 67 51 81 56 80 3 1192
1 104 53 28 57 30 1 1193
1 119 69 46 65 26 1 1194
1 116 57 30 43 26 1 1195
1 80 53 41 49 49 1 1196
1 72 52 52 54 47 1 1197
0 26 54 46 55 48 3 1198
1 108 69 75 72 68 1 1199
1 46 42 3 45 3 5 1200
0 72 45 4 37 4 3 1201
1 128 36 13 34 14 3 1202
1 79 71 37 69 39 4 1203
0 81 6 52 7 43 4 1204
0 38 40 24 37 21 3 1205
0 68 54 32 49 36 3 1206
0 130 55 38 58 46 6 1207
0 13 59 45 61 40 5 1208
0 38 50 2 11 1 3 1209
0 80 16 2 41 3 3 1210
1 0 61 46 51 45 5 1211
0 14 54 36 58 35 3 1212
1 64 58 2 53 3 2 1213
1 116 71 6 74 5 2 1214
1 130 43 38 39 37 1 1215
0 4 69 37 67 42 3 1216
1 1 56 34 60 32 1 1217
0 29 31 43 31 46 3 1218
0 1 54 39 50 37 3 1219
1 55 69 41 67 44 3 1220
1 42 98 25 98 15 4 1221
1 38 41 41 44 33 1 1222
1 60 56 54 57 51 1 1223
1 54 58 37 57 47 1 1224
1 126 59 34 53 44 1 1225
1 74 54 75 99 66 3 1226
1 54 68 36 68 41 1 1227
1 22 28 60 27 58 1 1228
0 108 63 33 56 39 3 1229
1 29 24 41 31 47 2 1230
0 44 45 3 38 3 3 1231
1 33 49 19 52 19 2 1232
0 40 63 17 60 17 3 1233
1 110 88 93 86 94 2 1234
1 74 45 21 50 20 5 1235
1 128 91 33 92 30 1 1236
1 128 55 22 51 30 1 1237
0 89 59 45 54 43 3 1238
0 72 59 34 58 44 3 1239
1 65 30 44 33 51 1 1240
0 63 57 59 57 53 3 1241
1 95 66 73 65 75 1 1242
0 114 45 33 55 27 3 1243
1 123 32 44 28 43 5 1244
1 130 48 20 49 18 1 1245
1 61 28 53 32 47 1 1246
0 111 53 52 40 68 3 1247
1 14 45 45 47 47 1 1248
0 16 58 33 57 36 3 1249
0 0 49 68 44 72 3 1250
0 30 64 31 66 27 3 1251
0 133 52 45 47 62 3 1252
1 139 55 2 61 2 1 1253
0 141 6 68 5 72 3 1254
0 128 31 42 32 46 5 1255
1 20 59 30 58 23 2 1256
0 141 44 63 47 64 3 1257
1 81 43 2 27 2 1 1258
1 62 59 2 62 2 1 1259
0 79 29 54 28 59 5 1260
0 116 39 37 35 44 3 1261
0 48 27 52 29 53 3 1262
1 99 55 31 66 28 2 1263
1 61 58 37 47 35 1 1264
1 40 56 39 57 37 1 1265
1 91 53 46 60 41 1 1266
1 27 6 64 6 44 1 1267
0 11 68 72 71 69 3 1268
0 139 6 37 6 31 5 1269
1 103 86 94 82 94 1 1270
0 53 56 50 52 50 3 1271
0 28 45 4 32 5 6 1272
1 25 32 50 34 42 2 1273
1 79 70 43 65 34 1 1274
1 62 56 2 59 2 1 1275
0 16 67 41 72 13 3 1276
1 48 57 37 49 49 2 1277
1 82 51 51 36 46 2 1278
1 93 44 32 42 33 1 1279
0 121 70 37 67 34 5 1280
1 66 41 32 46 26 2 1281
0 12 69 42 71 39 3 1282
1 79 41 36 45 28 1 1283
1 44 52 75 66 58 5 1284
0 127 57 35 53 41 3 1285
0 91 44 4 46 3 3 1286
1 78 31 52 32 45 1 1287
1 117 57 1 54 2 1 1288
0 60 59 19 51 21 3 1289
1 12 63 20 66 6 1 1290
0 68 60 30 58 31 3 1291
0 91 46 2 41 3 3 1292
0 77 55 47 50 48 3 1293
1 102 64 35 65 31 1 1294
0 43 57 38 60 36 3 1295
1 37 52 28 46 11 1 1296
0 46 48 20 45 22 3 1297
0 43 49 80 45 88 3 1298
0 64 52 47 55 45 3 1299
0 24 37 41 41 22 5 1300
1 76 54 28 50 28 1 1301
1 124 59 26 60 23 2 1302
1 64 31 42 30 45 5 1303
0 53 51 59 61 14 3 1304
0 113 91 26 91 18 3 1305
0 3 62 37 60 35 3 1306
1 120 31 56 28 57 1 1307
1 136 6 35 5 39 4 1308
1 98 49 37 46 49 1 1309
1 29 30 77 57 76 1 1310
0 104 50 80 56 80 3 1311
0 128 32 11 36 11 3 1312
1 139 6 38 6 33 2 1313
1 85 66 42 70 42 2 1314
1 109 41 13 45 11 4 1315
1 53 51 35 57 26 5 1316
0 64 36 13 41 13 3 1317
0 79 55 18 49 23 3 1318
0 101 51 25 41 29 4 1319
0 56 55 47 53 50 3 1320
1 32 35 14 29 15 1 1321
0 116 57 35 54 32 3 1322
1 43 5 65 5 75 1 1323
0 87 49 55 47 57 3 1324
0 0 60 24 55 31 3 1325
1 47 65 42 63 45 1 1326
0 66 5 76 6 66 4 1327
0 91 46 38 55 27 6 1328
1 22 87 4 83 4 1 1329
0 11 44 63 54 47 3 1330
1 108 30 62 27 72 1 1331
1 117 45 66 46 62 2 1332
1 26 64 53 69 40 2 1333
0 7 57 34 48 39 3 1334
0 43 54 38 53 41 3 1335
0 41 49 56 55 43 6 1336
0 139 52 50 52 17 4 1337
1 90 66 93 63 97 1 1338
0 49 42 41 38 45 3 1339
0 138 61 32 60 35 3 1340
0 136 67 35 54 39 3 1341
1 32 86 94 88 93 1 1342
0 11 71 32 66 41 3 1343
1 38 61 29 60 27 2 1344
1 44 60 42 52 47 6 1345
0 28 65 27 60 39 3 1346
1 19 52 25 47 29 1 1347
0 35 51 24 48 23 3 1348
0 111 90 38 90 41 3 1349
0 9 45 31 49 34 3 1350
0 107 78 6 81 5 3 1351
1 128 67 33 64 34 1 1352
0 122 88 93 87 95 3 1353
1 57 48 78 54 79 1 1354
1 76 35 27 40 21 3 1355
0 109 60 71 58 75 3 1356
0 8 34 42 32 50 3 1357
0 55 53 41 51 46 3 1358
0 16 27 50 25 43 3 1359
0 143 31 57 32 48 3 1360
0 33 6 64 5 66 3 1361
0 48 38 10 33 10 3 1362
0 133 46 37 48 23 3 1363
1 51 45 4 42 4 1 1364
1 72 62 22 55 23 4 1365
1 26 68 42 62 34 5 1366
0 128 49 28 42 29 3 1367
1 124 43 29 46 26 1 1368
1 108 59 44 57 46 2 1369
0 67 5 69 6 63 3 1370
1 0 31 44 30 46 1 1371
1 0 61 28 62 24 3 1372
1 93 65 1 61 1 1 1373
1 25 61 37 62 35 4 1374
0 120 46 81 59 74 3 1375
0 127 50 46 57 38 3 1376
1 42 62 37 61 31 2 1377
0 50 47 49 43 39 3 1378
1 111 67 94 58 93 3 1379
0 89 50 80 54 80 3 1380
1 27 62 30 61 23 1 1381
0 136 53 26 50 26 3 1382
1 22 55 80 52 80 2 1383
1 111 44 51 54 40 1 1384
1 32 74 67 70 71 1 1385
0 105 68 39 59 38 3 1386
1 55 48 54 52 15 1 1387
1 17 6 53 6 48 1 1388
0 94 34 43 29 53 3 1389
0 75 59 37 57 38 3 1390
1 140 54 50 55 45 1 1391
0 106 51 43 59 27 3 1392
0 132 53 80 55 79 3 1393
1 39 5 39 6 28 1 1394
0 24 14 1 25 1 3 1395
1 34 57 38 63 43 1 1396
1 55 55 28 50 41 1 1397
0 26 57 27 51 12 3 1398
0 139 51 62 57 59 3 1399
1 53 58 18 53 20 1 1400
0 143 42 75 42 58 3 1401
1 68 44 30 40 36 2 1402
0 31 69 72 66 76 3 1403
1 53 55 47 51 47 2 1404
0 69 6 32 6 39 3 1405
0 12 61 29 60 25 3 1406
0 80 61 39 59 45 3 1407
1 137 46 58 49 69 1 1408
1 83 6 37 6 33 3 1409
0 44 46 42 53 23 5 1410
0 136 67 93 65 89 3 1411
0 39 30 14 51 37 5 1412
1 16 59 37 56 39 2 1413
1 48 56 40 61 32 1 1414
1 9 69 36 44 20 1 1415
1 98 63 43 26 22 6 1416
1 9 58 40 55 44 1 1417
0 64 30 44 32 46 3 1418
0 58 6 38 6 33 3 1419
1 26 50 80 53 80 1 1420
1 37 67 93 65 95 1 1421
0 105 61 39 64 40 3 1422
0 27 80 6 82 4 3 1423
1 90 61 43 62 45 3 1424
1 139 52 46 28 25 1 1425
1 141 54 51 58 36 2 1426
1 99 52 36 49 35 4 1427
1 51 26 71 28 67 1 1428
1 23 49 57 31 99 3 1429
0 82 70 69 68 72 3 1430
0 116 77 6 81 6 3 1431
1 50 48 44 43 45 1 1432
1 97 81 5 79 7 2 1433
1 53 38 12 39 14 1 1434
1 68 57 18 59 17 1 1435
0 33 91 33 90 37 3 1436
1 59 98 20 98 26 2 1437
0 32 61 39 63 22 3 1438
0 102 61 37 65 28 3 1439
0 81 6 64 5 66 3 1440
0 102 61 34 60 32 3 1441
1 82 69 68 64 75 1 1442
0 40 56 74 59 74 3 1443
1 23 50 39 47 28 2 1444
0 79 47 52 40 51 3 1445
1 25 66 73 70 73 1 1446
1 108 92 25 90 37 2 1447
0 81 41 11 37 11 3 1448
1 52 45 31 38 40 1 1449
0 82 46 43 49 51 3 1450
1 108 69 44 73 37 2 1451
1 8 52 35 54 32 2 1452
0 125 31 50 30 55 3 1453
0 18 39 14 43 12 4 1454
0 19 54 47 49 58 3 1455
1 96 6 43 5 59 2 1456
1 141 41 19 33 18 2 1457
1 139 58 2 63 1 5 1458
1 68 63 49 60 64 2 1459
0 83 54 58 50 63 3 1460
1 135 54 46 50 35 2 1461
0 39 41 38 37 41 4 1462
0 32 65 46 68 39 6 1463
1 19 45 20 49 18 2 1464
0 84 6 44 6 54 3 1465
1 53 71 71 69 73 1 1466
0 66 58 30 50 54 3 1467
0 112 37 13 40 12 3 1468
0 9 30 62 31 60 3 1469
1 121 6 35 6 26 2 1470
1 5 54 69 51 73 3 1471
0 11 61 30 59 24 3 1472
0 26 52 50 51 48 3 1473
1 125 81 6 69 6 1 1474
0 8 58 35 58 31 5 1475
1 44 64 39 63 42 1 1476
0 77 59 2 50 1 3 1477
1 92 65 1 58 1 1 1478
0 18 92 31 91 38 3 1479
0 57 63 69 58 73 3 1480
1 91 61 38 61 35 1 1481
0 141 56 29 59 26 5 1482
1 80 34 45 32 48 1 1483
1 20 43 18 52 35 1 1484
0 112 71 30 69 39 3 1485
1 127 50 51 52 53 1 1486
0 24 67 34 69 31 3 1487
0 38 57 38 32 42 3 1488
0 108 57 78 51 77 3 1489
1 60 81 5 79 6 5 1490
1 53 44 37 40 37 1 1491
0 65 44 11 32 13 3 1492
1 78 53 25 56 27 1 1493
0 47 56 47 56 44 3 1494
0 126 56 80 52 80 3 1495
1 105 72 36 66 49 2 1496
1 101 61 46 61 51 1 1497
0 12 47 30 45 31 3 1498
1 128 47 2 43 3 2 1499
1 130 48 52 58 54 6 1500
0 82 62 22 61 27 3 1501
1 25 47 51 49 38 1 1502
0 42 47 47 46 45 3 1503
0 96 48 24 47 50 6 1504
0 142 50 29 53 16 3 1505
0 81 58 39 64 42 3 1506
0 21 71 38 70 35 3 1507
1 22 55 40 52 59 3 1508
1 117 43 33 41 34 1 1509
1 14 58 39 64 36 2 1510
1 43 86 4 81 3 3 1511
0 128 52 31 47 35 3 1512
1 52 33 40 32 38 1 1513
0 134 67 78 70 73 5 1514
0 67 53 44 47 60 3 1515
1 102 86 4 88 3 1 1516
0 132 61 27 62 24 5 1517
1 43 98 11 98 17 2 1518
1 0 49 60 47 55 1 1519
0 91 59 71 62 70 3 1520
1 123 34 44 27 49 3 1521
0 119 65 43 73 36 6 1522
1 133 54 76 57 75 1 1523
1 102 61 45 57 59 1 1524
1 113 51 35 59 30 5 1525
1 9 54 25 49 51 1 1526
1 103 98 21 98 27 2 1527
1 46 6 28 6 33 3 1528
0 104 63 29 62 34 3 1529
1 24 54 46 55 42 5 1530
0 136 68 43 67 46 4 1531
1 55 6 28 6 33 5 1532
1 134 66 93 65 95 1 1533
1 119 61 35 61 28 1 1534
0 7 55 41 58 39 3 1535
1 52 58 43 54 44 3 1536
1 123 98 14 98 19 1 1537
1 40 61 38 54 43 1 1538
1 44 41 31 40 35 1 1539
1 17 52 45 30 14 2 1540
1 48 52 58 52 50 2 1541
0 58 51 62 59 43 3 1542
0 73 58 23 58 44 3 1543
1 136 6 44 6 41 2 1544
1 0 46 3 44 4 1 1545
1 27 6 30 5 21 1 1546
1 11 27 26 50 27 1 1547
0 48 31 50 29 47 3 1548
0 108 50 50 48 52 3 1549
1 100 98 15 98 19 1 1550
0 79 51 47 49 51 3 1551
0 53 57 77 55 75 3 1552
1 143 46 45 46 24 1 1553
1 79 32 52 32 49 1 1554
0 38 41 13 44 12 3 1555
0 120 56 42 61 40 3 1556
1 139 62 46 68 38 1 1557
1 112 42 22 49 29 1 1558
1 106 98 17 98 20 1 1559
0 143 98 15 98 20 3 1560
0 50 78 6 81 5 3 1561
0 72 62 47 67 42 3 1562
0 119 56 41 59 32 3 1563
1 141 61 44 60 40 1 1564
0 88 52 15 49 16 3 1565
0 88 28 47 27 50 3 1566
0 104 54 44 25 26 3 1567
0 135 40 43 30 40 3 1568
1 52 68 36 61 48 1 1569
0 12 63 1 55 2 3 1570
0 0 54 44 54 41 3 1571
1 23 46 4 43 4 1 1572
1 18 61 23 63 22 1 1573
0 103 44 34 39 26 3 1574
1 27 56 46 58 45 2 1575
1 136 33 43 57 38 2 1576
0 132 81 4 77 4 3 1577
1 56 61 35 65 27 1 1578
0 54 61 40 62 49 6 1579
0 128 34 11 40 12 5 1580
1 27 7 39 5 38 1 1581
0 141 91 36 92 27 3 1582
0 43 53 51 48 51 3 1583
0 143 59 35 57 62 3 1584
1 16 59 25 55 18 1 1585
0 45 56 80 53 80 6 1586
1 57 65 74 70 72 2 1587
0 0 58 33 59 42 3 1588
0 106 46 48 42 59 3 1589
0 65 57 42 56 44 6 1590
0 24 80 5 82 4 3 1591
0 0 49 61 44 78 4 1592
0 27 5 66 4 68 3 1593
0 22 55 46 37 98 3 1594
0 134 55 53 48 45 3 1595
1 45 53 80 50 80 1 1596
0 34 43 11 41 13 3 1597
0 109 58 56 55 57 3 1598
1 109 61 47 58 47 1 1599
1 90 63 33 62 35 1 1600
1 116 79 6 69 6 4 1601
1 36 98 20 98 17 1 1602
1 97 63 34 52 39 2 1603
0 116 49 19 51 18 3 1604
0 72 29 47 34 41 3 1605
1 64 69 71 70 73 2 1606
1 73 47 51 48 48 1 1607
1 14 64 16 59 17 1 1608
0 47 57 70 50 69 3 1609
1 93 44 38 41 34 3 1610
0 111 66 39 65 51 5 1611
0 57 65 76 72 70 3 1612
0 126 56 32 53 31 3 1613
0 87 47 46 47 49 3 1614
0 113 98 18 98 15 3 1615
1 44 67 33 55 30 2 1616
1 83 54 76 62 70 1 1617
0 143 98 22 98 28 3 1618
1 109 64 34 54 43 1 1619
0 113 58 30 56 28 3 1620
0 96 27 49 31 49 3 1621
0 111 70 39 69 36 3 1622
1 3 45 2 49 2 1 1623
0 14 57 41 52 46 3 1624
1 48 50 58 53 41 1 1625
0 53 64 16 61 13 3 1626
1 72 67 34 69 40 2 1627
0 82 45 37 50 29 3 1628
1 80 50 43 52 41 1 1629
0 51 70 42 69 44 3 1630
1 51 87 3 85 6 1 1631
1 28 44 4 40 3 1 1632
0 114 59 28 64 21 3 1633
0 142 59 41 59 37 3 1634
0 132 64 43 55 39 3 1635
0 40 54 80 57 80 3 1636
1 108 5 67 99 64 1 1637
1 54 33 50 33 47 2 1638
0 125 53 40 54 33 3 1639
0 80 41 12 37 13 3 1640
0 42 55 80 46 80 3 1641
0 10 66 39 72 30 3 1642
0 94 62 20 55 20 3 1643
0 18 62 1 55 2 3 1644
1 117 50 50 44 64 2 1645
0 0 57 58 71 8 3 1646
1 103 56 80 53 80 1 1647
0 49 65 43 59 41 3 1648
1 31 46 45 47 49 2 1649
1 10 42 42 41 34 1 1650
0 115 49 37 48 43 3 1651
0 79 67 73 72 66 3 1652
0 119 56 77 51 79 3 1653
0 26 44 65 49 65 3 1654
1 17 6 35 6 45 1 1655
1 110 98 18 98 21 1 1656
0 38 70 72 71 75 3 1657
1 30 62 1 59 2 1 1658
1 17 50 2 47 3 1 1659
0 32 58 39 53 41 3 1660
1 40 59 19 55 21 2 1661
0 27 47 3 36 4 3 1662
1 124 56 42 61 39 1 1663
0 130 5 38 5 35 3 1664
1 48 55 29 53 34 2 1665
0 24 50 51 49 55 3 1666
1 6 53 42 53 47 2 1667
0 67 52 42 54 39 3 1668
0 113 50 31 48 30 3 1669
1 113 56 31 61 25 5 1670
0 48 61 31 57 35 3 1671
0 92 54 41 57 39 3 1672
0 68 63 48 65 43 3 1673
0 106 6 49 5 63 3 1674
0 77 61 44 56 43 3 1675
0 37 57 63 54 66 3 1676
1 0 70 33 64 44 5 1677
1 125 55 26 53 25 2 1678
0 77 62 18 43 19 3 1679
1 50 86 94 83 93 1 1680
1 46 35 39 32 46 1 1681
0 46 36 15 68 41 4 1682
0 142 6 39 6 32 3 1683
1 3 38 12 42 12 3 1684
0 143 34 45 22 47 5 1685
0 130 48 21 46 20 3 1686
0 0 36 13 39 12 3 1687
1 98 69 37 66 39 2 1688
0 115 44 54 41 77 3 1689
0 15 53 53 50 50 3 1690
1 26 61 22 60 30 2 1691
0 66 41 40 36 40 4 1692
1 80 51 36 44 44 1 1693
0 84 55 35 59 28 4 1694
0 129 66 91 64 94 3 1695
1 88 41 11 43 12 1 1696
1 53 58 19 62 17 1 1697
1 87 69 35 71 39 1 1698
1 95 61 36 60 39 1 1699
1 14 87 95 85 93 1 1700
1 125 31 52 34 42 2 1701
0 19 3 96 1 95 3 1702
0 99 60 48 55 67 3 1703
0 29 48 21 54 18 3 1704
0 85 53 50 56 49 3 1705
1 111 53 52 54 50 5 1706
1 130 54 42 49 53 1 1707
0 137 32 54 32 47 3 1708
1 71 67 36 69 41 2 1709
0 96 61 35 61 32 3 1710
0 25 56 29 50 29 3 1711
0 110 6 48 7 51 3 1712
0 15 67 37 49 45 3 1713
0 65 91 22 91 28 3 1714
1 102 59 45 60 18 1 1715
0 121 52 47 50 51 3 1716
0 29 59 21 54 29 3 1717
0 64 6 33 6 30 3 1718
1 19 34 46 35 37 1 1719
0 5 49 37 49 28 3 1720
1 4 51 27 49 33 1 1721
1 126 39 4 34 5 1 1722
1 128 32 46 30 45 2 1723
1 76 53 25 51 27 1 1724
0 133 57 2 60 2 3 1725
1 14 67 74 72 73 2 1726
0 11 47 2 51 1 4 1727
0 14 53 41 55 46 3 1728
1 52 68 47 70 45 1 1729
0 48 34 41 32 45 3 1730
1 131 59 17 61 19 1 1731
1 107 41 40 43 23 1 1732
0 121 42 35 44 33 3 1733
0 108 91 36 92 30 3 1734
0 79 39 37 42 38 5 1735
0 77 55 39 53 44 5 1736
0 76 48 2 51 2 4 1737
0 120 49 42 45 41 3 1738
0 139 49 61 46 68 3 1739
1 12 59 30 57 35 3 1740
0 9 83 4 81 5 3 1741
0 74 62 40 49 67 3 1742
0 111 39 12 33 13 3 1743
1 54 42 58 47 50 2 1744
1 130 51 47 45 53 2 1745
0 59 55 20 52 20 3 1746
1 131 65 76 62 77 1 1747
0 35 53 27 51 26 3 1748
1 3 62 50 66 42 1 1749
1 17 51 43 57 38 1 1750
0 116 92 25 90 49 3 1751
1 115 55 74 62 71 5 1752
0 88 54 41 50 44 3 1753
0 79 31 47 30 36 3 1754
1 129 98 21 98 17 5 1755
1 53 53 32 56 31 1 1756
0 76 57 48 58 46 3 1757
0 132 77 6 81 5 3 1758
0 100 70 36 72 38 3 1759
1 133 32 54 30 51 1 1760
0 27 45 29 42 33 3 1761
0 80 32 45 30 48 3 1762
0 43 56 39 60 35 6 1763
0 76 62 43 61 46 6 1764
1 64 50 19 40 31 1 1765
0 42 46 2 49 2 3 1766
0 128 52 29 52 26 3 1767
1 11 54 52 53 48 6 1768
1 69 32 49 28 58 2 1769
0 72 98 25 98 30 3 1770
1 70 68 39 65 40 1 1771
0 50 43 41 43 57 3 1772
1 55 6 30 6 35 2 1773
1 55 55 80 51 80 1 1774
0 79 59 31 57 30 3 1775
0 32 62 43 61 41 3 1776
0 13 74 31 70 33 3 1777
1 98 64 43 72 29 1 1778
1 74 42 2 46 2 5 1779
0 108 55 42 57 37 3 1780
1 107 26 51 28 47 1 1781
1 118 55 80 49 81 2 1782
1 57 98 20 98 16 1 1783
1 121 41 43 40 45 1 1784
1 135 49 49 37 50 6 1785
1 117 53 52 51 54 1 1786
1 124 60 19 53 19 2 1787
0 102 57 36 58 48 3 1788
1 87 85 96 88 92 2 1789
0 100 54 80 45 81 3 1790
1 26 49 49 51 28 1 1791
0 130 5 36 5 39 3 1792
1 17 7 43 6 57 5 1793
0 111 48 54 56 41 3 1794
0 110 54 16 59 15 3 1795
1 10 66 94 62 96 3 1796
0 53 52 57 49 55 3 1797
0 35 66 41 69 42 3 1798
1 7 6 50 6 42 1 1799
0 26 69 37 67 25 3 1800
0 44 37 1 50 2 3 1801
0 132 6 40 6 43 3 1802
0 126 32 54 31 52 3 1803
0 74 45 73 43 72 3 1804
0 33 35 16 62 27 3 1805
1 116 53 59 54 56 5 1806
0 115 60 33 61 24 3 1807
1 24 58 36 52 45 1 1808
0 110 67 92 65 91 3 1809
0 136 56 38 55 40 3 1810
1 111 6 27 6 30 1 1811
1 136 68 22 71 18 1 1812
1 83 61 44 59 45 1 1813
0 28 58 46 53 44 3 1814
1 73 65 45 62 50 4 1815
0 116 54 47 48 50 3 1816
1 106 28 52 26 51 1 1817
0 113 58 49 62 49 3 1818
1 11 58 34 60 28 2 1819
0 27 46 47 70 32 3 1820
0 130 58 60 56 55 3 1821
0 18 90 37 92 29 5 1822
0 56 53 48 50 47 3 1823
1 12 58 50 62 40 1 1824
1 73 49 25 61 37 2 1825
1 108 91 31 90 38 1 1826
0 77 98 16 98 22 3 1827
0 101 56 41 51 47 3 1828
1 91 56 40 52 44 1 1829
0 57 54 39 48 63 3 1830
1 129 53 32 50 36 2 1831
0 57 61 27 63 22 3 1832
1 26 6 51 6 59 3 1833
1 66 55 77 56 79 1 1834
0 63 90 37 90 25 3 1835
0 94 27 59 32 56 3 1836
1 27 61 17 59 19 1 1837
0 74 54 57 52 62 3 1838
1 73 48 4 41 4 1 1839
1 39 69 35 68 38 5 1840
0 5 48 19 47 21 3 1841
0 113 58 26 52 34 4 1842
0 108 54 32 52 33 3 1843
1 19 68 33 63 44 1 1844
1 79 42 56 46 59 1 1845
1 79 28 65 30 59 6 1846
1 66 6 42 6 49 1 1847
0 74 45 20 49 18 3 1848
0 45 46 50 40 80 3 1849
0 70 74 67 51 75 3 1850
0 134 60 37 44 35 3 1851
0 123 43 1 51 1 3 1852
1 133 47 57 52 51 1 1853
1 5 59 1 54 2 1 1854
1 87 47 64 48 61 1 1855
0 53 57 44 56 30 6 1856
1 104 42 72 31 55 1 1857
0 5 51 20 49 19 3 1858
1 121 67 92 68 89 1 1859
0 52 53 53 54 51 3 1860
0 79 68 43 63 44 3 1861
1 69 42 35 42 32 1 1862
0 37 78 6 83 4 3 1863
1 97 46 58 52 55 1 1864
0 87 57 44 53 43 3 1865
1 9 53 40 57 40 5 1866
0 0 48 44 34 56 3 1867
0 16 22 19 37 54 3 1868
1 56 44 65 46 58 1 1869
1 58 61 36 57 38 6 1870
1 49 98 18 98 24 1 1871
1 114 69 44 48 44 2 1872
0 128 59 33 60 30 3 1873
0 108 48 4 42 4 3 1874
1 56 56 40 62 32 1 1875
0 120 54 47 50 34 3 1876
0 122 61 41 65 29 3 1877
1 51 58 58 57 54 4 1878
1 57 53 48 43 36 5 1879
1 117 40 13 36 14 1 1880
1 41 52 61 47 68 1 1881
1 5 54 35 58 46 1 1882
1 53 54 16 59 17 1 1883
1 62 64 1 61 1 1 1884
0 60 40 42 37 40 3 1885
1 4 46 61 48 55 3 1886
0 62 36 11 38 9 3 1887
1 65 6 28 5 36 5 1888
0 5 46 3 40 4 3 1889
1 0 57 76 53 77 1 1890
0 121 41 38 38 21 5 1891
0 73 53 80 51 81 3 1892
0 25 46 54 38 56 3 1893
1 91 42 30 51 24 1 1894
0 66 47 2 51 2 3 1895
1 79 32 37 24 38 1 1896
1 91 33 44 28 34 1 1897
0 117 27 51 28 48 3 1898
1 101 56 43 89 24 1 1899
1 73 58 18 30 22 1 1900
1 16 53 43 43 35 1 1901
0 85 45 31 50 28 3 1902
1 136 67 42 68 38 5 1903
0 51 52 33 50 58 3 1904
1 78 62 22 59 24 1 1905
0 90 55 45 57 44 3 1906
0 23 67 43 69 20 5 1907
1 62 89 92 87 93 1 1908
1 112 71 34 71 41 1 1909
0 143 29 47 32 45 3 1910
1 66 40 46 41 43 1 1911
0 4 85 93 82 94 3 1912
1 83 57 33 60 26 1 1913
1 66 68 35 71 31 3 1914
0 90 57 35 55 32 3 1915
0 3 55 60 55 63 3 1916
1 74 51 18 45 21 3 1917
1 53 57 39 56 47 1 1918
0 25 73 70 71 75 5 1919
1 12 70 72 68 76 5 1920
1 60 51 45 51 48 1 1921
0 26 49 53 60 38 6 1922
1 43 62 50 63 39 1 1923
0 22 30 59 29 64 3 1924
1 96 48 60 51 57 1 1925
0 17 49 3 45 3 3 1926
1 12 6 54 6 42 1 1927
1 15 55 54 54 58 2 1928
1 23 56 41 60 15 2 1929
0 24 98 17 98 14 3 1930
0 1 54 45 59 38 3 1931
1 5 56 48 57 46 3 1932
1 52 46 27 41 30 5 1933
1 0 51 77 49 78 1 1934
1 135 67 72 70 70 1 1935
1 97 58 74 54 77 1 1936
1 61 42 34 44 37 3 1937
1 49 57 38 59 35 1 1938
0 28 98 16 98 23 3 1939
0 48 30 46 26 50 3 1940
0 36 60 45 65 36 3 1941
0 66 6 52 6 43 3 1942
0 78 56 53 52 62 3 1943
0 28 46 3 30 4 3 1944
0 63 54 75 49 78 3 1945
1 47 60 28 51 34 2 1946
1 92 49 43 56 44 2 1947
1 109 49 2 45 2 1 1948
0 37 64 77 65 75 3 1949
1 45 58 25 59 30 1 1950
0 2 56 49 54 69 3 1951
0 8 46 43 47 48 3 1952
1 19 59 28 55 31 1 1953
0 57 57 75 54 78 3 1954
1 141 13 10 51 19 2 1955
0 143 60 45 55 52 3 1956
1 100 7 42 6 49 1 1957
1 22 87 3 85 4 2 1958
1 120 52 1 50 2 1 1959
1 87 59 37 54 36 2 1960
1 64 51 33 58 37 1 1961
1 112 32 46 31 44 6 1962
1 125 48 2 46 3 1 1963
0 36 30 59 30 62 3 1964
1 51 46 56 51 45 1 1965
0 86 41 41 41 36 3 1966
1 60 91 37 91 40 4 1967
1 137 54 39 53 46 2 1968
0 121 5 49 5 42 5 1969
1 92 59 17 20 15 1 1970
1 118 43 29 46 28 2 1971
1 90 50 79 53 77 1 1972
1 100 67 37 68 42 1 1973
0 59 29 47 31 33 3 1974
0 79 64 45 60 62 5 1975
0 110 45 19 51 20 3 1976
0 45 88 99 84 4 3 1977
1 134 58 1 62 1 3 1978
1 70 49 49 59 40 2 1979
0 48 49 54 54 50 3 1980
0 79 31 40 31 50 3 1981
1 7 31 57 30 47 1 1982
0 37 71 40 69 37 4 1983
1 39 72 35 74 30 1 1984
1 26 54 50 51 53 1 1985
0 2 40 11 32 13 3 1986
0 11 66 43 69 40 3 1987
0 63 69 73 71 74 3 1988
0 116 6 45 6 55 3 1989
1 117 50 61 49 65 5 1990
1 137 33 44 28 59 1 1991
0 99 49 79 53 77 3 1992
0 135 49 38 55 39 3 1993
0 140 49 48 41 42 3 1994
1 77 48 38 47 62 1 1995
0 91 37 4 32 4 3 1996
0 127 57 46 58 37 4 1997
1 14 44 55 47 51 1 1998
1 112 57 67 54 74 1 1999
