0 54 68 46 62 50 3 0
0 64 72 52 40 44 3 1
1 7 76 64 75 62 1 2
1 36 79 22 72 55 3 3
0 64 87 47 85 49 3 4
1 73 87 38 77 44 2 5
0 37 77 49 46 46 3 6
0 126 81 50 73 51 3 7
0 60 84 42 84 44 3 8
0 36 61 65 56 70 3 9
1 143 78 50 80 46 4 10
0 72 75 52 78 46 3 11
1 36 84 43 80 42 2 12
0 36 72 51 75 48 3 13
1 108 90 34 79 48 1 14
1 36 90 41 80 45 1 15
1 143 82 54 72 58 1 16
0 87 85 43 64 27 3 17
1 114 77 47 83 38 3 18
1 20 78 50 79 47 4 19
1 46 70 52 67 80 1 20
1 0 81 36 83 54 1 21
1 36 90 40 84 39 4 22
1 29 82 42 74 49 4 23
1 7 90 33 84 42 2 24
1 72 76 63 71 70 1 25
1 31 70 33 80 17 1 26
0 112 87 49 91 30 3 27
0 57 83 39 83 40 3 28
0 11 89 42 90 42 3 29
0 72 79 44 51 37 3 30
1 108 88 42 54 79 1 31
0 0 85 41 82 35 3 32
1 72 89 43 85 49 4 33
0 18 74 62 66 63 3 34
1 72 83 43 83 50 4 35
0 7 87 39 83 40 3 36
0 36 80 39 90 41 3 37
0 108 79 47 70 52 3 38
0 8 85 41 91 35 3 39
1 143 79 47 71 52 3 40
1 0 81 42 0 51 5 41
0 36 89 42 69 56 3 42
1 29 72 50 51 94 1 43
0 36 78 49 74 54 3 44
0 143 77 47 70 52 3 45
0 46 73 51 75 49 3 46
0 72 71 52 85 34 3 47
1 36 82 43 87 44 1 48
0 79 86 51 86 46 3 49
1 143 91 30 77 48 1 50
0 55 90 38 87 35 4 51
1 2 84 36 82 34 1 52
1 73 77 51 76 57 1 53
0 64 87 48 89 47 3 54
0 36 79 55 75 47 3 55
1 36 83 34 83 52 1 56
0 36 88 41 88 42 3 57
0 108 84 45 90 32 3 58
0 74 82 37 81 42 3 59
0 99 87 50 83 44 3 60
0 115 78 45 98 2 3 61
0 143 90 41 82 38 4 62
0 35 84 44 78 49 3 63
0 107 62 49 58 49 3 64
1 143 80 55 66 79 2 65
1 72 71 54 73 50 1 66
0 46 70 53 88 38 3 67
1 36 82 41 85 34 1 68
1 19 70 60 81 51 1 69
0 44 71 57 81 55 3 70
1 0 91 37 88 46 1 71
0 82 81 43 83 41 3 72
0 36 85 35 84 38 4 73
0 72 76 53 93 33 5 74
0 143 78 56 74 10 5 75
1 93 76 63 85 39 2 76
1 72 90 33 88 38 1 77
1 112 77 49 72 53 1 78
0 143 83 51 75 62 5 79
1 72 70 56 80 40 1 80
1 36 78 43 69 55 5 81
1 143 80 43 82 34 2 82
0 72 76 47 85 44 3 83
0 36 76 60 81 43 5 84
0 72 85 35 81 55 3 85
0 129 84 41 69 56 3 86
1 106 79 46 80 45 1 87
1 19 85 42 85 46 1 88
0 27 85 43 74 32 3 89
1 0 69 54 81 46 1 90
0 79 72 51 86 49 3 91
0 72 88 40 79 16 3 92
0 76 87 50 86 46 3 93
0 84 56 78 57 78 4 94
0 133 85 46 90 42 4 95
0 36 83 40 80 45 3 96
1 72 84 34 88 35 5 97
0 117 88 36 69 52 3 98
0 108 82 44 81 35 4 99
1 23 75 63 72 63 2 100
0 72 71 68 74 64 3 101
1 108 72 52 88 39 5 102
1 108 86 41 74 49 5 103
0 28 82 43 81 41 3 104
1 79 79 22 87 43 1 105
0 96 89 33 80 49 3 106
0 66 88 39 78 49 3 107
1 143 82 43 79 59 6 108
0 72 81 51 78 59 6 109
0 37 90 38 79 24 3 110
1 89 84 41 89 39 1 111
0 108 88 45 86 36 3 112
0 31 83 43 83 36 3 113
0 108 85 46 80 46 3 114
0 29 78 44 90 29 3 115
0 0 83 50 68 26 3 116
0 36 83 44 82 43 3 117
1 72 66 32 79 41 1 118
0 0 92 29 70 69 3 119
0 13 80 52 78 47 3 120
1 143 87 48 78 19 1 121
1 28 80 54 85 39 3 122
0 105 82 34 85 45 3 123
1 47 79 47 78 45 1 124
0 36 76 60 76 62 3 125
1 28 85 43 90 43 1 126
1 138 80 43 70 55 1 127
0 97 78 58 80 54 3 128
0 4 76 49 72 55 3 129
0 143 78 57 79 46 3 130
0 36 89 42 70 52 3 131
1 36 79 48 82 41 1 132
0 111 80 42 76 63 3 133
1 67 78 57 78 61 1 134
0 94 78 60 68 77 3 135
1 0 78 48 80 45 1 136
0 6 89 34 85 35 3 137
1 53 82 42 79 46 4 138
0 28 82 40 83 39 3 139
0 108 88 39 75 50 5 140
1 71 78 48 26 32 1 141
0 36 83 37 90 41 6 142
1 143 82 37 86 42 5 143
1 41 76 58 80 53 1 144
1 128 80 43 73 54 3 145
0 3 87 37 81 42 3 146
1 36 84 43 72 54 2 147
1 79 75 47 78 47 1 148
1 12 87 47 81 43 1 149
0 54 76 63 78 59 3 150
1 82 89 42 86 45 1 151
0 143 69 71 68 74 3 152
0 108 71 51 75 47 3 153
0 36 73 53 83 35 3 154
0 129 76 48 74 54 4 155
0 36 84 38 76 25 3 156
0 72 77 58 85 50 5 157
1 108 85 47 84 43 1 158
0 36 76 50 81 44 3 159
1 108 90 41 92 34 2 160
1 111 82 23 87 39 2 161
1 34 70 66 75 63 1 162
0 72 81 40 82 36 5 163
0 45 85 39 74 51 3 164
0 36 89 37 87 35 3 165
0 108 78 45 70 51 3 166
0 72 87 38 83 39 3 167
0 108 80 43 55 53 3 168
1 0 89 40 89 38 1 169
1 13 83 38 85 49 1 170
0 112 87 47 88 40 3 171
1 49 70 55 82 37 2 172
0 72 64 43 43 52 3 173
0 121 85 43 83 35 3 174
1 37 89 42 89 46 3 175
0 0 80 38 84 36 3 176
1 95 76 59 78 56 2 177
0 0 81 56 71 56 5 178
1 36 81 54 24 33 1 179
0 107 87 42 73 54 3 180
0 71 88 40 62 26 3 181
1 72 80 47 89 34 5 182
0 72 79 48 51 83 3 183
1 46 72 53 72 56 2 184
1 108 82 43 82 43 3 185
0 82 74 49 71 39 3 186
1 106 79 43 73 65 2 187
1 137 61 43 64 40 1 188
1 102 80 47 74 52 1 189
0 77 77 50 69 53 3 190
1 26 76 63 86 46 1 191
1 19 71 30 81 39 1 192
0 36 85 43 69 55 3 193
0 46 90 31 91 29 3 194
1 35 78 49 78 47 2 195
1 59 78 44 85 35 2 196
0 36 86 50 85 46 3 197
1 143 90 43 93 29 1 198
1 143 87 40 85 43 1 199
1 143 89 38 84 49 6 200
1 98 84 39 87 35 1 201
1 72 80 38 86 45 3 202
1 35 90 33 85 48 2 203
0 108 80 45 82 25 3 204
1 108 79 49 91 29 4 205
0 132 79 48 67 60 3 206
0 14 79 43 80 48 3 207
1 97 80 45 82 36 1 208
0 45 86 48 69 55 3 209
1 46 69 64 76 59 2 210
0 86 82 41 75 48 3 211
0 72 74 50 71 53 3 212
0 97 85 43 86 43 3 213
1 108 84 43 84 43 5 214
0 108 66 80 77 60 3 215
0 143 81 56 91 35 3 216
1 80 84 37 22 36 1 217
0 36 79 47 76 57 6 218
0 143 75 48 84 36 5 219
1 77 83 38 96 45 2 220
0 72 84 38 62 43 3 221
0 35 81 45 72 53 3 222
1 72 85 45 90 42 3 223
0 43 89 37 85 35 3 224
0 143 78 47 73 53 6 225
0 117 91 30 80 23 4 226
0 106 83 43 80 38 3 227
0 72 74 52 75 48 3 228
0 8 74 54 59 42 3 229
0 72 89 42 52 83 3 230
1 0 87 40 89 38 5 231
1 9 81 55 81 55 1 232
1 40 74 56 88 40 1 233
0 104 81 43 85 38 3 234
0 108 72 52 89 42 3 235
0 108 81 42 89 35 3 236
1 114 75 50 75 48 1 237
0 126 90 31 85 28 3 238
0 33 73 55 66 76 3 239
0 108 83 42 81 50 3 240
0 36 85 41 88 34 3 241
0 72 81 46 80 39 3 242
0 36 75 63 86 34 5 243
0 24 90 41 93 30 3 244
1 139 90 39 85 35 1 245
0 132 68 60 76 64 3 246
0 10 78 41 84 43 3 247
1 72 88 39 86 26 3 248
1 142 88 43 85 28 1 249
0 132 70 55 75 48 3 250
0 0 81 46 75 34 3 251
0 86 82 43 90 43 3 252
1 36 82 51 86 46 2 253
0 12 85 45 81 43 3 254
0 108 82 43 88 39 3 255
0 0 85 40 89 39 3 256
1 118 80 47 83 35 4 257
1 36 85 46 84 39 6 258
1 109 81 44 79 42 4 259
1 72 79 48 74 47 1 260
0 1 90 37 80 43 3 261
1 70 77 45 71 54 3 262
1 36 88 43 83 38 1 263
1 108 84 42 75 47 1 264
0 0 85 50 89 35 3 265
1 36 76 53 79 46 2 266
1 132 76 60 74 51 1 267
1 72 78 50 88 44 1 268
0 143 89 36 69 36 5 269
1 109 79 59 85 50 2 270
0 108 91 29 79 45 3 271
1 72 87 43 81 40 5 272
1 36 83 45 80 58 1 273
0 124 71 54 73 49 3 274
1 108 88 36 81 55 1 275
0 36 71 54 88 35 3 276
1 36 76 49 78 50 1 277
0 72 87 40 85 49 3 278
1 0 88 37 82 42 2 279
1 72 92 31 75 0 3 280
0 140 90 38 87 36 3 281
1 108 83 18 73 18 6 282
0 117 79 42 88 41 3 283
0 108 89 36 75 47 4 284
0 36 72 54 70 53 3 285
0 24 80 56 70 55 3 286
0 36 91 37 72 52 3 287
0 13 79 46 80 53 3 288
0 108 79 22 85 45 3 289
1 14 81 48 13 7 2 290
1 115 82 44 82 35 4 291
0 41 70 55 82 38 3 292
0 34 76 49 72 55 3 293
1 22 93 31 80 40 3 294
0 83 80 46 70 57 3 295
0 6 88 45 84 40 3 296
0 72 87 34 73 35 6 297
0 128 86 43 82 40 3 298
1 127 83 39 75 50 1 299
0 108 87 41 83 51 5 300
1 75 84 49 79 58 1 301
0 72 88 41 77 61 3 302
1 6 91 32 79 56 2 303
1 87 81 37 78 23 2 304
0 24 81 56 62 85 3 305
1 120 80 40 88 40 1 306
1 82 77 57 85 41 1 307
1 54 76 58 84 39 2 308
1 108 83 40 84 50 1 309
1 39 84 51 70 54 2 310
1 76 73 53 72 51 1 311
0 34 79 21 82 35 3 312
0 72 72 34 79 18 3 313
0 108 81 53 90 43 3 314
1 108 78 45 71 55 1 315
0 72 88 45 86 25 3 316
1 83 88 45 82 51 2 317
1 129 72 58 81 52 1 318
1 72 74 34 83 34 4 319
1 79 85 42 80 49 1 320
1 36 89 42 82 37 2 321
0 108 76 53 79 48 3 322
0 36 89 41 87 36 3 323
1 55 74 53 88 39 1 324
1 131 57 43 57 43 1 325
1 44 74 52 80 45 1 326
0 108 76 60 67 66 5 327
0 139 90 37 86 35 3 328
1 106 88 43 87 36 1 329
1 36 84 39 88 38 1 330
1 72 84 49 73 48 6 331
0 82 71 65 67 74 3 332
1 87 75 47 61 65 1 333
0 127 72 57 83 51 3 334
1 73 89 42 89 46 2 335
0 143 86 40 85 33 3 336
1 108 81 38 81 53 3 337
0 72 82 19 86 15 3 338
1 108 80 42 82 36 6 339
0 70 79 59 68 53 3 340
0 3 76 62 65 77 3 341
0 72 81 38 74 49 3 342
0 72 88 45 89 37 3 343
1 36 84 43 89 37 1 344
1 9 80 47 70 53 4 345
1 141 80 32 88 37 3 346
0 36 79 50 82 43 3 347
0 36 76 53 85 34 3 348
0 108 71 56 93 31 4 349
1 105 81 39 80 49 1 350
0 108 75 48 83 52 3 351
1 36 83 37 87 41 1 352
0 126 88 40 85 35 3 353
1 42 85 32 91 30 1 354
1 36 82 41 80 46 1 355
1 58 84 40 90 43 1 356
1 45 84 40 85 41 1 357
1 126 86 35 87 36 2 358
1 21 72 53 83 52 1 359
1 72 82 46 79 54 1 360
0 50 85 43 82 41 3 361
1 47 84 39 87 36 1 362
1 129 82 43 85 45 1 363
0 97 88 38 92 34 3 364
1 72 82 46 82 46 2 365
0 54 77 60 76 62 3 366
1 30 82 45 78 48 1 367
0 76 80 57 89 40 3 368
0 143 72 55 80 39 3 369
0 36 80 18 81 13 4 370
1 108 73 54 83 33 2 371
0 46 72 33 70 35 3 372
1 142 78 59 75 64 1 373
0 132 91 34 89 33 3 374
0 25 86 38 85 37 3 375
0 72 70 57 78 56 3 376
0 61 85 14 82 18 3 377
0 78 85 49 72 51 3 378
0 36 69 56 71 54 3 379
1 59 70 35 89 45 2 380
1 143 87 44 79 44 1 381
1 78 12 9 85 21 1 382
1 15 83 23 86 19 2 383
0 81 86 42 80 45 3 384
1 72 80 53 81 41 6 385
1 19 91 32 80 49 1 386
0 72 83 38 81 38 3 387
0 0 77 61 72 56 5 388
0 87 79 59 72 55 3 389
0 143 75 53 77 48 3 390
0 108 80 58 79 49 4 391
0 108 80 36 88 39 5 392
0 88 84 49 47 41 3 393
1 36 83 45 81 48 1 394
1 72 87 25 73 30 1 395
0 105 80 40 79 38 3 396
0 106 89 40 82 51 3 397
0 3 78 50 78 45 3 398
0 36 77 49 78 47 3 399
0 36 80 46 83 38 3 400
0 103 75 59 76 58 3 401
1 98 82 43 82 40 3 402
0 134 71 57 72 55 3 403
0 108 72 24 90 40 5 404
0 72 86 37 82 18 5 405
1 84 85 36 84 45 1 406
0 48 84 37 89 34 4 407
0 132 80 46 54 45 3 408
0 36 82 39 83 35 6 409
1 49 78 46 84 44 1 410
1 18 80 42 84 51 1 411
0 101 88 40 97 1 3 412
1 82 71 52 77 61 3 413
0 85 70 54 81 40 3 414
0 36 10 9 91 32 3 415
0 108 84 42 84 40 3 416
1 116 75 59 77 62 1 417
0 135 87 38 90 39 3 418
1 16 87 46 75 49 1 419
0 82 85 40 75 48 3 420
1 108 75 48 77 49 1 421
0 132 70 55 79 43 3 422
1 119 76 51 77 43 2 423
0 92 89 42 87 43 3 424
1 108 81 46 81 42 1 425
0 72 83 52 37 74 6 426
1 108 10 9 72 55 5 427
0 72 10 9 0 15 3 428
0 72 92 29 89 34 3 429
0 72 73 54 74 64 3 430
0 22 80 46 61 25 3 431
1 36 82 44 85 43 4 432
1 18 79 44 71 53 1 433
1 36 10 9 78 58 1 434
1 143 87 34 86 36 2 435
0 36 90 43 86 45 3 436
0 36 79 59 82 53 3 437
1 108 84 49 74 20 5 438
0 137 85 43 92 31 3 439
1 108 68 62 58 80 2 440
1 126 74 22 81 14 3 441
1 106 78 19 83 39 1 442
0 32 89 42 80 45 3 443
0 87 81 46 84 44 3 444
0 143 90 33 89 41 3 445
1 36 89 32 83 42 4 446
0 143 84 34 82 38 3 447
1 108 90 29 83 50 4 448
1 0 84 35 57 63 1 449
0 143 75 52 74 49 3 450
1 143 83 36 88 38 2 451
0 36 76 50 70 58 3 452
0 143 83 34 72 52 3 453
0 72 75 53 82 55 3 454
0 86 89 32 90 45 3 455
1 33 84 50 72 54 1 456
1 122 78 58 63 79 1 457
1 36 80 44 87 40 5 458
0 72 82 44 74 48 3 459
1 46 86 50 85 40 2 460
1 143 85 45 76 50 1 461
1 45 84 50 65 43 2 462
1 36 81 43 81 43 5 463
0 36 85 45 75 60 3 464
1 48 80 42 79 45 2 465
1 0 82 42 83 54 5 466
0 143 93 30 82 39 3 467
0 72 80 56 68 56 3 468
0 73 84 37 77 45 3 469
1 108 76 48 82 55 1 470
0 17 90 31 89 38 3 471
0 22 69 53 85 38 3 472
0 72 87 40 82 55 6 473
1 143 71 54 71 57 4 474
1 72 71 52 79 39 1 475
0 143 89 30 78 45 3 476
1 45 80 38 81 38 1 477
1 0 81 45 70 56 3 478
0 72 79 46 81 42 3 479
0 36 84 34 80 43 3 480
0 143 80 50 86 36 6 481
0 108 75 50 69 59 3 482
0 108 83 38 84 34 3 483
0 52 85 43 84 41 3 484
1 142 76 50 75 52 2 485
1 108 78 38 80 56 1 486
1 125 85 36 87 47 1 487
0 72 85 47 85 47 3 488
0 108 84 50 89 38 3 489
0 36 62 48 62 48 3 490
0 36 75 64 77 49 3 491
1 36 82 45 80 45 1 492
0 67 74 48 76 46 3 493
0 72 88 44 84 44 3 494
0 134 83 36 69 65 3 495
1 108 87 43 83 45 5 496
1 0 76 62 79 59 3 497
1 108 70 30 75 31 1 498
0 10 87 35 82 34 3 499
1 56 89 30 80 43 1 500
0 59 86 52 81 42 3 501
0 112 84 33 91 33 3 502
0 34 85 50 82 46 4 503
0 36 89 37 82 54 3 504
1 122 93 32 79 40 3 505
1 91 84 37 85 34 1 506
1 86 78 45 80 43 1 507
1 126 79 59 80 56 1 508
1 36 78 48 82 47 5 509
0 52 87 39 76 24 3 510
0 108 86 35 79 45 3 511
0 36 73 56 75 50 3 512
0 49 72 53 87 36 3 513
1 36 78 47 71 53 1 514
1 128 82 40 80 43 1 515
0 36 80 46 73 49 3 516
1 108 69 54 90 39 2 517
0 9 77 47 61 53 4 518
1 140 72 25 78 23 4 519
1 99 72 51 69 65 1 520
0 36 85 24 69 33 3 521
1 111 76 58 70 62 1 522
1 80 89 30 80 42 1 523
0 108 82 56 83 41 3 524
0 24 70 53 73 53 3 525
0 93 72 54 79 45 3 526
0 108 77 57 71 55 5 527
0 72 77 19 74 34 3 528
1 85 73 51 79 43 2 529
0 103 82 45 83 44 3 530
1 72 76 58 84 39 3 531
0 84 82 43 78 59 3 532
1 131 76 47 83 39 1 533
0 112 71 54 84 39 3 534
1 34 77 60 75 63 4 535
0 72 72 57 84 44 3 536
0 12 81 45 85 41 3 537
0 88 80 55 76 48 3 538
1 19 89 42 86 45 1 539
1 36 83 41 89 35 1 540
0 129 85 44 87 37 3 541
0 0 83 42 81 45 3 542
1 108 77 47 82 44 1 543
1 4 75 52 79 54 1 544
0 82 84 41 84 41 3 545
0 115 85 43 82 36 3 546
1 70 83 43 88 41 1 547
1 114 84 40 83 39 2 548
0 36 78 57 79 60 3 549
0 143 79 56 66 69 3 550
0 100 71 53 70 56 3 551
1 72 86 46 84 44 5 552
0 0 77 47 56 55 3 553
1 63 85 45 63 23 1 554
0 72 69 55 84 54 6 555
0 79 82 41 87 38 3 556
0 141 80 26 66 26 3 557
1 143 79 49 23 29 2 558
0 143 82 43 85 45 3 559
1 108 69 54 80 43 1 560
1 108 86 48 85 47 1 561
1 36 71 52 69 55 1 562
0 143 90 32 71 69 3 563
1 108 77 56 73 62 5 564
0 36 81 56 83 35 3 565
0 108 87 43 82 54 3 566
0 139 89 32 85 43 3 567
0 36 81 42 86 40 5 568
1 74 81 46 80 43 2 569
0 72 79 49 79 45 3 570
1 110 83 43 77 48 2 571
1 58 85 36 90 43 1 572
0 108 75 52 89 30 4 573
0 72 71 53 79 59 3 574
1 108 87 34 84 38 1 575
1 28 77 47 80 49 1 576
0 108 78 59 92 34 3 577
0 4 71 57 77 50 3 578
0 6 84 34 71 43 3 579
0 31 72 52 79 54 3 580
1 72 80 45 39 48 1 581
1 119 73 62 79 48 2 582
1 108 80 43 78 43 2 583
1 108 80 56 61 65 1 584
0 139 45 44 40 45 3 585
1 108 80 36 84 26 1 586
0 15 74 55 73 53 3 587
0 128 71 54 68 54 3 588
1 101 75 34 72 35 1 589
1 72 83 39 85 27 1 590
1 36 77 58 77 61 2 591
1 132 75 53 69 54 1 592
0 63 85 47 82 43 3 593
1 74 81 40 75 47 4 594
0 124 76 48 77 46 3 595
1 36 71 56 71 56 1 596
1 108 83 38 86 40 1 597
0 72 88 40 82 37 3 598
1 39 83 41 73 51 1 599
0 135 75 61 71 70 3 600
0 72 89 42 70 56 3 601
0 19 84 37 83 18 3 602
1 64 86 52 86 46 2 603
1 111 82 44 78 40 1 604
0 21 82 46 77 46 3 605
0 45 85 33 71 32 3 606
0 108 84 41 78 45 3 607
0 108 83 38 84 44 3 608
0 113 89 30 79 43 3 609
0 58 81 52 56 49 3 610
1 126 88 37 83 31 1 611
1 25 71 56 74 49 1 612
0 108 80 44 84 40 3 613
0 108 90 41 83 35 5 614
0 109 83 54 69 52 3 615
1 99 82 43 82 45 1 616
1 82 87 26 82 24 1 617
1 73 79 56 72 53 1 618
1 69 83 39 88 36 1 619
0 86 91 38 88 40 3 620
0 88 80 56 82 35 3 621
0 63 84 40 86 45 3 622
0 4 78 47 76 47 3 623
0 36 74 48 73 50 5 624
0 27 70 55 72 51 3 625
1 35 84 40 85 38 1 626
1 72 70 54 79 54 6 627
1 72 85 47 89 35 1 628
1 36 71 57 89 35 6 629
0 126 89 37 78 56 3 630
0 31 78 44 84 36 4 631
0 0 72 69 70 65 3 632
0 143 76 49 74 51 3 633
0 36 80 42 87 35 3 634
0 36 82 46 77 61 3 635
1 85 84 42 87 39 1 636
1 36 70 31 62 30 1 637
0 102 81 44 69 56 3 638
0 0 71 37 71 40 3 639
1 27 81 43 85 45 4 640
1 119 87 45 72 34 1 641
1 50 85 40 85 42 2 642
0 45 88 41 73 53 3 643
0 72 81 42 54 79 4 644
0 142 89 30 87 45 4 645
1 55 84 35 85 45 1 646
0 92 81 36 81 42 3 647
0 36 88 44 83 38 3 648
1 72 78 46 80 50 5 649
1 72 89 38 69 26 6 650
0 108 73 67 77 62 3 651
0 66 83 41 87 38 3 652
0 3 83 38 88 45 3 653
0 57 85 24 93 32 4 654
0 36 80 57 78 57 3 655
1 108 89 42 90 43 6 656
0 108 79 47 79 45 3 657
0 104 81 42 80 43 3 658
0 143 79 45 81 41 3 659
1 120 77 46 81 36 1 660
1 72 88 36 78 58 1 661
1 36 79 48 80 44 5 662
1 108 82 43 80 45 6 663
1 63 88 38 85 45 2 664
0 72 79 37 70 54 3 665
0 126 82 36 89 42 3 666
0 10 78 43 77 60 3 667
0 109 80 46 72 53 3 668
1 84 85 34 68 53 1 669
0 0 77 47 77 43 6 670
1 108 80 38 89 45 3 671
0 72 81 37 81 38 6 672
0 25 90 41 91 30 3 673
0 36 76 48 71 56 3 674
1 36 76 53 87 36 5 675
0 143 77 58 82 52 3 676
0 20 91 33 90 31 3 677
1 143 82 46 87 39 2 678
1 72 77 62 78 59 1 679
1 32 87 47 88 44 2 680
0 72 78 59 69 56 3 681
1 36 82 18 82 27 2 682
0 68 73 54 79 53 3 683
1 108 86 35 67 58 2 684
1 36 80 50 81 42 2 685
0 57 80 42 77 47 3 686
1 108 90 33 79 39 2 687
1 143 84 40 72 50 6 688
1 139 76 47 80 43 2 689
1 42 81 36 73 48 1 690
0 53 80 48 84 45 3 691
1 99 85 39 74 51 2 692
0 102 85 41 91 29 3 693
1 36 85 42 86 48 1 694
0 108 87 47 88 44 3 695
1 106 76 51 73 50 1 696
0 42 82 40 80 38 3 697
1 108 67 45 42 51 1 698
0 27 81 43 85 36 3 699
0 94 80 58 71 51 3 700
1 143 79 43 86 34 5 701
0 14 83 53 82 52 3 702
0 108 77 59 78 47 3 703
1 73 82 42 80 43 1 704
1 143 79 50 89 37 1 705
0 0 76 60 81 43 3 706
1 108 77 46 79 43 1 707
1 72 82 37 73 53 2 708
1 93 92 29 84 35 1 709
0 36 82 20 89 37 6 710
0 0 83 40 91 38 3 711
1 72 73 33 64 27 2 712
1 36 74 51 88 40 1 713
0 36 84 46 86 42 3 714
0 59 73 67 76 64 3 715
0 28 87 40 83 39 3 716
0 36 75 52 81 53 3 717
0 36 84 37 75 64 3 718
0 83 70 56 65 76 3 719
0 108 75 49 80 44 3 720
0 73 84 35 86 38 3 721
1 43 80 49 73 50 2 722
0 36 83 40 88 43 3 723
1 76 72 58 79 54 1 724
1 72 83 38 85 35 1 725
0 72 82 43 80 42 3 726
0 143 82 43 83 39 3 727
0 108 90 37 76 44 3 728
1 86 88 42 90 31 1 729
1 72 74 31 82 44 5 730
1 39 71 51 88 40 2 731
0 105 87 50 85 42 3 732
1 143 84 37 82 41 3 733
1 129 80 40 79 38 2 734
0 113 78 59 62 88 3 735
1 1 82 36 81 57 1 736
0 108 79 44 83 39 3 737
1 72 87 38 90 43 1 738
1 49 85 41 89 34 2 739
1 108 86 41 70 55 1 740
1 143 74 53 77 56 1 741
0 72 79 54 68 58 6 742
0 36 83 36 80 42 3 743
1 0 89 37 89 40 5 744
1 35 61 49 88 39 2 745
0 88 83 34 84 39 3 746
1 36 61 85 65 79 1 747
1 72 72 50 70 54 1 748
0 27 77 44 89 40 3 749
0 139 78 20 85 22 3 750
0 39 86 46 82 41 3 751
0 108 89 42 82 43 6 752
1 105 83 43 84 37 1 753
0 72 83 35 81 39 3 754
0 0 85 49 90 31 3 755
0 122 83 50 71 53 3 756
1 87 62 49 80 36 1 757
0 115 76 62 77 45 3 758
1 36 78 46 85 45 2 759
0 5 59 74 70 74 3 760
0 21 69 53 88 44 3 761
1 16 86 41 86 33 1 762
1 108 81 43 91 33 1 763
0 72 75 50 72 56 3 764
1 143 82 43 74 51 1 765
0 112 78 43 59 43 3 766
1 72 85 41 93 33 1 767
0 107 85 42 83 35 3 768
1 72 93 34 91 41 1 769
0 72 81 42 81 42 3 770
1 49 79 45 91 29 1 771
0 72 85 37 63 48 3 772
0 0 70 53 87 38 3 773
1 123 72 42 68 51 1 774
0 113 83 34 89 42 3 775
1 118 80 50 78 49 1 776
1 72 70 33 67 36 1 777
1 83 76 47 86 40 1 778
1 36 86 48 89 35 3 779
0 138 71 55 88 38 3 780
0 72 63 51 59 65 3 781
1 115 78 48 75 47 2 782
0 72 82 38 82 39 3 783
1 70 79 45 79 56 1 784
0 96 87 45 93 33 3 785
0 7 87 47 78 47 3 786
1 72 85 47 88 41 1 787
0 29 70 56 75 49 3 788
0 130 81 56 85 22 3 789
1 131 83 43 74 50 1 790
0 136 80 43 90 42 3 791
0 108 71 54 83 54 3 792
1 72 82 44 75 52 1 793
0 72 76 47 75 48 3 794
1 72 61 43 64 40 2 795
1 96 82 56 73 55 1 796
0 27 80 45 72 54 3 797
1 63 77 45 78 43 1 798
1 36 83 38 82 38 5 799
1 18 81 43 85 37 4 800
0 143 78 49 72 52 3 801
1 16 82 50 69 68 2 802
0 13 83 35 79 46 3 803
1 108 70 54 75 47 2 804
0 72 69 53 70 52 5 805
0 9 77 49 71 53 3 806
0 143 86 37 60 51 4 807
0 52 78 47 84 45 3 808
1 36 75 61 68 62 1 809
0 126 83 43 74 52 4 810
0 36 87 45 85 49 3 811
1 90 79 56 81 41 2 812
0 0 85 42 80 43 3 813
0 87 82 44 88 34 3 814
0 72 86 39 77 44 3 815
0 36 82 41 73 34 3 816
0 7 93 31 81 37 3 817
0 72 87 44 87 35 3 818
0 49 82 50 89 46 3 819
0 124 90 32 88 44 3 820
0 51 72 34 92 30 3 821
1 74 81 38 82 35 1 822
1 108 82 40 96 7 6 823
1 72 77 47 76 50 1 824
1 36 81 40 84 44 5 825
0 109 84 38 71 53 3 826
1 108 81 46 77 50 1 827
0 78 93 32 86 42 3 828
1 108 87 46 86 45 2 829
0 143 83 38 89 41 5 830
0 108 85 44 89 37 3 831
1 36 79 60 80 58 6 832
0 36 81 38 81 38 3 833
0 141 80 57 81 55 3 834
1 5 86 50 89 31 1 835
1 0 87 49 84 33 2 836
1 124 83 34 80 37 2 837
1 72 79 48 84 47 1 838
1 0 88 37 86 49 1 839
0 71 84 40 78 43 4 840
0 108 75 48 80 46 5 841
0 72 81 45 81 36 3 842
0 102 75 48 66 64 3 843
1 108 83 38 85 35 1 844
0 24 89 38 75 48 3 845
1 101 88 41 86 47 3 846
1 82 10 9 46 35 1 847
1 36 85 47 88 48 1 848
0 36 89 43 82 43 3 849
0 108 67 64 71 62 3 850
0 72 86 48 46 52 3 851
1 48 76 51 79 48 2 852
0 36 86 41 69 57 3 853
1 72 80 49 87 33 1 854
0 30 79 56 72 53 3 855
1 108 86 43 84 41 3 856
1 108 90 30 81 41 1 857
0 143 79 46 83 41 3 858
0 18 80 56 66 64 3 859
1 140 82 45 87 38 2 860
1 72 80 40 82 51 4 861
0 108 81 46 80 40 4 862
0 26 60 53 57 51 3 863
0 72 12 9 93 31 5 864
0 72 83 51 68 62 3 865
0 143 72 67 68 72 3 866
0 72 72 66 73 62 3 867
0 72 74 52 71 57 3 868
0 42 78 46 83 38 3 869
1 84 86 35 87 39 2 870
0 13 80 47 83 44 3 871
1 8 72 55 73 51 1 872
0 36 81 46 86 37 5 873
1 19 84 41 83 53 2 874
1 108 80 43 86 38 1 875
1 27 67 61 67 61 2 876
1 137 73 19 75 23 1 877
0 28 79 48 78 44 3 878
0 107 75 47 75 48 3 879
1 108 85 43 68 57 1 880
1 139 70 55 78 46 2 881
0 72 81 52 77 48 3 882
1 36 83 44 75 47 1 883
0 111 78 50 79 45 3 884
0 72 81 38 68 61 3 885
0 143 73 31 85 35 3 886
1 109 82 18 73 39 2 887
1 102 77 62 77 46 1 888
1 66 71 54 78 47 1 889
1 103 90 33 87 32 1 890
0 36 82 37 80 53 3 891
0 108 80 43 78 44 5 892
0 60 79 48 82 36 3 893
0 90 85 24 71 43 3 894
0 0 72 68 69 72 3 895
0 36 77 50 71 59 3 896
1 108 76 51 77 43 1 897
1 127 84 43 91 39 1 898
0 36 84 34 59 30 3 899
0 72 77 32 80 46 3 900
1 12 91 41 92 31 1 901
1 90 75 31 73 33 1 902
0 36 82 34 89 42 3 903
0 108 72 53 81 41 3 904
0 132 71 57 76 48 3 905
0 143 65 31 80 54 3 906
0 108 81 58 79 60 3 907
1 6 88 39 83 37 1 908
1 88 86 43 82 41 1 909
1 55 80 58 71 57 3 910
1 72 83 39 81 53 1 911
1 18 88 40 78 61 1 912
1 72 82 47 91 37 1 913
0 115 82 40 76 46 3 914
1 1 74 25 82 19 2 915
0 85 89 43 88 38 3 916
0 108 75 51 78 47 3 917
1 3 80 46 76 48 2 918
0 36 80 47 76 51 3 919
1 18 75 51 71 50 1 920
0 48 81 53 76 60 4 921
0 24 85 36 77 49 3 922
1 36 69 59 87 50 1 923
0 72 78 20 74 48 5 924
1 36 12 9 64 82 3 925
1 72 86 42 83 38 1 926
1 143 80 46 69 55 5 927
1 143 86 33 51 84 1 928
1 26 69 55 84 49 1 929
0 139 81 41 84 45 3 930
0 143 76 48 73 53 5 931
0 119 71 56 82 54 3 932
1 108 90 39 85 35 3 933
0 7 86 34 78 45 3 934
0 54 81 38 86 45 3 935
1 21 71 36 76 33 1 936
1 108 87 38 82 43 5 937
1 98 75 52 86 39 1 938
1 34 84 53 83 50 1 939
0 72 77 47 79 45 5 940
1 108 84 15 71 20 2 941
1 138 67 57 70 58 1 942
0 108 88 42 93 31 3 943
1 36 88 43 89 36 1 944
0 121 88 31 80 35 3 945
1 1 77 24 77 45 1 946
0 6 81 38 87 41 3 947
1 74 87 41 95 2 1 948
0 97 92 33 79 44 3 949
1 72 73 55 78 55 1 950
0 52 83 37 81 42 3 951
1 10 89 39 79 56 1 952
0 51 83 36 72 50 3 953
0 36 79 45 79 43 5 954
0 72 77 62 80 48 3 955
0 3 86 39 89 36 3 956
1 72 81 44 79 48 1 957
0 139 83 38 90 30 3 958
1 143 87 42 82 39 2 959
1 112 81 55 81 41 2 960
0 27 72 52 63 50 3 961
0 129 78 49 80 42 5 962
1 95 78 49 87 39 2 963
1 72 84 49 74 49 2 964
0 45 88 36 89 44 3 965
1 82 86 43 90 39 2 966
1 18 71 55 68 55 2 967
0 9 84 34 71 55 3 968
1 123 66 78 86 49 1 969
0 108 87 47 83 35 3 970
1 36 88 42 71 52 1 971
1 143 76 59 71 58 1 972
1 58 81 47 88 38 2 973
1 72 84 50 89 39 1 974
0 143 80 46 70 56 3 975
1 3 85 42 81 41 2 976
0 88 84 49 55 37 4 977
0 72 87 35 77 49 3 978
1 99 71 56 65 42 1 979
1 133 54 68 55 83 1 980
1 108 73 53 80 44 2 981
0 97 66 78 66 75 3 982
1 90 76 47 76 47 1 983
1 72 71 54 84 41 2 984
1 108 77 50 88 44 1 985
0 72 71 71 76 21 3 986
0 125 89 36 87 43 3 987
1 36 77 48 82 41 1 988
0 34 74 49 79 46 3 989
0 85 82 34 80 45 3 990
1 107 80 58 76 59 2 991
0 143 85 28 73 33 3 992
1 0 70 52 78 56 1 993
0 143 74 50 72 55 5 994
1 79 82 43 88 37 1 995
1 111 85 52 89 33 2 996
1 2 80 58 74 48 2 997
0 36 78 46 80 54 3 998
1 127 90 44 91 34 1 999
0 35 87 37 79 39 3 1000
1 107 82 40 71 63 1 1001
0 36 83 41 84 49 5 1002
1 109 85 45 43 53 1 1003
1 9 72 55 58 43 1 1004
1 70 70 57 76 57 1 1005
0 60 81 42 81 42 3 1006
0 72 78 47 77 46 3 1007
1 36 86 41 70 61 1 1008
0 117 88 34 93 30 4 1009
0 45 14 10 74 21 3 1010
0 121 81 41 73 53 4 1011
0 99 76 47 77 61 3 1012
0 25 76 49 71 51 3 1013
0 108 78 45 83 53 3 1014
0 72 84 34 86 36 3 1015
1 36 86 42 88 40 1 1016
1 84 82 43 72 52 1 1017
0 72 82 44 80 8 3 1018
0 125 84 45 67 63 3 1019
1 85 90 42 86 45 1 1020
0 125 89 41 84 43 3 1021
0 69 83 35 76 63 3 1022
0 62 78 24 74 32 3 1023
1 77 79 48 80 44 2 1024
0 72 79 47 81 43 3 1025
1 39 75 52 82 28 1 1026
1 108 89 40 80 40 1 1027
1 72 87 42 90 34 1 1028
0 75 71 54 80 36 3 1029
0 142 83 40 81 42 3 1030
0 108 86 41 88 35 3 1031
0 36 80 45 78 56 3 1032
1 79 89 37 67 57 1 1033
0 108 91 38 90 42 6 1034
0 143 79 49 89 42 5 1035
0 83 81 41 66 76 3 1036
0 108 85 34 70 54 3 1037
1 36 71 54 76 57 1 1038
0 78 84 43 90 41 3 1039
0 66 91 32 84 44 4 1040
0 36 82 46 80 45 3 1041
1 72 85 42 48 81 1 1042
0 36 79 47 73 50 3 1043
1 82 84 43 90 40 3 1044
0 0 72 53 80 45 4 1045
0 72 76 63 77 62 5 1046
0 36 83 35 86 33 3 1047
0 11 77 61 82 50 3 1048
0 72 82 36 87 38 3 1049
0 22 76 58 88 42 3 1050
0 72 80 52 74 52 3 1051
1 108 77 50 71 54 2 1052
1 108 88 35 87 47 1 1053
1 5 80 43 74 47 1 1054
0 21 80 47 67 47 3 1055
0 0 76 60 79 58 3 1056
0 82 89 36 85 45 3 1057
0 36 81 55 80 55 3 1058
1 36 82 35 81 43 1 1059
0 108 80 54 83 54 3 1060
0 72 82 43 84 43 5 1061
0 88 68 66 85 49 3 1062
1 87 83 34 69 37 1 1063
0 108 75 50 88 48 3 1064
0 36 10 9 26 29 3 1065
0 64 90 39 80 37 3 1066
0 13 83 41 80 39 3 1067
0 31 78 43 67 73 3 1068
0 36 70 35 70 19 3 1069
1 18 89 42 85 45 1 1070
1 108 81 55 70 57 1 1071
0 46 85 42 85 36 3 1072
0 48 77 59 76 48 3 1073
0 4 85 52 89 37 3 1074
1 72 84 49 82 43 3 1075
0 72 72 51 80 43 3 1076
1 43 78 48 72 53 1 1077
1 76 78 48 90 42 4 1078
0 4 81 39 73 62 3 1079
1 33 88 41 66 61 1 1080
1 63 71 52 80 48 1 1081
0 72 87 47 83 53 3 1082
0 108 85 37 80 50 3 1083
0 108 93 31 92 19 3 1084
0 128 81 56 74 53 3 1085
0 96 81 40 73 52 3 1086
0 38 84 41 86 45 3 1087
1 72 87 49 83 53 1 1088
1 94 76 47 73 49 1 1089
0 36 84 43 78 60 3 1090
0 61 90 42 84 44 3 1091
0 112 82 53 76 59 3 1092
1 108 85 36 80 42 5 1093
0 108 83 37 84 37 6 1094
1 70 83 41 82 31 1 1095
1 108 79 50 74 55 1 1096
0 48 80 49 80 47 3 1097
1 72 74 47 87 50 1 1098
0 62 69 53 80 42 3 1099
1 38 71 54 74 51 1 1100
0 72 88 44 87 49 5 1101
1 6 74 52 69 53 1 1102
0 112 75 61 71 68 3 1103
0 143 83 42 90 39 5 1104
0 36 89 37 84 45 3 1105
1 76 84 43 83 50 1 1106
1 143 81 46 84 36 2 1107
1 88 74 68 70 66 1 1108
0 24 78 47 83 43 3 1109
1 41 84 41 89 30 1 1110
0 88 71 32 81 35 3 1111
0 143 80 46 42 51 4 1112
0 36 52 19 89 32 3 1113
0 23 89 39 71 42 3 1114
0 138 83 54 76 64 3 1115
1 73 74 48 76 59 1 1116
1 108 81 42 72 54 1 1117
0 108 72 53 83 54 3 1118
1 0 84 36 80 52 1 1119
0 72 80 50 52 47 3 1120
1 36 84 44 83 39 5 1121
0 143 80 47 80 45 3 1122
1 72 82 50 84 42 3 1123
1 36 75 48 78 49 3 1124
1 36 80 38 79 35 2 1125
0 108 90 41 90 39 6 1126
1 108 74 48 86 35 1 1127
0 117 86 48 82 50 3 1128
1 0 86 48 82 51 1 1129
0 121 78 47 74 52 3 1130
0 143 90 39 88 42 3 1131
0 72 78 59 87 39 5 1132
0 62 77 46 82 31 3 1133
1 36 71 65 76 60 2 1134
0 72 72 50 77 46 3 1135
0 14 91 29 79 45 3 1136
0 101 77 50 73 56 3 1137
1 63 71 54 82 41 1 1138
1 143 87 43 77 59 2 1139
0 35 84 33 71 54 3 1140
1 108 64 29 75 21 1 1141
0 0 73 54 59 51 3 1142
1 36 89 42 81 39 4 1143
1 72 82 55 70 59 1 1144
0 36 82 55 73 55 3 1145
1 108 75 47 75 47 2 1146
1 120 81 42 85 38 1 1147
1 143 80 41 85 34 1 1148
0 53 85 43 82 37 3 1149
0 30 85 48 86 42 3 1150
1 136 75 48 35 38 1 1151
0 49 84 38 84 70 3 1152
1 61 89 42 76 48 1 1153
0 36 77 49 85 35 3 1154
0 71 71 54 73 49 3 1155
1 36 93 32 88 41 1 1156
0 72 83 43 84 44 3 1157
1 51 77 48 63 47 1 1158
1 72 68 56 82 38 1 1159
1 139 85 45 84 37 1 1160
1 51 74 49 74 48 1 1161
1 26 90 42 84 41 1 1162
0 72 79 47 76 48 3 1163
1 138 10 9 69 1 1 1164
1 51 90 30 90 31 2 1165
0 15 69 55 90 40 3 1166
1 76 73 31 78 24 1 1167
0 143 79 43 79 43 5 1168
1 25 83 35 93 31 2 1169
0 72 87 43 87 43 3 1170
1 30 86 41 86 41 2 1171
1 35 81 47 41 51 2 1172
0 23 79 45 70 54 3 1173
1 72 71 56 68 56 1 1174
0 117 72 51 70 53 3 1175
1 36 82 40 84 39 1 1176
1 109 78 48 80 22 1 1177
1 22 80 54 87 42 3 1178
1 72 85 47 80 49 1 1179
0 127 12 9 89 38 3 1180
0 108 78 50 82 44 3 1181
1 105 88 41 85 35 1 1182
1 143 82 36 81 57 1 1183
1 102 71 57 80 41 1 1184
0 108 81 42 68 35 3 1185
1 5 73 48 70 53 1 1186
1 6 78 59 89 46 1 1187
1 39 86 39 81 35 1 1188
1 36 82 46 80 42 6 1189
0 72 72 25 85 45 6 1190
0 143 80 47 75 50 3 1191
1 10 81 46 82 41 2 1192
0 99 69 56 81 57 3 1193
0 72 71 57 80 56 3 1194
0 105 89 30 80 43 3 1195
0 11 93 29 90 38 3 1196
1 72 72 53 76 47 1 1197
0 108 78 42 62 49 6 1198
0 72 89 33 77 32 3 1199
1 108 75 51 74 47 3 1200
1 61 81 43 84 41 1 1201
0 72 68 56 64 60 3 1202
1 142 85 43 77 49 1 1203
0 143 81 42 88 42 3 1204
1 143 88 42 80 56 1 1205
0 42 84 43 85 47 3 1206
1 108 88 45 83 38 1 1207
0 36 69 50 69 53 3 1208
1 138 75 53 73 56 1 1209
1 108 82 20 62 28 5 1210
1 40 82 45 89 41 1 1211
1 3 81 42 88 40 1 1212
0 117 73 53 74 49 3 1213
1 117 71 52 80 56 4 1214
1 43 79 50 84 37 4 1215
1 14 72 52 75 49 2 1216
1 36 81 53 71 54 1 1217
1 125 91 34 88 38 1 1218
1 0 73 56 84 45 1 1219
1 138 12 9 76 58 1 1220
0 143 10 9 50 86 3 1221
0 120 85 50 85 42 3 1222
1 96 73 65 76 58 2 1223
0 0 77 47 78 45 3 1224
1 72 77 47 85 51 1 1225
0 1 86 41 90 32 3 1226
1 133 75 54 80 46 2 1227
0 15 79 59 77 51 3 1228
1 143 77 49 70 57 1 1229
0 36 72 53 74 53 6 1230
0 84 79 49 79 45 3 1231
1 36 85 49 82 39 4 1232
0 72 82 42 84 44 3 1233
1 31 73 53 83 55 1 1234
0 141 90 43 71 52 3 1235
0 108 90 33 87 37 3 1236
0 63 73 51 74 47 3 1237
0 15 87 47 81 54 3 1238
0 36 91 29 70 52 3 1239
1 108 84 50 81 56 1 1240
0 43 88 38 89 32 3 1241
0 36 71 56 81 51 5 1242
0 123 77 49 69 46 3 1243
1 72 89 39 80 50 6 1244
1 72 74 53 78 62 1 1245
0 36 80 56 62 84 3 1246
0 124 86 52 55 52 3 1247
0 72 77 50 70 65 3 1248
0 72 80 40 79 39 3 1249
0 72 84 34 89 42 5 1250
0 72 71 54 69 69 3 1251
0 0 91 32 90 42 3 1252
0 108 87 46 90 31 3 1253
1 36 84 24 81 35 1 1254
1 0 82 42 84 45 1 1255
0 132 81 41 80 44 3 1256
0 115 71 59 71 53 3 1257
1 75 90 29 86 46 1 1258
1 108 80 46 72 51 5 1259
1 113 87 37 81 36 1 1260
1 92 85 42 78 44 1 1261
1 143 90 33 80 46 1 1262
1 72 88 40 74 49 1 1263
0 108 73 52 83 39 3 1264
1 109 75 52 71 52 4 1265
1 0 44 53 63 51 1 1266
0 53 85 36 75 47 3 1267
0 142 12 9 87 38 3 1268
1 108 89 42 85 28 2 1269
1 105 82 53 86 42 1 1270
0 36 79 49 81 36 3 1271
0 72 83 44 74 34 3 1272
1 27 93 32 72 51 1 1273
0 72 82 41 84 52 3 1274
1 49 81 51 71 53 1 1275
0 59 89 43 90 41 3 1276
1 127 80 46 67 61 2 1277
1 3 85 42 83 35 1 1278
1 143 81 46 85 36 1 1279
1 143 81 38 60 43 1 1280
1 67 78 47 65 66 1 1281
1 47 77 58 78 58 1 1282
1 43 82 38 83 40 2 1283
0 36 72 52 74 48 3 1284
0 143 84 42 84 41 3 1285
0 40 85 34 86 41 3 1286
0 72 71 54 80 57 4 1287
1 31 75 51 82 42 2 1288
1 72 83 37 70 37 1 1289
1 67 80 57 69 54 4 1290
0 10 76 52 70 53 4 1291
0 58 72 53 72 58 3 1292
1 45 87 48 80 46 2 1293
0 22 84 34 76 47 3 1294
1 114 90 41 75 64 1 1295
0 33 85 42 91 30 3 1296
0 87 83 35 86 43 3 1297
1 36 79 44 67 14 2 1298
0 27 89 36 88 37 3 1299
1 54 91 34 90 31 1 1300
1 36 86 41 82 56 1 1301
0 46 66 78 81 57 3 1302
1 52 73 35 81 20 2 1303
1 130 80 45 79 23 1 1304
0 52 89 42 69 54 3 1305
0 0 77 48 81 37 3 1306
0 0 81 41 89 39 5 1307
0 118 12 9 30 33 3 1308
0 108 81 43 86 42 3 1309
0 3 79 44 77 48 3 1310
1 72 75 47 83 35 1 1311
0 44 75 54 70 53 3 1312
0 22 75 47 75 49 3 1313
0 133 81 52 44 40 4 1314
1 36 83 41 80 45 2 1315
0 99 75 47 82 44 3 1316
0 108 79 46 72 51 3 1317
0 108 79 48 83 37 3 1318
1 45 92 31 82 41 1 1319
1 139 69 54 75 49 1 1320
1 108 74 47 76 58 1 1321
1 108 83 38 77 47 1 1322
0 0 82 44 87 39 3 1323
0 130 89 42 80 37 3 1324
1 127 73 62 67 66 2 1325
0 43 84 36 85 50 3 1326
0 135 87 42 82 51 3 1327
0 115 89 39 82 36 3 1328
0 36 66 61 76 62 3 1329
1 57 90 31 79 39 1 1330
0 48 82 46 79 57 3 1331
0 72 79 54 83 54 6 1332
1 36 82 45 83 17 5 1333
1 36 81 38 83 38 4 1334
1 87 77 50 70 54 2 1335
0 82 81 55 69 57 3 1336
0 110 81 20 84 16 3 1337
1 36 85 46 82 43 5 1338
1 36 89 40 73 33 5 1339
1 27 87 35 82 42 1 1340
1 98 85 49 86 46 1 1341
0 24 78 49 69 56 3 1342
1 22 72 64 80 36 1 1343
1 96 86 42 80 46 2 1344
0 0 87 47 82 46 3 1345
0 36 81 42 84 38 4 1346
1 47 71 54 72 56 2 1347
1 21 69 52 58 51 1 1348
0 98 80 46 58 92 3 1349
0 72 93 33 84 34 3 1350
1 5 76 53 79 58 3 1351
1 53 72 51 80 50 2 1352
1 72 76 58 82 53 2 1353
0 100 74 49 70 53 3 1354
0 143 83 35 42 48 3 1355
1 36 71 53 79 56 1 1356
0 36 75 56 74 59 5 1357
0 36 88 39 87 40 3 1358
0 108 76 62 61 43 3 1359
1 72 75 32 84 35 1 1360
0 32 79 48 70 57 3 1361
0 124 77 46 78 60 3 1362
0 54 78 50 81 43 3 1363
1 135 82 47 80 50 1 1364
1 12 82 43 85 45 2 1365
0 36 85 49 66 78 3 1366
0 0 76 50 66 65 3 1367
0 86 86 48 78 60 4 1368
1 107 73 53 73 55 2 1369
1 36 83 42 83 42 3 1370
1 74 74 53 84 45 4 1371
0 36 83 38 85 35 3 1372
1 72 77 60 85 36 6 1373
0 72 85 41 73 23 3 1374
0 135 81 43 85 35 3 1375
0 142 68 66 74 50 3 1376
0 36 79 48 75 49 5 1377
0 43 76 47 79 49 4 1378
1 63 70 57 69 55 1 1379
1 14 90 37 91 32 1 1380
1 72 68 46 81 26 1 1381
0 72 84 51 76 48 3 1382
1 37 83 44 83 43 1 1383
0 36 88 36 83 41 3 1384
1 143 87 48 89 32 1 1385
1 72 73 53 71 52 5 1386
0 139 74 51 78 50 3 1387
0 105 78 48 89 37 3 1388
0 58 71 52 81 43 3 1389
0 6 93 33 79 59 3 1390
0 79 79 60 82 40 3 1391
0 143 71 51 73 51 6 1392
1 4 79 44 73 49 2 1393
0 25 71 52 73 49 3 1394
0 106 87 50 82 50 3 1395
1 108 83 43 59 50 2 1396
1 108 70 55 81 37 1 1397
1 18 81 51 83 43 1 1398
0 0 76 47 78 60 3 1399
1 108 91 32 79 47 3 1400
1 108 88 42 90 30 1 1401
1 36 88 38 84 44 2 1402
1 109 76 47 76 48 1 1403
1 126 78 57 84 34 1 1404
1 36 82 37 79 39 3 1405
0 23 84 34 88 35 3 1406
1 75 91 32 72 51 1 1407
1 5 80 20 89 11 1 1408
0 108 82 44 73 51 3 1409
1 0 74 13 99 6 6 1410
0 108 89 44 82 51 4 1411
1 27 72 52 90 42 1 1412
1 73 73 62 72 50 1 1413
0 84 79 45 77 44 3 1414
0 130 77 49 79 44 3 1415
0 139 83 43 90 30 3 1416
1 82 82 40 84 54 1 1417
0 136 71 53 71 54 3 1418
1 36 82 43 78 50 6 1419
0 108 84 40 87 38 3 1420
1 22 85 45 83 40 3 1421
0 72 77 50 77 49 3 1422
1 14 71 53 89 42 1 1423
0 72 90 34 84 49 3 1424
1 108 71 54 70 56 1 1425
1 51 83 45 86 33 2 1426
0 13 68 70 70 67 3 1427
1 85 88 42 83 45 1 1428
0 100 85 42 71 55 3 1429
0 113 83 43 86 44 3 1430
1 108 89 42 84 44 1 1431
0 72 91 29 84 24 3 1432
1 143 86 48 77 60 1 1433
1 72 83 41 83 36 1 1434
0 108 73 55 79 34 3 1435
1 80 70 56 72 53 1 1436
0 29 61 71 69 59 3 1437
1 143 77 62 82 55 3 1438
1 72 75 52 72 57 3 1439
0 108 84 45 93 31 5 1440
0 72 82 35 80 42 3 1441
0 72 76 62 81 57 4 1442
0 67 64 33 83 29 3 1443
0 36 88 40 85 41 3 1444
0 78 72 53 78 44 3 1445
0 77 12 99 12 99 3 1446
0 4 82 43 85 46 3 1447
0 25 86 42 85 32 3 1448
1 36 71 51 70 54 1 1449
1 36 60 50 84 49 2 1450
1 72 76 47 83 35 2 1451
0 108 75 48 75 56 3 1452
0 118 73 67 77 62 3 1453
0 108 80 53 76 47 3 1454
1 105 76 51 70 52 2 1455
1 54 84 43 77 48 3 1456
1 72 74 47 81 41 1 1457
0 117 86 41 89 41 3 1458
0 36 81 39 80 23 5 1459
1 108 90 39 90 41 2 1460
1 0 77 46 84 37 1 1461
0 31 82 36 75 49 3 1462
1 126 79 57 76 59 3 1463
1 119 83 43 79 36 1 1464
1 143 66 78 82 50 6 1465
1 72 72 49 78 45 1 1466
0 36 79 45 71 53 3 1467
1 0 88 45 87 44 6 1468
1 143 86 42 90 35 3 1469
1 108 85 49 78 56 5 1470
1 33 77 49 81 44 1 1471
0 43 87 43 50 44 3 1472
0 36 84 35 83 45 3 1473
0 20 89 38 92 31 3 1474
1 75 69 53 83 41 2 1475
0 36 80 49 78 49 3 1476
0 79 81 42 84 45 3 1477
1 108 82 37 84 45 3 1478
0 72 88 35 88 38 3 1479
0 36 85 49 84 51 3 1480
0 95 76 50 80 56 3 1481
1 1 83 52 78 59 3 1482
1 45 86 22 81 9 2 1483
1 136 89 41 85 27 2 1484
0 18 89 42 80 45 3 1485
0 48 79 44 73 49 3 1486
0 108 71 52 77 60 5 1487
1 96 86 39 92 34 1 1488
0 72 89 35 82 55 3 1489
1 103 90 42 85 49 1 1490
0 87 76 47 71 57 3 1491
0 124 89 42 87 35 3 1492
1 45 83 42 81 45 4 1493
1 51 77 47 70 53 2 1494
0 112 73 52 90 31 3 1495
0 108 78 48 75 53 3 1496
1 108 82 55 72 51 2 1497
0 121 84 43 80 38 3 1498
1 72 89 35 89 32 1 1499
1 72 91 34 75 34 2 1500
0 60 89 43 86 48 3 1501
1 72 83 45 87 41 5 1502
1 36 85 39 82 39 1 1503
0 72 86 49 88 47 5 1504
1 108 89 34 84 43 2 1505
0 12 91 29 90 39 3 1506
0 108 89 42 93 31 3 1507
1 0 86 48 73 33 1 1508
0 143 66 61 68 58 3 1509
0 36 80 43 90 30 3 1510
1 72 76 59 73 53 1 1511
0 108 75 54 71 53 3 1512
0 72 82 38 79 45 3 1513
1 36 88 41 88 49 1 1514
0 38 81 52 85 42 3 1515
1 135 80 42 82 39 2 1516
0 108 74 55 77 50 6 1517
1 72 88 41 80 46 1 1518
0 79 80 40 79 38 3 1519
0 72 74 64 69 60 3 1520
1 132 80 56 84 51 1 1521
0 143 78 47 86 49 3 1522
0 63 83 41 92 31 3 1523
1 112 89 46 86 45 4 1524
1 72 10 9 31 30 1 1525
1 126 75 64 88 38 1 1526
0 108 70 56 68 59 5 1527
0 0 80 44 84 45 3 1528
0 108 72 53 69 53 4 1529
1 143 84 43 80 46 1 1530
0 143 87 47 69 55 3 1531
0 52 83 44 81 41 3 1532
1 108 90 30 72 62 6 1533
1 103 78 49 81 40 2 1534
0 49 81 44 83 41 3 1535
1 139 71 54 70 57 1 1536
0 0 83 40 82 16 3 1537
1 84 76 47 80 48 1 1538
0 36 78 57 83 51 3 1539
1 0 76 53 78 47 1 1540
1 86 85 37 78 39 1 1541
0 24 82 51 69 53 3 1542
0 90 86 48 88 39 3 1543
1 120 83 41 80 54 1 1544
0 143 86 39 80 58 3 1545
0 108 71 52 71 53 3 1546
1 72 80 40 83 41 1 1547
0 108 80 56 67 68 3 1548
1 9 84 39 72 53 1 1549
0 28 83 37 89 36 3 1550
1 143 83 55 83 39 2 1551
0 43 76 59 70 52 3 1552
0 133 92 29 72 51 3 1553
1 143 82 54 81 33 1 1554
1 72 74 55 84 49 1 1555
0 36 71 54 71 53 5 1556
1 108 80 46 73 52 2 1557
1 39 89 36 80 45 1 1558
1 72 88 40 78 44 1 1559
0 39 88 45 72 34 3 1560
1 36 79 49 75 48 1 1561
1 108 14 10 69 36 5 1562
1 26 77 46 75 47 3 1563
0 108 48 41 39 48 3 1564
1 108 70 55 90 41 3 1565
0 4 80 54 82 37 3 1566
0 72 70 60 75 47 3 1567
1 21 69 54 72 54 1 1568
0 29 81 52 71 51 3 1569
0 49 80 38 87 42 3 1570
0 28 87 34 81 45 3 1571
1 108 74 50 89 38 1 1572
1 27 71 53 69 53 1 1573
0 72 85 42 85 42 3 1574
1 136 78 57 50 52 1 1575
1 72 78 59 71 66 1 1576
1 42 78 47 82 46 2 1577
0 108 10 9 72 13 3 1578
1 108 71 51 75 47 1 1579
1 108 81 38 86 41 1 1580
1 36 79 45 74 55 1 1581
1 69 80 45 75 47 1 1582
1 94 79 53 74 52 1 1583
1 18 81 55 78 43 1 1584
1 132 80 46 76 47 2 1585
0 28 70 55 57 43 3 1586
1 80 78 57 77 61 3 1587
0 102 90 36 89 38 3 1588
1 72 86 46 87 38 1 1589
1 81 80 47 86 35 2 1590
1 112 88 36 83 55 1 1591
1 103 81 56 85 23 3 1592
1 143 83 40 70 52 5 1593
1 100 80 46 80 43 1 1594
0 143 75 48 84 40 3 1595
0 85 69 56 76 47 3 1596
0 24 85 41 71 53 4 1597
1 10 75 46 86 42 1 1598
1 72 89 46 56 48 1 1599
1 108 85 39 91 34 6 1600
0 72 78 60 64 81 3 1601
0 108 88 38 81 38 5 1602
0 12 89 42 88 44 3 1603
1 61 86 37 87 32 4 1604
1 72 84 37 81 39 1 1605
0 111 79 43 87 41 3 1606
0 36 81 52 83 38 3 1607
0 43 73 51 76 51 3 1608
1 114 83 43 83 38 3 1609
0 121 88 34 91 38 4 1610
1 87 87 50 84 49 1 1611
1 36 85 43 20 16 1 1612
0 36 79 45 43 49 3 1613
1 108 83 44 89 42 1 1614
1 108 82 44 74 52 1 1615
1 1 83 41 72 53 1 1616
0 143 74 49 72 53 3 1617
1 0 83 43 76 52 5 1618
0 72 85 42 85 35 3 1619
1 114 80 37 88 40 2 1620
1 94 89 37 86 44 1 1621
1 36 79 41 82 44 1 1622
1 60 84 40 76 47 1 1623
1 132 88 45 86 47 1 1624
0 7 78 58 82 51 3 1625
1 108 72 51 71 55 1 1626
0 26 85 33 87 32 3 1627
1 11 77 47 46 36 2 1628
1 72 87 49 86 45 2 1629
1 72 78 45 68 61 1 1630
0 108 85 35 82 35 3 1631
1 36 68 58 83 34 5 1632
0 125 59 86 87 49 3 1633
0 36 73 34 79 21 5 1634
1 55 80 43 76 48 1 1635
1 86 83 38 87 38 1 1636
0 36 89 34 74 54 5 1637
1 72 76 63 81 54 2 1638
0 111 91 34 72 51 3 1639
0 93 88 38 88 42 3 1640
1 86 12 9 67 26 1 1641
0 140 83 50 49 43 3 1642
1 72 80 45 87 35 5 1643
0 128 83 44 80 46 3 1644
1 36 79 49 87 33 1 1645
1 44 68 35 86 35 1 1646
0 72 80 47 81 35 3 1647
1 51 88 38 87 49 1 1648
0 72 85 39 86 36 3 1649
0 108 77 45 93 30 3 1650
0 36 83 18 71 32 3 1651
0 36 83 40 76 47 3 1652
0 108 83 37 84 28 3 1653
0 122 73 53 68 54 3 1654
0 18 84 47 69 55 3 1655
1 72 77 50 79 47 1 1656
0 36 90 31 89 36 4 1657
1 73 74 62 82 43 1 1658
0 80 82 46 73 48 3 1659
0 108 80 46 67 61 3 1660
1 80 79 43 65 49 1 1661
0 33 83 40 77 48 3 1662
0 36 75 51 81 53 5 1663
1 0 74 56 75 50 1 1664
1 72 88 38 68 76 1 1665
0 27 80 46 84 22 3 1666
0 36 83 45 75 12 3 1667
1 108 74 55 77 57 5 1668
0 130 81 45 86 47 3 1669
1 15 61 51 62 48 2 1670
1 143 84 41 84 41 1 1671
1 130 83 52 86 38 1 1672
0 36 77 45 74 48 3 1673
1 111 81 37 89 41 3 1674
0 125 74 52 74 53 3 1675
0 72 85 37 67 80 3 1676
1 72 89 42 87 43 1 1677
0 72 87 40 85 27 3 1678
0 28 78 59 87 45 3 1679
0 13 74 55 72 57 3 1680
0 36 75 53 69 53 3 1681
1 61 77 48 81 43 3 1682
0 34 87 43 80 42 3 1683
1 108 78 48 82 39 1 1684
1 141 88 40 85 35 3 1685
1 36 88 41 88 41 5 1686
1 115 90 34 71 22 3 1687
0 72 85 47 85 35 3 1688
0 19 80 58 81 57 3 1689
0 60 80 46 41 51 3 1690
1 72 74 52 85 42 3 1691
0 10 86 48 75 53 3 1692
1 0 81 45 83 44 3 1693
0 49 76 60 70 71 3 1694
1 36 89 36 80 57 1 1695
0 74 83 33 83 33 3 1696
0 69 76 46 81 41 3 1697
1 72 82 41 79 48 5 1698
0 108 77 50 79 46 3 1699
1 108 78 61 78 47 1 1700
1 72 84 34 80 40 1 1701
0 84 75 31 85 38 3 1702
0 36 90 32 73 51 4 1703
0 108 70 56 57 50 3 1704
1 72 84 40 90 32 1 1705
1 136 73 56 81 43 1 1706
0 18 59 48 61 43 3 1707
1 108 81 48 81 51 1 1708
1 113 84 37 75 32 1 1709
0 36 84 44 84 43 3 1710
1 108 82 43 82 46 2 1711
1 55 85 39 83 35 2 1712
0 72 89 42 85 42 3 1713
1 36 85 40 65 77 5 1714
1 49 89 46 87 41 1 1715
0 36 85 49 81 54 5 1716
1 108 89 42 88 38 5 1717
1 36 77 57 73 49 1 1718
1 36 76 21 65 30 1 1719
0 82 76 47 60 47 3 1720
1 72 92 34 90 42 5 1721
0 46 88 42 85 45 3 1722
1 55 81 42 72 32 4 1723
1 18 88 41 85 46 1 1724
1 108 81 53 77 46 1 1725
0 143 89 35 80 42 4 1726
0 115 79 45 79 44 3 1727
0 75 85 44 85 46 3 1728
1 143 82 55 79 59 1 1729
0 73 87 36 93 31 3 1730
1 95 39 47 43 43 1 1731
1 108 80 22 86 36 5 1732
0 97 84 38 84 44 3 1733
0 36 76 48 74 47 6 1734
0 49 82 42 89 40 3 1735
0 60 77 47 85 42 3 1736
1 36 82 51 78 47 1 1737
1 36 88 46 80 56 1 1738
0 72 85 42 78 49 3 1739
1 68 70 54 71 55 1 1740
0 36 85 36 83 25 3 1741
1 20 82 55 76 62 1 1742
1 66 87 38 80 22 2 1743
0 121 77 61 72 52 3 1744
0 36 83 38 79 49 3 1745
0 72 86 42 85 43 3 1746
0 136 72 53 70 56 3 1747
0 117 80 46 84 49 3 1748
0 76 88 42 81 37 3 1749
0 36 89 36 66 33 3 1750
0 90 70 57 85 39 3 1751
0 136 78 57 66 64 3 1752
0 108 70 34 85 35 3 1753
1 0 89 33 82 35 1 1754
1 82 85 45 91 41 2 1755
1 0 85 36 87 41 1 1756
0 36 77 48 76 47 3 1757
1 0 76 49 74 49 2 1758
1 72 81 54 78 47 1 1759
1 36 79 22 87 42 2 1760
1 36 83 34 75 22 1 1761
0 143 70 56 73 56 3 1762
0 137 82 51 92 34 3 1763
1 108 80 46 63 63 5 1764
0 40 73 53 70 53 3 1765
0 108 81 46 82 45 3 1766
0 119 62 49 55 35 3 1767
1 36 75 33 85 7 1 1768
1 121 70 53 80 43 2 1769
0 120 82 43 83 41 3 1770
0 143 78 20 81 24 3 1771
1 108 88 38 83 35 2 1772
1 112 79 47 69 52 1 1773
0 0 81 44 72 64 3 1774
0 86 85 35 89 33 3 1775
1 134 78 50 84 35 4 1776
1 83 78 43 77 47 2 1777
1 108 68 30 71 38 4 1778
1 141 12 9 90 30 1 1779
0 72 80 40 82 38 3 1780
1 0 75 47 79 43 1 1781
1 108 84 38 84 34 1 1782
0 32 90 44 89 46 3 1783
0 47 84 43 89 37 3 1784
1 87 86 48 76 63 1 1785
1 123 78 44 80 44 1 1786
1 46 82 39 83 37 1 1787
1 137 71 57 70 52 3 1788
0 72 69 53 67 61 3 1789
1 51 86 41 75 47 1 1790
1 34 79 55 80 57 1 1791
1 72 78 47 82 39 1 1792
1 36 82 41 73 48 4 1793
0 72 76 47 89 31 3 1794
0 91 59 43 74 32 3 1795
1 28 82 32 44 36 1 1796
1 95 83 39 77 61 1 1797
0 36 81 53 66 79 3 1798
0 28 70 36 71 38 3 1799
1 72 74 49 72 54 2 1800
1 17 70 57 68 62 1 1801
1 143 84 49 89 31 1 1802
0 72 90 32 90 33 3 1803
1 36 82 40 83 38 5 1804
1 36 74 54 72 56 6 1805
0 85 83 43 84 44 3 1806
0 37 87 40 80 43 4 1807
0 129 80 58 85 39 3 1808
0 40 86 52 86 50 3 1809
1 72 73 64 77 61 2 1810
0 108 88 41 85 43 3 1811
1 69 83 34 84 36 1 1812
1 105 69 57 67 60 1 1813
1 72 81 40 85 40 1 1814
1 53 89 43 63 29 2 1815
1 126 78 60 72 57 2 1816
0 36 93 32 91 33 3 1817
0 72 83 43 74 34 5 1818
1 108 81 43 75 1 6 1819
0 64 79 54 71 54 3 1820
1 99 69 52 79 48 1 1821
1 133 69 54 78 20 1 1822
1 106 83 39 86 35 1 1823
1 36 77 45 77 45 1 1824
1 49 86 43 86 49 1 1825
0 72 84 43 86 43 3 1826
0 36 82 43 84 44 3 1827
0 36 82 41 82 50 5 1828
1 108 82 37 70 53 1 1829
1 108 77 50 71 51 1 1830
1 36 74 33 82 35 1 1831
0 44 75 50 78 60 3 1832
1 36 85 45 83 50 1 1833
1 69 74 49 71 55 1 1834
0 36 90 39 92 34 5 1835
0 0 84 39 80 48 3 1836
1 108 77 51 78 50 5 1837
0 5 80 56 73 54 3 1838
0 66 80 36 75 47 3 1839
1 68 73 34 81 26 2 1840
1 86 81 36 81 42 1 1841
1 36 80 58 82 55 3 1842
0 69 75 47 77 50 3 1843
0 72 81 52 71 56 3 1844
1 36 83 38 77 49 3 1845
1 108 69 65 66 71 1 1846
1 72 86 33 78 50 1 1847
0 108 71 52 82 40 3 1848
0 108 86 50 88 34 6 1849
0 72 74 61 83 37 3 1850
1 130 73 55 76 49 1 1851
0 46 83 38 87 37 3 1852
1 132 73 19 87 33 2 1853
1 11 75 51 66 45 1 1854
1 28 76 52 80 32 1 1855
0 143 79 48 85 52 3 1856
1 143 10 9 6 22 2 1857
1 108 74 53 53 42 2 1858
0 108 71 53 78 46 3 1859
1 57 79 45 89 38 2 1860
0 108 70 55 84 54 3 1861
1 111 72 51 80 44 1 1862
0 64 87 49 86 45 3 1863
1 108 88 45 80 20 1 1864
0 39 83 43 83 43 3 1865
0 32 85 37 82 45 3 1866
1 57 76 50 71 52 1 1867
1 141 70 67 72 69 1 1868
0 73 70 55 70 53 3 1869
0 36 79 44 74 48 6 1870
1 133 87 38 71 16 4 1871
0 57 89 42 83 39 3 1872
1 110 73 52 77 57 3 1873
1 124 88 41 90 41 1 1874
0 37 76 52 80 46 3 1875
1 108 83 43 85 38 1 1876
1 36 86 39 72 55 3 1877
0 49 87 42 87 39 3 1878
1 72 86 52 82 51 1 1879
1 70 68 63 78 47 3 1880
0 72 90 34 74 52 3 1881
0 84 89 40 89 31 3 1882
0 36 92 29 82 35 4 1883
1 72 87 49 67 74 1 1884
1 128 77 48 84 37 2 1885
1 36 88 20 72 34 1 1886
0 50 71 53 87 44 3 1887
1 60 89 44 80 55 1 1888
0 94 89 41 83 38 3 1889
1 99 82 51 86 50 1 1890
1 72 86 44 79 58 1 1891
0 72 91 38 71 57 3 1892
1 74 81 51 88 39 4 1893
0 99 78 47 75 47 3 1894
0 66 93 31 79 45 3 1895
1 123 73 34 80 36 1 1896
1 142 69 52 75 59 1 1897
1 58 87 44 78 40 3 1898
1 72 87 39 80 57 5 1899
1 36 72 53 77 44 1 1900
0 117 72 58 74 62 3 1901
0 108 83 44 79 57 3 1902
1 0 88 39 88 42 6 1903
0 36 80 45 72 57 3 1904
0 29 88 37 74 62 3 1905
0 0 75 46 75 48 3 1906
0 51 81 54 85 38 3 1907
0 24 85 40 89 33 3 1908
0 108 84 50 88 44 3 1909
0 115 80 44 80 35 3 1910
1 36 79 59 80 56 1 1911
1 30 79 43 79 39 2 1912
1 36 79 45 79 45 1 1913
1 60 88 38 91 32 2 1914
0 36 90 38 81 43 3 1915
1 0 85 35 70 54 5 1916
0 75 83 43 85 43 3 1917
1 109 86 48 84 51 2 1918
0 140 80 38 87 35 3 1919
1 24 71 55 90 30 1 1920
0 112 83 36 83 39 3 1921
1 5 83 40 76 57 1 1922
1 58 85 47 90 32 2 1923
1 72 90 32 81 26 2 1924
0 22 74 53 18 56 4 1925
0 131 90 42 84 43 3 1926
1 36 79 44 84 40 1 1927
1 72 78 49 88 36 2 1928
0 72 81 57 77 62 3 1929
0 0 88 34 80 20 3 1930
0 143 81 53 69 54 3 1931
1 36 80 54 73 66 1 1932
0 32 80 45 85 45 3 1933
0 72 80 49 76 47 3 1934
0 36 64 43 64 43 3 1935
1 120 10 9 81 4 1 1936
0 110 72 54 71 57 3 1937
1 36 84 52 90 42 1 1938
1 143 78 45 72 52 5 1939
1 0 85 51 74 52 1 1940
0 143 81 53 72 51 5 1941
1 108 80 59 57 92 1 1942
0 7 88 39 78 46 3 1943
0 143 84 38 87 37 3 1944
1 0 76 47 68 23 1 1945
1 100 81 47 88 38 4 1946
1 93 82 37 83 35 1 1947
1 120 87 46 83 33 2 1948
0 135 70 55 76 64 3 1949
1 33 88 34 80 40 2 1950
0 75 80 46 58 47 3 1951
1 108 67 75 66 79 1 1952
0 108 85 21 77 45 3 1953
0 42 75 48 80 46 3 1954
1 72 81 53 77 46 5 1955
1 10 80 43 76 50 1 1956
0 55 84 34 84 50 3 1957
0 129 84 43 80 45 3 1958
1 42 84 38 71 56 2 1959
1 0 82 42 83 41 3 1960
1 108 79 48 84 46 3 1961
1 114 85 43 87 41 1 1962
1 79 85 37 82 55 1 1963
1 42 84 39 85 37 1 1964
0 9 81 41 71 54 3 1965
0 121 73 51 73 53 3 1966
0 36 89 32 74 54 3 1967
0 66 69 52 70 57 3 1968
0 133 78 48 80 45 3 1969
1 123 89 40 85 45 1 1970
0 36 83 39 84 41 3 1971
1 36 86 43 87 50 1 1972
1 79 69 54 84 44 1 1973
1 36 82 41 79 57 1 1974
0 143 89 36 88 38 3 1975
0 108 76 53 69 55 5 1976
0 72 83 54 78 59 3 1977
1 133 76 63 68 74 1 1978
1 72 87 45 85 40 1 1979
0 108 88 41 85 41 3 1980
1 126 84 42 82 43 4 1981
1 72 82 39 69 61 2 1982
0 72 88 41 79 37 5 1983
1 63 84 25 65 25 3 1984
1 108 91 34 92 34 1 1985
0 72 78 23 47 32 3 1986
0 18 85 47 81 41 3 1987
1 57 80 44 80 43 3 1988
0 72 82 35 84 37 6 1989
1 36 73 56 72 64 1 1990
1 108 88 38 73 48 6 1991
0 81 44 51 68 67 4 1992
0 122 79 45 83 44 3 1993
0 36 84 27 89 37 3 1994
1 0 70 54 79 58 2 1995
1 60 91 29 79 43 3 1996
0 72 86 43 89 39 3 1997
0 51 46 47 58 52 3 1998
0 79 81 45 86 41 3 1999
