0 135 41 33 45 34 3 0
0 112 29 54 33 43 3 1
1 46 55 66 58 54 1 2
1 110 44 57 47 52 1 3
0 88 56 50 60 41 3 4
1 82 67 74 69 75 5 5
1 22 27 58 27 61 2 6
1 16 46 2 51 2 1 7
0 29 62 70 60 69 3 8
0 85 54 50 50 49 3 9
0 60 68 37 62 58 3 10
1 121 61 18 58 19 4 11
1 111 69 72 71 74 2 12
0 15 28 50 32 45 3 13
0 11 67 41 70 43 3 14
1 59 57 51 56 55 1 15
0 102 54 50 53 22 3 16
1 9 49 45 51 42 2 17
1 17 49 54 50 45 1 18
0 65 52 37 55 39 3 19
1 5 60 25 52 32 2 20
0 123 49 62 41 81 3 21
1 107 40 36 45 31 1 22
1 108 6 61 6 65 3 23
1 66 69 36 69 28 5 24
0 96 6 56 6 64 3 25
0 59 13 1 47 1 3 26
1 121 63 2 58 1 1 27
0 132 69 25 69 31 3 28
1 0 98 16 98 24 4 29
1 100 49 1 45 3 1 30
1 138 40 13 43 12 1 31
1 108 92 29 92 35 1 32
1 49 14 61 58 76 1 33
0 39 70 43 70 35 3 34
1 56 77 6 61 2 2 35
1 11 53 41 49 34 1 36
0 105 60 29 59 25 3 37
1 141 48 36 57 35 1 38
0 137 5 43 6 41 3 39
1 9 53 53 51 46 1 40
1 128 35 13 39 14 6 41
0 42 58 38 51 54 3 42
1 46 58 39 52 61 1 43
0 143 47 4 43 4 3 44
1 130 43 3 46 2 1 45
0 141 59 26 58 34 3 46
0 80 33 43 59 37 3 47
0 5 52 18 49 18 3 48
1 46 49 80 54 79 3 49
0 97 56 46 50 49 5 50
0 102 69 38 68 40 3 51
1 94 30 50 30 44 3 52
0 33 50 59 52 54 3 53
0 97 52 49 53 44 6 54
0 5 59 74 55 74 3 55
1 30 58 60 56 58 1 56
0 71 67 40 72 36 3 57
1 11 60 72 56 76 1 58
1 51 67 73 71 72 1 59
1 61 50 47 44 45 2 60
1 25 51 75 72 71 5 61
1 111 5 37 5 43 1 62
1 116 44 17 50 17 1 63
1 140 63 35 62 39 2 64
0 111 50 57 50 50 5 65
1 25 67 77 71 70 3 66
0 11 49 64 47 70 5 67
0 107 40 36 35 46 3 68
0 140 59 33 53 32 3 69
1 1 56 45 51 60 1 70
0 41 62 32 61 35 3 71
0 0 32 48 33 45 3 72
0 19 45 20 49 19 3 73
0 6 70 71 64 76 5 74
0 105 53 21 54 15 3 75
1 102 70 31 69 33 2 76
0 82 58 74 60 72 3 77
1 140 67 25 70 36 1 78
0 93 60 31 42 39 6 79
0 24 53 44 54 41 3 80
1 5 33 41 30 46 1 81
1 78 66 39 36 16 1 82
0 46 68 42 66 38 3 83
0 105 70 38 62 48 3 84
1 106 45 32 45 27 3 85
1 122 73 32 70 44 1 86
0 84 64 32 68 26 3 87
1 53 58 19 59 17 3 88
1 30 55 39 60 31 1 89
1 57 5 80 5 74 3 90
1 137 57 35 51 43 4 91
0 47 46 33 51 40 3 92
0 116 49 17 45 18 3 93
0 133 53 51 48 60 3 94
0 88 39 3 42 3 3 95
1 93 46 30 52 29 1 96
1 10 57 37 56 35 1 97
1 78 65 51 67 47 1 98
0 15 56 1 52 1 3 99
0 110 51 20 45 22 3 100
0 34 53 54 47 68 3 101
0 78 50 2 46 3 3 102
0 117 36 14 40 11 3 103
1 49 61 25 56 23 1 104
1 39 60 34 64 16 1 105
0 143 56 72 61 71 3 106
0 40 67 38 65 48 3 107
1 117 57 40 54 44 1 108
1 43 61 44 58 45 3 109
0 3 92 29 90 37 3 110
1 143 56 77 59 76 1 111
1 110 80 5 88 5 1 112
1 96 55 36 57 35 1 113
0 139 53 2 49 3 3 114
0 132 48 4 50 3 3 115
0 77 56 32 47 36 3 116
0 123 62 19 44 19 3 117
1 74 77 6 82 5 1 118
1 88 50 65 58 54 1 119
1 66 86 92 83 92 1 120
1 115 98 16 98 20 2 121
1 136 50 2 45 2 2 122
0 85 57 1 62 1 3 123
1 65 6 38 6 41 5 124
1 72 54 40 31 42 1 125
0 51 62 18 58 17 3 126
1 37 53 53 55 50 1 127
1 51 22 20 43 43 1 128
1 26 43 63 51 60 2 129
1 130 49 54 55 45 1 130
1 31 46 43 46 51 1 131
1 64 49 20 42 19 2 132
0 30 49 54 45 60 3 133
1 126 37 13 40 12 2 134
0 117 70 35 63 30 3 135
0 66 48 2 42 2 3 136
0 68 58 28 50 37 3 137
0 1 57 18 64 16 3 138
1 49 7 43 7 40 1 139
1 97 53 44 60 41 1 140
0 119 72 32 66 32 3 141
1 106 60 38 53 47 2 142
0 16 47 30 53 28 3 143
1 2 6 65 5 69 1 144
0 38 42 30 41 34 3 145
1 102 5 68 6 66 1 146
1 79 88 93 86 94 1 147
0 127 56 54 52 48 3 148
1 102 52 1 13 0 5 149
1 112 69 38 67 41 2 150
0 18 55 56 59 45 3 151
0 53 49 63 53 54 3 152
0 40 64 44 65 48 3 153
0 9 47 59 46 62 5 154
0 11 70 36 43 44 3 155
1 33 77 5 71 4 1 156
0 111 55 29 57 31 3 157
1 59 67 33 63 42 1 158
0 40 58 1 62 1 3 159
0 38 53 27 55 17 3 160
1 91 55 47 50 48 1 161
1 34 49 51 53 46 1 162
0 125 5 44 3 36 3 163
0 56 43 56 44 51 3 164
0 134 53 75 68 73 3 165
1 141 6 33 6 21 1 166
1 14 58 28 55 32 2 167
0 101 62 2 55 2 3 168
0 39 53 60 57 60 3 169
1 1 6 65 6 61 1 170
0 44 70 71 67 70 3 171
0 93 39 44 41 43 3 172
0 8 68 42 70 37 3 173
0 64 69 34 67 35 3 174
1 135 41 18 41 42 1 175
0 78 91 39 91 34 5 176
1 101 57 46 57 39 1 177
0 98 6 44 5 36 3 178
1 0 66 44 69 37 4 179
0 96 30 44 33 44 3 180
1 120 55 44 53 46 1 181
1 44 43 18 56 24 6 182
1 98 46 32 32 35 1 183
0 43 68 39 62 32 3 184
1 134 46 4 40 3 1 185
0 97 30 55 21 50 3 186
0 125 36 15 38 14 3 187
1 14 55 49 52 54 1 188
1 110 60 73 54 77 1 189
1 109 6 37 6 34 4 190
0 46 59 16 63 16 4 191
1 37 6 59 6 62 1 192
1 29 70 6 83 5 1 193
1 27 52 20 54 19 4 194
0 18 58 34 48 37 3 195
0 50 52 26 54 29 5 196
1 53 52 33 57 27 3 197
0 102 98 24 98 18 3 198
0 112 55 40 51 44 4 199
1 18 52 36 56 31 3 200
1 68 92 28 91 32 3 201
1 108 31 59 29 56 1 202
1 83 58 29 60 25 1 203
1 48 43 60 45 53 4 204
0 54 5 66 6 68 3 205
1 16 85 4 84 6 1 206
1 50 49 39 47 50 1 207
0 95 27 49 28 54 3 208
1 79 68 39 59 45 2 209
1 46 6 29 6 32 2 210
0 74 32 44 26 50 3 211
0 125 59 26 61 27 4 212
1 139 43 30 42 32 1 213
0 64 44 10 39 12 3 214
0 39 54 43 55 49 3 215
1 72 55 52 53 50 2 216
0 53 48 52 53 46 3 217
0 100 66 39 55 40 3 218
1 61 62 36 63 33 1 219
0 36 46 2 53 1 3 220
1 102 45 72 55 41 5 221
1 77 60 1 67 1 2 222
1 37 55 42 52 41 1 223
0 137 67 36 68 39 3 224
0 36 55 2 65 1 3 225
1 120 61 74 58 74 1 226
1 82 53 54 53 46 1 227
0 45 55 80 49 80 3 228
1 16 38 13 41 13 2 229
0 79 41 34 41 31 3 230
1 142 54 35 55 33 1 231
0 141 49 53 52 55 3 232
0 31 44 52 32 56 3 233
0 58 58 41 58 38 3 234
1 96 69 33 65 40 1 235
0 46 56 63 54 67 3 236
1 93 6 30 5 24 1 237
1 52 33 38 28 30 1 238
1 109 56 74 51 77 1 239
1 14 60 17 54 19 1 240
1 66 71 38 74 31 1 241
0 49 88 3 84 4 3 242
1 73 58 33 61 33 1 243
1 52 70 38 73 30 4 244
1 62 43 32 38 39 3 245
1 16 37 13 43 12 5 246
0 66 41 35 38 39 3 247
1 116 63 2 65 1 1 248
1 105 56 49 57 45 1 249
0 64 53 53 41 69 3 250
1 51 48 78 56 72 1 251
0 26 44 65 55 53 3 252
0 86 4 50 5 52 3 253
1 137 66 30 68 34 3 254
0 115 55 76 50 78 3 255
1 47 57 72 59 73 1 256
1 97 38 80 54 80 1 257
1 0 52 57 61 41 1 258
1 65 60 45 62 40 5 259
1 140 67 40 64 43 1 260
1 111 47 39 48 30 1 261
0 62 50 42 51 40 3 262
0 47 7 41 6 48 5 263
1 95 61 35 56 40 1 264
0 113 61 37 46 54 3 265
0 22 6 36 5 39 3 266
0 76 64 32 69 36 3 267
0 39 54 33 48 37 3 268
0 12 44 51 33 57 3 269
1 64 31 42 50 44 1 270
1 10 38 38 38 50 5 271
1 0 72 36 63 54 4 272
1 20 43 77 56 76 1 273
0 117 29 46 32 43 3 274
1 98 57 31 60 24 2 275
0 122 6 64 5 70 6 276
1 64 69 71 68 74 3 277
0 51 56 30 57 26 3 278
0 138 52 82 52 77 3 279
0 27 51 19 57 18 3 280
1 51 49 79 30 90 1 281
1 139 92 24 92 27 1 282
0 10 37 41 41 44 3 283
1 87 63 44 59 47 1 284
0 47 62 40 59 54 3 285
0 33 70 37 63 46 3 286
0 26 46 48 41 77 3 287
1 92 70 68 70 71 2 288
1 38 40 38 31 38 1 289
0 66 65 43 67 41 3 290
1 10 51 27 39 24 1 291
1 35 5 67 5 70 1 292
1 17 51 60 51 56 1 293
1 102 56 53 44 57 1 294
1 119 65 33 66 41 5 295
0 85 92 26 91 37 3 296
0 143 55 34 54 45 3 297
1 77 57 2 60 1 6 298
0 83 78 7 80 6 3 299
1 12 63 42 61 53 1 300
1 7 58 50 58 47 1 301
0 28 47 57 53 49 3 302
0 105 57 46 55 48 3 303
0 16 34 11 32 12 3 304
1 94 65 50 66 48 1 305
1 38 58 29 53 43 6 306
0 63 43 4 40 4 3 307
1 63 92 35 91 32 1 308
0 53 57 19 60 18 5 309
1 82 55 52 55 46 1 310
1 0 64 42 61 40 1 311
1 57 62 70 60 71 1 312
0 51 56 30 54 24 4 313
0 92 42 4 46 4 3 314
1 48 31 44 35 40 1 315
0 7 55 80 58 80 3 316
0 143 65 74 69 75 3 317
0 51 55 63 59 53 4 318
1 14 62 29 61 32 1 319
0 105 98 22 98 19 3 320
1 116 52 51 56 39 1 321
0 69 47 51 46 54 3 322
1 142 41 33 45 35 4 323
1 55 80 3 81 5 2 324
0 87 47 44 46 47 3 325
1 91 56 28 58 31 1 326
1 32 56 41 58 37 1 327
0 62 4 39 4 29 3 328
0 46 60 48 57 53 3 329
1 0 48 57 44 62 1 330
1 32 55 64 51 61 3 331
1 57 6 46 6 43 1 332
0 112 50 38 47 40 3 333
1 42 40 38 37 43 1 334
0 81 71 34 69 41 3 335
1 13 98 11 98 5 1 336
0 84 51 34 61 35 3 337
0 40 60 37 56 39 3 338
0 78 49 49 55 50 5 339
1 8 58 34 57 32 1 340
0 107 40 44 42 35 3 341
1 134 63 33 56 50 1 342
0 78 44 4 47 4 3 343
0 37 50 2 47 2 3 344
0 121 43 33 38 38 3 345
1 127 88 93 86 92 1 346
0 0 21 49 34 45 4 347
1 72 47 57 52 48 1 348
0 124 57 1 48 2 6 349
0 77 58 33 55 31 6 350
0 102 58 39 38 66 3 351
1 91 60 54 52 62 1 352
0 82 47 27 50 38 3 353
1 23 52 34 54 31 1 354
0 103 35 3 46 4 3 355
0 130 81 6 78 6 3 356
1 96 56 16 60 22 2 357
1 119 63 32 61 30 1 358
1 78 45 19 28 19 1 359
0 111 58 19 45 19 3 360
1 139 83 4 81 5 2 361
0 116 58 47 54 51 3 362
0 31 60 16 31 17 3 363
0 141 61 46 59 47 3 364
0 39 61 38 58 38 3 365
1 26 46 3 43 3 1 366
1 87 50 48 54 42 1 367
1 4 90 20 90 25 1 368
0 48 27 49 32 43 3 369
0 123 6 63 6 66 3 370
1 10 60 52 56 53 1 371
1 21 98 17 98 20 2 372
1 103 47 3 45 4 6 373
1 79 6 68 4 72 1 374
1 19 91 36 92 31 2 375
1 143 43 11 40 12 1 376
1 117 56 46 55 42 1 377
0 26 57 19 54 19 3 378
1 19 66 80 71 72 1 379
1 93 92 32 91 30 1 380
0 133 50 48 29 37 3 381
1 116 53 37 47 58 6 382
0 18 61 30 56 40 6 383
0 32 41 35 44 34 3 384
0 54 57 20 61 19 3 385
0 119 69 45 64 46 3 386
1 14 60 14 44 18 3 387
1 64 52 50 33 39 1 388
0 123 46 81 52 78 3 389
0 37 48 79 58 75 3 390
0 97 6 30 6 37 3 391
1 7 64 28 62 31 1 392
0 50 52 43 62 37 3 393
1 128 58 18 60 17 1 394
0 120 53 43 53 40 3 395
1 133 55 80 50 80 1 396
0 135 5 68 6 70 5 397
0 95 5 44 5 36 3 398
0 23 43 4 40 4 3 399
0 74 58 19 53 20 3 400
0 17 6 44 7 41 3 401
1 86 87 91 89 92 1 402
0 140 52 51 45 63 3 403
1 130 47 21 49 19 1 404
0 129 80 6 82 4 3 405
1 66 54 24 51 27 1 406
0 54 64 45 57 32 3 407
1 78 67 93 65 94 2 408
0 77 6 18 5 26 3 409
0 53 56 29 54 37 3 410
0 58 55 31 54 68 3 411
0 53 57 38 47 39 3 412
1 128 31 43 28 48 1 413
1 110 58 2 55 2 1 414
1 109 46 75 58 78 2 415
0 68 64 37 55 54 3 416
1 106 52 49 51 54 2 417
0 111 79 6 98 4 3 418
1 136 88 93 78 90 1 419
0 117 50 47 53 44 3 420
1 109 62 42 53 69 2 421
0 23 72 70 71 73 3 422
0 4 41 43 35 52 3 423
0 47 6 51 4 35 3 424
0 80 66 31 70 33 4 425
0 13 57 51 51 32 3 426
1 105 37 42 40 44 1 427
1 83 66 42 69 28 4 428
1 53 57 26 48 19 2 429
0 54 30 43 34 43 3 430
1 90 59 35 44 40 2 431
0 46 64 26 60 32 3 432
0 50 67 35 84 7 3 433
1 107 44 18 46 17 1 434
0 18 55 75 30 78 3 435
1 9 43 41 53 41 1 436
1 69 58 37 56 39 1 437
0 112 46 20 42 21 3 438
0 93 57 1 54 1 3 439
0 104 62 33 48 36 3 440
1 83 62 30 56 18 1 441
0 137 51 2 47 2 6 442
0 110 27 61 28 59 3 443
1 18 49 3 46 3 2 444
1 88 55 40 57 39 2 445
1 28 56 79 98 67 2 446
0 23 73 5 79 5 3 447
1 59 6 37 5 39 1 448
0 110 6 29 6 32 3 449
0 111 54 52 54 47 3 450
1 23 57 30 51 34 2 451
0 53 62 28 61 24 3 452
1 44 61 19 49 27 1 453
1 106 51 50 45 63 1 454
0 91 55 39 49 47 3 455
0 117 6 37 5 59 3 456
0 103 46 59 45 64 3 457
0 114 63 49 62 54 3 458
0 111 5 38 6 40 5 459
1 24 51 57 54 32 1 460
0 12 65 40 50 46 3 461
1 135 65 49 63 51 1 462
0 121 39 37 38 39 6 463
1 112 48 29 52 24 2 464
1 126 60 50 59 47 1 465
1 25 7 47 6 53 1 466
1 130 56 47 51 46 1 467
1 6 45 4 40 4 1 468
0 138 56 76 60 74 3 469
0 140 50 20 46 20 3 470
0 11 31 45 33 48 3 471
1 56 54 55 55 53 3 472
0 24 56 39 54 43 3 473
1 0 53 55 52 57 1 474
0 62 6 32 5 39 3 475
0 111 5 44 6 38 3 476
0 3 91 19 91 29 3 477
1 91 54 44 12 49 5 478
1 79 60 14 51 13 1 479
1 84 52 28 47 30 1 480
1 76 6 41 7 17 2 481
0 103 60 38 59 36 3 482
1 46 56 53 60 53 1 483
0 74 52 55 51 50 3 484
0 74 33 43 29 46 3 485
0 53 59 18 56 18 3 486
0 60 79 6 82 5 6 487
1 116 52 46 55 48 5 488
1 78 92 30 92 34 1 489
0 60 53 42 57 47 5 490
0 104 52 46 27 38 6 491
1 117 51 30 46 32 1 492
0 143 51 77 53 54 3 493
0 79 60 1 55 2 3 494
0 134 91 28 91 16 3 495
0 24 54 53 52 58 3 496
1 38 53 33 49 38 2 497
0 92 64 33 71 39 3 498
1 48 43 11 39 12 1 499
1 64 40 14 37 13 1 500
0 80 46 30 54 25 3 501
1 38 65 48 64 53 1 502
0 99 43 4 47 4 3 503
0 83 56 29 56 23 3 504
1 19 51 27 50 29 2 505
0 26 40 38 44 30 3 506
1 65 52 2 49 2 1 507
0 1 62 22 60 28 3 508
0 91 53 45 54 47 3 509
1 112 51 48 50 42 1 510
1 2 67 93 65 94 1 511
0 22 29 66 30 51 3 512
0 12 61 26 59 27 5 513
0 18 54 58 52 62 3 514
0 41 50 47 45 63 3 515
0 74 6 30 6 34 3 516
0 25 64 76 61 78 6 517
0 127 32 46 30 50 3 518
1 26 86 4 88 3 1 519
1 108 56 2 53 2 2 520
0 25 55 73 55 80 3 521
1 16 61 36 50 48 1 522
1 116 49 20 46 20 1 523
0 6 31 48 28 38 3 524
1 16 29 46 32 42 1 525
1 12 68 42 66 39 1 526
1 134 67 73 65 74 1 527
1 74 58 49 54 59 2 528
0 52 49 29 47 27 4 529
0 52 65 51 64 54 3 530
1 32 23 50 30 48 1 531
0 66 57 19 51 20 3 532
1 139 48 39 47 58 2 533
1 63 71 70 68 71 1 534
0 104 54 44 57 39 3 535
0 55 67 42 66 48 3 536
0 80 68 43 54 37 3 537
0 129 88 92 85 92 5 538
1 89 90 38 91 32 1 539
0 72 46 3 36 4 3 540
1 62 39 14 38 12 1 541
1 33 36 13 41 11 1 542
0 110 69 37 71 39 4 543
1 46 68 38 71 39 1 544
1 5 49 34 54 48 1 545
0 143 55 44 52 48 3 546
0 94 6 55 6 50 3 547
0 44 57 39 51 23 3 548
0 119 54 32 61 19 3 549
0 31 64 1 62 2 3 550
1 101 42 19 34 16 1 551
0 20 60 36 62 37 3 552
0 74 58 48 49 45 3 553
0 108 6 66 5 68 6 554
1 101 55 73 57 76 1 555
0 74 54 55 38 56 5 556
0 140 5 38 6 35 3 557
0 109 60 44 61 48 3 558
1 125 49 29 50 27 3 559
0 26 52 47 50 54 6 560
1 91 54 70 49 83 1 561
1 33 56 80 53 80 1 562
1 111 53 40 52 45 1 563
0 52 54 50 40 47 3 564
1 92 65 35 64 33 1 565
0 26 55 46 61 34 3 566
0 125 46 30 40 36 3 567
0 48 51 32 42 42 3 568
1 143 52 17 44 18 1 569
1 30 5 41 5 44 1 570
1 0 61 38 61 34 1 571
0 112 54 39 59 35 3 572
0 39 55 49 57 44 3 573
0 38 67 43 68 39 3 574
1 103 90 35 91 31 1 575
0 52 52 46 49 49 3 576
1 104 55 44 52 54 1 577
0 127 64 77 67 75 3 578
1 110 45 62 52 37 1 579
1 54 46 2 49 2 1 580
0 128 53 27 52 25 5 581
0 59 98 22 98 19 3 582
0 48 51 43 52 39 3 583
0 96 57 39 58 37 3 584
0 138 47 19 52 17 3 585
0 133 66 95 67 92 3 586
0 42 98 16 98 20 3 587
0 75 52 36 53 45 3 588
1 0 69 37 68 40 1 589
0 135 54 37 60 36 3 590
0 27 6 70 6 50 3 591
0 39 54 44 46 62 3 592
1 84 49 20 34 19 2 593
0 94 5 70 4 68 3 594
0 72 49 49 38 48 3 595
1 141 58 18 63 16 1 596
0 12 69 74 69 70 6 597
1 32 66 21 67 27 6 598
1 66 51 75 58 75 3 599
1 54 60 48 59 46 1 600
0 82 6 47 5 34 3 601
0 57 50 78 57 74 3 602
1 39 67 46 67 42 1 603
0 89 68 73 70 72 4 604
0 34 5 67 6 63 3 605
1 55 59 32 62 33 1 606
0 116 61 23 60 19 5 607
0 46 54 78 56 76 3 608
0 111 6 37 6 30 3 609
1 9 60 50 59 47 2 610
1 52 69 76 65 77 1 611
1 102 50 53 50 61 1 612
0 83 6 66 3 76 3 613
1 16 63 47 61 53 5 614
0 68 57 35 55 42 3 615
1 88 43 2 49 2 1 616
1 5 58 48 56 51 1 617
0 31 31 4 27 4 3 618
0 112 33 48 24 45 3 619
1 107 63 43 62 45 1 620
0 130 60 30 62 35 3 621
0 55 60 27 61 23 3 622
1 86 88 93 85 92 1 623
0 121 4 39 6 35 3 624
1 3 4 38 6 34 2 625
0 16 68 39 65 21 4 626
0 61 68 42 98 27 3 627
0 112 51 31 49 34 3 628
1 40 55 18 21 21 1 629
0 25 61 37 51 34 3 630
1 93 60 30 55 31 2 631
0 59 42 12 37 11 3 632
1 32 61 42 60 45 6 633
1 62 53 43 43 52 5 634
1 115 47 38 34 29 1 635
1 29 32 50 29 53 1 636
1 112 55 46 45 64 1 637
0 93 61 34 58 36 3 638
1 94 49 20 45 21 1 639
0 85 68 77 66 74 3 640
1 14 98 21 98 18 5 641
0 114 35 16 39 48 5 642
0 96 53 23 49 28 4 643
1 87 49 36 53 41 3 644
1 105 68 34 70 43 1 645
0 35 69 42 70 44 3 646
0 92 39 44 37 41 3 647
1 13 77 6 81 5 6 648
1 140 4 66 6 58 2 649
0 46 50 20 48 19 3 650
1 1 60 17 59 19 4 651
0 90 62 39 54 47 3 652
0 127 56 45 53 47 3 653
0 109 59 33 46 64 3 654
0 86 30 46 32 56 3 655
0 18 91 24 89 28 3 656
0 79 63 14 55 14 3 657
1 111 54 47 44 50 2 658
0 3 98 22 98 18 3 659
1 8 32 55 30 51 1 660
1 112 31 44 33 43 5 661
0 105 48 21 38 24 3 662
0 134 82 5 80 7 3 663
1 60 61 47 51 46 1 664
0 47 63 70 57 76 3 665
0 120 50 45 57 39 3 666
0 95 48 2 51 2 3 667
1 135 55 80 48 80 1 668
1 88 66 30 58 36 1 669
0 80 43 11 42 13 4 670
1 91 49 51 27 25 1 671
1 139 83 4 80 6 5 672
1 24 47 58 49 54 2 673
0 66 68 41 65 40 3 674
0 51 60 24 57 30 3 675
0 113 62 23 56 28 3 676
1 91 55 53 57 49 1 677
0 88 58 54 53 60 3 678
0 56 67 38 62 49 3 679
0 14 58 15 67 11 6 680
0 82 6 24 6 33 3 681
0 91 57 46 50 47 3 682
0 10 52 18 46 12 3 683
1 23 53 76 50 79 1 684
1 29 58 38 56 40 1 685
1 20 65 40 68 39 1 686
0 86 90 36 90 49 3 687
0 91 48 58 52 53 3 688
0 93 90 37 91 31 3 689
1 46 56 2 63 1 5 690
0 102 72 69 70 71 3 691
1 93 61 1 33 2 1 692
0 0 53 77 56 77 3 693
0 61 39 37 38 40 3 694
1 0 80 5 83 4 1 695
0 79 51 20 60 19 3 696
0 17 54 72 61 74 3 697
0 124 65 41 64 43 3 698
0 121 52 55 35 48 3 699
1 48 91 32 90 37 2 700
1 23 50 36 49 38 1 701
0 64 5 71 6 64 3 702
0 99 91 33 92 26 3 703
0 24 61 35 60 38 3 704
0 59 46 2 49 2 3 705
1 16 45 11 41 13 3 706
0 70 58 2 64 1 3 707
0 38 42 36 45 34 3 708
0 122 40 80 51 80 3 709
0 53 54 31 57 31 3 710
1 32 58 36 55 36 1 711
1 95 30 51 26 58 2 712
0 107 6 40 6 51 3 713
1 48 56 41 52 55 6 714
0 14 98 15 98 12 3 715
1 26 53 50 51 52 1 716
0 83 46 24 54 29 3 717
0 8 55 80 52 80 3 718
1 66 37 21 42 30 1 719
0 46 53 57 55 50 3 720
0 9 52 49 48 64 3 721
0 28 41 4 45 4 3 722
0 117 51 55 55 50 3 723
1 26 46 61 45 65 2 724
0 71 60 23 36 21 3 725
1 47 6 55 5 57 2 726
1 13 61 41 60 30 2 727
1 89 67 40 68 23 2 728
0 76 42 3 49 3 3 729
1 19 45 51 43 66 1 730
1 28 62 29 41 24 1 731
1 128 55 41 57 40 1 732
0 66 73 33 68 32 6 733
1 13 69 36 71 42 2 734
1 140 63 27 62 25 1 735
0 114 48 54 49 49 3 736
1 25 37 48 31 55 1 737
1 130 49 21 45 20 6 738
1 94 31 47 32 45 2 739
1 134 74 67 72 73 1 740
0 26 50 62 47 60 3 741
0 125 65 91 67 92 3 742
1 32 50 42 55 42 5 743
1 133 80 5 99 3 1 744
0 12 53 53 53 44 3 745
0 46 58 76 30 77 3 746
0 122 56 80 34 80 5 747
0 42 44 56 45 48 3 748
1 12 64 52 63 48 1 749
0 37 3 95 2 97 3 750
0 80 66 43 55 39 3 751
0 97 62 42 52 62 3 752
1 80 59 26 58 29 4 753
0 19 52 19 41 20 3 754
0 139 50 80 38 80 3 755
1 64 57 29 52 29 1 756
1 7 6 52 6 33 2 757
1 35 53 24 41 29 1 758
0 35 70 35 72 37 3 759
0 66 6 48 6 62 5 760
0 133 47 52 48 50 3 761
1 56 53 39 56 35 1 762
0 78 92 25 91 27 3 763
1 143 31 45 29 47 1 764
0 39 50 27 35 26 3 765
1 84 68 34 64 41 1 766
1 83 56 77 56 71 2 767
0 42 56 80 52 81 3 768
0 43 98 9 98 12 3 769
1 18 53 58 53 45 4 770
0 105 58 29 60 23 3 771
1 123 44 12 39 12 3 772
1 117 57 45 51 63 1 773
1 23 58 24 50 28 5 774
0 51 32 50 27 56 6 775
0 133 85 3 79 3 3 776
0 66 40 46 28 35 3 777
1 37 49 49 56 43 4 778
1 123 32 48 31 46 1 779
0 1 48 51 52 15 3 780
0 113 60 29 56 27 4 781
0 139 47 50 48 56 3 782
0 46 47 53 32 56 3 783
0 83 41 4 46 4 3 784
0 60 51 41 59 36 3 785
0 107 98 20 98 26 3 786
1 110 6 64 5 62 3 787
1 48 60 23 62 27 1 788
0 21 59 31 59 12 3 789
1 43 59 35 57 34 1 790
1 22 53 44 60 40 1 791
1 17 54 18 52 17 1 792
1 72 6 59 5 64 1 793
0 67 31 44 34 45 3 794
1 48 65 49 52 42 2 795
0 55 40 36 41 34 3 796
0 121 60 53 48 44 6 797
1 106 68 74 70 72 1 798
0 138 30 62 31 59 3 799
0 96 61 92 66 92 3 800
1 24 55 31 56 29 1 801
0 44 68 76 70 73 3 802
1 12 60 30 63 22 1 803
1 104 56 42 60 41 1 804
0 4 53 27 55 23 3 805
0 31 73 67 69 75 3 806
0 27 7 41 6 59 3 807
0 29 66 92 65 95 3 808
1 32 60 55 60 50 1 809
1 62 68 34 66 39 1 810
1 57 98 14 98 24 1 811
0 12 68 33 70 32 3 812
1 51 38 58 68 71 1 813
1 22 50 44 48 67 1 814
1 94 6 68 5 72 2 815
1 70 65 76 70 72 3 816
0 118 47 50 48 55 3 817
1 86 6 40 6 49 1 818
1 128 51 47 51 43 1 819
0 80 48 79 58 75 3 820
1 68 52 42 53 33 1 821
0 25 47 37 55 26 3 822
0 37 6 38 5 45 3 823
0 46 52 60 54 55 3 824
1 21 57 20 61 18 1 825
1 56 54 46 62 34 1 826
0 13 4 77 4 68 3 827
1 20 98 19 98 22 1 828
0 140 51 19 45 21 3 829
1 62 5 21 5 10 1 830
1 33 91 33 90 36 1 831
1 31 55 26 53 24 1 832
1 88 61 32 65 28 2 833
1 125 56 80 47 80 1 834
0 3 5 81 5 66 3 835
1 56 69 37 62 55 2 836
1 140 59 25 57 28 4 837
1 19 47 23 53 24 2 838
1 96 28 25 53 48 2 839
1 134 6 45 6 51 1 840
1 65 31 47 30 51 2 841
0 86 58 39 61 37 3 842
0 37 6 48 6 51 3 843
0 50 51 25 54 24 5 844
1 48 31 43 29 47 1 845
0 111 49 37 59 27 3 846
0 123 31 47 32 51 3 847
1 47 6 44 6 58 1 848
1 8 68 70 71 69 1 849
1 93 85 13 86 24 1 850
1 40 61 31 54 38 2 851
1 108 91 30 90 35 2 852
1 52 39 37 43 37 2 853
1 59 65 28 63 35 1 854
0 143 54 30 60 23 3 855
0 102 37 60 22 65 3 856
1 46 59 44 54 53 1 857
0 41 35 39 31 44 3 858
1 135 69 69 72 70 1 859
0 32 62 39 64 31 3 860
0 21 54 31 54 40 3 861
1 12 54 46 49 53 1 862
0 0 98 22 98 25 3 863
0 94 57 34 49 42 3 864
0 12 63 47 65 41 3 865
1 99 32 50 31 40 1 866
1 82 54 44 53 46 5 867
0 128 55 41 57 39 3 868
1 56 44 63 46 60 3 869
0 75 45 34 30 62 3 870
0 115 98 20 98 15 3 871
0 86 44 65 52 55 3 872
0 33 58 33 53 41 3 873
1 134 31 48 27 48 2 874
0 62 64 1 60 1 3 875
1 141 45 29 41 38 3 876
1 22 64 52 62 45 1 877
0 34 42 2 47 2 3 878
1 129 45 42 44 17 2 879
0 24 11 15 36 42 6 880
0 87 45 66 54 51 6 881
0 57 43 20 36 30 3 882
0 124 53 40 50 33 3 883
0 111 54 44 56 41 3 884
0 130 53 45 51 46 3 885
1 87 47 45 43 58 2 886
1 74 48 2 52 1 1 887
1 90 59 27 56 30 1 888
1 136 81 2 84 4 1 889
1 109 60 40 63 43 2 890
0 82 64 76 70 72 3 891
0 32 33 41 25 44 3 892
1 117 44 62 48 64 2 893
0 71 88 4 89 2 3 894
0 86 47 42 47 39 3 895
1 111 48 49 58 45 1 896
1 119 44 20 46 18 2 897
0 10 67 43 69 45 3 898
1 108 90 38 89 55 1 899
0 120 50 26 58 20 3 900
0 77 70 34 61 26 3 901
1 47 47 57 52 55 1 902
0 59 67 40 69 33 3 903
0 102 55 49 46 58 3 904
1 77 68 72 70 71 1 905
0 50 55 37 57 34 3 906
1 82 56 42 53 40 3 907
0 28 67 92 64 92 3 908
0 39 73 32 62 25 3 909
0 91 5 70 6 68 4 910
0 17 42 12 40 11 3 911
1 126 55 80 60 79 1 912
0 139 65 92 57 93 3 913
0 81 47 31 51 31 3 914
1 132 47 36 58 36 5 915
1 26 69 43 65 44 1 916
0 133 58 54 62 59 3 917
0 27 56 19 43 19 3 918
0 1 62 19 57 18 5 919
1 129 98 22 98 13 1 920
0 39 69 37 65 39 3 921
0 105 70 43 73 31 5 922
0 23 41 68 31 55 3 923
0 7 29 61 31 49 5 924
0 86 57 34 50 35 3 925
0 59 54 53 51 57 3 926
1 20 49 34 54 30 1 927
1 0 26 53 23 63 1 928
0 58 65 34 59 36 3 929
1 52 66 47 59 42 3 930
1 59 56 27 57 34 1 931
1 58 62 37 60 32 1 932
0 99 51 33 46 34 3 933
1 128 39 12 33 16 1 934
1 2 63 38 59 41 1 935
0 112 87 91 88 89 4 936
0 74 6 49 6 45 3 937
1 22 47 55 47 52 1 938
1 135 45 30 44 34 3 939
1 31 1 95 3 96 1 940
1 60 52 19 49 20 1 941
1 143 33 43 55 44 5 942
0 90 59 26 62 20 3 943
1 88 78 7 81 5 1 944
0 73 54 40 59 37 3 945
1 41 40 58 70 73 1 946
0 9 87 2 85 5 3 947
1 28 60 18 65 15 1 948
1 48 29 53 31 50 1 949
0 143 56 35 56 27 3 950
0 47 48 44 53 41 3 951
0 3 92 26 92 31 3 952
0 60 47 57 51 53 3 953
0 110 83 4 78 6 4 954
0 117 49 51 47 71 4 955
1 121 5 28 5 36 1 956
1 126 50 51 57 44 1 957
1 53 57 28 57 31 2 958
1 0 12 1 45 1 2 959
1 52 35 53 35 49 1 960
1 26 52 46 55 51 6 961
1 4 43 59 46 56 1 962
1 143 30 45 34 40 1 963
0 80 52 77 49 78 3 964
0 66 87 4 85 5 5 965
0 26 66 93 62 93 3 966
1 62 53 43 52 45 1 967
1 38 45 33 44 36 5 968
1 104 46 54 46 30 1 969
1 6 55 52 61 37 1 970
0 83 50 49 46 67 3 971
1 109 47 2 50 2 2 972
0 132 62 28 71 35 3 973
1 47 54 31 60 24 1 974
1 89 53 82 57 75 1 975
1 46 6 42 5 39 1 976
0 108 55 34 54 39 3 977
1 112 53 25 51 26 1 978
1 79 49 35 54 33 1 979
0 68 39 53 47 50 3 980
0 84 68 36 68 40 3 981
1 84 61 47 69 40 2 982
1 24 46 50 48 51 5 983
0 54 56 46 56 50 3 984
1 1 58 38 59 41 2 985
0 33 45 48 47 50 3 986
0 49 53 44 48 48 3 987
0 105 69 41 65 46 3 988
1 24 65 41 62 41 3 989
1 112 30 45 26 50 5 990
0 1 92 22 89 37 3 991
0 14 61 35 49 63 3 992
0 121 70 70 71 72 3 993
0 19 48 21 45 21 6 994
1 49 61 26 56 22 1 995
0 91 69 6 77 6 3 996
0 44 53 43 51 48 3 997
0 94 33 51 28 42 3 998
1 38 64 1 61 2 1 999
0 39 57 41 60 43 3 1000
1 35 53 80 49 81 5 1001
1 60 67 93 65 92 1 1002
1 141 48 53 54 54 1 1003
1 11 44 43 53 32 1 1004
1 14 61 27 53 41 3 1005
1 97 88 94 85 95 2 1006
1 81 44 65 50 51 4 1007
1 76 5 38 7 43 5 1008
1 94 5 61 6 64 3 1009
1 109 52 40 51 35 1 1010
0 58 98 22 98 17 3 1011
0 26 46 58 48 55 6 1012
0 115 66 92 65 94 3 1013
0 5 60 46 50 64 3 1014
0 23 67 44 71 31 3 1015
1 53 53 59 52 63 4 1016
1 70 66 42 69 34 1 1017
0 102 56 80 53 81 3 1018
0 94 33 43 31 52 3 1019
0 14 98 25 98 17 3 1020
1 86 67 77 65 74 1 1021
1 40 57 20 48 22 1 1022
0 72 67 92 65 93 3 1023
1 33 89 34 89 37 2 1024
0 2 42 3 49 2 3 1025
1 99 92 25 90 37 1 1026
1 106 7 41 6 62 1 1027
0 2 33 50 32 56 3 1028
0 137 31 45 24 54 3 1029
0 4 69 40 64 31 3 1030
0 25 91 28 90 22 3 1031
0 128 48 52 49 42 3 1032
1 105 6 44 6 32 1 1033
1 127 59 37 56 40 2 1034
1 4 6 33 6 41 1 1035
1 20 66 38 58 37 1 1036
0 114 50 80 40 81 3 1037
0 48 49 60 46 60 3 1038
1 91 54 43 55 41 3 1039
1 55 55 2 58 1 1 1040
1 51 31 51 28 66 1 1041
1 17 64 45 62 49 1 1042
1 129 60 38 61 24 1 1043
1 17 30 78 42 78 1 1044
1 68 56 35 53 33 1 1045
1 46 51 78 53 76 1 1046
1 40 48 57 52 51 2 1047
0 21 45 4 47 3 3 1048
1 28 62 45 62 55 1 1049
0 60 62 38 60 29 3 1050
1 82 53 27 47 32 2 1051
0 11 52 46 55 42 3 1052
0 83 69 40 68 38 3 1053
0 86 6 41 7 43 3 1054
1 86 53 56 54 54 1 1055
0 71 71 34 64 52 3 1056
0 53 59 19 51 20 5 1057
1 94 81 4 69 6 1 1058
0 40 54 79 32 78 3 1059
0 0 98 20 98 16 3 1060
1 7 6 60 6 56 4 1061
1 44 70 36 69 38 1 1062
1 108 62 29 62 35 1 1063
1 50 39 46 13 15 2 1064
0 106 91 34 91 28 3 1065
0 141 62 42 65 20 3 1066
0 81 55 41 55 28 3 1067
0 93 53 36 52 55 3 1068
0 46 6 40 5 42 3 1069
1 94 5 67 5 72 1 1070
1 63 69 76 67 74 1 1071
0 78 47 36 54 31 3 1072
1 72 55 42 49 45 1 1073
1 24 90 23 91 27 1 1074
1 27 60 14 54 14 5 1075
0 17 53 76 62 68 3 1076
1 20 49 19 53 19 1 1077
0 27 5 67 4 78 3 1078
1 13 5 37 5 43 3 1079
0 29 57 58 58 54 3 1080
0 5 59 50 57 46 3 1081
0 53 48 17 49 20 3 1082
0 62 58 80 55 80 3 1083
0 23 52 54 52 57 3 1084
0 102 48 33 43 43 3 1085
0 65 63 40 53 59 4 1086
1 27 68 71 53 75 2 1087
0 57 69 37 62 22 3 1088
0 106 44 4 37 4 3 1089
1 128 68 33 60 30 1 1090
0 72 57 41 52 53 3 1091
1 65 6 53 6 50 1 1092
0 122 70 34 66 23 3 1093
0 40 52 42 60 33 3 1094
0 91 91 30 89 31 4 1095
1 66 88 3 86 4 5 1096
0 55 6 44 6 34 3 1097
1 95 60 48 52 69 1 1098
1 65 64 42 60 53 5 1099
0 113 98 15 98 12 3 1100
1 143 88 93 85 94 1 1101
1 107 57 60 62 43 1 1102
1 63 92 28 92 35 5 1103
0 0 32 44 28 47 3 1104
1 130 52 2 49 2 1 1105
1 119 61 38 63 36 2 1106
0 44 44 21 52 22 3 1107
0 84 55 45 53 51 3 1108
1 86 54 74 57 75 1 1109
1 8 56 18 54 21 1 1110
1 47 55 76 50 79 2 1111
1 107 34 25 37 29 1 1112
1 53 52 56 50 52 1 1113
1 82 50 52 49 55 2 1114
1 143 54 56 56 49 2 1115
1 26 46 44 46 48 1 1116
0 83 59 28 43 20 3 1117
1 17 60 70 52 77 1 1118
0 100 98 22 98 15 3 1119
0 93 63 1 57 1 3 1120
0 56 52 48 50 53 3 1121
0 64 41 11 37 13 3 1122
1 66 51 31 49 33 1 1123
0 112 50 43 57 38 3 1124
0 18 65 74 67 71 3 1125
1 124 67 32 44 18 1 1126
1 106 5 68 3 62 1 1127
0 46 52 19 46 20 3 1128
1 7 88 93 86 91 1 1129
1 134 6 39 5 41 1 1130
0 63 90 25 92 21 3 1131
1 66 67 33 69 35 1 1132
0 98 5 39 6 37 3 1133
1 129 91 41 92 32 4 1134
0 70 46 55 46 59 3 1135
0 108 31 52 29 56 3 1136
0 19 43 54 41 62 3 1137
1 90 57 18 56 12 1 1138
0 89 49 19 45 21 3 1139
0 45 5 48 5 41 3 1140
1 76 53 54 50 49 2 1141
1 17 52 28 54 41 4 1142
1 35 48 45 54 56 1 1143
0 23 65 52 63 46 3 1144
1 51 68 37 63 51 1 1145
0 91 47 47 45 63 6 1146
1 68 55 30 57 27 4 1147
0 90 52 49 54 48 3 1148
1 9 52 46 57 39 1 1149
1 0 41 31 41 41 1 1150
1 88 58 80 52 80 1 1151
0 14 51 49 53 54 3 1152
0 141 57 35 49 52 3 1153
0 130 51 20 50 18 3 1154
0 83 5 40 5 36 3 1155
0 19 49 19 46 20 3 1156
1 140 5 38 5 42 1 1157
1 131 49 19 45 18 1 1158
1 26 39 37 41 42 2 1159
1 125 50 17 47 16 1 1160
1 49 52 26 55 27 1 1161
0 56 47 59 18 62 3 1162
1 102 6 29 6 33 2 1163
0 89 54 41 54 44 3 1164
0 69 58 20 58 17 3 1165
1 110 38 14 31 12 1 1166
0 88 67 24 73 36 3 1167
0 92 56 18 60 17 3 1168
0 89 42 21 45 20 3 1169
1 53 52 54 55 47 1 1170
1 133 57 80 52 80 1 1171
1 128 34 43 54 38 3 1172
0 116 31 49 32 41 3 1173
0 111 59 55 60 44 3 1174
0 19 66 47 67 44 3 1175
1 134 66 94 64 96 1 1176
1 68 54 53 53 55 2 1177
0 92 50 19 45 20 4 1178
1 113 58 24 54 34 1 1179
1 35 69 37 64 44 2 1180
1 88 52 45 49 50 1 1181
0 56 44 63 55 42 3 1182
0 80 59 76 56 76 3 1183
0 78 56 80 50 81 3 1184
1 87 50 51 52 55 2 1185
0 71 59 1 56 2 3 1186
0 117 54 46 54 53 5 1187
0 32 56 2 61 1 3 1188
0 8 56 29 58 21 3 1189
0 7 48 55 48 51 3 1190
1 126 57 44 48 67 5 1191
1 60 52 19 49 20 1 1192
0 28 68 43 71 30 5 1193
0 50 47 57 51 51 3 1194
1 50 50 32 55 23 1 1195
1 28 56 72 54 75 5 1196
0 38 47 45 49 42 3 1197
0 42 66 40 67 33 3 1198
1 40 59 44 55 51 1 1199
1 137 32 49 32 55 1 1200
0 42 15 21 52 29 3 1201
0 84 69 33 73 34 3 1202
0 43 98 23 98 18 3 1203
1 38 59 26 54 31 4 1204
1 10 49 2 42 2 3 1205
0 75 62 34 56 41 5 1206
1 143 33 42 22 47 2 1207
0 27 64 1 61 1 3 1208
0 80 31 46 33 48 3 1209
0 6 56 18 60 18 3 1210
0 126 48 4 42 4 3 1211
1 67 54 46 51 50 1 1212
0 114 38 52 25 34 3 1213
1 63 37 16 66 42 2 1214
1 69 58 73 54 75 6 1215
0 33 58 40 52 39 3 1216
0 100 68 38 70 31 3 1217
1 126 59 36 58 46 1 1218
0 38 39 12 32 13 3 1219
0 17 46 2 41 2 3 1220
0 101 33 50 32 43 3 1221
0 112 47 41 39 31 5 1222
1 39 61 37 48 49 1 1223
1 130 55 42 51 46 1 1224
0 111 66 92 65 94 3 1225
1 100 59 36 58 34 1 1226
1 31 48 54 47 56 1 1227
1 77 47 2 50 1 1 1228
1 12 63 43 58 36 1 1229
1 8 57 72 50 67 4 1230
0 66 43 39 38 42 5 1231
1 104 57 39 54 42 2 1232
1 43 59 41 57 39 1 1233
1 126 28 54 26 51 2 1234
0 139 61 41 59 45 3 1235
1 118 66 93 63 92 1 1236
1 40 59 19 56 19 1 1237
0 55 5 39 6 35 3 1238
1 74 92 31 91 33 2 1239
1 143 55 56 52 52 1 1240
1 67 43 80 57 79 1 1241
0 57 53 57 46 59 3 1242
1 127 6 33 6 42 1 1243
1 134 27 57 30 52 2 1244
1 39 68 39 71 39 3 1245
1 75 29 66 27 61 1 1246
0 52 66 41 69 40 3 1247
1 17 56 20 58 17 1 1248
1 40 63 45 67 45 1 1249
0 23 54 27 47 34 4 1250
0 13 66 41 69 44 3 1251
1 11 45 59 54 49 1 1252
0 53 59 43 54 47 3 1253
1 136 56 34 39 63 1 1254
0 40 46 4 37 4 3 1255
1 70 57 70 13 60 4 1256
1 76 66 31 65 36 1 1257
0 46 5 39 6 36 3 1258
0 44 52 44 58 36 3 1259
1 87 53 48 47 56 1 1260
1 46 61 26 59 29 1 1261
0 92 62 1 60 2 3 1262
0 98 50 37 48 49 3 1263
0 140 68 73 51 75 3 1264
0 53 52 39 49 38 5 1265
1 9 52 44 54 47 3 1266
0 97 55 45 54 54 3 1267
0 55 56 46 54 51 3 1268
0 93 57 2 54 2 5 1269
1 104 55 36 60 29 1 1270
1 35 54 27 43 22 2 1271
1 96 48 55 43 64 1 1272
1 125 6 45 7 54 1 1273
0 32 60 57 56 64 3 1274
1 109 52 76 54 77 2 1275
0 97 55 27 46 31 3 1276
1 68 68 34 68 37 1 1277
1 57 63 84 70 75 1 1278
0 117 63 37 62 39 3 1279
0 79 30 62 28 66 5 1280
0 68 68 42 60 54 3 1281
1 24 39 37 42 31 6 1282
1 102 60 42 55 64 1 1283
1 143 49 19 43 23 1 1284
1 22 59 56 57 54 4 1285
0 96 40 12 42 13 3 1286
1 53 58 29 58 33 1 1287
1 17 45 34 57 42 1 1288
1 31 47 67 54 50 4 1289
0 22 55 80 50 81 3 1290
0 79 57 28 55 31 3 1291
1 77 38 10 40 13 1 1292
1 111 98 16 98 22 1 1293
1 96 68 43 64 42 1 1294
0 116 66 94 65 92 3 1295
1 94 26 40 33 45 2 1296
0 0 6 53 7 43 3 1297
1 93 48 29 54 20 3 1298
1 136 88 93 86 95 6 1299
0 97 58 76 54 76 3 1300
1 24 60 36 51 47 3 1301
1 58 47 19 45 22 1 1302
0 102 54 52 55 44 3 1303
1 16 52 29 34 30 4 1304
1 46 56 72 31 78 1 1305
1 100 59 80 56 80 1 1306
0 15 53 29 57 25 3 1307
0 17 59 46 57 58 3 1308
1 71 47 70 44 65 1 1309
0 60 62 30 64 31 3 1310
0 133 50 47 51 45 3 1311
0 130 6 32 6 28 3 1312
1 122 63 49 50 67 1 1313
1 85 6 37 6 22 2 1314
0 117 31 52 30 50 3 1315
0 74 58 53 58 29 3 1316
1 72 57 41 49 56 2 1317
0 102 46 20 50 18 3 1318
1 5 46 20 37 25 1 1319
1 79 32 53 33 43 1 1320
1 36 39 48 48 38 1 1321
0 132 68 35 72 36 3 1322
0 133 58 1 62 1 3 1323
1 134 70 6 80 6 2 1324
1 108 48 50 55 39 2 1325
1 51 56 77 89 48 1 1326
0 55 91 29 92 25 3 1327
0 136 88 31 87 36 3 1328
1 65 27 60 28 51 1 1329
0 79 27 60 31 45 3 1330
0 105 72 35 69 41 3 1331
1 140 68 37 44 32 5 1332
0 35 56 61 45 56 3 1333
1 28 61 38 54 48 1 1334
0 143 61 14 55 42 3 1335
1 23 47 3 43 4 1 1336
1 118 45 46 41 62 1 1337
1 57 66 40 68 42 1 1338
0 112 52 16 49 18 6 1339
0 45 31 57 30 50 3 1340
0 53 47 34 47 30 3 1341
1 135 5 70 5 66 1 1342
1 64 60 27 59 25 1 1343
1 0 70 72 65 77 3 1344
1 34 48 4 44 4 1 1345
1 94 31 45 29 48 2 1346
0 59 6 50 6 22 3 1347
0 5 64 74 68 72 3 1348
1 105 6 26 6 34 1 1349
0 132 66 37 64 42 3 1350
1 48 47 36 46 29 4 1351
1 79 58 18 46 18 3 1352
1 114 57 38 54 36 1 1353
1 43 98 12 98 9 1 1354
1 132 44 67 47 57 6 1355
1 33 5 69 6 67 1 1356
0 111 6 33 6 36 3 1357
0 74 61 69 57 74 3 1358
0 111 6 36 6 33 4 1359
1 115 42 39 46 30 1 1360
1 29 60 31 61 37 3 1361
0 120 81 6 78 4 3 1362
0 103 27 49 30 45 3 1363
1 46 57 18 50 19 1 1364
1 65 63 45 62 47 1 1365
0 140 55 45 43 46 3 1366
1 103 58 80 55 80 1 1367
1 142 58 70 57 74 1 1368
1 117 50 42 56 37 1 1369
1 121 35 16 53 20 1 1370
1 140 61 1 64 1 2 1371
0 4 55 51 49 56 3 1372
0 84 63 34 63 30 3 1373
1 37 47 2 38 2 1 1374
0 0 32 43 28 49 3 1375
0 71 88 4 86 5 3 1376
0 124 56 18 53 19 4 1377
0 143 47 31 55 27 3 1378
0 122 53 46 56 38 3 1379
1 89 65 73 68 71 1 1380
1 32 90 27 90 24 4 1381
0 62 26 51 28 47 3 1382
1 25 15 21 28 59 3 1383
0 28 63 28 57 15 3 1384
0 90 38 40 39 37 3 1385
1 106 39 12 36 8 1 1386
1 93 41 43 42 40 1 1387
0 24 53 44 59 44 3 1388
0 35 51 18 50 29 3 1389
0 5 49 16 46 17 3 1390
1 114 70 37 50 46 1 1391
1 28 64 43 59 42 6 1392
1 92 64 45 65 43 2 1393
1 42 55 40 48 63 1 1394
1 60 51 61 56 62 1 1395
1 123 32 46 27 44 2 1396
1 135 86 3 78 4 1 1397
1 43 54 37 42 55 1 1398
0 140 70 39 61 48 3 1399
0 3 92 28 90 2 6 1400
1 38 57 29 49 37 1 1401
0 46 6 35 6 26 6 1402
0 47 65 29 61 37 3 1403
1 140 33 45 31 48 1 1404
1 130 53 18 49 19 5 1405
1 102 87 3 84 4 1 1406
0 59 58 46 60 40 3 1407
1 23 80 5 82 4 5 1408
1 86 51 62 50 73 2 1409
1 139 52 20 55 19 3 1410
0 19 29 34 37 48 3 1411
0 46 57 74 56 76 6 1412
0 143 35 41 33 42 5 1413
0 66 39 39 40 35 3 1414
1 80 27 48 25 53 5 1415
0 2 47 44 47 50 3 1416
0 0 68 41 70 36 3 1417
1 57 71 74 67 76 2 1418
1 125 52 52 44 50 1 1419
0 69 49 37 51 35 3 1420
1 80 29 48 34 42 1 1421
1 68 56 31 55 33 1 1422
1 108 6 66 7 56 2 1423
0 23 55 27 50 36 3 1424
1 80 60 44 65 35 1 1425
1 127 63 44 62 41 1 1426
1 143 32 57 47 52 2 1427
0 21 55 77 31 78 3 1428
1 135 49 50 54 28 5 1429
1 28 54 25 46 31 1 1430
0 87 60 45 58 47 6 1431
0 76 67 92 61 91 4 1432
0 103 38 4 48 3 5 1433
1 21 59 19 62 18 2 1434
0 74 54 59 50 61 3 1435
1 123 48 2 28 2 2 1436
1 6 63 52 56 27 6 1437
1 27 6 35 6 26 1 1438
1 135 37 51 39 47 1 1439
1 32 48 47 46 54 1 1440
0 46 58 2 55 2 4 1441
0 52 44 34 41 38 5 1442
1 0 70 39 73 32 1 1443
1 134 60 24 53 19 1 1444
0 32 30 46 33 45 3 1445
1 36 28 58 31 59 1 1446
1 30 73 36 70 37 1 1447
0 137 31 48 28 59 3 1448
1 96 6 42 5 55 3 1449
0 51 73 66 53 75 3 1450
0 103 59 54 53 68 3 1451
1 80 26 58 25 56 2 1452
1 73 59 37 53 44 1 1453
0 53 59 28 59 19 4 1454
1 51 69 71 65 74 1 1455
0 122 56 80 50 81 3 1456
0 138 69 36 74 31 3 1457
0 89 74 67 71 74 3 1458
1 102 55 53 60 49 1 1459
0 62 48 42 47 49 3 1460
0 104 46 53 32 56 3 1461
1 81 59 25 62 27 1 1462
1 100 6 32 5 24 1 1463
1 116 6 38 6 51 1 1464
1 33 44 53 39 60 1 1465
0 74 51 19 35 20 3 1466
0 32 55 41 61 36 3 1467
0 88 28 9 38 12 3 1468
1 14 49 54 49 44 1 1469
1 76 6 53 7 47 1 1470
1 26 53 51 55 46 1 1471
0 55 80 5 77 6 3 1472
1 98 48 47 49 39 2 1473
1 107 6 31 5 35 1 1474
0 19 51 75 71 61 3 1475
0 24 16 20 6 39 3 1476
0 127 62 67 62 73 6 1477
0 44 72 71 66 79 3 1478
0 81 52 25 48 29 3 1479
0 116 56 55 56 61 3 1480
1 73 61 44 63 42 1 1481
1 98 49 19 45 20 1 1482
1 51 65 50 64 53 1 1483
0 39 60 39 57 38 3 1484
1 111 5 39 6 35 1 1485
1 40 38 18 57 15 1 1486
0 59 33 44 31 45 3 1487
0 46 56 38 59 22 3 1488
1 139 43 2 49 2 2 1489
0 123 51 62 56 62 3 1490
1 87 52 50 51 47 1 1491
1 48 4 66 5 69 1 1492
1 128 32 46 27 49 2 1493
0 13 83 5 77 8 3 1494
0 21 61 38 61 27 3 1495
0 45 47 80 33 80 3 1496
0 111 38 40 35 37 4 1497
1 23 57 24 60 23 1 1498
0 57 98 22 98 14 4 1499
1 1 55 43 50 50 1 1500
1 14 59 36 64 30 5 1501
0 32 32 13 27 12 6 1502
0 116 62 25 59 32 3 1503
1 119 69 40 68 42 2 1504
0 24 58 75 60 77 3 1505
1 134 56 76 57 73 2 1506
0 15 54 54 42 64 3 1507
1 60 75 5 80 6 6 1508
1 103 7 45 7 38 3 1509
1 75 57 58 52 62 2 1510
0 130 49 67 51 59 3 1511
0 135 57 46 58 54 3 1512
0 25 58 18 44 27 3 1513
1 40 50 3 32 4 1 1514
1 1 67 93 65 94 2 1515
1 119 69 39 65 43 1 1516
1 99 42 3 39 3 2 1517
1 126 60 17 44 25 1 1518
0 18 53 60 58 54 3 1519
1 11 58 71 55 74 1 1520
1 80 60 37 58 39 5 1521
1 117 57 28 55 31 1 1522
0 84 45 58 45 50 3 1523
1 18 34 44 32 48 2 1524
0 49 56 41 58 38 3 1525
0 31 46 63 49 58 3 1526
1 22 51 38 39 36 1 1527
1 125 29 52 27 49 1 1528
1 52 39 18 39 22 2 1529
1 137 91 33 90 37 2 1530
1 128 57 17 59 25 1 1531
1 28 52 50 52 53 1 1532
0 72 65 51 67 45 3 1533
0 88 62 37 63 35 3 1534
0 132 47 30 52 24 3 1535
0 63 40 76 30 77 3 1536
0 116 55 41 53 53 3 1537
0 83 52 26 64 31 3 1538
1 132 50 43 53 40 1 1539
1 64 66 94 67 92 1 1540
0 55 7 39 6 53 3 1541
1 104 53 34 48 32 1 1542
0 116 60 23 59 25 6 1543
1 137 33 48 30 48 1 1544
0 28 43 4 47 4 3 1545
1 33 58 49 60 47 1 1546
0 128 63 46 67 38 3 1547
1 39 49 48 53 42 1 1548
1 16 91 39 90 36 2 1549
0 75 63 1 55 2 3 1550
1 11 50 78 55 78 1 1551
1 54 98 11 98 21 1 1552
0 135 55 42 59 40 3 1553
1 8 70 6 81 5 1 1554
0 9 57 37 59 40 3 1555
1 0 62 49 60 54 1 1556
0 124 91 42 90 50 3 1557
1 48 52 55 50 58 2 1558
1 43 53 48 55 52 5 1559
0 32 59 48 61 46 3 1560
1 79 32 55 29 64 1 1561
0 136 7 45 6 60 3 1562
0 7 56 70 62 68 3 1563
1 65 58 48 56 52 1 1564
1 42 55 35 58 34 2 1565
1 115 49 66 48 70 1 1566
1 141 57 35 52 45 5 1567
1 52 71 27 66 25 1 1568
0 13 42 59 44 51 3 1569
1 66 70 35 72 37 1 1570
0 123 31 59 30 61 3 1571
0 16 42 57 45 62 5 1572
0 111 49 28 55 40 3 1573
0 107 55 76 58 75 3 1574
1 105 63 53 66 50 1 1575
1 68 49 52 48 54 1 1576
1 27 71 36 61 51 2 1577
1 77 55 1 61 0 2 1578
0 129 35 43 43 42 3 1579
1 143 55 40 62 35 1 1580
1 38 51 75 64 63 1 1581
0 118 59 54 57 51 3 1582
1 8 55 53 48 65 1 1583
1 117 46 4 40 3 1 1584
0 127 67 43 36 15 3 1585
1 25 56 29 57 36 2 1586
1 24 47 2 43 3 1 1587
0 26 37 56 38 58 3 1588
1 42 51 50 53 46 1 1589
0 57 88 92 87 90 3 1590
1 98 67 45 69 41 1 1591
1 67 49 66 45 66 3 1592
1 102 6 41 5 38 1 1593
0 53 52 36 53 32 3 1594
1 8 49 20 53 28 2 1595
0 18 91 21 91 12 3 1596
0 87 52 40 55 37 3 1597
0 40 55 44 53 45 3 1598
1 87 36 50 36 45 1 1599
0 120 34 4 45 4 3 1600
0 129 5 58 4 49 3 1601
1 91 67 43 68 40 1 1602
0 97 53 19 51 20 3 1603
1 3 90 25 91 21 5 1604
0 26 61 1 65 1 3 1605
1 139 46 50 52 49 1 1606
1 38 53 44 56 40 1 1607
1 52 67 40 70 39 1 1608
0 126 61 73 62 71 5 1609
0 63 49 37 51 34 3 1610
0 107 6 68 6 64 3 1611
0 63 58 56 58 44 3 1612
0 109 52 2 49 2 3 1613
0 13 89 93 86 94 3 1614
1 39 98 22 98 14 2 1615
0 63 67 93 65 92 3 1616
0 120 54 80 51 80 3 1617
0 29 59 19 55 21 3 1618
1 48 53 24 41 29 1 1619
1 124 63 46 68 39 5 1620
1 0 33 52 28 58 2 1621
0 69 90 33 90 25 4 1622
1 55 68 41 66 38 1 1623
0 62 65 93 62 94 3 1624
1 75 55 39 45 37 2 1625
0 59 57 61 59 55 3 1626
1 113 58 28 50 36 1 1627
1 80 43 12 40 12 1 1628
1 88 60 51 61 45 1 1629
1 120 68 34 62 29 1 1630
0 24 38 40 41 37 3 1631
1 130 6 61 6 58 2 1632
0 93 49 3 40 3 3 1633
1 29 48 41 57 26 1 1634
0 121 42 35 40 37 5 1635
0 2 42 68 41 63 4 1636
0 123 75 6 81 6 3 1637
1 136 7 44 6 47 1 1638
0 21 68 34 67 36 3 1639
1 18 31 49 29 53 1 1640
0 48 30 44 29 46 3 1641
0 132 49 18 46 20 3 1642
1 27 58 18 51 19 1 1643
0 124 57 1 41 1 3 1644
1 25 60 26 57 28 1 1645
1 81 53 41 46 39 1 1646
0 7 51 24 45 22 3 1647
1 66 41 2 46 2 1 1648
1 100 27 51 29 52 4 1649
1 82 61 29 54 39 2 1650
1 96 67 93 65 94 1 1651
1 85 45 45 70 33 1 1652
1 98 57 35 60 27 1 1653
0 63 69 64 63 64 4 1654
1 33 91 19 95 3 1 1655
0 25 54 57 61 43 3 1656
1 81 53 23 49 20 2 1657
0 36 49 46 49 42 3 1658
1 40 55 56 60 51 1 1659
0 115 62 69 60 70 3 1660
0 56 69 36 63 51 3 1661
1 45 49 38 53 49 1 1662
1 17 43 2 46 2 2 1663
0 109 61 40 62 38 3 1664
1 57 56 49 51 48 1 1665
0 64 46 2 82 1 3 1666
1 119 78 90 82 94 1 1667
0 0 61 32 57 39 3 1668
1 143 50 18 46 21 3 1669
0 13 57 38 55 40 3 1670
1 143 54 70 57 63 2 1671
1 97 60 70 61 73 1 1672
0 82 68 74 66 76 6 1673
0 53 51 46 50 49 4 1674
0 102 71 72 68 73 3 1675
1 67 68 46 69 37 1 1676
0 133 64 42 68 37 3 1677
0 98 49 37 56 37 3 1678
1 24 43 51 46 71 3 1679
0 102 54 48 48 70 3 1680
0 14 57 43 52 52 3 1681
0 17 6 55 7 49 3 1682
0 62 68 33 53 43 3 1683
0 70 61 37 65 31 4 1684
1 85 55 38 52 44 2 1685
0 33 62 30 55 22 3 1686
1 13 6 61 6 66 1 1687
1 139 5 40 5 37 6 1688
1 40 57 18 51 20 1 1689
0 67 57 80 53 81 5 1690
0 93 42 37 43 31 3 1691
1 138 45 4 41 4 1 1692
0 39 57 45 53 51 3 1693
1 112 87 3 81 3 6 1694
0 21 56 32 58 25 4 1695
0 57 57 76 55 77 3 1696
1 10 47 2 51 2 2 1697
0 14 56 46 59 38 3 1698
1 30 41 36 39 39 1 1699
1 23 58 21 62 23 2 1700
0 48 30 52 26 58 3 1701
0 54 64 43 62 49 3 1702
0 65 31 56 33 50 3 1703
1 8 56 38 57 35 1 1704
1 40 51 54 45 64 1 1705
0 25 61 29 60 23 5 1706
0 18 56 52 56 49 3 1707
1 62 61 19 40 26 1 1708
1 17 6 52 4 57 2 1709
1 133 62 34 60 37 1 1710
1 123 58 45 53 45 1 1711
1 23 40 11 43 12 2 1712
0 62 65 0 62 0 4 1713
0 32 67 38 63 31 3 1714
0 137 30 61 25 71 5 1715
1 125 31 53 26 53 4 1716
0 66 51 30 60 27 3 1717
0 84 35 51 48 38 3 1718
1 49 87 4 84 4 1 1719
0 99 53 46 47 63 4 1720
0 51 46 46 54 48 3 1721
0 76 62 49 61 39 3 1722
1 14 50 37 48 50 5 1723
0 87 45 70 51 53 3 1724
0 41 33 46 29 47 4 1725
0 72 44 63 45 60 3 1726
1 136 56 38 55 40 1 1727
0 124 91 36 90 38 3 1728
1 109 53 81 55 74 1 1729
1 27 68 39 48 35 1 1730
1 35 52 80 57 80 1 1731
1 139 92 25 92 28 1 1732
0 131 47 20 45 21 3 1733
1 11 55 45 58 36 1 1734
1 77 51 40 52 43 1 1735
0 72 55 16 50 16 3 1736
0 134 69 34 64 47 3 1737
1 98 46 52 53 40 1 1738
1 115 98 10 98 20 6 1739
1 52 68 38 71 28 1 1740
0 57 47 61 45 62 3 1741
1 44 50 26 47 35 2 1742
1 88 60 32 61 34 2 1743
0 143 59 27 56 29 3 1744
1 70 44 63 44 66 4 1745
0 131 46 37 50 32 3 1746
1 79 59 19 49 16 2 1747
1 130 52 62 55 58 5 1748
0 89 54 80 46 80 3 1749
1 19 65 38 53 63 1 1750
0 51 64 76 39 58 6 1751
1 139 69 44 64 47 2 1752
0 64 41 41 39 38 3 1753
0 112 87 3 83 4 5 1754
0 18 69 44 74 32 3 1755
1 99 68 48 55 63 1 1756
0 108 73 66 72 70 3 1757
0 46 60 17 55 17 3 1758
1 73 49 60 23 63 1 1759
1 116 48 19 51 18 5 1760
0 21 60 47 64 38 5 1761
0 120 55 36 57 38 3 1762
1 1 55 41 57 39 2 1763
0 132 65 43 71 41 3 1764
0 142 87 4 81 2 3 1765
0 123 31 46 30 51 3 1766
1 94 63 40 57 39 3 1767
1 78 69 37 59 51 1 1768
1 136 69 37 62 49 1 1769
1 72 6 57 6 69 1 1770
1 130 55 39 48 49 1 1771
1 35 31 47 32 52 1 1772
0 46 61 29 63 30 3 1773
0 74 48 2 46 3 5 1774
1 50 59 26 50 28 2 1775
0 93 90 37 90 41 3 1776
0 109 48 78 61 70 3 1777
1 32 58 30 45 61 2 1778
1 124 68 33 48 31 2 1779
0 88 56 43 59 33 5 1780
0 3 92 23 92 34 3 1781
0 67 43 33 42 38 3 1782
0 79 33 44 28 44 3 1783
1 56 68 34 69 38 1 1784
1 41 63 33 58 23 2 1785
0 137 41 43 39 38 3 1786
0 123 56 41 54 42 3 1787
0 0 68 47 63 56 3 1788
1 65 59 48 54 52 1 1789
0 83 66 46 58 56 3 1790
0 9 49 80 33 80 3 1791
0 73 56 20 58 18 3 1792
0 100 51 34 69 27 5 1793
1 102 64 30 44 40 1 1794
0 56 55 41 29 57 3 1795
0 115 27 49 34 40 3 1796
1 128 55 36 55 31 2 1797
0 63 70 72 69 74 3 1798
1 40 5 68 4 63 4 1799
0 79 45 53 47 40 3 1800
0 52 39 91 38 58 3 1801
0 39 69 45 65 44 3 1802
1 128 58 32 61 16 1 1803
1 99 48 59 37 69 3 1804
1 39 70 42 72 33 1 1805
0 130 6 30 5 36 3 1806
1 76 67 40 68 36 1 1807
0 39 60 50 79 14 3 1808
1 107 84 92 79 92 1 1809
0 98 29 53 27 60 3 1810
0 32 41 33 43 37 3 1811
0 1 57 38 60 33 3 1812
1 90 38 56 34 56 1 1813
0 136 66 35 67 42 3 1814
0 78 56 39 54 43 3 1815
0 102 46 62 49 55 3 1816
1 50 44 40 56 22 2 1817
1 117 33 45 28 49 1 1818
0 105 71 42 68 48 4 1819
1 103 65 1 61 2 3 1820
0 39 56 40 49 47 6 1821
1 22 29 53 27 58 1 1822
0 7 54 44 62 37 3 1823
1 38 57 41 59 40 1 1824
0 78 69 32 67 42 3 1825
1 14 98 17 98 20 2 1826
1 90 56 21 66 6 1 1827
0 95 98 14 98 22 3 1828
1 102 65 75 68 72 3 1829
0 82 47 36 52 6 3 1830
0 0 71 41 69 42 3 1831
1 64 57 39 31 42 2 1832
0 112 54 42 51 47 3 1833
1 52 43 3 46 2 1 1834
0 92 49 48 55 49 3 1835
0 116 59 13 56 24 3 1836
0 75 48 53 50 50 3 1837
0 132 28 50 29 53 3 1838
0 55 68 73 67 76 3 1839
1 105 61 25 54 32 1 1840
0 76 63 45 53 69 3 1841
1 66 58 38 50 48 1 1842
0 51 91 19 90 26 3 1843
1 9 61 19 57 17 1 1844
0 37 28 60 31 47 3 1845
0 76 37 40 42 30 3 1846
0 32 30 14 61 35 3 1847
1 127 55 80 50 80 2 1848
1 47 7 43 6 49 2 1849
0 40 55 42 63 27 3 1850
0 18 78 4 82 4 3 1851
0 121 6 28 6 33 3 1852
0 89 55 44 34 44 3 1853
0 81 6 30 6 34 3 1854
0 112 60 31 57 39 3 1855
0 24 37 11 41 10 3 1856
0 17 48 3 41 4 3 1857
1 109 65 36 54 53 3 1858
1 139 63 35 61 37 1 1859
0 57 60 71 55 79 3 1860
0 88 55 42 52 42 3 1861
0 65 54 80 51 80 3 1862
1 107 37 41 15 27 6 1863
1 17 52 48 55 43 1 1864
0 19 47 20 44 21 3 1865
0 113 68 36 66 34 3 1866
1 128 63 21 60 27 1 1867
0 115 5 44 5 38 3 1868
1 14 86 95 88 94 1 1869
1 94 58 50 60 47 1 1870
0 23 54 74 59 73 3 1871
1 81 51 75 68 74 3 1872
0 118 52 33 40 33 3 1873
1 129 62 47 65 41 1 1874
0 37 62 26 57 38 3 1875
0 64 66 43 69 36 3 1876
1 104 66 41 61 58 3 1877
0 136 88 91 89 89 3 1878
0 9 55 43 52 47 3 1879
1 128 44 10 40 11 1 1880
1 59 91 27 89 35 1 1881
0 129 46 31 53 27 3 1882
1 43 60 34 40 34 5 1883
0 79 28 59 28 56 3 1884
1 140 44 36 40 37 2 1885
1 128 43 12 31 12 1 1886
0 73 24 42 29 38 3 1887
0 56 47 80 40 80 3 1888
0 27 64 16 57 14 5 1889
1 110 54 45 49 53 3 1890
1 79 38 38 39 21 5 1891
0 102 67 77 71 72 3 1892
1 79 36 40 42 42 1 1893
1 14 98 21 98 25 1 1894
0 66 72 36 64 52 4 1895
1 132 27 49 32 43 1 1896
1 107 39 40 41 34 2 1897
1 38 56 37 56 34 1 1898
1 130 54 56 58 54 2 1899
0 46 61 1 57 2 3 1900
1 112 31 45 34 40 1 1901
0 87 26 31 34 34 3 1902
0 87 52 32 43 33 3 1903
0 135 52 58 54 43 4 1904
1 64 71 74 73 67 1 1905
0 111 40 48 39 82 3 1906
1 122 5 66 6 68 1 1907
1 117 52 44 47 70 1 1908
0 96 6 44 6 53 5 1909
1 91 53 47 44 53 1 1910
1 35 88 93 86 92 1 1911
0 108 30 51 30 47 3 1912
0 91 67 42 65 47 3 1913
0 104 69 37 61 47 3 1914
0 116 47 43 57 37 3 1915
1 7 6 55 5 62 1 1916
1 69 73 38 72 35 1 1917
1 83 58 41 58 46 1 1918
1 98 59 46 37 44 2 1919
0 50 40 51 40 55 4 1920
0 143 87 4 84 4 3 1921
0 78 67 50 60 41 4 1922
1 88 56 39 60 32 1 1923
0 99 88 93 85 94 3 1924
1 4 49 29 44 36 1 1925
1 7 61 35 61 31 3 1926
1 102 58 56 56 59 1 1927
1 6 41 37 31 38 1 1928
1 0 56 43 58 47 2 1929
0 0 60 20 53 29 5 1930
1 74 53 62 52 64 1 1931
1 0 98 16 98 22 1 1932
1 21 44 77 50 77 1 1933
0 51 38 13 35 13 3 1934
1 106 55 77 32 78 2 1935
1 33 90 32 92 36 1 1936
1 129 53 51 54 47 2 1937
0 89 61 37 19 99 3 1938
0 74 51 2 53 1 3 1939
0 15 57 43 54 41 3 1940
1 6 88 93 86 94 1 1941
1 91 67 40 65 42 1 1942
0 12 88 93 86 94 3 1943
0 90 67 38 43 18 3 1944
1 18 90 43 89 52 6 1945
0 13 6 53 6 47 3 1946
0 8 65 92 59 90 3 1947
0 35 51 27 48 29 3 1948
0 102 49 51 52 59 3 1949
1 79 70 43 69 45 2 1950
0 140 71 37 70 39 3 1951
0 107 71 38 71 44 3 1952
0 2 57 80 53 80 6 1953
1 52 60 43 58 41 2 1954
0 130 56 46 55 41 3 1955
1 78 55 40 46 42 1 1956
0 56 60 44 64 36 4 1957
0 86 53 80 55 79 3 1958
0 51 54 79 57 75 3 1959
1 143 61 51 61 47 6 1960
0 28 56 26 57 21 3 1961
1 131 58 2 55 2 1 1962
1 82 86 94 89 92 1 1963
1 6 56 24 43 38 2 1964
0 13 73 34 72 38 3 1965
0 10 51 19 45 22 3 1966
0 124 6 34 6 18 3 1967
1 48 26 51 30 50 1 1968
1 122 6 68 5 65 3 1969
1 129 46 29 46 33 1 1970
1 139 51 47 46 58 1 1971
0 97 47 39 49 30 3 1972
1 43 53 42 53 49 6 1973
0 124 65 48 60 32 3 1974
0 141 56 39 56 29 3 1975
0 21 45 61 44 64 3 1976
1 4 66 46 42 18 1 1977
0 102 26 2 44 2 3 1978
1 60 2 96 1 98 2 1979
0 75 47 4 29 4 3 1980
0 6 45 21 50 20 3 1981
1 24 48 20 51 18 1 1982
0 52 67 45 61 58 6 1983
0 123 33 45 28 47 3 1984
1 16 68 33 66 25 1 1985
0 57 52 49 51 54 5 1986
1 100 61 28 65 26 1 1987
0 121 54 39 48 54 3 1988
1 38 57 29 46 48 1 1989
0 16 50 49 51 45 3 1990
1 39 31 59 29 65 2 1991
0 90 79 6 70 6 3 1992
1 74 67 34 66 37 1 1993
0 86 98 15 98 28 3 1994
1 88 48 21 46 22 2 1995
0 39 48 4 40 3 3 1996
1 24 55 45 54 41 5 1997
1 56 63 43 49 52 1 1998
1 88 58 52 59 57 2 1999
