0 75 57 41 63 45 3 0
1 129 98 21 98 14 1 1
0 137 57 45 56 43 3 2
1 10 51 63 52 52 1 3
1 78 53 45 57 45 1 4
0 68 43 55 46 51 3 5
0 126 54 81 57 72 3 6
1 53 52 46 48 55 1 7
1 25 69 74 68 72 1 8
1 130 49 49 62 36 3 9
0 121 84 94 90 90 3 10
0 76 68 71 52 75 3 11
0 143 50 18 42 20 3 12
1 35 46 35 52 30 1 13
0 0 58 48 55 53 3 14
1 9 58 25 23 36 2 15
1 139 90 23 89 20 1 16
0 127 51 54 47 71 4 17
0 61 39 44 37 42 3 18
0 108 33 41 33 44 3 19
1 4 6 68 6 64 1 20
0 52 62 21 61 23 3 21
0 52 48 53 49 55 3 22
0 112 62 33 64 31 5 23
0 28 27 25 51 46 6 24
1 51 32 51 33 47 1 25
1 9 64 75 72 73 1 26
0 52 48 50 52 45 3 27
0 19 47 21 48 19 3 28
0 140 70 33 66 34 3 29
0 61 46 2 49 2 3 30
0 69 54 41 49 42 3 31
1 82 57 35 53 51 1 32
1 55 87 2 85 3 1 33
0 24 92 19 90 18 3 34
0 123 30 62 27 59 3 35
1 96 54 36 56 42 2 36
1 114 32 49 29 52 4 37
1 125 57 27 61 16 3 38
1 4 90 24 92 29 1 39
0 121 49 37 47 35 5 40
0 36 56 29 55 31 3 41
1 37 28 47 30 48 2 42
0 48 91 29 92 24 3 43
1 130 52 54 50 48 1 44
0 24 68 34 66 33 3 45
1 104 58 39 54 40 3 46
1 120 54 24 46 30 2 47
0 132 57 76 50 79 3 48
0 79 62 17 56 18 5 49
0 0 65 50 63 49 3 50
0 12 98 16 98 19 3 51
0 120 67 34 64 35 3 52
0 94 40 13 34 16 3 53
0 90 68 39 62 50 3 54
1 18 63 33 52 47 1 55
0 33 53 41 57 39 3 56
1 63 92 35 92 32 1 57
1 66 73 35 70 35 5 58
1 127 9 27 28 11 2 59
1 72 56 34 57 39 1 60
0 124 31 50 33 43 3 61
0 64 60 25 58 27 5 62
1 78 51 48 50 55 1 63
1 120 55 41 58 38 5 64
1 86 57 27 55 37 1 65
0 128 32 10 42 11 3 66
0 141 61 23 59 30 4 67
0 33 52 18 48 19 3 68
1 91 6 52 5 67 1 69
0 125 48 49 45 50 3 70
0 116 58 57 51 62 3 71
1 131 41 11 45 11 2 72
0 92 63 18 60 19 3 73
0 32 51 47 48 54 3 74
0 72 68 38 63 31 3 75
0 100 30 37 26 42 4 76
1 0 59 1 63 1 1 77
1 86 67 35 60 28 1 78
0 7 62 34 52 38 5 79
0 136 56 38 54 41 3 80
0 36 27 60 27 64 3 81
0 32 59 53 30 44 3 82
1 121 64 76 70 72 5 83
1 111 53 43 54 48 1 84
1 101 51 18 52 20 1 85
0 127 59 30 60 24 3 86
0 46 61 31 64 29 3 87
0 88 42 56 47 50 3 88
1 64 61 40 53 36 1 89
1 27 5 38 6 32 1 90
1 131 88 93 86 94 2 91
0 107 43 39 41 41 5 92
1 65 30 54 28 61 1 93
1 18 91 31 92 27 1 94
0 81 57 41 54 41 3 95
1 98 51 54 53 59 2 96
1 82 57 74 60 76 2 97
1 53 59 19 62 18 1 98
0 10 5 64 6 67 3 99
1 0 67 72 71 71 1 100
1 90 57 34 40 27 4 101
0 5 86 92 88 93 3 102
0 121 72 67 66 73 3 103
1 30 62 48 56 42 3 104
1 31 46 36 60 41 1 105
1 108 52 80 58 80 1 106
0 64 49 40 49 31 3 107
0 142 67 41 72 33 3 108
1 58 32 45 27 50 1 109
0 64 31 46 27 50 3 110
1 55 57 29 64 30 1 111
0 27 78 6 80 5 3 112
0 139 92 26 91 31 3 113
0 99 43 35 40 42 3 114
0 90 41 4 29 4 3 115
0 0 59 23 61 22 6 116
0 28 57 80 48 80 3 117
0 118 52 19 64 16 3 118
1 135 47 44 36 95 1 119
1 37 55 26 62 37 1 120
0 132 98 16 98 23 3 121
1 100 67 41 66 45 1 122
1 17 48 3 44 3 1 123
1 11 59 77 58 75 1 124
1 121 51 80 57 80 1 125
1 46 57 47 60 49 1 126
0 24 54 1 57 1 3 127
1 44 41 41 37 42 1 128
0 83 88 92 80 93 3 129
1 88 55 39 61 33 3 130
1 132 44 53 47 49 1 131
1 129 98 23 98 18 1 132
1 124 91 32 91 28 1 133
0 78 6 33 6 24 3 134
0 0 59 19 56 18 3 135
0 46 47 17 46 20 3 136
0 91 50 20 45 21 3 137
1 137 70 37 63 14 2 138
0 88 65 46 67 40 3 139
0 59 5 69 5 66 3 140
0 16 54 25 51 28 3 141
0 23 51 62 51 71 3 142
0 110 69 36 73 36 3 143
0 133 56 40 55 42 3 144
0 19 59 46 55 44 3 145
1 92 61 19 64 16 5 146
1 40 39 13 36 13 1 147
0 135 98 22 98 19 3 148
0 38 58 34 60 24 3 149
1 143 46 3 43 4 1 150
1 66 54 21 62 17 1 151
1 50 59 44 44 36 1 152
0 112 55 80 51 80 3 153
0 79 66 41 43 32 6 154
0 80 58 44 60 41 3 155
0 50 52 25 54 24 3 156
0 127 62 34 62 38 3 157
0 32 62 49 60 42 3 158
0 70 49 21 46 20 3 159
1 0 65 27 68 46 1 160
1 24 59 29 60 27 1 161
0 63 58 2 54 2 3 162
0 27 5 69 5 73 5 163
1 27 5 65 6 61 1 164
0 31 55 26 47 18 3 165
1 17 5 34 5 37 5 166
0 139 64 1 60 2 3 167
0 62 67 92 62 93 3 168
1 129 58 38 56 42 5 169
0 45 66 79 62 80 3 170
1 18 5 69 5 65 3 171
0 136 5 42 5 39 3 172
1 4 54 43 56 42 2 173
1 33 3 13 5 19 1 174
1 88 45 21 42 20 1 175
1 64 49 55 44 62 1 176
0 56 46 54 22 18 5 177
0 88 57 46 55 42 5 178
1 72 98 20 98 11 5 179
1 93 6 31 5 38 2 180
0 113 56 25 50 36 3 181
1 68 50 52 50 49 1 182
0 104 49 51 62 36 6 183
0 32 57 40 64 26 3 184
0 74 51 19 42 24 3 185
1 128 55 41 57 39 1 186
0 109 61 40 78 50 3 187
0 137 51 2 48 2 6 188
0 71 30 50 32 48 3 189
0 87 65 39 62 11 3 190
0 66 48 29 31 26 3 191
1 103 46 46 47 49 1 192
0 64 59 31 55 32 6 193
1 116 49 20 46 21 1 194
1 115 49 3 46 3 1 195
1 5 48 53 50 48 1 196
0 10 46 2 51 2 3 197
0 81 6 63 6 68 3 198
1 64 55 43 55 40 1 199
1 42 67 35 69 36 3 200
1 115 87 94 84 94 1 201
1 48 91 25 90 27 6 202
1 30 62 30 56 19 1 203
1 131 6 51 5 56 1 204
1 6 62 32 60 42 1 205
0 21 88 93 86 94 6 206
1 91 50 19 43 22 2 207
0 72 50 50 52 60 3 208
1 120 52 42 49 43 1 209
0 44 62 40 52 44 3 210
1 46 59 77 54 79 2 211
1 96 56 42 61 38 2 212
1 71 87 4 81 4 5 213
1 10 65 95 62 94 1 214
0 47 54 47 52 46 3 215
0 105 50 2 43 1 3 216
1 36 69 42 25 40 5 217
0 41 49 20 51 19 3 218
0 42 53 61 51 62 3 219
0 101 5 66 6 63 3 220
0 6 57 38 47 52 3 221
1 120 30 77 42 70 1 222
0 75 70 68 72 71 3 223
0 87 58 51 62 49 5 224
0 114 61 49 60 55 3 225
0 135 82 93 86 96 3 226
1 121 41 41 38 39 1 227
0 24 69 37 62 57 3 228
1 73 63 33 64 38 1 229
1 122 53 81 55 80 1 230
0 87 47 46 47 50 5 231
0 62 56 39 60 23 3 232
1 118 54 18 58 18 1 233
1 56 56 42 55 52 1 234
0 27 64 16 47 12 4 235
1 76 60 45 28 42 6 236
1 12 6 36 6 33 2 237
1 138 69 38 72 38 1 238
0 112 45 48 49 52 3 239
0 133 42 83 48 69 3 240
1 126 6 43 6 49 1 241
1 94 29 64 28 57 1 242
1 16 30 47 32 46 1 243
1 120 60 45 59 40 1 244
0 64 6 41 7 53 4 245
1 66 57 20 55 21 1 246
0 131 55 50 56 47 3 247
0 69 30 46 28 40 3 248
1 53 28 16 22 17 1 249
1 125 5 36 5 31 1 250
1 104 69 70 70 72 1 251
1 80 61 39 62 48 1 252
0 120 57 41 58 39 3 253
1 10 42 35 41 38 1 254
0 32 70 31 68 43 5 255
0 81 51 54 49 53 3 256
0 128 65 45 69 43 3 257
1 13 80 6 81 3 1 258
1 114 53 44 55 47 1 259
1 53 6 49 6 44 1 260
1 49 56 42 48 53 1 261
1 108 91 30 91 33 6 262
0 66 48 34 44 39 3 263
0 136 62 44 58 50 3 264
1 74 47 52 33 57 2 265
1 23 63 40 63 35 2 266
1 27 52 17 60 19 1 267
0 121 47 58 52 46 3 268
0 36 33 46 30 56 3 269
1 120 55 72 56 74 1 270
0 115 49 66 42 53 3 271
1 17 51 2 47 2 1 272
0 23 45 4 37 4 3 273
0 52 55 42 57 32 3 274
1 101 47 44 43 58 6 275
1 132 65 45 63 47 1 276
0 8 6 42 7 29 3 277
0 14 71 38 72 29 3 278
1 66 66 42 72 32 1 279
1 58 55 18 42 25 1 280
1 38 53 19 62 11 3 281
0 95 33 50 28 56 4 282
0 92 66 26 68 27 3 283
0 55 47 29 52 30 3 284
0 112 92 15 91 19 4 285
1 118 57 76 14 60 1 286
0 138 6 45 4 51 3 287
0 136 46 56 46 51 3 288
1 46 46 48 46 52 1 289
0 64 66 41 58 42 4 290
1 20 90 25 92 31 2 291
0 76 66 75 68 74 6 292
0 91 57 44 61 39 3 293
1 57 41 4 45 4 1 294
0 32 40 36 41 34 3 295
1 37 6 47 6 20 1 296
1 116 56 37 54 34 1 297
0 58 59 27 54 32 3 298
1 127 67 35 68 40 1 299
1 117 58 34 59 39 1 300
1 141 27 50 31 49 1 301
0 94 61 51 36 16 3 302
1 104 54 40 57 38 1 303
0 102 6 53 6 49 3 304
1 137 30 35 32 54 1 305
0 77 60 1 56 2 3 306
1 53 53 50 47 40 2 307
1 45 47 2 21 1 1 308
0 4 53 50 54 46 3 309
0 128 15 21 60 34 6 310
1 28 88 94 86 96 2 311
1 137 44 32 66 49 2 312
0 117 48 69 43 65 3 313
1 104 55 42 60 37 1 314
0 62 71 70 68 74 3 315
1 74 77 6 81 5 1 316
0 36 61 42 63 48 3 317
1 76 52 45 57 46 1 318
0 72 65 94 62 93 3 319
1 15 45 4 41 4 1 320
0 48 54 39 56 40 3 321
0 25 67 73 70 72 3 322
1 93 59 26 61 25 1 323
0 15 54 42 52 44 3 324
0 51 27 43 31 45 4 325
1 63 87 32 91 31 1 326
0 29 55 45 41 37 3 327
1 139 61 59 63 55 1 328
1 113 54 16 52 17 1 329
1 66 69 33 63 52 1 330
0 120 59 76 55 77 3 331
0 103 56 30 57 34 3 332
0 36 31 60 29 52 3 333
0 88 50 49 40 46 3 334
0 47 88 93 85 93 3 335
0 78 39 14 37 13 3 336
0 45 55 43 53 46 3 337
1 125 54 47 50 45 1 338
0 84 48 78 53 77 3 339
0 96 30 51 29 47 3 340
0 11 81 6 76 8 3 341
1 17 41 4 44 4 3 342
0 123 67 50 56 45 3 343
1 102 63 31 54 41 1 344
0 28 88 93 86 94 3 345
1 11 44 4 41 4 1 346
1 46 50 20 36 18 1 347
1 39 57 44 55 35 1 348
0 96 47 41 46 47 3 349
0 65 49 37 41 30 3 350
1 71 50 44 54 40 4 351
1 51 66 74 70 72 1 352
0 26 64 47 68 35 3 353
0 66 6 65 6 62 3 354
0 141 58 34 52 44 3 355
0 107 43 32 40 36 5 356
1 106 2 30 4 51 1 357
1 22 87 3 83 4 1 358
0 72 98 16 98 19 3 359
1 76 56 41 59 38 2 360
0 76 46 44 48 47 3 361
0 63 51 79 53 80 3 362
1 50 52 27 48 28 5 363
0 125 44 58 45 53 3 364
1 59 49 21 45 20 1 365
0 132 73 37 73 30 3 366
1 141 51 78 54 81 1 367
0 26 46 63 49 63 3 368
1 131 6 65 5 68 2 369
0 129 48 42 46 51 3 370
1 49 63 36 60 41 1 371
0 17 27 51 27 54 3 372
1 3 33 45 27 57 1 373
1 135 43 30 45 27 2 374
0 116 98 27 98 30 3 375
0 66 56 22 49 28 3 376
0 23 6 47 6 63 3 377
1 57 61 34 62 30 1 378
0 48 91 35 90 39 5 379
0 60 56 52 59 55 3 380
1 73 41 34 47 56 1 381
0 88 60 31 56 20 3 382
0 41 58 17 56 18 3 383
0 11 57 57 54 64 4 384
0 54 59 44 60 39 3 385
0 130 64 40 63 49 3 386
0 91 66 42 71 29 3 387
1 141 62 26 53 39 1 388
1 57 56 40 59 36 1 389
0 67 5 68 6 66 4 390
1 81 63 34 60 33 1 391
1 138 46 57 44 62 2 392
0 82 47 56 46 60 5 393
1 23 50 78 53 80 1 394
1 40 58 19 51 20 5 395
0 34 11 60 43 91 3 396
0 127 42 4 50 3 3 397
0 55 6 43 6 33 3 398
1 91 71 36 69 39 1 399
0 52 70 33 66 40 3 400
1 114 53 38 48 36 6 401
0 78 42 30 42 34 3 402
0 139 6 33 6 36 3 403
0 59 51 48 48 50 3 404
1 128 30 47 27 53 3 405
0 56 48 49 45 50 3 406
0 35 62 32 61 36 3 407
1 116 45 3 47 4 2 408
1 74 50 78 60 72 1 409
0 79 42 33 40 36 3 410
1 126 60 30 57 29 1 411
0 113 55 27 43 30 3 412
1 6 1 95 3 96 5 413
0 48 92 34 92 31 3 414
0 98 56 80 50 81 3 415
1 27 70 33 65 54 1 416
1 9 81 5 78 6 2 417
0 117 64 34 56 22 3 418
0 103 63 21 56 21 3 419
1 143 47 55 55 47 1 420
0 85 61 53 60 50 3 421
1 58 71 38 66 49 1 422
1 102 57 48 51 60 1 423
0 84 51 44 47 34 3 424
0 78 33 4 36 4 3 425
1 42 52 57 48 69 1 426
1 50 6 60 6 57 1 427
1 39 41 42 34 41 1 428
1 104 62 46 63 34 1 429
0 78 52 52 43 58 3 430
1 102 72 41 71 39 2 431
1 116 45 2 48 2 5 432
0 19 52 77 50 79 3 433
1 130 68 42 68 39 1 434
0 86 56 72 57 75 3 435
1 21 59 43 55 53 4 436
1 92 32 46 32 33 2 437
1 130 73 37 73 25 1 438
0 40 47 52 45 51 3 439
0 86 6 34 6 38 3 440
1 133 68 74 69 72 2 441
0 36 54 43 55 48 3 442
0 3 52 15 48 15 3 443
1 91 58 2 29 1 1 444
1 38 52 51 44 63 3 445
0 111 92 28 91 32 3 446
1 120 36 13 42 11 1 447
1 7 50 53 55 44 1 448
0 96 44 10 37 13 3 449
1 48 28 49 30 46 1 450
0 51 5 30 6 52 3 451
0 7 44 12 39 13 3 452
1 33 44 51 27 48 2 453
0 87 88 93 83 93 3 454
0 126 53 45 48 26 3 455
0 5 74 67 68 72 3 456
1 28 55 67 54 71 2 457
1 81 64 42 66 44 1 458
0 117 56 43 47 58 3 459
1 79 28 55 29 58 5 460
0 113 61 23 60 25 3 461
1 108 68 35 69 38 3 462
0 110 54 75 59 70 3 463
1 38 92 33 91 12 2 464
1 140 59 76 61 72 1 465
1 56 54 40 58 37 1 466
0 52 63 30 59 30 3 467
0 102 61 41 61 46 3 468
0 118 59 41 42 59 3 469
0 44 67 34 62 47 3 470
0 24 62 32 14 21 3 471
1 45 86 4 83 4 1 472
1 134 51 27 52 25 3 473
0 58 62 24 60 29 3 474
1 70 6 52 7 49 2 475
1 24 48 2 43 2 1 476
1 140 57 1 50 2 1 477
1 4 53 42 47 55 1 478
1 34 56 73 58 71 1 479
1 50 52 25 46 30 1 480
1 43 51 76 31 78 1 481
0 10 40 44 39 13 3 482
1 143 56 53 54 55 2 483
0 96 41 11 43 12 3 484
0 93 56 2 63 1 3 485
0 44 59 33 58 19 3 486
1 96 45 54 46 60 2 487
0 24 52 52 55 47 3 488
0 102 55 80 50 81 3 489
1 57 88 93 87 90 1 490
0 83 53 38 61 36 6 491
0 122 46 29 45 31 3 492
1 97 80 5 77 6 1 493
1 66 53 43 62 26 1 494
0 102 61 49 56 65 3 495
1 124 67 35 61 32 1 496
0 33 91 37 92 30 3 497
0 55 47 24 53 24 3 498
1 16 91 31 92 29 1 499
0 23 64 34 70 27 3 500
0 0 46 52 45 49 3 501
0 6 32 44 34 41 3 502
1 121 71 43 73 34 1 503
1 103 62 30 67 35 1 504
0 23 61 45 59 56 3 505
0 53 50 52 52 58 4 506
1 87 42 41 36 49 1 507
1 83 54 37 47 39 6 508
1 67 82 5 80 4 1 509
1 65 30 14 62 36 1 510
0 120 56 76 54 72 3 511
1 15 59 1 63 1 2 512
1 90 45 75 58 76 1 513
0 7 6 50 7 38 5 514
1 116 45 21 44 23 1 515
1 44 69 28 71 34 2 516
0 16 40 12 38 13 5 517
0 38 70 72 67 71 3 518
0 2 57 41 58 38 4 519
0 16 43 55 42 69 3 520
0 59 63 44 68 41 3 521
0 35 56 80 51 81 3 522
0 83 46 4 38 4 3 523
1 124 66 39 68 41 1 524
0 39 68 41 70 32 3 525
0 66 5 60 5 55 3 526
0 2 50 79 46 82 3 527
1 56 32 50 16 77 1 528
1 57 55 20 50 19 1 529
1 34 31 51 32 44 2 530
1 140 50 55 51 49 1 531
1 23 41 22 33 34 1 532
0 112 54 27 51 25 5 533
0 107 60 18 62 17 3 534
1 126 53 47 12 58 1 535
0 125 70 33 73 37 3 536
1 76 65 39 60 40 1 537
1 42 98 17 98 24 1 538
1 26 53 44 57 43 1 539
0 108 92 31 91 29 3 540
0 18 91 30 92 32 5 541
1 51 55 80 47 80 1 542
1 52 42 32 38 39 5 543
1 62 59 2 55 2 1 544
1 7 52 36 60 37 2 545
1 89 49 51 48 55 2 546
1 133 51 36 48 39 1 547
0 113 90 40 90 49 3 548
0 29 54 67 50 66 3 549
0 80 33 44 32 46 3 550
1 56 49 78 58 75 1 551
0 86 58 24 61 25 3 552
0 96 80 6 83 4 3 553
0 140 32 50 27 56 3 554
0 110 35 16 63 52 3 555
0 83 50 39 57 31 3 556
1 124 36 13 40 12 2 557
0 53 49 36 56 37 3 558
1 74 70 6 67 4 1 559
0 65 58 48 55 52 3 560
1 49 62 47 66 49 1 561
0 62 71 41 74 30 4 562
0 26 65 38 44 46 3 563
1 51 30 45 28 47 1 564
1 6 38 58 64 61 4 565
1 24 73 37 72 35 1 566
1 26 70 39 72 42 5 567
1 14 98 13 98 23 1 568
0 68 67 40 61 24 3 569
0 53 31 17 21 15 3 570
0 88 69 32 48 44 3 571
1 69 63 33 61 36 1 572
0 66 7 43 4 86 3 573
0 67 6 65 5 67 3 574
0 52 58 53 54 55 6 575
0 48 39 13 40 11 5 576
0 74 6 33 6 42 3 577
0 108 68 38 65 49 5 578
0 6 53 34 43 30 3 579
0 118 45 63 48 70 3 580
0 133 30 54 31 49 3 581
1 22 31 57 30 53 1 582
0 119 65 43 59 43 3 583
0 42 50 48 44 50 3 584
1 32 56 51 64 40 5 585
0 1 58 49 59 45 3 586
1 116 57 27 49 36 2 587
0 121 91 30 91 34 3 588
1 93 32 57 24 51 6 589
0 68 57 28 56 32 3 590
0 53 43 4 46 4 4 591
1 109 62 51 65 39 2 592
0 4 57 28 50 46 3 593
0 42 54 46 57 42 3 594
1 86 53 48 53 35 1 595
0 26 67 40 70 42 5 596
1 13 60 42 62 48 1 597
1 80 55 43 56 41 3 598
1 109 49 2 46 2 5 599
0 73 52 63 50 61 3 600
0 74 60 45 59 52 3 601
1 94 62 33 53 28 1 602
1 137 63 52 62 48 2 603
0 77 54 2 58 2 5 604
1 79 6 43 6 58 1 605
1 51 62 26 57 36 1 606
0 91 55 80 52 80 3 607
0 0 54 50 38 48 5 608
1 55 43 12 44 10 1 609
1 75 61 33 54 43 1 610
1 36 49 54 52 54 1 611
1 114 52 26 45 32 1 612
0 27 56 38 38 52 3 613
1 2 66 50 64 44 1 614
0 111 55 52 49 55 3 615
0 53 54 34 48 37 3 616
1 38 56 26 57 30 2 617
0 103 70 43 68 26 3 618
0 63 90 37 92 18 3 619
1 78 91 33 90 37 1 620
1 50 58 28 54 32 1 621
0 139 6 33 6 30 3 622
0 95 53 49 38 77 3 623
0 38 41 35 42 30 6 624
1 45 62 37 61 35 1 625
1 19 45 45 46 40 1 626
1 40 64 17 47 18 1 627
0 18 70 6 78 7 3 628
1 64 60 27 44 31 6 629
0 120 81 3 82 5 3 630
0 121 38 28 42 38 5 631
0 139 92 30 91 34 6 632
1 50 58 74 52 61 1 633
1 77 59 32 57 34 1 634
1 116 30 48 26 51 4 635
0 17 75 6 77 5 3 636
0 108 5 69 6 67 3 637
0 14 57 40 59 36 3 638
0 35 54 80 34 80 3 639
1 56 56 41 50 42 1 640
0 5 40 13 34 15 3 641
0 128 72 69 68 72 3 642
0 39 55 42 47 63 3 643
0 61 54 38 46 42 3 644
1 2 54 56 45 37 2 645
0 88 48 45 52 48 3 646
1 116 77 6 80 5 1 647
1 109 6 36 6 33 1 648
0 143 79 6 81 5 3 649
1 46 6 40 6 33 3 650
1 128 49 34 45 37 1 651
0 0 62 1 66 1 3 652
0 78 68 47 63 45 3 653
0 90 67 93 64 93 3 654
0 37 71 39 67 39 3 655
1 9 54 43 50 43 6 656
1 57 98 15 98 19 1 657
1 68 54 38 34 51 5 658
1 49 47 3 28 4 2 659
0 98 58 33 59 31 3 660
0 39 56 48 54 50 3 661
0 26 42 70 54 52 6 662
0 38 44 12 37 13 3 663
1 86 48 20 58 15 2 664
1 64 57 29 59 27 6 665
0 114 7 44 7 37 3 666
1 6 90 37 91 41 1 667
1 88 57 39 58 43 1 668
0 116 30 43 27 38 3 669
1 97 49 69 57 76 1 670
1 130 6 29 6 32 2 671
0 47 88 94 89 92 3 672
1 126 45 4 0 4 1 673
1 82 49 65 48 63 6 674
0 14 51 47 53 48 3 675
1 17 40 4 44 4 5 676
1 66 54 43 52 54 1 677
0 13 45 20 50 19 3 678
1 130 61 35 61 41 1 679
1 73 58 36 63 39 5 680
0 72 51 45 50 48 3 681
1 93 81 5 83 4 1 682
0 88 49 54 48 65 3 683
1 108 69 69 71 72 6 684
0 24 49 53 56 39 3 685
1 21 33 56 31 52 1 686
1 109 47 3 44 4 5 687
0 111 5 36 5 32 3 688
0 39 55 32 54 54 3 689
0 68 47 37 56 42 3 690
1 122 5 66 6 64 1 691
1 65 6 38 6 23 2 692
1 53 51 75 65 77 3 693
0 19 55 23 50 33 3 694
0 34 55 78 54 80 3 695
1 42 47 44 47 50 4 696
1 81 49 29 52 24 1 697
1 143 56 80 51 80 1 698
1 104 50 61 51 51 1 699
1 116 82 5 76 4 5 700
0 103 61 22 60 27 6 701
0 137 22 20 33 57 3 702
1 40 44 12 23 11 1 703
0 18 98 10 98 17 3 704
1 81 63 33 61 37 1 705
1 71 30 51 29 53 1 706
1 72 54 42 43 44 2 707
1 50 47 67 44 72 1 708
1 120 61 1 64 1 1 709
1 34 57 29 60 31 1 710
1 52 39 37 46 26 1 711
1 92 67 35 66 37 1 712
1 63 92 28 91 33 1 713
1 1 58 19 55 18 1 714
1 74 78 6 81 6 1 715
1 132 40 37 42 30 1 716
1 124 46 51 32 57 1 717
0 6 71 38 67 40 3 718
0 22 29 53 31 52 3 719
0 106 55 42 55 36 3 720
0 121 49 51 52 42 3 721
1 63 91 37 90 39 1 722
0 33 49 19 50 16 3 723
0 68 55 31 50 36 3 724
1 79 31 41 29 39 3 725
1 53 89 31 89 35 1 726
1 110 42 12 36 13 2 727
1 143 58 19 58 10 1 728
1 46 65 35 70 37 1 729
1 124 92 31 91 29 1 730
0 126 55 63 52 68 3 731
0 36 42 3 48 3 3 732
0 57 56 73 61 74 3 733
1 16 53 50 54 48 3 734
1 49 68 27 59 26 4 735
0 9 57 45 55 50 5 736
0 32 48 2 53 1 4 737
1 128 58 28 56 30 1 738
0 116 57 61 55 67 3 739
1 68 55 44 52 45 1 740
0 23 51 41 53 39 3 741
1 110 90 50 89 53 1 742
0 80 45 19 41 17 3 743
1 109 60 50 50 36 2 744
0 97 30 48 28 44 4 745
0 128 31 43 29 47 3 746
1 41 51 1 30 2 1 747
1 12 62 23 59 28 2 748
0 11 49 48 46 24 5 749
1 71 40 45 42 33 1 750
0 13 54 43 53 46 3 751
1 92 69 46 70 35 2 752
0 113 91 34 91 37 3 753
1 4 54 29 56 22 1 754
0 116 56 51 56 48 3 755
1 94 28 56 29 43 1 756
1 131 5 67 5 70 1 757
1 24 53 41 51 50 6 758
1 91 68 41 59 53 2 759
1 117 64 35 60 38 1 760
0 79 65 29 61 32 4 761
1 16 46 54 43 53 1 762
0 116 6 52 6 44 5 763
1 67 53 51 38 52 4 764
1 112 36 13 39 13 1 765
1 9 50 50 44 64 1 766
0 52 56 40 49 49 3 767
1 76 63 43 39 39 1 768
0 39 66 31 64 34 6 769
1 110 69 37 73 32 2 770
1 51 80 6 62 2 1 771
0 28 98 15 98 19 3 772
0 58 50 40 45 42 3 773
1 87 53 47 52 51 1 774
0 80 35 16 38 14 3 775
0 57 32 45 32 42 3 776
1 46 52 2 64 1 5 777
1 130 30 59 28 66 1 778
0 24 52 2 47 2 3 779
0 28 43 56 41 42 3 780
0 14 98 16 98 23 5 781
1 31 98 22 98 19 2 782
1 96 7 41 6 46 5 783
0 143 46 63 49 58 3 784
1 121 61 31 57 40 1 785
0 62 52 56 53 53 3 786
1 62 47 32 22 19 5 787
0 113 91 32 91 38 3 788
1 134 71 75 70 73 3 789
0 50 58 28 59 30 3 790
1 6 54 80 41 80 1 791
1 77 70 71 51 84 2 792
0 65 31 49 30 47 5 793
1 50 50 28 47 29 1 794
0 105 5 67 6 63 3 795
1 25 90 38 90 50 2 796
0 107 53 80 58 80 3 797
0 44 68 41 62 39 5 798
1 88 62 34 64 38 1 799
0 35 48 31 48 34 3 800
1 100 68 35 68 31 2 801
1 104 42 44 57 40 1 802
1 28 56 79 52 77 1 803
0 72 30 14 60 32 3 804
0 18 55 58 45 56 3 805
0 121 40 45 40 37 3 806
1 79 41 40 41 33 5 807
1 143 63 34 64 28 1 808
1 131 6 29 6 33 1 809
0 96 46 2 49 2 3 810
0 95 69 69 70 72 3 811
1 47 53 2 58 2 3 812
0 29 42 34 38 39 3 813
0 65 55 63 60 30 3 814
1 72 60 36 55 44 5 815
0 32 56 47 59 46 3 816
1 10 64 42 65 38 1 817
0 137 31 50 29 53 3 818
1 34 55 64 58 57 4 819
0 112 29 48 32 48 3 820
0 117 50 44 55 50 3 821
1 81 5 70 6 65 1 822
1 92 70 33 65 43 1 823
0 91 54 30 53 36 3 824
0 128 55 65 58 60 3 825
0 44 88 4 86 5 3 826
1 45 63 52 58 51 1 827
1 55 51 48 49 52 1 828
0 88 69 36 67 28 3 829
1 106 6 51 7 48 1 830
0 72 52 46 53 44 3 831
1 130 42 55 58 49 2 832
1 9 52 45 55 43 1 833
1 78 70 33 74 30 2 834
0 96 46 59 43 62 5 835
0 137 85 3 87 2 3 836
0 111 62 34 53 45 3 837
1 44 43 31 45 27 1 838
0 23 68 39 70 37 3 839
1 57 54 44 53 46 1 840
1 48 27 48 31 50 1 841
0 97 83 4 80 6 6 842
0 101 33 44 29 47 3 843
0 66 32 50 28 29 3 844
1 65 98 18 98 22 2 845
0 141 55 47 58 36 5 846
1 52 32 60 29 66 2 847
1 26 60 35 47 55 1 848
1 29 48 30 47 32 1 849
1 52 66 37 67 27 1 850
1 69 53 22 60 27 3 851
0 22 27 58 30 62 5 852
1 49 63 46 62 49 5 853
1 39 71 39 47 31 1 854
0 14 98 20 98 23 5 855
0 37 6 55 6 50 3 856
0 76 55 26 53 25 3 857
1 130 43 21 50 19 1 858
1 30 6 47 7 45 2 859
0 0 67 42 45 30 5 860
1 14 7 44 6 54 1 861
1 105 60 1 62 0 2 862
0 48 40 12 37 13 3 863
0 124 6 59 6 66 3 864
0 141 41 64 43 56 3 865
1 40 66 16 53 19 6 866
1 24 92 31 91 34 1 867
0 124 45 4 49 3 3 868
0 11 48 48 46 45 3 869
1 52 58 27 56 29 2 870
1 56 52 48 56 41 1 871
1 31 60 21 59 25 4 872
0 52 69 35 57 26 6 873
1 19 51 32 48 35 5 874
1 126 6 30 5 37 2 875
0 56 67 93 65 94 3 876
1 141 49 77 50 79 1 877
0 117 47 52 50 36 3 878
0 100 55 80 50 80 3 879
1 11 54 38 55 29 1 880
0 87 5 27 6 24 3 881
0 91 49 40 44 37 3 882
0 127 55 47 53 41 3 883
1 18 52 46 47 40 5 884
0 61 41 36 45 32 3 885
1 122 49 40 42 46 2 886
1 121 41 33 42 40 5 887
0 88 56 40 58 37 3 888
0 136 69 72 64 75 3 889
1 28 55 30 60 27 2 890
0 78 47 80 41 81 3 891
0 0 68 40 69 38 3 892
1 66 64 45 70 42 2 893
1 92 55 80 51 80 5 894
1 39 51 26 49 28 2 895
1 112 14 43 20 46 6 896
0 25 46 54 47 51 5 897
1 5 51 18 45 20 4 898
0 93 42 69 54 53 3 899
1 93 88 93 84 94 1 900
0 80 43 11 42 13 3 901
1 65 68 43 59 45 1 902
0 41 66 92 65 94 3 903
1 120 52 19 48 20 1 904
0 130 57 49 57 34 3 905
1 104 60 38 58 45 3 906
1 23 68 33 60 31 1 907
0 82 47 57 43 59 3 908
0 101 41 46 26 34 3 909
0 35 50 28 54 22 3 910
1 17 85 4 84 6 1 911
1 112 23 49 24 53 1 912
1 101 47 19 45 21 2 913
0 114 58 52 55 55 3 914
0 105 63 78 67 73 4 915
0 64 45 53 40 55 3 916
0 50 45 37 47 9 5 917
1 83 53 17 51 33 5 918
1 143 6 37 6 29 1 919
1 19 49 66 49 62 2 920
0 143 66 38 63 50 3 921
0 48 72 70 69 71 3 922
0 29 67 43 56 38 3 923
1 74 60 38 63 13 1 924
1 68 48 4 44 4 1 925
0 126 6 53 7 44 3 926
1 143 34 14 37 15 2 927
1 55 68 33 49 61 1 928
0 55 45 2 49 2 3 929
0 17 59 77 55 76 3 930
0 47 51 2 38 2 3 931
0 74 76 7 79 7 3 932
1 57 7 48 6 53 5 933
0 110 52 78 56 78 3 934
0 36 62 12 56 21 3 935
1 96 60 17 63 17 1 936
0 88 53 46 55 41 5 937
1 126 42 4 28 4 6 938
0 69 57 72 56 75 3 939
1 69 42 3 46 4 6 940
1 120 48 56 49 66 1 941
1 124 54 58 53 45 4 942
0 77 60 23 56 22 3 943
1 128 45 23 48 20 1 944
0 102 56 47 59 37 5 945
0 20 45 65 48 57 3 946
1 24 46 80 58 80 1 947
1 78 92 18 92 21 1 948
1 76 67 92 65 94 4 949
0 13 61 61 72 37 3 950
0 86 5 71 5 67 3 951
0 15 55 2 60 2 5 952
1 143 68 33 64 31 1 953
0 45 64 32 60 31 3 954
1 56 56 48 51 53 1 955
1 115 59 46 60 44 1 956
1 60 55 55 58 57 1 957
0 116 81 6 70 6 3 958
1 3 92 28 90 44 1 959
1 6 61 37 57 38 1 960
1 52 45 27 43 28 1 961
1 114 42 35 41 32 1 962
0 81 51 31 42 29 3 963
0 48 33 43 30 51 3 964
0 2 88 94 85 96 3 965
1 10 6 56 6 59 1 966
0 39 44 51 21 19 3 967
0 126 51 61 54 41 5 968
0 9 53 47 48 35 3 969
1 126 45 61 53 51 2 970
0 36 69 34 68 40 3 971
1 119 56 73 54 75 1 972
1 129 98 16 98 27 1 973
0 97 52 56 49 55 3 974
1 48 33 46 30 43 5 975
1 80 28 40 28 53 2 976
1 80 59 34 57 35 1 977
0 53 56 80 50 80 3 978
1 29 5 39 5 34 2 979
0 143 30 48 31 45 3 980
0 78 87 91 87 95 3 981
0 66 56 26 51 34 3 982
1 0 44 61 54 45 2 983
1 124 57 2 61 2 1 984
0 116 51 48 59 37 3 985
1 14 54 46 40 60 2 986
0 18 54 45 56 50 3 987
0 112 6 30 5 41 3 988
0 61 51 80 56 80 3 989
0 102 98 16 98 20 3 990
1 37 66 93 64 96 5 991
1 109 70 35 67 42 1 992
1 98 44 62 46 56 2 993
0 85 40 37 29 65 3 994
0 77 5 68 6 64 3 995
0 131 6 49 6 54 3 996
1 104 59 44 58 46 1 997
0 139 61 2 63 1 6 998
0 25 51 60 43 49 3 999
1 60 52 47 55 46 1 1000
1 53 51 49 53 51 6 1001
1 72 61 30 57 27 1 1002
1 62 49 40 53 34 3 1003
1 130 50 17 47 17 3 1004
0 53 60 30 55 30 3 1005
1 104 61 1 65 1 2 1006
1 14 89 92 87 93 1 1007
1 5 47 55 40 60 1 1008
0 130 28 59 29 57 3 1009
1 125 52 54 47 56 1 1010
0 46 63 1 56 2 3 1011
0 74 49 53 47 52 3 1012
0 15 63 1 60 2 3 1013
0 62 48 43 50 42 3 1014
1 143 46 84 56 77 1 1015
1 62 48 51 48 55 1 1016
1 66 64 46 69 34 1 1017
0 127 70 35 63 46 6 1018
0 136 62 48 65 50 3 1019
0 18 89 32 88 35 3 1020
0 17 70 75 68 77 3 1021
1 17 36 13 40 14 1 1022
0 86 57 37 53 54 3 1023
0 129 98 20 98 16 3 1024
1 51 70 72 73 66 1 1025
0 98 57 32 62 23 5 1026
0 76 60 51 54 55 3 1027
0 23 64 33 63 31 3 1028
0 10 6 54 6 58 3 1029
1 56 48 31 49 38 3 1030
1 53 5 27 4 35 1 1031
0 64 64 27 48 30 3 1032
0 103 59 17 61 18 3 1033
1 117 64 51 68 44 1 1034
0 66 62 18 60 19 5 1035
1 27 6 48 6 56 5 1036
1 108 59 2 56 2 1 1037
0 4 49 29 51 26 3 1038
1 109 59 45 63 43 1 1039
1 109 60 2 63 1 1 1040
0 12 66 93 65 91 3 1041
1 97 51 61 56 28 1 1042
0 69 54 51 49 50 3 1043
0 130 49 69 39 89 3 1044
0 14 61 35 62 32 3 1045
0 36 46 37 57 43 4 1046
0 143 30 45 27 50 3 1047
0 67 27 25 48 40 3 1048
0 70 49 56 54 46 3 1049
0 118 53 25 51 30 3 1050
0 124 43 70 47 54 3 1051
0 44 67 72 73 67 3 1052
0 36 29 53 32 49 3 1053
0 74 41 3 46 3 3 1054
0 20 57 38 54 44 3 1055
0 24 5 69 8 56 3 1056
1 120 65 41 66 24 2 1057
0 80 57 72 57 75 3 1058
1 32 62 51 74 57 2 1059
0 37 4 51 6 38 3 1060
1 26 49 67 47 56 1 1061
0 65 54 52 60 41 3 1062
0 92 60 15 55 15 3 1063
1 127 30 54 31 43 1 1064
0 82 50 38 56 41 3 1065
0 108 66 92 64 93 5 1066
1 67 67 41 69 36 1 1067
0 0 81 5 62 2 3 1068
1 108 26 68 30 61 1 1069
0 16 42 56 46 49 3 1070
0 33 48 21 45 21 3 1071
1 124 42 34 39 24 1 1072
0 107 68 47 64 44 4 1073
1 7 33 44 34 42 4 1074
1 39 51 27 49 29 3 1075
0 58 67 39 60 51 3 1076
1 55 52 59 55 51 1 1077
1 100 64 32 67 35 1 1078
0 135 45 32 43 35 5 1079
1 74 68 35 67 45 1 1080
1 4 56 61 56 64 1 1081
0 108 68 76 64 75 3 1082
1 0 58 39 48 51 2 1083
0 85 51 80 46 81 3 1084
0 48 91 43 90 38 3 1085
1 86 56 72 50 78 3 1086
0 109 65 41 58 56 3 1087
1 60 67 42 60 52 1 1088
0 143 52 19 45 21 4 1089
1 55 91 37 92 35 1 1090
1 80 56 74 57 79 2 1091
0 53 56 35 50 35 5 1092
0 69 78 6 80 5 3 1093
0 129 58 46 62 35 3 1094
1 32 36 13 40 12 1 1095
0 32 64 44 70 30 3 1096
1 70 6 53 7 50 1 1097
1 78 65 42 65 52 3 1098
1 65 40 12 40 9 3 1099
1 127 5 38 6 33 1 1100
0 115 39 44 36 43 3 1101
1 37 7 41 5 31 1 1102
0 17 55 42 52 48 3 1103
1 80 50 19 46 21 4 1104
1 75 64 43 35 16 1 1105
0 88 31 44 34 41 3 1106
0 42 64 75 72 73 3 1107
1 18 55 54 49 68 5 1108
1 19 47 21 43 21 3 1109
1 134 6 65 5 68 1 1110
0 126 49 51 21 57 3 1111
0 48 33 14 26 17 5 1112
0 124 90 38 91 32 3 1113
0 31 43 48 46 47 3 1114
1 53 48 44 32 55 5 1115
0 36 50 37 57 37 3 1116
0 99 63 69 56 75 4 1117
0 128 53 17 55 26 3 1118
1 68 51 51 29 38 1 1119
1 16 52 54 55 43 1 1120
0 91 53 50 53 47 6 1121
0 135 5 71 4 68 3 1122
0 68 63 30 62 25 3 1123
0 68 51 33 53 34 3 1124
1 81 52 27 50 26 1 1125
1 52 38 39 40 44 5 1126
0 73 6 32 5 36 3 1127
0 81 5 67 6 69 3 1128
0 94 31 51 29 55 3 1129
1 18 85 13 91 29 1 1130
1 56 53 40 55 37 1 1131
0 72 58 19 51 19 4 1132
0 73 29 58 27 57 3 1133
1 130 61 38 63 35 1 1134
1 0 56 29 55 32 6 1135
0 88 58 47 53 66 3 1136
0 0 63 44 65 41 6 1137
1 25 87 93 85 95 1 1138
0 121 42 29 43 36 3 1139
0 107 42 29 41 36 6 1140
1 90 87 4 83 4 1 1141
1 57 6 53 7 38 1 1142
1 13 74 31 60 43 1 1143
1 90 48 37 44 44 2 1144
1 5 48 20 45 22 5 1145
1 29 56 40 60 44 1 1146
0 121 70 66 68 72 3 1147
0 8 50 49 48 53 3 1148
0 1 56 41 62 32 3 1149
0 0 61 47 57 48 5 1150
0 18 56 53 58 45 3 1151
0 95 65 49 37 16 3 1152
0 111 73 32 68 27 5 1153
0 31 6 65 5 70 4 1154
1 93 55 64 59 34 1 1155
1 95 53 46 47 56 1 1156
0 4 48 28 51 29 3 1157
0 40 56 37 33 43 3 1158
0 88 56 37 57 35 3 1159
1 44 98 23 98 28 2 1160
0 35 51 27 53 25 3 1161
1 100 52 37 60 46 1 1162
0 138 79 7 77 6 3 1163
1 80 53 47 55 43 1 1164
1 0 64 55 63 50 1 1165
0 93 60 1 63 1 3 1166
0 111 69 39 64 53 3 1167
0 64 49 42 51 43 3 1168
1 138 69 46 64 44 1 1169
1 17 48 2 51 2 2 1170
0 50 62 30 46 35 3 1171
0 128 48 36 60 26 3 1172
0 31 64 33 60 36 3 1173
0 132 98 17 98 20 3 1174
1 4 49 29 47 31 1 1175
1 47 28 30 43 33 2 1176
1 69 57 2 59 1 4 1177
1 111 52 45 55 38 2 1178
1 45 57 40 56 38 4 1179
1 143 31 46 32 52 1 1180
1 27 55 18 58 19 2 1181
1 68 53 41 55 40 1 1182
1 94 61 28 61 31 2 1183
0 131 58 17 50 21 5 1184
0 52 69 69 71 72 3 1185
1 82 50 25 55 20 2 1186
0 55 69 40 50 46 3 1187
0 120 41 3 46 3 3 1188
1 86 56 76 59 76 2 1189
1 130 5 35 5 28 3 1190
1 12 87 4 81 2 1 1191
0 70 53 75 52 77 3 1192
0 60 67 42 61 41 3 1193
0 33 58 28 42 22 3 1194
1 58 55 42 53 44 1 1195
1 68 47 60 50 60 2 1196
1 73 61 38 63 32 1 1197
1 120 57 58 54 56 1 1198
1 79 9 26 30 33 1 1199
1 124 54 50 60 38 1 1200
1 116 54 80 50 80 2 1201
0 1 54 23 52 24 3 1202
1 80 56 28 58 34 6 1203
0 105 49 16 50 18 3 1204
0 88 40 43 44 35 3 1205
0 105 57 37 58 47 3 1206
0 83 74 30 70 42 3 1207
0 102 61 41 58 42 4 1208
0 72 42 69 40 60 3 1209
1 82 52 32 53 35 1 1210
1 62 61 51 52 42 1 1211
1 133 53 1 56 1 1 1212
0 99 55 24 79 7 3 1213
1 6 60 35 64 36 2 1214
0 67 65 43 64 47 3 1215
0 35 51 25 50 28 3 1216
1 49 88 93 85 92 1 1217
1 25 59 29 61 25 2 1218
1 75 67 46 64 44 1 1219
1 72 57 45 57 58 2 1220
1 73 63 36 63 31 1 1221
1 3 68 36 68 40 5 1222
0 92 58 18 62 17 3 1223
0 131 53 28 55 27 4 1224
0 47 49 20 53 13 3 1225
1 119 68 37 70 34 1 1226
0 121 53 75 63 83 3 1227
0 137 50 2 48 1 3 1228
1 26 74 33 69 39 1 1229
0 36 31 48 27 57 3 1230
0 102 52 18 45 21 4 1231
0 78 52 45 54 42 3 1232
0 75 58 36 57 38 3 1233
0 93 53 77 55 78 3 1234
0 20 67 33 68 41 3 1235
0 14 58 45 52 44 3 1236
0 37 6 43 7 53 3 1237
0 122 66 45 66 38 3 1238
0 74 50 41 50 36 3 1239
1 113 53 28 55 20 1 1240
0 19 53 18 48 21 3 1241
0 40 5 63 4 66 5 1242
1 81 58 27 56 30 2 1243
0 66 47 2 45 3 3 1244
1 85 60 29 54 33 1 1245
0 4 53 80 49 80 3 1246
0 135 41 41 45 35 5 1247
1 56 54 52 49 13 1 1248
0 38 60 27 60 23 3 1249
0 32 53 57 57 61 3 1250
1 12 58 80 55 80 1 1251
0 0 42 4 46 4 5 1252
0 15 63 1 56 2 3 1253
1 112 58 34 60 23 1 1254
0 84 49 61 49 57 3 1255
0 111 51 27 47 30 4 1256
1 19 67 92 65 94 1 1257
0 12 56 29 55 36 3 1258
0 65 5 47 5 43 3 1259
1 90 50 44 51 41 1 1260
1 117 59 45 57 44 1 1261
0 57 87 94 85 95 3 1262
1 76 5 57 6 50 2 1263
1 89 45 2 49 2 1 1264
1 108 44 4 38 2 2 1265
0 108 62 1 65 1 3 1266
0 98 49 22 51 23 3 1267
1 100 69 6 72 9 1 1268
1 10 37 42 12 15 1 1269
1 38 5 67 5 61 1 1270
0 137 49 36 54 40 3 1271
1 37 53 42 55 43 2 1272
0 62 29 65 33 50 3 1273
0 103 63 26 55 31 3 1274
0 109 49 2 52 2 3 1275
1 102 60 17 55 24 1 1276
0 101 58 77 56 79 3 1277
0 48 55 40 53 41 3 1278
1 92 79 6 82 4 1 1279
0 100 39 14 35 13 3 1280
0 6 52 42 55 43 3 1281
1 125 52 59 50 61 3 1282
1 117 50 65 57 45 1 1283
1 59 55 33 15 9 2 1284
0 7 30 56 31 48 3 1285
1 123 28 57 31 52 1 1286
0 5 48 21 50 20 3 1287
0 36 61 37 61 30 3 1288
1 137 47 2 50 2 1 1289
0 102 61 20 61 40 3 1290
0 143 31 45 32 48 3 1291
1 25 56 21 61 30 2 1292
0 76 6 41 6 45 3 1293
0 111 59 26 56 30 4 1294
0 26 41 4 30 4 3 1295
1 104 52 42 55 39 1 1296
1 112 53 47 34 42 6 1297
1 1 86 94 78 90 1 1298
1 92 51 76 54 77 5 1299
1 58 32 38 37 42 2 1300
1 42 44 20 46 15 1 1301
0 143 57 34 56 36 3 1302
0 102 51 18 50 20 3 1303
0 83 55 36 53 33 3 1304
0 10 6 25 5 56 3 1305
1 97 54 66 56 59 1 1306
0 23 85 6 88 4 3 1307
0 125 49 55 47 59 3 1308
0 131 62 14 37 13 3 1309
0 8 69 44 62 51 4 1310
1 109 57 41 56 46 2 1311
1 21 52 19 46 18 1 1312
1 82 52 47 58 39 1 1313
0 134 43 30 42 42 3 1314
0 68 60 24 50 35 4 1315
1 102 53 2 57 2 1 1316
0 133 51 61 52 52 5 1317
1 0 41 13 38 13 1 1318
1 52 68 42 36 16 2 1319
0 122 47 4 49 3 3 1320
1 119 72 39 68 35 5 1321
1 45 46 2 54 1 1 1322
1 92 52 45 49 38 1 1323
0 129 78 90 82 91 3 1324
0 120 52 52 47 55 4 1325
1 128 54 33 58 30 1 1326
1 4 68 42 66 39 3 1327
0 1 57 38 57 34 3 1328
1 132 55 73 58 74 1 1329
0 99 50 63 48 60 3 1330
1 15 68 38 72 32 2 1331
1 110 42 18 64 43 2 1332
0 0 32 46 34 45 3 1333
0 71 6 31 5 47 3 1334
1 121 37 16 62 40 3 1335
1 24 91 33 88 26 1 1336
0 136 7 46 6 55 3 1337
1 94 46 18 50 18 3 1338
1 72 52 50 51 64 2 1339
1 91 70 39 68 48 1 1340
1 58 47 56 50 66 1 1341
1 60 86 5 88 4 1 1342
0 0 52 35 50 37 3 1343
1 69 73 37 69 36 4 1344
0 56 54 80 51 80 3 1345
0 33 6 44 6 52 3 1346
0 112 91 37 91 33 3 1347
1 84 48 39 44 34 2 1348
1 11 56 1 62 2 1 1349
0 125 52 49 45 50 3 1350
1 11 45 4 47 3 1 1351
0 0 43 18 0 41 3 1352
0 66 59 43 65 43 3 1353
1 68 59 60 53 61 1 1354
0 36 56 57 60 47 3 1355
1 68 58 36 61 36 1 1356
0 116 56 50 52 60 3 1357
0 82 49 2 46 2 3 1358
0 75 70 38 60 51 4 1359
1 105 58 17 61 18 1 1360
0 111 61 32 64 32 3 1361
1 132 53 80 55 77 1 1362
0 100 88 92 86 95 3 1363
0 139 62 2 80 6 6 1364
0 13 54 45 48 48 3 1365
0 25 46 71 42 68 3 1366
0 109 57 39 60 42 5 1367
0 131 46 17 48 16 3 1368
0 65 55 42 50 48 3 1369
1 92 81 5 78 6 1 1370
0 27 5 69 5 64 3 1371
0 66 62 16 59 19 5 1372
0 107 67 37 64 31 3 1373
1 6 60 37 53 42 1 1374
0 65 69 39 64 50 6 1375
1 46 57 49 56 47 1 1376
0 125 31 45 30 53 3 1377
0 125 56 61 57 59 3 1378
1 68 90 37 91 34 3 1379
1 32 41 13 38 12 1 1380
0 35 49 33 46 31 3 1381
1 62 61 1 58 2 1 1382
1 4 69 6 82 4 2 1383
0 125 52 52 47 61 3 1384
1 22 9 26 30 51 2 1385
1 57 81 91 82 93 1 1386
1 129 57 28 56 31 1 1387
0 60 58 45 57 51 6 1388
1 132 49 2 42 3 1 1389
1 143 48 45 57 20 1 1390
0 52 43 31 41 35 3 1391
0 33 56 35 58 39 3 1392
1 137 53 46 51 55 1 1393
1 32 57 40 60 32 1 1394
0 0 61 42 60 50 3 1395
0 6 53 34 55 33 3 1396
0 87 42 34 44 31 3 1397
1 65 56 31 53 33 1 1398
1 57 54 76 58 75 2 1399
1 7 6 40 6 24 3 1400
1 112 45 4 34 5 3 1401
1 98 48 57 55 46 2 1402
0 121 43 4 46 4 3 1403
1 126 40 37 42 33 2 1404
0 128 67 34 69 26 3 1405
1 64 57 39 56 43 1 1406
1 124 55 77 34 90 3 1407
1 81 42 2 46 2 4 1408
0 7 6 32 6 26 3 1409
0 6 56 26 62 26 3 1410
1 33 46 20 40 17 5 1411
0 82 63 20 58 34 3 1412
0 138 55 76 98 67 3 1413
1 115 68 43 48 44 2 1414
0 106 6 32 5 41 3 1415
1 135 6 49 6 45 1 1416
1 74 46 4 16 4 2 1417
0 5 44 63 45 61 3 1418
1 100 63 43 52 42 2 1419
0 31 47 21 52 18 3 1420
1 95 53 40 48 43 1 1421
1 65 30 47 27 57 3 1422
1 87 45 60 51 50 1 1423
0 44 98 23 98 19 3 1424
1 118 51 16 53 17 1 1425
0 32 38 39 45 35 4 1426
0 139 76 7 80 5 3 1427
1 11 41 4 36 4 2 1428
1 92 85 94 80 94 1 1429
1 41 57 80 54 80 1 1430
0 76 54 44 57 48 3 1431
1 104 49 47 49 55 2 1432
1 68 14 10 45 53 3 1433
0 31 60 1 56 2 3 1434
1 68 37 18 45 20 2 1435
1 127 56 2 60 2 1 1436
1 22 31 49 28 59 1 1437
0 14 57 37 59 36 5 1438
0 33 52 81 55 80 3 1439
0 35 50 80 53 80 3 1440
1 136 50 43 57 29 1 1441
1 44 63 32 58 39 2 1442
0 52 55 41 55 38 3 1443
0 11 43 64 46 75 3 1444
1 126 59 76 48 80 1 1445
0 16 40 11 43 12 3 1446
0 19 65 94 62 97 3 1447
0 39 54 42 57 47 3 1448
0 75 65 94 66 92 3 1449
1 141 54 69 61 44 1 1450
0 66 47 2 51 2 5 1451
1 53 59 27 56 30 2 1452
0 16 50 17 43 17 3 1453
0 9 50 52 53 41 5 1454
0 108 33 44 32 50 3 1455
1 65 56 20 61 18 1 1456
0 94 51 32 53 26 3 1457
0 24 49 54 33 54 3 1458
0 126 56 40 55 50 3 1459
0 138 47 52 45 63 5 1460
1 12 45 33 39 37 4 1461
0 105 71 42 70 34 5 1462
1 60 86 4 81 5 3 1463
0 80 67 33 59 37 4 1464
0 43 98 24 98 16 3 1465
0 139 91 28 90 43 3 1466
1 39 54 32 50 64 4 1467
1 38 58 26 55 31 1 1468
0 95 40 58 71 69 6 1469
0 8 98 23 98 17 3 1470
0 74 28 47 30 45 3 1471
0 9 49 49 42 60 3 1472
1 130 45 20 73 11 3 1473
0 28 41 42 40 45 3 1474
0 112 55 80 50 80 3 1475
0 112 41 11 38 13 3 1476
0 27 58 17 52 15 3 1477
0 143 98 23 98 19 3 1478
1 63 65 94 67 91 2 1479
0 44 58 17 60 18 3 1480
0 64 52 41 57 37 3 1481
0 126 60 23 58 25 3 1482
0 18 55 78 54 76 3 1483
0 39 55 29 50 36 3 1484
0 35 88 93 83 93 3 1485
1 45 55 43 51 54 1 1486
0 25 54 69 58 59 3 1487
0 130 55 66 51 72 3 1488
1 61 55 35 62 37 1 1489
1 20 98 32 98 26 1 1490
0 80 68 37 62 32 3 1491
0 103 62 29 59 29 3 1492
1 58 58 33 61 30 1 1493
0 51 59 26 59 18 5 1494
0 94 59 17 58 19 3 1495
1 0 36 14 40 9 2 1496
0 79 41 59 45 51 3 1497
0 91 30 51 27 49 3 1498
0 72 49 67 44 76 3 1499
0 37 80 5 77 7 3 1500
1 139 52 60 49 49 2 1501
0 18 91 33 92 31 3 1502
0 21 55 71 49 70 3 1503
1 51 56 30 60 27 1 1504
0 130 55 45 46 33 3 1505
1 55 6 35 6 29 1 1506
1 23 58 76 54 79 1 1507
1 36 43 4 40 4 1 1508
0 133 45 59 51 59 6 1509
1 32 56 39 54 43 5 1510
1 27 5 69 6 63 6 1511
1 41 6 31 5 40 2 1512
1 83 57 27 47 51 1 1513
0 107 65 48 62 58 3 1514
1 117 88 3 86 4 1 1515
1 57 60 30 55 24 1 1516
1 17 67 41 63 47 1 1517
0 24 56 39 48 54 4 1518
1 120 46 4 39 5 1 1519
1 39 55 50 52 45 1 1520
0 10 51 47 54 45 3 1521
0 103 41 20 45 20 3 1522
1 107 41 30 43 32 5 1523
0 111 37 5 44 4 3 1524
0 36 38 14 43 12 3 1525
0 41 51 45 43 67 3 1526
0 80 32 12 28 12 3 1527
1 47 44 52 44 45 1 1528
0 28 48 3 45 4 3 1529
0 68 50 49 53 45 6 1530
0 130 91 33 90 42 3 1531
0 64 59 23 50 31 3 1532
0 117 47 61 45 65 3 1533
1 46 47 4 34 4 1 1534
1 34 55 77 56 75 2 1535
0 119 36 13 33 13 3 1536
0 81 52 25 55 26 5 1537
0 43 48 39 49 34 3 1538
0 7 28 56 30 60 3 1539
1 0 44 11 40 13 1 1540
0 72 98 17 98 1 3 1541
1 63 44 4 41 4 1 1542
1 108 91 31 92 27 2 1543
1 39 62 36 59 44 1 1544
1 64 43 42 50 38 1 1545
0 130 52 49 42 47 5 1546
0 143 54 38 60 40 3 1547
1 31 56 2 53 2 1 1548
0 130 53 45 56 43 3 1549
0 30 65 75 70 70 3 1550
1 121 83 4 80 5 1 1551
1 15 50 51 48 60 1 1552
1 66 57 18 45 19 3 1553
0 93 60 35 63 34 3 1554
1 139 49 52 36 60 1 1555
0 9 43 39 44 35 3 1556
1 90 61 37 58 42 2 1557
0 61 16 21 57 40 3 1558
1 121 43 30 43 39 1 1559
0 132 59 43 56 47 3 1560
0 19 5 26 6 30 3 1561
1 17 61 33 60 31 1 1562
0 110 5 61 4 66 3 1563
0 19 62 40 57 50 3 1564
0 125 52 49 53 47 3 1565
1 13 53 80 47 80 1 1566
0 65 61 36 56 38 3 1567
0 120 25 72 56 76 3 1568
0 0 58 75 54 79 3 1569
1 35 50 25 51 31 5 1570
0 60 46 20 50 17 3 1571
0 7 5 48 5 58 3 1572
0 51 30 46 31 53 3 1573
0 90 70 36 70 45 3 1574
0 11 30 44 30 50 3 1575
1 27 7 42 6 56 5 1576
0 22 32 46 32 37 3 1577
0 111 49 57 54 52 5 1578
0 135 89 93 86 94 3 1579
1 97 60 73 58 75 1 1580
1 24 67 40 71 33 2 1581
0 140 60 36 59 38 3 1582
0 72 58 38 60 41 4 1583
0 50 57 37 56 39 3 1584
0 37 44 4 48 3 3 1585
1 68 49 56 51 54 1 1586
1 24 58 20 62 22 1 1587
0 73 52 44 59 34 3 1588
1 87 56 39 58 23 1 1589
0 41 46 53 46 58 3 1590
1 96 58 38 54 40 1 1591
1 136 57 38 54 42 4 1592
0 128 67 42 68 32 4 1593
0 66 45 50 32 56 3 1594
1 18 65 75 69 73 1 1595
1 121 88 3 83 4 1 1596
0 9 58 28 4 25 4 1597
0 106 69 34 65 30 3 1598
1 53 43 52 45 50 1 1599
1 36 67 47 35 16 5 1600
1 115 87 92 86 94 6 1601
0 26 51 49 57 46 3 1602
0 2 59 32 59 25 3 1603
0 38 59 14 59 27 3 1604
1 127 67 37 61 48 1 1605
1 94 30 61 28 58 5 1606
1 102 6 29 6 41 2 1607
1 39 71 43 70 41 5 1608
0 9 56 35 16 20 3 1609
0 32 30 47 7 39 3 1610
1 18 66 38 67 42 1 1611
1 39 20 15 46 15 1 1612
1 113 43 82 39 90 4 1613
0 27 62 31 63 34 3 1614
0 80 59 73 61 71 3 1615
1 97 50 32 34 27 1 1616
0 68 66 34 68 41 3 1617
1 54 53 49 56 42 1 1618
0 102 68 70 70 72 3 1619
1 63 90 37 91 33 1 1620
1 126 68 44 66 43 1 1621
0 70 52 51 49 49 3 1622
1 31 56 55 52 60 2 1623
0 87 87 4 93 2 3 1624
0 101 87 93 89 92 3 1625
1 65 33 48 30 63 1 1626
0 64 60 29 61 23 3 1627
0 88 66 73 70 72 3 1628
0 102 65 1 60 1 3 1629
0 82 57 38 55 44 3 1630
0 80 57 29 61 28 3 1631
0 97 58 34 59 31 3 1632
1 135 67 35 66 26 1 1633
0 85 53 1 48 2 3 1634
1 34 55 73 50 76 2 1635
1 76 64 42 62 17 1 1636
0 92 70 42 70 36 3 1637
1 25 70 72 68 74 4 1638
0 48 39 13 41 11 5 1639
0 133 49 47 50 52 5 1640
1 24 56 40 54 38 4 1641
1 116 56 30 57 28 2 1642
1 80 48 37 53 44 2 1643
1 25 59 26 85 25 3 1644
0 53 57 80 54 81 3 1645
1 32 70 36 61 33 2 1646
1 38 47 38 57 37 5 1647
0 0 67 40 64 44 3 1648
0 16 30 47 32 46 5 1649
0 72 51 78 58 75 3 1650
1 88 45 20 52 18 1 1651
1 33 91 18 92 33 5 1652
0 0 65 29 70 33 3 1653
0 112 49 28 51 25 6 1654
0 139 57 1 59 2 5 1655
0 48 57 46 66 17 3 1656
1 86 6 61 7 49 1 1657
0 115 51 81 57 77 3 1658
0 93 67 1 57 1 3 1659
0 42 54 80 57 80 4 1660
0 115 88 93 87 91 3 1661
0 52 88 4 81 2 3 1662
1 79 38 31 26 37 1 1663
1 108 37 15 67 24 2 1664
1 5 55 47 51 60 1 1665
0 138 46 54 33 56 3 1666
1 78 50 47 48 38 1 1667
0 72 11 22 22 99 3 1668
0 19 52 52 52 49 3 1669
1 11 57 48 64 37 4 1670
1 18 91 29 90 50 2 1671
0 10 83 4 87 4 3 1672
0 17 59 36 55 41 3 1673
1 70 39 41 43 32 2 1674
0 102 64 45 68 37 3 1675
0 65 28 58 29 61 5 1676
0 78 53 43 60 42 5 1677
0 0 56 24 59 15 3 1678
0 121 48 40 47 44 3 1679
0 107 88 92 86 94 6 1680
0 70 55 18 58 18 3 1681
0 140 44 62 50 46 3 1682
0 6 43 47 37 42 3 1683
1 40 58 19 59 17 3 1684
1 3 48 67 50 52 1 1685
0 73 64 28 51 46 3 1686
1 127 46 51 33 57 2 1687
1 101 61 23 59 43 1 1688
0 56 56 37 53 41 5 1689
1 83 32 48 57 37 1 1690
1 48 3 31 0 38 1 1691
1 104 46 45 42 59 1 1692
1 99 44 2 49 2 1 1693
1 140 72 69 65 62 2 1694
1 130 50 18 48 19 1 1695
0 11 47 55 46 51 3 1696
1 27 45 3 39 3 2 1697
0 50 52 52 36 86 3 1698
0 22 59 26 62 24 3 1699
0 89 71 42 69 40 4 1700
0 115 50 79 55 79 4 1701
0 113 40 36 25 64 3 1702
1 41 54 76 52 82 1 1703
0 107 42 2 49 2 3 1704
1 77 14 61 57 74 1 1705
0 9 6 32 6 37 3 1706
0 132 52 47 50 50 4 1707
0 73 70 33 59 36 3 1708
0 116 46 29 39 37 3 1709
1 68 31 59 30 62 1 1710
0 0 56 14 58 17 3 1711
0 67 55 80 50 80 3 1712
0 82 53 43 53 40 5 1713
0 65 5 37 5 28 3 1714
1 105 86 4 83 5 3 1715
1 125 76 7 80 7 6 1716
1 105 45 28 41 30 2 1717
0 96 7 49 6 54 5 1718
1 7 6 56 7 50 1 1719
1 59 53 53 55 50 1 1720
1 24 60 30 58 28 2 1721
1 80 44 3 42 4 1 1722
0 115 45 36 54 22 3 1723
0 136 6 24 7 39 3 1724
0 120 51 63 53 57 3 1725
0 141 5 67 6 64 3 1726
1 92 54 32 51 35 1 1727
1 18 61 36 60 34 2 1728
1 61 38 11 41 11 2 1729
0 114 58 42 57 38 3 1730
1 115 52 39 50 36 1 1731
0 33 91 34 92 30 3 1732
1 33 46 50 22 19 1 1733
1 39 53 46 58 38 1 1734
1 78 77 6 80 6 6 1735
0 90 72 39 70 36 4 1736
0 87 60 23 54 29 3 1737
1 19 57 70 61 72 1 1738
1 123 58 45 52 43 1 1739
0 64 63 20 56 31 6 1740
1 32 36 9 36 13 1 1741
1 93 51 64 61 52 1 1742
1 74 60 18 56 18 1 1743
0 134 31 53 31 60 3 1744
1 95 48 2 45 3 1 1745
1 78 59 46 61 42 5 1746
1 80 29 53 20 66 5 1747
0 111 53 31 52 56 3 1748
1 93 53 44 50 49 1 1749
0 39 44 46 40 48 3 1750
0 32 45 29 43 32 3 1751
1 9 67 35 66 39 1 1752
1 96 40 12 43 12 5 1753
1 11 56 41 56 45 1 1754
0 141 59 23 58 34 3 1755
1 122 51 25 49 34 1 1756
0 13 48 50 53 52 3 1757
0 141 53 56 51 58 3 1758
1 88 70 35 71 42 2 1759
0 132 55 41 48 40 3 1760
0 42 33 45 30 51 4 1761
0 122 6 68 6 64 5 1762
0 46 63 30 54 28 3 1763
0 0 70 68 68 67 3 1764
0 5 55 30 60 30 3 1765
0 97 49 23 49 27 3 1766
0 116 58 23 60 22 3 1767
0 60 91 20 91 33 3 1768
1 103 5 35 6 37 1 1769
1 128 70 35 68 39 1 1770
0 17 55 71 48 79 3 1771
0 6 57 80 51 80 3 1772
1 110 59 54 51 73 1 1773
0 132 47 3 40 4 3 1774
1 119 70 33 72 34 4 1775
0 58 52 47 48 48 3 1776
1 76 66 78 68 77 1 1777
0 57 53 1 45 2 3 1778
0 117 49 64 51 62 3 1779
0 126 57 72 61 69 3 1780
0 102 83 5 62 2 3 1781
0 81 52 30 49 30 3 1782
1 65 54 44 45 56 5 1783
0 18 51 62 64 55 3 1784
1 46 58 71 59 73 1 1785
0 133 50 62 47 66 5 1786
1 57 58 36 60 32 6 1787
1 87 47 60 44 64 1 1788
1 28 6 53 3 43 1 1789
0 29 66 92 63 94 3 1790
1 3 92 30 90 35 1 1791
0 122 56 58 59 52 3 1792
0 116 62 27 59 26 5 1793
0 15 54 45 21 59 3 1794
0 32 43 11 37 13 3 1795
1 82 56 62 51 73 1 1796
1 5 51 71 63 42 1 1797
1 35 49 30 46 31 1 1798
0 117 66 73 70 73 3 1799
1 43 98 17 98 20 2 1800
0 13 53 43 52 37 3 1801
0 3 70 35 69 43 3 1802
0 141 47 57 54 39 3 1803
0 141 28 44 32 26 3 1804
0 138 16 2 42 2 3 1805
1 88 83 4 79 6 3 1806
0 106 50 72 47 65 3 1807
0 47 44 36 42 33 3 1808
0 100 51 81 54 81 3 1809
0 57 98 22 98 27 3 1810
1 86 81 4 80 6 1 1811
0 70 6 69 6 58 3 1812
0 139 57 2 60 1 5 1813
0 8 58 2 55 2 3 1814
0 117 55 49 44 65 3 1815
0 57 52 76 30 77 3 1816
0 67 53 43 52 46 3 1817
1 72 31 44 31 49 1 1818
1 118 48 56 49 54 4 1819
1 116 57 19 61 17 4 1820
1 107 46 33 43 33 1 1821
0 142 47 23 46 18 3 1822
1 93 92 21 91 18 1 1823
1 135 92 25 91 34 3 1824
1 21 73 67 72 69 1 1825
0 14 58 37 54 37 5 1826
0 79 40 21 42 33 5 1827
0 10 52 47 36 39 3 1828
0 81 43 2 49 2 3 1829
0 87 56 58 58 56 3 1830
0 2 72 35 69 38 3 1831
0 136 5 39 7 37 3 1832
1 92 61 34 65 26 1 1833
1 41 86 3 83 4 1 1834
0 60 51 44 35 50 3 1835
1 53 62 17 49 20 5 1836
1 36 55 48 55 39 2 1837
1 93 98 16 98 19 1 1838
1 111 5 39 6 33 1 1839
0 37 65 44 72 35 3 1840
0 138 39 4 30 4 3 1841
0 59 58 39 54 41 3 1842
1 48 92 25 91 29 1 1843
1 128 56 37 51 26 1 1844
1 137 30 51 30 32 1 1845
0 133 55 50 48 55 3 1846
1 65 66 39 64 44 1 1847
1 116 59 54 58 58 5 1848
1 69 49 18 45 20 1 1849
0 101 57 28 56 36 3 1850
1 135 47 28 41 41 2 1851
1 26 73 37 68 40 1 1852
1 41 48 44 55 38 1 1853
1 107 56 23 43 40 3 1854
0 70 74 66 61 74 3 1855
0 117 52 76 58 71 3 1856
0 114 66 35 67 41 3 1857
1 132 47 3 43 3 5 1858
0 51 32 47 31 49 5 1859
0 87 39 22 41 31 3 1860
0 112 60 19 58 20 3 1861
1 69 30 77 58 76 2 1862
1 14 7 41 5 57 1 1863
0 140 67 40 60 27 3 1864
1 5 49 20 46 20 2 1865
0 71 67 41 58 42 3 1866
1 53 50 22 47 24 1 1867
0 13 5 71 5 64 3 1868
1 28 59 19 58 13 2 1869
1 17 6 34 6 40 1 1870
0 47 32 55 26 74 3 1871
1 129 69 37 66 35 1 1872
0 61 50 48 55 43 3 1873
0 133 51 27 53 28 3 1874
0 39 51 48 45 47 3 1875
0 118 43 56 42 75 5 1876
1 30 56 18 59 19 1 1877
1 56 68 33 64 50 1 1878
1 128 60 28 60 23 1 1879
0 134 51 19 44 21 3 1880
1 10 45 2 48 2 2 1881
0 39 51 37 55 28 5 1882
1 102 50 2 47 2 1 1883
1 32 52 62 51 64 1 1884
1 119 65 31 69 32 3 1885
0 35 55 26 48 30 3 1886
0 3 60 30 40 28 3 1887
1 10 48 2 53 2 1 1888
1 113 51 26 49 28 1 1889
1 129 54 42 52 44 1 1890
1 136 70 30 66 34 4 1891
0 24 48 19 52 17 3 1892
0 43 60 45 67 19 3 1893
0 76 53 54 48 55 3 1894
0 112 5 38 6 31 3 1895
0 40 46 32 46 29 3 1896
1 124 68 26 68 37 1 1897
0 103 59 28 56 29 3 1898
1 35 51 21 51 24 6 1899
1 88 44 24 50 20 2 1900
0 96 47 3 41 3 3 1901
0 46 6 39 6 43 3 1902
1 24 47 36 48 41 2 1903
1 78 91 33 92 29 1 1904
1 113 42 31 46 31 2 1905
1 36 54 48 50 48 1 1906
0 53 49 37 54 23 3 1907
1 132 57 64 52 76 2 1908
0 80 30 46 31 44 3 1909
0 76 71 71 68 74 3 1910
1 73 56 1 65 1 2 1911
0 0 70 41 66 43 3 1912
1 5 55 32 55 35 3 1913
1 39 62 50 61 56 1 1914
1 59 46 2 50 2 3 1915
0 41 62 33 56 39 3 1916
0 87 48 2 39 1 3 1917
0 14 37 40 42 35 3 1918
1 67 56 38 49 30 5 1919
0 64 87 3 86 5 3 1920
0 59 49 37 47 42 3 1921
0 0 59 45 71 41 3 1922
0 105 65 31 46 42 3 1923
0 42 57 44 55 40 3 1924
0 129 50 46 62 23 3 1925
0 48 3 31 27 40 3 1926
0 67 48 49 50 55 3 1927
1 84 60 54 54 67 3 1928
1 105 3 13 5 2 1 1929
1 130 52 60 56 51 1 1930
1 74 79 6 82 4 1 1931
1 94 6 64 4 63 1 1932
1 100 54 80 28 80 2 1933
1 108 55 31 59 33 2 1934
0 17 55 40 60 37 6 1935
1 44 63 35 59 34 4 1936
0 37 50 42 53 41 3 1937
0 24 56 38 59 36 3 1938
0 16 98 20 98 17 3 1939
0 106 5 65 5 69 3 1940
0 12 67 36 67 43 3 1941
1 130 60 48 58 53 1 1942
1 40 56 15 60 17 2 1943
0 139 58 2 55 2 3 1944
1 57 6 55 6 50 1 1945
1 115 55 72 54 75 1 1946
1 15 65 1 62 1 4 1947
1 104 27 25 25 30 5 1948
1 76 3 96 1 95 2 1949
1 53 57 37 51 49 1 1950
1 100 53 80 58 80 5 1951
0 102 6 31 6 35 5 1952
1 20 70 35 70 39 1 1953
0 141 66 41 69 41 4 1954
1 120 36 4 28 3 5 1955
0 117 29 54 26 50 3 1956
1 128 31 45 31 42 1 1957
1 109 53 29 57 25 1 1958
0 52 54 45 51 36 5 1959
0 93 61 1 59 2 3 1960
0 47 31 49 28 57 3 1961
1 0 43 55 45 54 1 1962
1 141 57 48 57 57 1 1963
1 12 48 21 44 23 1 1964
0 54 42 62 45 63 3 1965
1 18 85 4 84 6 2 1966
0 38 65 67 69 69 5 1967
0 7 32 50 27 44 3 1968
0 91 57 34 60 37 3 1969
1 98 45 50 46 45 6 1970
1 77 50 38 52 29 1 1971
1 117 44 61 54 41 1 1972
0 50 49 33 47 31 5 1973
1 78 91 33 90 38 2 1974
1 122 46 61 49 63 1 1975
1 83 58 27 45 33 1 1976
0 46 56 50 59 38 4 1977
0 109 61 43 63 47 3 1978
0 11 90 42 92 25 3 1979
0 79 41 30 38 30 3 1980
1 117 62 36 58 37 1 1981
1 48 42 11 40 14 3 1982
0 84 59 29 63 6 3 1983
1 67 56 76 63 69 2 1984
1 36 68 40 63 52 1 1985
1 5 71 32 67 39 1 1986
1 90 66 93 64 96 1 1987
1 72 31 42 51 43 1 1988
0 84 55 41 48 39 3 1989
1 141 60 1 65 1 3 1990
0 89 52 33 40 71 3 1991
1 86 56 27 56 24 3 1992
0 130 48 3 50 2 3 1993
0 62 53 41 47 59 3 1994
0 64 31 43 33 44 3 1995
0 95 16 64 14 69 3 1996
0 46 49 21 49 18 3 1997
1 77 63 1 59 1 2 1998
0 100 59 46 51 51 3 1999
