0 108 91 30 91 34 3 0
1 108 85 94 79 92 1 1
0 143 39 14 40 12 3 2
0 89 60 24 60 31 3 3
1 96 41 68 52 57 1 4
1 53 60 16 61 18 1 5
1 83 6 35 6 30 1 6
1 17 58 34 59 29 1 7
1 58 63 42 60 48 4 8
1 130 6 58 4 47 2 9
0 35 42 60 46 30 3 10
0 112 57 77 14 60 3 11
0 9 51 49 54 51 3 12
1 141 58 1 62 1 1 13
0 122 5 68 5 65 3 14
1 60 53 1 81 1 3 15
0 86 59 38 51 39 3 16
0 76 6 43 6 55 3 17
0 133 50 55 53 51 6 18
0 23 46 2 53 1 3 19
0 36 62 39 59 36 3 20
0 66 98 17 98 21 3 21
1 96 55 51 53 56 1 22
0 112 66 46 65 41 3 23
0 25 61 32 56 41 6 24
0 35 54 25 46 30 3 25
0 14 38 13 40 14 3 26
1 58 54 46 61 42 1 27
1 86 6 54 3 35 5 28
1 64 72 72 73 68 2 29
0 95 70 68 67 63 3 30
0 135 39 36 41 33 3 31
1 25 68 73 52 75 1 32
1 86 42 21 38 32 1 33
1 115 46 20 50 19 3 34
1 65 51 75 69 74 2 35
0 133 61 18 12 18 3 36
1 116 62 24 59 26 5 37
0 100 32 73 61 69 3 38
1 10 49 2 52 1 1 39
0 48 45 50 38 44 3 40
1 75 51 2 54 2 2 41
1 27 71 39 77 35 2 42
1 103 42 40 36 42 4 43
0 70 68 25 61 24 3 44
1 60 30 36 33 44 1 45
1 116 71 37 65 44 1 46
0 65 61 30 59 25 3 47
1 102 66 93 65 96 1 48
0 111 49 27 55 23 3 49
0 22 26 51 33 43 3 50
1 138 57 72 30 77 1 51
1 87 54 51 55 48 1 52
1 0 51 44 55 48 1 53
0 138 29 48 34 44 3 54
0 60 57 46 57 59 3 55
0 61 56 41 60 31 3 56
0 47 6 30 6 26 3 57
1 115 68 38 65 50 1 58
0 119 59 43 60 40 3 59
0 58 54 54 52 55 3 60
0 86 61 43 56 39 3 61
0 41 37 29 37 40 3 62
1 24 41 35 44 32 1 63
1 32 60 34 55 39 3 64
1 19 49 30 55 27 1 65
0 93 91 36 91 27 3 66
0 4 50 73 52 69 4 67
0 16 54 75 59 76 3 68
0 130 53 17 45 18 3 69
1 8 52 70 60 54 1 70
0 25 59 72 54 79 3 71
0 1 29 44 47 47 3 72
1 139 54 2 57 1 3 73
1 46 66 1 63 1 1 74
0 57 68 47 67 49 3 75
1 120 62 33 62 30 1 76
0 23 67 34 63 25 5 77
1 87 44 64 32 54 1 78
1 32 70 6 74 5 1 79
0 113 60 22 59 15 3 80
0 18 59 57 51 66 3 81
1 84 71 31 67 37 5 82
1 95 67 35 65 41 1 83
0 40 46 4 38 3 3 84
0 139 55 18 52 19 3 85
0 8 42 30 36 39 3 86
1 86 57 73 55 75 2 87
0 34 61 36 60 34 3 88
1 82 66 38 51 37 1 89
1 136 6 49 6 54 4 90
0 28 98 22 98 16 6 91
0 79 58 36 56 40 3 92
1 116 28 50 32 48 1 93
1 98 61 1 57 2 2 94
1 41 52 53 50 65 1 95
1 16 66 40 68 39 2 96
0 74 59 57 59 54 3 97
0 95 67 34 65 51 3 98
0 34 6 67 5 61 3 99
0 1 52 51 53 48 3 100
1 54 44 47 36 42 2 101
0 130 56 42 60 43 6 102
0 26 70 33 72 34 4 103
0 113 55 38 50 36 3 104
1 48 42 13 34 11 1 105
0 65 58 1 62 1 3 106
1 26 54 42 57 43 1 107
1 100 61 48 54 52 1 108
0 143 56 39 61 31 3 109
0 112 51 21 54 19 3 110
0 72 54 46 55 39 3 111
1 74 81 5 83 4 1 112
0 28 98 24 98 32 3 113
0 134 64 93 62 94 3 114
1 72 70 73 74 66 1 115
1 6 53 19 56 20 2 116
0 37 49 48 53 44 3 117
0 34 59 49 48 45 3 118
0 0 63 52 62 54 3 119
1 58 61 30 59 36 1 120
0 111 32 46 32 52 4 121
1 22 56 80 50 81 1 122
1 136 61 32 56 39 1 123
1 50 98 27 98 24 2 124
1 133 46 63 46 70 3 125
0 82 98 22 98 25 3 126
0 32 39 14 41 13 3 127
0 31 60 1 55 2 3 128
1 82 57 59 61 42 1 129
1 74 57 45 58 54 1 130
0 86 5 67 6 65 3 131
1 129 64 45 62 40 1 132
0 123 59 29 51 30 3 133
0 59 48 2 51 2 3 134
1 32 68 38 61 38 3 135
0 121 6 30 6 33 3 136
1 51 56 37 56 40 1 137
0 24 42 32 43 36 5 138
0 42 58 45 52 52 3 139
0 96 55 42 54 48 3 140
1 113 52 33 50 36 5 141
1 106 44 51 53 42 5 142
0 55 6 36 6 31 3 143
1 115 45 4 34 3 5 144
0 64 31 48 31 40 3 145
1 16 91 32 91 35 1 146
0 11 31 45 26 40 3 147
0 33 66 49 68 48 3 148
1 73 61 42 59 44 5 149
1 118 57 48 58 54 3 150
0 79 31 45 32 55 6 151
0 78 46 53 44 66 3 152
0 143 51 58 71 86 3 153
0 75 63 30 59 43 3 154
0 96 51 56 49 54 3 155
0 11 47 3 42 3 3 156
0 85 5 68 6 66 3 157
0 56 50 50 52 46 3 158
0 39 55 39 61 36 3 159
1 115 55 52 45 61 2 160
0 66 37 42 39 40 6 161
0 17 44 4 40 4 3 162
1 13 52 47 54 40 2 163
1 92 69 6 81 3 6 164
1 29 57 20 54 21 1 165
0 74 11 60 22 76 3 166
1 78 92 26 91 31 1 167
1 93 47 47 48 55 1 168
0 98 51 25 47 29 3 169
0 49 69 70 70 72 3 170
1 132 55 39 56 44 1 171
0 137 51 20 48 16 3 172
1 32 49 50 33 75 1 173
0 18 91 24 89 22 5 174
1 38 59 30 56 31 1 175
0 4 56 41 33 43 4 176
1 69 30 46 33 45 1 177
0 130 66 39 64 45 3 178
0 88 58 45 60 55 3 179
0 36 98 14 98 18 3 180
0 37 6 28 5 41 3 181
1 141 4 39 5 42 2 182
0 112 41 12 38 13 6 183
0 100 98 16 98 22 5 184
1 63 46 4 27 3 1 185
1 79 31 51 31 47 1 186
0 28 67 41 65 46 5 187
0 103 61 29 56 30 3 188
1 42 53 45 51 60 2 189
1 93 57 29 51 28 2 190
1 102 57 39 61 42 2 191
1 93 31 42 34 46 1 192
1 47 45 4 35 4 1 193
0 120 60 39 53 57 3 194
0 86 62 33 60 36 4 195
1 102 62 30 52 37 1 196
1 43 85 4 87 3 2 197
0 44 67 75 71 72 3 198
0 134 69 6 85 1 3 199
1 14 59 38 63 34 4 200
1 74 60 45 50 64 1 201
0 123 55 35 56 40 4 202
1 65 59 49 52 39 4 203
0 0 60 40 65 39 3 204
0 79 59 18 68 11 3 205
0 89 57 80 55 79 3 206
0 130 65 48 66 33 3 207
1 101 47 40 48 48 3 208
0 50 42 30 41 42 3 209
1 95 69 75 71 74 1 210
1 89 67 73 64 76 1 211
1 66 53 18 57 18 2 212
1 15 55 2 58 1 1 213
1 9 67 33 65 32 1 214
1 139 6 37 6 40 1 215
0 19 42 50 42 60 3 216
0 3 60 42 61 35 5 217
0 51 43 74 59 71 3 218
0 110 57 48 56 53 3 219
0 52 50 48 42 42 3 220
1 137 43 2 46 2 1 221
0 128 51 31 48 18 3 222
0 8 46 58 46 54 3 223
1 120 45 3 17 4 2 224
1 64 61 30 60 22 1 225
0 84 59 39 47 53 3 226
1 117 58 42 56 43 1 227
0 91 73 34 69 38 3 228
1 112 87 3 85 4 1 229
1 63 55 74 59 70 1 230
0 69 41 69 46 47 3 231
1 87 59 46 66 39 1 232
1 39 55 44 51 50 1 233
0 63 45 4 37 4 3 234
1 117 48 58 47 62 3 235
1 119 45 64 50 65 3 236
0 9 51 49 49 55 3 237
0 36 60 23 60 32 5 238
0 112 47 32 50 32 3 239
0 137 34 45 31 43 3 240
0 42 29 56 28 54 3 241
1 39 60 33 54 27 1 242
1 139 49 39 45 33 2 243
0 115 34 41 26 38 3 244
0 129 46 70 35 85 3 245
0 73 64 37 62 40 3 246
1 80 55 36 57 37 1 247
1 13 57 48 50 20 2 248
0 66 71 35 69 37 3 249
1 10 50 18 49 20 2 250
0 122 48 45 47 50 3 251
0 38 59 30 62 24 3 252
0 78 57 37 59 39 3 253
0 40 42 4 45 4 5 254
1 29 64 23 61 23 5 255
0 7 86 3 87 5 5 256
1 109 36 4 29 4 2 257
0 68 46 40 33 35 3 258
1 76 38 12 42 12 1 259
0 111 52 30 51 18 6 260
1 56 49 28 46 35 1 261
1 105 58 30 58 47 1 262
0 32 40 37 41 34 3 263
0 57 47 4 37 5 3 264
1 32 60 48 60 45 1 265
1 134 40 58 70 71 2 266
1 96 57 39 59 41 1 267
0 7 27 60 32 58 3 268
1 109 53 1 43 2 1 269
1 115 40 4 44 4 1 270
1 126 55 79 60 73 1 271
0 104 45 59 32 56 3 272
1 19 61 37 60 41 3 273
0 54 42 12 40 13 3 274
0 72 55 41 48 25 6 275
0 95 29 47 26 50 3 276
1 76 61 51 59 45 1 277
0 10 54 46 36 53 3 278
1 136 51 36 61 40 1 279
1 29 41 64 42 58 1 280
1 91 71 36 67 41 1 281
0 47 56 61 63 44 3 282
1 26 72 36 65 45 2 283
1 123 60 35 30 14 2 284
1 132 54 43 59 42 5 285
0 20 51 59 53 53 3 286
0 65 56 65 54 69 3 287
0 21 30 14 57 21 3 288
1 139 91 38 90 45 1 289
0 81 35 16 61 48 3 290
1 51 30 56 31 53 1 291
0 65 47 4 44 4 3 292
1 28 67 41 64 42 1 293
0 91 68 69 70 70 3 294
1 98 42 38 47 42 6 295
0 135 27 25 38 47 3 296
0 131 34 18 37 17 3 297
1 55 47 45 43 46 3 298
1 14 88 93 86 94 4 299
0 12 58 43 57 37 3 300
0 16 43 11 41 12 3 301
1 26 49 44 47 72 1 302
1 65 53 57 50 54 3 303
0 77 55 58 52 57 3 304
0 34 57 20 54 17 3 305
1 81 5 64 6 66 2 306
1 114 26 49 30 36 1 307
1 25 61 23 59 25 2 308
1 63 56 19 49 21 1 309
0 59 60 38 62 29 3 310
1 25 53 36 60 29 1 311
0 133 41 39 45 28 3 312
1 59 68 42 58 56 1 313
0 88 57 59 60 52 6 314
0 80 30 36 5 34 3 315
0 140 67 42 52 42 3 316
1 70 53 46 53 41 1 317
0 87 46 55 45 60 6 318
1 120 57 39 53 45 1 319
1 105 59 50 53 55 1 320
1 6 89 93 87 95 1 321
0 61 62 39 59 37 3 322
1 60 55 46 46 60 2 323
1 105 80 5 98 4 1 324
1 139 57 80 46 80 2 325
0 5 57 38 59 35 3 326
0 20 29 64 27 60 3 327
0 75 6 52 5 57 3 328
0 96 29 55 25 55 3 329
0 78 59 46 56 53 3 330
1 88 33 48 33 43 1 331
1 138 48 3 45 4 6 332
1 77 32 39 34 42 3 333
1 14 54 19 60 17 2 334
1 76 92 25 92 7 1 335
1 82 53 28 53 43 1 336
1 5 57 71 56 77 5 337
1 26 54 52 51 49 1 338
0 108 46 31 51 32 3 339
1 108 59 44 52 46 2 340
0 79 83 3 87 2 3 341
0 26 45 54 44 50 3 342
0 13 53 44 56 40 5 343
0 78 71 38 67 43 3 344
0 26 53 50 48 55 3 345
0 115 6 32 6 35 3 346
1 5 59 45 56 51 2 347
1 89 54 70 55 68 3 348
1 49 87 4 84 4 5 349
1 19 51 54 49 52 1 350
1 107 56 30 54 32 1 351
0 19 62 49 66 42 3 352
1 22 43 32 42 20 1 353
1 53 62 17 59 17 1 354
1 10 63 47 50 45 1 355
1 52 55 26 46 33 2 356
1 68 68 41 61 34 1 357
1 20 98 20 98 25 2 358
1 72 98 15 98 18 1 359
0 49 46 60 56 40 3 360
0 27 6 66 6 63 3 361
1 60 45 59 46 52 3 362
0 24 37 46 47 28 3 363
0 60 49 19 51 18 6 364
1 66 54 38 49 36 2 365
1 62 65 26 63 37 1 366
0 32 53 57 54 54 3 367
0 124 68 43 65 42 3 368
0 36 69 45 67 42 3 369
1 85 6 53 5 34 2 370
1 34 55 38 51 45 2 371
0 40 40 13 32 13 3 372
0 52 47 1 54 1 3 373
0 16 48 31 46 44 3 374
1 66 55 20 49 23 1 375
0 74 46 20 50 19 5 376
1 133 45 73 46 71 1 377
1 40 59 34 58 39 3 378
1 74 54 43 60 45 1 379
0 89 5 39 5 55 3 380
1 76 6 50 7 36 2 381
1 124 51 19 45 18 2 382
0 46 46 20 50 20 3 383
1 88 61 44 56 59 1 384
1 117 71 73 98 65 3 385
1 57 6 43 6 38 2 386
0 132 47 48 50 37 5 387
0 54 66 93 64 94 3 388
1 47 40 38 42 34 1 389
1 62 46 3 39 4 1 390
1 16 67 48 63 52 1 391
0 28 98 14 98 17 3 392
0 31 43 54 41 76 3 393
1 20 67 43 66 41 1 394
0 104 50 42 52 46 3 395
0 78 48 53 48 65 3 396
0 92 60 29 61 37 3 397
0 17 52 46 55 47 3 398
1 126 49 45 46 44 1 399
1 68 38 23 39 29 1 400
0 29 48 48 49 52 3 401
0 66 67 42 67 48 3 402
0 58 62 45 65 36 3 403
1 97 48 3 45 2 1 404
1 59 51 27 7 26 1 405
1 94 50 18 44 18 1 406
1 140 55 79 51 78 1 407
1 85 6 32 5 39 2 408
1 28 54 76 56 75 1 409
1 97 45 48 22 19 2 410
0 5 54 81 52 80 3 411
0 17 49 21 37 13 3 412
0 141 57 49 55 54 3 413
1 31 54 41 55 43 1 414
1 103 49 3 40 5 1 415
0 79 57 47 60 49 3 416
1 140 63 46 65 42 1 417
1 69 68 41 64 52 1 418
0 107 6 31 5 33 3 419
0 22 70 31 70 38 3 420
0 127 45 31 46 27 3 421
0 51 69 70 51 75 5 422
1 128 61 16 53 42 2 423
0 5 69 74 67 76 3 424
1 79 67 39 58 44 1 425
1 66 57 59 51 63 3 426
0 47 54 41 57 43 3 427
1 7 6 53 6 62 1 428
0 105 59 17 63 16 3 429
0 128 59 40 41 43 3 430
1 88 57 43 58 39 1 431
0 0 53 60 59 30 3 432
0 29 63 34 57 40 3 433
1 127 29 52 30 49 1 434
0 98 60 46 60 43 3 435
1 65 51 51 48 69 1 436
1 125 56 30 58 31 2 437
0 88 56 64 57 49 3 438
0 60 52 18 44 18 3 439
0 98 44 52 47 55 6 440
1 47 56 45 30 14 1 441
0 100 98 18 98 15 3 442
0 102 43 21 47 21 4 443
1 79 40 3 12 1 1 444
0 117 51 53 53 57 3 445
0 65 62 47 61 51 6 446
0 120 54 79 47 82 3 447
1 76 68 74 40 58 3 448
1 66 43 38 41 42 2 449
0 115 6 43 6 50 3 450
1 96 7 47 6 50 2 451
1 104 53 41 50 36 1 452
0 26 6 33 6 26 3 453
0 130 58 80 55 80 3 454
0 19 55 23 57 22 3 455
0 71 49 80 56 80 3 456
1 106 6 45 6 49 1 457
1 120 64 45 64 41 1 458
1 140 54 44 48 54 1 459
1 26 66 43 64 45 1 460
1 98 46 44 47 50 5 461
1 78 55 40 40 47 1 462
1 108 72 71 70 72 1 463
1 43 37 42 33 40 1 464
1 114 45 62 50 65 1 465
0 29 51 26 50 31 3 466
0 66 40 42 38 41 3 467
0 126 42 40 43 31 3 468
0 91 61 34 52 45 3 469
0 38 58 28 59 23 3 470
1 63 63 78 68 72 6 471
0 18 56 52 52 60 3 472
0 40 30 78 52 77 3 473
1 94 43 66 41 57 2 474
0 28 52 49 51 62 3 475
1 119 49 29 54 27 2 476
1 60 62 1 60 2 3 477
1 78 91 33 92 27 1 478
1 64 26 52 28 53 1 479
0 86 55 42 44 40 3 480
1 141 60 31 57 39 3 481
0 121 58 36 52 41 3 482
0 128 52 18 47 16 3 483
0 120 49 61 42 70 5 484
1 132 52 51 46 63 1 485
1 65 29 54 24 41 3 486
0 66 41 34 42 32 3 487
0 53 69 42 58 58 3 488
0 108 6 45 7 36 3 489
1 21 45 52 46 61 1 490
0 69 6 33 6 26 3 491
1 94 5 67 6 64 1 492
0 10 31 46 34 45 3 493
0 141 60 28 59 24 3 494
0 17 49 2 46 2 3 495
0 19 44 47 41 47 3 496
1 4 50 32 39 44 2 497
1 123 69 73 66 79 1 498
0 49 49 4 42 4 3 499
1 79 37 42 43 35 5 500
0 96 87 3 84 3 3 501
1 81 47 52 46 57 1 502
1 38 44 29 42 30 1 503
1 92 81 6 79 5 1 504
1 116 53 80 49 81 3 505
0 5 47 20 49 18 3 506
1 84 60 1 49 2 2 507
0 134 69 68 70 65 3 508
0 143 80 6 61 2 3 509
1 6 65 76 68 75 1 510
1 48 52 55 51 51 1 511
0 22 42 35 45 31 3 512
0 63 52 45 56 49 3 513
1 13 53 32 27 17 1 514
1 88 53 18 35 20 1 515
0 137 30 46 30 51 3 516
0 2 49 66 51 64 3 517
0 32 40 9 43 10 3 518
1 49 31 26 37 21 1 519
0 71 61 27 59 26 3 520
0 79 31 51 31 46 4 521
1 10 60 2 55 2 2 522
1 139 51 62 55 54 1 523
1 133 54 45 26 25 2 524
1 18 63 35 90 23 2 525
0 0 47 53 47 50 3 526
1 0 39 13 38 16 2 527
1 96 29 48 31 45 3 528
0 76 37 40 42 40 3 529
0 96 55 42 49 48 3 530
0 63 72 36 62 28 3 531
0 113 56 28 55 30 3 532
1 36 50 48 37 44 1 533
0 57 7 39 6 46 3 534
0 30 66 93 62 94 3 535
1 127 5 42 6 31 2 536
0 25 52 29 59 22 3 537
0 143 28 48 30 52 3 538
0 78 54 57 57 54 3 539
1 81 51 27 54 25 2 540
0 25 58 29 59 23 5 541
1 135 40 43 41 36 5 542
0 108 91 30 92 32 3 543
1 3 69 73 67 72 1 544
1 6 51 55 51 51 4 545
1 75 61 29 45 26 1 546
1 44 67 73 70 72 1 547
0 8 54 27 55 17 3 548
1 39 40 14 38 13 1 549
0 6 34 41 33 44 3 550
1 64 60 26 58 23 1 551
0 97 70 43 66 42 3 552
1 56 59 18 39 17 1 553
0 63 60 72 54 76 5 554
1 102 50 19 45 21 1 555
0 46 48 20 45 20 3 556
0 69 56 40 59 37 3 557
1 106 6 53 6 50 3 558
1 18 90 41 89 57 1 559
0 109 54 75 59 77 5 560
1 139 53 42 46 36 3 561
1 53 56 42 52 51 1 562
1 102 59 36 48 39 1 563
0 112 60 34 58 37 3 564
0 22 60 16 62 17 3 565
1 110 41 3 49 2 1 566
0 50 51 31 51 19 3 567
1 70 68 73 69 64 1 568
1 40 42 31 35 28 1 569
1 63 53 75 60 73 5 570
1 83 6 33 6 19 6 571
0 104 59 30 46 53 3 572
1 32 55 65 57 59 1 573
1 40 55 72 57 76 1 574
0 132 55 23 61 21 3 575
1 62 51 75 66 74 1 576
1 68 27 48 26 51 1 577
0 103 60 25 57 35 3 578
0 38 67 78 69 69 3 579
0 67 66 38 63 42 3 580
1 48 39 33 46 40 1 581
1 134 53 45 59 38 1 582
1 90 46 28 44 30 1 583
0 60 66 93 64 92 3 584
0 22 30 54 34 41 3 585
1 32 54 40 50 42 3 586
0 52 38 40 42 40 3 587
0 142 59 48 51 62 3 588
1 33 70 37 68 40 2 589
1 88 68 42 42 57 1 590
1 100 57 39 48 44 5 591
1 73 58 73 59 70 1 592
1 31 86 93 88 92 1 593
0 102 98 22 98 34 3 594
1 139 38 40 44 39 1 595
1 125 88 93 85 93 1 596
0 77 62 25 58 24 3 597
0 77 85 4 82 6 3 598
1 124 58 80 55 80 2 599
0 106 53 47 53 51 4 600
0 63 46 3 43 4 3 601
1 65 33 44 28 54 2 602
0 120 49 21 46 22 3 603
0 79 63 24 60 17 3 604
0 43 46 57 51 55 3 605
0 3 91 42 90 37 5 606
0 92 42 3 46 3 3 607
0 72 90 51 89 45 3 608
0 24 52 42 47 38 4 609
0 70 57 24 48 27 3 610
1 72 55 40 58 33 2 611
1 101 67 74 62 86 1 612
1 78 63 38 35 16 5 613
0 96 6 43 6 49 3 614
0 86 52 25 48 28 3 615
1 109 33 46 32 43 1 616
0 29 83 93 88 93 3 617
0 23 52 39 59 27 3 618
0 17 6 49 6 58 5 619
1 82 53 51 54 49 2 620
1 12 91 31 91 36 1 621
1 143 34 45 31 49 2 622
0 5 32 78 46 88 3 623
1 124 60 1 63 2 1 624
0 28 68 38 68 27 3 625
1 102 31 49 29 53 3 626
0 59 49 28 47 30 3 627
1 117 49 64 51 63 1 628
1 128 38 14 36 13 1 629
0 89 34 45 31 45 3 630
0 87 46 58 39 53 3 631
1 2 55 52 55 63 1 632
0 121 54 46 37 43 3 633
0 77 51 27 49 28 3 634
1 66 43 38 43 35 3 635
0 72 55 2 60 1 3 636
0 63 33 13 35 15 3 637
0 132 58 37 51 49 3 638
1 111 65 43 61 28 1 639
0 13 56 41 59 43 3 640
1 96 42 63 23 63 1 641
1 68 48 60 54 42 1 642
0 96 23 63 30 92 3 643
0 1 98 20 98 23 3 644
1 96 68 42 71 30 1 645
1 0 41 35 44 36 1 646
0 44 43 17 31 11 3 647
1 86 54 76 13 60 1 648
1 49 87 4 84 4 1 649
0 117 54 43 56 39 3 650
1 108 57 1 62 1 1 651
1 17 56 36 53 39 5 652
0 52 65 24 68 46 3 653
1 92 79 7 81 5 1 654
0 130 91 33 91 30 3 655
1 21 87 3 79 4 1 656
1 143 98 9 98 15 1 657
1 48 51 58 48 58 1 658
0 74 6 39 6 30 6 659
0 40 69 74 73 67 3 660
0 43 60 31 55 42 3 661
0 123 57 47 54 51 3 662
1 87 90 35 90 26 1 663
1 115 51 44 49 47 3 664
1 86 68 42 70 37 2 665
1 77 35 13 43 11 3 666
1 86 52 42 50 29 1 667
1 141 59 48 61 42 1 668
0 22 92 29 92 24 3 669
0 108 56 2 59 2 3 670
0 39 73 31 69 39 3 671
0 34 69 40 58 23 3 672
1 137 46 2 51 2 1 673
0 73 64 34 62 8 3 674
1 3 91 31 92 29 1 675
0 19 66 92 65 90 3 676
0 48 90 36 89 33 3 677
0 41 42 17 49 17 3 678
0 110 91 37 92 29 3 679
1 101 67 27 65 26 1 680
1 104 59 38 55 35 1 681
1 14 66 78 68 77 1 682
1 128 55 32 60 24 2 683
0 82 68 74 69 72 3 684
1 33 67 38 71 36 1 685
0 83 6 30 6 26 6 686
1 68 56 42 44 40 5 687
0 27 43 4 41 5 3 688
1 4 56 38 58 39 1 689
1 1 58 19 50 22 1 690
0 105 68 24 66 33 3 691
1 109 44 4 49 3 5 692
0 41 48 44 41 60 3 693
0 14 68 26 62 22 3 694
1 7 55 42 56 39 3 695
1 101 65 31 64 33 1 696
0 25 69 72 70 74 3 697
1 50 55 22 59 20 3 698
0 39 6 50 6 69 3 699
0 113 98 15 98 19 3 700
0 71 88 94 85 95 4 701
0 96 59 41 62 32 4 702
1 120 63 40 61 42 1 703
1 139 53 46 52 40 2 704
1 39 51 62 49 52 2 705
1 37 6 35 5 37 1 706
0 68 61 29 58 43 3 707
0 130 56 38 64 43 3 708
1 93 41 42 38 40 1 709
0 54 4 63 5 61 3 710
0 129 62 39 58 36 3 711
1 138 50 78 54 75 6 712
0 104 50 42 55 42 3 713
1 80 66 36 66 39 1 714
1 57 70 70 65 76 1 715
0 137 27 64 26 67 3 716
1 81 46 47 41 64 1 717
0 70 51 57 56 52 3 718
0 129 55 40 58 36 3 719
1 143 44 11 36 12 3 720
0 79 58 50 55 56 3 721
1 79 59 37 61 36 1 722
0 78 64 28 61 31 3 723
0 76 69 35 65 47 5 724
0 100 98 21 98 15 3 725
1 18 65 92 67 93 2 726
0 52 57 46 56 26 3 727
1 2 60 30 61 24 3 728
1 7 61 52 52 59 1 729
1 26 58 35 56 45 1 730
1 108 50 38 49 41 5 731
1 138 49 28 52 25 1 732
0 129 62 37 61 33 3 733
0 99 69 35 70 43 3 734
1 65 57 45 58 38 1 735
0 74 53 80 51 81 3 736
1 77 60 23 54 28 1 737
0 111 56 80 51 81 5 738
1 108 66 93 63 94 1 739
0 92 64 30 70 45 3 740
0 93 87 94 82 94 3 741
1 84 59 44 62 36 1 742
0 121 50 45 68 41 3 743
1 102 46 62 45 56 2 744
0 44 62 35 58 48 5 745
0 10 47 33 53 32 3 746
1 61 50 44 50 51 2 747
0 93 23 20 46 58 3 748
1 16 49 19 52 18 1 749
1 89 71 39 70 41 2 750
1 133 64 28 62 35 1 751
1 0 68 49 66 51 1 752
0 48 79 6 83 4 3 753
0 108 50 33 50 27 3 754
0 68 54 52 54 41 3 755
1 3 68 72 38 58 1 756
0 1 66 41 68 39 3 757
1 83 44 4 38 4 1 758
1 18 56 50 51 64 3 759
1 132 71 69 68 72 1 760
1 17 6 52 6 32 1 761
0 29 59 17 52 19 3 762
1 95 59 37 58 42 2 763
1 103 45 3 49 3 6 764
1 134 3 96 1 95 1 765
1 137 30 60 29 62 1 766
1 0 59 31 50 27 5 767
0 63 92 31 92 35 3 768
1 86 56 37 55 39 1 769
0 13 48 36 42 67 4 770
0 33 91 33 91 29 3 771
0 74 56 76 63 69 3 772
0 17 57 59 54 57 3 773
0 46 58 48 51 32 5 774
0 129 43 24 43 19 3 775
1 90 55 41 43 41 1 776
1 7 6 40 5 57 2 777
1 124 43 57 44 54 1 778
1 66 6 44 5 41 2 779
1 103 56 80 50 81 1 780
0 26 51 59 54 55 3 781
1 56 67 49 67 39 3 782
1 139 44 45 38 51 1 783
0 117 53 44 56 38 6 784
1 110 46 53 41 58 1 785
0 5 38 74 30 78 3 786
0 27 5 66 5 73 3 787
0 17 71 38 64 31 3 788
0 121 70 36 62 45 3 789
0 130 64 36 56 40 3 790
0 43 98 25 98 29 3 791
0 8 52 33 48 37 3 792
1 90 58 29 56 30 5 793
0 13 54 80 49 81 3 794
0 100 67 38 54 44 3 795
1 83 53 2 64 1 1 796
1 21 55 80 52 81 1 797
0 130 57 57 59 54 3 798
0 46 47 3 43 3 3 799
1 142 60 73 54 72 1 800
1 8 71 71 63 78 1 801
1 83 6 27 6 31 1 802
1 131 51 16 58 14 1 803
1 52 43 33 44 36 1 804
1 44 66 79 69 75 1 805
0 104 54 2 60 1 3 806
1 6 72 67 70 61 1 807
1 18 78 6 81 5 1 808
1 29 6 64 5 67 2 809
1 40 57 42 60 36 1 810
0 25 48 23 49 20 3 811
1 50 45 32 45 35 1 812
1 51 73 70 71 69 1 813
0 125 5 63 6 50 3 814
0 64 55 73 49 78 3 815
1 35 59 80 56 80 1 816
1 108 39 37 43 37 1 817
1 78 60 35 54 44 6 818
1 68 53 33 51 37 1 819
0 119 60 45 63 45 3 820
1 8 55 30 49 35 1 821
1 118 47 44 42 39 1 822
1 112 48 30 50 28 5 823
1 97 67 92 66 94 1 824
0 26 50 49 60 40 3 825
0 63 67 92 65 94 3 826
1 39 53 47 50 47 1 827
0 0 62 40 66 30 3 828
0 127 54 44 53 48 3 829
1 27 59 19 53 20 5 830
0 30 18 14 49 11 3 831
1 69 15 38 22 33 4 832
0 138 59 76 55 73 3 833
1 89 51 46 38 52 2 834
0 46 58 38 64 33 4 835
0 31 52 54 51 48 3 836
0 103 61 37 59 34 3 837
1 3 85 13 91 34 5 838
1 132 6 65 5 70 2 839
0 32 50 32 53 23 3 840
0 65 61 37 56 40 3 841
1 18 53 61 51 60 2 842
0 103 56 73 62 71 3 843
1 115 66 40 44 18 2 844
1 52 69 37 68 46 1 845
0 107 37 42 39 44 3 846
1 1 58 48 64 41 1 847
1 60 58 29 58 24 1 848
1 2 47 58 49 56 1 849
0 117 47 59 49 58 3 850
0 56 55 80 58 79 5 851
0 6 65 33 58 44 3 852
0 88 62 56 63 53 3 853
0 78 30 39 40 43 6 854
0 88 56 40 37 33 3 855
1 96 50 65 51 57 1 856
1 46 51 51 42 47 4 857
1 104 61 31 56 37 5 858
1 141 57 39 55 52 2 859
1 128 2 97 1 95 1 860
1 105 98 16 98 20 2 861
1 139 6 50 5 58 1 862
0 72 60 35 50 49 3 863
0 3 60 38 55 24 6 864
0 19 54 44 48 57 6 865
1 24 50 33 55 24 1 866
1 16 43 11 38 10 1 867
0 83 51 25 56 25 4 868
0 16 48 4 28 4 3 869
0 81 63 31 63 35 3 870
0 141 57 58 55 63 3 871
0 62 67 93 64 94 3 872
1 115 66 46 50 46 1 873
1 79 33 46 32 52 2 874
1 121 6 36 5 39 5 875
0 134 68 73 71 74 6 876
0 49 52 62 58 54 3 877
0 130 80 6 81 4 3 878
1 39 69 39 65 43 6 879
0 127 42 34 46 27 3 880
1 111 58 37 46 43 1 881
0 90 62 1 60 2 3 882
1 45 49 36 56 32 2 883
1 98 56 29 64 9 6 884
0 4 60 23 60 30 3 885
0 37 60 52 59 46 3 886
1 16 54 76 57 71 1 887
1 129 53 76 60 74 1 888
1 64 37 37 41 40 1 889
0 49 55 2 60 1 3 890
0 113 57 26 40 30 3 891
1 79 31 47 32 49 5 892
0 61 61 31 60 35 3 893
1 19 68 39 39 22 1 894
1 116 52 18 49 18 2 895
0 124 57 29 53 34 3 896
0 79 90 9 90 24 3 897
1 4 47 38 37 45 1 898
0 42 38 58 36 63 3 899
0 64 59 23 61 29 4 900
0 125 6 28 6 41 3 901
0 11 49 21 46 20 3 902
1 67 51 29 53 28 5 903
1 93 45 28 46 33 1 904
0 108 69 40 61 29 3 905
0 142 5 43 5 49 3 906
1 79 71 39 38 40 1 907
0 133 54 80 58 80 3 908
1 39 55 41 59 37 3 909
1 143 56 79 54 77 6 910
0 9 52 41 58 35 3 911
0 120 56 79 51 84 6 912
1 48 61 35 54 18 1 913
1 28 98 17 98 22 1 914
0 36 28 57 30 51 5 915
0 86 88 93 88 90 3 916
1 135 46 49 45 52 1 917
1 99 62 25 59 30 3 918
1 65 51 48 55 44 5 919
1 38 50 40 54 42 2 920
0 62 53 2 56 2 3 921
1 66 44 23 48 24 1 922
0 115 46 47 45 61 3 923
0 101 5 59 4 63 3 924
0 35 62 39 59 36 3 925
0 44 74 66 71 72 3 926
1 141 52 56 52 42 5 927
1 87 60 45 59 47 1 928
1 4 49 28 53 30 1 929
1 86 98 19 98 22 2 930
1 111 55 80 58 80 3 931
0 62 57 2 59 1 5 932
0 108 43 18 65 40 3 933
0 73 53 81 57 77 3 934
0 118 59 45 57 43 3 935
0 65 90 35 91 32 3 936
0 18 56 62 39 52 3 937
0 44 61 38 63 34 4 938
1 59 53 45 53 42 2 939
1 25 59 15 58 17 6 940
0 67 6 64 5 60 3 941
1 83 70 6 81 6 1 942
0 58 65 28 59 38 6 943
1 42 46 2 50 2 1 944
1 141 60 21 36 26 5 945
0 141 53 69 60 47 3 946
1 3 45 19 41 7 1 947
1 62 46 54 22 20 1 948
1 121 43 39 38 40 1 949
0 1 55 44 52 41 3 950
0 55 87 3 84 4 5 951
0 24 98 21 98 25 3 952
0 19 54 32 50 33 3 953
1 12 66 78 68 76 1 954
0 0 69 38 71 41 3 955
1 75 63 35 63 32 1 956
0 11 59 1 65 1 3 957
0 3 46 2 43 3 5 958
0 72 55 38 61 30 3 959
0 128 57 29 62 27 3 960
0 6 36 16 36 21 3 961
1 112 31 43 35 40 1 962
0 51 28 61 29 53 3 963
1 128 36 13 40 12 1 964
0 52 6 35 6 26 3 965
0 22 65 17 61 13 3 966
0 141 46 59 51 57 3 967
0 32 31 41 31 50 3 968
0 81 6 33 5 38 3 969
0 115 38 13 43 11 3 970
1 0 98 16 98 27 1 971
0 65 58 59 56 52 3 972
1 34 61 69 54 75 2 973
1 65 48 57 42 47 1 974
1 5 49 39 47 36 1 975
0 112 65 40 64 44 4 976
1 133 56 50 61 45 2 977
0 24 65 30 64 28 3 978
0 143 56 58 54 56 3 979
1 47 52 34 56 28 2 980
1 54 53 50 49 50 2 981
0 27 57 20 50 22 3 982
0 44 66 40 43 18 3 983
1 72 98 19 98 23 1 984
0 84 32 49 29 46 3 985
1 7 29 57 27 61 1 986
0 74 53 29 50 28 3 987
0 76 59 36 55 41 3 988
0 20 58 43 56 34 3 989
1 41 54 68 56 63 2 990
0 56 47 21 49 20 3 991
1 105 72 42 70 39 4 992
0 98 59 31 56 27 3 993
0 13 5 64 3 65 3 994
0 112 34 10 37 11 3 995
0 106 55 38 55 42 3 996
1 108 91 30 89 34 2 997
1 89 41 19 40 21 1 998
0 29 44 51 43 56 3 999
1 47 57 80 52 80 3 1000
0 128 48 38 59 27 5 1001
1 3 69 36 68 39 1 1002
0 82 29 53 27 49 3 1003
1 116 59 25 57 21 5 1004
1 103 48 4 40 4 1 1005
1 117 56 39 59 36 1 1006
0 9 54 38 56 37 3 1007
1 44 59 44 60 30 1 1008
1 17 41 3 25 3 1 1009
1 102 64 35 60 32 6 1010
0 22 30 59 32 51 3 1011
1 62 66 47 68 41 5 1012
1 20 31 45 22 48 4 1013
1 116 70 35 69 40 1 1014
1 122 59 2 65 1 1 1015
0 53 58 73 56 77 3 1016
0 6 85 93 79 92 3 1017
0 11 44 61 47 59 3 1018
1 32 56 36 54 24 1 1019
1 33 67 36 69 41 1 1020
0 83 41 64 38 68 3 1021
0 20 59 53 56 59 3 1022
0 84 63 39 55 53 3 1023
1 72 51 32 47 35 1 1024
0 56 52 55 47 57 5 1025
1 105 31 45 30 49 1 1026
0 53 50 19 52 18 3 1027
1 35 50 49 48 54 1 1028
0 66 53 1 50 2 3 1029
0 82 5 46 5 39 3 1030
1 99 86 4 83 4 1 1031
1 46 6 66 3 65 2 1032
0 66 45 27 31 38 6 1033
1 126 54 45 57 45 1 1034
0 117 51 50 49 55 3 1035
1 133 98 20 98 12 1 1036
0 143 33 44 32 46 3 1037
1 133 55 80 53 81 1 1038
1 134 28 57 31 59 1 1039
0 76 59 37 57 38 3 1040
0 100 67 77 68 75 3 1041
0 10 42 34 41 30 3 1042
1 32 57 37 55 40 1 1043
1 64 37 41 42 32 1 1044
0 56 62 24 54 39 3 1045
0 80 61 48 59 56 3 1046
0 108 5 61 6 65 3 1047
0 93 3 14 6 20 3 1048
1 67 53 40 55 38 1 1049
0 33 51 55 51 49 3 1050
1 141 6 30 6 38 3 1051
0 123 87 4 84 4 3 1052
1 107 37 14 34 14 1 1053
1 35 72 33 71 38 2 1054
1 6 92 34 90 44 1 1055
0 112 55 26 52 25 3 1056
1 90 55 32 52 28 3 1057
1 88 62 41 58 38 1 1058
1 56 57 41 55 38 2 1059
1 38 60 30 53 33 1 1060
1 87 51 45 50 56 1 1061
0 38 29 46 30 43 3 1062
0 129 62 35 60 34 3 1063
0 23 48 2 43 2 3 1064
0 82 6 46 7 40 3 1065
1 135 49 60 53 39 1 1066
1 52 37 41 40 45 5 1067
1 49 48 3 44 4 1 1068
0 106 5 36 6 29 3 1069
1 51 31 48 27 59 1 1070
0 103 61 1 55 0 3 1071
1 102 5 43 6 34 1 1072
1 77 62 1 57 2 1 1073
1 0 54 43 54 50 1 1074
1 15 59 28 61 23 1 1075
1 141 55 47 12 40 6 1076
0 140 58 49 51 49 3 1077
1 126 30 14 52 18 6 1078
0 0 48 3 42 3 3 1079
0 102 46 62 53 57 3 1080
1 121 42 30 38 39 1 1081
1 113 91 37 91 41 4 1082
0 57 60 33 58 39 3 1083
1 143 64 1 61 1 3 1084
0 143 58 62 51 63 3 1085
0 104 31 45 28 48 4 1086
1 126 7 46 6 63 1 1087
1 43 35 27 34 25 2 1088
1 17 44 3 40 4 1 1089
0 4 62 45 52 42 5 1090
1 108 71 43 66 33 2 1091
0 74 49 21 42 20 3 1092
1 105 63 54 71 42 1 1093
0 52 36 40 37 38 3 1094
1 35 54 80 50 81 1 1095
0 96 68 38 60 38 3 1096
0 43 6 49 4 40 3 1097
1 93 47 52 44 54 2 1098
1 137 31 56 27 57 1 1099
0 66 42 33 45 30 3 1100
1 60 50 2 45 2 3 1101
0 51 30 51 33 50 3 1102
0 31 25 33 32 33 3 1103
1 142 66 75 64 77 1 1104
1 81 48 59 52 45 1 1105
1 53 51 53 57 45 1 1106
1 10 59 49 56 51 1 1107
0 16 32 47 25 60 3 1108
0 107 45 21 48 20 3 1109
0 100 64 43 67 40 3 1110
0 32 68 34 68 38 3 1111
1 75 70 39 72 30 1 1112
1 143 69 37 67 36 5 1113
0 38 57 1 54 1 3 1114
0 116 92 25 92 30 4 1115
0 51 29 64 30 62 3 1116
0 109 34 41 32 52 3 1117
0 130 46 3 41 4 3 1118
1 28 7 50 5 64 1 1119
1 67 57 80 53 80 1 1120
0 59 49 43 49 46 3 1121
0 89 54 38 56 42 4 1122
0 40 68 40 68 33 3 1123
1 57 98 19 98 9 1 1124
1 102 52 53 54 52 2 1125
0 131 64 17 58 18 5 1126
0 100 52 80 38 81 3 1127
0 46 56 57 55 68 3 1128
1 95 67 35 63 43 2 1129
1 10 86 4 84 3 1 1130
0 93 27 59 32 48 3 1131
1 26 69 37 68 41 2 1132
1 103 54 27 55 22 1 1133
1 85 66 51 69 40 2 1134
1 17 61 37 58 38 2 1135
1 24 71 39 69 40 1 1136
0 74 51 59 57 46 3 1137
0 56 49 55 52 50 3 1138
0 60 38 4 42 4 3 1139
0 28 57 30 40 58 3 1140
1 0 59 35 55 37 1 1141
1 54 65 91 67 93 2 1142
1 41 51 53 49 56 6 1143
0 10 41 35 41 31 5 1144
1 102 50 59 52 53 1 1145
0 32 61 29 54 30 3 1146
1 60 60 48 55 65 1 1147
1 18 91 18 92 21 1 1148
1 56 56 42 51 50 1 1149
0 94 70 38 50 46 3 1150
0 143 57 60 55 67 3 1151
0 24 69 35 67 40 3 1152
1 6 82 6 79 6 1 1153
1 10 33 40 36 44 4 1154
0 35 46 35 60 40 3 1155
1 121 6 30 5 36 3 1156
0 21 59 36 61 39 5 1157
0 7 45 4 38 4 3 1158
1 28 62 32 59 33 2 1159
0 6 37 20 67 48 3 1160
1 77 63 70 60 72 1 1161
1 108 59 16 63 16 2 1162
1 117 62 39 57 45 5 1163
1 121 48 56 47 58 3 1164
1 82 98 23 98 19 1 1165
0 33 55 39 60 37 3 1166
1 18 68 71 70 72 1 1167
1 142 68 38 44 18 2 1168
0 58 53 19 48 17 3 1169
1 46 68 44 64 48 1 1170
1 114 55 50 58 45 1 1171
0 28 51 55 48 53 3 1172
1 28 50 25 46 23 4 1173
0 19 51 26 36 43 3 1174
1 59 6 28 6 33 1 1175
1 53 39 58 71 63 1 1176
1 135 48 52 50 34 2 1177
1 53 43 12 39 12 2 1178
1 133 54 50 57 41 5 1179
0 22 48 36 49 42 3 1180
0 56 49 51 53 50 3 1181
0 1 53 36 54 47 3 1182
1 22 57 42 54 40 1 1183
0 32 61 61 66 49 3 1184
0 90 50 39 44 37 3 1185
1 108 52 60 42 89 1 1186
0 112 54 27 48 29 3 1187
1 92 68 34 66 41 1 1188
1 141 58 26 59 24 6 1189
1 47 6 45 5 59 3 1190
0 121 56 73 59 74 3 1191
0 31 52 25 50 33 3 1192
1 10 61 44 57 51 2 1193
0 14 64 32 64 26 3 1194
1 111 52 55 49 53 1 1195
1 60 56 47 59 54 5 1196
1 46 60 34 33 43 2 1197
1 106 61 37 50 22 2 1198
0 66 57 15 46 16 3 1199
0 111 56 32 61 35 3 1200
0 106 66 35 70 34 3 1201
0 59 57 43 55 46 3 1202
0 36 42 35 43 30 3 1203
1 103 56 23 54 28 3 1204
1 62 51 62 52 56 3 1205
1 131 57 17 59 18 1 1206
0 112 58 35 56 37 3 1207
0 14 98 32 98 18 3 1208
1 126 6 44 6 56 1 1209
1 85 69 72 70 70 2 1210
1 129 66 93 63 96 2 1211
0 107 52 60 56 51 4 1212
0 124 91 32 92 24 3 1213
0 57 30 14 56 38 3 1214
1 38 67 74 65 76 1 1215
0 126 27 61 31 47 3 1216
0 48 31 44 27 54 3 1217
1 132 60 31 64 32 2 1218
0 104 57 37 51 42 3 1219
1 78 81 6 77 8 1 1220
1 68 61 18 64 16 2 1221
0 72 53 57 43 65 3 1222
1 42 32 46 32 42 4 1223
1 102 69 76 70 74 1 1224
1 85 59 38 44 40 1 1225
0 90 51 56 58 37 3 1226
1 56 53 48 49 51 1 1227
0 109 43 65 46 58 3 1228
0 64 51 42 52 45 3 1229
1 60 47 42 49 36 3 1230
1 119 30 14 62 8 1 1231
0 89 46 54 23 20 3 1232
0 22 31 47 30 50 6 1233
1 98 46 48 22 19 1 1234
0 42 61 29 63 33 3 1235
1 119 44 37 40 37 2 1236
0 119 51 77 56 75 3 1237
0 59 45 63 42 60 5 1238
1 86 49 79 54 79 1 1239
1 105 91 41 89 54 3 1240
0 10 66 92 65 94 3 1241
1 29 55 42 53 45 1 1242
0 51 61 34 61 39 3 1243
1 8 55 26 50 17 1 1244
1 88 69 6 79 7 1 1245
0 136 7 49 6 35 3 1246
1 127 6 27 6 39 1 1247
0 64 30 46 27 49 3 1248
0 18 64 45 67 41 3 1249
0 27 39 17 41 16 3 1250
1 39 53 51 49 57 1 1251
0 45 61 43 63 48 3 1252
0 79 43 30 46 32 3 1253
1 79 58 18 53 19 5 1254
0 102 74 67 69 68 3 1255
1 129 54 80 46 81 4 1256
1 115 60 32 62 33 1 1257
0 28 55 22 51 18 3 1258
0 39 33 51 24 50 3 1259
1 130 86 94 88 92 1 1260
1 107 29 65 30 60 2 1261
1 82 57 44 53 44 2 1262
1 55 55 30 57 32 1 1263
1 142 41 47 43 46 1 1264
0 125 91 36 91 32 4 1265
1 78 60 37 61 35 1 1266
0 104 70 36 35 16 3 1267
0 90 62 23 63 21 3 1268
1 139 60 1 56 2 5 1269
0 122 45 32 39 29 3 1270
0 16 55 41 51 56 3 1271
0 74 62 40 57 52 3 1272
1 97 69 73 70 70 4 1273
1 86 63 34 64 32 1 1274
1 81 28 52 33 44 3 1275
0 90 43 39 45 63 3 1276
0 128 51 29 56 23 3 1277
0 141 49 35 53 44 4 1278
1 136 78 90 88 90 1 1279
1 128 54 21 58 33 5 1280
0 43 62 26 60 28 4 1281
1 94 63 21 60 25 1 1282
1 56 43 65 42 76 1 1283
1 74 53 44 54 52 2 1284
0 23 53 76 56 77 3 1285
0 141 62 39 53 38 3 1286
0 57 47 39 46 48 3 1287
1 66 40 38 42 36 2 1288
0 23 60 40 62 37 3 1289
0 105 54 51 56 50 3 1290
1 116 50 19 49 16 1 1291
0 48 67 34 67 40 3 1292
1 82 48 54 53 53 1 1293
0 113 71 42 68 40 3 1294
0 83 81 5 83 4 5 1295
0 136 55 44 53 42 3 1296
0 46 67 78 67 73 3 1297
0 88 56 52 54 56 5 1298
1 132 49 16 48 18 2 1299
1 124 92 25 92 30 1 1300
1 74 58 54 60 52 6 1301
0 46 30 51 19 52 3 1302
0 24 57 48 51 54 3 1303
0 55 55 27 59 29 3 1304
0 128 56 79 55 76 3 1305
0 109 56 74 60 76 5 1306
0 93 53 42 60 51 3 1307
0 126 31 49 33 41 3 1308
1 78 55 80 46 80 1 1309
1 83 81 5 77 7 1 1310
1 38 48 79 11 60 2 1311
1 60 53 42 51 47 2 1312
1 128 43 13 38 14 5 1313
1 36 61 40 62 35 1 1314
0 64 40 12 37 13 3 1315
1 32 92 27 91 39 1 1316
0 66 54 26 50 28 3 1317
0 109 56 51 34 69 5 1318
1 125 54 51 47 58 2 1319
0 97 57 40 56 44 3 1320
0 0 32 42 27 41 5 1321
1 5 54 41 55 39 1 1322
0 127 6 35 6 29 3 1323
0 25 60 38 62 34 6 1324
0 17 32 78 40 77 5 1325
1 72 58 33 48 37 1 1326
1 42 33 46 32 42 2 1327
0 91 6 55 6 45 3 1328
0 23 56 76 50 77 3 1329
1 3 91 34 91 38 2 1330
1 91 58 33 59 28 1 1331
0 136 6 31 6 25 3 1332
0 130 61 46 61 40 3 1333
0 135 33 53 33 48 3 1334
1 96 41 11 35 11 5 1335
1 35 52 27 40 16 1 1336
0 77 57 29 53 37 3 1337
1 40 65 36 60 49 1 1338
0 90 46 45 41 27 3 1339
1 125 72 35 69 38 1 1340
1 88 49 2 44 2 5 1341
1 53 58 17 52 22 5 1342
0 138 49 47 42 58 3 1343
0 117 60 39 55 41 3 1344
0 124 55 54 53 56 3 1345
1 141 63 39 52 57 3 1346
1 51 59 33 62 37 1 1347
0 3 55 65 33 47 3 1348
1 54 64 75 70 73 1 1349
1 56 43 66 51 60 1 1350
0 19 59 37 61 36 3 1351
1 132 59 33 58 35 1 1352
0 106 7 42 6 49 3 1353
0 15 58 2 55 2 5 1354
1 39 70 42 67 41 1 1355
1 120 6 34 6 38 2 1356
0 92 57 18 47 18 3 1357
1 63 65 95 62 94 5 1358
0 48 58 38 90 20 3 1359
1 1 44 4 37 4 1 1360
1 0 61 40 58 47 1 1361
0 48 52 52 36 61 3 1362
0 90 49 64 44 70 3 1363
0 44 64 37 61 42 3 1364
1 141 61 45 61 53 2 1365
1 105 67 25 66 31 3 1366
0 42 48 48 48 52 3 1367
1 65 49 39 47 38 1 1368
1 108 6 46 6 49 4 1369
1 126 31 57 28 59 2 1370
1 53 56 31 49 36 1 1371
0 26 41 11 31 13 3 1372
0 103 54 74 58 71 3 1373
1 6 40 10 38 11 1 1374
0 114 54 38 48 54 3 1375
0 140 56 37 59 45 3 1376
1 135 56 77 52 75 1 1377
1 143 56 39 48 49 2 1378
0 90 54 66 58 58 3 1379
0 4 55 26 51 26 3 1380
1 79 38 39 37 41 1 1381
0 24 47 38 50 31 3 1382
1 75 98 16 98 21 4 1383
1 76 55 38 60 44 1 1384
0 113 51 60 54 67 3 1385
1 106 45 49 41 62 1 1386
1 115 98 12 98 17 5 1387
0 134 50 35 57 32 3 1388
0 18 58 47 56 48 3 1389
1 18 48 2 51 2 3 1390
0 86 98 19 98 16 4 1391
1 43 57 80 51 80 4 1392
0 30 42 32 40 43 3 1393
1 92 52 19 43 19 1 1394
1 80 60 45 61 42 3 1395
1 33 48 19 51 20 1 1396
1 112 41 61 47 55 1 1397
1 118 55 18 43 19 1 1398
1 117 58 37 58 33 1 1399
0 15 63 33 59 30 3 1400
0 97 53 23 46 40 3 1401
1 78 81 5 69 6 1 1402
0 57 29 49 31 50 3 1403
0 39 6 62 6 55 3 1404
1 143 36 13 32 17 1 1405
1 137 70 35 70 32 1 1406
0 128 55 28 62 24 3 1407
0 20 35 45 44 31 3 1408
1 128 68 37 52 45 1 1409
0 53 66 92 60 94 3 1410
1 48 41 11 44 12 1 1411
1 82 50 49 53 51 1 1412
1 13 68 42 65 45 1 1413
1 39 69 37 65 43 1 1414
1 100 51 80 56 80 1 1415
1 109 61 75 58 77 1 1416
1 37 6 51 6 48 1 1417
0 35 56 41 60 37 3 1418
0 129 98 12 98 8 5 1419
1 51 30 58 28 54 4 1420
1 29 89 92 84 97 1 1421
0 73 30 50 31 41 4 1422
0 18 45 48 42 59 3 1423
1 79 60 34 62 35 3 1424
0 0 37 13 43 12 4 1425
1 102 4 39 5 36 2 1426
1 116 58 53 59 50 1 1427
0 63 40 37 46 27 3 1428
1 117 59 72 59 67 1 1429
1 9 5 67 6 64 1 1430
0 60 55 80 50 80 3 1431
1 85 63 49 61 48 5 1432
0 108 58 74 54 79 4 1433
0 52 69 40 67 41 3 1434
1 52 31 34 19 46 1 1435
0 5 62 43 52 66 3 1436
1 36 67 37 65 45 1 1437
1 26 58 22 62 19 1 1438
0 120 55 72 52 76 3 1439
0 38 58 32 61 22 3 1440
0 56 51 80 44 80 3 1441
0 63 69 73 67 74 3 1442
0 46 60 2 65 1 3 1443
1 83 63 34 44 32 1 1444
0 138 91 31 90 36 3 1445
0 120 68 37 67 42 3 1446
0 26 61 60 66 42 5 1447
1 77 50 49 41 43 1 1448
1 102 59 44 63 34 1 1449
0 111 53 42 28 25 3 1450
1 10 49 45 53 46 5 1451
1 76 64 40 59 45 1 1452
0 130 79 7 74 6 3 1453
1 16 43 28 45 34 2 1454
0 34 48 19 24 27 3 1455
0 95 87 3 84 2 3 1456
1 114 6 70 6 58 1 1457
0 109 69 38 66 39 3 1458
0 115 54 61 36 77 3 1459
1 137 54 27 55 24 3 1460
1 87 54 60 53 58 1 1461
1 139 56 29 64 21 1 1462
0 6 55 21 54 16 3 1463
0 125 52 41 42 37 3 1464
0 2 55 52 54 44 3 1465
0 108 88 92 86 91 3 1466
0 105 98 15 98 20 3 1467
1 45 43 30 37 34 1 1468
0 44 61 31 56 38 3 1469
0 138 31 49 30 52 3 1470
1 38 69 67 71 73 6 1471
0 40 57 20 61 18 3 1472
0 82 63 47 68 39 3 1473
1 105 62 42 59 44 1 1474
0 67 56 44 55 42 3 1475
1 117 51 53 52 55 1 1476
0 45 68 41 66 39 3 1477
0 14 98 16 98 19 6 1478
0 127 91 27 92 31 4 1479
0 81 44 39 42 41 3 1480
0 115 30 78 55 80 3 1481
1 64 69 35 58 64 1 1482
1 124 50 43 55 44 2 1483
0 2 48 49 47 41 3 1484
1 82 51 48 59 36 1 1485
1 139 59 1 62 1 5 1486
0 3 52 48 54 43 3 1487
1 32 63 33 54 33 1 1488
1 135 31 49 28 56 2 1489
0 60 68 42 63 54 3 1490
0 26 70 33 72 16 4 1491
1 96 55 37 57 33 3 1492
0 18 56 50 58 54 3 1493
1 141 42 33 41 43 3 1494
0 64 48 79 51 78 3 1495
1 23 54 39 51 46 1 1496
0 123 56 29 54 32 3 1497
0 0 68 38 66 39 3 1498
1 16 36 13 40 12 5 1499
0 129 43 57 70 32 6 1500
0 138 41 34 40 36 3 1501
1 86 59 51 59 54 2 1502
1 14 30 51 29 47 2 1503
1 0 6 34 6 28 2 1504
1 24 37 40 37 44 1 1505
1 130 55 47 51 48 2 1506
1 1 29 62 27 60 1 1507
0 6 44 38 36 47 3 1508
1 134 60 2 63 1 1 1509
0 124 61 41 60 45 3 1510
0 25 60 25 55 32 4 1511
0 128 59 47 60 54 3 1512
0 98 59 30 55 36 3 1513
1 93 41 42 43 39 2 1514
0 77 50 46 44 61 3 1515
0 96 43 11 42 13 3 1516
1 4 55 40 65 31 1 1517
1 66 65 44 70 44 1 1518
0 66 55 39 61 38 3 1519
0 83 55 27 47 41 3 1520
1 56 52 48 46 61 3 1521
1 23 6 68 5 66 1 1522
0 56 55 80 49 80 3 1523
1 79 71 39 69 42 5 1524
1 113 51 32 59 39 2 1525
0 8 46 58 44 64 3 1526
1 105 56 25 55 27 2 1527
0 128 51 47 55 43 3 1528
0 19 58 33 56 35 3 1529
0 68 51 38 52 34 3 1530
1 120 67 41 63 45 1 1531
0 86 57 76 52 78 3 1532
0 81 62 23 57 22 4 1533
0 60 49 21 45 18 6 1534
0 141 98 17 98 24 3 1535
0 64 39 10 35 10 5 1536
0 93 70 33 71 41 3 1537
0 121 6 32 5 38 3 1538
1 135 47 57 34 47 1 1539
0 54 66 92 65 94 3 1540
0 68 56 30 53 40 3 1541
1 121 57 38 67 36 2 1542
1 140 57 40 61 34 1 1543
0 136 54 45 53 43 3 1544
1 35 50 28 33 25 3 1545
1 55 79 6 81 5 1 1546
1 48 27 50 31 45 3 1547
1 94 35 2 28 2 1 1548
1 130 61 49 56 31 1 1549
0 20 43 13 40 11 3 1550
1 51 73 67 68 73 2 1551
1 143 45 19 50 19 1 1552
1 39 72 35 68 39 2 1553
0 82 56 39 27 25 3 1554
0 99 53 27 55 22 3 1555
0 128 55 31 57 28 3 1556
0 61 53 40 56 37 3 1557
1 51 42 12 39 12 2 1558
1 62 32 46 28 48 1 1559
1 41 80 5 98 3 1 1560
1 39 67 40 63 56 5 1561
0 127 29 63 28 61 3 1562
0 24 43 31 32 40 3 1563
1 72 49 44 60 40 1 1564
0 142 46 39 48 43 3 1565
1 75 61 32 57 40 1 1566
0 108 6 40 5 54 3 1567
1 73 60 41 57 38 5 1568
0 9 53 41 57 43 3 1569
0 4 61 40 59 43 3 1570
1 70 69 74 68 77 1 1571
0 53 60 44 52 61 3 1572
0 87 52 51 44 62 3 1573
0 93 43 29 42 33 6 1574
0 2 57 49 56 63 3 1575
1 21 88 93 86 94 3 1576
0 124 55 42 56 29 3 1577
1 112 46 32 54 24 1 1578
0 130 55 40 42 45 3 1579
1 5 91 31 91 28 1 1580
0 102 6 36 6 27 3 1581
1 77 62 25 60 24 1 1582
0 39 68 39 73 30 3 1583
0 108 31 44 28 48 3 1584
0 104 54 49 59 38 3 1585
1 70 88 3 83 4 1 1586
1 95 27 25 52 31 2 1587
0 136 49 35 57 19 3 1588
1 24 48 54 53 47 1 1589
1 48 52 52 52 48 5 1590
1 94 49 28 40 29 4 1591
1 96 46 49 47 46 2 1592
0 55 6 30 5 40 3 1593
0 16 87 91 83 93 3 1594
0 86 47 42 44 38 3 1595
0 68 56 29 54 31 3 1596
1 0 5 67 6 69 1 1597
1 1 69 37 58 55 1 1598
0 35 54 18 56 22 3 1599
1 39 42 71 44 64 1 1600
0 59 47 52 42 62 3 1601
0 59 57 2 60 1 3 1602
1 52 68 77 61 86 1 1603
1 65 55 48 56 43 1 1604
1 43 53 40 55 38 5 1605
1 102 59 56 57 53 5 1606
1 0 56 39 58 37 1 1607
1 24 36 41 31 40 1 1608
0 131 53 44 48 61 3 1609
1 132 55 30 54 32 1 1610
1 135 63 54 62 59 1 1611
0 124 60 2 57 1 3 1612
0 81 41 3 49 2 3 1613
0 94 6 34 6 29 3 1614
1 15 49 49 52 52 1 1615
0 70 56 40 62 38 3 1616
0 94 42 59 42 56 3 1617
0 36 49 41 33 50 3 1618
0 109 92 26 92 22 3 1619
1 72 66 91 67 93 2 1620
1 90 60 28 60 21 2 1621
1 68 58 29 48 41 1 1622
0 68 25 41 31 38 3 1623
0 50 71 21 50 43 3 1624
1 101 31 2 21 2 2 1625
1 6 57 31 51 35 2 1626
0 46 58 45 54 54 3 1627
0 64 28 48 29 26 5 1628
1 73 54 31 50 34 1 1629
0 53 51 64 57 51 3 1630
1 92 57 1 60 1 1 1631
0 102 59 48 61 39 3 1632
0 142 91 32 92 34 3 1633
0 51 22 19 38 81 3 1634
1 135 38 41 43 36 1 1635
0 6 43 18 21 20 3 1636
0 137 58 48 56 55 3 1637
1 17 46 3 49 3 3 1638
1 45 51 59 48 55 1 1639
0 88 60 34 55 35 3 1640
1 98 48 37 60 28 2 1641
0 47 6 63 6 47 3 1642
0 105 48 20 51 20 3 1643
1 138 62 40 60 30 2 1644
1 34 60 76 56 74 1 1645
0 42 69 37 65 44 3 1646
1 35 54 80 52 81 1 1647
1 101 50 46 49 51 3 1648
0 128 53 39 55 40 3 1649
0 111 6 32 6 28 4 1650
1 111 53 44 55 45 5 1651
0 0 98 25 98 21 3 1652
0 98 41 38 42 34 3 1653
1 113 58 27 61 27 2 1654
0 50 52 24 55 25 3 1655
1 139 56 72 53 77 1 1656
0 110 47 41 42 28 3 1657
1 12 66 46 62 55 1 1658
1 34 42 2 49 2 1 1659
0 128 59 29 56 28 3 1660
1 139 6 36 6 42 6 1661
1 98 59 31 54 17 1 1662
0 50 30 60 32 52 3 1663
0 112 50 27 53 26 5 1664
1 140 57 40 60 40 1 1665
0 56 52 79 55 80 3 1666
0 90 6 23 5 28 3 1667
1 87 66 44 70 45 2 1668
1 19 64 1 53 2 1 1669
0 119 31 45 26 50 3 1670
0 116 59 29 61 22 6 1671
0 114 70 74 74 66 3 1672
0 104 62 46 57 52 4 1673
0 14 5 67 5 70 3 1674
1 46 67 93 65 94 1 1675
0 86 54 46 55 38 3 1676
0 47 5 67 6 65 3 1677
1 83 6 31 5 40 1 1678
0 52 46 27 40 38 3 1679
1 139 30 4 7 4 3 1680
0 2 52 43 53 39 3 1681
1 108 70 73 67 75 1 1682
1 62 67 37 61 50 6 1683
1 38 58 30 51 30 1 1684
1 79 60 19 57 18 1 1685
1 64 37 13 40 14 5 1686
0 14 54 50 55 48 3 1687
1 79 29 55 31 51 1 1688
1 107 87 94 78 90 3 1689
0 131 51 17 58 14 3 1690
1 113 5 61 6 64 2 1691
0 30 88 3 86 5 3 1692
0 13 60 1 22 1 3 1693
1 105 54 14 58 14 2 1694
0 135 55 40 54 42 3 1695
1 97 53 43 49 51 1 1696
0 8 67 35 63 42 3 1697
1 5 42 33 37 39 1 1698
0 69 32 46 33 41 3 1699
0 52 40 34 43 36 3 1700
1 124 63 2 57 2 1 1701
0 26 72 41 71 43 3 1702
0 132 70 73 67 74 3 1703
0 133 70 33 73 37 3 1704
1 0 35 13 40 12 4 1705
0 2 43 57 43 66 3 1706
0 32 27 49 30 46 3 1707
0 91 71 73 68 74 3 1708
1 38 54 32 56 28 1 1709
0 136 35 41 28 48 4 1710
1 135 91 28 90 40 1 1711
0 52 48 53 48 60 3 1712
1 36 31 56 31 47 6 1713
0 57 53 42 53 46 5 1714
0 42 61 51 62 57 3 1715
1 97 54 78 49 84 1 1716
0 21 62 38 60 35 3 1717
0 34 16 2 45 3 3 1718
1 27 58 19 52 17 1 1719
1 116 59 16 59 26 2 1720
1 77 87 3 84 4 2 1721
1 139 58 75 51 77 1 1722
1 102 52 2 46 2 1 1723
0 0 52 30 49 29 3 1724
1 117 44 65 43 67 5 1725
0 45 53 47 49 50 3 1726
0 126 49 63 53 44 3 1727
0 93 80 5 78 6 3 1728
1 41 43 64 49 59 2 1729
1 31 5 60 5 63 1 1730
0 112 52 24 53 27 5 1731
1 126 56 79 53 77 1 1732
0 4 67 35 67 42 3 1733
0 119 30 14 61 41 5 1734
1 83 40 58 90 55 1 1735
0 109 60 45 50 52 3 1736
1 90 47 50 45 54 6 1737
0 69 57 35 48 36 3 1738
0 88 61 61 68 47 3 1739
1 110 22 19 48 46 1 1740
1 72 98 20 98 27 1 1741
1 9 65 1 59 2 1 1742
1 120 60 32 56 26 5 1743
0 133 53 50 52 52 3 1744
0 139 46 30 52 26 3 1745
1 101 53 50 52 46 5 1746
0 17 48 39 44 40 3 1747
0 45 57 34 62 31 3 1748
0 27 6 56 6 46 3 1749
0 93 41 35 46 28 3 1750
1 96 67 42 64 23 1 1751
0 22 2 43 3 59 3 1752
1 54 6 64 6 67 1 1753
0 40 61 43 55 56 3 1754
1 135 58 26 43 24 1 1755
1 49 6 53 6 44 3 1756
0 128 50 42 57 39 3 1757
0 32 61 32 64 28 5 1758
0 106 6 60 6 53 3 1759
0 11 52 62 48 58 3 1760
0 40 46 3 73 3 6 1761
0 96 6 44 6 51 3 1762
1 140 81 6 78 7 1 1763
0 98 49 37 55 27 3 1764
0 7 66 43 57 45 3 1765
0 51 52 63 55 64 3 1766
1 74 56 76 60 77 6 1767
0 18 32 56 32 53 3 1768
0 133 5 39 6 36 3 1769
0 122 58 46 62 38 3 1770
1 130 50 18 48 19 3 1771
0 32 87 3 86 5 3 1772
1 39 65 42 68 27 1 1773
1 65 30 50 30 46 2 1774
0 26 44 68 46 63 4 1775
0 25 51 53 53 42 3 1776
1 93 92 29 91 27 6 1777
1 0 57 45 61 38 1 1778
0 95 53 18 49 18 3 1779
1 89 6 43 6 38 1 1780
1 69 87 3 85 4 1 1781
0 130 56 74 62 70 3 1782
1 55 42 3 49 2 1 1783
1 63 6 33 5 22 1 1784
0 29 50 53 46 60 3 1785
1 88 44 18 48 19 1 1786
0 68 34 40 27 50 3 1787
0 3 44 32 41 42 3 1788
1 21 62 42 63 44 2 1789
1 143 34 43 32 47 1 1790
1 102 52 44 60 44 5 1791
1 126 68 71 65 77 1 1792
0 56 45 62 53 36 3 1793
0 132 42 31 59 35 3 1794
0 99 6 64 5 54 3 1795
1 58 57 80 53 81 2 1796
1 115 61 18 61 15 3 1797
1 68 39 13 41 12 2 1798
0 25 51 56 49 60 3 1799
0 46 59 44 55 68 3 1800
1 63 54 80 51 77 3 1801
0 31 58 41 61 42 4 1802
0 142 56 29 49 29 3 1803
1 108 91 31 92 29 5 1804
1 38 38 40 44 31 1 1805
1 92 63 17 65 16 1 1806
1 13 5 69 6 65 5 1807
0 47 6 39 6 34 3 1808
1 71 63 33 51 54 1 1809
0 12 61 39 59 38 3 1810
0 86 98 20 98 16 3 1811
1 48 92 35 91 28 1 1812
1 95 45 20 49 20 1 1813
0 120 50 46 50 55 4 1814
0 129 53 43 58 44 3 1815
1 102 47 2 50 1 5 1816
1 1 70 39 72 38 2 1817
1 129 64 31 51 37 1 1818
0 113 49 64 48 62 3 1819
0 108 32 35 32 45 3 1820
0 108 5 69 6 66 3 1821
1 74 47 19 50 20 2 1822
0 55 53 33 48 26 3 1823
0 28 46 61 49 54 3 1824
0 60 58 54 51 63 3 1825
0 95 30 77 43 74 3 1826
0 32 86 7 81 6 3 1827
0 43 50 49 56 29 3 1828
1 128 38 13 43 11 1 1829
0 44 38 39 41 43 3 1830
0 14 61 37 64 37 3 1831
0 15 60 2 57 2 5 1832
1 48 61 57 60 62 1 1833
0 14 46 51 33 66 3 1834
0 134 48 53 47 51 3 1835
0 31 56 2 61 1 3 1836
0 40 59 18 60 16 3 1837
1 48 55 41 55 44 2 1838
0 32 37 15 34 15 3 1839
0 125 64 79 62 85 3 1840
0 56 60 34 55 39 6 1841
1 66 65 38 59 44 1 1842
0 120 68 25 67 27 3 1843
1 32 68 36 70 35 5 1844
1 108 61 37 59 35 1 1845
1 112 41 11 35 13 1 1846
0 81 90 37 91 30 3 1847
0 116 57 38 61 37 3 1848
1 69 61 26 59 28 1 1849
1 56 55 80 47 80 5 1850
0 56 64 77 65 75 3 1851
0 52 62 31 70 26 3 1852
1 130 58 47 61 43 1 1853
1 111 55 46 48 35 1 1854
1 28 52 46 51 48 1 1855
0 108 65 1 62 1 3 1856
0 79 71 43 67 8 3 1857
0 74 54 57 51 64 3 1858
1 58 40 14 39 12 2 1859
1 115 28 2 8 0 2 1860
1 52 46 20 41 19 1 1861
1 63 64 82 67 73 1 1862
0 33 44 18 49 21 3 1863
1 32 62 29 56 28 5 1864
0 100 54 33 48 36 3 1865
0 20 52 54 53 46 3 1866
0 131 48 21 56 17 5 1867
0 32 40 9 31 13 3 1868
1 126 50 52 53 52 1 1869
0 25 58 27 60 24 3 1870
0 86 49 61 40 61 4 1871
0 114 5 63 5 66 3 1872
0 39 55 24 46 31 3 1873
0 58 91 39 90 35 3 1874
0 16 7 45 6 42 3 1875
0 0 38 10 35 13 3 1876
0 126 60 30 59 12 3 1877
1 0 98 17 98 21 1 1878
1 5 58 74 60 71 6 1879
0 76 6 54 6 41 3 1880
0 19 59 26 68 27 3 1881
0 57 49 51 49 61 3 1882
0 35 51 31 47 30 3 1883
1 4 48 33 49 29 5 1884
0 34 44 4 29 5 3 1885
0 8 53 72 49 82 3 1886
1 29 52 35 60 29 1 1887
1 50 73 69 70 71 1 1888
0 96 50 57 49 60 4 1889
1 83 54 26 47 23 1 1890
1 133 43 26 40 21 2 1891
1 98 62 20 61 24 1 1892
0 114 87 4 81 2 3 1893
0 94 32 46 33 44 3 1894
0 68 59 32 54 38 3 1895
0 49 57 38 60 34 3 1896
1 102 51 50 48 49 1 1897
1 14 62 18 47 63 1 1898
0 126 60 74 60 66 5 1899
1 85 56 18 59 17 1 1900
1 45 90 36 92 27 2 1901
0 6 66 74 70 72 3 1902
1 105 48 55 46 59 4 1903
1 87 53 48 54 51 1 1904
1 63 57 25 59 26 1 1905
0 58 4 38 4 30 3 1906
1 28 87 93 85 92 1 1907
0 108 64 1 55 1 3 1908
0 26 72 36 69 35 3 1909
1 87 68 40 55 38 1 1910
0 13 56 48 62 36 3 1911
0 42 31 43 34 40 3 1912
0 1 70 6 80 6 3 1913
1 115 61 30 56 40 1 1914
0 22 49 21 45 22 3 1915
1 92 56 19 58 17 5 1916
0 40 67 43 63 42 5 1917
1 108 69 68 65 74 3 1918
0 59 46 47 47 50 6 1919
1 58 52 47 53 49 1 1920
1 138 33 43 32 48 2 1921
1 31 58 45 49 49 3 1922
0 26 46 2 51 2 3 1923
0 32 56 40 53 39 3 1924
0 72 34 10 29 10 3 1925
1 94 5 69 4 67 2 1926
0 105 65 45 64 50 3 1927
1 21 98 12 98 21 2 1928
0 143 58 75 57 71 3 1929
0 16 57 40 61 37 3 1930
1 142 57 80 48 80 1 1931
0 31 58 21 60 24 3 1932
1 41 50 53 46 62 2 1933
1 108 32 46 28 48 1 1934
0 21 59 54 49 45 3 1935
0 139 55 42 51 50 3 1936
0 15 32 49 30 51 3 1937
0 52 33 42 35 40 3 1938
0 13 72 37 69 37 3 1939
0 47 6 54 5 76 3 1940
1 53 32 46 34 43 2 1941
0 38 52 45 51 47 3 1942
1 127 62 69 54 72 1 1943
0 14 59 35 62 36 3 1944
1 114 58 37 61 35 1 1945
1 71 92 29 91 31 1 1946
1 132 29 40 22 49 3 1947
1 26 69 46 67 40 4 1948
0 128 53 24 51 26 3 1949
1 33 48 47 47 52 1 1950
1 100 51 2 43 2 1 1951
0 73 54 31 59 35 3 1952
1 63 91 33 92 24 1 1953
0 93 58 39 56 38 5 1954
0 64 56 37 51 43 6 1955
1 104 71 70 70 72 1 1956
1 63 55 73 49 69 3 1957
0 87 48 69 39 59 3 1958
1 93 64 34 46 29 2 1959
1 14 91 38 90 49 2 1960
1 31 65 1 56 1 1 1961
1 17 59 30 51 36 2 1962
0 30 48 58 49 55 3 1963
0 108 63 96 61 97 3 1964
0 135 58 76 56 73 3 1965
1 87 62 44 50 68 5 1966
0 98 56 28 57 31 3 1967
0 86 70 37 65 30 3 1968
1 65 58 37 46 59 2 1969
0 74 46 2 49 2 3 1970
0 102 52 2 49 2 3 1971
0 104 58 43 55 42 3 1972
1 97 56 25 57 32 1 1973
1 97 51 27 49 29 2 1974
0 97 48 29 54 26 3 1975
0 38 55 32 60 26 3 1976
0 118 47 60 48 69 3 1977
0 38 49 36 54 37 5 1978
0 105 69 38 64 44 3 1979
1 72 53 46 54 43 4 1980
0 136 5 37 5 48 3 1981
1 48 91 35 90 38 1 1982
1 87 39 47 31 39 5 1983
0 135 39 37 43 33 3 1984
0 23 51 59 44 76 3 1985
1 128 56 38 61 32 3 1986
1 136 52 40 57 37 1 1987
0 16 40 13 44 12 3 1988
1 37 56 33 52 44 1 1989
1 31 56 51 55 55 1 1990
1 136 80 5 77 8 1 1991
1 67 92 28 91 10 2 1992
0 32 56 62 55 65 5 1993
1 94 68 43 62 46 1 1994
0 55 6 36 6 29 3 1995
0 35 48 20 52 24 3 1996
0 51 61 16 52 20 5 1997
0 27 60 15 58 19 3 1998
1 25 62 45 54 41 1 1999
