0 112 51 43 55 44 3 0
0 128 65 47 66 45 3 1
0 140 40 37 38 41 3 2
0 16 69 38 62 56 3 3
0 82 68 70 70 73 5 4
0 48 28 49 30 46 3 5
1 134 49 47 47 43 1 6
1 132 50 56 54 47 1 7
0 91 48 3 30 4 3 8
1 40 62 28 58 44 1 9
1 68 52 50 52 46 1 10
0 84 48 29 53 27 3 11
0 101 68 38 36 15 3 12
1 2 22 19 47 50 1 13
0 125 55 66 48 85 3 14
0 118 58 38 59 36 3 15
1 112 26 53 25 48 1 16
0 112 65 27 63 34 3 17
0 98 58 29 59 26 3 18
0 102 58 38 66 13 3 19
0 34 63 45 54 44 3 20
0 77 52 50 55 38 5 21
0 5 49 81 54 76 3 22
1 18 6 67 5 74 2 23
0 57 98 22 98 18 3 24
1 102 56 42 55 39 6 25
0 105 69 45 70 43 3 26
0 25 62 37 63 29 6 27
0 112 91 35 91 42 3 28
1 5 47 3 41 3 1 29
0 69 80 7 78 6 5 30
1 89 56 80 54 79 1 31
0 112 6 47 5 71 3 32
1 23 32 54 33 50 1 33
0 48 48 57 48 60 3 34
1 92 44 57 47 50 1 35
1 10 58 56 62 49 2 36
0 112 26 50 28 51 3 37
0 11 55 80 51 80 3 38
0 12 31 45 28 58 3 39
1 121 45 35 41 41 1 40
1 38 47 66 44 66 1 41
1 72 44 36 39 63 6 42
0 127 43 2 46 2 3 43
1 13 56 80 52 80 6 44
0 66 7 38 6 33 5 45
0 127 41 42 40 44 3 46
0 7 59 26 43 29 3 47
0 54 6 63 5 69 3 48
0 2 47 2 45 3 3 49
0 16 29 48 31 42 3 50
1 17 50 81 56 80 2 51
0 65 33 45 27 59 3 52
0 53 53 18 65 7 3 53
1 114 6 65 5 68 2 54
0 112 39 12 43 12 3 55
0 92 70 33 74 30 3 56
0 34 6 58 6 69 3 57
0 127 57 43 58 41 3 58
1 57 56 80 51 80 1 59
1 4 47 31 49 29 1 60
0 116 58 54 59 52 3 61
0 51 72 70 69 74 3 62
0 70 53 52 50 51 3 63
0 129 98 22 98 17 3 64
0 39 66 41 68 39 3 65
1 74 34 32 42 36 2 66
1 121 33 51 32 53 1 67
1 19 55 26 53 25 6 68
1 79 58 19 66 16 1 69
1 14 59 17 63 17 1 70
1 18 32 15 35 15 2 71
0 108 91 29 92 25 3 72
0 48 23 45 16 46 3 73
0 66 6 48 6 57 6 74
1 64 44 55 45 53 5 75
1 0 48 48 55 38 2 76
0 141 60 28 58 27 3 77
0 16 31 42 33 40 6 78
0 101 62 47 68 45 3 79
1 27 81 2 99 1 2 80
1 78 29 40 32 42 2 81
0 104 67 39 62 49 3 82
1 56 57 41 52 47 1 83
0 43 62 51 55 15 3 84
1 100 29 62 12 40 1 85
0 0 58 35 52 19 3 86
0 137 30 54 31 52 3 87
0 84 53 58 51 54 3 88
1 129 98 14 98 18 5 89
0 5 57 77 60 76 3 90
1 119 49 19 47 20 1 91
0 128 56 30 53 32 3 92
0 64 55 38 56 29 3 93
1 79 35 47 38 37 1 94
0 96 41 64 50 62 5 95
0 117 46 47 21 19 3 96
0 141 54 39 53 44 3 97
1 97 52 25 49 33 2 98
1 120 67 40 62 27 1 99
1 131 55 29 47 5 1 100
1 23 64 33 59 40 1 101
0 56 54 54 51 50 3 102
1 36 34 41 32 47 2 103
0 53 55 52 33 73 3 104
1 126 44 37 42 41 2 105
0 138 48 51 50 47 3 106
0 80 27 37 31 42 3 107
0 23 53 80 51 79 5 108
1 37 62 29 60 32 1 109
0 35 48 59 47 72 3 110
0 91 57 34 57 39 3 111
1 63 90 37 91 34 2 112
0 97 48 30 50 29 3 113
0 103 50 40 49 42 3 114
0 23 59 77 54 78 5 115
0 74 60 32 59 29 3 116
0 48 91 33 92 25 3 117
1 80 71 30 68 40 1 118
0 86 42 81 49 79 6 119
1 24 47 2 44 2 1 120
1 32 44 17 68 28 1 121
0 51 28 55 30 51 3 122
1 63 91 37 91 40 2 123
1 103 66 1 62 1 4 124
0 73 73 66 69 73 3 125
0 76 60 32 56 33 5 126
1 50 65 76 67 74 1 127
1 61 63 45 62 50 3 128
0 13 63 31 60 30 3 129
1 38 42 38 48 36 3 130
1 28 54 50 53 45 5 131
0 122 54 42 46 53 3 132
1 82 58 34 46 36 5 133
0 14 54 43 64 36 3 134
1 19 54 47 55 45 3 135
0 62 69 35 65 47 3 136
0 121 55 52 45 60 3 137
0 65 62 34 43 40 3 138
0 109 64 41 50 52 4 139
1 4 61 2 80 0 2 140
0 96 41 11 36 10 5 141
0 105 70 43 66 50 3 142
1 11 36 14 43 12 3 143
1 108 30 58 27 58 1 144
1 46 50 2 47 2 1 145
1 14 53 49 52 53 2 146
1 117 63 32 64 30 1 147
0 25 60 19 64 21 3 148
0 41 60 45 57 47 3 149
0 126 71 41 69 43 3 150
1 40 70 69 70 72 1 151
0 82 46 41 48 38 3 152
1 97 30 50 32 48 1 153
0 19 52 47 40 43 3 154
1 76 62 32 57 36 1 155
0 16 5 54 5 42 3 156
0 143 51 34 45 34 3 157
0 105 6 53 4 51 3 158
0 132 62 38 59 40 6 159
1 11 50 52 54 49 1 160
1 51 61 50 53 68 1 161
0 56 56 45 55 41 3 162
0 80 64 45 62 47 5 163
0 0 55 27 55 35 3 164
0 24 48 21 39 25 3 165
1 121 6 29 6 34 3 166
0 106 98 21 98 17 3 167
1 61 86 4 88 3 1 168
1 137 54 74 11 60 1 169
1 32 43 38 41 32 1 170
0 122 47 21 33 18 3 171
0 130 59 31 59 53 3 172
0 118 57 80 53 81 3 173
1 96 52 16 61 15 1 174
0 61 63 33 53 36 5 175
1 102 53 47 61 36 1 176
1 119 62 35 62 39 3 177
0 66 49 29 46 35 3 178
1 74 6 36 5 40 2 179
1 130 6 43 5 39 3 180
0 80 38 12 42 12 3 181
0 34 87 3 84 4 3 182
0 16 65 27 66 24 3 183
0 97 44 32 41 35 3 184
1 89 43 54 45 59 1 185
0 36 46 58 51 55 3 186
0 88 64 33 53 28 5 187
1 0 32 42 31 48 1 188
0 10 55 26 52 25 4 189
1 83 41 43 42 32 2 190
1 79 33 52 32 48 2 191
0 28 66 93 66 89 3 192
0 16 39 10 42 13 3 193
1 23 63 42 59 49 1 194
1 107 40 37 37 41 5 195
1 25 61 1 52 1 1 196
1 7 63 45 64 43 1 197
1 36 65 43 68 37 1 198
0 66 49 28 51 32 3 199
1 143 58 75 57 73 1 200
1 78 50 81 39 81 1 201
0 23 59 29 48 37 3 202
1 4 57 33 56 30 1 203
1 95 61 34 62 37 1 204
1 98 51 33 51 38 3 205
1 143 22 48 27 38 1 206
0 27 49 22 60 17 3 207
0 56 69 74 71 70 3 208
1 139 59 2 61 1 1 209
1 46 53 46 56 38 2 210
1 46 59 70 56 76 1 211
0 42 6 57 5 62 3 212
1 24 62 56 63 54 5 213
0 43 60 45 55 51 3 214
0 108 71 74 65 75 3 215
1 82 69 71 72 73 5 216
1 93 54 39 49 35 1 217
0 8 55 26 51 30 4 218
1 15 60 2 57 2 1 219
1 130 55 44 69 32 1 220
0 57 57 71 51 77 3 221
1 122 57 39 68 9 2 222
1 128 26 53 30 50 4 223
1 80 55 41 56 38 3 224
1 8 57 28 54 26 1 225
1 103 46 58 46 47 1 226
0 24 45 29 44 35 3 227
0 57 69 70 68 68 3 228
0 19 64 47 63 49 6 229
0 24 60 47 56 58 3 230
0 96 52 59 43 36 6 231
0 109 6 37 6 33 3 232
0 79 30 48 23 51 3 233
1 13 62 35 60 36 1 234
1 47 6 65 6 68 4 235
1 63 50 48 54 44 3 236
1 2 58 80 54 80 1 237
0 50 86 94 83 96 5 238
0 108 62 1 54 2 4 239
1 102 6 23 5 29 1 240
0 1 47 30 51 23 3 241
0 7 6 41 7 47 5 242
1 90 60 25 55 30 1 243
0 68 54 37 50 43 3 244
0 3 55 27 54 29 3 245
1 1 50 17 44 17 1 246
1 132 63 44 64 42 6 247
0 3 91 25 91 40 3 248
1 12 67 38 64 43 1 249
1 87 48 42 48 64 1 250
1 79 51 21 55 21 1 251
1 70 49 37 70 33 3 252
1 40 47 20 45 31 1 253
0 49 40 13 41 9 3 254
0 125 60 57 57 55 3 255
1 35 88 93 82 94 1 256
0 121 43 36 37 42 5 257
1 128 43 35 44 32 1 258
1 123 30 55 30 47 1 259
1 46 59 37 53 43 3 260
0 133 58 46 56 50 3 261
1 57 53 44 55 40 6 262
1 141 53 57 50 50 2 263
1 24 56 80 53 80 2 264
0 40 42 63 46 52 3 265
0 108 57 2 53 3 3 266
1 81 54 38 48 37 4 267
1 63 91 31 91 39 5 268
1 80 31 15 41 12 2 269
1 3 91 40 91 36 5 270
1 50 50 48 52 49 1 271
1 127 46 37 48 39 1 272
1 38 44 33 40 37 1 273
1 81 5 61 6 59 1 274
0 111 59 39 63 46 3 275
0 120 56 31 59 29 3 276
0 133 49 57 44 71 3 277
1 111 5 61 5 64 1 278
1 39 58 17 57 19 1 279
0 112 48 44 56 40 3 280
0 75 56 44 21 47 3 281
1 32 60 32 58 45 2 282
0 141 52 51 57 40 3 283
1 103 55 30 61 28 6 284
1 58 47 44 48 50 1 285
1 15 61 1 35 1 1 286
1 132 65 44 63 45 1 287
0 47 43 66 50 37 3 288
1 1 60 19 57 18 5 289
0 88 41 64 42 57 3 290
0 111 52 55 56 40 3 291
1 9 53 48 52 53 5 292
1 8 49 43 51 34 5 293
0 75 50 19 59 15 3 294
1 141 79 6 62 2 1 295
1 7 52 39 52 43 2 296
1 17 57 34 54 38 1 297
1 30 45 50 30 74 2 298
1 95 55 33 59 27 4 299
1 58 81 5 78 4 2 300
0 130 52 39 50 41 3 301
1 93 37 50 44 37 1 302
0 38 59 43 62 23 3 303
1 32 33 44 29 48 1 304
0 130 6 30 6 33 3 305
0 124 45 2 49 2 3 306
0 93 92 28 92 32 5 307
1 34 52 70 50 73 2 308
1 58 6 50 4 57 3 309
0 22 33 48 30 59 5 310
1 32 57 53 55 50 1 311
0 68 60 26 57 31 3 312
1 128 5 69 6 67 1 313
0 40 59 44 62 37 3 314
1 39 6 35 7 38 4 315
0 56 64 44 63 49 3 316
1 68 55 42 53 43 1 317
0 86 55 45 49 49 3 318
1 3 5 70 4 78 2 319
0 130 53 32 60 32 3 320
0 0 61 48 60 44 3 321
1 49 50 37 57 38 6 322
0 29 54 30 52 34 3 323
0 79 30 61 32 57 3 324
1 55 5 40 4 32 1 325
1 44 42 11 35 13 4 326
0 96 53 44 51 43 5 327
0 90 61 42 55 41 3 328
1 88 80 6 82 4 1 329
1 59 70 33 74 37 1 330
1 36 51 52 53 44 1 331
1 92 59 74 57 67 1 332
0 51 28 55 23 56 5 333
1 68 64 42 62 46 5 334
0 42 49 32 47 30 3 335
0 143 49 56 48 60 5 336
0 54 56 61 54 54 3 337
0 60 47 20 33 23 3 338
1 88 50 20 48 21 1 339
1 124 53 41 50 46 1 340
0 128 44 11 42 12 5 341
1 35 50 32 54 26 1 342
1 28 32 57 44 50 2 343
0 60 53 40 15 21 3 344
1 32 33 43 30 46 2 345
1 38 52 54 53 50 1 346
0 78 71 38 60 28 6 347
0 68 56 47 57 36 6 348
0 102 59 25 62 23 4 349
1 23 34 43 31 41 3 350
0 53 60 15 54 18 3 351
0 64 44 12 40 14 3 352
1 29 70 74 67 77 1 353
0 108 5 42 5 39 3 354
1 7 6 60 6 64 1 355
0 65 5 39 6 30 3 356
0 141 63 45 61 48 5 357
1 123 56 50 58 54 1 358
1 116 54 60 55 62 1 359
1 70 54 43 58 43 1 360
1 110 48 4 44 4 1 361
0 142 49 33 47 31 3 362
1 133 39 11 41 12 2 363
0 128 32 57 31 49 3 364
1 36 33 48 29 56 5 365
0 84 56 64 47 59 3 366
1 124 49 2 59 1 1 367
0 66 58 14 48 14 3 368
0 98 41 36 42 32 3 369
0 117 51 48 52 46 3 370
1 72 44 66 32 57 1 371
1 137 30 50 29 61 5 372
1 46 62 1 37 1 5 373
1 67 63 35 61 42 1 374
0 130 6 33 6 44 3 375
0 23 44 33 42 34 3 376
1 124 60 53 56 63 2 377
0 54 50 27 55 25 3 378
0 57 48 71 56 64 3 379
1 93 89 35 90 33 1 380
1 112 27 49 32 48 2 381
0 124 61 38 57 15 3 382
0 121 37 41 44 31 3 383
0 30 55 80 49 81 3 384
1 100 85 4 83 2 1 385
1 85 36 15 44 32 2 386
0 46 61 46 60 42 3 387
0 23 45 4 31 3 3 388
1 51 33 55 32 52 4 389
1 142 54 49 52 48 1 390
1 102 45 60 46 58 3 391
0 67 56 80 51 81 3 392
1 108 92 34 91 37 2 393
0 130 57 45 49 44 3 394
0 92 43 12 41 13 3 395
0 26 65 44 73 37 3 396
1 121 66 44 69 33 1 397
1 60 59 53 58 57 1 398
1 142 56 40 58 34 1 399
0 109 60 34 57 34 3 400
0 119 68 39 69 37 3 401
0 132 58 35 49 45 3 402
1 136 67 36 66 41 2 403
0 68 62 51 61 49 5 404
0 48 22 34 25 38 3 405
0 3 54 47 53 40 3 406
1 72 60 34 59 38 1 407
1 97 53 25 48 23 1 408
1 86 98 15 98 18 2 409
0 29 30 43 30 47 3 410
1 108 62 30 63 33 2 411
0 9 63 1 59 2 3 412
1 88 52 31 49 42 5 413
1 48 5 68 5 72 1 414
0 17 61 15 58 18 3 415
0 36 52 40 55 38 5 416
0 31 72 66 70 69 3 417
0 46 48 4 53 4 3 418
1 0 45 67 51 63 1 419
0 63 53 54 49 53 3 420
0 130 6 29 6 34 3 421
0 121 15 21 36 39 3 422
0 78 92 26 92 34 3 423
0 62 57 76 62 68 3 424
0 65 33 44 32 52 5 425
1 17 50 20 53 17 1 426
1 18 91 31 90 9 6 427
0 45 44 64 41 76 3 428
1 38 54 80 69 79 4 429
1 63 57 29 49 36 4 430
0 110 72 5 78 6 3 431
1 6 64 77 62 80 1 432
0 101 53 56 52 60 4 433
0 126 53 33 49 37 3 434
1 118 66 41 63 51 1 435
1 126 31 49 34 47 1 436
0 128 48 35 48 31 3 437
0 16 43 56 45 54 3 438
1 31 45 2 51 2 1 439
0 122 61 37 52 33 6 440
0 113 66 36 63 46 3 441
0 48 40 12 44 10 6 442
1 29 63 34 57 39 5 443
1 101 59 36 65 32 1 444
1 84 59 1 67 1 3 445
0 80 56 38 57 36 3 446
0 138 30 59 30 54 3 447
0 56 6 36 6 40 4 448
0 39 60 32 50 23 5 449
0 89 68 72 64 67 6 450
1 54 71 70 65 59 1 451
1 18 91 33 91 27 3 452
1 41 57 39 52 43 1 453
0 39 6 59 6 44 3 454
0 85 52 26 50 25 3 455
0 53 60 27 57 31 3 456
0 54 6 65 5 69 3 457
0 24 52 54 51 46 3 458
1 76 69 40 60 25 4 459
0 87 50 62 46 63 3 460
0 111 54 39 55 45 3 461
0 134 58 58 58 54 4 462
0 46 65 95 66 93 3 463
0 97 64 16 58 17 3 464
0 38 54 41 52 53 5 465
0 117 70 32 50 46 3 466
0 100 56 80 53 80 3 467
0 36 51 59 3 21 3 468
0 17 6 47 6 44 5 469
1 7 6 56 6 39 1 470
0 59 41 42 41 35 3 471
1 71 56 71 57 75 2 472
0 116 7 46 7 40 5 473
0 83 60 24 52 24 3 474
1 139 31 49 32 47 2 475
1 126 56 39 58 38 1 476
1 68 54 51 49 49 1 477
0 88 52 59 49 65 3 478
1 112 68 39 69 19 5 479
0 22 67 49 64 45 3 480
1 17 65 43 69 44 1 481
1 55 67 39 50 46 1 482
0 112 53 36 62 28 3 483
0 7 59 19 57 20 3 484
0 33 81 5 79 6 3 485
1 79 70 42 67 41 1 486
0 44 57 49 55 43 6 487
1 24 61 1 65 1 2 488
0 27 61 16 53 20 3 489
0 136 54 39 55 37 3 490
0 108 91 28 92 31 3 491
0 9 72 74 73 71 3 492
1 103 60 23 58 26 1 493
0 25 51 2 48 2 3 494
1 133 49 64 55 21 1 495
0 53 55 21 50 23 3 496
0 40 44 4 39 4 3 497
1 124 89 34 87 23 1 498
1 46 58 19 51 19 1 499
1 10 57 61 53 68 1 500
1 36 61 45 62 42 1 501
1 21 5 42 5 37 2 502
0 141 61 28 60 30 3 503
1 57 55 29 49 36 1 504
0 111 30 14 34 18 4 505
1 53 33 49 32 45 1 506
0 93 67 1 55 2 5 507
0 8 6 32 6 28 3 508
1 102 52 27 55 26 2 509
0 90 82 5 69 6 3 510
0 6 42 59 43 57 3 511
0 143 61 41 59 46 3 512
1 45 60 54 59 57 1 513
0 40 6 39 5 31 3 514
0 141 57 26 54 32 3 515
1 66 5 42 4 62 1 516
0 113 51 33 57 29 3 517
1 78 92 25 91 35 1 518
1 11 49 28 46 31 2 519
1 28 30 14 61 32 2 520
1 94 62 50 59 43 4 521
0 97 48 55 54 41 6 522
0 22 55 18 56 20 3 523
0 101 64 34 62 38 6 524
1 102 48 66 50 26 1 525
1 39 71 40 70 45 1 526
1 53 65 16 53 16 2 527
0 101 62 34 62 39 3 528
0 66 48 30 52 31 3 529
1 135 52 45 55 43 3 530
1 72 31 52 33 44 1 531
0 108 31 56 27 57 3 532
0 108 51 48 55 50 3 533
1 106 6 61 6 49 1 534
0 118 6 65 5 67 3 535
1 52 6 27 7 34 2 536
1 25 27 60 32 39 2 537
0 25 53 29 47 23 3 538
0 53 52 56 54 51 3 539
0 102 53 43 40 37 3 540
0 126 53 23 51 48 3 541
0 65 79 6 81 5 6 542
0 77 60 23 54 30 3 543
1 1 54 44 55 42 1 544
1 102 51 18 44 22 5 545
0 60 58 49 52 48 5 546
1 122 56 27 62 29 1 547
0 64 42 41 41 43 3 548
1 64 49 43 48 49 2 549
0 79 42 39 43 28 3 550
0 134 47 29 46 32 3 551
1 76 5 67 5 55 1 552
1 93 88 93 84 94 5 553
0 2 47 46 44 57 3 554
0 26 68 35 64 31 3 555
1 97 56 80 53 81 1 556
0 71 67 42 65 44 3 557
1 79 71 41 73 36 1 558
1 88 66 39 67 37 5 559
1 137 29 55 24 57 1 560
1 76 73 70 70 72 1 561
0 88 51 77 58 75 3 562
1 104 53 39 52 57 1 563
0 115 98 19 98 16 3 564
0 15 40 12 44 11 3 565
1 94 59 27 61 25 1 566
0 97 57 40 59 33 4 567
1 35 52 25 50 26 1 568
0 21 51 43 55 37 3 569
0 66 7 41 6 32 5 570
1 17 50 35 44 48 1 571
0 99 54 30 59 29 3 572
0 101 40 46 50 49 5 573
0 121 69 42 67 40 3 574
0 74 6 33 6 30 3 575
0 69 46 3 42 3 3 576
1 139 6 62 5 56 4 577
0 100 31 49 31 46 3 578
1 121 61 52 66 41 1 579
0 62 38 13 41 12 3 580
0 67 62 38 61 40 3 581
0 17 42 4 37 4 3 582
1 111 58 44 60 42 4 583
0 64 57 36 55 31 3 584
0 102 46 58 50 62 3 585
1 83 44 38 42 32 4 586
0 83 60 28 55 34 6 587
0 105 61 17 56 20 3 588
1 62 60 16 47 15 1 589
0 35 37 41 27 37 3 590
0 78 26 50 28 51 3 591
1 50 87 94 89 92 1 592
0 16 69 72 66 75 3 593
0 56 43 63 54 50 5 594
1 115 52 77 51 79 5 595
0 34 48 3 40 4 3 596
0 143 52 77 52 81 6 597
1 24 66 45 70 36 3 598
0 104 42 31 41 36 3 599
1 74 6 32 6 37 2 600
1 120 30 48 28 56 1 601
0 3 60 30 62 29 3 602
1 21 87 3 85 4 2 603
0 31 48 2 46 3 3 604
1 103 49 49 55 48 1 605
1 83 52 61 56 62 1 606
1 102 50 19 52 17 2 607
0 4 53 34 44 19 3 608
0 99 66 40 44 18 3 609
0 10 37 41 31 38 3 610
1 96 51 42 57 39 1 611
0 41 54 47 54 52 3 612
1 63 61 48 58 49 1 613
0 99 50 3 29 4 3 614
1 143 54 45 57 39 2 615
1 139 6 28 6 31 3 616
0 81 47 47 38 43 3 617
0 79 89 92 87 91 3 618
0 21 61 31 58 43 3 619
0 51 55 77 12 60 3 620
0 117 51 55 48 53 3 621
0 134 7 50 6 47 3 622
1 11 61 73 58 71 1 623
0 121 92 31 92 26 3 624
1 0 66 75 69 72 3 625
1 21 91 37 91 32 1 626
1 46 61 31 59 34 2 627
0 5 62 32 59 33 3 628
0 50 43 37 40 36 3 629
0 37 6 64 5 71 3 630
0 33 6 41 6 48 3 631
0 46 55 43 58 33 3 632
1 109 67 40 59 40 2 633
1 58 52 81 56 78 1 634
0 132 69 35 65 44 3 635
0 72 57 41 62 39 3 636
1 14 37 41 41 32 2 637
0 39 56 41 49 49 3 638
1 90 88 3 86 4 1 639
0 18 91 30 90 40 3 640
0 85 6 31 5 40 3 641
1 95 59 29 58 32 3 642
0 94 57 78 50 79 3 643
0 52 57 37 42 46 3 644
1 116 46 20 50 19 1 645
1 82 43 52 55 33 3 646
0 93 62 38 59 38 3 647
0 59 57 79 53 79 3 648
0 58 55 49 53 46 5 649
1 115 41 66 33 57 2 650
1 33 47 20 50 20 1 651
1 33 53 46 50 50 3 652
1 143 36 13 43 11 3 653
1 65 29 58 33 46 2 654
0 143 45 3 41 4 3 655
1 40 6 65 6 68 6 656
1 84 67 35 63 43 1 657
1 16 65 48 63 54 1 658
1 25 91 33 90 37 1 659
1 78 54 41 57 39 2 660
1 80 58 33 58 41 1 661
1 33 58 45 56 38 2 662
0 82 64 76 65 73 5 663
1 137 66 43 69 37 2 664
0 10 66 44 66 39 3 665
0 25 46 3 49 3 3 666
0 100 73 31 68 35 3 667
1 128 51 40 56 35 2 668
0 26 57 42 55 43 3 669
0 36 32 47 30 51 3 670
0 34 92 30 91 35 3 671
1 36 56 38 54 41 4 672
1 55 46 47 49 47 1 673
1 41 51 27 49 29 2 674
0 74 6 35 5 37 3 675
1 101 47 42 38 47 1 676
0 32 61 59 63 54 6 677
0 62 61 49 64 45 3 678
0 80 57 43 50 42 3 679
0 122 56 80 60 79 3 680
0 137 63 27 62 30 3 681
0 8 57 18 55 16 3 682
0 115 98 19 98 16 5 683
0 108 49 32 51 26 3 684
1 121 5 40 4 29 1 685
1 35 59 45 56 44 1 686
0 21 42 17 46 16 3 687
1 56 51 37 46 45 1 688
0 107 43 36 26 19 3 689
1 19 47 52 47 45 1 690
0 87 49 59 47 60 3 691
1 20 38 28 41 21 2 692
0 40 52 20 58 17 3 693
0 113 54 30 55 25 3 694
1 0 58 33 60 27 2 695
1 51 44 34 47 28 1 696
1 142 91 31 91 28 1 697
0 19 54 18 53 23 6 698
0 4 53 41 51 43 6 699
0 120 61 74 31 78 6 700
1 50 48 44 53 41 1 701
1 85 57 38 45 40 1 702
1 68 61 38 48 34 1 703
0 48 91 30 90 22 3 704
0 102 53 69 51 76 3 705
0 105 39 37 42 32 3 706
0 18 43 19 67 24 3 707
0 6 54 32 53 29 3 708
0 141 54 43 48 54 3 709
0 66 53 20 48 23 6 710
1 110 60 74 59 70 2 711
1 128 69 34 55 55 1 712
1 17 98 10 98 17 4 713
1 29 54 42 53 45 1 714
0 141 72 69 38 58 3 715
0 19 55 42 53 10 3 716
0 83 64 43 65 39 3 717
1 9 52 29 55 21 1 718
0 117 55 49 59 45 3 719
0 27 6 30 5 35 3 720
0 76 54 40 50 50 3 721
1 53 65 16 57 19 6 722
0 116 57 74 60 74 3 723
0 9 49 19 46 20 3 724
1 78 49 58 46 59 1 725
0 37 52 18 47 21 3 726
1 69 57 77 55 79 5 727
0 122 52 81 60 72 3 728
1 8 50 37 49 39 5 729
0 13 33 38 30 39 3 730
0 111 53 48 54 46 3 731
1 102 69 39 62 29 1 732
0 57 91 25 90 12 3 733
0 130 55 31 52 38 3 734
0 52 72 39 68 35 5 735
0 81 82 5 80 6 3 736
1 128 48 23 45 24 1 737
0 112 6 66 6 63 4 738
0 112 30 35 32 36 4 739
0 3 91 21 91 37 3 740
1 8 41 51 40 49 5 741
0 81 54 43 55 45 3 742
0 64 45 32 41 35 3 743
1 130 53 57 19 55 5 744
1 112 30 46 30 43 1 745
1 50 51 64 52 53 1 746
0 57 38 58 69 74 3 747
1 65 27 60 32 46 1 748
1 0 48 70 49 68 4 749
0 109 56 29 62 20 3 750
1 20 60 29 58 28 3 751
0 63 49 36 50 33 3 752
0 117 65 42 66 40 3 753
0 112 69 32 69 38 3 754
0 7 6 51 7 38 3 755
1 143 51 43 54 40 1 756
0 118 60 53 52 70 3 757
1 97 56 44 48 65 2 758
0 79 6 29 6 34 3 759
0 102 5 37 5 45 3 760
1 88 28 2 43 2 1 761
0 57 98 19 98 23 5 762
1 137 57 1 61 1 1 763
0 73 53 2 63 1 3 764
1 32 49 19 50 16 2 765
0 28 53 76 59 75 3 766
1 111 54 34 54 23 2 767
0 86 56 40 43 40 3 768
1 27 46 3 43 2 1 769
0 130 69 40 66 38 4 770
1 27 69 69 67 72 1 771
1 79 30 14 23 23 1 772
0 127 66 93 64 94 3 773
0 85 59 40 60 38 3 774
1 27 7 41 6 54 5 775
0 79 42 33 27 34 3 776
1 130 6 34 5 40 3 777
1 27 46 2 43 3 1 778
0 126 6 53 5 83 3 779
1 102 71 74 70 72 3 780
1 118 45 38 54 46 3 781
1 13 56 49 48 54 1 782
1 125 57 62 51 61 1 783
0 139 5 36 6 33 3 784
1 103 61 26 59 22 6 785
1 108 64 74 70 72 2 786
1 16 40 44 37 43 1 787
0 66 57 18 50 20 3 788
0 87 56 80 33 80 3 789
0 62 5 70 4 77 3 790
0 112 46 58 47 50 3 791
0 62 70 40 72 41 3 792
1 120 55 53 61 46 3 793
0 115 56 36 58 35 3 794
0 109 60 34 57 31 3 795
0 57 56 25 49 37 3 796
0 82 53 25 62 19 3 797
0 0 64 76 69 70 3 798
0 102 55 43 48 49 3 799
0 64 41 11 38 12 3 800
1 83 55 32 61 27 1 801
0 80 54 45 52 40 5 802
0 27 79 6 81 5 3 803
1 2 62 31 68 21 1 804
1 39 58 42 60 40 3 805
0 66 51 49 54 42 3 806
0 9 79 5 72 5 3 807
0 55 55 44 48 59 4 808
0 112 44 23 48 29 6 809
0 139 54 1 62 1 6 810
0 26 31 45 32 48 3 811
1 35 60 30 54 36 2 812
1 13 5 69 6 65 1 813
1 104 36 43 26 41 1 814
0 63 90 35 91 31 3 815
0 14 61 30 50 41 3 816
1 100 54 24 56 22 1 817
0 36 70 39 56 48 3 818
1 121 47 2 42 2 1 819
1 44 50 42 56 35 1 820
0 40 5 62 4 71 3 821
1 11 51 37 54 47 2 822
1 107 50 28 58 47 1 823
1 133 54 44 51 49 1 824
1 83 57 39 31 14 1 825
0 50 91 37 92 31 3 826
0 138 43 35 42 30 3 827
0 139 92 31 91 34 5 828
1 116 43 23 49 18 1 829
0 122 6 32 5 39 3 830
0 122 53 81 56 80 3 831
0 1 91 30 92 26 3 832
0 29 65 27 61 32 3 833
1 9 7 43 6 54 2 834
0 12 59 1 53 2 3 835
1 28 61 1 66 1 1 836
0 96 66 31 71 32 3 837
1 48 48 60 51 55 1 838
1 20 43 67 36 96 4 839
0 88 42 3 49 2 5 840
0 54 39 13 36 13 3 841
1 16 45 51 44 56 1 842
0 16 64 36 60 42 3 843
0 103 48 78 54 75 3 844
0 139 6 39 6 34 3 845
1 49 55 40 54 45 1 846
1 137 92 24 92 32 1 847
0 12 57 28 64 21 3 848
1 48 85 5 87 4 2 849
1 65 36 42 39 45 1 850
1 95 6 64 5 67 2 851
0 16 69 6 77 3 3 852
1 16 66 74 63 75 1 853
1 128 30 46 23 49 1 854
1 30 58 26 53 18 1 855
0 42 43 54 45 48 3 856
0 26 54 44 49 55 3 857
1 9 46 36 57 42 1 858
0 61 55 30 62 20 3 859
1 26 91 32 91 35 2 860
0 62 62 1 59 2 3 861
1 41 47 59 44 78 2 862
1 139 6 39 6 35 2 863
1 78 6 49 6 53 1 864
0 21 58 75 57 72 3 865
1 50 64 16 59 17 1 866
0 2 38 13 14 12 3 867
0 122 61 35 61 19 3 868
1 73 60 33 62 25 1 869
1 119 70 36 74 31 1 870
0 109 60 30 59 32 3 871
0 62 57 2 59 1 3 872
1 123 33 50 31 49 4 873
1 22 52 48 48 52 1 874
0 29 68 34 64 28 3 875
1 74 55 35 49 36 1 876
1 135 35 16 69 26 1 877
0 35 55 25 53 21 3 878
1 26 69 75 69 72 1 879
0 61 64 34 60 30 3 880
0 80 56 73 58 75 6 881
0 133 53 41 57 43 3 882
0 97 55 34 95 29 3 883
0 63 49 35 51 36 3 884
0 93 61 33 62 36 3 885
1 60 63 51 64 53 1 886
1 127 41 36 44 37 1 887
1 61 57 40 61 35 1 888
1 100 54 80 48 81 1 889
0 64 60 27 58 33 6 890
0 142 46 31 51 28 3 891
0 77 52 49 50 48 3 892
1 25 69 37 70 39 2 893
1 23 37 29 34 37 3 894
1 128 55 41 57 39 1 895
1 98 58 50 56 51 1 896
0 10 59 45 61 41 5 897
1 116 60 24 62 22 1 898
0 66 52 53 49 56 3 899
1 123 30 50 32 52 1 900
0 103 62 40 63 42 3 901
0 89 6 48 3 85 3 902
0 14 88 93 85 96 3 903
1 79 31 50 30 62 5 904
1 98 59 45 60 42 1 905
1 22 30 50 32 55 1 906
1 9 84 4 86 3 1 907
1 35 45 21 48 31 1 908
1 0 59 36 63 36 1 909
1 73 62 40 69 40 1 910
1 0 56 53 51 62 3 911
1 125 66 39 68 38 1 912
1 77 68 35 70 38 2 913
0 5 69 45 67 49 3 914
0 5 98 18 98 27 3 915
1 115 56 62 52 62 2 916
1 59 57 46 55 45 1 917
1 70 53 48 47 67 1 918
0 78 58 60 52 59 3 919
0 24 48 63 49 65 3 920
1 66 46 31 50 26 5 921
0 47 69 33 65 43 3 922
1 21 60 44 61 46 4 923
0 24 45 3 42 3 3 924
0 64 62 24 49 35 3 925
1 12 59 29 13 29 1 926
0 56 52 49 55 48 3 927
1 46 6 61 6 58 2 928
0 116 50 70 56 52 3 929
1 54 60 32 61 19 6 930
1 128 57 19 56 26 1 931
0 123 55 77 60 77 4 932
0 129 89 93 84 92 6 933
0 38 55 25 50 33 3 934
1 22 30 60 31 56 2 935
1 43 58 44 65 29 2 936
0 114 28 48 29 46 3 937
0 19 41 51 41 55 5 938
0 42 57 39 49 54 3 939
1 57 46 57 49 58 1 940
1 50 52 48 52 41 1 941
0 126 49 78 53 76 3 942
0 136 53 47 47 48 3 943
1 81 45 51 47 50 1 944
1 133 60 38 44 35 6 945
0 68 67 38 67 23 3 946
0 97 47 31 52 17 3 947
0 21 71 42 70 45 3 948
1 7 31 49 30 52 2 949
0 57 30 14 56 24 3 950
0 10 52 75 68 72 3 951
0 121 64 76 66 75 3 952
0 51 29 53 31 51 3 953
0 107 52 43 53 36 3 954
0 137 67 40 65 31 3 955
0 0 64 40 59 53 3 956
0 61 50 18 52 19 3 957
1 44 32 40 38 41 2 958
1 115 58 54 56 52 2 959
0 13 72 69 73 72 3 960
1 116 51 20 52 18 6 961
0 46 56 58 51 61 3 962
0 17 56 47 31 47 3 963
1 104 56 39 60 41 6 964
0 19 49 18 29 23 3 965
1 126 60 31 33 43 1 966
1 128 52 24 55 27 2 967
0 27 52 30 53 39 3 968
0 54 60 30 63 34 3 969
0 57 62 25 59 23 3 970
1 116 55 59 55 56 5 971
1 130 55 44 57 39 6 972
0 84 89 23 91 25 3 973
0 141 64 44 70 37 3 974
0 130 50 18 51 20 3 975
0 10 60 45 62 46 4 976
0 72 55 44 54 52 3 977
0 122 54 80 46 80 3 978
1 25 45 74 49 65 4 979
0 116 39 13 42 11 3 980
0 94 98 15 98 21 3 981
0 83 90 42 90 45 3 982
0 86 54 51 54 29 3 983
1 106 5 63 3 80 1 984
1 126 54 43 54 47 5 985
0 65 6 49 6 64 3 986
0 6 63 44 60 61 3 987
0 31 47 2 50 2 4 988
1 102 6 32 6 56 1 989
0 113 39 39 38 41 3 990
1 111 50 16 52 18 1 991
0 112 53 46 52 50 3 992
1 48 41 11 37 13 1 993
1 14 60 18 51 19 1 994
1 141 45 59 43 56 5 995
0 92 53 20 39 24 3 996
1 38 59 28 58 31 2 997
1 82 88 92 86 94 1 998
1 39 28 44 27 59 2 999
0 65 5 68 6 65 3 1000
0 137 29 55 27 60 5 1001
0 35 61 37 60 3 3 1002
0 131 51 50 55 42 3 1003
1 38 44 34 39 46 6 1004
1 108 52 1 61 1 2 1005
0 140 57 55 38 29 3 1006
1 14 50 49 52 54 1 1007
1 135 54 47 52 50 1 1008
0 98 63 45 60 49 3 1009
0 112 53 27 34 46 3 1010
0 68 6 67 5 64 3 1011
0 49 58 37 44 40 3 1012
0 67 55 46 58 44 3 1013
1 104 63 26 60 25 6 1014
0 21 51 31 46 31 3 1015
0 88 47 20 41 22 3 1016
1 40 49 28 36 37 3 1017
0 62 68 42 48 44 3 1018
0 52 31 15 62 36 3 1019
1 143 44 10 42 11 5 1020
1 60 49 52 39 61 3 1021
1 129 63 42 60 46 3 1022
1 13 69 45 68 42 5 1023
0 27 78 7 80 6 3 1024
1 126 29 64 30 59 4 1025
0 96 48 43 55 43 3 1026
0 128 29 47 26 51 5 1027
0 107 58 40 55 41 4 1028
1 1 60 28 58 23 1 1029
0 36 52 26 57 27 5 1030
0 115 63 32 60 36 3 1031
1 29 43 3 48 2 1 1032
0 6 64 43 67 42 3 1033
0 116 28 2 47 1 5 1034
1 83 58 32 59 27 1 1035
0 53 57 34 31 39 3 1036
1 40 52 45 55 42 2 1037
0 98 57 80 52 80 3 1038
1 115 60 26 60 6 1 1039
0 95 66 39 68 31 3 1040
1 134 43 39 44 30 3 1041
1 132 60 18 58 19 2 1042
1 12 30 53 29 12 1 1043
1 118 50 45 54 69 1 1044
0 18 55 30 52 24 3 1045
1 8 56 80 53 80 4 1046
1 77 52 49 48 64 5 1047
1 64 87 4 84 4 6 1048
1 14 41 3 43 2 1 1049
1 77 52 69 53 59 2 1050
1 109 56 49 59 45 2 1051
0 133 43 65 51 30 5 1052
0 69 52 73 49 70 3 1053
0 112 62 27 60 24 3 1054
0 138 6 58 4 48 3 1055
0 66 69 40 67 42 3 1056
0 74 48 1 28 2 3 1057
0 121 6 37 6 26 3 1058
1 22 74 32 71 43 4 1059
1 47 5 57 4 46 6 1060
0 26 55 50 48 48 3 1061
1 123 32 51 31 47 1 1062
0 31 69 74 72 71 3 1063
1 66 71 38 71 35 1 1064
0 40 62 28 56 39 3 1065
1 137 60 35 58 38 6 1066
0 48 60 18 51 22 3 1067
0 90 54 56 56 52 3 1068
0 89 53 39 57 35 3 1069
1 99 64 27 54 55 1 1070
1 124 30 52 27 56 4 1071
1 68 70 69 66 74 1 1072
1 87 33 35 47 44 4 1073
0 39 52 53 57 45 3 1074
0 35 62 37 60 33 3 1075
1 141 47 62 44 65 1 1076
1 72 49 54 49 34 1 1077
0 117 62 47 66 40 3 1078
0 57 6 44 6 10 6 1079
1 81 67 93 64 93 6 1080
1 101 46 47 45 50 5 1081
1 106 6 56 6 53 2 1082
0 66 54 49 53 51 3 1083
0 98 51 53 25 38 3 1084
0 88 80 6 77 6 3 1085
0 44 87 2 85 3 3 1086
0 44 51 49 43 51 3 1087
0 4 52 59 47 58 3 1088
0 140 55 73 57 72 3 1089
1 23 61 75 59 76 1 1090
1 41 52 2 46 2 1 1091
1 142 57 41 55 36 1 1092
1 53 55 18 53 19 1 1093
0 90 65 94 66 92 3 1094
1 32 58 34 54 39 1 1095
0 70 54 47 56 43 3 1096
0 52 69 35 66 42 3 1097
0 0 67 43 69 40 6 1098
0 143 56 20 45 19 3 1099
0 118 64 44 55 31 3 1100
1 26 67 42 71 17 2 1101
0 10 68 42 68 38 3 1102
0 128 32 43 34 39 3 1103
0 143 86 92 88 93 3 1104
1 41 69 40 49 45 2 1105
0 21 58 49 64 44 5 1106
1 32 54 27 57 27 1 1107
1 90 63 44 57 59 1 1108
0 52 52 29 55 27 3 1109
1 25 51 22 55 25 2 1110
0 86 86 92 89 91 3 1111
1 24 69 34 66 39 2 1112
0 74 45 4 49 3 3 1113
1 113 55 35 54 37 1 1114
1 111 6 36 5 34 3 1115
1 63 53 46 53 42 1 1116
0 50 50 28 47 29 3 1117
0 109 55 75 57 74 4 1118
1 74 55 72 62 68 5 1119
1 143 42 19 54 21 1 1120
0 83 2 97 1 95 3 1121
0 114 5 69 5 64 3 1122
1 3 45 20 47 21 3 1123
0 75 56 42 57 44 3 1124
1 97 50 20 49 33 1 1125
1 116 53 34 51 41 4 1126
0 124 58 45 59 51 3 1127
0 116 7 48 5 67 5 1128
1 64 56 37 52 44 1 1129
0 94 31 42 23 49 3 1130
1 143 31 50 32 52 1 1131
1 14 98 15 98 23 1 1132
1 88 54 32 49 38 2 1133
0 102 59 56 60 47 3 1134
0 96 49 48 53 45 6 1135
0 88 53 45 51 52 3 1136
1 70 71 69 73 66 1 1137
0 80 40 12 38 11 3 1138
1 30 98 22 98 30 1 1139
1 143 48 17 46 18 1 1140
1 93 90 28 88 33 1 1141
1 111 46 34 48 35 1 1142
0 2 53 32 57 30 3 1143
1 68 61 61 56 66 1 1144
1 74 53 32 57 31 1 1145
1 124 55 42 62 35 1 1146
1 10 98 19 98 16 1 1147
0 67 60 44 61 42 3 1148
0 102 69 77 51 75 3 1149
0 128 49 19 45 21 3 1150
0 109 87 4 84 4 3 1151
1 116 67 36 60 30 1 1152
0 32 58 48 50 63 3 1153
0 83 58 38 57 40 3 1154
1 14 52 41 43 34 1 1155
0 98 44 34 42 33 3 1156
0 28 67 36 57 36 3 1157
1 91 42 42 49 36 5 1158
1 98 58 41 57 5 1 1159
0 4 50 31 55 28 3 1160
1 103 58 77 55 74 5 1161
1 100 41 47 50 56 1 1162
0 46 52 61 55 54 3 1163
1 45 68 71 67 64 1 1164
0 79 43 56 46 53 3 1165
0 120 56 51 60 53 3 1166
0 37 51 51 55 50 3 1167
0 36 33 50 32 55 3 1168
1 131 88 93 86 94 1 1169
1 143 44 51 38 48 6 1170
1 80 31 50 27 51 1 1171
0 40 50 42 54 41 4 1172
1 73 48 19 28 18 4 1173
1 104 51 43 57 46 2 1174
1 126 6 50 6 56 6 1175
0 16 39 13 36 13 3 1176
0 76 6 41 7 45 3 1177
0 43 43 12 45 11 3 1178
0 24 54 80 57 80 3 1179
0 62 53 42 49 40 3 1180
1 32 53 59 52 61 5 1181
1 89 31 57 29 63 3 1182
1 0 35 14 32 13 1 1183
1 90 60 43 62 49 1 1184
1 83 60 32 40 33 1 1185
0 56 15 21 61 31 4 1186
1 77 55 43 51 45 6 1187
1 96 42 68 3 20 3 1188
1 114 54 27 60 23 2 1189
1 141 47 20 44 21 1 1190
1 122 58 80 52 80 1 1191
0 115 45 61 47 50 6 1192
0 52 41 3 45 3 5 1193
1 63 90 39 90 44 2 1194
1 48 27 49 32 45 1 1195
0 103 71 41 68 39 3 1196
1 65 98 23 98 17 2 1197
0 46 48 58 52 52 3 1198
0 123 45 19 44 17 3 1199
0 127 51 47 52 45 3 1200
0 86 6 43 6 49 6 1201
0 5 52 74 49 71 3 1202
1 121 59 16 59 19 2 1203
1 26 58 43 55 43 2 1204
1 125 65 92 66 94 1 1205
0 108 27 58 30 48 5 1206
1 130 6 30 5 38 1 1207
1 113 59 28 54 32 1 1208
1 88 67 43 62 46 5 1209
0 136 6 29 5 36 3 1210
1 81 47 35 41 35 1 1211
0 97 5 37 6 34 3 1212
0 56 67 33 72 13 3 1213
1 45 53 81 40 81 1 1214
1 134 6 66 5 68 3 1215
1 1 55 52 55 49 1 1216
0 67 57 80 51 80 6 1217
0 96 59 44 61 46 3 1218
0 17 55 38 53 45 3 1219
0 66 41 43 38 48 3 1220
0 22 87 93 84 96 3 1221
1 141 67 91 64 93 2 1222
1 18 49 37 56 24 4 1223
1 19 49 29 52 24 1 1224
0 59 42 41 36 42 3 1225
1 5 57 49 60 46 5 1226
1 74 56 54 56 47 1 1227
1 107 22 19 47 32 1 1228
0 132 68 48 64 52 3 1229
1 41 79 6 82 4 5 1230
0 97 53 24 47 31 3 1231
1 55 80 5 82 4 1 1232
0 99 66 41 69 38 3 1233
1 142 50 20 45 21 1 1234
1 38 51 29 50 19 6 1235
0 129 42 34 40 33 3 1236
1 44 36 13 40 13 1 1237
0 119 63 45 68 37 3 1238
1 79 68 35 66 39 1 1239
0 102 59 2 51 2 3 1240
1 51 91 33 91 30 1 1241
1 46 56 76 60 71 3 1242
1 124 44 2 47 2 2 1243
1 143 37 13 32 13 1 1244
0 116 67 36 66 38 3 1245
1 49 53 16 60 19 1 1246
1 112 52 27 54 25 2 1247
1 61 30 14 60 19 5 1248
0 66 29 54 27 59 3 1249
0 126 5 51 6 60 3 1250
0 15 54 1 63 1 6 1251
0 132 51 58 48 65 3 1252
1 7 30 54 31 58 2 1253
0 63 87 4 83 4 3 1254
0 128 6 32 5 0 4 1255
1 8 44 18 63 52 1 1256
1 90 31 57 33 47 1 1257
1 130 49 19 47 20 3 1258
1 45 47 31 45 32 1 1259
0 89 61 43 60 52 3 1260
1 102 48 4 45 4 2 1261
0 4 46 23 50 19 3 1262
0 126 6 43 6 48 3 1263
0 63 47 2 53 1 3 1264
0 73 69 38 70 33 3 1265
0 66 6 53 5 65 3 1266
1 76 51 62 54 57 1 1267
0 126 52 47 57 44 3 1268
0 90 58 80 48 81 3 1269
0 117 61 27 61 31 3 1270
1 51 55 77 53 79 1 1271
0 66 54 18 56 20 3 1272
0 113 38 28 35 27 3 1273
0 76 67 92 65 91 3 1274
0 103 54 26 55 22 3 1275
0 120 66 41 59 65 3 1276
1 143 54 37 51 44 1 1277
0 34 60 70 58 74 3 1278
1 79 53 52 47 31 1 1279
0 142 50 64 51 60 3 1280
1 121 42 35 44 31 1 1281
1 84 55 37 57 40 2 1282
0 51 68 77 65 75 3 1283
0 16 47 55 47 51 3 1284
1 16 31 44 22 48 5 1285
1 17 6 45 5 60 1 1286
0 122 50 19 54 25 3 1287
1 28 63 33 59 24 1 1288
1 74 56 22 53 23 1 1289
1 122 52 38 57 38 6 1290
1 100 55 80 52 80 1 1291
1 48 57 39 62 32 5 1292
0 62 55 32 57 29 3 1293
1 11 59 23 0 1 1 1294
0 56 54 39 59 40 3 1295
1 53 45 50 43 51 1 1296
1 19 68 43 69 24 1 1297
1 126 39 4 44 4 1 1298
1 71 26 2 52 0 1 1299
0 19 51 25 50 31 3 1300
0 41 51 53 49 56 3 1301
1 106 6 33 6 29 6 1302
0 14 61 17 58 18 3 1303
0 135 63 43 57 30 3 1304
0 72 70 34 67 40 6 1305
0 65 28 45 27 60 5 1306
1 16 59 31 54 31 1 1307
1 107 45 50 48 51 5 1308
0 132 49 51 55 43 3 1309
0 121 84 4 86 3 3 1310
0 43 61 42 61 46 3 1311
0 115 55 54 46 59 3 1312
0 54 66 92 64 93 5 1313
0 135 87 4 84 1 3 1314
0 32 39 12 37 13 3 1315
1 40 65 15 57 18 1 1316
0 9 54 32 56 41 3 1317
0 36 63 25 65 26 3 1318
0 0 68 28 69 38 3 1319
1 53 58 19 49 20 3 1320
0 6 88 93 87 91 3 1321
1 47 6 42 6 47 1 1322
0 6 31 78 60 72 3 1323
1 59 54 43 44 46 2 1324
0 81 54 50 36 43 3 1325
0 33 50 20 46 19 3 1326
0 139 56 2 47 1 3 1327
0 27 51 50 52 46 3 1328
0 72 50 49 51 46 6 1329
1 83 60 42 63 40 1 1330
1 93 63 38 62 30 1 1331
0 119 60 30 58 33 3 1332
0 77 57 2 62 1 3 1333
0 135 6 67 5 69 3 1334
1 135 6 63 5 65 1 1335
1 105 69 44 67 28 1 1336
0 109 60 41 58 42 3 1337
1 19 53 41 53 47 1 1338
0 18 5 40 5 43 3 1339
1 72 98 29 98 24 5 1340
1 132 32 57 46 52 1 1341
1 9 58 47 52 43 1 1342
0 69 56 74 58 76 3 1343
0 5 46 31 46 24 3 1344
1 78 54 27 55 23 2 1345
0 132 70 33 69 43 3 1346
0 34 98 21 98 24 3 1347
0 79 32 46 31 52 3 1348
1 140 45 3 47 4 1 1349
1 108 92 34 90 49 1 1350
0 22 47 51 45 50 3 1351
0 74 58 51 52 62 3 1352
1 47 53 49 55 48 1 1353
1 143 58 18 65 16 2 1354
0 126 71 70 65 74 3 1355
0 124 59 63 52 68 6 1356
0 40 58 49 61 43 3 1357
1 111 6 35 6 32 1 1358
1 13 55 43 65 28 1 1359
0 132 61 33 59 35 3 1360
0 112 47 31 49 33 3 1361
0 38 62 24 48 40 3 1362
1 47 46 31 50 27 1 1363
0 40 44 19 52 19 3 1364
1 10 27 60 30 50 3 1365
1 81 4 60 5 71 4 1366
0 14 60 33 52 44 3 1367
0 14 50 17 62 18 3 1368
1 45 41 31 44 33 1 1369
0 143 36 13 39 12 3 1370
1 63 92 26 90 37 1 1371
0 118 61 37 63 33 3 1372
0 22 31 56 29 63 3 1373
1 10 59 17 56 18 1 1374
1 68 51 30 53 26 3 1375
1 26 47 36 48 38 1 1376
0 103 58 28 38 20 3 1377
1 139 52 45 57 36 1 1378
1 130 50 19 53 20 3 1379
0 26 46 43 53 45 3 1380
1 4 48 29 43 30 1 1381
0 38 58 41 62 40 3 1382
0 35 40 37 41 34 3 1383
1 98 37 16 69 40 1 1384
1 32 32 44 20 45 2 1385
0 73 48 30 46 32 3 1386
1 66 54 80 57 80 2 1387
0 105 58 20 51 19 3 1388
1 102 47 28 43 38 3 1389
1 38 58 28 43 35 2 1390
0 112 69 45 71 41 3 1391
0 44 60 33 63 33 3 1392
1 68 55 33 47 54 2 1393
0 110 45 63 47 58 3 1394
1 117 52 44 53 48 2 1395
1 137 27 61 29 66 1 1396
1 124 91 39 90 25 2 1397
0 110 57 73 54 75 3 1398
1 39 43 33 41 20 1 1399
0 65 30 37 32 45 3 1400
0 32 78 7 81 5 6 1401
1 32 58 49 54 62 1 1402
0 139 53 41 55 26 3 1403
1 95 69 70 52 75 1 1404
1 130 6 36 6 43 6 1405
0 72 57 38 56 40 6 1406
1 24 12 0 51 2 2 1407
0 7 31 47 29 52 3 1408
0 54 98 18 98 21 3 1409
0 117 83 93 86 93 3 1410
1 6 43 12 39 12 2 1411
0 134 37 4 39 5 3 1412
1 125 57 29 60 24 1 1413
1 73 67 33 66 39 1 1414
1 26 58 47 54 44 3 1415
1 125 45 32 44 30 1 1416
1 53 54 41 53 46 1 1417
1 65 30 59 29 61 1 1418
1 80 52 63 54 66 1 1419
1 79 71 34 69 9 1 1420
0 108 27 60 30 53 3 1421
0 92 64 16 46 17 5 1422
0 1 61 45 60 47 4 1423
0 121 33 44 25 52 3 1424
0 50 51 19 52 17 3 1425
0 1 58 20 43 25 3 1426
1 121 31 42 28 41 4 1427
0 24 62 29 55 31 3 1428
1 14 53 42 51 47 1 1429
1 78 31 49 30 51 2 1430
1 96 26 53 29 46 2 1431
1 55 5 66 6 63 2 1432
1 38 57 38 63 36 2 1433
0 88 45 2 52 1 3 1434
0 19 53 29 55 23 3 1435
0 128 58 23 50 45 6 1436
1 128 87 3 86 5 1 1437
1 133 53 54 53 51 5 1438
0 101 52 47 49 46 3 1439
1 22 42 12 34 11 2 1440
0 82 55 41 65 28 3 1441
1 131 60 23 62 24 2 1442
0 125 59 74 32 78 3 1443
0 116 6 52 6 48 3 1444
0 20 58 14 62 15 3 1445
1 71 88 93 85 93 1 1446
0 29 53 1 50 2 3 1447
1 108 43 53 47 50 2 1448
1 73 59 44 59 32 4 1449
0 73 58 36 61 32 3 1450
0 19 49 20 43 24 3 1451
0 88 67 40 69 44 3 1452
0 107 54 43 50 46 3 1453
0 138 88 4 93 3 3 1454
0 129 33 41 16 44 4 1455
0 69 6 37 6 41 3 1456
1 16 33 43 29 52 5 1457
1 69 38 41 36 42 1 1458
0 36 62 47 67 35 4 1459
1 102 61 47 57 53 6 1460
1 48 53 53 54 45 2 1461
1 48 65 40 69 31 2 1462
1 55 60 16 52 19 2 1463
1 57 49 83 32 78 1 1464
1 69 50 77 56 74 6 1465
0 23 56 29 49 37 3 1466
0 34 57 46 62 40 3 1467
1 79 57 18 63 18 1 1468
1 123 44 2 49 2 1 1469
0 44 42 42 33 43 3 1470
0 91 55 56 52 61 3 1471
1 19 47 31 55 27 5 1472
0 36 36 13 41 13 3 1473
1 84 48 51 48 47 5 1474
0 82 52 50 49 59 3 1475
1 103 98 10 98 18 1 1476
1 44 71 68 72 70 2 1477
0 39 67 34 59 42 3 1478
1 102 54 49 41 43 1 1479
1 23 57 29 56 26 1 1480
1 126 51 47 44 50 3 1481
1 39 52 27 54 34 1 1482
1 80 31 43 30 45 1 1483
1 25 59 26 60 28 2 1484
1 5 55 73 58 75 1 1485
1 121 62 86 67 72 1 1486
1 0 98 20 98 17 1 1487
0 137 63 33 59 21 3 1488
1 85 68 42 59 42 1 1489
1 38 69 42 71 40 1 1490
0 64 43 42 54 49 3 1491
0 39 48 48 46 51 3 1492
1 87 51 64 45 65 2 1493
1 38 62 45 60 50 1 1494
0 108 29 64 28 60 3 1495
0 137 27 58 31 60 3 1496
1 15 73 35 70 33 1 1497
1 88 51 76 47 88 1 1498
0 70 39 58 65 69 3 1499
0 136 61 30 62 58 3 1500
0 47 52 24 52 27 3 1501
1 52 45 2 48 2 1 1502
1 78 54 48 49 53 2 1503
1 45 61 25 59 29 1 1504
0 79 68 43 60 32 3 1505
0 8 54 50 57 40 3 1506
1 88 23 36 13 39 1 1507
1 2 47 50 43 56 2 1508
0 62 72 69 70 71 3 1509
1 57 6 56 6 63 3 1510
0 24 51 60 55 43 3 1511
1 14 53 48 49 61 1 1512
1 117 48 58 45 64 1 1513
0 21 63 32 59 29 3 1514
1 13 68 40 58 44 6 1515
1 73 62 32 57 34 1 1516
0 16 34 45 33 42 3 1517
0 112 68 35 60 30 3 1518
1 21 69 42 68 40 3 1519
0 23 37 3 49 3 3 1520
1 25 68 72 71 74 2 1521
0 80 43 11 33 13 3 1522
1 96 6 54 6 64 1 1523
0 81 56 41 52 47 4 1524
1 26 49 54 46 59 5 1525
1 22 57 35 58 39 1 1526
1 64 32 42 30 46 2 1527
1 60 78 6 81 5 1 1528
0 37 6 58 6 65 3 1529
1 57 56 40 58 44 1 1530
1 61 51 77 58 77 1 1531
1 96 67 42 68 38 1 1532
1 121 6 42 5 38 3 1533
1 85 50 64 48 60 1 1534
1 80 61 41 66 37 1 1535
0 26 67 73 69 72 3 1536
0 21 81 2 87 4 3 1537
0 85 98 11 98 6 3 1538
1 14 47 47 46 53 1 1539
0 30 45 2 26 2 3 1540
1 4 54 75 58 73 1 1541
0 94 30 48 29 52 3 1542
0 0 34 45 31 49 3 1543
0 115 37 43 48 53 3 1544
1 14 53 43 49 59 1 1545
1 57 5 51 5 56 1 1546
1 63 51 46 58 47 1 1547
0 24 71 74 72 69 3 1548
1 98 52 49 52 55 1 1549
1 105 59 17 63 18 1 1550
1 72 57 38 59 43 2 1551
1 94 4 67 5 70 1 1552
1 121 41 34 42 36 5 1553
0 131 60 33 62 34 3 1554
1 31 50 79 55 80 1 1555
0 13 69 37 67 49 3 1556
1 86 60 28 50 28 1 1557
0 113 91 37 92 26 3 1558
0 1 55 39 60 36 4 1559
0 51 20 49 0 40 3 1560
0 38 57 28 58 26 3 1561
1 54 54 2 43 2 1 1562
1 107 37 40 31 39 2 1563
0 92 51 46 55 41 3 1564
1 18 38 61 47 21 2 1565
1 54 55 39 53 42 2 1566
1 94 57 42 55 50 1 1567
0 44 60 39 55 48 3 1568
0 64 56 31 60 24 3 1569
1 18 58 16 56 17 1 1570
0 15 60 22 59 27 3 1571
0 130 53 46 52 43 3 1572
0 42 7 41 5 51 3 1573
0 51 56 22 57 17 3 1574
0 126 6 31 6 53 4 1575
1 52 64 43 66 39 1 1576
1 106 80 5 82 4 1 1577
0 44 59 36 60 32 3 1578
0 64 31 44 32 48 6 1579
0 128 51 47 52 49 3 1580
0 136 57 41 59 35 5 1581
0 44 47 50 45 51 3 1582
0 43 98 13 98 18 5 1583
0 25 5 66 5 69 3 1584
0 124 91 26 92 33 3 1585
1 32 54 36 51 43 1 1586
0 95 69 68 70 71 3 1587
1 46 61 1 56 1 1 1588
0 74 6 32 6 23 3 1589
0 67 61 31 63 37 3 1590
0 43 98 18 98 21 3 1591
1 130 60 62 58 56 6 1592
0 121 70 43 72 36 4 1593
0 33 89 31 91 26 3 1594
0 6 52 19 58 20 3 1595
0 34 58 19 52 19 3 1596
1 108 32 46 31 52 2 1597
1 113 53 34 48 38 1 1598
1 114 49 34 54 28 2 1599
1 133 30 14 58 13 1 1600
0 60 45 21 31 24 3 1601
1 81 60 40 57 40 1 1602
1 117 67 38 71 30 1 1603
0 79 71 38 70 33 3 1604
1 40 56 40 52 47 1 1605
0 141 29 54 33 42 3 1606
0 21 49 79 57 76 3 1607
1 13 80 6 70 6 1 1608
0 63 91 21 90 38 3 1609
0 115 6 65 6 61 3 1610
1 56 51 50 36 63 5 1611
1 17 46 39 55 38 1 1612
1 132 48 79 56 75 1 1613
0 102 79 5 81 6 3 1614
0 97 57 72 55 71 3 1615
1 88 51 43 54 40 1 1616
0 0 68 37 67 34 5 1617
0 26 51 45 47 66 3 1618
0 44 60 37 61 35 6 1619
0 53 55 40 58 39 3 1620
0 53 33 52 32 47 4 1621
0 120 59 54 58 49 3 1622
1 105 62 30 61 28 4 1623
1 134 52 58 51 36 1 1624
0 47 35 38 28 42 3 1625
0 11 48 4 45 3 3 1626
0 142 54 50 56 40 3 1627
1 127 69 76 65 80 5 1628
1 13 67 41 69 37 1 1629
0 27 62 39 50 39 3 1630
1 59 53 46 50 50 1 1631
0 68 61 22 56 26 4 1632
1 42 87 93 89 92 2 1633
0 12 61 1 57 1 3 1634
1 60 50 18 48 21 3 1635
1 115 54 39 51 42 1 1636
1 24 37 42 29 59 1 1637
0 26 62 17 57 17 3 1638
1 108 70 72 69 66 1 1639
0 88 58 39 49 45 3 1640
1 51 45 4 40 3 1 1641
1 45 45 1 43 0 1 1642
1 77 6 22 5 38 1 1643
1 64 29 48 27 49 1 1644
1 112 87 3 85 4 5 1645
0 65 62 27 57 25 3 1646
1 136 52 76 50 79 1 1647
1 107 57 31 59 27 1 1648
0 36 21 57 24 55 3 1649
0 131 61 17 57 18 3 1650
1 3 47 2 52 2 1 1651
0 70 54 53 53 57 4 1652
0 53 45 50 54 44 4 1653
0 60 54 41 60 37 3 1654
0 128 52 21 53 32 5 1655
0 83 59 29 54 27 5 1656
1 142 29 47 23 47 1 1657
0 16 54 41 66 42 5 1658
0 103 59 37 58 42 3 1659
0 68 70 35 67 46 3 1660
1 112 32 49 34 41 1 1661
1 34 59 77 53 74 6 1662
0 105 63 53 65 51 3 1663
0 64 32 46 26 50 3 1664
1 139 61 2 50 1 2 1665
0 37 58 72 56 74 3 1666
0 94 46 2 28 2 4 1667
1 117 55 42 57 46 3 1668
1 112 54 25 51 27 2 1669
1 45 49 77 53 77 3 1670
0 91 64 76 69 75 3 1671
1 8 98 22 98 18 2 1672
1 54 46 2 49 2 3 1673
0 106 91 30 90 36 3 1674
1 18 52 20 46 31 2 1675
1 66 71 39 69 42 1 1676
1 105 91 33 90 38 1 1677
1 66 4 46 2 39 1 1678
0 116 51 61 50 69 3 1679
1 67 5 68 6 61 1 1680
0 135 69 40 63 43 3 1681
0 0 61 32 63 34 3 1682
0 32 70 35 64 32 3 1683
0 127 52 37 53 43 3 1684
0 72 47 60 46 63 3 1685
1 26 49 55 51 51 1 1686
0 72 86 4 84 6 3 1687
1 102 26 25 48 53 2 1688
0 139 61 1 55 2 3 1689
1 112 49 29 52 27 1 1690
0 111 49 79 50 77 3 1691
1 57 71 70 68 73 3 1692
1 81 33 48 30 51 1 1693
0 103 27 42 31 33 3 1694
0 119 68 72 66 74 3 1695
0 76 61 44 51 50 6 1696
1 135 6 69 6 63 6 1697
1 41 57 72 61 71 1 1698
0 51 31 48 27 49 3 1699
1 61 63 31 56 23 1 1700
1 24 39 46 40 43 1 1701
1 13 88 4 93 3 1 1702
0 0 50 53 58 42 5 1703
0 61 56 37 52 41 3 1704
0 98 61 32 59 35 3 1705
0 13 55 80 48 80 3 1706
0 43 90 37 88 31 3 1707
1 56 53 27 51 26 2 1708
0 4 52 61 50 60 3 1709
1 108 6 68 6 65 1 1710
0 56 6 33 5 43 3 1711
1 67 44 41 54 41 1 1712
1 38 51 2 53 1 1 1713
1 42 49 47 32 56 2 1714
1 89 57 80 51 81 3 1715
0 116 60 24 53 34 3 1716
0 125 53 46 49 53 3 1717
1 15 57 2 40 1 1 1718
0 115 57 41 55 40 3 1719
1 96 32 43 27 49 1 1720
0 122 55 80 52 80 3 1721
0 88 54 38 55 40 6 1722
1 97 52 43 57 37 3 1723
1 57 46 4 43 3 1 1724
1 0 59 36 61 37 1 1725
0 68 52 27 51 58 3 1726
0 38 5 69 6 65 3 1727
1 102 55 59 58 62 1 1728
1 84 43 59 45 52 1 1729
1 40 53 42 47 56 2 1730
0 79 54 38 59 37 3 1731
0 79 58 40 56 41 3 1732
0 139 29 29 28 25 3 1733
0 132 60 1 63 1 3 1734
1 81 49 34 53 23 1 1735
0 16 26 51 32 48 5 1736
0 77 30 46 33 36 3 1737
0 128 27 51 31 45 3 1738
0 56 51 46 49 52 5 1739
0 87 57 50 61 41 3 1740
1 41 47 57 47 70 1 1741
1 94 66 44 64 43 1 1742
0 7 31 60 28 58 3 1743
0 0 61 29 64 40 3 1744
1 68 58 30 58 34 1 1745
0 18 38 58 70 65 3 1746
1 15 56 2 58 1 2 1747
1 11 49 49 52 49 1 1748
1 74 52 45 54 43 2 1749
1 63 56 72 30 77 1 1750
1 111 91 19 91 16 1 1751
1 32 34 43 30 42 2 1752
1 64 61 30 63 34 1 1753
1 99 66 93 65 91 5 1754
0 7 7 39 4 57 3 1755
0 68 26 51 27 49 3 1756
1 92 63 1 56 2 3 1757
0 129 45 49 32 57 3 1758
0 76 62 47 61 40 3 1759
0 97 64 44 63 58 3 1760
0 23 60 22 56 32 3 1761
0 36 58 45 59 37 3 1762
1 86 54 41 53 44 1 1763
0 16 71 33 67 33 3 1764
1 18 70 27 73 17 1 1765
1 76 65 75 51 75 3 1766
0 20 58 17 55 18 3 1767
1 16 68 72 65 77 1 1768
1 105 61 25 59 27 1 1769
1 24 50 80 54 80 5 1770
1 130 50 20 49 16 1 1771
0 58 58 42 56 43 3 1772
0 1 58 36 61 32 5 1773
1 120 63 43 57 24 1 1774
0 13 47 52 54 43 3 1775
0 53 54 42 53 40 6 1776
0 79 31 48 30 62 3 1777
1 84 60 47 55 53 1 1778
1 80 46 4 42 4 2 1779
1 112 30 45 25 35 1 1780
1 16 49 45 43 48 1 1781
1 104 60 33 55 39 1 1782
1 48 41 10 36 11 1 1783
0 19 53 40 47 56 3 1784
0 116 62 24 58 33 6 1785
1 28 32 45 44 62 1 1786
1 136 88 94 83 92 2 1787
0 72 57 28 51 35 3 1788
0 17 55 38 57 36 3 1789
1 35 57 43 53 57 1 1790
1 85 17 2 6 2 2 1791
0 111 49 54 51 15 3 1792
0 42 88 93 86 92 3 1793
1 61 61 32 57 40 2 1794
1 132 64 50 62 52 1 1795
1 83 6 37 6 31 1 1796
0 6 69 42 61 58 5 1797
0 25 63 20 57 16 3 1798
1 19 47 45 42 59 1 1799
0 60 43 23 51 20 3 1800
0 28 46 17 47 22 3 1801
0 135 46 58 46 53 3 1802
0 48 61 37 56 38 3 1803
1 4 59 74 55 77 1 1804
0 62 52 29 53 27 3 1805
1 4 47 24 45 34 1 1806
1 17 55 35 52 39 1 1807
0 3 91 37 91 41 3 1808
0 0 44 2 47 3 3 1809
0 23 35 16 61 46 6 1810
1 54 63 44 49 52 1 1811
1 27 54 40 53 42 1 1812
0 0 39 12 36 13 3 1813
1 87 42 59 46 59 6 1814
0 132 69 42 72 41 3 1815
0 119 71 41 70 43 3 1816
1 32 60 45 61 47 1 1817
0 63 69 73 71 68 5 1818
0 2 6 63 6 68 3 1819
0 7 63 34 61 33 3 1820
1 140 47 3 43 2 1 1821
0 99 45 35 43 36 3 1822
0 57 98 9 98 16 3 1823
1 97 56 38 61 34 1 1824
1 9 87 4 83 3 1 1825
0 143 21 19 42 23 3 1826
0 143 98 15 98 21 3 1827
1 65 98 24 98 21 1 1828
1 93 48 3 24 4 1 1829
0 124 60 1 58 2 3 1830
1 113 51 33 58 34 1 1831
0 125 69 69 72 70 3 1832
1 104 55 41 58 39 1 1833
0 105 62 35 63 31 3 1834
1 58 57 76 55 80 1 1835
0 138 49 2 46 2 3 1836
1 89 43 2 49 2 2 1837
0 131 57 18 53 19 3 1838
0 5 37 19 41 19 3 1839
0 58 59 40 54 40 6 1840
1 139 53 48 26 25 5 1841
1 82 65 49 61 59 1 1842
0 86 48 83 54 80 3 1843
0 26 55 45 58 37 5 1844
0 142 48 59 51 55 3 1845
1 40 48 53 59 40 1 1846
1 34 80 5 83 4 4 1847
1 31 48 2 51 2 1 1848
0 12 48 32 40 62 3 1849
1 112 47 31 54 39 4 1850
1 11 57 76 61 74 1 1851
1 119 56 50 57 40 1 1852
1 12 71 70 70 72 2 1853
1 116 58 45 62 35 2 1854
0 13 55 32 58 35 3 1855
1 112 51 21 45 36 1 1856
0 92 69 42 29 27 3 1857
1 130 49 20 41 22 1 1858
1 63 91 34 91 31 5 1859
0 87 60 49 59 45 3 1860
1 121 29 58 30 50 4 1861
0 21 89 93 88 91 3 1862
0 106 50 50 51 48 3 1863
0 75 60 29 48 37 3 1864
0 48 34 44 34 39 3 1865
0 91 59 45 53 45 5 1866
1 96 42 30 41 32 1 1867
1 76 60 53 58 56 6 1868
0 139 61 1 50 1 5 1869
0 140 65 50 67 36 3 1870
0 126 60 2 64 1 3 1871
0 92 38 13 41 10 3 1872
1 106 6 33 6 28 1 1873
1 82 7 48 6 55 1 1874
1 96 73 37 65 43 1 1875
0 97 57 42 57 45 3 1876
0 32 12 8 21 17 3 1877
0 122 56 80 61 79 6 1878
1 143 61 18 58 9 2 1879
1 46 62 37 38 36 1 1880
1 99 59 41 55 50 1 1881
0 137 33 51 27 33 3 1882
1 98 68 35 63 44 1 1883
1 9 58 1 61 1 2 1884
0 102 49 2 44 2 3 1885
1 13 6 65 6 68 3 1886
0 22 46 44 47 41 3 1887
0 10 40 38 38 49 3 1888
0 10 31 14 64 34 5 1889
1 40 44 50 43 55 1 1890
1 63 91 40 91 37 1 1891
1 63 92 23 90 27 5 1892
1 56 49 20 50 18 2 1893
0 89 33 42 18 46 3 1894
1 8 48 37 57 31 1 1895
0 117 66 43 45 41 3 1896
0 49 58 35 54 33 3 1897
1 3 46 3 48 2 4 1898
1 117 77 6 81 5 1 1899
0 129 88 93 86 94 3 1900
0 64 48 29 45 31 3 1901
1 52 50 27 58 26 2 1902
1 48 53 49 48 53 1 1903
1 81 57 20 52 22 4 1904
1 143 76 7 80 6 1 1905
0 63 34 4 44 4 5 1906
1 130 59 38 55 41 1 1907
0 124 66 1 61 1 3 1908
0 74 57 44 52 51 3 1909
0 43 41 4 45 3 3 1910
0 10 39 38 38 41 3 1911
1 96 51 46 55 54 1 1912
1 111 68 74 70 73 1 1913
0 8 67 38 58 41 3 1914
1 143 52 62 42 99 2 1915
1 68 36 16 62 47 3 1916
1 65 78 6 81 3 1 1917
1 94 31 47 28 26 1 1918
1 143 56 63 61 43 1 1919
1 136 57 38 62 31 1 1920
0 0 64 45 62 41 5 1921
0 83 5 53 5 38 6 1922
1 10 63 39 57 49 5 1923
0 60 62 23 61 25 5 1924
0 13 68 41 72 33 3 1925
1 143 45 20 38 20 1 1926
1 15 64 1 55 2 3 1927
1 30 50 57 52 52 1 1928
1 48 16 22 56 33 2 1929
1 126 88 93 86 91 1 1930
1 76 6 30 4 49 6 1931
0 66 38 40 43 33 3 1932
1 45 69 74 73 67 1 1933
0 90 60 27 62 21 3 1934
1 65 30 59 29 65 5 1935
0 99 62 48 53 63 3 1936
1 72 53 77 57 76 1 1937
0 88 54 41 60 38 5 1938
0 45 56 80 50 81 3 1939
0 32 70 36 67 44 5 1940
0 86 6 40 6 35 3 1941
0 106 4 57 4 54 3 1942
1 100 57 25 61 24 2 1943
1 88 70 6 79 6 1 1944
1 143 58 27 56 30 1 1945
0 120 91 28 90 36 3 1946
0 102 59 45 56 53 3 1947
1 47 53 26 50 29 2 1948
0 126 72 36 72 32 3 1949
0 64 36 13 27 12 3 1950
1 120 46 43 51 45 2 1951
1 93 91 32 92 30 1 1952
1 50 47 34 40 44 3 1953
0 121 42 31 45 28 3 1954
0 70 56 52 59 47 4 1955
0 103 53 40 52 49 3 1956
1 94 58 28 60 26 3 1957
0 87 51 54 54 52 5 1958
0 73 3 96 1 95 5 1959
1 120 60 37 58 39 3 1960
0 74 51 50 41 51 3 1961
1 108 67 1 61 2 1 1962
0 80 46 42 47 47 3 1963
0 87 70 73 69 71 3 1964
1 103 62 25 56 31 1 1965
1 10 14 0 26 2 1 1966
0 114 45 62 51 63 3 1967
0 9 47 54 54 39 3 1968
1 102 63 33 56 41 3 1969
0 98 42 73 41 76 3 1970
1 107 27 50 31 47 1 1971
1 108 60 49 61 54 5 1972
1 22 67 40 35 16 1 1973
1 5 58 31 55 35 2 1974
0 128 49 39 53 39 4 1975
0 107 56 33 61 51 3 1976
0 135 58 20 64 16 3 1977
0 26 49 48 61 34 5 1978
0 44 61 22 58 24 3 1979
0 127 69 74 71 72 4 1980
1 127 58 77 57 75 2 1981
1 93 52 2 49 2 1 1982
1 118 54 21 51 22 5 1983
1 42 28 54 25 60 1 1984
1 113 51 32 58 34 1 1985
0 14 68 48 55 63 3 1986
0 90 61 27 58 33 3 1987
0 121 39 39 41 35 3 1988
0 111 42 32 44 34 3 1989
1 40 68 38 62 50 1 1990
1 34 30 57 27 56 1 1991
1 68 50 52 40 48 1 1992
0 17 6 53 6 27 5 1993
1 65 68 40 70 41 1 1994
1 129 41 11 30 13 2 1995
1 143 44 23 52 20 1 1996
0 71 86 94 81 93 3 1997
0 77 78 6 81 6 3 1998
1 139 68 34 65 39 2 1999
