0 20 65 15 49 23 3 0
1 82 61 46 49 53 1 1
0 20 69 44 69 40 4 2
1 130 62 41 59 41 3 3
0 128 55 37 54 39 3 4
0 72 53 59 51 53 3 5
1 78 60 51 66 45 4 6
0 131 59 3 82 1 3 7
0 48 92 29 91 34 4 8
1 116 61 49 54 59 1 9
0 59 61 44 64 46 3 10
0 101 38 43 40 44 3 11
0 2 34 44 29 61 3 12
0 133 53 16 57 18 3 13
1 110 5 39 6 33 1 14
1 11 54 51 52 55 1 15
1 138 6 54 6 44 1 16
0 115 30 57 32 55 3 17
0 117 68 35 56 27 3 18
1 67 42 67 50 70 1 19
0 110 61 49 59 63 3 20
0 60 48 3 43 4 3 21
1 5 56 60 54 57 1 22
1 86 63 36 59 36 2 23
1 94 32 48 31 51 5 24
1 46 54 70 51 69 1 25
0 123 87 4 85 5 3 26
1 122 5 68 6 65 2 27
0 56 51 54 45 14 3 28
1 119 68 39 64 45 1 29
0 25 52 48 53 44 3 30
1 67 33 41 30 47 3 31
0 103 49 19 46 20 3 32
0 88 61 43 54 37 3 33
0 76 6 48 6 42 5 34
1 120 48 3 46 4 1 35
1 59 42 2 46 2 1 36
0 142 6 30 6 12 3 37
0 68 54 53 47 64 3 38
1 16 33 41 31 40 1 39
1 14 49 48 41 31 1 40
1 102 48 19 45 20 1 41
0 27 56 18 57 20 3 42
0 35 71 39 70 41 3 43
1 53 73 30 62 54 3 44
1 62 56 2 53 3 2 45
0 24 30 54 31 50 3 46
0 76 43 30 41 34 3 47
1 53 53 34 58 34 1 48
0 108 31 49 34 44 3 49
0 12 31 45 27 51 3 50
1 39 51 47 41 33 1 51
0 57 98 22 98 17 3 52
0 4 53 24 49 29 4 53
1 86 57 22 57 25 1 54
1 123 54 80 50 79 1 55
1 124 65 51 68 41 5 56
1 72 82 97 86 94 2 57
0 75 58 36 44 40 6 58
1 122 32 46 27 43 2 59
1 96 28 50 31 49 1 60
1 67 53 43 49 52 1 61
1 69 70 6 78 6 2 62
0 39 68 39 64 52 3 63
1 0 69 69 67 63 1 64
0 87 69 34 63 44 3 65
0 110 42 31 35 44 3 66
0 112 46 31 47 34 3 67
1 108 32 49 26 75 2 68
1 114 68 68 73 67 1 69
0 27 51 45 48 54 3 70
0 35 51 80 55 80 3 71
1 104 91 32 90 39 2 72
1 32 34 44 32 37 6 73
0 18 60 32 62 34 3 74
1 141 55 48 52 41 1 75
1 66 37 57 22 20 1 76
0 3 5 50 6 54 3 77
1 98 57 57 58 55 2 78
1 56 51 41 50 43 1 79
1 44 60 31 57 25 3 80
0 24 50 52 54 45 4 81
1 122 86 92 84 94 2 82
0 20 31 43 30 45 3 83
0 82 49 53 54 39 6 84
1 111 53 47 53 43 4 85
0 92 27 58 28 60 3 86
0 121 39 12 31 7 3 87
0 77 60 28 57 33 3 88
0 19 31 59 31 48 3 89
0 24 6 35 5 45 3 90
0 44 60 49 55 55 3 91
0 97 55 27 45 34 3 92
0 48 34 39 27 49 3 93
0 94 56 74 52 78 4 94
1 76 68 37 66 47 1 95
1 4 31 51 30 59 1 96
0 88 56 63 61 46 3 97
0 11 98 17 98 24 3 98
0 64 28 49 30 43 3 99
0 66 60 19 56 19 4 100
1 26 68 37 70 33 5 101
0 21 61 42 59 47 3 102
0 71 89 92 86 91 3 103
1 129 46 51 47 56 1 104
0 48 22 48 28 53 3 105
1 126 47 31 50 27 2 106
1 130 53 49 46 65 2 107
0 81 60 51 55 52 3 108
0 56 46 54 47 49 3 109
1 46 50 20 45 21 2 110
0 16 61 17 60 19 3 111
1 121 38 41 38 38 6 112
0 90 42 30 45 31 3 113
1 107 56 48 51 47 1 114
0 57 43 36 41 37 3 115
1 8 46 59 44 63 1 116
1 121 72 71 68 77 5 117
1 10 54 76 56 75 3 118
1 73 65 28 58 34 1 119
1 38 58 47 57 42 3 120
1 18 53 58 45 51 1 121
1 60 52 62 49 66 1 122
0 87 6 37 5 39 3 123
0 130 53 59 54 55 5 124
0 92 49 3 27 3 3 125
0 97 55 23 52 24 6 126
1 113 52 44 49 51 1 127
0 82 54 44 49 44 3 128
1 133 31 47 32 51 1 129
1 130 62 26 57 30 5 130
1 38 63 22 60 19 1 131
0 127 6 38 6 32 3 132
1 48 58 42 53 44 2 133
1 64 55 44 53 42 5 134
1 1 53 57 45 61 1 135
1 132 73 36 70 34 1 136
0 76 62 46 61 50 3 137
1 91 49 49 54 41 1 138
0 90 52 47 53 45 3 139
1 77 61 28 54 20 1 140
0 11 49 67 46 63 3 141
1 51 30 61 27 70 2 142
0 107 41 44 41 35 3 143
1 133 54 52 48 65 3 144
1 53 70 73 67 76 4 145
1 133 55 45 53 48 1 146
0 18 87 3 85 4 3 147
1 27 55 42 53 41 4 148
0 4 46 59 31 55 3 149
0 129 49 2 42 2 3 150
0 50 54 38 53 40 3 151
0 50 54 27 50 28 3 152
0 92 49 36 54 49 3 153
0 133 45 70 49 55 5 154
0 139 58 25 54 34 3 155
1 43 55 38 49 28 6 156
1 124 57 1 60 1 2 157
1 28 41 12 43 11 2 158
1 73 62 34 59 34 1 159
1 17 41 3 46 2 3 160
0 39 55 39 54 44 3 161
1 6 64 93 62 97 2 162
1 19 55 24 44 41 1 163
1 22 51 51 50 55 1 164
1 91 23 45 33 43 2 165
0 53 41 19 39 17 5 166
1 66 54 16 45 24 1 167
0 120 81 6 62 2 3 168
0 36 68 43 69 38 3 169
1 14 59 37 64 30 1 170
1 45 91 39 92 33 4 171
1 31 53 48 47 60 1 172
0 80 27 60 32 48 3 173
1 84 45 63 48 66 1 174
0 0 71 39 68 35 3 175
1 65 65 50 63 22 1 176
1 123 65 16 58 18 2 177
1 28 98 19 98 30 1 178
0 75 58 38 89 24 5 179
0 53 49 57 52 49 3 180
1 137 32 46 31 49 1 181
0 102 45 19 51 19 3 182
0 117 50 54 59 43 3 183
0 104 51 44 48 43 3 184
1 101 46 53 46 58 1 185
0 11 32 4 38 4 3 186
1 126 60 71 58 75 1 187
1 41 73 36 68 36 1 188
0 123 53 2 46 2 5 189
0 5 45 20 44 23 5 190
0 23 55 36 54 39 3 191
1 115 98 13 98 16 1 192
0 51 63 70 52 75 3 193
1 38 60 30 60 25 1 194
1 128 38 13 33 13 5 195
0 107 56 37 60 35 3 196
0 1 65 92 74 91 3 197
0 55 57 43 52 46 3 198
0 50 60 51 62 47 3 199
0 128 61 21 59 25 3 200
0 3 64 28 63 30 3 201
1 128 59 27 55 33 1 202
1 22 31 52 34 42 1 203
1 38 52 34 49 39 1 204
1 40 42 3 39 3 1 205
1 15 51 28 54 50 1 206
0 55 46 4 30 4 3 207
0 76 59 47 62 40 3 208
1 7 63 22 46 34 5 209
0 23 50 19 46 17 3 210
0 43 50 49 48 46 3 211
1 92 49 22 54 18 1 212
0 39 55 50 48 48 3 213
1 45 31 52 33 41 4 214
0 28 56 76 55 79 3 215
1 22 57 45 56 39 1 216
1 53 68 37 52 54 1 217
1 24 37 41 39 40 1 218
0 90 51 80 47 80 3 219
1 136 7 47 7 44 2 220
1 66 54 19 66 16 5 221
0 13 53 52 47 51 3 222
1 96 7 47 5 57 1 223
0 79 27 59 30 62 3 224
1 50 40 65 42 60 1 225
1 52 40 44 41 31 1 226
0 2 47 40 46 53 3 227
0 14 52 50 43 51 6 228
0 98 59 56 63 49 3 229
0 100 30 50 28 54 3 230
0 83 98 19 98 15 3 231
0 73 59 44 61 42 5 232
0 79 53 32 56 23 3 233
0 19 92 27 91 31 3 234
1 120 56 41 55 46 1 235
0 103 64 20 57 36 3 236
0 35 88 92 86 95 3 237
0 130 43 40 54 51 3 238
0 37 67 42 59 42 3 239
1 87 50 55 52 53 6 240
0 34 32 13 27 12 3 241
1 143 48 52 53 50 2 242
1 72 47 41 47 50 1 243
0 46 56 80 50 81 3 244
0 21 64 45 62 47 3 245
1 73 59 35 57 48 2 246
1 53 53 42 49 52 1 247
0 10 62 46 64 51 3 248
1 136 43 11 42 13 1 249
0 141 61 50 55 54 3 250
0 56 51 80 44 80 5 251
0 90 64 31 63 22 3 252
1 95 59 24 54 21 2 253
0 18 54 45 53 43 3 254
0 69 37 4 42 3 3 255
0 59 43 57 46 46 3 256
0 72 55 44 52 41 3 257
1 141 65 34 57 40 1 258
0 46 30 14 55 40 5 259
1 116 60 28 59 41 2 260
1 23 88 93 86 95 1 261
0 79 31 47 31 58 3 262
0 0 98 22 98 19 3 263
0 90 56 52 59 56 4 264
1 61 85 4 87 3 1 265
0 142 92 27 91 31 3 266
0 3 90 41 91 45 4 267
1 43 39 41 36 45 5 268
0 38 61 22 61 18 3 269
0 124 58 47 64 32 3 270
0 4 47 54 40 48 3 271
0 130 45 57 48 60 3 272
0 18 56 30 54 68 3 273
1 97 52 48 54 39 1 274
0 65 62 44 67 44 6 275
0 12 59 15 60 30 3 276
1 95 51 2 44 2 2 277
0 65 45 44 20 39 3 278
0 66 6 43 5 41 3 279
0 28 53 47 54 49 3 280
1 48 58 34 50 38 5 281
1 24 54 80 50 81 5 282
1 109 52 76 58 76 2 283
1 133 53 81 59 80 3 284
0 97 52 55 53 52 3 285
0 4 49 29 50 31 3 286
1 58 90 46 90 39 1 287
0 143 32 15 62 35 3 288
0 14 43 66 45 61 3 289
1 140 51 75 66 74 2 290
1 4 53 48 51 56 1 291
0 34 54 76 61 73 3 292
1 128 24 53 25 38 6 293
1 136 60 32 33 42 1 294
0 110 47 36 45 51 3 295
1 1 60 18 57 18 2 296
0 77 60 26 64 21 5 297
1 10 42 39 41 42 3 298
0 3 40 34 43 35 3 299
1 46 32 78 55 67 1 300
1 121 6 52 6 44 1 301
0 104 56 43 52 40 3 302
1 25 49 68 47 70 1 303
0 23 53 38 54 32 3 304
0 96 77 6 81 6 3 305
0 0 29 46 32 43 3 306
1 22 30 49 31 51 3 307
1 32 59 43 58 39 1 308
0 118 59 23 55 31 3 309
0 47 59 56 57 49 3 310
1 52 41 36 38 39 1 311
0 27 49 21 52 22 3 312
0 69 71 68 69 73 3 313
0 48 54 45 56 38 3 314
0 116 60 29 58 31 3 315
0 78 91 37 91 32 3 316
1 65 63 43 61 46 5 317
0 83 60 29 60 33 4 318
1 86 98 20 98 17 1 319
0 1 67 93 64 93 3 320
0 5 49 81 43 76 3 321
1 23 51 37 53 34 5 322
0 16 28 41 26 40 5 323
1 0 67 38 57 43 1 324
1 92 68 35 57 66 1 325
1 111 60 2 55 2 1 326
0 112 56 44 59 35 3 327
1 0 59 26 61 13 1 328
0 96 49 60 53 50 3 329
0 66 67 48 68 46 3 330
1 131 26 19 56 20 1 331
1 86 44 4 30 4 1 332
1 67 59 19 61 17 1 333
0 38 41 34 42 31 3 334
0 9 54 47 48 56 3 335
0 130 42 2 49 2 3 336
1 116 66 93 62 93 1 337
0 117 65 33 61 43 3 338
0 16 70 36 69 39 3 339
0 82 52 52 45 63 3 340
1 77 61 19 63 18 1 341
1 121 63 49 64 33 1 342
1 14 30 39 38 44 2 343
0 130 49 51 51 46 3 344
0 72 47 71 49 60 3 345
1 141 64 37 54 57 1 346
1 73 43 11 53 8 4 347
1 9 82 3 86 4 1 348
0 125 60 1 64 1 3 349
0 29 55 80 52 80 4 350
1 138 47 4 32 5 6 351
0 58 58 38 62 38 3 352
0 57 86 95 88 94 5 353
1 52 56 60 50 65 1 354
1 13 98 12 98 16 2 355
1 47 49 60 42 64 4 356
1 135 48 42 45 62 2 357
1 28 48 21 45 22 1 358
0 92 32 47 31 59 3 359
0 97 44 48 40 43 3 360
0 130 82 6 80 3 6 361
1 58 45 20 52 17 1 362
0 58 42 3 38 5 3 363
0 82 52 50 48 53 3 364
0 121 41 44 45 33 3 365
1 79 77 6 70 6 2 366
1 48 31 50 29 48 1 367
0 112 30 51 32 48 3 368
1 6 42 26 40 21 1 369
0 46 56 54 54 55 3 370
1 102 53 44 57 38 1 371
1 126 51 48 58 38 1 372
0 58 55 78 56 75 3 373
1 54 42 4 32 4 2 374
1 140 69 74 70 72 1 375
1 16 35 14 38 13 2 376
1 102 56 75 42 85 1 377
0 80 69 33 67 40 3 378
0 87 45 56 48 47 3 379
1 76 51 52 52 50 4 380
1 39 54 51 48 45 5 381
0 1 61 35 60 41 4 382
1 52 61 32 43 65 3 383
1 3 52 2 47 2 1 384
0 58 63 36 60 41 3 385
1 91 48 68 45 62 2 386
1 88 61 2 80 6 1 387
1 56 55 2 58 1 3 388
0 56 44 52 45 49 3 389
0 138 68 33 64 19 3 390
1 113 53 39 55 35 1 391
1 119 61 34 60 28 1 392
0 6 65 76 69 75 3 393
0 32 52 48 54 47 3 394
0 63 56 79 59 67 3 395
0 115 52 25 55 27 3 396
0 18 61 52 60 55 3 397
1 5 45 45 39 62 2 398
0 93 56 21 55 25 3 399
0 10 44 54 22 19 3 400
1 143 35 40 33 46 2 401
1 7 50 53 53 53 1 402
0 112 30 36 31 43 5 403
0 60 59 48 51 63 3 404
1 136 48 4 45 4 1 405
0 112 49 37 53 32 3 406
1 22 53 42 44 46 1 407
0 121 97 5 99 4 3 408
1 7 6 42 6 45 1 409
1 52 37 16 50 46 2 410
0 82 53 44 55 39 3 411
0 16 44 10 42 12 5 412
0 84 57 20 63 16 3 413
1 9 86 2 85 4 5 414
1 83 58 33 56 36 1 415
1 133 41 12 39 14 1 416
1 29 62 30 65 35 1 417
0 59 92 34 91 27 3 418
1 133 50 54 52 55 4 419
0 63 46 4 30 4 3 420
0 58 60 34 63 34 3 421
1 73 48 27 60 32 6 422
0 24 49 49 58 44 3 423
0 79 68 42 72 31 3 424
0 113 56 27 59 27 3 425
0 109 5 71 3 69 3 426
0 88 60 40 56 41 3 427
0 12 40 39 37 45 3 428
1 64 98 24 98 28 3 429
0 120 52 41 55 42 3 430
0 5 44 4 19 3 5 431
0 135 48 52 51 49 3 432
1 102 84 4 88 3 5 433
1 95 91 29 92 32 1 434
0 97 80 6 78 7 3 435
1 4 62 23 63 21 1 436
0 38 53 40 55 41 3 437
1 60 6 33 5 37 1 438
1 62 61 34 49 45 1 439
1 80 41 11 39 13 2 440
1 104 45 46 46 52 1 441
1 54 64 31 54 42 1 442
0 53 51 49 53 43 3 443
0 117 51 55 52 51 6 444
0 96 52 44 77 34 3 445
0 137 53 57 57 46 3 446
0 99 43 18 41 95 3 447
1 143 32 53 31 50 1 448
0 3 91 42 91 38 3 449
0 102 56 64 55 49 3 450
1 25 61 49 57 44 2 451
0 53 48 55 49 52 3 452
1 94 51 49 57 57 1 453
1 116 64 44 65 41 6 454
1 97 59 38 58 40 1 455
1 19 54 47 47 64 1 456
0 51 54 58 56 50 3 457
0 124 55 42 53 47 3 458
0 74 45 2 50 2 3 459
0 2 91 31 91 28 3 460
0 31 54 40 54 25 4 461
1 10 26 37 33 36 3 462
1 47 29 55 32 50 2 463
0 130 59 55 55 54 6 464
0 7 6 57 6 61 3 465
0 104 53 58 49 58 3 466
1 143 44 11 41 11 1 467
0 101 43 57 43 70 3 468
1 138 45 38 41 42 2 469
0 116 52 16 49 30 5 470
0 8 87 4 84 5 3 471
0 53 56 28 60 29 3 472
0 92 57 46 54 48 3 473
0 121 6 33 6 44 3 474
0 62 55 42 52 44 3 475
1 52 49 46 47 48 1 476
1 28 62 33 66 47 1 477
1 3 91 25 92 29 1 478
0 114 54 44 58 46 3 479
0 32 53 36 59 29 3 480
0 15 55 52 61 45 3 481
1 70 44 11 40 13 1 482
0 140 58 43 50 47 3 483
1 119 71 43 70 33 1 484
1 32 55 36 53 38 5 485
1 57 62 42 61 30 2 486
1 94 60 53 60 50 1 487
0 24 43 36 42 30 3 488
1 92 47 2 40 3 1 489
1 112 57 39 55 40 5 490
0 26 52 58 47 64 3 491
1 109 46 54 22 20 3 492
0 139 30 47 31 52 3 493
0 43 61 31 55 40 3 494
0 24 33 43 28 54 3 495
0 14 91 39 90 45 3 496
1 26 30 45 27 49 1 497
0 143 46 31 52 31 3 498
0 102 6 37 6 34 3 499
1 14 54 16 63 17 1 500
1 10 50 23 47 23 1 501
1 94 31 13 28 12 2 502
1 122 61 31 55 17 3 503
1 118 45 4 40 4 1 504
0 11 53 55 51 49 3 505
1 141 28 64 23 56 1 506
1 4 49 67 44 66 2 507
0 128 58 29 99 0 3 508
1 24 54 40 38 51 1 509
0 28 86 95 84 93 5 510
0 32 34 45 35 40 3 511
0 99 50 31 46 31 3 512
1 78 53 68 56 58 2 513
1 102 39 58 38 52 1 514
0 125 6 42 5 48 3 515
1 97 42 53 50 54 1 516
1 121 70 36 43 62 1 517
1 125 69 73 73 67 2 518
1 57 88 93 86 95 2 519
0 105 50 20 44 22 3 520
1 117 45 54 45 45 6 521
0 119 59 38 57 37 3 522
1 73 59 36 57 39 5 523
0 97 87 4 84 3 3 524
0 51 46 47 47 50 3 525
0 20 73 32 65 53 3 526
0 80 57 80 52 80 3 527
1 37 81 6 82 4 1 528
0 46 58 1 62 1 5 529
0 13 6 66 5 68 5 530
0 60 56 61 56 64 3 531
1 90 59 30 57 37 5 532
0 117 52 47 51 53 3 533
0 56 44 18 54 44 3 534
0 75 87 94 88 92 3 535
0 113 55 29 58 25 3 536
0 10 70 35 67 42 3 537
1 121 44 33 43 36 1 538
0 38 52 52 50 57 6 539
0 68 68 36 63 41 3 540
0 141 55 39 62 31 3 541
0 47 25 53 29 52 3 542
0 32 40 11 31 13 6 543
1 12 56 52 56 48 1 544
0 135 47 2 50 2 3 545
0 85 27 25 51 32 3 546
1 53 41 31 23 32 2 547
1 9 67 72 64 75 1 548
1 9 62 36 58 37 2 549
1 137 41 2 45 2 1 550
0 67 47 20 50 19 3 551
0 65 60 38 52 69 4 552
1 97 48 29 36 28 1 553
0 54 7 40 6 46 3 554
1 101 55 46 51 55 1 555
0 97 48 55 45 52 3 556
0 46 61 41 19 51 3 557
1 125 55 39 61 32 1 558
1 136 86 94 85 96 3 559
0 128 52 24 55 26 3 560
0 129 87 93 84 94 3 561
1 115 52 57 50 55 1 562
0 60 6 64 5 71 3 563
0 33 91 35 91 30 3 564
0 130 67 35 61 48 3 565
1 5 51 63 58 54 1 566
1 72 37 13 35 15 2 567
1 4 78 6 81 5 1 568
0 75 55 72 60 73 3 569
1 53 50 43 54 57 1 570
1 134 47 2 43 3 1 571
1 126 90 23 86 49 1 572
1 48 32 50 32 53 1 573
1 123 56 41 52 52 2 574
1 51 56 76 63 69 3 575
0 7 60 38 61 36 3 576
1 55 41 34 43 31 1 577
1 51 98 15 98 22 1 578
0 65 57 37 56 43 3 579
1 48 43 18 49 34 1 580
1 83 56 30 56 34 4 581
0 117 33 50 31 47 3 582
0 129 61 49 59 45 3 583
1 16 30 46 27 50 1 584
1 74 30 45 29 53 2 585
1 111 49 39 54 39 3 586
1 56 67 35 62 48 5 587
0 1 56 42 57 39 3 588
1 99 61 27 59 26 1 589
1 53 50 37 42 35 1 590
1 128 56 31 54 32 4 591
0 76 57 25 57 31 3 592
0 101 47 3 43 2 3 593
1 126 60 30 63 29 1 594
1 77 60 15 60 23 1 595
1 93 44 34 46 31 1 596
1 61 91 29 91 37 1 597
0 57 57 38 62 35 3 598
0 0 33 47 33 44 3 599
0 95 70 35 67 33 3 600
1 122 56 64 53 62 1 601
1 42 91 31 92 21 1 602
1 52 42 36 40 44 2 603
0 104 66 26 67 28 3 604
0 57 50 78 53 74 3 605
0 26 55 41 47 60 3 606
0 119 61 44 60 32 3 607
1 11 57 78 32 78 1 608
1 8 3 96 1 95 2 609
0 69 60 34 58 40 3 610
1 10 63 33 64 27 2 611
0 79 89 93 87 95 3 612
0 20 91 36 90 38 3 613
1 96 51 45 53 46 1 614
0 26 45 37 50 49 3 615
0 31 58 2 65 1 3 616
0 125 6 57 9 0 3 617
0 19 54 59 54 56 3 618
0 92 69 40 58 45 3 619
1 22 52 54 51 49 2 620
0 57 98 17 98 24 4 621
0 18 91 32 91 17 4 622
1 58 48 3 39 5 2 623
1 14 98 17 98 25 1 624
1 73 39 56 45 52 5 625
1 70 71 69 73 66 1 626
1 39 57 42 58 37 1 627
0 57 57 58 56 50 3 628
0 13 70 36 68 35 3 629
1 111 57 44 57 35 1 630
0 128 29 48 28 50 5 631
0 102 60 34 57 24 5 632
1 39 50 38 47 35 2 633
0 93 58 2 37 1 3 634
0 74 57 53 59 56 3 635
0 32 53 46 55 42 3 636
1 102 46 19 39 19 2 637
0 79 51 2 45 2 3 638
1 32 41 12 38 13 1 639
0 113 53 32 50 35 5 640
1 125 59 26 62 25 1 641
0 43 60 48 61 45 3 642
1 61 91 30 92 16 2 643
1 91 53 80 56 80 1 644
1 67 53 51 52 47 1 645
1 74 47 3 36 4 1 646
1 14 98 21 98 17 1 647
0 26 52 47 43 64 3 648
1 130 6 33 6 41 1 649
1 128 63 45 67 39 1 650
1 56 47 56 51 48 2 651
0 74 51 49 55 47 3 652
1 46 58 48 56 50 4 653
1 116 55 26 54 24 4 654
1 123 28 53 32 55 3 655
1 72 63 42 62 24 1 656
0 130 70 6 66 6 3 657
0 94 32 47 31 45 5 658
1 101 57 43 50 44 2 659
0 54 66 93 60 93 3 660
0 37 6 53 7 37 3 661
0 46 67 1 61 1 3 662
0 109 50 48 53 43 3 663
1 25 33 50 33 44 1 664
1 109 66 42 60 44 1 665
0 34 57 77 58 75 3 666
1 141 6 26 6 40 1 667
0 125 55 45 50 57 3 668
1 141 98 26 98 20 1 669
0 63 37 4 41 3 4 670
1 68 61 29 50 25 3 671
0 40 44 3 46 4 3 672
1 72 43 21 47 21 2 673
1 135 54 48 51 44 1 674
1 19 54 40 55 38 1 675
1 137 33 48 27 68 1 676
0 22 98 30 98 21 3 677
0 39 53 53 56 49 3 678
0 117 53 54 52 47 3 679
1 52 64 49 70 35 1 680
0 124 50 64 44 62 3 681
0 24 51 80 41 80 5 682
1 89 87 3 82 3 3 683
1 31 52 45 43 46 1 684
1 63 50 77 48 79 1 685
0 82 51 75 64 79 3 686
1 106 29 54 27 58 2 687
0 127 66 41 61 32 6 688
0 83 5 39 6 34 3 689
0 92 50 34 37 28 3 690
0 112 64 37 60 33 4 691
0 72 49 54 51 50 3 692
1 65 68 41 67 49 1 693
0 94 31 44 30 33 3 694
0 38 55 43 52 44 3 695
1 6 59 25 61 24 1 696
1 43 51 52 26 25 3 697
0 58 47 3 50 3 3 698
1 125 61 45 63 44 1 699
1 72 98 18 98 22 1 700
1 117 59 33 61 30 1 701
0 19 71 38 52 42 6 702
1 48 57 35 55 9 1 703
1 68 67 39 64 50 1 704
0 7 61 35 57 39 3 705
0 78 91 31 91 28 3 706
0 89 87 4 93 3 3 707
0 73 65 94 67 92 3 708
1 98 59 29 57 30 2 709
0 16 67 40 63 45 3 710
0 93 63 70 56 71 3 711
1 29 59 35 60 39 1 712
1 11 51 50 51 55 1 713
1 44 58 38 60 36 1 714
1 41 49 60 48 56 1 715
0 138 46 3 44 4 3 716
1 110 73 39 70 44 2 717
0 47 53 81 47 80 4 718
1 140 30 50 28 58 2 719
0 107 46 57 44 54 3 720
0 8 56 80 52 80 3 721
0 65 56 42 51 55 3 722
1 66 66 41 54 44 1 723
0 108 13 50 15 48 3 724
1 9 34 39 32 42 2 725
1 57 3 96 1 95 2 726
1 111 53 31 47 28 4 727
0 78 78 6 81 0 3 728
0 124 91 40 90 38 3 729
0 26 50 61 52 59 3 730
1 38 41 33 47 32 1 731
0 11 44 4 48 3 6 732
0 115 58 51 56 54 3 733
0 53 51 23 57 19 3 734
0 15 50 54 55 52 3 735
0 87 64 16 58 14 3 736
0 142 60 16 56 18 3 737
1 64 34 45 33 41 1 738
1 17 60 31 51 32 1 739
1 81 43 3 48 2 1 740
1 104 51 29 47 34 2 741
1 100 55 43 49 55 2 742
1 106 52 82 50 83 1 743
0 22 64 43 58 43 3 744
0 22 48 2 53 1 3 745
1 24 52 62 60 53 2 746
1 16 43 40 46 40 1 747
0 132 59 37 57 43 3 748
1 130 6 28 5 36 1 749
0 115 33 48 27 60 3 750
0 112 41 10 39 9 3 751
0 67 48 2 42 3 3 752
0 28 66 94 67 92 3 753
0 66 7 40 7 47 3 754
1 54 70 40 67 41 1 755
0 72 60 19 45 11 3 756
0 36 62 42 49 37 3 757
1 119 53 46 50 49 1 758
0 122 5 69 4 73 5 759
0 23 61 34 65 29 3 760
0 138 68 73 70 72 3 761
1 19 48 34 51 28 1 762
0 16 70 30 67 33 6 763
1 19 6 56 6 61 1 764
0 0 31 45 30 48 5 765
0 128 24 60 26 58 3 766
1 44 91 40 90 36 3 767
1 13 56 40 57 47 5 768
0 5 51 46 56 61 3 769
1 32 53 58 51 60 1 770
0 25 54 25 52 29 3 771
0 138 53 57 54 53 3 772
1 31 59 73 55 73 1 773
0 25 60 18 65 15 3 774
1 143 47 21 26 19 1 775
0 119 65 32 69 24 3 776
1 110 44 44 48 36 1 777
1 32 52 43 55 16 1 778
1 130 47 64 52 69 4 779
1 45 56 80 50 81 1 780
0 116 72 72 40 57 3 781
0 17 53 1 48 2 5 782
1 42 28 25 38 65 1 783
1 55 60 27 47 27 1 784
0 132 60 76 53 82 6 785
0 54 45 19 50 16 3 786
0 56 10 23 53 50 3 787
1 10 46 60 50 44 1 788
1 112 43 54 46 50 1 789
0 29 65 44 69 36 3 790
0 117 57 2 60 1 3 791
0 60 45 21 50 20 3 792
1 139 60 1 56 2 2 793
0 66 59 17 54 20 3 794
1 66 81 6 78 6 2 795
1 57 55 77 57 75 2 796
1 22 57 62 54 55 1 797
0 72 98 23 98 17 3 798
0 38 49 63 49 59 3 799
1 66 45 32 52 24 1 800
0 139 56 54 60 46 3 801
0 122 6 49 5 63 3 802
0 0 6 53 7 44 3 803
1 8 98 18 98 12 1 804
0 68 65 30 58 33 3 805
1 127 47 47 53 47 2 806
0 61 45 2 49 2 4 807
0 123 57 49 90 38 3 808
1 116 47 60 45 57 1 809
1 47 50 38 33 57 1 810
0 37 55 80 52 80 3 811
1 90 6 65 5 70 3 812
1 91 49 49 59 45 3 813
0 54 32 52 36 49 3 814
0 77 60 51 56 53 3 815
0 137 51 46 52 52 3 816
1 130 51 2 42 3 3 817
0 16 36 13 39 14 3 818
1 101 40 48 46 41 6 819
1 118 55 38 59 36 1 820
1 143 53 18 49 19 6 821
1 137 98 24 98 18 1 822
1 0 51 63 48 66 1 823
1 88 45 21 51 19 2 824
0 44 54 60 40 63 3 825
1 10 52 2 47 2 1 826
1 30 31 42 28 41 2 827
1 143 48 69 49 65 1 828
1 133 62 28 53 21 1 829
0 100 88 93 82 93 3 830
1 137 55 41 54 45 5 831
0 143 53 44 58 49 3 832
1 15 56 52 51 63 1 833
1 121 68 40 65 41 1 834
1 34 44 77 56 78 1 835
0 115 92 27 91 30 3 836
1 124 61 1 55 2 1 837
0 142 88 92 85 92 3 838
0 87 55 47 46 31 3 839
1 78 50 2 48 1 1 840
0 143 98 15 98 22 3 841
0 125 6 46 7 39 3 842
0 2 55 30 53 43 3 843
1 91 53 41 54 39 1 844
0 127 62 51 60 47 3 845
0 66 55 45 53 43 3 846
1 73 79 5 82 6 1 847
0 111 52 80 48 80 3 848
0 135 37 25 35 26 3 849
1 123 52 52 48 52 1 850
1 0 55 42 56 39 1 851
1 86 46 4 29 3 2 852
1 65 57 49 56 59 1 853
0 108 61 1 46 1 3 854
0 63 90 39 91 34 3 855
0 75 50 44 52 41 3 856
1 46 51 2 48 2 1 857
0 7 60 22 62 24 3 858
0 15 64 1 60 1 5 859
0 129 51 19 61 16 3 860
0 0 61 46 54 57 3 861
1 13 5 68 6 66 1 862
0 122 49 48 53 49 3 863
0 66 70 34 68 36 3 864
0 134 29 48 27 49 3 865
0 96 6 54 2 19 5 866
0 84 81 2 79 4 4 867
1 88 31 43 32 38 5 868
1 121 59 19 34 16 1 869
0 107 63 42 61 39 3 870
1 128 59 24 62 20 1 871
1 62 26 25 49 49 4 872
0 48 92 29 91 32 4 873
1 0 57 37 65 40 1 874
1 33 62 40 61 28 2 875
0 130 55 40 62 38 3 876
1 51 57 78 50 78 1 877
1 15 62 1 59 1 2 878
0 11 29 40 17 35 4 879
1 24 55 49 50 60 3 880
0 87 56 37 54 54 3 881
0 19 71 73 68 72 6 882
1 44 39 12 31 13 1 883
1 76 6 36 4 32 2 884
0 43 48 54 50 49 6 885
0 87 51 60 53 54 5 886
1 87 53 80 54 75 1 887
0 92 68 37 68 40 3 888
0 38 57 20 51 19 3 889
0 137 65 52 61 55 5 890
0 103 42 58 43 54 3 891
1 59 6 40 6 43 1 892
0 52 42 3 46 3 3 893
1 13 49 49 52 47 1 894
1 89 88 94 84 94 2 895
1 139 6 30 6 25 3 896
0 52 42 19 42 22 3 897
0 143 41 11 36 13 3 898
1 117 60 40 57 47 2 899
0 68 67 40 66 34 3 900
0 103 29 62 32 56 3 901
0 27 7 40 6 57 3 902
0 135 47 51 22 20 3 903
1 76 67 41 49 45 1 904
1 8 55 50 60 55 3 905
1 93 38 35 41 21 1 906
0 34 37 4 31 3 5 907
0 93 58 4 46 7 5 908
0 11 58 43 53 45 3 909
0 29 52 32 58 30 3 910
1 76 56 43 61 35 1 911
1 72 44 38 41 39 1 912
1 116 52 61 42 53 2 913
1 134 7 48 6 50 1 914
1 19 59 50 58 52 2 915
1 104 71 35 62 29 6 916
0 100 56 36 52 40 3 917
1 119 60 37 60 43 1 918
0 45 12 0 46 2 3 919
1 13 57 80 53 80 2 920
0 22 28 57 31 50 3 921
1 74 6 32 5 37 1 922
1 10 54 24 51 24 2 923
0 44 58 16 55 23 3 924
0 26 54 43 59 43 3 925
0 2 49 20 46 20 3 926
0 26 56 43 57 39 3 927
1 5 47 41 35 36 1 928
0 22 67 43 50 46 3 929
0 13 52 81 54 80 3 930
1 62 63 77 67 72 1 931
0 70 56 80 53 81 3 932
1 86 6 49 6 53 1 933
1 100 55 66 53 67 1 934
1 10 31 48 30 50 1 935
1 49 63 33 60 38 1 936
1 66 6 40 6 50 1 937
0 21 72 35 73 12 3 938
0 74 57 45 44 62 3 939
1 73 29 53 31 50 1 940
0 96 49 50 41 46 3 941
1 117 55 44 57 39 1 942
1 87 53 38 53 41 3 943
0 13 61 43 46 59 3 944
1 120 31 48 28 48 1 945
0 24 39 37 42 38 3 946
1 78 50 49 51 47 3 947
1 27 47 18 52 22 3 948
0 137 58 47 60 44 3 949
0 33 49 3 42 3 3 950
0 44 52 37 57 46 3 951
0 130 61 42 57 46 3 952
1 143 58 20 64 17 2 953
0 87 63 42 63 45 4 954
0 52 57 45 46 61 3 955
0 18 51 36 52 43 3 956
0 136 87 94 83 93 3 957
1 119 72 24 64 19 1 958
0 89 40 11 35 13 3 959
1 78 92 34 92 31 5 960
1 92 5 54 4 48 2 961
0 98 61 28 57 26 3 962
0 32 60 38 43 40 5 963
0 79 45 3 41 4 3 964
1 10 62 38 66 37 6 965
1 102 59 41 60 37 1 966
1 134 55 38 61 31 1 967
1 13 6 52 6 48 1 968
0 142 57 34 52 40 3 969
1 58 66 93 62 96 1 970
0 12 59 43 53 38 3 971
0 94 62 17 60 18 3 972
1 51 31 45 30 48 1 973
1 103 91 27 90 37 3 974
0 105 56 61 56 66 3 975
1 63 6 63 6 60 1 976
0 53 49 54 49 64 3 977
0 37 7 49 6 44 3 978
0 133 54 51 51 50 3 979
0 106 63 45 62 47 3 980
0 102 47 21 42 24 3 981
1 28 98 15 98 19 2 982
0 67 58 80 54 80 5 983
0 48 59 2 54 2 3 984
0 64 78 90 81 92 3 985
0 63 91 34 92 31 3 986
0 65 63 44 48 44 3 987
0 115 57 2 54 2 3 988
1 83 51 24 57 25 1 989
1 30 56 75 14 60 1 990
0 41 47 41 47 49 3 991
0 76 54 81 49 81 3 992
1 72 46 58 43 63 6 993
0 97 60 41 56 48 3 994
0 66 44 2 48 2 3 995
0 92 57 16 54 15 3 996
1 138 33 48 29 44 1 997
0 33 61 46 55 53 3 998
0 113 58 30 53 40 3 999
0 77 55 43 57 22 3 1000
0 32 32 45 31 38 3 1001
1 98 69 40 61 55 1 1002
1 28 45 70 47 67 5 1003
1 67 30 55 28 60 1 1004
1 78 54 50 57 31 1 1005
0 77 56 1 62 1 3 1006
0 134 42 59 45 55 3 1007
1 96 6 33 5 37 1 1008
0 108 29 55 28 57 3 1009
1 33 56 39 58 33 3 1010
0 88 61 48 58 46 5 1011
1 7 72 70 71 72 1 1012
0 46 58 32 55 37 3 1013
0 47 59 43 51 37 3 1014
1 48 90 27 92 28 1 1015
1 5 58 50 57 53 3 1016
0 49 47 44 45 50 3 1017
0 42 53 18 42 20 3 1018
0 119 86 4 83 3 3 1019
0 21 61 28 49 39 3 1020
1 12 59 70 57 67 2 1021
1 43 53 41 45 60 1 1022
1 71 61 37 60 40 1 1023
1 60 6 41 6 33 4 1024
1 117 40 29 63 32 1 1025
0 96 48 59 98 37 3 1026
0 20 66 38 63 44 3 1027
1 0 66 42 68 39 1 1028
0 102 54 75 70 75 5 1029
0 28 47 39 51 46 6 1030
0 96 33 42 31 46 3 1031
0 76 64 39 53 39 4 1032
1 65 69 41 60 51 1 1033
0 15 61 1 64 1 3 1034
1 19 50 28 32 30 1 1035
0 68 49 53 52 56 3 1036
0 139 80 6 83 4 3 1037
0 100 55 80 51 81 3 1038
1 109 58 57 56 50 1 1039
0 34 62 34 66 31 3 1040
0 111 6 38 6 33 3 1041
0 18 32 46 31 44 3 1042
1 53 65 16 62 17 2 1043
0 43 98 17 98 20 3 1044
0 77 53 45 52 47 3 1045
1 139 56 47 50 49 4 1046
1 17 6 47 5 57 1 1047
0 23 61 41 57 58 3 1048
1 79 51 62 55 62 2 1049
0 8 98 16 98 19 3 1050
1 143 59 28 56 29 3 1051
0 118 59 27 54 14 3 1052
1 126 42 4 44 3 3 1053
0 25 6 32 5 40 3 1054
1 133 51 55 50 53 1 1055
1 44 54 14 50 17 1 1056
1 91 55 41 49 47 1 1057
0 86 54 50 52 46 3 1058
1 56 49 56 50 50 1 1059
0 55 49 19 34 20 3 1060
0 135 44 30 42 31 3 1061
1 45 60 36 57 42 1 1062
0 86 53 75 56 72 3 1063
0 4 65 40 65 37 3 1064
1 19 54 66 58 58 1 1065
1 139 31 44 34 41 1 1066
1 63 54 75 56 76 6 1067
0 27 12 8 31 16 3 1068
1 131 52 20 49 23 6 1069
0 85 57 19 51 19 3 1070
0 90 56 21 55 17 3 1071
1 120 84 4 87 5 2 1072
1 75 57 46 56 44 1 1073
1 102 91 31 92 34 1 1074
0 9 27 25 74 17 3 1075
1 128 54 29 56 21 6 1076
1 53 54 53 44 31 4 1077
0 70 48 47 43 54 3 1078
1 118 58 18 56 20 3 1079
0 102 11 22 13 31 3 1080
0 10 60 47 63 41 6 1081
1 92 70 43 46 32 5 1082
1 56 45 62 48 68 1 1083
1 77 6 65 5 43 2 1084
1 106 82 4 80 5 1 1085
0 15 61 73 57 76 3 1086
0 20 50 50 49 52 3 1087
1 120 53 46 43 46 6 1088
1 110 56 40 60 33 1 1089
1 143 61 18 48 23 2 1090
1 27 6 48 6 55 2 1091
0 87 53 45 48 45 3 1092
1 126 48 35 50 49 2 1093
1 33 30 55 27 60 4 1094
0 48 33 47 31 45 3 1095
1 5 56 48 41 61 2 1096
1 62 57 2 60 1 1 1097
1 24 33 57 47 49 1 1098
0 51 65 76 68 69 6 1099
0 105 30 44 28 48 3 1100
1 17 6 57 5 84 5 1101
0 70 66 73 68 71 3 1102
1 33 91 41 91 38 1 1103
1 115 50 30 35 34 1 1104
0 40 98 16 98 23 3 1105
0 12 40 43 42 40 3 1106
0 38 98 23 98 17 3 1107
1 42 68 78 71 71 1 1108
1 143 58 26 61 23 1 1109
0 124 56 2 60 1 3 1110
0 74 46 29 43 32 3 1111
1 70 50 17 48 21 1 1112
0 82 54 44 50 47 3 1113
0 63 5 70 6 66 3 1114
1 62 53 41 43 49 1 1115
0 54 52 17 51 20 3 1116
0 80 41 12 38 12 3 1117
0 112 52 48 56 44 3 1118
1 119 85 3 87 2 1 1119
0 55 55 80 51 80 3 1120
1 51 54 80 50 81 4 1121
1 115 55 78 51 78 2 1122
1 80 46 73 38 34 1 1123
1 29 42 22 53 17 1 1124
0 94 31 58 28 58 3 1125
0 129 58 56 57 58 3 1126
0 50 88 93 86 94 3 1127
1 33 92 31 91 36 1 1128
1 28 60 17 61 19 1 1129
0 63 46 3 42 3 3 1130
1 11 48 58 47 61 1 1131
1 86 60 28 55 35 1 1132
0 123 54 19 56 14 3 1133
1 31 31 44 30 48 2 1134
1 29 55 27 58 30 1 1135
1 46 34 40 33 42 1 1136
1 64 62 52 64 49 1 1137
1 73 56 42 58 40 1 1138
0 32 51 62 49 66 5 1139
0 53 29 65 30 60 3 1140
0 40 55 52 57 29 3 1141
1 80 31 48 34 42 2 1142
0 22 29 66 27 67 3 1143
1 110 53 46 55 44 1 1144
1 117 46 72 49 53 2 1145
1 48 29 45 28 47 3 1146
0 57 63 44 61 50 3 1147
1 36 45 52 47 50 5 1148
0 17 52 35 61 23 3 1149
1 10 33 38 31 40 1 1150
1 135 5 71 6 67 2 1151
1 5 49 47 47 39 5 1152
0 27 45 63 51 50 3 1153
1 123 8 26 26 23 1 1154
0 114 68 42 57 38 5 1155
0 108 5 71 6 66 3 1156
0 97 56 36 58 30 3 1157
1 23 57 29 58 31 1 1158
0 121 51 19 50 16 3 1159
0 41 65 40 60 42 3 1160
0 96 34 43 32 55 3 1161
1 124 58 2 63 2 1 1162
0 32 57 45 53 60 5 1163
0 74 47 21 49 19 3 1164
0 80 67 34 60 60 3 1165
0 51 57 78 32 78 3 1166
0 66 7 47 6 58 3 1167
1 91 49 51 46 38 5 1168
0 24 49 43 59 36 3 1169
0 46 45 75 42 83 3 1170
1 4 57 75 62 69 4 1171
1 138 46 4 40 4 1 1172
0 65 50 35 48 46 3 1173
1 72 41 64 41 61 1 1174
1 79 69 32 73 32 3 1175
1 110 47 45 44 63 2 1176
1 8 50 48 53 52 1 1177
1 44 64 36 59 44 1 1178
1 44 65 73 69 73 1 1179
1 97 51 61 49 55 1 1180
1 10 63 42 66 39 2 1181
0 2 64 76 71 74 3 1182
1 101 68 33 63 26 1 1183
0 112 56 24 53 27 3 1184
0 0 64 43 68 47 3 1185
0 81 33 49 28 30 3 1186
1 11 47 56 53 55 1 1187
0 84 57 80 54 80 3 1188
0 93 30 53 34 43 3 1189
1 56 38 14 35 13 1 1190
1 113 54 56 51 61 2 1191
0 98 62 1 59 2 3 1192
1 86 60 41 63 35 1 1193
0 47 91 29 91 23 3 1194
1 80 43 11 47 11 1 1195
1 26 65 43 67 39 1 1196
0 119 41 35 42 31 3 1197
0 130 28 2 48 2 5 1198
0 37 31 48 32 41 3 1199
1 89 53 80 51 81 1 1200
0 68 53 44 55 46 3 1201
0 130 82 4 79 5 5 1202
0 132 62 30 64 28 3 1203
0 17 7 46 6 56 3 1204
0 103 45 4 34 3 3 1205
1 66 54 40 48 52 1 1206
0 128 54 71 57 58 3 1207
0 51 56 36 51 30 3 1208
0 54 92 32 91 34 3 1209
0 20 57 21 64 29 3 1210
1 73 40 37 44 23 1 1211
0 29 62 38 55 49 3 1212
1 120 60 54 53 58 2 1213
0 120 56 28 57 20 3 1214
1 117 58 43 55 41 1 1215
1 119 60 30 54 26 1 1216
1 127 57 2 60 2 3 1217
1 56 47 56 49 66 1 1218
0 124 58 55 60 51 3 1219
0 102 58 54 61 51 3 1220
0 126 56 46 57 42 5 1221
1 137 51 1 46 1 1 1222
1 46 39 1 42 1 1 1223
1 87 38 32 37 29 1 1224
0 24 54 55 60 55 3 1225
0 57 87 93 85 92 3 1226
0 98 54 26 57 20 3 1227
1 72 62 31 69 39 1 1228
1 143 28 41 27 49 1 1229
0 73 6 38 5 34 3 1230
1 28 85 93 81 92 1 1231
0 17 59 41 53 44 3 1232
1 67 53 80 41 81 1 1233
0 44 58 39 63 38 6 1234
1 27 5 53 2 57 1 1235
1 115 98 21 98 16 1 1236
0 36 29 56 27 58 6 1237
1 58 5 67 6 64 1 1238
1 59 19 14 19 23 1 1239
1 107 88 93 86 94 1 1240
0 37 6 61 6 53 3 1241
0 17 6 30 5 38 3 1242
1 70 40 39 48 44 1 1243
1 141 55 46 58 37 1 1244
1 23 70 42 67 37 1 1245
1 94 49 38 45 30 1 1246
0 53 65 36 57 49 3 1247
1 112 54 39 54 42 4 1248
0 38 48 39 45 36 3 1249
1 100 98 18 98 23 2 1250
1 135 64 32 61 33 1 1251
0 101 58 47 63 25 3 1252
1 29 52 50 63 29 1 1253
1 111 44 51 53 43 1 1254
1 102 31 50 27 57 1 1255
1 133 70 39 64 45 4 1256
0 53 6 54 5 72 3 1257
1 111 54 43 56 39 1 1258
0 111 5 39 6 41 3 1259
1 109 70 73 67 76 1 1260
1 16 40 14 35 9 1 1261
0 106 6 48 6 45 3 1262
0 138 54 68 55 5 3 1263
0 124 63 78 59 80 3 1264
0 92 50 62 52 55 3 1265
0 89 62 52 63 50 3 1266
1 105 41 42 42 40 1 1267
1 116 80 6 82 5 2 1268
0 128 50 19 47 19 3 1269
1 37 75 5 71 4 5 1270
0 109 47 3 29 3 3 1271
1 56 68 39 70 37 1 1272
0 128 45 2 48 2 3 1273
0 111 40 38 37 42 4 1274
1 117 60 28 63 31 4 1275
1 56 49 81 47 80 5 1276
0 126 6 33 7 41 3 1277
1 77 57 2 59 1 1 1278
1 91 69 37 66 27 1 1279
0 115 54 38 56 37 3 1280
0 5 47 3 43 4 3 1281
0 66 41 35 42 31 3 1282
1 132 69 39 64 45 1 1283
1 5 55 23 51 27 1 1284
1 59 49 54 52 57 3 1285
1 38 59 26 53 36 1 1286
0 93 60 1 55 2 3 1287
0 116 56 29 54 33 3 1288
1 104 52 40 58 33 1 1289
0 100 98 26 98 32 3 1290
1 52 71 71 53 75 2 1291
0 102 52 71 49 66 3 1292
0 118 54 38 55 47 3 1293
1 142 31 39 32 48 1 1294
0 65 30 45 22 49 3 1295
0 136 7 48 6 41 5 1296
1 136 31 42 52 19 5 1297
1 93 59 28 42 30 2 1298
0 96 26 50 33 43 3 1299
1 117 59 22 61 24 1 1300
0 72 53 40 57 39 3 1301
1 132 69 37 66 44 1 1302
1 66 56 80 53 80 2 1303
0 29 63 34 59 45 3 1304
0 112 30 17 41 12 3 1305
0 102 62 65 52 75 3 1306
1 50 43 22 48 24 3 1307
0 68 60 29 58 26 3 1308
1 11 87 4 81 2 2 1309
0 64 37 15 33 16 3 1310
1 6 52 26 50 27 1 1311
0 54 60 47 58 55 3 1312
1 112 50 63 49 65 4 1313
1 72 5 70 6 66 1 1314
1 3 87 4 84 4 6 1315
1 3 48 47 33 87 1 1316
0 95 68 39 55 38 3 1317
0 91 53 47 53 50 5 1318
0 54 30 56 31 58 3 1319
0 61 98 20 98 17 3 1320
0 111 68 44 68 41 4 1321
1 2 43 40 38 38 2 1322
0 45 42 72 44 62 3 1323
0 33 67 73 70 72 3 1324
1 105 54 14 51 13 1 1325
1 24 52 48 54 39 4 1326
0 33 92 24 92 31 3 1327
0 120 58 47 60 44 3 1328
0 74 41 3 27 2 6 1329
0 119 71 43 73 39 6 1330
0 62 60 44 50 60 3 1331
0 123 26 74 32 50 3 1332
1 32 51 36 47 39 1 1333
1 69 54 72 57 74 1 1334
0 126 45 4 51 2 3 1335
0 27 6 29 6 32 3 1336
1 114 41 4 47 4 1 1337
1 80 55 39 15 21 2 1338
0 21 58 30 56 26 3 1339
1 120 26 50 29 52 1 1340
0 95 6 53 6 47 3 1341
1 57 6 53 5 63 1 1342
1 136 55 42 59 26 1 1343
1 3 56 47 58 50 2 1344
1 136 67 33 68 38 2 1345
1 82 45 35 49 43 1 1346
1 88 51 78 56 75 3 1347
1 118 57 18 59 17 1 1348
0 128 40 38 52 42 6 1349
0 120 48 45 51 45 3 1350
1 107 47 52 30 88 2 1351
1 53 43 77 55 45 1 1352
1 63 48 36 51 46 2 1353
1 53 31 59 30 61 4 1354
1 128 31 41 28 54 1 1355
0 142 28 67 29 62 4 1356
0 33 67 94 66 92 3 1357
1 74 60 49 56 43 5 1358
0 16 67 39 62 49 5 1359
1 19 47 42 47 56 1 1360
1 132 72 34 69 39 5 1361
0 43 98 17 98 14 3 1362
1 44 58 76 53 76 1 1363
0 15 67 93 63 94 3 1364
1 1 86 3 82 3 1 1365
1 67 58 40 59 38 1 1366
0 100 6 62 5 80 3 1367
1 77 63 22 46 28 1 1368
0 20 60 37 55 41 3 1369
0 76 62 50 63 48 3 1370
1 2 26 2 49 1 1 1371
0 79 31 51 32 45 3 1372
0 24 55 37 57 28 3 1373
1 52 61 36 57 38 1 1374
1 40 6 69 6 66 5 1375
1 143 98 19 98 22 5 1376
0 130 49 48 42 46 3 1377
1 26 47 59 51 53 1 1378
0 7 59 18 56 18 3 1379
1 77 68 41 69 38 1 1380
0 45 56 42 59 38 3 1381
0 88 63 57 49 45 3 1382
0 34 88 3 93 3 3 1383
1 48 31 44 33 45 1 1384
1 83 57 29 55 32 1 1385
0 108 6 69 4 77 3 1386
0 3 91 32 92 27 3 1387
1 39 55 38 58 38 1 1388
1 53 88 33 89 31 3 1389
0 5 68 69 68 72 3 1390
0 67 47 67 44 38 3 1391
1 89 7 37 6 40 1 1392
0 24 54 42 55 50 3 1393
0 128 62 49 63 47 6 1394
1 105 53 23 50 29 1 1395
1 41 7 43 6 53 4 1396
0 122 88 93 87 95 3 1397
1 44 59 42 57 37 1 1398
0 128 6 60 6 9 3 1399
1 143 31 43 29 48 2 1400
0 115 55 43 49 24 3 1401
0 28 49 78 56 75 3 1402
1 125 46 19 44 21 1 1403
0 135 55 43 49 49 3 1404
0 28 56 79 57 75 3 1405
0 63 64 77 72 73 3 1406
0 78 53 44 60 35 3 1407
0 130 44 45 46 40 3 1408
1 69 65 77 62 80 2 1409
0 100 50 81 57 80 5 1410
1 55 69 35 72 36 2 1411
1 93 47 46 48 44 5 1412
1 50 57 30 59 31 2 1413
1 109 33 13 41 11 1 1414
0 28 60 74 52 77 6 1415
0 50 42 4 47 4 3 1416
0 109 65 38 72 39 3 1417
0 102 51 48 46 68 3 1418
1 78 54 74 52 76 1 1419
0 65 32 55 30 62 4 1420
0 120 60 39 65 20 3 1421
0 74 58 75 55 77 3 1422
1 23 44 3 24 3 3 1423
1 50 65 75 73 70 3 1424
0 18 55 51 60 32 3 1425
1 32 58 42 60 44 1 1426
1 117 98 23 98 27 1 1427
1 54 61 53 41 52 5 1428
1 132 52 32 62 31 6 1429
1 108 30 53 31 47 1 1430
1 48 41 11 36 13 1 1431
0 47 7 39 6 53 3 1432
1 137 30 51 29 53 2 1433
0 135 98 17 98 22 3 1434
1 120 54 39 48 28 1 1435
0 137 66 1 60 2 3 1436
0 40 59 16 64 16 3 1437
0 26 44 61 44 65 5 1438
0 126 42 4 18 2 5 1439
1 96 6 70 5 29 1 1440
1 4 55 2 60 2 2 1441
1 136 48 30 50 32 1 1442
0 43 98 18 98 12 3 1443
0 19 62 37 49 27 3 1444
1 19 44 20 38 19 2 1445
1 88 46 3 41 3 1 1446
0 139 82 5 74 9 3 1447
1 77 88 3 86 4 6 1448
1 98 63 33 63 36 1 1449
0 21 37 18 41 23 3 1450
1 63 57 76 31 78 6 1451
0 37 36 13 41 12 3 1452
0 17 6 46 5 61 3 1453
1 61 47 57 50 56 2 1454
1 105 51 80 56 80 2 1455
0 56 57 45 58 49 3 1456
0 82 45 59 37 96 5 1457
1 88 64 45 54 65 1 1458
0 20 46 50 46 46 3 1459
0 59 6 24 6 29 3 1460
1 79 62 26 60 29 1 1461
1 38 30 52 33 45 1 1462
1 130 39 37 42 41 2 1463
1 3 55 40 49 22 1 1464
1 115 58 74 56 77 1 1465
1 57 98 17 98 13 1 1466
0 123 46 41 35 42 3 1467
0 7 61 42 56 60 3 1468
0 105 65 92 67 90 3 1469
1 64 29 47 33 45 2 1470
0 9 60 40 63 45 3 1471
1 11 57 38 49 53 4 1472
0 108 60 52 56 67 3 1473
0 66 51 26 47 34 3 1474
1 32 62 33 60 32 1 1475
1 108 55 41 31 42 1 1476
0 90 55 32 59 29 3 1477
1 133 49 53 54 48 1 1478
1 34 36 15 38 14 2 1479
0 19 46 44 45 46 3 1480
1 6 69 41 68 37 1 1481
0 132 61 33 63 32 3 1482
1 19 66 80 68 77 1 1483
0 122 49 53 48 55 3 1484
1 48 43 44 46 72 4 1485
1 18 90 36 88 32 1 1486
1 123 61 24 89 24 3 1487
1 12 49 68 40 58 1 1488
0 53 32 78 50 74 3 1489
1 131 59 17 63 17 4 1490
0 120 68 33 67 44 3 1491
1 22 58 46 52 59 1 1492
0 4 47 30 50 27 3 1493
0 3 59 28 60 31 3 1494
1 83 49 35 54 28 1 1495
0 25 68 76 67 74 3 1496
1 138 40 11 38 14 2 1497
1 0 55 75 57 74 1 1498
1 93 55 1 59 1 1 1499
0 43 49 25 48 23 4 1500
1 121 39 37 41 32 1 1501
1 45 90 40 90 44 1 1502
1 82 6 31 5 48 2 1503
1 28 58 18 51 17 1 1504
0 6 56 49 50 48 3 1505
1 128 50 33 50 29 2 1506
1 6 51 80 54 80 1 1507
0 13 73 35 69 37 6 1508
1 8 57 33 55 29 1 1509
1 44 60 44 62 37 1 1510
0 72 52 52 35 68 3 1511
1 84 69 35 66 38 4 1512
1 128 63 37 66 14 1 1513
1 116 51 43 58 30 1 1514
1 72 68 42 65 39 1 1515
1 36 51 54 48 58 1 1516
0 19 62 45 66 39 3 1517
0 100 64 32 67 34 3 1518
0 10 55 54 55 63 5 1519
1 108 31 50 30 54 1 1520
1 81 63 53 61 58 3 1521
0 87 61 34 57 35 3 1522
0 30 31 49 28 57 3 1523
1 3 59 32 50 42 1 1524
1 45 48 61 52 47 1 1525
0 17 39 58 65 70 3 1526
0 109 50 2 47 1 3 1527
0 96 68 36 66 39 5 1528
1 64 61 29 60 41 3 1529
0 116 6 53 7 49 3 1530
1 137 58 2 64 1 1 1531
0 20 54 50 57 39 4 1532
0 64 67 33 64 5 3 1533
1 21 64 44 62 51 1 1534
0 23 56 30 58 29 5 1535
1 30 52 43 49 30 1 1536
1 35 89 93 86 93 1 1537
0 68 57 32 58 30 3 1538
1 66 67 38 69 45 3 1539
1 131 49 47 49 35 1 1540
0 5 56 76 60 72 3 1541
0 20 68 42 63 43 3 1542
0 105 71 38 52 32 3 1543
1 99 53 46 60 42 1 1544
1 96 58 17 55 14 1 1545
0 57 55 80 53 79 3 1546
1 83 6 28 6 33 1 1547
0 81 98 24 98 16 3 1548
0 28 46 2 57 2 3 1549
0 106 54 43 56 42 3 1550
1 19 52 19 46 22 1 1551
0 102 47 20 49 19 5 1552
1 7 6 49 5 59 2 1553
1 130 30 43 26 51 1 1554
1 83 62 38 60 34 1 1555
1 18 55 55 55 52 1 1556
0 9 53 49 47 59 3 1557
1 143 98 22 98 17 1 1558
1 130 69 41 67 42 1 1559
1 128 50 32 47 32 1 1560
0 98 52 26 54 25 3 1561
1 1 5 67 5 70 1 1562
1 141 55 39 52 41 3 1563
0 3 43 61 50 61 3 1564
1 56 52 46 51 54 2 1565
1 59 50 57 42 74 1 1566
0 90 61 25 57 17 4 1567
0 130 46 20 48 21 3 1568
1 61 6 69 5 65 2 1569
0 88 59 38 63 36 3 1570
0 93 42 12 45 11 3 1571
1 117 49 50 44 63 1 1572
1 93 54 81 51 81 3 1573
1 7 64 46 65 43 3 1574
1 89 42 29 43 34 1 1575
0 45 49 2 28 2 3 1576
0 96 42 57 47 54 3 1577
0 132 54 76 58 72 3 1578
0 45 52 76 57 75 3 1579
1 97 48 30 49 27 3 1580
1 136 39 58 54 72 2 1581
0 89 55 80 50 80 3 1582
0 3 60 46 57 49 3 1583
0 33 47 45 48 49 3 1584
1 28 45 49 46 54 1 1585
0 127 70 72 72 69 3 1586
1 86 67 34 68 40 3 1587
0 66 68 41 71 35 3 1588
0 80 33 13 37 11 3 1589
1 19 55 69 50 83 1 1590
1 86 68 39 66 41 2 1591
1 28 89 93 86 95 6 1592
1 22 53 44 62 37 3 1593
1 56 29 54 31 60 1 1594
0 91 49 48 55 49 3 1595
1 8 59 53 56 54 2 1596
1 113 51 38 47 31 6 1597
1 132 53 80 50 79 1 1598
0 40 55 18 52 19 5 1599
0 94 31 58 24 55 3 1600
1 128 32 46 30 50 4 1601
0 39 64 55 62 61 3 1602
1 126 53 47 57 41 2 1603
1 115 54 51 52 54 5 1604
1 96 6 50 6 59 5 1605
1 124 60 54 60 48 2 1606
0 47 44 33 41 31 4 1607
0 48 6 52 6 43 3 1608
1 94 57 45 59 47 1 1609
0 82 53 44 49 50 3 1610
0 28 44 4 41 4 3 1611
1 16 30 14 24 16 1 1612
0 46 66 93 63 91 3 1613
0 116 5 65 5 31 3 1614
1 10 47 53 48 48 1 1615
0 19 69 71 71 69 3 1616
1 140 67 41 64 49 1 1617
0 115 46 4 52 2 6 1618
1 5 44 21 47 21 2 1619
0 106 55 74 53 76 3 1620
1 20 66 94 64 96 1 1621
0 67 70 75 72 71 3 1622
0 92 57 76 13 61 3 1623
0 51 70 71 68 72 3 1624
0 102 54 56 61 41 3 1625
1 76 66 34 69 37 2 1626
1 30 61 17 58 17 2 1627
0 133 46 63 53 48 3 1628
1 27 5 65 7 37 1 1629
1 65 46 61 42 65 1 1630
1 32 64 44 61 49 1 1631
1 81 86 5 87 3 4 1632
0 4 30 35 36 24 3 1633
0 100 57 80 48 80 3 1634
0 11 55 42 50 46 5 1635
0 86 61 38 60 34 3 1636
1 86 58 47 55 51 1 1637
1 88 41 13 39 12 2 1638
0 26 87 93 89 92 3 1639
0 44 64 79 61 78 3 1640
1 11 70 36 65 24 1 1641
1 11 46 72 54 52 2 1642
0 120 67 77 64 77 3 1643
0 65 50 47 41 46 3 1644
0 36 43 55 45 48 6 1645
0 55 61 45 56 50 3 1646
0 51 30 53 30 61 3 1647
1 95 69 74 66 75 1 1648
1 5 47 19 49 20 1 1649
1 72 51 43 58 36 5 1650
0 128 59 25 55 32 3 1651
1 99 51 80 49 81 1 1652
1 40 63 30 64 28 5 1653
1 44 81 2 88 4 1 1654
0 84 42 73 48 42 3 1655
0 117 58 43 59 39 3 1656
0 84 54 38 52 48 3 1657
0 126 55 43 52 42 5 1658
1 84 57 29 61 26 1 1659
0 130 90 38 92 22 3 1660
0 90 62 31 67 12 5 1661
0 105 56 38 50 46 3 1662
0 38 41 13 35 14 3 1663
1 132 39 35 10 37 1 1664
0 51 51 29 53 41 3 1665
0 62 91 30 89 34 3 1666
1 11 54 65 40 64 1 1667
1 47 7 47 6 54 1 1668
0 14 57 18 61 17 3 1669
0 57 59 18 63 17 3 1670
0 108 64 1 56 2 3 1671
1 92 46 41 49 42 1 1672
1 126 30 14 51 40 1 1673
0 3 90 35 90 38 4 1674
1 19 52 18 49 19 2 1675
0 25 40 36 42 29 3 1676
1 143 31 78 46 85 5 1677
0 109 61 43 61 46 3 1678
1 67 60 2 55 2 1 1679
1 126 51 49 56 36 3 1680
1 133 50 46 45 71 1 1681
0 135 68 38 63 38 3 1682
0 79 50 32 53 24 4 1683
0 112 43 19 41 41 4 1684
0 30 47 46 46 41 3 1685
0 6 58 28 63 22 3 1686
0 24 47 2 44 2 3 1687
1 133 51 49 49 53 6 1688
1 121 42 12 37 12 1 1689
1 96 7 50 3 74 6 1690
0 88 62 24 42 25 3 1691
1 97 48 3 45 4 2 1692
0 65 31 48 27 68 3 1693
0 1 85 13 89 42 3 1694
1 128 57 37 56 39 1 1695
0 79 26 2 52 1 3 1696
1 132 59 36 58 38 1 1697
1 109 52 1 48 2 1 1698
1 100 33 43 31 45 2 1699
1 123 29 54 31 45 2 1700
1 102 53 47 47 66 1 1701
0 18 92 33 91 43 3 1702
0 113 52 36 51 44 3 1703
1 141 56 36 54 42 2 1704
1 8 27 26 36 22 1 1705
0 35 30 14 52 26 3 1706
0 109 55 34 58 40 3 1707
0 143 98 11 98 17 3 1708
1 5 88 93 85 92 2 1709
0 114 64 77 65 81 3 1710
1 100 27 50 32 48 2 1711
0 120 55 44 56 42 3 1712
1 130 60 52 59 57 2 1713
0 138 51 52 45 64 3 1714
1 67 5 68 6 65 6 1715
0 56 60 18 58 17 3 1716
1 46 53 1 70 0 1 1717
1 94 28 57 30 51 6 1718
1 79 63 27 53 35 5 1719
1 120 49 52 56 40 4 1720
1 33 47 20 45 21 1 1721
0 41 87 3 83 4 3 1722
1 88 56 52 57 63 2 1723
1 86 98 17 98 22 1 1724
0 83 49 37 48 45 3 1725
1 95 91 41 90 53 2 1726
1 64 57 80 54 80 1 1727
0 52 62 29 70 23 3 1728
0 119 66 41 69 33 3 1729
0 124 91 33 90 35 3 1730
0 44 64 77 70 72 3 1731
0 81 6 63 3 42 3 1732
1 12 36 11 42 12 1 1733
0 135 44 32 45 27 3 1734
1 66 52 19 63 16 2 1735
1 66 60 16 65 16 1 1736
0 73 58 22 60 34 3 1737
0 92 74 34 70 37 6 1738
1 15 79 7 81 5 3 1739
0 38 54 74 55 79 3 1740
0 123 43 57 45 59 3 1741
1 72 70 32 68 41 1 1742
1 116 55 36 58 25 1 1743
1 106 6 54 4 47 1 1744
1 140 51 24 53 29 2 1745
1 44 33 52 32 56 2 1746
1 17 60 29 61 26 2 1747
0 131 42 32 41 42 3 1748
0 119 52 59 51 62 3 1749
1 57 98 24 98 27 1 1750
0 81 47 49 50 38 3 1751
1 56 58 20 57 17 1 1752
0 23 55 30 49 38 5 1753
0 79 65 45 67 40 3 1754
1 0 28 48 25 53 1 1755
1 2 51 80 56 80 1 1756
1 101 68 33 67 35 1 1757
1 95 72 29 68 46 1 1758
1 66 61 44 60 46 1 1759
0 128 30 51 29 49 3 1760
1 53 49 39 54 45 1 1761
1 108 68 77 71 74 5 1762
1 39 38 40 27 34 1 1763
0 49 45 31 44 52 3 1764
1 142 5 36 5 41 2 1765
0 40 58 39 53 39 3 1766
1 121 69 37 63 50 2 1767
1 109 52 46 48 53 3 1768
1 41 50 65 55 45 1 1769
0 91 58 43 54 40 3 1770
1 6 65 40 58 44 1 1771
0 59 46 2 28 2 3 1772
1 67 51 80 57 80 5 1773
1 116 50 20 41 20 1 1774
0 26 58 36 61 34 4 1775
0 0 64 18 54 21 3 1776
0 125 83 4 87 4 3 1777
0 95 47 31 54 22 3 1778
0 80 48 2 45 2 3 1779
1 75 68 35 65 42 2 1780
0 65 31 48 32 52 6 1781
0 14 98 21 98 9 5 1782
1 80 47 39 57 38 1 1783
1 53 53 40 56 42 1 1784
0 108 29 57 28 66 3 1785
1 24 47 39 53 45 1 1786
0 64 58 39 50 41 3 1787
1 80 30 43 34 39 1 1788
1 112 32 48 31 38 5 1789
0 74 5 44 5 51 3 1790
1 32 81 4 79 6 6 1791
1 121 71 38 69 40 1 1792
0 67 62 41 61 52 3 1793
0 132 61 20 58 24 3 1794
0 73 46 48 41 29 3 1795
0 63 70 75 67 77 3 1796
0 45 52 48 44 50 3 1797
1 2 86 93 88 92 1 1798
1 52 67 37 65 24 1 1799
0 76 64 40 63 49 5 1800
1 51 77 6 80 6 1 1801
1 16 27 49 33 48 1 1802
1 13 56 80 46 79 1 1803
1 71 57 48 59 46 1 1804
1 89 5 71 4 68 1 1805
0 116 46 2 43 2 3 1806
0 88 56 43 61 38 3 1807
0 32 55 41 52 44 3 1808
0 29 68 42 57 47 6 1809
0 82 44 33 55 33 3 1810
1 67 78 8 76 7 1 1811
1 137 49 2 28 2 1 1812
1 13 58 80 49 81 1 1813
0 39 68 47 66 50 5 1814
0 33 90 37 90 41 3 1815
0 106 65 42 50 46 4 1816
1 123 65 48 63 54 1 1817
1 135 5 64 5 60 1 1818
1 22 48 20 45 20 1 1819
1 24 27 2 42 3 1 1820
1 85 91 33 92 35 1 1821
0 129 98 24 98 20 3 1822
0 13 6 45 6 54 3 1823
0 17 51 21 53 19 3 1824
0 65 60 53 55 52 5 1825
0 26 65 50 51 58 3 1826
1 26 63 35 67 44 2 1827
0 25 56 11 52 14 5 1828
1 29 55 26 49 33 2 1829
1 31 46 43 46 48 2 1830
1 54 6 69 6 64 1 1831
0 11 58 70 56 72 3 1832
0 125 51 54 51 58 3 1833
1 41 64 39 56 38 1 1834
1 96 33 44 26 50 1 1835
1 23 60 36 61 41 2 1836
0 3 58 34 57 40 3 1837
1 51 68 33 48 35 1 1838
0 87 48 57 43 69 3 1839
1 5 62 37 60 36 3 1840
0 32 57 48 31 13 3 1841
1 118 55 35 54 39 1 1842
0 49 57 25 56 31 3 1843
1 91 54 44 61 42 2 1844
1 83 6 38 6 32 1 1845
0 32 50 28 52 24 3 1846
1 0 55 54 62 39 1 1847
1 17 44 2 50 2 1 1848
0 53 50 49 48 59 3 1849
1 90 52 47 52 57 2 1850
1 107 56 31 54 32 1 1851
1 102 6 41 5 35 5 1852
0 58 51 80 55 80 3 1853
0 81 56 29 59 27 3 1854
1 41 53 47 51 43 5 1855
0 0 62 45 60 53 3 1856
1 125 61 70 35 75 1 1857
1 48 47 35 43 41 1 1858
1 18 6 31 5 36 2 1859
0 111 49 52 55 47 5 1860
1 50 55 25 49 29 1 1861
1 0 72 34 65 41 6 1862
0 36 61 43 62 48 3 1863
1 90 59 25 58 28 1 1864
1 26 69 37 68 24 2 1865
1 79 60 16 56 16 1 1866
0 31 55 1 51 1 5 1867
1 108 6 66 5 69 6 1868
0 110 50 2 45 2 4 1869
1 121 80 6 81 4 1 1870
0 64 65 28 30 31 3 1871
0 48 49 58 41 66 3 1872
0 7 32 47 34 41 4 1873
1 22 98 14 98 22 1 1874
0 136 61 51 53 37 3 1875
0 97 53 47 48 58 6 1876
0 96 56 49 51 48 3 1877
1 22 28 57 27 60 1 1878
0 139 65 1 62 1 3 1879
1 23 81 6 83 4 2 1880
0 18 60 49 57 58 3 1881
1 65 61 52 57 56 6 1882
1 5 46 3 42 4 1 1883
0 21 58 41 50 48 3 1884
0 70 73 31 65 45 3 1885
1 92 35 2 30 2 1 1886
1 62 66 49 67 46 2 1887
0 24 50 80 56 80 5 1888
1 66 50 15 45 22 1 1889
0 14 47 49 47 41 3 1890
1 133 50 37 49 52 4 1891
1 52 64 43 44 17 1 1892
0 40 46 4 42 4 3 1893
1 46 57 45 49 44 1 1894
0 31 73 67 52 75 3 1895
0 24 32 52 32 45 3 1896
0 67 47 31 54 23 3 1897
1 101 28 55 28 47 1 1898
0 73 50 52 54 54 3 1899
1 19 55 44 51 55 2 1900
1 46 6 36 6 40 3 1901
1 130 6 34 6 38 1 1902
1 62 62 1 56 2 1 1903
0 7 29 53 30 45 3 1904
1 1 66 50 69 40 3 1905
0 82 52 50 50 49 3 1906
1 95 48 2 51 2 1 1907
1 48 91 38 90 36 1 1908
0 74 54 58 60 42 3 1909
1 53 69 38 68 34 1 1910
0 83 59 28 56 28 3 1911
0 66 59 14 52 14 5 1912
1 24 55 75 60 72 1 1913
0 93 60 31 59 34 3 1914
1 51 57 21 56 27 1 1915
1 0 92 31 91 33 2 1916
1 130 57 37 56 41 1 1917
0 98 56 49 40 50 5 1918
1 26 46 4 36 5 1 1919
1 26 54 46 53 44 3 1920
1 9 52 54 47 55 1 1921
1 108 60 42 89 24 1 1922
0 19 54 26 51 29 3 1923
0 38 53 34 49 38 3 1924
0 143 57 33 59 36 3 1925
1 119 86 92 84 94 2 1926
1 60 71 73 40 57 1 1927
1 130 63 34 51 33 1 1928
1 73 48 19 43 22 2 1929
0 39 51 58 50 60 3 1930
1 27 58 46 55 44 1 1931
0 87 46 19 54 16 3 1932
1 3 92 25 92 31 1 1933
0 80 40 13 37 13 4 1934
0 121 53 43 47 42 3 1935
0 62 56 54 59 52 3 1936
0 74 41 3 47 2 5 1937
1 141 55 22 61 17 1 1938
1 141 42 35 40 36 1 1939
1 36 68 41 70 31 1 1940
1 66 42 34 41 36 1 1941
1 97 61 1 64 1 2 1942
0 89 56 47 57 52 3 1943
0 111 46 80 49 80 3 1944
0 113 5 37 5 45 3 1945
0 115 98 21 98 13 3 1946
0 103 6 68 5 70 3 1947
1 66 59 15 56 15 2 1948
1 107 92 34 91 29 4 1949
0 48 58 40 51 53 3 1950
1 57 58 27 51 26 2 1951
1 2 55 18 45 19 1 1952
1 25 59 31 59 27 1 1953
1 117 49 23 40 23 1 1954
1 33 91 37 91 34 1 1955
1 137 29 58 29 63 1 1956
1 86 88 93 82 94 1 1957
0 79 67 33 68 40 3 1958
1 94 74 67 69 68 1 1959
0 39 51 48 55 46 5 1960
0 0 21 61 44 66 3 1961
0 38 39 2 47 3 3 1962
0 39 60 35 55 38 3 1963
0 128 56 29 51 29 3 1964
0 11 64 43 68 40 3 1965
1 66 55 80 79 80 1 1966
0 69 33 43 37 38 3 1967
0 27 54 29 49 35 3 1968
1 0 57 75 11 60 6 1969
1 7 6 45 2 20 6 1970
0 77 56 36 59 35 3 1971
0 133 48 50 45 46 3 1972
0 103 79 7 81 6 3 1973
1 38 43 31 37 43 2 1974
1 27 61 16 59 14 4 1975
1 92 43 12 41 11 1 1976
0 74 46 18 50 18 3 1977
0 137 29 56 30 61 5 1978
1 74 46 59 44 63 3 1979
1 93 64 1 58 2 1 1980
1 88 52 45 57 36 1 1981
0 43 57 19 55 18 3 1982
1 41 57 30 58 28 1 1983
0 38 51 47 58 32 3 1984
0 140 59 42 58 45 3 1985
0 32 70 33 73 36 3 1986
0 124 91 27 92 25 4 1987
0 130 57 59 52 65 3 1988
0 135 43 35 45 34 3 1989
0 100 98 19 98 22 3 1990
0 99 55 43 48 30 3 1991
1 16 80 6 62 2 1 1992
0 32 54 56 52 69 3 1993
0 127 50 53 46 62 3 1994
0 39 50 53 57 44 3 1995
1 14 64 16 61 17 1 1996
1 31 46 54 39 51 5 1997
1 5 47 43 28 62 4 1998
0 15 62 34 57 38 3 1999
