0 113 58 33 48 42 6 0
0 2 51 80 56 80 3 1
1 78 56 40 50 54 1 2
0 1 36 13 32 12 3 3
0 125 52 24 54 25 3 4
1 0 58 27 55 31 1 5
0 40 58 33 60 30 3 6
1 70 43 16 51 16 2 7
1 3 91 27 91 32 1 8
1 32 62 37 60 38 1 9
1 129 88 94 84 96 1 10
1 102 45 60 55 42 1 11
0 25 51 50 47 47 3 12
0 37 6 66 5 70 3 13
0 130 26 42 27 49 3 14
1 43 55 45 50 49 1 15
1 67 57 39 50 51 1 16
0 91 54 51 39 68 6 17
0 143 47 58 41 63 3 18
0 14 36 16 65 23 3 19
1 38 61 15 60 23 1 20
0 26 57 45 55 43 6 21
0 22 66 39 63 43 3 22
1 104 54 39 59 39 1 23
1 105 65 45 68 46 4 24
0 2 35 55 39 46 3 25
1 52 49 54 46 57 1 26
0 143 44 65 49 66 3 27
0 139 67 93 65 92 3 28
0 89 65 75 68 73 3 29
0 50 46 54 32 57 6 30
1 58 54 42 56 43 4 31
1 13 50 37 56 41 1 32
1 64 31 78 40 93 2 33
1 106 78 7 71 8 1 34
0 52 44 30 45 33 3 35
1 41 61 2 78 3 1 36
1 31 60 33 55 44 1 37
1 68 72 38 66 45 1 38
1 66 42 56 43 44 1 39
0 117 52 30 60 32 3 40
1 116 5 39 6 34 5 41
1 135 32 41 30 45 1 42
0 54 62 46 54 62 3 43
1 53 48 53 51 58 6 44
1 27 33 47 30 51 1 45
1 103 47 2 51 2 1 46
0 33 90 47 90 51 3 47
1 52 41 36 40 42 3 48
0 116 6 41 6 38 3 49
1 17 6 51 6 46 1 50
1 13 70 39 70 33 1 51
1 86 52 80 57 80 1 52
1 128 50 44 48 43 2 53
1 38 41 42 46 28 4 54
1 132 55 44 61 38 1 55
1 42 7 48 6 52 2 56
1 73 54 42 61 35 6 57
1 126 46 59 41 48 1 58
1 139 6 65 6 68 1 59
0 13 5 68 6 66 3 60
0 129 98 19 98 16 3 61
1 31 58 1 64 1 1 62
1 0 68 47 68 40 1 63
0 143 68 33 69 40 3 64
0 126 45 34 47 37 5 65
0 139 50 40 50 51 3 66
0 47 57 58 56 53 3 67
1 35 47 30 46 33 3 68
1 66 70 35 72 36 5 69
0 141 49 53 49 37 3 70
0 5 51 19 48 19 5 71
1 46 55 57 55 52 3 72
0 113 55 30 56 28 3 73
0 58 62 36 60 37 5 74
0 123 53 74 58 75 3 75
1 123 62 43 57 57 1 76
1 103 41 4 37 4 1 77
1 128 6 40 6 30 2 78
1 7 52 50 50 49 1 79
1 96 44 11 41 12 1 80
1 123 47 39 45 40 2 81
1 132 57 38 60 37 1 82
0 19 69 76 71 72 3 83
0 122 50 26 47 31 4 84
1 68 44 31 41 34 2 85
1 106 91 20 92 23 3 86
0 109 87 4 84 4 3 87
0 8 43 36 41 35 3 88
0 87 6 49 2 43 3 89
1 106 6 47 6 60 1 90
1 8 90 36 91 31 1 91
0 137 53 46 48 52 3 92
1 24 48 52 49 49 2 93
1 78 68 36 67 43 1 94
1 70 45 3 49 3 1 95
1 141 61 40 61 46 1 96
1 127 61 27 60 30 2 97
0 102 48 58 52 55 3 98
1 85 68 70 68 73 1 99
1 90 59 32 58 29 6 100
0 113 58 28 56 35 5 101
1 98 68 69 68 72 2 102
0 117 63 37 53 45 3 103
0 52 46 54 32 56 3 104
0 58 61 23 63 32 3 105
0 113 45 51 33 54 3 106
1 100 98 11 98 17 1 107
0 79 54 74 57 75 4 108
1 74 48 21 50 18 2 109
1 27 64 40 63 42 1 110
1 93 90 41 89 57 6 111
1 18 56 38 55 42 4 112
1 32 31 46 36 46 1 113
0 87 45 64 44 61 3 114
0 46 52 43 53 46 4 115
1 83 44 10 42 12 1 116
0 78 91 32 91 40 3 117
1 21 62 37 59 36 4 118
0 13 5 67 4 63 3 119
0 4 79 5 81 6 3 120
1 130 57 46 54 43 1 121
1 60 69 36 68 40 2 122
0 72 38 60 36 63 3 123
0 12 33 53 31 56 3 124
0 44 56 61 49 66 3 125
1 57 98 20 98 27 1 126
1 35 56 22 50 28 1 127
1 51 61 28 49 30 2 128
0 102 5 20 5 23 6 129
0 88 56 36 54 39 3 130
0 126 48 43 49 40 3 131
0 83 56 27 50 36 3 132
0 115 55 46 49 26 3 133
1 44 5 67 6 63 2 134
1 102 31 57 29 56 1 135
1 138 60 52 54 56 2 136
1 62 91 17 90 21 4 137
0 73 50 47 36 42 3 138
1 79 31 78 55 79 1 139
0 17 6 30 7 32 5 140
0 94 5 66 6 62 3 141
0 143 59 51 51 59 3 142
0 102 43 64 42 67 3 143
1 80 26 49 28 51 3 144
0 94 6 65 5 59 3 145
1 143 55 41 55 51 1 146
0 127 65 75 70 72 3 147
1 34 27 50 30 51 2 148
1 18 50 2 47 2 1 149
1 24 37 43 39 45 3 150
1 97 51 57 53 50 1 151
1 8 63 45 60 39 2 152
1 115 98 24 98 18 1 153
0 118 57 44 42 39 3 154
0 56 73 66 69 72 3 155
0 111 54 80 51 80 3 156
0 37 49 18 53 17 3 157
1 22 33 48 28 30 1 158
0 136 63 16 48 15 3 159
1 69 98 18 98 15 1 160
0 127 54 2 64 1 3 161
0 63 70 68 67 72 3 162
1 126 44 4 30 4 1 163
1 50 49 47 45 52 6 164
0 40 54 39 57 39 3 165
1 2 45 63 47 57 1 166
0 73 21 23 50 45 3 167
0 108 91 37 89 31 3 168
1 50 87 4 85 5 1 169
0 123 53 50 52 47 3 170
0 82 45 37 34 54 3 171
0 54 6 68 5 71 6 172
1 93 46 28 37 28 1 173
1 108 91 34 91 31 1 174
0 30 67 42 66 38 3 175
0 101 91 32 91 37 3 176
0 132 71 39 66 50 3 177
0 63 56 77 53 75 3 178
1 48 58 2 62 2 1 179
0 142 6 29 6 33 4 180
0 47 6 52 6 46 3 181
0 70 6 45 5 52 3 182
0 50 6 35 6 32 3 183
0 122 6 40 6 35 3 184
0 60 56 63 53 68 3 185
1 112 51 24 53 26 2 186
1 24 60 1 56 2 1 187
0 30 66 38 58 66 3 188
0 24 41 42 37 41 3 189
0 104 55 53 60 50 3 190
1 93 91 25 92 28 5 191
0 11 55 54 56 50 3 192
1 38 53 38 50 35 1 193
1 18 56 39 61 32 1 194
1 95 6 47 6 50 1 195
1 17 52 33 50 35 1 196
1 62 57 80 53 81 1 197
0 107 43 20 38 41 4 198
0 108 50 19 53 27 3 199
1 116 54 31 60 26 3 200
0 62 68 69 70 72 3 201
0 66 6 56 6 69 6 202
0 133 59 72 58 75 3 203
0 51 31 55 32 48 3 204
1 37 56 52 58 54 1 205
1 40 52 81 54 79 1 206
0 32 57 34 55 37 3 207
1 112 58 41 62 32 1 208
0 121 6 33 5 36 3 209
1 128 44 40 42 42 1 210
1 9 51 31 53 34 1 211
1 50 49 28 54 26 1 212
1 24 28 54 27 50 2 213
0 24 69 36 62 32 3 214
0 62 49 18 56 14 3 215
1 90 27 61 29 54 3 216
1 32 56 51 59 46 2 217
1 46 59 26 59 31 1 218
0 91 59 45 56 48 3 219
0 28 45 11 37 13 3 220
0 117 60 17 53 19 4 221
1 78 58 46 56 39 1 222
1 18 60 48 57 46 5 223
1 33 40 19 35 20 1 224
0 84 51 36 57 31 4 225
0 140 55 43 53 50 3 226
0 32 43 11 39 11 3 227
1 21 52 35 54 30 5 228
1 135 6 68 5 75 5 229
0 5 44 4 47 4 3 230
0 29 60 33 59 36 5 231
0 7 52 34 60 28 3 232
0 46 46 44 44 52 3 233
0 76 66 37 59 45 3 234
0 18 45 30 46 27 3 235
0 133 53 80 51 81 4 236
0 83 55 22 51 27 3 237
0 67 49 40 52 42 5 238
0 128 41 77 45 88 3 239
0 77 55 65 54 68 3 240
0 112 52 23 50 24 3 241
1 84 28 56 29 54 1 242
1 15 55 2 60 1 1 243
0 13 58 45 63 41 3 244
1 134 6 31 6 28 2 245
0 12 56 19 61 17 3 246
1 41 48 48 56 38 4 247
0 32 59 48 64 37 3 248
0 102 55 59 57 55 3 249
0 120 23 20 44 52 3 250
0 14 59 35 56 35 3 251
0 131 72 36 71 42 3 252
1 126 55 43 48 52 1 253
1 65 59 45 57 46 2 254
1 105 56 20 39 18 1 255
1 141 98 23 98 31 1 256
1 22 50 31 51 24 1 257
0 20 60 25 57 27 3 258
0 127 72 69 70 73 3 259
0 128 51 26 54 26 3 260
0 141 69 43 66 49 3 261
0 109 59 41 57 38 3 262
0 81 68 44 65 50 3 263
1 60 61 1 65 1 2 264
1 93 90 45 91 38 1 265
0 22 57 20 62 16 3 266
1 13 47 80 41 80 2 267
1 5 50 49 51 55 1 268
1 48 41 50 28 88 1 269
1 102 44 2 49 2 1 270
1 108 90 36 91 41 1 271
0 124 90 37 91 28 3 272
0 91 55 67 55 54 3 273
1 46 61 51 57 31 5 274
0 8 55 30 59 28 5 275
0 125 6 66 6 47 3 276
1 89 57 80 52 80 5 277
1 54 61 45 63 40 5 278
1 14 91 31 91 28 1 279
1 59 60 55 61 53 1 280
0 19 50 28 51 30 3 281
1 70 71 73 68 73 1 282
0 16 98 18 98 21 3 283
0 134 64 42 59 56 3 284
0 102 1 95 2 98 3 285
1 126 56 43 53 47 1 286
1 44 5 67 6 63 2 287
1 143 41 11 35 11 2 288
1 72 56 30 55 32 4 289
1 46 46 20 48 19 6 290
1 68 48 58 49 53 2 291
0 39 49 46 49 49 3 292
1 31 65 42 59 48 1 293
0 112 51 30 48 30 3 294
1 41 56 31 46 22 3 295
1 8 53 46 62 34 1 296
0 80 29 48 32 42 3 297
0 0 88 93 82 94 3 298
1 117 44 63 53 56 1 299
0 122 64 44 53 63 3 300
1 70 5 67 6 65 1 301
1 139 41 46 43 48 1 302
0 55 37 41 41 34 3 303
1 77 63 49 68 46 1 304
0 71 34 37 32 33 3 305
0 28 22 19 45 49 3 306
0 0 58 33 58 26 3 307
0 3 87 4 82 3 3 308
1 11 49 52 55 55 1 309
0 16 57 27 57 31 3 310
1 15 50 48 51 56 2 311
1 62 55 45 43 48 6 312
1 68 52 46 47 65 3 313
0 83 61 33 55 41 3 314
1 111 59 33 61 30 1 315
1 33 55 42 46 45 1 316
0 91 40 20 44 17 3 317
1 143 27 49 32 45 2 318
0 102 68 40 75 11 3 319
1 12 56 31 52 25 1 320
0 80 39 13 43 11 3 321
1 105 91 38 91 32 2 322
0 121 50 42 54 41 3 323
1 13 57 18 59 19 4 324
1 143 40 4 28 3 1 325
1 107 86 94 89 92 1 326
1 98 67 73 70 72 4 327
1 69 43 4 30 3 1 328
1 88 61 27 54 41 2 329
0 126 46 3 37 3 6 330
0 14 61 35 57 42 3 331
0 143 43 25 45 24 3 332
0 47 98 10 98 15 3 333
1 65 67 41 64 24 1 334
1 130 71 37 68 38 1 335
0 120 51 24 54 30 3 336
0 58 3 96 1 95 3 337
0 0 42 61 48 57 3 338
0 54 60 46 66 39 3 339
1 131 53 52 52 54 1 340
0 5 58 56 83 77 3 341
0 0 67 34 61 28 6 342
1 28 62 36 59 38 1 343
1 51 54 25 54 39 1 344
1 110 6 28 6 33 2 345
0 64 56 19 52 19 3 346
0 76 5 68 5 61 3 347
0 98 52 35 61 41 6 348
1 47 44 40 30 14 1 349
0 101 59 77 51 81 3 350
1 11 53 41 50 40 1 351
0 125 62 2 81 5 3 352
1 5 51 20 49 19 1 353
1 87 53 51 48 58 1 354
0 109 49 54 52 52 3 355
0 26 48 48 42 47 3 356
0 65 56 74 63 69 3 357
1 126 47 59 50 59 1 358
1 75 78 4 80 5 1 359
0 6 43 38 41 37 3 360
1 124 63 31 67 33 1 361
1 112 78 6 81 5 1 362
0 46 62 1 56 2 4 363
1 6 29 66 30 61 1 364
1 44 65 30 62 36 5 365
0 16 5 39 6 33 3 366
0 111 30 62 27 59 3 367
0 79 31 44 26 44 3 368
1 12 57 72 58 75 1 369
0 14 62 18 49 23 5 370
0 109 46 3 49 2 3 371
0 141 56 73 59 77 3 372
0 29 87 93 85 95 3 373
0 28 98 23 98 20 3 374
0 138 54 49 54 44 3 375
1 131 53 49 55 46 1 376
0 96 52 7 41 12 3 377
1 95 70 24 36 15 1 378
0 138 72 68 70 66 3 379
0 16 34 42 32 43 3 380
1 120 52 48 50 53 3 381
1 130 42 41 60 41 1 382
0 96 41 12 40 14 5 383
0 131 36 47 32 48 3 384
0 139 59 1 54 2 3 385
0 48 35 14 41 13 5 386
0 0 80 5 99 3 3 387
0 15 41 2 46 1 3 388
1 50 53 75 56 78 1 389
1 57 48 3 44 4 1 390
0 19 44 17 42 20 4 391
1 17 57 71 58 74 1 392
1 58 61 42 53 43 5 393
0 89 49 52 52 45 3 394
1 101 64 45 70 43 1 395
0 79 33 50 31 44 3 396
1 0 61 44 57 61 3 397
1 110 53 41 50 48 1 398
0 6 67 73 52 75 5 399
1 66 60 18 51 19 6 400
0 24 62 25 62 20 3 401
1 121 5 39 6 31 1 402
0 86 88 93 86 92 3 403
0 87 58 48 59 45 3 404
0 24 55 80 53 81 3 405
1 64 29 54 17 60 1 406
1 82 68 41 69 38 1 407
1 83 6 33 6 29 1 408
1 110 56 20 58 17 4 409
0 60 46 47 44 52 3 410
1 91 28 42 24 45 1 411
0 94 32 34 36 35 3 412
1 107 55 52 52 57 1 413
0 91 49 50 52 52 3 414
1 70 58 42 60 36 1 415
1 13 91 40 90 38 4 416
0 95 30 4 52 2 3 417
1 137 70 36 65 43 1 418
1 88 48 29 51 30 1 419
1 102 54 32 57 34 1 420
0 72 57 24 49 24 3 421
1 18 61 53 55 55 4 422
0 11 46 4 27 3 3 423
0 102 50 18 46 20 3 424
1 83 6 29 6 25 5 425
0 8 66 93 65 95 3 426
1 122 60 44 60 50 1 427
0 131 61 41 62 50 3 428
1 73 39 12 43 12 3 429
0 39 53 45 51 48 5 430
0 84 60 71 58 75 3 431
1 35 55 40 52 53 2 432
1 119 51 32 45 27 1 433
1 42 86 92 84 94 1 434
0 104 46 47 49 44 3 435
1 89 55 80 50 80 5 436
0 76 33 43 31 44 3 437
0 50 37 28 42 40 3 438
1 28 50 18 53 17 2 439
0 140 57 26 55 31 3 440
0 98 51 34 60 27 3 441
1 34 48 3 33 4 1 442
0 128 34 45 28 49 5 443
1 35 45 31 50 32 1 444
1 104 5 54 6 33 1 445
1 108 5 68 5 71 3 446
0 41 78 6 62 4 3 447
0 127 64 77 52 75 3 448
1 79 66 27 61 42 4 449
0 97 53 52 54 44 3 450
0 140 62 30 61 34 3 451
1 112 47 2 50 2 1 452
0 92 70 34 64 42 3 453
0 111 52 80 47 80 3 454
0 14 88 93 86 92 3 455
1 64 36 13 38 12 1 456
1 47 6 49 6 53 1 457
0 46 6 28 6 33 3 458
0 131 50 57 48 62 3 459
0 16 41 11 39 12 3 460
0 126 64 69 66 79 3 461
0 105 66 94 65 91 3 462
0 68 55 15 47 19 3 463
1 112 28 40 31 43 2 464
1 69 29 58 31 52 2 465
1 9 67 37 66 43 1 466
1 118 27 25 33 39 2 467
1 131 50 19 44 21 1 468
0 94 46 3 42 3 3 469
1 6 92 34 90 39 1 470
1 34 52 49 49 51 1 471
0 37 59 56 57 63 4 472
0 122 51 80 57 79 3 473
1 24 55 80 49 80 5 474
1 103 56 39 58 38 1 475
0 99 60 23 56 13 3 476
1 82 44 52 48 54 1 477
0 6 70 35 48 35 6 478
1 106 98 11 98 17 2 479
1 78 51 21 49 22 1 480
0 134 61 30 59 33 3 481
1 132 67 41 71 44 2 482
1 46 56 2 62 1 5 483
0 53 57 26 58 29 3 484
0 101 61 39 59 29 3 485
0 69 38 10 38 13 3 486
0 19 45 51 47 52 3 487
0 50 60 18 56 21 3 488
1 87 47 61 50 61 1 489
0 116 57 34 54 35 3 490
1 108 32 55 30 60 1 491
1 48 37 13 40 12 6 492
1 51 58 33 62 24 1 493
0 19 46 37 43 38 3 494
0 38 71 73 69 72 3 495
0 67 53 51 51 59 3 496
1 89 51 81 57 80 4 497
0 34 53 34 59 33 3 498
0 9 51 59 49 57 3 499
1 22 61 30 54 28 1 500
0 91 52 46 57 36 6 501
1 142 58 1 56 2 1 502
0 46 5 39 5 46 6 503
1 69 61 33 53 41 1 504
0 135 52 30 49 34 3 505
1 79 60 36 43 57 1 506
0 77 40 14 33 9 3 507
0 71 72 33 71 21 3 508
0 89 70 70 68 72 6 509
0 39 46 74 44 60 6 510
1 76 5 39 5 55 1 511
1 110 44 60 47 58 1 512
1 76 39 12 23 12 1 513
1 108 52 61 53 57 1 514
0 0 43 4 46 4 3 515
0 4 37 19 41 20 3 516
1 60 36 13 41 13 1 517
1 50 91 39 89 34 1 518
1 76 69 72 51 75 2 519
0 114 46 57 34 65 3 520
0 13 6 67 5 71 5 521
1 50 54 25 52 26 2 522
0 53 54 40 55 45 4 523
1 64 57 40 33 43 1 524
0 127 77 6 80 5 3 525
1 73 49 20 47 19 2 526
0 14 53 49 40 46 3 527
1 106 50 27 52 28 2 528
1 19 56 46 54 32 2 529
0 61 60 36 54 39 3 530
0 77 55 23 51 19 3 531
1 102 52 27 49 34 3 532
1 16 32 44 29 51 5 533
1 6 57 37 50 51 2 534
0 19 51 27 52 25 3 535
0 48 98 23 98 15 3 536
0 28 46 4 63 2 3 537
1 39 67 41 73 30 1 538
0 57 55 79 57 74 3 539
1 3 87 4 84 6 1 540
0 84 63 47 62 45 3 541
1 64 33 47 31 38 2 542
1 134 64 75 71 68 1 543
0 15 6 28 6 21 3 544
1 128 60 27 60 23 6 545
0 93 54 43 52 44 3 546
1 43 55 51 26 22 5 547
1 127 49 18 52 19 2 548
0 68 50 52 47 74 3 549
0 129 64 34 61 33 5 550
1 55 69 40 57 47 1 551
1 25 62 19 51 20 1 552
1 90 53 60 53 55 1 553
1 45 47 80 41 81 5 554
1 129 29 55 28 57 1 555
0 0 48 55 52 51 3 556
1 51 45 4 33 4 1 557
0 66 46 31 45 33 3 558
1 38 28 60 29 57 1 559
0 131 51 19 59 18 5 560
0 29 80 5 69 6 3 561
0 136 65 38 60 42 3 562
1 98 51 33 58 26 1 563
0 59 56 76 59 71 3 564
1 72 57 53 60 55 1 565
1 59 87 94 85 93 1 566
1 81 80 5 83 4 4 567
1 102 45 57 49 45 1 568
0 96 27 2 48 2 3 569
1 28 92 30 92 23 1 570
0 108 32 45 29 35 3 571
0 131 57 34 52 39 3 572
1 97 46 30 51 30 5 573
0 72 43 2 45 3 3 574
1 90 67 92 68 89 5 575
0 13 65 44 64 46 6 576
0 93 3 96 1 95 3 577
1 118 43 22 51 20 2 578
1 58 67 38 53 40 1 579
0 76 60 27 58 26 4 580
0 4 52 69 55 65 3 581
1 53 48 40 46 37 2 582
0 41 55 45 49 57 3 583
0 64 40 11 44 11 3 584
0 104 42 12 39 12 3 585
1 123 71 38 73 31 1 586
0 95 69 76 68 74 3 587
1 30 69 40 59 28 2 588
1 133 68 41 58 34 1 589
0 133 54 52 55 45 3 590
1 128 29 54 30 52 6 591
1 98 65 36 61 40 5 592
1 1 56 39 57 36 1 593
0 11 51 45 55 49 3 594
1 81 5 69 6 66 1 595
0 117 57 39 55 42 3 596
1 4 38 13 36 14 1 597
0 104 46 43 46 52 3 598
0 103 39 46 37 58 3 599
1 64 56 2 62 1 1 600
1 25 53 75 50 77 1 601
0 143 55 18 56 20 3 602
0 100 49 29 50 27 3 603
1 38 61 25 57 29 3 604
1 55 45 22 38 24 1 605
0 0 6 41 6 36 3 606
1 51 45 3 48 4 1 607
0 33 89 31 88 15 3 608
0 109 70 43 68 38 3 609
1 92 49 39 47 41 1 610
0 73 48 21 45 22 3 611
1 41 62 30 65 26 1 612
0 72 52 46 51 34 5 613
1 26 50 51 39 53 2 614
1 104 56 2 61 2 2 615
1 54 56 30 53 36 3 616
0 32 59 24 57 28 3 617
1 98 47 30 41 31 1 618
0 78 88 94 84 93 3 619
1 0 48 69 50 62 1 620
1 68 57 42 52 49 1 621
1 88 60 17 58 16 1 622
1 51 30 60 28 56 2 623
0 74 60 41 60 32 3 624
0 38 82 6 80 5 3 625
1 9 59 36 16 45 4 626
1 92 61 39 55 30 1 627
0 30 32 48 30 46 4 628
1 53 52 22 47 23 1 629
1 122 67 72 72 69 1 630
0 116 44 2 49 2 3 631
0 94 25 56 28 45 3 632
1 62 54 47 53 51 6 633
1 17 48 74 57 72 1 634
0 96 57 40 50 48 6 635
1 66 69 43 66 42 2 636
1 46 80 5 83 4 6 637
1 133 29 33 29 36 1 638
0 27 45 18 29 19 3 639
1 52 62 22 61 25 1 640
0 45 47 52 48 50 3 641
1 139 89 35 89 30 5 642
1 17 6 53 6 2 6 643
0 53 57 19 51 20 3 644
0 103 34 43 27 41 3 645
1 98 51 34 59 33 1 646
0 122 6 63 5 60 3 647
0 74 6 37 6 33 5 648
0 2 46 49 38 66 3 649
0 85 72 36 66 24 3 650
0 143 54 58 45 56 5 651
1 143 46 4 37 3 5 652
0 26 52 44 49 47 3 653
1 111 64 33 49 38 5 654
1 86 54 45 47 62 2 655
1 96 53 45 55 47 1 656
1 79 38 40 40 43 1 657
0 45 46 58 48 53 3 658
1 110 36 50 38 46 2 659
0 66 68 47 66 51 3 660
1 10 46 28 44 32 5 661
0 77 55 37 54 41 3 662
0 142 43 4 23 3 3 663
0 120 61 32 58 39 3 664
0 26 52 46 48 50 5 665
1 125 53 41 54 44 1 666
1 39 54 25 51 25 1 667
1 10 53 56 43 63 1 668
0 134 51 77 36 80 3 669
1 12 68 27 64 25 1 670
0 0 59 21 54 13 3 671
1 79 32 45 33 47 2 672
1 89 56 64 53 67 1 673
1 132 54 30 60 31 5 674
0 24 49 61 50 64 3 675
1 79 45 32 41 30 1 676
1 57 5 56 6 54 6 677
1 19 46 4 41 4 2 678
1 47 98 22 98 19 1 679
0 15 60 41 57 45 3 680
0 102 55 52 52 54 3 681
0 25 64 78 68 71 3 682
1 114 67 35 61 23 1 683
0 65 54 43 51 35 3 684
1 80 41 13 37 14 1 685
0 102 55 43 59 38 3 686
0 137 54 49 48 57 3 687
1 47 7 44 6 42 1 688
0 77 59 1 42 1 3 689
1 25 58 47 59 39 4 690
0 24 57 47 48 56 3 691
1 57 53 79 53 76 1 692
1 75 37 13 41 11 1 693
1 70 98 23 98 28 2 694
0 92 83 4 69 6 3 695
0 102 50 16 45 21 4 696
0 33 92 27 91 31 3 697
1 94 6 30 6 35 1 698
1 40 6 34 7 42 3 699
0 117 53 44 57 43 3 700
0 74 47 25 48 23 3 701
1 139 48 19 50 18 2 702
1 34 58 74 54 79 3 703
0 10 66 93 65 95 3 704
1 51 71 68 70 73 1 705
0 132 62 31 53 41 3 706
0 131 92 24 91 32 3 707
0 116 55 73 54 75 3 708
1 102 60 44 53 46 1 709
0 100 33 50 31 55 3 710
0 80 50 44 60 37 3 711
1 125 61 50 63 44 1 712
1 23 6 44 6 41 1 713
1 112 48 47 48 51 1 714
1 20 60 29 56 29 1 715
1 87 49 52 52 45 1 716
1 127 54 76 63 69 1 717
1 12 59 32 60 22 1 718
1 104 90 36 90 39 1 719
0 65 59 26 59 22 3 720
1 101 54 40 52 46 2 721
0 77 49 1 55 1 5 722
0 46 47 47 45 60 3 723
1 11 70 42 70 39 1 724
0 103 49 79 55 79 3 725
1 108 30 43 31 51 1 726
0 46 70 6 79 5 3 727
1 17 54 76 54 79 5 728
1 100 91 28 88 33 2 729
1 7 58 36 57 34 1 730
0 92 53 81 50 83 3 731
1 80 49 3 44 4 1 732
1 118 61 51 54 69 3 733
1 130 56 53 52 62 1 734
0 116 52 64 54 60 3 735
0 116 58 42 60 41 3 736
0 103 55 25 48 35 4 737
0 72 45 63 51 51 3 738
1 40 55 36 60 34 2 739
1 0 62 47 66 36 1 740
0 88 56 18 37 18 3 741
0 62 31 45 35 40 3 742
1 97 57 35 53 43 1 743
1 81 57 67 50 67 2 744
0 74 47 18 51 19 3 745
1 76 7 41 7 33 6 746
0 11 42 3 40 4 3 747
0 16 39 38 37 30 3 748
1 25 6 38 6 42 2 749
1 128 31 43 32 47 1 750
0 122 5 68 5 71 3 751
0 141 98 12 98 15 3 752
1 123 61 31 55 40 1 753
1 100 69 62 51 75 1 754
0 39 68 39 64 46 3 755
0 52 39 27 38 29 5 756
1 142 50 49 32 54 3 757
0 143 50 28 51 31 5 758
0 1 40 4 36 5 3 759
0 67 54 68 51 63 3 760
1 83 49 16 43 18 1 761
1 48 92 25 90 27 1 762
0 7 34 42 32 48 3 763
0 69 49 79 53 77 3 764
1 83 64 33 54 27 1 765
0 116 67 35 69 34 3 766
0 98 66 40 70 41 3 767
0 108 63 49 65 48 3 768
0 24 57 44 49 52 6 769
0 80 67 41 49 45 3 770
0 11 55 44 48 44 3 771
1 67 98 20 98 14 1 772
1 39 62 33 56 27 1 773
1 116 5 67 3 64 3 774
1 90 58 28 53 39 1 775
1 20 66 37 65 40 1 776
0 88 54 56 56 50 3 777
1 66 43 37 40 37 1 778
1 27 37 5 47 4 1 779
1 82 43 34 46 35 1 780
1 51 59 24 58 27 3 781
0 75 69 36 70 33 3 782
1 135 49 55 50 53 4 783
1 43 91 35 92 29 4 784
1 88 37 2 47 2 5 785
1 143 58 74 61 74 1 786
1 111 66 93 64 94 2 787
0 11 50 36 57 31 3 788
1 96 60 35 52 42 1 789
1 129 60 22 54 33 2 790
0 15 57 41 55 42 3 791
0 21 58 31 54 38 3 792
1 124 53 53 47 56 4 793
0 39 66 28 76 14 5 794
1 17 36 4 47 4 5 795
1 90 47 33 49 35 1 796
0 135 87 94 85 96 3 797
0 21 60 26 62 25 4 798
1 46 58 59 52 64 6 799
1 105 67 36 69 43 2 800
1 75 56 40 61 36 1 801
1 92 38 39 41 42 2 802
0 88 49 18 51 19 3 803
1 33 5 73 5 67 3 804
0 136 55 42 58 41 3 805
0 122 61 49 63 44 3 806
1 124 90 37 90 51 1 807
0 66 32 43 25 60 4 808
1 122 98 18 97 15 2 809
1 121 53 35 49 26 1 810
1 13 82 5 80 6 6 811
1 136 5 57 3 55 1 812
0 43 31 47 32 52 3 813
1 26 57 47 56 45 1 814
0 139 43 29 52 24 3 815
0 79 62 48 58 53 3 816
0 138 30 47 32 50 3 817
0 84 52 80 47 80 3 818
0 102 56 53 56 63 3 819
1 74 53 71 51 77 6 820
1 83 30 47 27 50 1 821
0 68 55 37 50 37 3 822
0 96 30 43 34 40 3 823
1 143 98 20 98 13 6 824
0 108 44 61 49 53 3 825
1 68 6 50 7 46 1 826
0 108 92 36 91 34 3 827
1 123 29 58 27 57 1 828
0 18 52 40 46 47 3 829
0 13 5 69 6 65 3 830
1 83 53 43 47 51 1 831
0 79 44 33 42 32 4 832
0 54 49 51 53 52 3 833
1 16 36 16 74 13 1 834
0 138 28 48 27 50 3 835
1 66 7 38 6 30 2 836
1 74 6 37 5 54 1 837
1 27 7 49 6 17 1 838
1 130 54 51 54 47 1 839
1 64 37 14 41 13 1 840
0 90 68 34 67 22 3 841
0 73 48 55 41 52 3 842
0 138 60 53 60 45 3 843
0 0 47 4 34 5 3 844
0 136 52 47 57 37 3 845
0 93 6 22 5 13 3 846
1 3 92 29 91 34 1 847
0 93 40 37 42 32 3 848
0 39 55 26 51 27 3 849
0 128 46 48 45 46 3 850
1 143 44 11 40 12 2 851
0 99 64 52 52 42 3 852
1 6 56 37 62 26 1 853
1 48 80 5 78 6 1 854
0 51 91 40 90 50 3 855
1 122 41 63 46 61 1 856
0 141 55 32 57 29 3 857
1 135 42 30 41 21 1 858
1 117 65 42 67 44 1 859
0 104 26 54 28 47 3 860
1 79 68 47 69 38 1 861
0 109 46 4 41 4 3 862
0 73 53 46 63 37 6 863
1 60 58 49 52 61 1 864
1 17 6 52 6 55 2 865
0 64 55 62 53 65 3 866
0 134 6 33 5 39 3 867
0 27 46 45 70 34 3 868
1 126 46 72 47 70 1 869
1 121 6 29 5 22 2 870
0 34 46 4 40 4 3 871
0 56 59 37 55 43 3 872
1 59 63 31 55 41 1 873
0 126 52 58 50 51 3 874
1 12 69 37 63 19 1 875
0 140 63 34 62 37 3 876
0 23 49 4 40 4 3 877
0 30 58 45 54 43 3 878
0 32 59 49 55 52 3 879
0 123 42 66 48 60 3 880
1 31 27 2 38 1 3 881
0 9 87 2 85 5 5 882
1 51 71 73 69 64 1 883
0 98 64 38 60 47 3 884
0 86 62 34 58 37 3 885
1 114 71 39 34 28 3 886
1 40 48 3 45 4 1 887
1 65 50 39 46 36 1 888
0 91 68 42 56 39 3 889
1 61 6 40 6 28 1 890
0 35 51 30 50 28 3 891
0 97 56 42 54 48 3 892
0 91 57 43 59 37 3 893
1 42 50 45 52 52 1 894
0 11 48 56 52 47 3 895
0 48 51 58 54 47 3 896
0 137 31 54 31 51 6 897
1 112 47 30 44 33 5 898
0 40 51 41 57 39 3 899
1 126 48 55 55 41 1 900
1 28 60 47 55 51 1 901
1 3 47 29 49 33 1 902
0 100 98 15 98 33 3 903
0 57 62 35 59 37 3 904
0 39 53 54 49 54 3 905
1 48 46 60 50 57 2 906
1 13 58 43 53 44 1 907
0 107 53 57 57 49 3 908
1 103 63 21 53 28 1 909
1 48 55 48 49 55 2 910
1 143 39 14 35 13 1 911
1 5 63 40 61 43 1 912
1 25 46 4 41 3 1 913
0 55 46 47 56 35 3 914
0 53 48 54 50 55 3 915
1 87 52 57 51 51 1 916
0 97 47 3 31 4 3 917
1 62 68 34 67 24 1 918
0 110 49 37 52 43 3 919
0 38 46 44 47 56 3 920
1 129 64 1 57 0 1 921
0 29 66 39 68 36 5 922
1 112 87 3 85 4 1 923
0 36 33 50 33 46 3 924
0 92 62 16 57 18 3 925
0 143 50 55 51 62 3 926
1 82 86 92 85 95 1 927
1 13 65 45 68 45 1 928
1 74 59 70 58 75 1 929
1 78 52 31 50 27 3 930
1 55 33 50 29 54 4 931
0 61 53 29 55 26 3 932
0 19 68 41 69 43 5 933
0 83 31 37 28 36 3 934
1 38 44 2 26 2 1 935
0 39 57 39 57 48 3 936
0 73 58 46 63 32 3 937
0 124 91 31 92 29 3 938
1 20 43 11 41 12 4 939
1 13 52 80 50 81 1 940
0 133 52 53 51 55 5 941
1 143 45 4 42 4 1 942
1 70 52 45 55 46 1 943
1 90 60 26 58 27 2 944
1 80 62 32 56 40 2 945
1 108 52 39 47 34 1 946
0 10 37 41 43 34 3 947
1 139 59 2 55 2 1 948
1 88 46 3 19 2 1 949
0 128 55 34 59 34 3 950
0 124 63 1 60 1 3 951
1 88 46 2 53 1 1 952
0 80 46 32 48 34 3 953
1 83 53 40 48 38 1 954
1 40 43 23 41 21 3 955
0 65 58 37 52 44 3 956
1 126 62 29 58 36 3 957
0 1 54 56 56 58 3 958
0 82 64 76 70 72 5 959
0 58 45 41 54 41 3 960
1 143 43 12 39 12 1 961
0 74 49 52 49 62 3 962
0 133 46 47 40 40 3 963
1 56 53 39 31 42 1 964
0 46 59 56 55 54 3 965
1 127 68 71 70 70 1 966
0 38 49 49 49 56 3 967
0 90 72 66 70 72 3 968
1 27 48 18 52 21 1 969
1 32 57 29 60 34 6 970
0 88 29 56 27 60 3 971
0 0 58 44 47 32 3 972
0 138 53 47 45 49 3 973
1 11 67 70 73 67 3 974
1 53 49 61 50 59 1 975
1 44 56 75 62 70 1 976
0 115 91 30 92 34 3 977
1 28 45 54 39 48 1 978
1 68 54 48 51 46 1 979
1 92 37 3 42 3 1 980
1 45 57 18 59 17 3 981
0 75 55 38 52 40 3 982
1 78 92 33 92 30 3 983
1 113 60 30 54 32 1 984
1 60 59 49 58 62 1 985
1 87 51 58 45 66 1 986
0 118 51 80 55 80 3 987
0 4 3 18 48 33 3 988
0 58 63 1 60 1 3 989
1 77 69 35 71 39 1 990
0 14 54 45 53 43 3 991
0 119 70 38 62 59 3 992
1 79 42 39 38 40 1 993
1 50 2 97 1 95 1 994
0 60 19 14 47 20 3 995
0 138 32 50 31 56 3 996
1 104 41 66 41 75 1 997
1 70 56 72 50 69 1 998
0 101 56 2 60 2 3 999
0 122 5 63 6 59 3 1000
1 58 52 45 56 47 1 1001
0 121 44 37 43 34 5 1002
1 64 58 26 24 29 1 1003
0 38 43 34 45 28 5 1004
1 130 59 40 55 44 4 1005
0 39 55 38 61 27 3 1006
0 66 56 23 47 31 5 1007
0 36 63 34 61 32 3 1008
0 1 50 65 47 67 3 1009
1 60 58 45 65 38 4 1010
1 38 60 21 62 25 1 1011
0 4 46 49 48 31 3 1012
0 75 58 30 70 35 3 1013
0 40 49 53 48 51 3 1014
0 130 59 36 51 61 3 1015
0 0 56 37 54 38 3 1016
0 102 38 77 43 61 3 1017
0 68 55 42 55 38 3 1018
1 29 27 2 46 2 1 1019
1 50 71 72 70 70 1 1020
0 9 48 54 50 51 3 1021
1 143 52 60 56 51 1 1022
1 0 56 27 45 52 1 1023
0 96 6 46 7 43 3 1024
1 82 48 60 46 61 1 1025
0 45 68 77 71 68 3 1026
0 5 49 79 56 75 3 1027
1 42 47 3 40 4 1 1028
0 84 66 47 67 36 3 1029
0 100 98 14 98 17 5 1030
0 125 51 2 44 2 3 1031
1 36 61 30 62 27 1 1032
0 102 52 19 48 19 3 1033
1 93 65 1 61 1 1 1034
0 32 60 45 57 48 5 1035
1 19 51 26 54 27 1 1036
1 110 64 1 60 1 1 1037
1 130 49 2 46 2 1 1038
1 86 57 38 54 41 1 1039
0 116 47 20 29 17 3 1040
1 32 56 37 58 36 5 1041
1 24 45 21 41 22 1 1042
0 97 52 30 50 28 3 1043
0 13 54 44 49 50 3 1044
1 92 50 78 45 81 1 1045
0 123 26 70 29 59 5 1046
1 39 58 46 52 45 1 1047
1 102 61 60 60 63 1 1048
1 12 47 50 64 20 1 1049
0 83 60 29 57 30 3 1050
0 55 52 61 51 64 3 1051
0 80 68 40 64 43 3 1052
1 114 91 25 91 37 1 1053
0 131 54 31 60 25 3 1054
1 55 49 39 43 58 1 1055
1 82 64 76 67 76 5 1056
1 64 40 11 48 12 1 1057
1 132 59 23 56 31 1 1058
1 105 67 41 69 39 3 1059
1 128 82 4 80 6 3 1060
0 44 60 41 68 43 3 1061
1 46 52 19 47 20 3 1062
1 123 32 47 30 50 5 1063
0 119 69 39 74 30 3 1064
0 46 58 45 52 38 3 1065
1 104 60 29 57 32 1 1066
0 93 48 48 47 51 4 1067
1 46 53 57 55 55 5 1068
0 97 51 48 54 45 3 1069
0 140 54 75 49 80 3 1070
0 123 52 49 58 37 3 1071
1 66 33 48 32 54 2 1072
0 28 47 3 41 4 3 1073
0 137 59 1 55 2 4 1074
0 92 63 69 60 71 3 1075
0 77 64 1 55 2 3 1076
0 104 49 47 48 53 3 1077
1 32 61 44 55 55 1 1078
1 109 60 49 53 65 5 1079
1 92 55 58 51 63 1 1080
0 30 72 38 70 35 3 1081
1 30 53 61 57 59 1 1082
1 118 42 64 43 69 1 1083
1 77 62 27 56 35 4 1084
0 16 47 4 45 3 3 1085
1 117 58 40 54 41 6 1086
0 108 69 34 38 15 3 1087
1 137 31 46 32 44 1 1088
1 66 38 47 45 32 1 1089
1 48 64 45 52 42 1 1090
0 139 78 6 81 3 5 1091
0 131 38 39 36 41 4 1092
0 61 55 37 53 30 3 1093
1 48 23 48 32 48 1 1094
1 110 46 55 45 58 1 1095
0 52 57 38 60 60 5 1096
0 116 43 36 45 31 3 1097
0 12 60 23 59 26 3 1098
1 85 55 45 58 38 4 1099
1 102 44 41 46 42 5 1100
0 66 66 48 69 37 3 1101
0 36 60 55 62 48 3 1102
1 74 43 4 33 3 3 1103
1 91 44 4 41 4 1 1104
0 18 55 46 54 44 3 1105
0 118 6 32 6 36 3 1106
1 78 43 40 39 54 2 1107
0 127 55 22 51 28 3 1108
0 108 55 19 58 17 3 1109
0 108 6 68 5 70 3 1110
1 133 98 24 98 20 2 1111
1 73 60 26 59 24 1 1112
0 13 56 49 53 46 3 1113
1 18 46 53 23 20 4 1114
0 19 50 64 47 56 3 1115
1 52 56 40 61 35 1 1116
1 113 49 69 54 68 2 1117
0 136 58 28 60 29 3 1118
0 3 67 34 61 26 3 1119
0 116 56 47 59 54 5 1120
1 116 69 36 67 43 1 1121
0 108 6 65 5 67 3 1122
1 5 53 18 50 20 3 1123
1 19 41 12 43 11 1 1124
1 4 55 43 48 58 5 1125
0 23 68 36 67 38 3 1126
0 136 32 41 34 43 3 1127
1 121 71 69 66 74 1 1128
0 52 65 32 68 28 5 1129
0 103 67 92 64 94 3 1130
1 31 46 3 39 3 1 1131
1 104 52 46 48 50 2 1132
1 77 51 46 36 48 2 1133
1 143 48 21 43 17 3 1134
1 51 29 54 33 48 1 1135
1 75 33 47 32 49 1 1136
0 66 6 49 7 37 3 1137
1 98 5 39 6 36 2 1138
0 92 55 45 54 36 3 1139
1 96 47 52 46 54 1 1140
1 60 55 36 52 44 2 1141
0 122 51 36 52 33 6 1142
0 121 48 64 34 81 3 1143
0 31 64 75 51 75 3 1144
0 68 45 2 43 3 3 1145
0 126 59 22 62 20 3 1146
0 11 42 56 47 50 3 1147
0 81 7 46 6 54 3 1148
1 4 55 41 47 46 5 1149
0 72 52 49 50 41 3 1150
1 65 49 49 54 44 2 1151
1 54 67 91 64 92 1 1152
0 93 63 41 53 62 3 1153
1 79 43 12 38 14 1 1154
1 33 92 17 90 28 1 1155
0 73 58 23 64 22 3 1156
1 137 69 72 53 75 3 1157
1 89 54 76 63 69 2 1158
1 143 59 16 68 12 2 1159
0 99 47 10 54 8 3 1160
1 24 53 41 52 46 1 1161
1 129 54 42 51 46 1 1162
0 56 55 37 57 38 6 1163
0 70 47 57 47 62 3 1164
1 111 52 58 56 39 1 1165
1 40 6 67 6 63 1 1166
0 94 87 3 81 2 3 1167
1 1 57 39 52 45 2 1168
0 120 80 6 76 7 3 1169
1 99 60 39 63 37 2 1170
0 108 58 2 63 1 3 1171
1 125 52 18 49 18 2 1172
0 102 51 18 45 20 3 1173
0 138 32 54 26 76 3 1174
0 87 46 58 36 63 3 1175
1 48 45 60 46 58 1 1176
0 139 61 1 55 2 6 1177
1 48 67 41 66 37 1 1178
0 104 58 45 67 20 3 1179
0 67 37 13 32 12 3 1180
0 65 62 1 57 2 3 1181
0 15 58 37 62 30 3 1182
0 66 53 26 48 22 3 1183
1 19 66 92 65 94 1 1184
0 13 66 23 65 39 5 1185
1 1 57 19 61 17 1 1186
1 75 49 21 52 19 1 1187
1 81 62 1 57 2 1 1188
1 112 50 30 60 23 2 1189
1 64 31 45 32 47 5 1190
0 55 87 3 84 6 3 1191
0 135 6 65 6 68 3 1192
0 80 28 48 27 50 3 1193
0 32 55 53 56 51 3 1194
1 38 59 27 58 25 1 1195
1 49 51 22 48 20 2 1196
0 61 71 34 69 37 3 1197
1 23 61 18 57 18 2 1198
0 0 46 72 44 61 3 1199
0 46 53 70 50 55 3 1200
0 25 58 16 62 24 3 1201
0 74 48 30 46 31 4 1202
1 95 33 46 31 45 2 1203
1 87 56 39 56 43 3 1204
0 62 47 54 31 86 3 1205
1 132 68 45 71 39 1 1206
0 46 54 43 52 48 3 1207
1 46 58 30 57 52 1 1208
0 89 55 55 58 54 3 1209
1 23 54 76 50 78 1 1210
1 80 68 42 72 14 3 1211
1 109 46 4 17 2 1 1212
1 57 46 30 52 29 1 1213
1 36 55 75 52 78 1 1214
1 76 29 48 31 46 2 1215
1 40 60 1 54 2 2 1216
1 81 5 38 6 33 2 1217
0 10 53 58 57 54 3 1218
0 129 48 45 47 50 3 1219
1 79 57 64 51 64 2 1220
0 24 86 94 88 93 3 1221
1 33 55 55 57 50 1 1222
0 21 60 48 49 44 3 1223
0 97 47 18 47 25 3 1224
1 85 91 39 91 36 1 1225
0 66 49 34 51 31 3 1226
1 5 55 80 61 74 1 1227
1 20 87 3 84 4 5 1228
1 18 49 52 52 49 1 1229
1 116 54 56 52 63 6 1230
1 130 52 44 55 39 1 1231
1 58 44 52 42 59 2 1232
1 55 5 39 5 26 1 1233
1 50 49 49 53 45 1 1234
1 78 40 11 35 13 1 1235
1 86 46 52 37 48 1 1236
1 112 58 36 50 42 1 1237
0 13 64 53 63 21 3 1238
0 93 83 93 88 93 3 1239
0 30 5 67 6 69 4 1240
1 34 60 53 60 49 1 1241
1 15 61 46 66 37 2 1242
0 116 59 46 61 44 6 1243
1 55 61 25 63 20 1 1244
0 123 61 35 57 43 3 1245
1 91 57 44 54 49 1 1246
0 81 54 27 52 25 3 1247
0 58 38 26 41 28 4 1248
1 96 63 48 46 63 1 1249
1 128 57 25 55 30 6 1250
0 60 49 19 51 18 3 1251
1 18 56 65 58 58 1 1252
1 134 65 92 64 94 6 1253
1 130 50 19 49 16 4 1254
1 65 62 39 59 44 1 1255
1 46 49 33 52 30 1 1256
1 100 57 40 54 40 1 1257
1 81 5 74 5 70 2 1258
1 75 98 23 98 32 2 1259
0 7 27 42 24 42 3 1260
1 110 55 43 52 50 1 1261
0 141 55 32 53 38 5 1262
1 114 6 63 6 68 1 1263
1 136 6 31 6 35 5 1264
0 109 98 19 98 16 3 1265
1 115 64 28 63 33 2 1266
1 115 49 52 44 70 1 1267
1 117 43 72 36 99 1 1268
0 46 86 3 85 6 3 1269
1 128 57 41 55 37 1 1270
0 46 58 47 54 44 3 1271
0 53 49 25 52 26 3 1272
0 3 90 44 91 34 3 1273
1 17 41 36 42 34 1 1274
0 43 68 35 62 43 3 1275
1 43 41 5 37 5 1 1276
0 9 55 32 48 46 6 1277
1 11 49 80 55 76 1 1278
1 74 60 29 59 24 4 1279
0 58 60 44 55 42 3 1280
0 75 33 48 32 44 3 1281
0 1 67 93 65 95 3 1282
1 79 66 30 64 46 1 1283
1 78 80 6 82 5 6 1284
1 126 6 57 7 45 6 1285
0 62 31 42 26 40 3 1286
0 89 79 7 70 6 3 1287
1 16 49 42 51 41 1 1288
0 60 52 36 46 57 5 1289
1 51 46 4 38 5 1 1290
1 57 6 52 6 42 1 1291
0 31 47 2 82 1 3 1292
0 90 51 18 50 20 3 1293
1 72 54 31 56 27 1 1294
0 46 4 38 5 28 3 1295
0 46 6 33 5 20 3 1296
1 108 68 15 66 16 1 1297
1 48 40 46 39 48 6 1298
1 128 38 14 36 13 1 1299
0 50 38 57 32 57 3 1300
1 66 58 18 51 19 2 1301
0 94 4 71 5 67 3 1302
0 116 7 32 6 30 3 1303
0 12 54 43 57 39 4 1304
0 137 60 21 58 25 3 1305
1 87 68 40 66 45 1 1306
0 80 6 38 6 35 3 1307
0 128 60 16 51 20 3 1308
0 46 53 32 60 44 3 1309
0 78 91 35 90 45 3 1310
1 46 48 21 27 18 1 1311
0 58 55 48 60 18 3 1312
0 121 53 70 67 73 3 1313
0 66 42 34 45 21 3 1314
0 102 59 2 65 1 3 1315
0 112 47 31 48 29 3 1316
0 136 67 33 60 50 3 1317
0 129 88 92 86 95 3 1318
1 48 86 5 84 4 1 1319
0 105 98 19 98 22 3 1320
1 93 5 35 5 42 1 1321
1 71 88 93 86 92 1 1322
1 28 55 27 57 31 4 1323
1 23 51 20 56 20 2 1324
1 96 44 32 38 41 2 1325
0 105 52 56 46 61 3 1326
1 36 44 62 44 71 1 1327
1 64 66 74 64 76 1 1328
0 141 58 34 54 34 3 1329
0 39 53 43 53 40 3 1330
0 124 47 68 49 62 4 1331
0 29 53 42 55 39 3 1332
0 17 21 19 50 17 3 1333
0 93 53 39 57 39 3 1334
0 86 53 80 50 81 3 1335
0 143 67 39 54 39 3 1336
0 68 53 37 46 74 6 1337
0 89 55 29 52 33 3 1338
1 99 58 38 59 34 1 1339
0 74 36 19 18 13 6 1340
1 64 6 39 6 51 1 1341
0 26 50 55 43 65 3 1342
0 64 33 45 29 47 5 1343
0 103 51 57 54 50 3 1344
1 38 55 36 61 26 1 1345
1 19 66 94 64 96 1 1346
1 7 34 42 30 51 6 1347
0 102 53 45 61 38 6 1348
1 42 63 27 55 31 2 1349
1 9 5 69 5 65 4 1350
0 80 39 12 31 17 3 1351
0 59 57 18 59 19 3 1352
1 87 47 2 41 3 1 1353
0 39 60 2 55 2 3 1354
0 132 59 42 60 36 3 1355
0 121 59 74 66 73 3 1356
1 83 5 18 5 24 1 1357
0 43 42 61 40 64 3 1358
0 51 87 2 83 3 4 1359
1 96 53 41 52 45 1 1360
1 70 58 37 44 53 1 1361
0 134 69 70 67 73 3 1362
0 48 51 60 52 58 3 1363
1 128 68 38 63 44 5 1364
0 83 60 36 61 32 5 1365
0 100 45 51 50 37 3 1366
1 17 6 48 2 19 1 1367
1 121 70 72 98 64 1 1368
1 65 48 49 55 48 1 1369
1 37 55 75 59 76 1 1370
1 18 85 93 82 93 1 1371
0 78 52 59 52 56 3 1372
0 95 62 29 61 25 3 1373
0 64 45 38 39 44 3 1374
1 19 70 74 69 76 1 1375
0 103 49 51 51 55 3 1376
0 1 52 55 51 49 4 1377
0 97 31 51 29 54 3 1378
1 87 54 22 49 31 1 1379
0 31 67 93 65 95 3 1380
1 14 98 21 98 17 1 1381
1 40 55 43 46 41 1 1382
1 65 26 51 28 52 1 1383
0 136 3 46 4 48 3 1384
0 99 90 36 91 39 3 1385
0 10 61 44 35 39 3 1386
1 94 50 49 48 57 1 1387
0 20 57 28 55 39 3 1388
1 1 59 46 47 45 1 1389
0 40 52 19 49 19 3 1390
0 80 52 52 51 47 3 1391
1 55 67 37 69 43 1 1392
0 18 51 29 55 26 4 1393
1 28 53 18 51 19 1 1394
0 113 54 53 46 71 3 1395
1 20 60 32 60 29 1 1396
0 89 55 2 59 1 3 1397
0 140 61 29 50 64 3 1398
1 69 47 58 52 55 1 1399
0 118 50 2 47 3 3 1400
0 13 69 47 67 50 3 1401
0 111 66 36 69 41 3 1402
1 7 52 63 49 66 1 1403
1 94 29 58 30 62 1 1404
0 104 46 51 70 32 3 1405
1 124 92 31 91 34 1 1406
1 124 64 44 66 39 1 1407
1 13 57 80 52 80 1 1408
1 93 91 39 90 47 1 1409
0 102 70 71 68 70 3 1410
0 80 60 69 29 77 3 1411
1 38 36 28 33 38 1 1412
1 0 59 28 61 24 5 1413
0 52 39 14 37 13 3 1414
1 116 53 44 49 57 1 1415
0 67 61 61 50 40 4 1416
1 12 60 24 63 21 1 1417
1 79 50 39 52 40 3 1418
0 67 47 43 47 50 3 1419
0 88 79 6 98 4 3 1420
0 26 53 49 58 36 3 1421
0 39 58 2 61 2 3 1422
1 24 57 42 57 38 1 1423
0 43 52 61 58 58 3 1424
0 69 55 75 63 69 5 1425
1 15 7 38 7 45 3 1426
1 75 66 24 63 25 2 1427
1 13 30 60 33 55 1 1428
1 33 91 40 90 45 2 1429
0 35 57 47 52 59 4 1430
0 52 14 29 12 30 6 1431
1 126 47 61 49 62 1 1432
0 14 45 74 63 69 3 1433
0 5 54 69 59 52 3 1434
1 109 55 35 60 36 2 1435
0 87 92 23 92 27 3 1436
0 40 55 14 60 18 3 1437
1 58 60 35 37 29 2 1438
0 111 45 37 53 8 3 1439
0 124 61 2 56 2 3 1440
1 117 59 37 53 45 1 1441
0 65 6 31 6 41 3 1442
1 77 87 3 85 4 2 1443
0 125 6 33 6 30 3 1444
1 56 64 77 69 74 1 1445
1 7 10 26 15 45 5 1446
0 66 70 38 68 42 3 1447
0 15 59 1 49 1 3 1448
0 27 65 50 64 41 3 1449
1 6 51 19 47 19 1 1450
1 72 45 62 48 54 4 1451
0 59 55 44 51 47 3 1452
1 69 56 79 55 77 2 1453
1 74 56 74 54 77 6 1454
1 22 60 38 48 41 2 1455
0 17 55 18 57 13 3 1456
1 9 81 6 69 6 1 1457
0 79 86 94 91 93 3 1458
0 62 46 48 43 58 3 1459
1 85 56 41 62 37 1 1460
1 121 48 80 46 81 1 1461
1 54 64 39 62 49 1 1462
0 70 41 12 36 13 3 1463
0 119 43 36 46 27 3 1464
1 5 49 46 43 56 2 1465
0 40 42 12 36 13 3 1466
1 40 53 19 48 19 2 1467
1 108 6 68 2 60 1 1468
0 63 49 80 52 80 3 1469
1 72 43 22 39 24 1 1470
1 25 56 22 62 25 5 1471
1 89 19 58 32 37 1 1472
0 114 52 44 51 48 3 1473
1 129 5 65 5 69 3 1474
1 127 49 49 46 54 1 1475
0 33 54 51 50 34 3 1476
1 60 35 48 55 49 5 1477
0 74 64 43 65 52 3 1478
1 48 36 14 40 12 1 1479
0 44 57 2 60 1 3 1480
1 46 58 58 52 64 2 1481
0 143 38 80 33 80 3 1482
1 17 48 4 45 4 5 1483
0 83 3 96 1 95 3 1484
0 46 59 34 42 39 3 1485
1 0 33 43 49 44 1 1486
0 107 85 93 87 94 3 1487
1 34 37 42 43 40 1 1488
0 141 85 4 87 3 3 1489
1 46 61 29 59 37 1 1490
1 20 56 42 49 50 2 1491
0 143 92 30 91 19 3 1492
1 52 55 45 55 50 1 1493
1 111 68 40 58 42 1 1494
0 88 56 46 62 25 3 1495
1 96 44 44 44 35 3 1496
1 33 70 6 78 6 1 1497
1 112 50 31 49 28 3 1498
1 94 6 62 5 65 1 1499
0 27 6 48 9 38 6 1500
0 133 69 38 68 48 3 1501
0 22 31 50 33 43 3 1502
0 103 63 70 55 79 4 1503
0 36 36 13 44 12 3 1504
0 100 98 25 98 28 3 1505
1 46 66 94 64 93 2 1506
0 12 62 24 55 27 4 1507
1 120 56 53 63 44 1 1508
0 17 7 38 5 74 3 1509
0 91 61 42 26 38 3 1510
1 102 23 15 31 16 3 1511
1 29 56 47 50 58 1 1512
0 74 47 3 44 2 5 1513
0 116 61 25 57 29 3 1514
0 79 91 37 91 40 3 1515
1 105 6 38 6 28 1 1516
1 43 63 45 65 37 3 1517
1 21 64 31 61 34 1 1518
0 35 88 94 85 94 3 1519
0 76 53 18 4 19 3 1520
1 68 37 53 50 60 1 1521
1 6 53 53 51 47 1 1522
0 109 62 50 63 40 5 1523
0 66 53 31 57 26 4 1524
0 36 64 32 50 60 3 1525
0 136 88 93 84 93 3 1526
0 5 63 53 63 56 3 1527
1 97 41 43 50 9 1 1528
0 74 45 2 26 2 3 1529
1 97 47 65 54 42 3 1530
0 132 58 46 55 44 5 1531
1 20 73 33 71 41 1 1532
0 87 67 73 71 69 4 1533
0 43 55 36 60 31 3 1534
1 62 56 2 65 1 3 1535
0 93 80 4 62 2 3 1536
0 55 50 26 50 29 3 1537
1 125 38 12 41 13 4 1538
1 39 48 2 46 3 3 1539
1 76 56 25 57 34 2 1540
1 104 68 34 66 28 3 1541
1 130 54 25 51 29 1 1542
1 117 48 57 50 53 1 1543
1 97 56 73 58 75 1 1544
1 75 66 93 63 94 1 1545
0 69 62 43 49 45 3 1546
1 122 50 81 57 80 1 1547
0 122 46 80 49 80 3 1548
0 96 66 93 65 95 3 1549
1 33 47 19 51 20 1 1550
1 139 5 42 6 39 1 1551
0 11 47 4 45 3 3 1552
1 92 46 4 35 3 1 1553
0 57 57 75 59 74 3 1554
1 116 61 24 56 29 1 1555
1 57 6 51 6 48 3 1556
1 140 68 38 55 40 1 1557
1 66 45 32 54 25 1 1558
1 124 70 35 64 44 1 1559
0 38 37 42 27 35 5 1560
0 29 56 41 66 29 3 1561
0 100 5 37 6 34 3 1562
0 143 49 19 50 16 3 1563
1 122 79 7 77 8 1 1564
0 81 71 74 68 73 3 1565
1 116 51 62 62 46 1 1566
1 129 69 43 64 50 1 1567
0 92 38 41 39 45 3 1568
1 124 64 32 69 33 1 1569
1 65 58 38 57 42 2 1570
0 16 47 39 52 35 4 1571
1 35 27 50 31 50 2 1572
0 5 60 27 44 34 3 1573
1 35 50 28 50 32 1 1574
1 132 60 41 56 50 5 1575
1 123 45 3 34 3 1 1576
1 38 51 40 51 43 1 1577
1 40 57 74 62 70 2 1578
0 60 51 20 47 20 3 1579
0 110 67 40 61 42 4 1580
1 24 42 29 41 34 1 1581
1 111 5 43 5 49 1 1582
0 103 5 39 6 29 3 1583
1 107 49 16 51 18 1 1584
1 53 53 48 37 48 2 1585
1 44 69 32 58 40 1 1586
0 11 51 57 44 62 3 1587
0 130 59 49 57 63 3 1588
0 98 51 80 55 80 3 1589
1 39 70 37 69 40 1 1590
0 140 60 34 54 48 3 1591
0 79 56 21 58 14 3 1592
0 31 38 2 13 0 3 1593
0 17 6 52 6 39 5 1594
1 60 46 20 51 19 1 1595
0 102 45 4 36 4 3 1596
0 87 52 40 57 39 3 1597
1 106 54 27 54 24 3 1598
1 110 48 44 49 47 1 1599
1 32 61 45 60 53 1 1600
0 57 87 94 85 93 3 1601
1 88 45 62 48 65 1 1602
0 51 56 31 39 56 3 1603
0 4 68 41 63 46 3 1604
0 69 58 75 55 73 3 1605
0 29 60 44 62 40 3 1606
0 33 50 17 48 16 3 1607
1 17 54 39 48 36 2 1608
0 30 46 2 43 3 3 1609
0 87 50 32 52 39 3 1610
1 57 60 41 58 43 1 1611
1 66 43 20 41 22 5 1612
1 127 62 27 60 23 1 1613
0 73 49 78 61 73 3 1614
0 48 6 49 6 34 3 1615
1 74 57 53 52 60 1 1616
1 120 67 42 53 69 1 1617
0 33 45 48 21 19 3 1618
0 14 46 39 53 32 5 1619
1 68 58 36 48 41 2 1620
1 115 59 30 55 36 1 1621
1 14 53 46 52 43 1 1622
0 8 50 37 51 34 3 1623
0 139 91 35 91 19 3 1624
1 9 51 61 55 45 2 1625
0 52 37 43 21 29 3 1626
0 74 41 20 44 21 5 1627
0 96 46 38 46 52 5 1628
0 63 68 78 66 75 6 1629
0 65 68 36 64 53 3 1630
1 109 55 76 59 76 1 1631
1 40 59 18 57 19 5 1632
0 48 91 27 92 30 3 1633
1 93 6 33 5 39 1 1634
1 102 56 40 49 52 1 1635
1 91 31 54 30 51 1 1636
1 72 67 92 65 94 1 1637
0 116 70 34 69 43 3 1638
0 118 52 47 50 44 3 1639
0 137 51 33 50 36 3 1640
1 9 51 61 33 40 1 1641
0 143 66 93 67 91 5 1642
1 132 50 78 55 75 1 1643
1 36 29 54 31 47 1 1644
0 80 71 29 71 25 3 1645
0 38 43 22 19 27 3 1646
0 112 53 23 54 25 3 1647
0 103 52 54 49 58 3 1648
1 143 50 14 53 14 2 1649
0 63 66 78 69 74 3 1650
0 57 6 53 6 42 4 1651
0 16 41 12 37 11 5 1652
0 142 28 41 32 46 3 1653
1 101 54 27 59 29 2 1654
1 54 6 64 5 68 1 1655
1 117 50 53 52 49 1 1656
1 110 70 33 69 31 2 1657
0 49 36 44 41 37 3 1658
0 84 71 30 62 45 3 1659
0 8 53 31 50 34 3 1660
0 59 92 31 91 28 3 1661
1 88 67 33 62 28 1 1662
1 143 98 23 98 19 2 1663
0 68 67 41 69 34 3 1664
0 37 5 53 4 51 3 1665
1 46 58 63 57 59 3 1666
0 22 77 6 80 5 3 1667
0 133 53 34 49 39 3 1668
1 48 32 42 26 41 1 1669
1 111 55 41 49 55 1 1670
0 88 38 3 42 3 3 1671
1 86 63 44 66 41 1 1672
1 62 59 77 57 76 2 1673
1 86 56 37 50 48 1 1674
0 99 67 92 65 91 3 1675
0 81 48 2 43 2 3 1676
0 140 56 80 52 80 4 1677
0 141 53 46 52 52 5 1678
1 88 56 70 58 72 1 1679
1 39 59 36 65 17 1 1680
1 97 49 52 48 55 1 1681
1 136 56 34 59 35 1 1682
0 9 6 34 6 40 3 1683
1 33 91 32 92 24 1 1684
0 136 90 37 91 29 3 1685
0 126 49 3 40 3 3 1686
1 107 40 37 41 39 1 1687
0 38 53 34 55 29 5 1688
1 54 60 42 59 45 1 1689
1 53 52 80 55 80 1 1690
1 57 98 24 98 31 6 1691
1 8 58 30 57 34 2 1692
1 106 50 55 54 47 4 1693
1 127 46 53 46 50 1 1694
1 51 62 20 59 33 1 1695
0 15 64 1 60 0 3 1696
1 46 91 37 91 33 2 1697
1 31 46 54 32 57 2 1698
1 11 32 48 33 44 2 1699
0 95 50 43 48 44 3 1700
1 53 62 14 53 13 1 1701
0 15 67 39 68 42 3 1702
1 48 47 57 42 66 1 1703
0 117 60 43 63 32 3 1704
0 98 52 77 60 71 3 1705
0 31 45 20 50 19 3 1706
1 113 54 39 50 36 1 1707
1 119 59 42 56 39 6 1708
0 60 60 47 56 53 3 1709
0 8 91 38 91 29 3 1710
0 10 61 47 61 37 3 1711
0 35 51 24 48 29 3 1712
0 3 92 23 91 39 3 1713
1 51 53 81 59 70 2 1714
0 74 45 21 50 19 3 1715
1 77 81 4 79 5 2 1716
1 56 63 31 45 35 1 1717
1 79 6 44 7 46 4 1718
0 31 91 35 91 29 3 1719
0 16 44 11 39 12 3 1720
0 19 43 55 44 52 3 1721
1 90 59 20 62 35 2 1722
1 131 67 41 58 44 1 1723
0 29 61 32 63 33 3 1724
0 24 67 34 70 37 3 1725
0 19 52 24 50 28 3 1726
0 57 46 3 42 3 3 1727
0 72 69 41 67 42 3 1728
0 128 30 45 29 53 3 1729
0 86 6 63 5 67 3 1730
1 60 52 42 49 41 6 1731
1 36 33 52 28 57 1 1732
0 82 55 80 50 81 3 1733
0 71 88 93 90 90 3 1734
0 141 53 40 52 36 3 1735
0 120 57 71 57 75 6 1736
0 77 85 4 86 2 3 1737
0 81 68 46 65 44 3 1738
0 35 6 69 5 74 3 1739
1 81 58 28 31 42 1 1740
0 107 32 50 27 56 3 1741
1 79 44 28 46 26 1 1742
0 36 29 58 28 60 3 1743
1 75 92 25 92 29 3 1744
0 143 34 43 29 52 3 1745
1 22 47 46 32 55 2 1746
1 5 88 93 86 94 1 1747
0 1 68 77 69 69 3 1748
1 142 46 2 52 2 1 1749
0 141 41 13 26 16 3 1750
0 90 57 9 58 17 3 1751
0 31 49 28 51 26 3 1752
1 64 60 34 63 30 1 1753
1 45 40 34 45 34 2 1754
0 38 59 43 61 37 3 1755
0 33 62 1 56 2 3 1756
1 62 56 25 52 32 1 1757
1 65 60 17 58 19 2 1758
0 27 48 47 33 57 3 1759
1 3 44 3 47 2 2 1760
1 23 51 25 50 30 1 1761
1 66 52 56 51 61 1 1762
1 24 6 40 7 44 2 1763
1 65 29 55 26 69 3 1764
0 87 6 42 6 38 3 1765
1 63 91 32 92 24 1 1766
0 109 29 53 31 58 3 1767
1 89 5 35 6 30 3 1768
0 48 26 12 32 12 3 1769
0 136 56 41 32 42 3 1770
0 134 62 41 52 62 3 1771
1 135 46 53 32 57 1 1772
1 128 87 4 84 4 4 1773
0 36 68 41 67 36 3 1774
0 82 51 48 44 45 5 1775
1 92 59 17 58 19 1 1776
0 116 48 19 39 19 3 1777
1 25 71 39 40 40 1 1778
1 40 58 17 53 19 1 1779
0 41 45 64 49 54 3 1780
0 76 5 61 5 67 3 1781
0 104 58 37 58 43 3 1782
0 88 98 18 98 15 3 1783
1 88 40 40 39 48 1 1784
0 70 52 80 56 80 3 1785
0 138 46 4 42 4 3 1786
0 27 63 69 60 71 3 1787
0 68 69 40 66 40 3 1788
1 96 53 80 56 81 1 1789
0 96 53 39 61 34 3 1790
1 5 50 47 54 51 1 1791
1 47 58 26 59 24 1 1792
1 141 57 48 61 53 2 1793
0 93 92 26 91 30 3 1794
1 142 55 58 52 66 2 1795
1 65 6 32 6 42 6 1796
1 96 30 47 30 43 1 1797
1 64 51 30 39 20 1 1798
1 121 68 71 71 75 5 1799
1 0 43 4 35 4 1 1800
1 63 45 48 44 52 1 1801
0 75 59 46 63 30 3 1802
0 104 51 44 56 25 3 1803
1 113 51 47 44 49 2 1804
1 108 69 74 72 66 1 1805
0 97 53 43 55 48 3 1806
0 44 42 45 38 52 3 1807
0 116 58 26 60 31 5 1808
0 60 55 65 54 59 3 1809
1 10 44 29 42 32 1 1810
0 141 58 27 57 30 3 1811
0 32 87 3 86 5 3 1812
1 106 6 52 6 42 3 1813
1 58 42 72 44 68 6 1814
1 36 64 34 56 39 1 1815
1 22 26 66 29 66 1 1816
1 126 98 21 98 18 2 1817
1 57 68 72 66 74 1 1818
1 66 55 77 57 75 2 1819
0 53 32 49 36 44 3 1820
1 29 47 38 51 32 2 1821
1 19 48 54 52 32 1 1822
0 88 47 2 43 2 3 1823
1 108 68 78 69 75 2 1824
1 28 61 38 50 38 1 1825
0 5 52 49 53 44 3 1826
0 26 45 62 46 58 5 1827
1 131 49 54 51 50 1 1828
1 88 57 63 57 31 2 1829
0 101 61 42 62 46 3 1830
1 26 60 41 64 23 1 1831
0 50 45 33 43 38 3 1832
0 108 5 70 6 65 3 1833
0 119 6 48 6 53 3 1834
0 113 56 39 61 30 3 1835
1 137 29 61 33 45 1 1836
0 143 59 18 55 21 3 1837
1 143 53 59 51 69 5 1838
0 87 57 39 60 45 3 1839
0 13 71 38 65 53 3 1840
1 0 6 68 4 66 1 1841
0 132 32 78 62 68 3 1842
0 17 59 36 57 38 3 1843
0 6 30 51 31 48 3 1844
1 124 45 47 46 53 5 1845
1 39 63 31 58 36 1 1846
1 133 91 34 91 37 2 1847
1 119 68 41 67 43 1 1848
0 97 71 40 60 44 3 1849
1 79 6 34 6 25 2 1850
1 1 57 37 59 34 1 1851
0 115 55 77 54 79 3 1852
1 116 47 53 37 47 1 1853
1 52 62 24 60 29 2 1854
1 49 6 36 5 46 1 1855
1 17 45 4 41 4 1 1856
1 31 48 2 51 1 1 1857
0 67 27 2 30 2 3 1858
1 70 47 48 22 19 2 1859
0 12 65 1 62 2 4 1860
1 27 5 67 7 41 1 1861
0 28 72 37 71 39 3 1862
1 97 55 32 57 45 5 1863
0 143 46 18 51 18 3 1864
1 112 36 13 34 14 5 1865
0 52 54 43 56 45 3 1866
1 6 84 4 86 6 1 1867
1 21 88 93 85 93 1 1868
1 92 60 15 55 18 3 1869
0 104 58 33 57 40 3 1870
1 6 56 19 59 16 1 1871
1 7 30 60 31 49 5 1872
1 8 48 62 47 57 1 1873
1 60 98 20 98 14 1 1874
0 90 63 22 57 35 3 1875
0 126 6 60 6 64 3 1876
0 13 5 68 2 69 3 1877
0 43 44 51 45 49 3 1878
1 60 49 78 52 80 1 1879
0 83 30 78 50 77 3 1880
0 33 60 35 62 33 3 1881
1 37 55 43 53 57 1 1882
1 18 63 30 60 23 1 1883
1 86 6 48 5 56 1 1884
0 59 30 55 27 64 3 1885
0 88 44 22 40 22 3 1886
0 107 52 19 55 18 3 1887
1 97 48 29 52 25 1 1888
0 66 62 24 59 26 4 1889
0 5 40 3 36 3 3 1890
1 94 32 51 31 56 1 1891
1 97 44 58 44 43 2 1892
0 126 64 76 66 74 3 1893
0 124 91 20 90 25 3 1894
0 64 57 22 55 21 3 1895
0 71 55 41 52 46 3 1896
0 76 54 40 55 44 3 1897
0 130 49 20 51 18 5 1898
0 59 5 66 6 68 3 1899
0 36 61 50 62 48 4 1900
1 9 55 43 53 47 5 1901
0 71 5 42 5 45 3 1902
0 56 67 41 58 44 3 1903
1 79 32 54 34 44 1 1904
0 74 48 2 37 2 5 1905
0 52 45 31 46 27 3 1906
0 60 59 26 56 35 3 1907
0 68 65 41 51 37 3 1908
1 55 68 35 67 40 1 1909
1 81 50 27 53 27 1 1910
0 125 52 50 50 56 3 1911
0 53 59 16 52 19 3 1912
0 94 5 68 6 65 3 1913
1 102 6 31 5 47 2 1914
0 104 60 40 58 29 3 1915
0 139 65 1 61 1 5 1916
1 132 55 38 58 35 4 1917
0 52 56 42 59 46 3 1918
0 116 68 40 64 52 3 1919
1 61 65 43 63 58 1 1920
1 141 31 47 32 52 1 1921
1 121 53 43 58 46 4 1922
0 9 54 28 41 22 3 1923
0 93 58 45 56 38 3 1924
1 96 6 55 6 62 2 1925
0 105 5 27 6 25 4 1926
0 91 58 37 56 44 5 1927
1 35 54 60 53 62 1 1928
1 21 58 43 60 29 2 1929
1 142 63 38 50 45 1 1930
0 97 51 26 53 25 3 1931
1 54 6 63 6 67 1 1932
1 39 49 53 57 35 2 1933
0 57 6 49 7 39 3 1934
1 31 54 80 51 80 1 1935
1 0 27 54 30 46 4 1936
1 103 52 45 53 41 1 1937
0 122 54 39 58 41 3 1938
1 119 81 5 83 4 1 1939
0 74 57 76 60 76 3 1940
0 140 44 11 39 12 3 1941
1 117 50 49 55 45 3 1942
1 8 50 47 57 46 1 1943
0 18 4 39 5 47 6 1944
0 26 55 37 57 39 3 1945
0 0 26 51 29 48 3 1946
0 78 46 58 49 55 3 1947
1 105 43 19 37 18 2 1948
1 102 49 57 27 48 1 1949
1 47 51 63 55 54 1 1950
0 96 5 52 5 56 3 1951
1 113 92 29 91 38 3 1952
0 134 82 3 79 5 3 1953
0 32 33 48 31 49 3 1954
1 18 91 34 91 28 1 1955
1 125 43 44 43 47 1 1956
1 84 62 2 82 5 1 1957
0 1 50 43 52 48 3 1958
1 42 54 47 49 52 1 1959
1 98 62 37 42 39 2 1960
1 66 63 17 49 15 1 1961
0 50 49 28 51 25 3 1962
1 132 53 39 60 41 5 1963
1 122 87 90 86 92 1 1964
1 131 48 23 45 31 1 1965
1 121 52 26 47 30 1 1966
0 37 87 4 84 4 3 1967
0 117 57 48 62 40 3 1968
0 128 56 13 58 15 5 1969
1 98 37 41 39 38 1 1970
0 116 55 53 55 66 4 1971
0 39 60 19 60 16 3 1972
0 120 56 52 57 63 3 1973
1 108 50 80 56 80 1 1974
0 83 89 93 88 91 3 1975
1 119 66 43 69 35 1 1976
0 121 62 19 60 18 3 1977
0 85 54 76 51 79 4 1978
0 111 49 35 53 32 3 1979
0 14 55 19 53 21 6 1980
0 82 32 65 38 79 3 1981
0 126 48 52 47 54 3 1982
1 14 91 33 90 37 2 1983
1 80 6 56 5 54 3 1984
1 59 59 27 50 31 1 1985
1 54 55 25 53 21 2 1986
0 43 80 5 99 3 3 1987
1 15 53 44 50 41 1 1988
1 29 53 23 50 18 1 1989
1 114 61 51 55 57 1 1990
1 24 70 31 70 35 1 1991
0 34 48 4 50 3 3 1992
1 140 68 70 69 72 2 1993
0 61 49 2 44 1 3 1994
1 7 6 63 6 66 1 1995
1 87 65 45 55 52 1 1996
0 64 31 13 34 14 3 1997
1 110 42 36 43 31 1 1998
1 132 53 80 56 80 2 1999
