1 40 25 76 29 74 1 0
1 120 28 73 34 59 1 1
1 107 31 63 32 60 1 2
1 0 32 67 31 66 1 3
0 123 31 64 27 69 5 4
0 75 26 71 27 72 4 5
0 12 23 70 32 66 3 6
0 82 29 77 29 77 3 7
1 26 31 67 34 66 1 8
1 82 33 63 30 68 1 9
1 0 34 64 28 69 5 10
0 48 32 64 30 65 3 11
0 89 32 62 25 86 4 12
0 98 27 71 32 62 4 13
1 53 27 70 25 76 1 14
1 123 31 72 27 74 1 15
0 76 27 68 27 71 3 16
1 123 23 57 27 60 1 17
1 41 30 60 31 63 1 18
0 41 28 44 27 59 3 19
1 83 32 69 18 89 2 20
1 82 28 71 32 64 1 21
0 123 30 64 32 61 3 22
0 123 29 67 31 62 3 23
0 82 34 60 33 53 4 24
0 34 31 64 27 71 3 25
1 26 28 78 22 91 1 26
1 15 27 69 24 76 1 27
1 41 27 71 30 64 1 28
0 124 31 61 33 64 3 29
0 47 31 65 27 59 3 30
1 84 32 66 32 65 1 31
1 0 5 46 29 76 5 32
1 82 29 51 27 59 1 33
0 41 27 71 30 64 3 34
0 41 25 76 26 74 3 35
1 14 29 69 31 69 1 36
1 41 33 52 32 54 1 37
0 78 26 74 28 68 3 38
1 28 28 68 27 71 3 39
0 76 34 60 34 63 3 40
0 2 31 65 30 65 3 41
0 0 30 67 27 81 6 42
0 82 33 65 32 64 3 43
0 117 27 70 26 71 3 44
1 123 32 67 29 69 1 45
1 82 30 63 30 66 1 46
1 123 28 71 28 71 2 47
1 41 29 77 35 43 1 48
1 119 34 57 27 51 2 49
0 90 34 64 28 68 3 50
0 0 34 63 28 69 3 51
0 53 31 49 19 66 3 52
1 21 31 65 31 63 2 53
1 46 29 69 33 67 2 54
0 139 29 51 27 48 3 55
1 41 29 69 32 61 1 56
1 70 32 67 33 65 1 57
0 142 32 61 30 61 3 58
0 82 31 62 25 76 3 59
0 32 26 73 27 77 3 60
1 100 35 57 30 62 1 61
1 120 31 71 31 72 1 62
1 77 29 54 32 55 4 63
0 19 29 76 33 63 3 64
0 43 28 77 25 76 3 65
1 135 28 68 28 69 1 66
1 41 30 67 24 77 1 67
0 123 27 60 27 51 3 68
1 41 33 67 31 73 5 69
0 41 26 73 30 72 3 70
0 137 29 67 30 65 3 71
0 41 29 69 29 67 3 72
0 8 34 65 31 66 3 73
1 82 34 64 34 57 1 74
0 97 28 52 29 52 3 75
0 51 34 64 31 62 3 76
1 0 29 68 29 67 1 77
0 118 30 64 22 68 3 78
0 135 31 65 30 65 4 79
1 41 33 57 28 78 1 80
0 41 25 76 34 65 3 81
1 69 31 72 30 62 1 82
0 123 32 61 26 71 3 83
0 123 31 71 32 67 3 84
0 0 34 61 34 61 3 85
0 82 29 67 26 74 6 86
0 131 31 64 29 68 3 87
0 28 30 67 28 70 3 88
1 123 35 57 34 57 1 89
0 123 28 68 27 68 3 90
1 82 31 65 30 65 1 91
1 58 31 48 29 51 1 92
0 41 29 69 30 65 5 93
1 124 30 52 5 49 1 94
0 99 30 54 26 36 3 95
0 0 29 74 35 58 3 96
1 8 30 72 33 69 1 97
0 123 32 66 24 55 6 98
0 103 32 67 32 64 3 99
0 41 30 66 26 73 3 100
1 41 5 45 31 41 1 101
0 41 31 71 30 73 3 102
0 82 29 69 27 71 3 103
1 123 30 67 31 66 3 104
1 126 24 56 24 58 1 105
0 123 16 71 22 93 5 106
1 41 29 77 28 73 1 107
1 120 29 58 32 61 2 108
0 0 27 65 29 77 3 109
1 123 33 66 34 64 1 110
0 64 33 65 27 71 3 111
0 46 30 68 30 73 3 112
1 38 26 72 31 62 3 113
1 82 30 62 26 73 2 114
1 0 31 65 32 62 1 115
1 41 4 44 0 36 5 116
1 54 31 65 32 58 2 117
0 0 30 67 31 65 3 118
1 41 30 66 31 63 1 119
1 123 31 66 33 68 1 120
0 4 23 67 27 55 3 121
1 41 32 66 25 74 1 122
0 82 32 68 32 69 3 123
1 123 30 69 24 67 6 124
0 120 32 63 30 63 3 125
1 56 32 70 25 85 2 126
0 0 31 65 34 65 3 127
0 0 34 64 33 64 3 128
1 41 33 67 33 63 1 129
0 6 29 68 30 64 3 130
1 38 30 51 32 50 1 131
0 41 33 62 34 56 3 132
0 0 26 74 24 76 3 133
1 123 28 68 32 61 5 134
0 123 31 61 27 70 4 135
0 0 27 74 26 78 3 136
1 63 27 71 27 71 2 137
1 93 34 66 32 60 1 138
0 24 33 66 29 68 4 139
1 82 33 64 31 74 1 140
0 123 29 68 30 65 5 141
0 123 34 64 29 76 4 142
1 115 28 78 27 77 1 143
0 83 31 61 27 74 3 144
1 0 31 70 29 75 2 145
1 82 32 63 34 59 5 146
0 41 27 73 27 75 3 147
0 0 24 77 27 73 3 148
0 0 29 74 30 62 3 149
1 0 34 64 32 67 1 150
1 82 29 67 32 65 1 151
1 0 33 63 32 65 3 152
1 100 28 70 27 73 1 153
0 123 30 66 34 62 3 154
0 123 34 63 31 61 3 155
0 11 31 65 29 69 3 156
1 88 32 49 32 62 3 157
1 130 30 73 32 69 2 158
0 58 30 62 34 62 3 159
0 41 31 72 31 70 3 160
0 16 30 67 30 71 3 161
1 123 30 68 32 66 1 162
0 90 26 77 25 77 3 163
0 112 31 71 31 71 3 164
0 69 29 68 32 69 3 165
1 82 35 60 32 70 5 166
0 123 32 60 34 59 3 167
1 123 32 53 33 52 2 168
1 76 32 48 27 60 1 169
1 41 30 68 31 64 5 170
1 0 29 67 18 59 5 171
0 137 30 68 29 68 4 172
1 0 34 60 29 75 5 173
1 123 29 68 30 67 1 174
1 75 33 62 27 74 2 175
1 140 33 61 32 66 2 176
1 56 27 72 26 74 3 177
1 0 31 72 29 69 1 178
1 19 33 67 14 85 1 179
0 82 35 57 31 61 3 180
0 123 29 75 30 73 3 181
0 21 34 61 29 50 4 182
0 41 28 70 26 72 5 183
1 41 27 71 26 74 1 184
1 58 34 59 33 64 1 185
0 123 32 64 31 71 3 186
1 99 34 58 33 68 1 187
0 98 30 64 30 67 3 188
1 119 30 71 34 63 1 189
1 41 28 70 27 73 1 190
0 82 29 69 28 68 3 191
0 37 34 58 33 61 3 192
0 41 29 66 33 68 5 193
0 16 31 55 21 61 4 194
0 39 34 58 34 58 3 195
0 0 31 66 31 58 3 196
0 21 29 75 29 75 3 197
1 33 34 59 32 62 2 198
0 41 31 66 31 70 3 199
0 121 31 61 27 71 3 200
0 123 33 61 24 69 3 201
0 0 30 68 11 85 5 202
1 0 6 47 6 47 2 203
1 123 27 72 29 68 6 204
1 46 32 65 34 64 1 205
1 0 31 71 30 65 1 206
0 24 28 76 30 75 3 207
1 0 30 66 30 66 5 208
0 82 30 61 27 53 3 209
0 82 27 74 28 76 3 210
1 123 31 64 31 65 2 211
1 0 30 68 27 69 1 212
1 123 28 68 26 74 3 213
0 127 28 78 28 80 3 214
1 106 33 62 30 66 1 215
0 143 31 68 31 66 3 216
0 93 27 70 29 67 3 217
1 69 30 61 29 67 3 218
0 6 32 64 31 66 3 219
0 123 27 59 25 58 3 220
1 123 23 86 23 86 2 221
1 63 30 65 31 62 1 222
1 136 11 57 11 57 2 223
1 2 28 58 24 55 2 224
0 63 25 85 23 84 3 225
0 48 29 69 28 72 3 226
1 0 29 73 28 72 1 227
1 123 30 67 28 68 3 228
0 41 32 61 27 69 3 229
1 24 33 63 33 63 1 230
0 77 31 65 31 66 3 231
1 0 31 60 35 60 5 232
1 52 32 67 34 64 1 233
1 45 33 64 32 67 1 234
1 121 32 68 32 67 1 235
0 41 30 69 22 70 3 236
1 0 32 55 26 66 1 237
1 96 32 60 32 66 1 238
1 41 26 73 32 70 5 239
1 0 30 68 7 56 2 240
0 82 26 60 27 50 5 241
1 133 24 65 29 67 1 242
1 41 34 65 31 64 2 243
1 82 28 68 30 69 2 244
1 82 33 64 32 68 2 245
1 101 30 73 29 77 1 246
0 82 34 65 27 69 3 247
0 58 32 48 28 44 3 248
1 82 34 65 33 59 1 249
1 41 31 63 29 75 6 250
0 123 25 59 29 59 3 251
1 123 34 59 32 70 1 252
0 123 30 62 34 58 3 253
0 41 31 62 34 58 3 254
1 139 26 74 26 74 4 255
0 39 31 64 29 71 3 256
0 78 31 60 26 58 3 257
0 123 28 69 27 72 3 258
0 41 32 63 35 57 3 259
1 41 26 73 25 88 1 260
1 102 28 70 26 73 2 261
0 82 27 72 27 74 6 262
0 123 35 60 29 67 3 263
0 28 30 74 27 71 3 264
0 82 29 69 27 72 5 265
0 56 32 66 34 62 3 266
1 0 34 63 30 67 1 267
0 133 31 62 33 61 3 268
0 82 32 62 31 61 4 269
0 0 34 61 22 67 3 270
1 16 31 64 28 58 1 271
0 22 29 67 30 63 3 272
0 49 34 62 31 62 3 273
1 41 30 67 29 75 4 274
1 78 28 58 27 61 1 275
1 123 32 63 30 66 2 276
1 41 33 64 31 62 1 277
1 111 33 62 32 54 4 278
1 15 28 69 28 70 3 279
1 41 32 65 33 66 3 280
1 82 31 65 33 64 5 281
1 82 31 60 30 65 5 282
0 18 28 71 29 67 3 283
0 139 29 74 27 72 3 284
1 123 31 63 23 82 1 285
0 122 31 63 32 66 3 286
1 41 26 72 27 71 1 287
1 123 29 69 31 63 2 288
1 41 30 73 29 72 3 289
0 74 34 64 33 64 3 290
0 52 5 45 22 93 3 291
1 43 28 71 29 68 2 292
1 86 34 64 32 67 2 293
0 128 27 73 29 73 3 294
0 94 22 69 23 67 3 295
1 116 34 58 30 62 1 296
0 123 31 63 7 76 4 297
0 135 31 66 34 64 3 298
1 123 31 60 34 64 1 299
0 123 29 75 30 74 5 300
1 123 30 66 30 66 5 301
0 82 32 64 32 66 3 302
0 37 34 64 31 65 3 303
0 86 27 73 33 64 3 304
1 81 30 67 31 64 4 305
0 120 31 66 23 56 3 306
0 82 30 74 27 71 3 307
1 137 32 61 29 50 1 308
0 82 31 71 30 75 3 309
1 41 28 69 31 71 1 310
0 82 31 65 33 64 3 311
1 0 27 71 27 74 2 312
1 0 29 68 27 72 6 313
1 41 31 63 28 68 1 314
0 96 30 68 31 65 3 315
1 61 26 76 26 69 2 316
0 76 29 75 28 77 3 317
1 99 32 61 19 68 1 318
0 82 25 60 31 62 3 319
1 82 30 63 32 67 1 320
1 123 32 64 33 67 1 321
0 99 35 57 34 57 3 322
1 135 31 62 33 62 1 323
1 0 31 65 29 73 2 324
1 41 28 71 32 65 1 325
0 123 31 64 29 68 3 326
1 123 32 64 29 74 5 327
0 63 29 74 28 76 3 328
0 69 34 62 32 65 3 329
0 123 26 71 32 55 6 330
1 41 34 65 31 70 1 331
0 77 30 65 32 61 3 332
0 23 29 68 26 75 3 333
1 123 29 72 30 63 5 334
1 82 31 63 32 69 6 335
0 82 29 75 31 70 3 336
0 41 31 65 32 69 3 337
1 82 33 65 34 64 2 338
0 126 31 66 30 65 3 339
0 76 31 65 32 67 3 340
0 4 29 68 34 64 3 341
1 38 27 75 29 74 1 342
1 82 31 65 30 66 5 343
1 123 24 77 25 76 1 344
1 13 29 66 32 63 2 345
0 136 34 59 29 69 3 346
0 41 30 70 30 71 3 347
0 41 33 61 30 73 3 348
1 79 32 66 28 69 1 349
0 82 31 62 32 59 5 350
1 24 30 65 31 60 1 351
0 42 30 68 26 73 4 352
1 122 34 58 34 63 1 353
1 113 30 67 30 61 2 354
0 66 27 71 23 69 3 355
0 82 27 74 29 74 3 356
0 91 31 62 32 66 3 357
1 41 33 68 33 65 6 358
0 114 28 68 27 72 3 359
0 82 31 72 26 72 3 360
1 41 30 50 32 60 1 361
1 0 31 64 33 63 3 362
1 0 32 68 32 70 1 363
0 82 32 61 26 73 3 364
1 123 34 64 32 69 1 365
1 0 30 66 33 65 1 366
0 31 29 68 27 69 3 367
1 48 30 65 31 66 1 368
0 82 27 71 31 72 3 369
1 35 28 69 30 69 2 370
0 41 34 60 31 66 6 371
1 48 31 69 29 75 1 372
1 107 26 71 30 63 1 373
1 27 29 69 26 72 2 374
1 135 32 64 32 66 1 375
0 0 33 65 33 63 3 376
1 123 31 66 37 39 1 377
1 0 30 69 31 66 1 378
1 24 34 57 34 57 1 379
1 0 33 63 29 69 1 380
0 111 31 67 28 68 3 381
1 123 29 69 28 70 6 382
1 56 28 69 35 57 1 383
0 123 34 57 34 65 6 384
1 82 30 66 30 71 1 385
0 0 29 67 23 69 3 386
0 41 33 59 32 60 3 387
1 41 31 63 30 69 1 388
1 82 24 65 24 64 6 389
0 124 34 59 34 58 3 390
0 28 27 70 33 63 3 391
0 135 30 74 28 72 3 392
0 0 30 68 30 65 3 393
1 41 29 64 32 63 1 394
0 123 30 67 30 66 3 395
0 122 30 68 33 60 3 396
0 123 34 58 30 61 3 397
1 123 31 70 32 69 1 398
1 41 31 72 31 71 2 399
1 82 34 65 28 69 1 400
1 72 31 63 31 61 1 401
0 82 32 64 33 61 5 402
1 82 31 67 26 67 2 403
1 82 27 77 27 76 1 404
0 17 33 64 30 62 3 405
1 48 26 71 23 71 1 406
0 69 30 72 30 75 3 407
1 92 34 57 27 71 1 408
1 68 32 60 26 72 2 409
1 102 31 62 6 49 1 410
1 82 29 69 27 71 1 411
0 58 30 65 32 61 3 412
1 41 27 69 30 68 2 413
1 96 32 66 33 60 1 414
0 123 28 71 27 71 3 415
1 130 31 62 28 69 2 416
1 0 34 65 35 58 1 417
1 41 27 69 31 72 1 418
0 0 27 73 9 57 6 419
0 80 29 69 30 65 3 420
0 0 33 63 31 69 3 421
1 124 33 63 31 63 1 422
1 88 33 63 29 67 3 423
0 0 31 66 32 68 3 424
0 82 31 65 32 68 5 425
1 41 28 77 27 78 6 426
1 62 30 62 34 65 2 427
1 123 30 62 34 57 1 428
0 41 31 65 32 61 3 429
1 141 28 70 30 72 1 430
1 7 32 60 32 62 2 431
1 56 27 81 31 63 1 432
1 141 25 66 26 67 1 433
1 41 31 70 29 73 6 434
1 70 28 54 27 53 3 435
1 109 27 58 31 61 2 436
0 0 30 66 31 68 3 437
1 70 29 68 31 48 1 438
0 124 30 72 27 70 3 439
0 41 30 68 31 65 3 440
1 0 30 66 31 64 1 441
0 123 31 72 31 72 5 442
0 123 29 50 31 61 5 443
0 0 29 68 28 69 3 444
1 102 32 65 29 68 1 445
0 89 32 63 34 59 3 446
1 123 31 60 27 71 5 447
0 102 32 66 30 70 3 448
1 141 34 67 33 62 1 449
1 58 27 71 30 65 1 450
1 65 32 65 32 60 1 451
1 93 25 58 31 54 2 452
0 37 32 64 20 71 3 453
1 143 31 66 27 71 2 454
0 71 30 71 31 71 3 455
1 26 28 78 25 87 1 456
1 0 31 64 32 65 1 457
1 118 31 62 29 67 1 458
0 89 27 73 28 70 3 459
1 53 30 72 34 58 1 460
0 41 25 68 25 68 3 461
1 141 29 68 28 80 1 462
1 0 28 76 27 78 1 463
1 123 32 65 30 66 1 464
0 6 26 71 27 70 3 465
1 43 25 84 23 90 1 466
0 105 27 71 29 66 3 467
1 41 31 67 33 63 1 468
0 41 31 65 34 64 4 469
0 55 32 64 33 64 3 470
0 52 34 64 34 59 3 471
0 135 29 69 28 72 3 472
0 0 34 64 33 62 5 473
0 82 32 62 29 76 6 474
1 41 33 64 28 76 1 475
0 41 26 60 0 70 3 476
1 28 29 76 26 82 1 477
1 108 30 61 20 88 1 478
1 123 31 66 30 65 1 479
1 110 31 62 28 69 1 480
1 29 34 59 30 75 1 481
1 116 30 68 32 66 4 482
1 23 32 65 30 65 1 483
0 8 3 44 20 63 3 484
0 82 32 66 31 65 6 485
1 15 31 62 30 64 1 486
1 41 30 70 30 66 5 487
1 123 29 69 29 68 2 488
0 67 32 69 24 77 3 489
1 82 28 69 29 70 1 490
1 103 27 82 33 61 1 491
0 45 33 65 33 61 3 492
0 123 30 65 31 64 3 493
0 28 27 70 32 65 3 494
1 123 30 67 30 62 6 495
0 76 32 69 33 66 3 496
1 41 27 62 29 68 5 497
0 41 32 61 31 62 5 498
0 122 28 68 28 70 3 499
0 82 27 75 28 75 3 500
0 41 33 63 32 65 3 501
1 41 33 64 15 70 1 502
0 82 33 59 30 65 4 503
0 10 32 68 26 73 3 504
1 0 28 77 29 74 2 505
0 0 30 67 34 57 6 506
0 141 27 71 31 70 3 507
1 82 32 66 31 64 3 508
0 127 34 61 29 77 3 509
0 65 32 52 25 62 3 510
1 10 26 61 30 67 1 511
1 123 31 61 30 61 5 512
0 39 21 72 20 71 3 513
1 82 31 70 31 58 1 514
1 123 31 66 31 66 5 515
1 109 28 68 30 65 1 516
0 123 25 74 24 76 3 517
1 0 34 64 32 72 2 518
0 10 33 69 99 0 3 519
1 45 30 69 32 66 1 520
1 61 32 64 32 65 1 521
1 82 33 69 23 69 2 522
1 123 32 69 35 56 1 523
1 123 32 62 31 60 5 524
0 41 27 72 32 60 3 525
0 41 30 65 28 78 6 526
1 1 27 71 29 69 2 527
0 83 30 64 32 67 3 528
0 41 32 64 26 71 3 529
1 41 33 69 35 58 2 530
0 123 31 66 30 64 6 531
1 82 28 68 29 74 1 532
0 63 29 74 30 72 3 533
0 87 30 65 22 71 3 534
0 82 31 62 33 63 3 535
1 82 27 73 30 74 1 536
0 41 30 62 30 68 3 537
1 123 32 69 32 66 3 538
0 76 31 63 31 55 3 539
0 0 30 53 32 60 3 540
1 4 30 64 31 61 1 541
0 21 29 76 30 74 3 542
0 104 33 66 32 68 3 543
0 120 29 74 27 74 3 544
0 50 27 69 28 54 3 545
0 82 29 71 30 68 3 546
1 0 31 62 32 63 3 547
0 41 27 72 31 64 3 548
1 2 28 68 27 72 1 549
1 21 26 72 31 63 3 550
0 82 31 60 27 71 3 551
1 69 31 63 30 61 1 552
1 82 32 62 35 59 2 553
0 123 30 67 22 68 3 554
0 138 34 59 28 70 3 555
1 128 31 64 30 66 2 556
1 130 33 67 35 59 4 557
0 82 31 71 30 72 3 558
1 41 33 66 30 61 5 559
1 82 31 66 27 72 1 560
0 41 30 68 30 65 3 561
0 32 31 61 33 62 3 562
0 130 33 63 34 64 3 563
1 41 27 70 27 72 1 564
0 41 29 68 19 67 6 565
1 41 30 64 33 62 1 566
1 52 31 64 29 67 1 567
1 123 31 64 30 63 1 568
1 41 32 61 31 65 5 569
1 41 29 75 30 75 1 570
1 0 31 65 31 70 5 571
0 136 34 64 26 73 3 572
1 49 35 57 32 63 1 573
0 41 27 70 30 66 3 574
0 52 30 73 29 69 3 575
0 41 30 61 33 61 6 576
0 120 33 65 27 70 3 577
0 62 27 71 26 71 3 578
0 56 32 60 30 65 3 579
1 41 29 67 30 66 5 580
0 85 30 70 31 73 4 581
1 0 32 55 28 48 1 582
1 41 3 44 27 58 1 583
1 0 32 61 27 73 1 584
1 93 32 65 28 51 1 585
0 82 26 73 29 75 3 586
0 123 29 65 32 66 3 587
0 30 31 62 26 79 3 588
0 123 27 71 22 85 3 589
1 4 30 75 27 72 1 590
1 41 28 75 28 73 1 591
1 134 29 68 30 73 1 592
1 139 25 82 25 79 1 593
1 123 22 68 23 64 1 594
1 0 28 68 32 66 1 595
0 82 29 76 26 84 3 596
1 0 30 64 13 59 5 597
0 50 30 65 28 68 3 598
1 41 30 67 28 68 5 599
0 41 33 60 33 60 3 600
1 82 30 68 19 88 1 601
1 110 31 63 32 65 1 602
0 123 32 69 28 69 3 603
1 63 32 64 26 72 1 604
1 38 30 68 23 65 1 605
1 82 30 64 33 64 2 606
0 0 29 66 31 63 3 607
0 78 31 62 32 63 3 608
0 0 30 65 30 73 3 609
0 0 28 70 29 68 3 610
1 82 29 75 28 75 1 611
1 126 28 68 27 70 3 612
1 0 34 63 34 61 1 613
1 60 28 70 27 71 1 614
0 0 26 73 26 74 3 615
1 16 34 65 26 70 2 616
0 67 33 67 30 67 3 617
1 30 26 72 26 72 1 618
0 2 31 69 29 75 3 619
0 0 33 65 30 65 3 620
1 123 29 68 26 73 1 621
0 123 27 71 29 74 3 622
0 86 31 66 31 70 3 623
1 89 31 64 27 72 1 624
0 123 29 67 32 64 5 625
0 82 28 78 25 58 5 626
1 18 32 65 25 85 2 627
1 41 30 74 26 83 1 628
0 123 31 61 30 62 3 629
0 0 31 65 30 66 3 630
0 82 29 76 30 70 3 631
1 39 33 65 29 67 1 632
0 135 23 70 22 68 3 633
0 24 30 65 30 67 3 634
0 123 28 68 30 67 3 635
1 123 31 64 25 78 6 636
1 82 26 61 33 61 1 637
0 82 27 77 22 68 3 638
1 86 32 61 34 58 1 639
1 4 25 85 26 79 1 640
0 0 25 59 24 56 3 641
0 6 33 68 32 60 3 642
0 41 31 62 29 67 3 643
1 39 32 65 31 62 1 644
0 0 34 60 33 66 3 645
0 82 31 66 31 62 3 646
1 141 30 67 35 58 2 647
1 64 31 62 27 70 1 648
1 100 31 69 32 64 1 649
1 41 29 69 30 71 6 650
1 105 28 73 28 71 4 651
0 82 29 71 29 74 4 652
1 82 34 57 30 65 2 653
0 105 29 76 34 60 3 654
1 41 31 65 29 77 1 655
0 41 29 69 32 65 3 656
0 83 29 67 33 64 3 657
0 41 30 61 31 69 3 658
0 41 30 68 27 70 5 659
0 123 29 69 15 70 3 660
0 82 30 73 30 75 3 661
1 66 33 64 30 62 1 662
1 89 31 64 34 60 1 663
0 61 34 60 32 59 3 664
1 123 29 69 30 66 1 665
0 82 34 65 33 68 3 666
1 96 28 73 27 74 1 667
0 69 28 68 28 68 3 668
1 82 29 69 22 66 1 669
1 85 34 65 33 64 1 670
0 0 34 61 33 67 3 671
0 82 28 77 27 71 3 672
0 137 29 66 30 64 3 673
0 82 25 77 26 77 3 674
0 82 30 71 31 72 3 675
0 82 28 75 29 68 3 676
1 60 30 65 32 66 2 677
0 52 7 47 29 78 3 678
0 69 33 67 32 67 3 679
0 123 31 64 33 61 5 680
0 63 32 65 27 73 3 681
1 82 26 71 30 71 1 682
0 74 32 65 32 61 3 683
1 82 25 75 31 61 1 684
0 123 3 44 9 48 3 685
0 123 27 71 31 63 5 686
0 69 30 63 18 89 3 687
1 41 32 63 31 62 1 688
0 121 32 54 24 55 3 689
0 133 23 91 30 65 3 690
0 82 26 74 27 72 5 691
1 15 32 65 30 66 2 692
1 123 26 72 26 72 1 693
0 41 32 67 32 64 3 694
1 82 30 66 32 64 3 695
1 0 31 66 31 66 2 696
1 82 30 68 33 62 1 697
1 43 33 60 27 74 1 698
0 63 34 64 31 70 3 699
1 41 31 65 32 61 1 700
0 6 30 72 28 68 3 701
0 28 31 66 31 62 3 702
1 123 29 69 30 69 5 703
1 85 30 67 30 63 1 704
0 78 27 73 27 71 3 705
1 50 31 69 27 70 1 706
0 78 30 73 29 78 3 707
1 19 30 75 29 74 2 708
1 123 34 62 32 60 5 709
0 0 27 71 33 55 3 710
0 115 31 63 30 65 3 711
1 113 32 67 33 68 2 712
1 21 27 71 24 69 1 713
0 0 33 62 30 64 5 714
0 27 10 68 9 66 3 715
0 41 32 69 30 72 3 716
0 123 29 67 31 60 3 717
1 130 31 70 31 70 1 718
0 82 28 68 24 87 3 719
1 0 30 61 26 71 1 720
0 123 29 68 33 62 3 721
0 97 30 66 31 60 3 722
0 8 31 69 27 72 3 723
0 123 31 66 30 65 3 724
1 41 31 71 30 67 5 725
1 82 32 70 25 77 1 726
0 70 32 65 32 68 3 727
1 82 31 65 30 65 1 728
0 37 30 74 29 75 3 729
0 123 28 68 27 71 3 730
0 84 32 66 30 65 3 731
0 123 30 67 26 71 3 732
0 123 33 60 30 67 3 733
0 30 27 69 28 78 3 734
1 76 25 76 24 85 1 735
0 2 31 67 31 67 3 736
1 135 29 77 28 69 1 737
0 123 26 71 27 73 3 738
0 55 27 59 16 66 4 739
1 137 30 75 31 63 1 740
0 118 33 59 26 83 4 741
1 46 28 71 26 72 1 742
1 120 31 61 33 67 2 743
1 134 28 76 29 77 1 744
0 82 30 59 28 67 3 745
1 43 31 63 27 70 2 746
1 64 29 74 30 73 2 747
1 18 29 74 31 72 3 748
0 89 32 60 31 60 3 749
1 72 35 57 33 66 1 750
1 26 30 73 31 60 1 751
1 117 29 50 28 46 1 752
1 32 28 75 31 71 1 753
0 6 28 72 27 74 3 754
1 8 31 64 33 62 1 755
1 41 31 64 25 58 1 756
1 123 15 71 25 83 1 757
1 101 16 71 27 73 2 758
0 2 33 59 28 59 3 759
0 41 30 66 30 65 3 760
1 0 30 51 28 54 1 761
0 41 31 66 33 54 3 762
0 82 22 71 21 70 6 763
0 0 31 65 20 94 3 764
0 82 27 79 29 76 3 765
0 123 30 68 31 65 3 766
0 60 27 72 29 68 3 767
1 108 33 65 31 65 1 768
0 56 30 74 34 64 3 769
1 111 31 72 30 74 1 770
0 48 30 73 28 71 3 771
1 56 32 65 31 65 1 772
1 76 32 68 34 64 2 773
1 8 31 61 27 72 3 774
0 123 34 59 28 72 3 775
0 75 28 75 27 73 3 776
0 0 31 64 31 62 3 777
0 123 27 71 30 67 3 778
1 41 27 81 26 74 1 779
0 5 32 68 32 67 3 780
0 2 32 70 34 59 3 781
1 113 33 62 23 69 1 782
1 123 17 67 31 62 5 783
0 3 34 59 34 62 3 784
1 80 30 64 32 63 3 785
0 37 29 75 30 74 3 786
1 123 28 71 31 65 1 787
0 0 29 67 29 67 3 788
1 95 30 65 33 64 1 789
1 41 28 67 32 64 1 790
0 77 29 69 22 65 3 791
0 82 31 62 30 65 6 792
1 0 31 65 27 65 2 793
0 123 29 66 32 70 5 794
0 0 32 62 28 48 4 795
1 115 31 60 32 64 1 796
0 82 34 59 34 60 3 797
1 125 31 67 31 64 1 798
1 39 29 67 30 70 2 799
1 74 32 60 32 66 2 800
1 0 32 64 20 65 2 801
0 41 26 55 29 54 3 802
0 82 32 64 32 62 3 803
1 79 29 74 33 63 4 804
1 119 31 62 23 56 3 805
1 135 33 63 30 65 3 806
0 41 32 65 33 64 3 807
1 45 27 70 3 67 1 808
1 89 30 61 30 61 2 809
1 41 32 60 27 59 1 810
1 41 33 65 34 64 1 811
1 41 31 72 29 67 1 812
1 0 27 69 24 85 2 813
1 41 32 61 35 56 1 814
0 82 31 66 29 77 3 815
0 0 26 84 26 83 3 816
1 72 32 60 30 61 1 817
1 123 33 66 30 66 1 818
1 95 33 63 33 64 1 819
1 82 26 72 24 68 1 820
0 98 32 60 32 69 3 821
1 41 22 70 28 76 1 822
1 120 28 58 30 52 1 823
1 108 29 68 31 72 1 824
1 82 26 74 25 76 1 825
0 76 31 60 20 56 3 826
0 72 33 61 27 59 3 827
1 0 32 64 30 66 1 828
1 25 35 57 31 63 2 829
0 61 29 72 29 75 3 830
1 123 27 72 29 69 1 831
0 41 30 67 32 54 4 832
1 0 32 69 29 71 1 833
0 69 26 80 28 76 3 834
1 128 27 70 30 64 1 835
0 6 32 64 35 58 3 836
1 0 32 64 30 66 1 837
0 134 33 64 25 63 3 838
1 0 30 73 27 70 1 839
0 63 31 71 32 54 3 840
1 109 32 60 33 63 3 841
0 2 31 67 33 65 3 842
0 126 32 69 29 65 3 843
0 3 31 65 31 62 4 844
1 48 34 65 32 66 1 845
1 82 27 75 23 89 1 846
1 0 34 62 30 60 2 847
1 56 33 63 34 61 1 848
0 89 34 58 32 56 3 849
1 19 33 62 28 69 3 850
0 18 33 62 30 63 3 851
1 111 29 67 29 69 1 852
1 106 31 65 29 67 1 853
1 82 28 70 31 72 1 854
0 96 32 65 33 65 3 855
0 41 28 78 30 64 3 856
1 41 34 59 32 65 1 857
1 123 27 77 28 79 1 858
1 123 25 77 25 76 1 859
0 72 31 65 33 65 3 860
0 93 27 70 26 73 3 861
1 91 26 72 26 78 1 862
1 140 30 71 32 61 1 863
0 0 30 65 29 67 3 864
1 0 33 66 31 71 1 865
1 138 32 65 27 69 1 866
0 41 31 64 33 67 3 867
1 123 29 68 32 60 1 868
1 41 33 65 34 63 2 869
0 124 32 68 33 60 3 870
1 32 32 69 31 65 1 871
0 26 35 59 32 63 3 872
1 0 27 63 31 60 1 873
1 104 32 65 28 69 2 874
1 127 32 66 32 70 1 875
0 11 34 60 28 68 3 876
1 31 30 66 28 75 1 877
0 41 31 71 31 70 4 878
0 123 32 68 31 55 3 879
1 70 33 66 32 69 1 880
0 103 34 64 32 60 3 881
1 61 29 67 32 68 1 882
0 126 27 72 28 71 3 883
0 82 33 61 29 68 3 884
1 14 33 63 35 58 1 885
0 0 30 74 26 71 3 886
1 72 34 65 30 74 1 887
0 75 31 65 32 61 4 888
1 0 32 71 31 56 1 889
1 41 23 69 32 69 1 890
0 82 31 54 25 77 3 891
1 82 27 73 31 64 1 892
0 17 31 66 31 67 3 893
0 8 31 66 31 65 3 894
1 41 31 65 34 63 2 895
0 28 29 66 30 70 3 896
0 123 31 65 31 65 3 897
1 15 34 57 26 73 2 898
0 4 32 68 32 63 3 899
0 26 31 61 34 58 3 900
1 119 26 72 28 73 1 901
0 128 25 82 27 71 3 902
0 0 32 64 26 50 5 903
0 41 31 59 31 72 5 904
1 41 30 66 26 71 1 905
1 123 32 67 34 58 1 906
0 114 33 62 31 64 3 907
0 82 34 63 34 58 5 908
1 71 33 69 32 62 2 909
1 30 34 64 34 59 1 910
0 121 25 83 26 80 3 911
0 89 22 54 26 58 3 912
0 41 32 64 31 65 3 913
0 30 30 65 32 67 3 914
1 82 22 70 23 69 5 915
0 12 28 69 27 72 3 916
1 67 33 67 32 66 1 917
1 123 16 71 25 88 2 918
0 135 32 65 28 69 3 919
1 82 30 69 30 72 1 920
0 135 34 58 22 64 3 921
0 123 24 69 29 68 5 922
1 123 16 71 28 77 1 923
0 111 25 58 26 72 3 924
0 47 30 71 29 67 3 925
1 117 33 61 31 71 1 926
0 74 33 66 28 71 3 927
1 104 30 73 28 71 2 928
1 59 22 71 30 62 2 929
1 82 26 72 30 73 1 930
1 128 31 63 33 65 1 931
1 41 31 64 27 78 1 932
0 102 31 60 31 66 3 933
1 128 29 76 27 70 1 934
0 41 32 67 29 50 6 935
0 123 33 63 32 66 3 936
0 2 28 71 23 90 3 937
0 62 32 69 32 70 3 938
0 123 31 70 32 59 3 939
0 95 30 66 28 58 3 940
1 41 29 74 34 63 5 941
1 29 27 70 26 72 1 942
1 41 31 63 27 68 1 943
0 82 32 66 26 72 3 944
0 123 32 70 28 48 3 945
0 41 30 63 24 56 3 946
0 141 30 64 31 69 3 947
0 121 30 63 34 64 3 948
0 123 31 68 32 56 3 949
1 138 32 64 31 65 2 950
1 123 34 57 31 66 3 951
1 41 32 55 31 51 5 952
1 82 27 73 25 78 1 953
0 41 32 65 31 61 6 954
0 0 29 74 30 62 3 955
0 123 32 67 26 70 3 956
1 2 31 60 25 75 1 957
1 41 31 65 34 62 2 958
0 36 30 74 26 71 3 959
1 123 27 74 30 64 1 960
0 82 30 65 26 73 3 961
0 0 27 59 33 60 3 962
0 41 29 76 31 72 3 963
1 135 24 67 22 71 1 964
1 123 33 60 33 61 6 965
1 41 31 63 23 70 3 966
0 132 32 66 33 65 3 967
1 88 35 59 33 59 1 968
0 24 34 59 35 59 3 969
0 94 33 63 30 68 3 970
0 41 29 75 30 73 3 971
1 26 32 66 32 60 4 972
1 135 30 64 30 67 2 973
1 2 30 67 31 62 3 974
1 27 29 77 28 79 1 975
0 123 33 60 30 66 3 976
1 0 34 57 31 64 2 977
1 123 31 64 31 65 1 978
0 0 31 62 27 73 3 979
0 123 31 67 34 59 3 980
1 123 33 65 34 65 1 981
1 52 29 67 31 64 3 982
0 123 30 67 34 66 5 983
0 41 32 60 26 59 3 984
1 0 32 60 30 75 3 985
0 82 32 60 30 66 3 986
0 0 31 64 31 66 3 987
1 122 32 67 33 66 1 988
1 86 26 73 28 75 1 989
0 41 32 66 23 69 5 990
1 123 26 73 31 64 5 991
0 112 31 63 32 60 3 992
1 74 33 66 33 64 2 993
1 123 31 63 30 66 1 994
1 91 33 59 30 68 3 995
1 45 30 67 28 68 2 996
1 123 30 64 29 67 1 997
1 123 29 77 27 71 6 998
0 123 34 59 35 58 3 999
0 123 27 70 30 73 3 1000
1 82 30 64 31 58 1 1001
1 123 30 74 33 65 1 1002
0 131 32 60 30 64 3 1003
1 86 27 70 15 68 1 1004
1 125 30 67 35 58 4 1005
0 0 27 70 32 67 3 1006
1 82 28 67 28 67 2 1007
0 43 31 64 32 65 4 1008
1 82 31 62 31 62 1 1009
1 100 34 59 30 63 1 1010
1 116 25 85 30 72 1 1011
0 0 28 71 27 74 3 1012
1 61 32 65 35 57 2 1013
0 118 34 59 34 61 3 1014
0 123 30 68 26 76 5 1015
0 6 31 67 32 66 3 1016
0 123 32 65 30 70 3 1017
1 89 33 64 28 54 1 1018
1 61 32 66 34 62 1 1019
0 0 31 64 29 70 3 1020
1 5 33 69 33 69 1 1021
0 0 31 64 28 68 3 1022
1 123 34 63 34 61 5 1023
0 0 31 59 35 57 3 1024
1 55 33 63 31 64 1 1025
1 140 28 72 29 73 1 1026
0 128 28 69 27 72 4 1027
1 73 34 64 30 61 1 1028
0 95 31 62 31 64 3 1029
0 0 27 70 32 69 3 1030
1 82 31 65 27 81 1 1031
0 82 30 69 30 73 3 1032
1 41 27 70 33 64 1 1033
1 123 31 70 26 73 6 1034
1 142 31 60 31 60 1 1035
0 41 27 70 29 71 3 1036
1 132 28 79 27 72 1 1037
0 123 32 64 29 73 3 1038
0 123 29 70 30 60 3 1039
0 28 30 65 32 61 3 1040
0 82 29 67 29 67 3 1041
0 123 35 57 34 57 3 1042
1 41 27 70 25 74 1 1043
0 28 33 62 30 66 3 1044
0 101 30 65 30 67 3 1045
1 114 30 69 30 67 1 1046
1 0 32 60 25 76 1 1047
1 0 33 64 32 63 5 1048
1 30 29 76 27 74 1 1049
0 82 16 71 29 74 5 1050
1 82 31 72 28 69 5 1051
1 41 31 64 33 64 1 1052
1 82 32 63 35 58 2 1053
1 29 32 65 31 64 1 1054
1 41 26 71 28 71 5 1055
0 0 33 59 33 61 3 1056
0 41 34 66 30 74 3 1057
1 82 28 71 30 62 1 1058
0 41 31 65 35 57 3 1059
1 41 32 68 33 65 1 1060
0 108 33 62 31 60 3 1061
1 51 29 67 30 61 1 1062
1 133 28 67 29 69 1 1063
1 8 27 72 31 72 2 1064
0 116 29 67 29 75 3 1065
1 0 27 71 30 73 2 1066
0 71 27 81 23 90 3 1067
1 123 28 68 32 71 2 1068
1 82 32 66 27 65 1 1069
1 41 26 71 28 70 1 1070
0 104 31 71 30 75 3 1071
0 92 32 60 22 65 3 1072
0 123 30 64 33 66 5 1073
1 123 26 71 28 73 3 1074
0 61 31 72 33 66 3 1075
0 41 26 77 33 62 3 1076
0 0 31 67 30 74 3 1077
1 130 29 67 28 69 2 1078
0 102 31 65 33 65 3 1079
0 82 29 75 32 64 3 1080
0 0 34 64 32 53 6 1081
0 123 34 65 13 60 3 1082
0 123 29 69 25 82 3 1083
0 41 31 60 22 93 3 1084
0 4 31 70 30 75 3 1085
1 123 27 69 25 77 5 1086
0 82 28 72 32 64 3 1087
1 123 33 51 22 73 5 1088
1 123 28 58 28 76 2 1089
0 82 32 64 23 65 3 1090
0 123 27 63 25 52 3 1091
0 124 26 58 26 57 3 1092
1 123 29 69 32 61 1 1093
0 41 34 57 27 70 3 1094
0 76 33 64 31 65 3 1095
1 82 30 67 30 63 3 1096
0 82 26 71 29 54 3 1097
0 7 28 53 24 59 3 1098
0 41 31 62 32 64 3 1099
0 41 29 75 29 74 3 1100
1 88 30 75 35 57 1 1101
0 0 25 75 26 74 4 1102
1 34 29 67 33 61 1 1103
0 82 33 62 30 64 3 1104
0 0 28 71 33 63 6 1105
0 80 27 60 31 55 3 1106
0 34 33 64 30 62 3 1107
0 102 29 77 25 80 3 1108
1 92 26 73 27 71 1 1109
0 69 30 64 30 63 3 1110
1 29 32 67 34 58 1 1111
0 41 32 60 33 61 3 1112
0 0 33 60 25 63 3 1113
1 82 30 67 27 70 1 1114
0 82 26 80 29 55 3 1115
0 82 31 65 31 63 3 1116
1 82 27 72 25 77 1 1117
1 4 30 65 28 76 1 1118
1 0 31 65 27 78 5 1119
0 123 28 78 29 76 3 1120
1 0 27 81 27 80 1 1121
1 123 30 74 31 72 1 1122
0 122 32 64 33 68 3 1123
1 19 31 63 32 60 2 1124
1 109 31 60 29 66 1 1125
1 137 31 64 27 74 2 1126
0 58 32 67 30 65 3 1127
0 6 27 58 24 55 3 1128
0 100 32 63 33 60 3 1129
1 123 25 82 21 92 5 1130
1 116 28 68 28 68 1 1131
0 82 33 64 32 62 3 1132
1 123 31 65 28 60 3 1133
0 82 28 76 28 67 3 1134
1 41 28 69 22 70 2 1135
1 15 31 65 34 60 1 1136
0 82 30 66 32 66 3 1137
1 123 5 45 28 67 1 1138
0 0 23 71 30 70 3 1139
0 106 30 67 30 61 3 1140
0 109 30 72 29 76 3 1141
0 82 27 73 27 72 4 1142
1 133 28 60 30 55 1 1143
1 41 34 67 33 63 2 1144
0 123 27 78 28 75 3 1145
1 45 31 65 33 64 1 1146
0 113 34 63 32 69 3 1147
0 41 28 68 30 64 3 1148
0 33 29 75 30 74 3 1149
0 41 27 71 30 72 6 1150
0 41 32 70 28 75 3 1151
0 104 26 79 25 77 3 1152
0 85 28 69 15 62 3 1153
0 68 27 73 28 68 3 1154
0 123 27 60 27 63 3 1155
1 21 30 64 28 78 1 1156
0 73 30 52 33 63 3 1157
1 0 30 68 32 62 1 1158
1 41 32 63 27 73 1 1159
0 76 25 75 29 67 3 1160
0 118 31 63 25 58 3 1161
0 123 31 65 27 72 3 1162
0 0 32 65 25 61 3 1163
0 82 32 69 32 63 3 1164
1 123 34 59 27 72 1 1165
1 0 30 73 29 77 1 1166
1 0 27 73 30 74 1 1167
1 32 32 66 13 61 2 1168
0 0 26 72 30 66 3 1169
1 41 28 70 30 66 1 1170
1 0 32 66 34 57 1 1171
1 6 27 79 26 81 2 1172
1 97 31 69 30 73 2 1173
0 123 29 76 27 71 5 1174
1 41 26 77 26 79 1 1175
1 123 31 65 31 59 1 1176
0 41 30 67 34 56 3 1177
0 106 29 68 20 70 3 1178
1 48 30 70 28 70 2 1179
0 28 35 59 35 59 3 1180
0 0 31 62 26 83 3 1181
0 15 31 69 32 59 3 1182
1 68 27 73 28 70 1 1183
0 142 16 71 22 94 3 1184
1 29 31 65 29 67 1 1185
0 41 34 64 29 74 3 1186
1 52 35 57 32 60 3 1187
0 19 31 66 28 53 3 1188
1 136 33 61 33 62 1 1189
0 0 31 49 33 54 3 1190
1 139 30 64 29 66 1 1191
0 87 33 67 30 69 3 1192
0 133 27 71 29 66 3 1193
0 32 31 63 33 63 3 1194
1 63 28 68 28 67 2 1195
0 123 27 74 27 72 3 1196
0 41 29 67 26 75 3 1197
1 82 30 60 30 74 2 1198
1 123 26 72 31 72 1 1199
0 76 31 63 32 65 3 1200
1 41 29 73 27 71 1 1201
1 27 26 61 28 58 2 1202
1 82 32 71 31 73 1 1203
0 123 31 60 27 72 3 1204
0 17 32 63 31 73 3 1205
0 41 30 61 30 60 3 1206
0 65 33 66 30 75 3 1207
0 41 3 44 0 54 3 1208
1 99 29 67 31 65 1 1209
1 133 30 68 27 72 1 1210
0 0 34 61 30 65 3 1211
1 41 28 73 28 70 1 1212
0 43 35 56 31 70 3 1213
0 0 32 65 32 63 6 1214
0 123 28 73 30 73 3 1215
0 82 30 65 30 72 3 1216
0 53 33 69 32 68 3 1217
0 82 33 62 31 62 3 1218
0 82 28 71 27 71 3 1219
1 65 31 67 31 67 2 1220
1 0 30 66 30 75 1 1221
0 59 32 61 33 59 3 1222
0 88 32 61 32 68 3 1223
0 115 33 68 33 64 3 1224
1 82 32 63 30 63 1 1225
1 123 34 60 33 61 5 1226
1 88 29 67 23 71 4 1227
0 92 33 59 30 66 3 1228
1 0 33 69 31 71 1 1229
0 70 33 59 34 59 4 1230
1 41 27 78 32 60 2 1231
1 28 32 61 33 69 4 1232
1 112 28 70 32 61 1 1233
0 82 31 62 32 62 6 1234
0 0 23 71 23 69 3 1235
0 112 29 68 29 69 3 1236
1 82 26 73 26 75 1 1237
1 116 32 64 28 77 4 1238
1 17 29 76 31 69 1 1239
0 123 31 64 28 69 3 1240
1 85 31 63 33 67 1 1241
0 123 29 68 29 66 3 1242
1 0 33 63 32 65 1 1243
1 123 32 60 32 69 2 1244
1 57 33 69 29 67 2 1245
1 123 31 60 34 60 4 1246
0 24 29 69 28 69 3 1247
0 20 26 71 27 74 3 1248
1 123 34 67 32 61 1 1249
0 82 33 62 30 74 3 1250
1 0 19 64 11 85 2 1251
0 41 27 73 31 71 3 1252
0 123 33 66 35 59 5 1253
1 123 25 85 26 85 1 1254
1 0 29 75 32 61 1 1255
0 26 31 64 32 65 3 1256
0 123 27 71 34 57 3 1257
0 82 27 70 31 63 3 1258
0 123 29 76 20 94 5 1259
0 43 34 59 29 53 3 1260
0 70 32 66 33 64 3 1261
1 41 28 71 32 62 5 1262
1 41 29 69 27 72 1 1263
1 8 33 67 31 71 2 1264
1 55 35 59 33 62 2 1265
1 82 31 72 29 67 1 1266
1 82 30 74 29 75 6 1267
1 134 25 86 30 72 1 1268
1 122 29 75 29 75 1 1269
1 21 31 65 33 60 1 1270
0 82 27 70 27 71 3 1271
1 131 27 60 28 53 1 1272
0 56 31 63 28 69 3 1273
1 26 27 70 30 67 1 1274
1 82 32 69 30 67 1 1275
0 74 29 68 32 68 3 1276
1 37 28 69 27 72 1 1277
0 0 30 67 28 71 3 1278
1 60 34 65 27 69 1 1279
0 123 30 68 30 66 3 1280
1 24 34 57 32 63 1 1281
1 41 26 72 31 63 1 1282
1 0 31 61 26 73 5 1283
1 8 26 72 14 66 1 1284
1 0 31 61 23 91 2 1285
1 109 33 62 29 67 1 1286
1 38 28 72 27 49 3 1287
0 1 30 65 34 60 3 1288
0 0 29 69 17 66 3 1289
0 103 33 69 27 71 3 1290
0 94 23 65 22 69 3 1291
0 41 30 65 27 82 3 1292
0 8 27 70 30 66 3 1293
0 141 28 69 31 61 3 1294
0 128 34 63 34 57 3 1295
1 106 30 72 31 60 4 1296
1 71 31 64 29 68 1 1297
0 82 31 61 31 64 3 1298
0 41 34 64 34 57 3 1299
0 82 31 65 34 64 5 1300
1 13 33 63 30 65 2 1301
0 102 29 68 25 87 3 1302
0 123 28 52 27 58 3 1303
0 12 29 68 32 66 3 1304
0 43 29 68 31 66 3 1305
1 0 27 58 29 55 2 1306
0 41 26 72 27 72 3 1307
1 107 33 61 28 52 1 1308
1 137 27 70 29 69 3 1309
1 41 28 50 30 65 1 1310
1 109 32 63 26 72 1 1311
1 41 28 73 28 71 1 1312
0 100 27 72 34 61 3 1313
0 55 30 70 30 70 3 1314
0 132 31 67 33 69 3 1315
1 10 32 64 31 63 2 1316
1 0 28 71 28 71 1 1317
0 41 29 69 29 67 3 1318
1 82 30 68 26 76 4 1319
1 123 28 69 33 62 5 1320
0 22 33 62 27 71 3 1321
0 20 28 72 29 75 3 1322
0 24 29 69 27 70 3 1323
1 41 32 70 30 50 1 1324
1 82 32 64 28 58 2 1325
1 78 31 65 35 58 1 1326
1 0 31 63 30 74 1 1327
1 41 30 64 33 66 1 1328
0 82 30 72 30 66 3 1329
0 123 30 66 27 72 3 1330
0 26 29 74 27 74 3 1331
1 123 33 65 30 65 5 1332
1 82 28 72 27 74 2 1333
0 123 30 66 31 64 3 1334
0 139 29 68 32 64 3 1335
0 15 32 64 30 66 3 1336
1 82 31 66 30 67 1 1337
0 123 34 64 30 65 3 1338
1 0 27 72 32 66 1 1339
1 41 28 77 30 67 2 1340
0 37 30 61 32 54 3 1341
1 3 32 67 32 64 1 1342
0 82 27 73 29 75 3 1343
0 82 27 62 31 61 3 1344
0 134 29 67 28 70 3 1345
1 82 31 61 36 41 1 1346
0 106 32 68 34 66 3 1347
1 82 31 69 31 65 1 1348
0 0 33 66 34 61 5 1349
0 81 3 44 33 66 3 1350
1 138 32 65 34 62 1 1351
1 123 30 65 34 57 1 1352
0 0 30 66 27 65 3 1353
1 41 31 62 32 62 2 1354
0 0 30 64 32 65 4 1355
0 11 32 69 32 64 3 1356
0 0 27 73 28 70 5 1357
0 0 29 69 26 72 3 1358
0 0 27 59 27 63 3 1359
1 2 30 66 29 74 1 1360
1 118 34 60 35 59 2 1361
1 0 27 70 30 67 1 1362
0 123 30 63 33 69 5 1363
0 41 33 67 32 67 3 1364
1 41 30 64 34 59 1 1365
0 41 31 64 28 70 3 1366
1 41 31 64 32 66 1 1367
1 28 31 70 31 60 1 1368
0 82 32 53 31 48 3 1369
0 41 28 68 29 67 3 1370
1 123 27 72 30 65 5 1371
1 4 32 71 29 73 2 1372
0 123 28 71 28 73 3 1373
0 76 28 76 32 68 3 1374
0 19 34 64 32 69 3 1375
1 80 31 67 34 65 1 1376
1 0 33 63 30 63 4 1377
1 48 32 68 33 63 1 1378
0 96 29 78 29 68 3 1379
1 39 26 73 25 77 1 1380
1 73 24 59 29 51 1 1381
1 82 31 62 27 71 1 1382
0 123 29 76 21 98 3 1383
1 119 34 58 30 53 2 1384
0 6 27 72 30 73 3 1385
1 100 30 73 30 70 1 1386
0 82 32 66 30 62 3 1387
0 82 25 79 27 81 3 1388
0 69 32 63 30 67 3 1389
1 123 30 62 30 52 1 1390
1 78 32 66 30 67 1 1391
0 106 31 67 32 66 3 1392
0 54 29 68 31 65 3 1393
1 143 34 58 34 57 2 1394
0 82 32 64 31 64 3 1395
0 123 35 60 33 62 3 1396
0 88 32 63 21 70 3 1397
0 123 31 72 30 74 3 1398
0 89 32 60 26 60 3 1399
0 64 27 77 33 60 3 1400
1 41 29 68 31 65 2 1401
1 7 22 53 19 49 3 1402
0 0 33 64 28 72 3 1403
1 41 29 74 34 64 1 1404
0 41 16 71 32 70 3 1405
1 24 30 69 26 75 1 1406
0 12 31 70 26 84 3 1407
0 82 29 69 29 69 3 1408
0 82 30 73 28 69 3 1409
1 54 27 72 26 73 3 1410
1 124 34 60 25 82 2 1411
1 9 30 72 27 72 1 1412
0 82 31 66 31 62 3 1413
1 41 28 73 31 66 1 1414
0 100 32 64 30 63 3 1415
0 26 34 57 32 62 3 1416
0 0 28 57 29 59 5 1417
0 41 31 51 31 56 3 1418
0 123 30 67 16 71 5 1419
0 41 32 60 30 65 3 1420
0 45 32 69 31 70 3 1421
1 123 34 62 27 71 1 1422
1 82 31 72 33 66 5 1423
0 67 32 65 27 72 3 1424
0 82 28 69 29 38 5 1425
1 0 31 60 31 72 2 1426
0 26 31 60 32 54 3 1427
1 0 30 67 34 57 1 1428
0 41 30 73 29 74 3 1429
0 4 32 66 32 65 3 1430
0 82 29 66 30 66 3 1431
0 48 30 67 28 76 3 1432
1 112 29 67 27 71 1 1433
1 21 30 75 29 76 2 1434
1 0 31 62 33 62 2 1435
1 29 33 67 32 68 2 1436
1 123 4 44 16 51 5 1437
1 123 31 65 30 62 3 1438
1 97 31 72 26 72 3 1439
1 3 27 72 31 69 2 1440
0 19 31 63 32 60 4 1441
1 41 29 76 31 72 1 1442
1 89 29 74 31 71 3 1443
0 63 30 66 31 65 3 1444
1 0 29 69 27 69 1 1445
1 0 35 58 31 70 1 1446
0 68 27 71 26 74 3 1447
1 0 32 65 30 67 1 1448
0 123 23 57 23 57 3 1449
1 0 30 75 28 75 1 1450
1 82 32 69 32 66 1 1451
0 82 31 64 33 64 3 1452
1 41 34 63 32 60 1 1453
0 29 26 72 27 70 3 1454
0 0 32 64 30 66 3 1455
1 0 33 66 28 52 1 1456
0 123 31 60 29 66 3 1457
0 15 30 68 31 66 3 1458
0 9 32 59 28 59 3 1459
0 9 31 72 30 74 3 1460
0 8 3 44 20 99 3 1461
0 116 30 62 31 60 3 1462
0 91 32 68 29 68 3 1463
0 82 32 69 30 66 3 1464
0 131 33 69 31 65 3 1465
1 100 28 71 29 67 1 1466
1 41 28 68 23 71 2 1467
0 123 31 66 30 64 3 1468
0 69 30 73 32 63 3 1469
1 41 31 70 34 66 1 1470
1 20 32 65 33 64 1 1471
0 113 30 66 31 64 3 1472
1 137 32 61 33 63 2 1473
0 3 27 74 28 73 3 1474
1 125 26 72 31 63 1 1475
0 41 28 70 29 77 3 1476
1 123 28 58 31 60 1 1477
1 123 31 63 34 58 1 1478
1 0 34 56 25 86 1 1479
1 97 29 69 29 67 2 1480
1 123 33 62 35 56 5 1481
0 82 27 74 29 73 3 1482
1 82 29 77 17 86 1 1483
0 9 31 67 26 72 3 1484
1 69 30 66 31 61 1 1485
0 131 32 70 57 53 3 1486
0 97 30 73 32 66 3 1487
0 123 27 72 31 59 3 1488
1 0 32 63 29 66 6 1489
1 19 29 77 30 75 1 1490
0 132 28 70 26 74 3 1491
0 81 25 66 32 60 3 1492
1 66 30 63 30 65 1 1493
0 87 26 78 27 77 3 1494
0 76 30 67 30 63 3 1495
0 123 31 69 34 61 3 1496
0 51 29 76 28 77 3 1497
0 52 33 61 35 58 3 1498
1 123 34 65 32 69 1 1499
1 101 34 63 32 66 1 1500
1 111 28 59 29 77 1 1501
0 115 33 64 33 60 3 1502
0 14 28 68 30 69 3 1503
1 135 32 63 31 49 1 1504
1 66 30 68 19 70 2 1505
0 87 32 66 29 66 3 1506
1 2 5 45 29 53 1 1507
0 60 31 71 27 71 3 1508
1 46 32 70 33 69 2 1509
0 82 22 65 24 70 3 1510
0 0 31 66 33 62 3 1511
0 135 32 65 34 62 3 1512
1 128 27 71 28 72 1 1513
1 0 30 62 32 55 1 1514
0 105 32 63 29 76 3 1515
1 0 30 67 27 73 3 1516
1 41 33 60 33 60 1 1517
1 82 28 77 29 74 1 1518
1 100 33 64 34 62 3 1519
1 123 32 63 27 70 1 1520
1 0 33 60 33 63 4 1521
1 98 30 73 31 70 1 1522
0 123 31 70 34 61 3 1523
0 41 27 72 26 71 3 1524
0 123 24 68 14 61 3 1525
0 0 33 65 27 78 3 1526
1 82 33 65 32 62 3 1527
0 82 31 64 33 68 6 1528
1 41 28 69 30 71 1 1529
0 0 34 65 27 72 3 1530
1 84 33 58 33 45 2 1531
1 82 31 70 24 67 2 1532
1 49 32 60 34 57 1 1533
0 98 33 60 28 70 3 1534
0 105 27 60 34 63 3 1535
1 43 25 58 26 59 2 1536
0 0 32 64 31 55 3 1537
0 123 32 67 31 70 5 1538
0 41 30 68 26 73 3 1539
0 139 29 77 26 83 3 1540
0 82 27 72 32 64 3 1541
0 17 27 70 27 69 3 1542
1 0 27 71 30 73 1 1543
1 41 26 59 29 54 2 1544
1 0 32 65 30 65 1 1545
1 41 30 67 29 69 6 1546
1 30 34 64 27 71 1 1547
1 41 29 76 30 66 6 1548
1 44 31 63 30 64 1 1549
1 91 31 66 31 64 1 1550
0 50 31 63 27 70 3 1551
1 41 30 66 27 72 1 1552
1 55 34 56 29 68 1 1553
0 115 27 72 28 71 3 1554
1 25 27 78 28 77 1 1555
0 50 31 64 34 61 3 1556
0 41 29 65 28 68 3 1557
1 73 32 64 34 59 3 1558
1 41 35 58 32 66 5 1559
1 123 29 67 31 65 1 1560
1 8 26 65 14 60 2 1561
0 0 34 63 33 64 3 1562
1 96 27 72 27 70 1 1563
0 82 34 63 33 64 3 1564
0 140 27 78 26 78 3 1565
1 52 27 72 31 64 4 1566
0 82 28 70 30 63 3 1567
1 82 27 80 34 65 3 1568
1 106 32 61 29 68 1 1569
1 0 28 72 30 72 5 1570
0 41 29 65 30 72 3 1571
1 123 28 69 32 62 4 1572
1 72 27 59 27 59 1 1573
1 59 34 62 29 68 1 1574
0 0 27 74 32 60 3 1575
0 126 30 72 28 69 3 1576
0 82 34 59 32 60 3 1577
0 82 29 68 29 69 5 1578
1 41 33 66 32 61 2 1579
0 123 31 61 30 64 3 1580
1 136 34 57 31 61 4 1581
1 82 33 69 31 61 5 1582
1 82 27 59 22 56 1 1583
0 114 30 65 32 63 3 1584
0 1 33 62 30 67 3 1585
1 41 27 73 29 67 1 1586
1 72 32 61 25 59 1 1587
0 124 27 72 31 64 3 1588
1 82 28 68 33 65 6 1589
1 41 33 65 30 69 1 1590
0 82 28 76 30 66 3 1591
1 82 33 62 32 68 1 1592
1 0 28 70 32 48 1 1593
1 38 35 57 32 66 1 1594
1 15 29 66 30 61 2 1595
1 41 34 65 34 62 1 1596
1 67 28 59 33 63 4 1597
1 37 29 69 29 69 2 1598
1 41 32 61 31 63 1 1599
0 34 33 60 31 55 3 1600
1 41 28 67 27 71 6 1601
0 82 34 66 31 65 5 1602
1 41 29 74 28 72 6 1603
1 64 29 73 27 71 1 1604
1 54 25 58 32 60 1 1605
1 77 32 66 29 67 1 1606
1 25 29 77 32 64 2 1607
0 41 30 67 31 65 3 1608
0 17 30 75 33 65 3 1609
0 123 31 64 31 63 3 1610
1 15 34 58 33 61 1 1611
1 111 30 67 32 67 3 1612
1 128 31 65 31 65 3 1613
0 41 29 68 27 77 5 1614
1 48 34 59 30 60 2 1615
0 41 22 50 25 54 3 1616
0 141 31 63 31 59 3 1617
1 68 31 70 23 65 2 1618
0 80 34 63 32 66 3 1619
1 11 31 62 32 66 1 1620
0 126 32 67 34 58 3 1621
1 26 27 70 29 75 1 1622
1 21 34 64 34 64 1 1623
1 82 31 69 28 68 1 1624
0 46 28 69 27 70 3 1625
0 82 29 75 28 78 6 1626
0 123 28 70 29 68 3 1627
1 41 31 72 30 73 3 1628
0 82 32 65 30 62 3 1629
1 82 28 68 29 68 6 1630
1 120 29 76 30 70 4 1631
1 91 32 65 35 58 2 1632
0 123 26 73 31 66 3 1633
0 41 28 69 30 65 3 1634
1 41 23 65 16 66 3 1635
0 72 31 67 28 76 3 1636
0 105 30 67 30 67 3 1637
1 123 31 64 33 60 1 1638
0 128 27 60 27 50 3 1639
0 47 31 65 30 63 3 1640
0 88 28 73 26 73 3 1641
1 41 16 71 32 48 1 1642
1 82 32 62 29 75 1 1643
1 41 32 70 27 70 5 1644
1 21 33 61 34 41 2 1645
1 0 31 65 31 59 1 1646
0 102 29 70 26 73 3 1647
1 117 28 72 20 71 2 1648
0 50 28 68 28 68 3 1649
1 143 30 66 27 65 1 1650
1 0 4 44 17 93 2 1651
0 17 26 77 32 65 3 1652
0 135 32 51 35 51 3 1653
0 21 34 60 35 59 3 1654
1 4 30 69 30 66 1 1655
1 116 32 56 34 60 3 1656
1 117 30 65 33 64 1 1657
1 34 24 59 31 93 1 1658
0 82 26 72 27 74 3 1659
1 82 34 61 33 67 1 1660
1 5 30 65 28 69 1 1661
0 113 30 66 31 60 3 1662
1 41 30 67 29 65 1 1663
0 0 35 57 22 85 3 1664
1 82 29 69 22 68 3 1665
0 123 33 63 32 64 4 1666
1 82 31 60 30 64 2 1667
1 41 27 70 32 64 1 1668
0 69 29 73 27 77 3 1669
1 142 32 63 30 66 1 1670
0 82 34 64 31 61 3 1671
0 0 28 67 27 70 5 1672
1 55 31 69 26 71 1 1673
0 0 29 69 29 68 3 1674
1 15 32 66 31 63 1 1675
1 82 15 62 20 65 5 1676
0 82 29 68 33 63 6 1677
1 123 22 65 31 67 4 1678
0 106 29 54 32 61 3 1679
0 41 16 71 30 63 3 1680
0 100 30 72 32 68 3 1681
1 0 34 63 30 62 1 1682
1 41 32 60 29 65 1 1683
0 123 32 49 34 59 5 1684
0 55 29 67 31 70 3 1685
0 0 34 63 32 66 3 1686
0 54 28 73 28 71 3 1687
1 83 30 52 31 61 1 1688
1 41 34 66 33 64 5 1689
1 123 31 67 32 59 1 1690
0 26 33 63 31 63 3 1691
1 41 28 77 34 65 1 1692
0 0 26 71 27 70 3 1693
0 129 30 67 32 67 3 1694
0 82 24 81 18 84 3 1695
1 82 25 57 28 58 2 1696
1 82 34 61 30 74 3 1697
1 124 26 73 30 66 1 1698
1 41 32 61 31 69 2 1699
1 41 29 69 29 69 1 1700
0 111 30 66 31 71 3 1701
1 82 26 75 28 76 1 1702
0 41 26 73 29 75 3 1703
0 4 33 67 32 64 3 1704
0 54 31 72 29 67 3 1705
1 82 31 60 31 69 1 1706
1 41 32 67 30 59 1 1707
1 41 27 63 26 60 1 1708
1 109 30 64 7 70 2 1709
0 123 30 65 28 69 3 1710
1 83 29 74 31 69 2 1711
0 82 29 71 32 63 3 1712
1 14 29 67 27 72 2 1713
0 106 29 76 31 72 3 1714
0 123 32 66 31 64 3 1715
1 41 30 67 31 63 2 1716
1 82 29 69 31 65 1 1717
0 78 32 54 30 48 3 1718
0 41 31 62 29 66 3 1719
0 67 28 67 28 70 3 1720
1 82 34 65 32 65 3 1721
1 19 28 68 26 72 1 1722
1 82 33 62 33 62 1 1723
0 120 28 76 32 69 3 1724
1 123 27 70 30 74 3 1725
0 117 35 58 33 63 4 1726
0 108 31 65 31 61 3 1727
1 82 32 67 31 65 5 1728
1 115 29 69 31 66 2 1729
1 123 28 70 27 69 1 1730
1 82 33 65 29 68 5 1731
0 82 34 63 31 70 3 1732
0 114 29 67 29 69 3 1733
1 120 26 72 32 66 1 1734
0 39 30 73 30 73 3 1735
1 28 28 68 30 63 1 1736
1 0 31 65 31 61 1 1737
0 123 22 69 31 54 3 1738
0 123 27 69 27 69 3 1739
1 82 31 72 33 69 1 1740
0 104 29 67 34 59 3 1741
1 45 27 74 29 75 2 1742
1 22 31 64 30 61 4 1743
1 123 30 67 34 64 1 1744
1 41 28 68 30 73 2 1745
1 54 32 62 32 66 1 1746
0 141 27 69 30 67 3 1747
0 113 26 71 26 71 3 1748
0 105 32 61 33 61 3 1749
1 102 32 61 27 74 2 1750
0 82 27 74 29 76 3 1751
0 36 32 64 26 72 3 1752
0 16 27 72 27 71 3 1753
0 0 31 66 12 45 4 1754
0 46 31 61 31 66 3 1755
1 82 34 62 31 64 1 1756
1 76 34 64 32 66 2 1757
0 46 32 65 30 65 3 1758
1 123 32 68 30 66 5 1759
0 28 33 66 32 60 3 1760
0 41 32 56 33 69 6 1761
1 111 32 69 30 66 3 1762
0 0 31 62 33 64 3 1763
1 93 32 68 31 72 1 1764
0 75 31 66 29 70 3 1765
1 41 32 48 33 58 1 1766
0 0 30 74 32 70 3 1767
1 14 32 66 31 60 1 1768
0 136 30 73 33 60 3 1769
1 19 28 71 29 64 1 1770
1 41 33 63 31 60 2 1771
1 105 28 78 30 70 1 1772
1 0 33 65 31 65 5 1773
1 85 29 68 27 73 1 1774
1 41 32 61 31 64 1 1775
1 0 32 64 30 64 2 1776
0 24 30 65 32 60 3 1777
1 132 30 63 31 61 1 1778
1 5 26 71 25 74 2 1779
0 97 31 60 32 61 3 1780
0 82 31 72 29 76 3 1781
1 73 28 71 31 61 2 1782
0 123 35 59 31 61 3 1783
0 123 34 65 29 67 3 1784
0 123 33 63 32 66 3 1785
1 82 29 67 29 66 1 1786
1 100 31 60 33 64 4 1787
1 114 28 69 30 65 1 1788
1 123 31 63 31 64 5 1789
0 82 27 71 14 63 5 1790
0 123 31 61 32 60 3 1791
1 82 4 50 5 49 6 1792
0 91 31 63 34 64 3 1793
0 97 32 69 31 72 3 1794
1 123 28 69 27 71 1 1795
1 123 28 71 32 58 1 1796
0 106 33 59 31 66 3 1797
1 52 27 70 30 71 1 1798
0 0 32 68 28 76 3 1799
0 123 33 62 30 53 6 1800
1 139 28 76 30 73 1 1801
0 82 33 59 32 66 3 1802
0 22 29 75 26 82 3 1803
0 41 30 61 26 84 3 1804
0 123 29 69 31 65 3 1805
0 66 31 61 31 65 3 1806
1 41 32 61 34 62 2 1807
1 65 50 82 50 82 2 1808
0 52 28 54 31 49 3 1809
1 91 28 76 30 72 1 1810
1 41 29 68 29 69 1 1811
0 104 28 68 32 65 3 1812
1 139 31 66 34 60 1 1813
0 63 30 64 28 67 3 1814
0 82 29 68 29 68 5 1815
1 82 30 59 33 61 1 1816
0 111 30 64 31 65 3 1817
1 56 32 68 31 66 2 1818
1 26 31 62 33 63 1 1819
1 106 20 65 23 67 2 1820
0 74 30 62 29 61 3 1821
1 123 22 70 28 70 6 1822
0 0 34 57 31 65 3 1823
1 89 29 70 30 69 1 1824
0 46 31 65 30 69 3 1825
1 54 25 76 23 82 3 1826
1 82 31 72 28 77 1 1827
1 41 27 75 29 76 1 1828
1 47 31 70 32 63 2 1829
1 132 27 71 29 64 1 1830
0 54 31 61 31 62 3 1831
1 118 30 63 31 62 4 1832
1 41 31 63 35 57 1 1833
0 100 31 72 29 76 3 1834
0 82 29 67 31 64 6 1835
0 132 31 61 29 68 3 1836
1 5 27 70 32 69 1 1837
1 127 28 75 33 63 3 1838
0 41 29 68 31 63 3 1839
0 41 28 71 27 70 6 1840
0 123 26 83 25 81 3 1841
1 48 30 68 21 86 1 1842
0 0 30 65 31 58 3 1843
0 4 32 65 32 39 4 1844
0 123 29 70 34 61 3 1845
1 0 29 69 33 61 1 1846
0 123 34 57 30 67 3 1847
0 109 30 67 28 69 3 1848
0 41 31 64 27 72 3 1849
0 41 29 75 33 68 3 1850
1 89 23 67 25 67 1 1851
0 123 33 65 34 63 3 1852
1 123 29 69 29 66 1 1853
1 41 30 74 30 73 5 1854
1 93 26 72 30 73 1 1855
0 41 28 71 28 68 3 1856
1 23 31 72 34 61 1 1857
0 120 27 74 29 76 3 1858
1 82 32 66 33 64 1 1859
0 41 32 64 33 62 3 1860
0 121 28 70 27 74 3 1861
1 123 32 61 31 64 1 1862
0 82 30 65 31 64 3 1863
1 41 28 78 29 76 2 1864
0 87 34 65 33 60 3 1865
1 82 31 65 30 64 3 1866
0 57 31 50 32 48 3 1867
1 82 33 67 31 55 2 1868
1 135 32 67 30 67 2 1869
0 123 31 65 32 53 3 1870
0 113 31 63 28 68 3 1871
1 41 34 65 31 66 5 1872
0 123 33 60 27 70 3 1873
1 82 28 69 30 64 1 1874
1 41 30 67 26 72 1 1875
0 123 34 57 32 61 3 1876
0 21 33 63 32 62 3 1877
1 123 32 60 32 63 3 1878
0 0 30 64 29 66 5 1879
1 10 30 73 29 78 2 1880
0 82 25 79 25 78 3 1881
1 0 32 60 21 69 3 1882
0 82 29 68 27 71 5 1883
0 76 27 72 30 74 3 1884
1 59 29 68 22 68 1 1885
0 82 30 65 27 71 5 1886
0 123 33 65 30 45 3 1887
1 47 29 70 34 57 1 1888
0 26 28 69 28 70 3 1889
0 82 29 70 31 61 3 1890
1 111 33 69 32 64 1 1891
0 41 28 70 30 67 3 1892
0 123 31 60 26 58 3 1893
0 82 29 67 30 65 5 1894
1 104 32 66 34 59 2 1895
0 84 30 74 30 74 3 1896
1 82 32 68 28 71 2 1897
0 41 28 71 30 73 3 1898
0 127 34 66 27 69 3 1899
1 123 32 69 31 72 2 1900
0 96 33 57 26 73 3 1901
1 123 32 64 28 70 2 1902
0 41 26 72 33 60 3 1903
1 69 29 67 30 72 1 1904
1 82 29 67 30 73 2 1905
0 123 28 70 33 60 3 1906
0 72 30 74 29 76 3 1907
1 123 26 73 24 75 1 1908
1 0 29 69 31 69 2 1909
0 0 32 70 32 66 3 1910
0 35 29 68 29 67 3 1911
1 123 26 71 31 69 1 1912
1 82 34 61 31 64 1 1913
0 41 34 65 29 75 3 1914
1 34 34 59 33 64 3 1915
1 43 26 76 26 75 1 1916
1 106 26 77 25 81 1 1917
1 41 33 68 31 65 3 1918
1 119 27 59 27 62 1 1919
0 48 31 63 32 63 3 1920
1 41 34 62 32 66 1 1921
0 82 33 61 35 58 3 1922
0 82 29 77 31 71 3 1923
1 82 33 67 25 87 1 1924
0 93 17 64 22 65 3 1925
0 0 30 68 29 68 3 1926
0 82 34 64 33 61 3 1927
1 123 30 63 25 75 5 1928
0 41 31 72 29 69 3 1929
0 71 33 64 31 65 3 1930
1 41 30 62 33 66 1 1931
0 123 26 60 28 59 3 1932
0 41 31 72 22 93 3 1933
1 41 27 71 30 61 1 1934
0 41 31 64 32 63 3 1935
1 123 32 53 31 65 1 1936
0 130 18 67 21 67 3 1937
0 18 31 65 33 68 3 1938
1 41 30 68 26 71 1 1939
1 79 33 62 28 50 2 1940
0 115 31 61 27 61 3 1941
0 122 28 70 26 73 3 1942
1 51 34 57 32 62 3 1943
1 123 32 64 31 65 2 1944
1 0 32 65 32 66 2 1945
0 103 30 69 30 69 3 1946
1 32 28 70 27 74 1 1947
0 0 27 77 30 67 3 1948
1 10 30 65 29 67 1 1949
1 82 28 59 31 64 1 1950
0 123 29 53 22 70 5 1951
0 41 31 64 33 60 3 1952
1 41 32 66 31 60 3 1953
1 112 33 62 33 65 1 1954
0 0 30 67 31 65 5 1955
1 41 30 63 29 67 2 1956
1 80 30 65 25 83 3 1957
0 137 30 72 28 70 3 1958
0 44 32 64 31 64 3 1959
0 82 27 74 30 64 3 1960
0 82 30 67 31 66 3 1961
0 41 32 64 31 60 3 1962
1 110 30 65 29 77 2 1963
1 41 33 63 33 63 5 1964
0 82 29 51 25 60 5 1965
1 82 33 63 31 66 4 1966
1 82 29 69 29 74 5 1967
0 134 32 70 29 67 3 1968
0 41 28 71 30 66 3 1969
1 15 34 64 29 76 3 1970
0 41 29 76 33 64 3 1971
1 39 34 59 31 60 4 1972
1 91 33 61 32 63 2 1973
0 41 29 76 28 78 3 1974
1 123 27 54 31 60 3 1975
0 123 33 69 21 53 5 1976
1 123 31 62 34 59 1 1977
0 41 27 70 23 65 3 1978
1 0 30 63 31 62 1 1979
0 123 34 59 30 74 3 1980
0 123 27 71 30 64 3 1981
0 123 27 71 33 63 3 1982
1 103 29 76 30 67 1 1983
1 0 31 66 31 65 1 1984
1 10 29 76 28 69 4 1985
1 41 31 63 30 63 1 1986
0 41 27 71 32 61 3 1987
0 41 31 69 28 69 3 1988
0 82 32 70 30 74 3 1989
0 41 26 72 27 70 3 1990
0 131 29 74 29 68 4 1991
0 82 33 69 34 58 3 1992
1 123 27 65 23 68 1 1993
0 21 29 66 30 47 3 1994
1 41 31 63 30 61 2 1995
1 82 32 60 33 64 5 1996
1 138 28 72 25 74 1 1997
0 41 35 57 32 66 3 1998
0 0 30 63 31 66 5 1999
