0 13 2 13 43 32 3 0
0 26 48 33 51 29 3 1
1 70 38 20 48 34 2 2
1 20 45 29 49 31 5 3
1 130 43 38 43 40 1 4
1 72 46 30 47 32 2 5
0 143 44 31 44 29 3 6
0 143 45 33 52 25 3 7
1 102 44 33 43 40 2 8
0 10 43 35 49 27 3 9
0 102 46 31 46 29 6 10
1 143 46 31 44 39 2 11
1 39 45 37 44 38 4 12
1 116 46 31 43 34 1 13
0 143 50 31 47 27 3 14
0 71 50 29 22 56 3 15
1 20 46 32 47 34 5 16
1 20 40 34 37 38 5 17
1 143 51 28 47 27 5 18
1 20 37 38 49 28 1 19
0 80 47 32 47 31 3 20
1 143 44 29 45 28 1 21
1 102 46 38 37 38 1 22
0 61 45 36 42 34 3 23
0 60 37 37 41 40 3 24
1 143 45 37 41 43 1 25
1 81 47 27 46 27 1 26
1 20 48 31 39 41 3 27
0 61 42 35 40 35 3 28
1 102 43 40 46 36 5 29
0 15 46 25 40 26 3 30
0 61 44 31 44 32 3 31
0 20 47 31 40 36 3 32
0 23 38 26 39 29 3 33
0 98 49 29 46 31 3 34
1 125 47 26 50 29 1 35
0 61 50 27 34 50 3 36
0 58 48 28 44 31 3 37
0 75 49 30 40 36 3 38
1 61 46 31 49 29 1 39
1 102 38 38 38 39 3 40
0 30 52 24 48 31 3 41
0 121 41 36 49 32 3 42
1 93 44 33 23 30 1 43
1 78 21 37 46 16 1 44
0 143 43 34 40 35 3 45
1 102 37 37 43 40 2 46
1 143 40 35 46 32 2 47
1 70 46 35 29 37 1 48
1 115 43 33 44 31 1 49
1 61 42 33 42 33 2 50
0 61 46 37 47 35 3 51
0 143 39 38 37 40 3 52
0 29 41 42 42 39 3 53
1 61 47 34 33 34 2 54
1 143 41 37 40 40 2 55
0 143 48 29 50 25 5 56
0 43 44 30 40 35 3 57
1 133 44 32 43 31 1 58
0 20 36 40 46 28 3 59
0 61 42 33 38 38 3 60
0 143 41 35 42 33 5 61
0 100 45 27 51 24 3 62
1 61 49 30 51 24 1 63
1 102 50 31 42 34 1 64
0 63 39 27 39 27 3 65
0 61 43 32 47 31 3 66
0 26 50 25 48 26 3 67
0 143 39 35 44 38 3 68
0 143 45 31 49 25 3 69
0 61 40 37 44 18 3 70
1 143 37 37 43 33 4 71
1 14 45 28 43 32 2 72
0 50 23 32 28 33 3 73
0 28 41 42 38 39 3 74
0 102 24 32 43 34 3 75
0 143 46 29 43 33 5 76
1 143 47 31 45 31 1 77
0 82 46 29 48 30 3 78
0 20 44 31 46 30 3 79
1 102 41 34 43 32 6 80
0 106 50 24 50 24 3 81
1 12 44 29 44 34 4 82
0 20 38 37 46 35 3 83
0 120 46 27 45 37 3 84
1 143 49 28 49 34 2 85
1 65 41 37 39 38 1 86
1 3 50 31 46 31 2 87
1 31 38 39 43 40 4 88
0 20 45 29 45 30 3 89
0 61 45 37 48 35 3 90
0 22 41 43 43 40 3 91
1 102 43 35 46 32 1 92
0 98 48 21 39 21 3 93
0 68 45 36 38 39 3 94
0 143 51 26 50 30 3 95
0 143 49 34 50 31 3 96
1 136 41 36 46 27 2 97
1 102 47 31 44 32 3 98
0 20 43 33 45 36 5 99
0 136 2 27 47 36 3 100
1 102 47 32 47 32 1 101
0 106 41 25 40 27 4 102
1 1 45 27 46 31 1 103
0 29 42 33 36 39 3 104
1 117 41 36 36 39 1 105
0 98 47 26 45 30 3 106
0 61 40 34 37 33 5 107
1 89 44 32 44 33 1 108
1 115 43 28 46 28 3 109
0 96 45 33 30 35 3 110
1 20 49 31 45 32 1 111
0 20 48 28 37 43 3 112
0 24 44 33 43 29 3 113
0 61 47 30 44 31 3 114
0 61 43 34 39 38 6 115
1 20 44 30 50 25 1 116
0 12 47 31 40 41 4 117
0 143 47 36 47 31 3 118
1 143 48 28 45 32 6 119
1 102 39 37 42 32 2 120
1 20 43 35 43 33 1 121
0 102 37 40 44 31 3 122
1 102 43 33 41 35 1 123
0 36 44 31 39 36 3 124
0 85 43 33 44 38 3 125
1 143 39 36 47 32 1 126
0 20 49 30 37 37 3 127
0 61 42 35 47 35 3 128
1 143 49 31 17 27 1 129
0 39 46 36 42 39 3 130
0 143 48 34 43 33 3 131
1 39 47 31 41 33 1 132
1 69 51 27 39 35 1 133
1 61 44 31 43 40 5 134
1 80 46 31 37 37 2 135
1 115 38 45 36 41 1 136
0 43 38 28 45 19 3 137
0 63 44 27 47 27 3 138
0 45 41 43 36 42 3 139
1 102 47 33 44 38 4 140
1 20 18 29 18 32 1 141
0 20 43 20 21 29 6 142
1 20 50 31 49 34 2 143
1 61 46 27 39 13 5 144
1 93 32 33 35 34 3 145
0 102 37 42 38 43 3 146
1 63 37 45 47 31 1 147
1 100 40 27 49 29 1 148
1 102 38 38 41 40 1 149
0 20 43 34 44 28 3 150
0 102 50 31 40 36 5 151
0 135 49 25 43 32 4 152
0 26 47 32 48 32 3 153
1 20 47 29 38 36 1 154
1 143 44 32 38 37 5 155
1 3 48 32 50 30 1 156
1 19 47 32 44 35 1 157
0 50 45 28 48 25 3 158
1 20 49 31 19 48 6 159
1 61 43 34 42 20 6 160
1 61 50 24 46 27 1 161
1 28 42 42 41 43 4 162
1 61 47 34 39 37 6 163
1 118 42 35 43 33 3 164
0 20 45 38 47 35 6 165
1 143 51 28 47 34 1 166
1 104 45 28 45 38 1 167
1 102 38 37 47 28 1 168
1 130 50 26 46 27 1 169
0 61 46 22 43 21 3 170
0 21 38 37 44 38 3 171
0 102 45 30 49 33 3 172
1 86 38 26 44 28 4 173
0 20 50 31 51 25 3 174
1 27 38 37 39 43 1 175
1 61 42 35 32 53 5 176
0 111 47 27 50 24 3 177
1 100 51 24 38 37 2 178
1 102 49 30 39 24 5 179
1 83 49 31 40 36 1 180
1 102 41 43 44 31 1 181
1 42 49 28 50 32 1 182
0 56 39 35 23 33 3 183
0 102 42 41 37 38 5 184
0 61 41 34 46 36 5 185
1 61 42 35 39 44 3 186
1 20 46 32 42 35 4 187
1 115 41 25 31 36 3 188
1 75 40 38 40 34 1 189
0 108 45 32 45 38 3 190
1 2 45 30 50 26 1 191
1 52 48 29 43 30 2 192
1 120 47 29 47 32 1 193
0 143 40 34 43 33 3 194
1 102 49 28 47 26 1 195
1 102 46 30 39 36 1 196
0 61 47 31 50 30 3 197
0 143 49 25 44 29 3 198
0 18 38 36 41 43 3 199
0 110 47 31 44 29 4 200
1 32 49 29 45 22 1 201
0 64 44 37 39 38 3 202
1 70 45 31 47 32 1 203
0 111 50 29 44 39 3 204
0 42 49 32 46 31 3 205
0 20 48 31 37 39 3 206
0 143 44 32 39 35 3 207
0 143 46 32 46 32 3 208
0 102 49 30 45 37 3 209
0 102 43 33 33 36 3 210
0 20 43 33 43 31 3 211
1 37 0 13 45 30 2 212
1 61 40 15 47 21 3 213
0 102 45 30 49 26 3 214
1 143 38 39 42 38 1 215
0 139 46 30 48 32 3 216
0 130 49 29 47 34 3 217
0 102 41 40 43 38 5 218
1 36 41 43 44 32 2 219
1 0 40 37 39 38 1 220
1 102 46 37 48 34 1 221
0 143 37 37 46 37 5 222
0 112 48 27 39 35 3 223
1 143 44 33 47 36 2 224
0 61 47 29 37 36 6 225
0 63 43 34 35 48 3 226
0 87 41 37 38 42 3 227
1 143 46 29 38 38 1 228
0 61 46 31 46 29 3 229
1 16 46 30 49 27 2 230
1 61 42 35 33 31 1 231
1 141 52 26 40 35 4 232
0 143 46 23 45 31 3 233
0 143 37 47 36 43 5 234
0 143 38 36 37 41 3 235
1 61 44 39 48 33 2 236
1 13 44 35 44 39 2 237
0 143 39 38 39 37 5 238
1 42 44 33 51 30 1 239
0 111 47 31 45 31 3 240
1 143 49 32 48 34 1 241
0 72 39 38 41 39 3 242
1 142 38 37 42 33 1 243
1 102 37 43 35 46 1 244
0 102 50 31 45 31 3 245
1 143 38 38 48 27 3 246
1 102 47 32 46 31 4 247
0 80 38 37 38 36 3 248
1 20 42 34 45 33 1 249
1 125 51 24 45 30 4 250
1 143 47 37 37 38 1 251
1 102 47 30 47 28 3 252
1 102 43 33 41 33 1 253
0 143 39 36 26 32 3 254
0 25 44 17 43 20 3 255
0 78 42 34 43 32 3 256
1 130 43 33 44 31 1 257
1 67 51 29 49 30 1 258
1 143 38 37 43 33 1 259
0 102 45 31 46 31 3 260
0 128 50 31 46 28 3 261
0 54 44 35 35 30 3 262
1 88 49 31 35 49 2 263
0 69 49 32 48 28 3 264
0 20 44 33 46 24 3 265
0 143 47 27 37 11 3 266
0 102 44 38 45 36 3 267
1 61 42 34 38 37 5 268
0 102 42 33 44 29 5 269
1 56 50 27 45 30 1 270
0 143 43 34 49 31 3 271
1 16 42 35 41 33 1 272
0 115 38 39 38 40 3 273
1 143 45 37 38 28 2 274
1 101 46 32 43 30 1 275
1 102 1 13 38 31 1 276
1 56 41 36 47 32 3 277
1 120 37 40 46 34 4 278
0 141 46 28 45 28 3 279
0 143 41 36 44 33 3 280
1 21 47 27 42 33 1 281
1 133 43 40 46 27 4 282
1 143 45 32 52 24 5 283
0 101 37 38 48 27 3 284
1 143 39 36 48 31 2 285
0 104 33 52 50 31 3 286
0 102 42 34 39 37 3 287
1 143 43 35 45 32 1 288
1 102 45 28 42 33 2 289
0 20 37 25 34 26 3 290
0 61 44 36 44 32 3 291
1 87 47 31 47 34 2 292
0 102 46 27 40 36 3 293
1 105 38 38 39 35 1 294
1 130 44 31 40 37 1 295
1 102 47 28 45 30 1 296
1 61 33 33 37 46 1 297
0 88 50 30 45 36 3 298
1 61 46 29 48 33 3 299
1 126 44 28 45 38 1 300
1 20 39 36 47 30 1 301
0 61 46 28 48 35 3 302
0 69 39 37 51 24 3 303
0 61 50 31 44 29 5 304
1 61 46 30 50 29 3 305
1 20 50 28 44 27 1 306
0 96 47 29 52 26 3 307
0 71 43 31 51 24 3 308
0 0 42 34 43 33 3 309
0 20 42 35 44 36 3 310
0 24 50 29 50 27 3 311
0 72 50 27 50 29 3 312
1 41 39 35 45 30 2 313
0 93 39 38 47 33 4 314
0 89 39 36 44 30 3 315
0 130 47 33 47 33 3 316
0 43 45 37 42 41 3 317
1 102 38 37 43 31 1 318
1 100 44 34 43 33 4 319
0 61 46 29 49 28 5 320
0 143 45 27 41 20 6 321
0 34 48 35 45 38 3 322
1 61 39 37 39 39 2 323
1 61 39 25 38 23 2 324
1 20 44 38 47 27 5 325
1 6 40 16 40 26 1 326
0 143 41 35 44 39 3 327
0 104 42 34 42 40 3 328
0 143 50 31 42 33 3 329
0 143 47 29 38 39 3 330
0 102 31 33 23 32 3 331
0 61 48 32 45 35 3 332
1 72 49 31 40 36 1 333
0 61 42 33 35 50 3 334
0 143 44 37 41 43 3 335
0 13 44 38 36 38 3 336
1 20 43 19 43 21 1 337
1 72 43 34 38 39 4 338
1 20 37 43 45 36 1 339
1 102 50 26 43 31 1 340
0 102 44 31 46 35 5 341
1 111 46 31 45 32 1 342
0 58 38 38 41 34 3 343
0 61 47 35 45 22 5 344
0 89 47 20 45 38 3 345
1 143 41 34 45 38 2 346
1 142 38 39 41 42 3 347
0 102 40 38 38 37 3 348
0 34 45 33 45 28 3 349
0 85 39 36 50 25 3 350
0 100 46 27 38 37 3 351
0 13 48 22 46 22 3 352
0 106 42 35 37 42 3 353
1 45 32 24 38 25 1 354
0 143 39 25 35 28 3 355
0 13 45 33 40 34 3 356
0 61 47 32 44 33 3 357
1 58 47 27 46 35 2 358
1 106 49 31 51 25 3 359
1 121 51 24 50 27 1 360
0 102 47 32 39 36 3 361
1 61 44 31 44 25 3 362
0 61 45 26 46 32 3 363
1 143 43 34 46 35 1 364
1 143 44 31 45 28 2 365
1 102 43 33 20 32 2 366
1 14 39 37 36 38 1 367
1 102 46 27 54 82 1 368
1 3 40 38 39 36 1 369
1 61 41 34 38 36 4 370
0 54 51 24 44 37 3 371
0 92 43 40 39 45 4 372
1 143 43 34 48 31 2 373
0 102 44 31 38 37 3 374
1 5 45 38 38 36 1 375
0 62 49 29 43 40 3 376
0 92 36 40 37 40 3 377
0 61 36 40 35 34 3 378
0 102 26 35 20 33 3 379
0 50 45 37 45 36 3 380
0 10 47 32 47 16 3 381
1 20 47 32 50 27 6 382
0 61 47 27 39 35 3 383
1 61 46 33 46 29 6 384
1 20 46 35 40 37 1 385
1 50 43 39 41 43 2 386
0 136 39 35 37 37 3 387
1 141 40 26 47 32 2 388
0 61 44 27 37 39 3 389
1 20 40 38 40 37 2 390
1 107 45 31 48 31 2 391
1 143 40 37 38 36 1 392
1 20 47 27 47 26 1 393
1 41 49 30 47 29 3 394
0 101 42 34 43 31 3 395
1 39 47 35 49 32 2 396
0 20 35 33 42 32 5 397
1 20 50 29 48 32 3 398
0 69 39 37 49 30 3 399
0 143 39 37 49 24 3 400
1 20 45 31 50 26 1 401
0 85 40 27 37 26 3 402
1 143 43 32 41 34 2 403
0 104 43 33 38 36 3 404
1 143 28 33 23 32 3 405
1 138 38 37 39 38 3 406
1 29 44 32 47 32 1 407
1 143 37 37 40 34 5 408
0 79 42 35 39 39 3 409
0 69 38 28 49 27 3 410
0 37 46 30 49 30 3 411
0 1 45 31 47 28 3 412
1 143 37 38 30 38 1 413
1 79 48 27 45 29 2 414
0 118 48 30 45 29 4 415
0 102 45 32 45 32 3 416
1 61 37 39 39 38 1 417
1 4 38 38 39 36 2 418
1 143 47 30 39 35 1 419
1 20 49 31 49 33 6 420
1 54 49 33 46 28 1 421
0 76 43 40 42 41 3 422
0 39 49 31 37 45 3 423
0 26 45 31 43 39 3 424
0 130 39 36 42 38 3 425
0 143 44 32 42 33 3 426
1 102 26 31 26 31 3 427
0 75 49 31 47 35 3 428
0 143 37 37 42 41 3 429
1 61 50 27 40 35 1 430
1 102 44 30 44 32 1 431
1 61 47 21 45 21 5 432
1 19 48 32 46 31 2 433
1 2 46 28 46 22 5 434
1 128 50 24 46 29 1 435
1 51 19 32 21 33 1 436
1 143 46 29 42 38 1 437
0 111 43 34 44 33 3 438
0 20 38 36 47 32 5 439
0 143 52 26 49 27 5 440
1 93 43 35 40 38 1 441
1 102 48 21 41 21 6 442
1 117 47 28 46 27 1 443
1 20 38 36 45 36 1 444
0 65 51 24 46 16 3 445
1 20 47 34 46 36 6 446
1 11 38 42 36 41 3 447
0 34 42 34 46 32 3 448
1 61 50 30 44 28 6 449
0 0 48 34 49 29 3 450
1 102 44 31 47 33 2 451
0 102 46 32 46 32 5 452
1 98 40 36 38 38 1 453
0 20 41 33 39 36 6 454
0 37 44 27 44 31 3 455
1 102 39 34 37 37 1 456
1 61 44 18 50 31 1 457
1 20 45 31 41 34 1 458
1 67 45 28 37 42 1 459
0 20 45 33 47 28 6 460
0 61 44 32 46 32 3 461
1 41 50 26 42 34 2 462
1 25 46 27 48 34 1 463
1 60 41 40 47 34 3 464
1 76 47 22 40 44 2 465
0 102 46 27 44 32 3 466
1 102 45 35 45 31 6 467
0 61 48 26 51 24 3 468
1 143 45 32 42 36 1 469
0 143 43 33 43 33 3 470
0 101 46 31 43 34 3 471
1 27 44 32 48 34 1 472
0 143 37 37 41 33 3 473
0 143 42 33 37 37 3 474
1 20 46 27 39 25 1 475
0 85 41 43 40 42 3 476
0 132 44 28 40 34 3 477
0 115 39 36 47 29 3 478
1 20 41 34 42 38 4 479
0 137 40 38 39 35 3 480
0 143 46 35 50 28 3 481
0 95 49 29 41 41 3 482
1 45 51 29 39 37 1 483
0 143 50 28 50 29 3 484
1 102 43 40 44 36 1 485
1 111 44 33 43 34 1 486
0 20 46 28 48 29 3 487
0 20 31 34 34 25 3 488
0 85 47 31 42 33 3 489
0 20 45 31 46 32 3 490
1 12 40 34 50 30 1 491
0 130 39 29 44 30 3 492
1 39 48 31 44 32 2 493
0 112 44 26 43 32 3 494
0 61 42 35 28 38 3 495
1 102 47 36 47 36 1 496
1 61 50 25 43 34 1 497
1 107 42 35 39 39 2 498
0 134 50 26 40 26 3 499
0 143 47 35 47 30 3 500
1 102 43 34 44 35 2 501
0 61 46 28 48 27 3 502
1 102 40 35 46 28 2 503
0 61 47 36 47 31 3 504
1 74 40 38 44 37 1 505
0 61 48 31 42 32 3 506
0 102 45 31 44 30 6 507
1 143 49 25 49 25 1 508
1 102 30 35 35 32 1 509
0 102 40 37 42 38 3 510
1 45 41 36 41 33 2 511
0 138 48 30 33 51 3 512
1 2 35 41 36 47 1 513
1 84 48 31 49 31 3 514
1 20 47 36 48 34 2 515
1 41 51 24 45 28 1 516
0 5 34 33 25 32 3 517
0 120 37 38 34 40 3 518
0 33 49 29 42 33 3 519
1 15 35 41 37 38 2 520
0 67 45 27 47 29 3 521
0 143 43 32 36 38 3 522
1 20 49 30 25 33 6 523
0 50 37 38 40 34 3 524
1 102 44 32 46 31 1 525
1 31 44 37 40 42 1 526
1 20 45 31 47 31 2 527
1 61 39 42 50 30 5 528
0 20 47 28 40 36 3 529
0 61 46 32 40 26 3 530
1 89 49 30 44 29 2 531
0 21 47 34 49 28 3 532
1 102 45 30 46 32 1 533
0 13 46 27 40 41 4 534
0 85 40 36 41 34 3 535
1 137 47 30 49 25 4 536
0 102 40 36 34 51 3 537
1 20 45 33 40 36 1 538
0 143 40 34 45 32 3 539
1 62 42 33 42 40 1 540
1 20 45 19 32 24 4 541
0 20 45 33 52 26 5 542
0 102 49 31 47 27 3 543
1 143 50 31 42 33 1 544
0 102 48 31 46 36 3 545
1 61 44 32 39 37 2 546
0 119 40 37 40 34 3 547
1 96 37 31 37 31 2 548
0 90 50 26 49 26 3 549
1 102 46 31 43 33 1 550
1 20 47 29 51 25 1 551
1 141 41 35 39 36 4 552
1 79 37 27 38 25 4 553
1 131 45 36 47 34 2 554
1 105 46 30 48 34 1 555
0 61 38 46 36 50 3 556
1 20 36 43 34 45 1 557
0 102 47 35 45 30 3 558
1 20 41 36 41 36 2 559
0 50 42 33 44 32 3 560
0 15 45 29 49 33 3 561
1 77 39 36 42 33 1 562
0 74 46 36 47 26 3 563
1 61 46 29 50 30 1 564
0 61 45 31 42 33 3 565
0 143 46 38 42 40 4 566
1 29 50 31 48 34 2 567
0 20 44 29 49 31 3 568
0 61 35 42 30 48 3 569
0 5 36 39 50 24 3 570
1 61 45 31 46 36 6 571
0 61 48 34 46 36 3 572
1 30 44 31 48 28 1 573
0 56 43 33 49 30 4 574
1 65 51 26 47 21 2 575
0 111 44 34 45 32 3 576
0 143 49 27 41 33 3 577
0 33 46 27 50 25 3 578
0 20 38 27 36 24 3 579
1 143 45 31 42 34 1 580
1 20 41 34 44 34 5 581
1 20 43 40 45 35 4 582
1 118 41 35 39 36 1 583
0 20 48 29 51 25 3 584
1 108 44 29 38 39 1 585
1 86 45 27 40 26 4 586
0 143 49 30 47 32 3 587
1 124 46 30 45 35 1 588
1 20 42 33 37 39 1 589
1 102 38 41 41 42 5 590
1 102 39 39 45 30 2 591
0 143 50 28 35 47 5 592
0 63 48 33 42 33 3 593
0 67 47 27 43 31 3 594
1 69 46 35 33 53 4 595
0 93 45 32 45 27 3 596
1 20 41 42 46 38 1 597
1 108 38 39 44 40 4 598
1 102 47 32 50 27 1 599
1 56 48 31 41 19 4 600
1 58 39 36 43 32 3 601
0 61 47 30 46 30 3 602
0 127 38 36 44 21 3 603
0 143 38 39 43 34 3 604
1 20 46 29 48 31 2 605
1 104 43 38 42 35 1 606
0 46 43 39 45 37 3 607
1 143 49 31 46 30 3 608
1 138 40 37 43 40 1 609
1 15 40 35 40 34 1 610
1 61 42 33 32 31 1 611
0 24 44 31 46 27 3 612
0 20 43 32 52 25 3 613
1 143 47 27 44 30 5 614
1 55 44 33 43 32 3 615
1 79 41 34 49 31 1 616
0 61 46 31 50 31 3 617
0 129 50 27 48 34 3 618
0 15 45 27 50 32 3 619
0 115 45 32 43 39 3 620
0 143 42 33 47 31 3 621
0 102 41 25 39 19 6 622
1 102 47 35 42 40 1 623
1 102 48 34 45 27 2 624
1 9 42 35 47 30 2 625
1 128 42 41 41 40 2 626
0 29 37 41 35 41 3 627
1 102 43 33 43 33 1 628
0 61 47 28 48 27 3 629
0 61 41 36 38 39 3 630
1 56 39 36 38 31 1 631
0 102 38 43 45 29 3 632
1 102 50 30 45 31 1 633
1 20 40 35 38 37 4 634
1 115 41 35 43 32 1 635
0 12 41 43 40 37 3 636
1 102 56 31 56 31 1 637
0 143 42 32 42 33 6 638
1 57 41 34 42 35 2 639
1 102 52 24 45 19 1 640
1 52 38 38 46 22 1 641
1 102 45 33 52 24 3 642
1 142 39 38 48 33 4 643
0 102 41 34 40 33 5 644
0 85 44 29 47 30 3 645
1 23 49 20 46 22 1 646
0 61 41 33 44 33 3 647
1 102 74 34 74 34 1 648
0 115 45 38 46 29 3 649
1 61 45 31 50 25 1 650
1 20 47 30 49 29 1 651
0 61 45 29 45 28 3 652
0 45 37 37 45 29 3 653
0 143 49 31 47 34 5 654
1 102 44 33 38 42 3 655
1 143 44 39 45 38 1 656
1 78 44 32 49 31 1 657
0 143 50 31 40 42 3 658
0 50 39 37 45 33 3 659
0 143 47 32 47 32 3 660
0 20 37 37 39 38 3 661
1 126 45 36 44 32 1 662
0 141 50 28 42 40 3 663
1 143 38 35 43 40 1 664
0 113 39 36 41 34 3 665
1 59 44 38 43 32 2 666
0 102 37 43 48 34 3 667
1 102 46 36 45 35 1 668
0 20 40 37 45 36 3 669
0 80 49 29 48 34 3 670
0 104 41 33 45 38 3 671
0 102 45 31 48 26 3 672
1 20 49 30 39 16 2 673
1 62 44 38 40 36 1 674
0 76 41 37 40 38 3 675
1 61 41 33 46 35 1 676
0 102 43 33 37 33 3 677
1 50 44 36 42 40 1 678
0 19 39 42 45 38 3 679
1 50 41 35 47 27 2 680
1 61 43 32 44 29 1 681
0 61 46 37 44 35 3 682
0 48 43 34 39 36 3 683
1 66 39 35 41 34 1 684
0 109 38 27 39 36 3 685
0 143 50 28 50 28 3 686
1 13 12 18 19 22 2 687
0 64 42 33 40 34 3 688
0 143 39 29 35 40 3 689
0 20 34 33 31 33 3 690
0 102 49 32 41 33 3 691
0 143 46 31 45 32 3 692
0 36 44 39 38 38 3 693
1 47 41 36 37 37 1 694
1 22 44 28 50 24 2 695
0 61 40 34 37 36 5 696
1 20 49 19 39 19 1 697
0 132 42 33 44 37 3 698
0 102 43 38 44 27 5 699
1 2 40 25 45 30 4 700
1 143 49 29 42 38 1 701
1 117 43 38 45 36 1 702
0 2 44 30 35 42 3 703
0 34 37 45 39 37 3 704
1 88 41 42 46 18 2 705
1 85 49 30 36 39 2 706
1 4 43 39 40 16 1 707
0 20 49 31 36 39 5 708
1 34 47 28 45 37 1 709
0 111 39 36 48 27 3 710
0 102 44 33 40 37 3 711
0 15 46 28 50 30 3 712
1 14 51 27 45 27 1 713
1 129 44 31 47 35 2 714
1 13 50 30 47 27 1 715
0 26 40 35 45 37 3 716
0 111 41 35 41 35 3 717
0 54 43 33 44 31 3 718
0 142 46 31 51 24 3 719
1 39 39 36 43 31 2 720
0 20 47 29 47 34 3 721
1 19 45 27 52 25 2 722
1 61 46 29 42 32 1 723
0 61 47 31 48 34 3 724
0 52 50 30 41 34 3 725
1 102 41 34 48 25 4 726
1 22 39 22 45 29 1 727
0 61 44 37 43 33 6 728
1 20 48 28 53 13 5 729
1 102 43 38 14 27 6 730
0 141 44 32 46 29 3 731
0 61 43 38 41 37 3 732
0 102 44 31 39 37 3 733
1 102 51 30 50 31 2 734
0 110 0 13 35 20 3 735
0 60 48 35 52 26 3 736
0 20 42 40 44 32 3 737
0 63 44 31 39 36 3 738
0 1 40 35 42 33 3 739
1 61 49 31 48 30 5 740
0 20 49 32 47 33 3 741
0 128 46 30 47 27 3 742
1 20 39 36 39 36 1 743
0 102 42 42 32 36 3 744
1 28 41 34 47 28 3 745
1 102 49 27 44 31 1 746
1 102 46 31 38 36 1 747
0 90 47 31 39 37 4 748
1 102 51 29 52 10 5 749
0 20 47 32 51 26 3 750
0 102 31 31 38 25 3 751
1 121 42 34 45 31 2 752
0 128 38 39 48 19 3 753
0 127 41 33 39 36 3 754
1 143 48 29 39 36 1 755
0 20 43 36 42 35 6 756
1 102 46 31 48 34 1 757
1 30 48 29 31 35 1 758
1 102 47 30 43 33 3 759
0 2 45 28 47 28 3 760
0 61 48 32 48 32 3 761
0 17 46 27 32 36 3 762
1 20 38 38 38 37 5 763
1 79 32 35 39 30 1 764
1 143 47 26 41 27 1 765
1 102 39 36 43 33 1 766
0 106 39 38 43 40 3 767
1 20 43 32 41 33 5 768
0 53 47 17 40 19 3 769
1 143 48 27 30 34 2 770
0 143 38 38 39 36 6 771
0 102 47 27 44 31 3 772
1 26 39 31 33 33 1 773
0 114 45 29 43 32 3 774
1 120 44 28 45 31 2 775
1 102 47 34 44 29 5 776
0 62 47 28 45 28 3 777
0 115 47 33 41 41 3 778
0 102 43 32 43 33 3 779
1 61 40 34 39 35 1 780
1 12 49 32 47 30 2 781
0 52 39 37 32 43 3 782
0 32 47 32 46 26 3 783
1 20 44 38 45 29 1 784
0 87 42 34 43 33 3 785
0 6 47 32 48 35 4 786
1 61 48 34 49 31 1 787
1 102 45 16 36 38 1 788
1 143 43 33 44 31 2 789
0 20 49 28 41 33 3 790
0 126 45 36 42 35 3 791
0 20 47 30 35 23 3 792
1 20 48 34 52 24 1 793
1 61 37 40 37 41 1 794
1 143 40 36 50 29 2 795
1 56 47 32 37 41 1 796
0 73 45 31 50 27 3 797
0 110 50 25 51 24 3 798
1 54 50 31 44 29 1 799
0 20 43 39 45 99 3 800
0 61 39 36 41 39 3 801
0 7 46 28 43 33 3 802
0 70 40 35 38 36 3 803
0 143 45 36 42 36 3 804
0 58 50 27 50 25 3 805
1 20 46 28 38 37 2 806
0 61 49 32 48 34 3 807
0 20 47 33 38 43 3 808
1 82 48 28 40 34 1 809
0 61 47 32 49 26 3 810
0 31 47 28 33 37 3 811
1 102 41 42 38 39 4 812
0 20 48 27 45 32 3 813
1 43 44 39 48 30 2 814
1 30 42 41 45 38 1 815
0 133 44 27 42 32 3 816
0 102 50 26 46 27 3 817
1 20 48 30 40 34 5 818
1 102 40 35 45 38 3 819
1 17 46 28 38 43 1 820
0 7 41 34 23 35 3 821
1 120 37 37 44 38 3 822
0 61 39 39 44 38 4 823
1 15 47 28 46 28 1 824
0 41 48 34 43 39 4 825
0 93 47 36 48 32 3 826
0 20 44 35 46 29 6 827
1 143 49 25 45 30 1 828
1 102 39 36 44 39 1 829
0 118 38 36 45 29 3 830
1 140 46 32 47 34 1 831
0 61 47 33 48 35 3 832
0 102 44 32 38 37 3 833
0 66 47 27 47 32 3 834
1 41 48 33 37 42 1 835
0 102 47 31 45 29 3 836
1 61 49 28 45 32 1 837
1 143 45 30 49 30 2 838
1 128 48 31 38 29 2 839
0 135 49 31 45 35 3 840
0 126 45 32 48 34 3 841
0 20 38 38 39 36 3 842
1 15 38 37 43 33 3 843
0 81 42 41 34 51 3 844
0 143 42 32 43 33 3 845
0 141 42 40 38 45 3 846
1 61 46 31 39 38 1 847
0 85 45 30 47 31 4 848
0 61 45 29 41 20 4 849
0 143 38 39 45 32 3 850
0 61 42 40 34 50 3 851
0 13 45 28 49 32 3 852
0 100 47 32 37 37 3 853
1 143 41 35 48 29 1 854
0 102 36 25 46 27 3 855
0 67 43 29 45 30 3 856
1 69 41 35 50 26 2 857
1 119 41 33 38 38 2 858
0 102 45 30 45 29 3 859
0 143 46 30 45 30 3 860
0 20 47 27 26 25 6 861
0 133 49 33 52 25 3 862
0 10 47 28 47 34 3 863
0 102 50 31 50 29 3 864
1 137 47 29 44 34 2 865
1 93 50 31 46 37 1 866
1 123 46 29 44 30 4 867
1 20 48 35 45 37 2 868
0 20 43 40 41 37 3 869
1 98 46 29 50 28 4 870
0 102 46 32 38 36 3 871
0 20 48 32 52 25 3 872
1 143 38 37 43 38 1 873
1 61 31 24 31 24 1 874
1 32 43 33 44 34 2 875
0 121 44 33 44 35 3 876
1 13 45 31 39 37 1 877
1 102 40 37 44 18 2 878
1 20 46 27 50 30 2 879
1 102 41 20 44 18 1 880
0 70 44 33 46 27 3 881
1 61 50 28 43 33 2 882
0 61 39 35 38 37 3 883
0 102 41 34 44 37 3 884
1 116 50 25 44 19 1 885
1 102 41 34 46 29 2 886
1 61 46 28 47 27 1 887
0 61 47 28 36 27 6 888
1 20 46 28 43 31 2 889
0 20 44 33 52 24 3 890
1 61 35 25 34 25 4 891
1 111 42 34 40 34 2 892
1 61 44 32 41 33 2 893
1 20 44 19 41 20 1 894
1 63 37 41 43 37 1 895
0 10 48 31 49 27 3 896
0 20 50 27 47 32 3 897
1 20 45 31 47 33 1 898
0 28 47 31 46 35 3 899
0 143 44 27 40 27 3 900
1 102 50 25 45 36 1 901
0 143 49 31 47 30 3 902
1 102 49 31 47 34 1 903
1 61 47 36 42 34 1 904
1 133 46 35 43 33 2 905
1 143 30 34 22 56 5 906
1 143 47 36 47 34 2 907
1 143 52 25 49 29 1 908
0 143 46 36 46 36 3 909
0 102 39 37 39 35 3 910
0 61 48 28 40 34 4 911
0 125 45 33 42 32 3 912
0 126 44 30 40 26 3 913
0 102 47 27 44 30 3 914
1 47 46 31 49 26 2 915
1 87 43 40 32 35 4 916
1 84 42 33 41 42 1 917
0 68 45 35 47 34 3 918
1 133 38 38 36 44 1 919
0 6 42 35 50 32 3 920
0 121 48 30 40 37 3 921
1 109 41 36 30 23 1 922
0 19 49 32 43 31 3 923
1 141 38 37 44 38 1 924
1 52 15 38 20 35 1 925
0 102 4 15 4 15 3 926
0 61 42 39 41 41 3 927
1 20 37 39 41 34 1 928
0 72 42 35 31 34 3 929
1 102 37 38 35 41 1 930
1 78 46 35 48 35 2 931
0 74 45 35 50 31 3 932
0 45 37 38 45 38 3 933
0 143 45 38 50 32 3 934
1 74 48 31 54 10 2 935
1 102 37 38 39 42 2 936
0 61 43 32 43 32 3 937
0 120 28 33 31 35 3 938
0 143 49 28 48 27 4 939
1 61 40 37 45 31 2 940
0 61 41 33 45 29 3 941
0 132 43 33 47 32 3 942
0 143 39 37 38 37 3 943
0 143 43 37 48 33 4 944
0 20 48 30 37 26 3 945
0 20 45 36 48 35 3 946
1 35 41 43 40 33 1 947
0 102 43 33 48 28 3 948
1 61 42 32 45 28 1 949
1 20 42 18 43 14 3 950
1 95 43 34 15 29 2 951
1 20 43 33 44 34 1 952
0 61 50 31 50 28 3 953
0 53 40 34 37 38 3 954
0 102 39 36 38 37 3 955
0 20 49 31 44 29 6 956
0 102 45 31 44 29 6 957
0 61 41 34 47 28 3 958
1 143 40 37 32 24 1 959
1 102 40 42 36 47 2 960
1 135 37 39 43 31 1 961
0 34 41 35 38 37 3 962
1 76 20 29 29 36 1 963
1 24 40 35 46 35 1 964
1 102 50 31 38 39 6 965
1 143 40 34 43 34 1 966
0 102 43 33 38 39 5 967
1 20 45 30 46 28 2 968
1 102 43 40 48 29 1 969
0 102 43 33 42 33 3 970
1 25 46 32 45 32 1 971
1 61 30 21 39 21 1 972
0 61 44 31 47 28 3 973
0 13 46 31 51 24 3 974
1 56 39 36 47 33 1 975
1 129 50 30 48 27 1 976
0 96 47 29 46 30 3 977
0 61 47 29 34 23 3 978
1 102 29 33 44 29 5 979
0 102 45 31 44 31 3 980
0 20 40 34 43 34 3 981
0 61 41 43 48 30 3 982
1 143 44 32 45 31 4 983
0 143 49 29 36 45 4 984
0 143 46 27 45 28 3 985
0 20 46 27 47 28 3 986
1 48 38 36 39 38 1 987
1 102 38 37 46 36 1 988
0 117 42 39 39 38 3 989
0 116 38 36 38 45 3 990
0 61 37 38 44 27 3 991
1 76 46 36 38 36 1 992
1 20 47 30 47 32 2 993
0 102 45 37 35 52 5 994
1 61 50 29 46 35 1 995
1 61 46 37 39 35 5 996
1 61 37 37 41 38 1 997
0 38 35 24 35 24 3 998
1 95 43 39 49 30 4 999
1 104 47 27 50 29 2 1000
0 102 46 27 37 38 3 1001
0 143 48 30 32 35 3 1002
0 20 48 30 38 37 3 1003
1 113 48 31 36 51 2 1004
1 143 48 35 47 22 3 1005
0 61 49 29 48 34 3 1006
1 20 47 27 47 33 1 1007
0 89 46 31 45 38 3 1008
1 102 42 40 35 40 3 1009
0 41 42 20 47 17 3 1010
0 61 17 28 27 32 6 1011
1 53 46 31 43 18 3 1012
1 143 45 38 40 34 1 1013
1 61 45 28 30 38 1 1014
1 19 44 39 40 43 3 1015
0 61 46 28 46 29 3 1016
0 20 46 35 49 28 3 1017
1 20 43 33 46 31 1 1018
1 112 43 34 45 29 2 1019
1 102 42 40 46 37 1 1020
1 27 50 31 43 34 4 1021
1 118 41 42 40 44 1 1022
1 61 43 35 46 35 3 1023
1 102 48 27 17 27 1 1024
0 58 32 36 30 36 3 1025
1 61 39 36 44 27 6 1026
1 61 38 28 53 11 3 1027
1 102 42 40 38 39 5 1028
0 48 46 36 39 19 3 1029
1 143 44 27 44 26 1 1030
1 128 40 35 38 37 1 1031
0 143 44 29 46 32 3 1032
1 61 44 31 51 29 5 1033
0 63 41 34 45 36 3 1034
1 24 47 26 39 36 1 1035
0 5 47 22 47 28 3 1036
1 102 47 30 37 38 2 1037
0 41 39 38 38 37 3 1038
1 113 42 32 40 35 1 1039
0 20 39 37 43 32 3 1040
0 102 43 31 43 41 3 1041
0 141 43 33 32 34 3 1042
0 20 46 31 52 25 3 1043
0 61 44 32 43 28 3 1044
1 121 45 28 38 37 2 1045
0 40 46 30 41 42 3 1046
1 61 49 30 44 28 1 1047
0 20 49 31 48 32 5 1048
1 143 42 32 42 34 5 1049
1 20 50 28 37 38 1 1050
0 102 48 30 45 30 3 1051
1 72 43 31 30 23 1 1052
1 20 39 37 40 41 3 1053
0 67 43 33 47 34 3 1054
0 20 44 32 39 38 5 1055
0 20 47 32 43 32 3 1056
0 20 44 31 49 28 4 1057
0 110 44 31 43 32 3 1058
0 61 37 39 44 28 6 1059
1 111 45 38 48 35 2 1060
1 122 47 31 46 32 2 1061
1 19 45 37 44 32 3 1062
0 61 49 33 47 28 3 1063
1 63 38 36 44 33 3 1064
0 102 50 26 39 36 5 1065
1 56 28 33 45 33 4 1066
1 143 5 16 80 47 2 1067
1 20 40 38 39 35 2 1068
0 102 50 26 43 32 3 1069
0 69 37 36 43 19 3 1070
0 56 47 32 46 27 3 1071
1 131 49 27 51 26 1 1072
0 20 39 38 37 37 3 1073
0 105 47 32 44 32 3 1074
1 130 41 35 50 30 2 1075
1 22 43 39 41 42 1 1076
1 48 41 36 42 33 1 1077
1 61 41 37 43 38 1 1078
0 102 45 29 44 34 3 1079
0 69 40 35 43 32 3 1080
0 143 45 37 41 41 3 1081
0 50 45 30 49 29 3 1082
0 20 47 31 48 31 6 1083
0 143 41 37 37 37 3 1084
1 61 46 35 46 27 1 1085
0 102 48 26 47 27 4 1086
1 58 40 41 46 26 1 1087
0 20 49 29 49 31 3 1088
0 136 46 27 48 33 3 1089
0 61 44 31 48 31 3 1090
1 7 46 31 40 35 1 1091
0 61 44 32 50 31 5 1092
1 67 39 37 39 39 2 1093
0 143 45 37 43 35 3 1094
0 20 50 26 48 30 3 1095
0 143 2 17 0 17 6 1096
0 98 43 32 49 31 3 1097
1 102 42 40 41 33 1 1098
0 20 25 23 29 23 3 1099
0 85 50 30 40 34 3 1100
1 42 47 27 38 37 2 1101
0 61 51 25 47 24 3 1102
0 117 42 33 38 37 4 1103
0 143 45 31 44 27 5 1104
1 2 47 33 46 31 1 1105
1 37 46 29 38 26 1 1106
0 102 48 34 39 36 3 1107
0 102 50 26 41 35 3 1108
1 143 47 31 45 28 1 1109
1 104 41 43 45 36 2 1110
0 25 48 31 47 27 3 1111
0 21 47 27 43 32 3 1112
1 119 38 25 29 22 1 1113
1 107 44 39 42 41 2 1114
0 58 47 32 44 31 3 1115
1 61 46 29 44 28 1 1116
1 61 45 27 48 29 1 1117
0 88 27 31 39 26 3 1118
1 114 36 19 44 39 4 1119
1 102 45 31 42 41 1 1120
0 61 32 36 35 41 3 1121
0 61 44 38 47 35 3 1122
0 102 35 41 36 23 6 1123
1 61 45 30 44 35 1 1124
0 143 43 38 40 34 3 1125
0 102 38 36 39 38 3 1126
0 116 35 24 38 22 3 1127
0 41 37 27 37 26 4 1128
0 128 43 29 41 42 3 1129
1 102 42 42 43 40 6 1130
0 141 37 38 31 37 3 1131
1 8 0 13 34 20 1 1132
1 61 50 24 39 23 1 1133
1 50 44 30 43 33 2 1134
1 102 38 38 40 34 5 1135
1 111 50 31 39 38 2 1136
0 26 44 31 47 33 3 1137
0 0 46 30 46 31 3 1138
0 143 42 35 43 33 3 1139
1 102 50 30 45 32 3 1140
0 19 44 38 37 47 3 1141
1 126 36 37 40 36 1 1142
1 20 47 31 44 31 1 1143
1 120 48 34 46 35 1 1144
0 61 49 28 44 31 3 1145
1 28 43 32 40 34 1 1146
1 143 43 30 32 51 5 1147
1 113 48 26 46 38 1 1148
1 102 37 37 39 34 1 1149
0 61 39 42 47 35 3 1150
1 15 35 24 45 33 2 1151
0 40 50 29 39 26 3 1152
1 108 49 33 49 28 3 1153
1 102 41 36 45 36 3 1154
1 20 45 38 39 44 2 1155
0 102 42 33 27 53 4 1156
1 25 47 32 43 34 1 1157
0 3 47 30 42 40 3 1158
0 117 35 33 38 27 3 1159
1 61 48 34 41 35 1 1160
1 138 45 28 45 32 4 1161
0 20 47 29 47 31 3 1162
0 20 47 32 47 33 3 1163
0 20 43 38 45 29 3 1164
1 102 40 41 38 43 3 1165
0 61 48 35 33 31 3 1166
0 20 39 40 39 39 3 1167
1 28 41 40 42 36 2 1168
0 20 42 35 39 36 3 1169
0 23 38 39 38 26 3 1170
1 21 22 30 26 31 1 1171
0 121 49 27 46 27 3 1172
0 61 44 37 36 42 3 1173
0 143 45 38 37 36 3 1174
0 20 42 33 42 34 3 1175
1 51 49 26 49 29 1 1176
0 53 45 31 44 29 3 1177
1 143 38 37 44 25 1 1178
0 102 45 28 46 32 5 1179
0 61 46 26 51 26 3 1180
1 102 47 31 45 36 1 1181
1 96 39 36 46 37 2 1182
0 102 38 38 37 38 3 1183
1 143 46 35 48 33 3 1184
1 61 38 28 39 37 1 1185
0 136 40 34 50 27 3 1186
1 143 43 34 38 26 1 1187
1 61 43 20 46 29 5 1188
1 143 51 25 50 31 1 1189
0 139 40 21 49 31 3 1190
1 96 44 38 43 19 1 1191
1 61 44 33 42 35 1 1192
0 41 44 33 50 25 3 1193
0 99 38 37 38 36 3 1194
1 143 43 40 47 26 1 1195
1 143 38 38 45 22 6 1196
1 125 41 40 38 46 1 1197
0 48 42 34 40 37 3 1198
0 20 49 27 40 34 3 1199
1 24 35 41 35 41 1 1200
1 20 45 31 46 35 1 1201
1 143 40 37 44 33 1 1202
1 143 40 42 41 34 1 1203
1 14 42 33 45 32 1 1204
0 20 48 27 45 32 3 1205
0 137 39 37 45 36 3 1206
1 78 44 38 49 32 1 1207
1 61 47 32 47 32 5 1208
0 48 47 35 46 27 3 1209
0 87 47 36 49 30 3 1210
0 102 48 31 43 18 3 1211
1 13 45 32 45 32 1 1212
1 35 46 27 47 32 1 1213
1 102 38 39 39 44 1 1214
0 41 38 43 41 34 3 1215
1 99 41 40 43 38 2 1216
0 20 40 34 40 34 5 1217
1 20 44 31 47 32 6 1218
1 118 43 39 49 32 1 1219
1 69 49 31 44 35 1 1220
1 20 46 35 38 36 2 1221
0 143 45 32 44 30 3 1222
0 108 44 31 44 33 3 1223
0 61 46 29 46 32 3 1224
0 132 37 36 38 35 3 1225
0 102 50 26 49 28 3 1226
0 84 43 40 35 42 3 1227
1 143 48 31 39 35 2 1228
0 102 40 35 44 26 6 1229
0 114 42 34 46 31 3 1230
0 76 38 39 38 40 3 1231
1 137 46 30 48 33 1 1232
0 20 36 41 31 44 3 1233
1 61 40 36 40 37 5 1234
0 143 39 36 38 38 5 1235
1 61 37 26 41 26 4 1236
1 61 47 17 39 21 6 1237
0 20 40 38 44 39 3 1238
1 102 39 37 37 40 1 1239
1 143 49 28 45 30 2 1240
1 20 45 30 46 28 3 1241
0 20 42 33 44 31 3 1242
0 143 40 41 37 38 3 1243
1 99 41 42 37 39 2 1244
0 143 42 34 39 36 3 1245
0 20 45 28 46 27 3 1246
0 98 45 30 40 36 3 1247
1 61 41 35 41 33 3 1248
1 102 42 41 47 32 2 1249
0 102 48 25 46 36 3 1250
0 20 46 28 44 31 3 1251
0 143 46 30 44 31 3 1252
1 20 35 49 32 47 4 1253
0 25 43 37 46 34 3 1254
1 0 48 34 45 27 1 1255
0 45 23 33 44 31 3 1256
1 102 44 33 39 37 1 1257
1 143 39 21 34 20 1 1258
0 80 46 31 51 24 3 1259
0 14 40 41 42 41 4 1260
0 143 51 24 37 37 3 1261
1 143 40 36 40 37 1 1262
0 143 50 30 48 32 3 1263
0 0 46 27 42 32 3 1264
1 61 47 32 49 30 1 1265
0 143 46 29 12 25 3 1266
1 28 44 30 37 35 3 1267
1 143 46 32 48 33 3 1268
1 9 43 19 39 18 1 1269
0 89 47 27 20 24 3 1270
0 26 43 32 41 34 3 1271
1 102 45 19 38 26 5 1272
0 20 37 38 37 37 3 1273
1 20 43 38 43 33 1 1274
1 14 44 38 42 41 2 1275
1 102 47 32 48 31 2 1276
0 61 45 32 46 30 3 1277
0 26 41 27 46 17 3 1278
1 102 43 38 38 37 1 1279
1 20 45 30 43 33 1 1280
1 102 45 30 25 32 2 1281
1 20 44 37 40 44 2 1282
1 98 35 25 44 20 2 1283
1 20 40 42 38 38 2 1284
1 102 42 35 39 35 1 1285
0 55 47 25 47 27 3 1286
0 66 50 30 50 29 3 1287
1 31 44 31 43 32 1 1288
1 109 42 33 44 37 1 1289
0 102 45 25 43 33 5 1290
1 143 42 41 37 37 1 1291
0 25 41 42 43 34 4 1292
0 6 42 35 49 27 3 1293
1 143 47 35 42 41 2 1294
1 20 45 30 47 31 1 1295
1 140 47 35 51 26 1 1296
0 30 43 34 39 36 3 1297
0 102 47 35 43 39 3 1298
1 20 35 27 45 21 2 1299
1 143 52 24 49 33 2 1300
1 102 47 35 37 36 5 1301
1 61 39 36 46 35 2 1302
1 102 42 33 46 36 5 1303
1 102 41 37 49 29 5 1304
1 102 35 26 38 31 5 1305
0 135 51 24 49 31 3 1306
1 20 47 27 42 34 1 1307
1 102 39 36 44 37 2 1308
1 2 40 34 40 37 2 1309
0 20 43 31 45 37 3 1310
1 84 45 31 50 26 1 1311
1 143 47 34 42 33 2 1312
1 143 49 29 40 36 1 1313
0 61 48 31 43 40 4 1314
0 104 41 42 38 42 3 1315
0 73 41 37 47 34 3 1316
1 102 43 33 36 41 2 1317
0 20 48 27 46 32 3 1318
0 20 48 34 49 29 3 1319
0 143 29 48 26 48 6 1320
1 143 51 24 43 21 2 1321
1 19 42 34 37 38 2 1322
1 61 47 34 49 31 1 1323
1 47 41 40 40 35 1 1324
1 104 21 37 49 27 1 1325
0 98 37 37 41 36 3 1326
1 143 35 41 43 39 1 1327
0 102 44 30 44 32 3 1328
1 3 48 27 46 32 2 1329
1 134 45 37 41 42 1 1330
1 8 44 38 38 36 2 1331
1 61 48 33 49 31 2 1332
0 96 48 34 47 27 3 1333
1 78 51 25 48 34 2 1334
1 8 43 34 43 32 1 1335
0 141 44 38 28 56 4 1336
0 5 38 38 47 36 3 1337
1 20 42 34 45 29 1 1338
0 20 42 40 44 39 3 1339
0 143 43 34 40 37 3 1340
1 143 47 27 44 27 5 1341
0 26 45 37 50 31 3 1342
1 141 46 24 47 35 1 1343
0 124 45 37 41 40 3 1344
0 135 46 35 48 33 3 1345
0 143 49 29 46 28 5 1346
1 4 44 36 37 38 1 1347
0 32 50 31 45 36 3 1348
0 143 42 38 45 36 6 1349
1 21 46 27 32 23 1 1350
0 143 42 39 48 30 3 1351
0 20 38 37 37 39 3 1352
1 20 24 31 47 22 6 1353
1 115 39 39 25 32 1 1354
1 53 45 32 50 30 2 1355
1 0 44 35 13 56 3 1356
1 102 47 31 46 29 6 1357
1 61 48 28 41 22 1 1358
0 143 45 38 44 39 3 1359
0 69 44 30 48 27 3 1360
0 70 51 26 36 22 3 1361
0 143 48 33 44 31 3 1362
1 41 50 32 39 36 1 1363
0 143 46 33 44 33 3 1364
0 103 46 29 41 33 3 1365
0 102 45 32 51 24 3 1366
0 33 39 37 45 38 3 1367
0 131 43 33 50 27 3 1368
0 96 46 29 44 39 3 1369
0 131 44 36 46 35 3 1370
0 102 43 40 44 39 3 1371
0 102 46 29 48 34 3 1372
0 61 43 39 45 36 3 1373
0 102 43 29 48 33 3 1374
1 20 39 34 41 34 1 1375
0 45 48 26 39 36 3 1376
1 102 47 18 45 28 1 1377
1 122 48 30 50 31 1 1378
1 21 43 31 43 33 2 1379
0 143 50 26 40 34 3 1380
0 20 50 27 48 29 5 1381
0 114 39 27 44 33 3 1382
1 62 43 40 45 29 2 1383
0 55 38 39 40 35 3 1384
1 20 45 36 46 38 5 1385
1 106 49 26 21 30 4 1386
0 20 37 42 37 40 3 1387
1 141 51 26 50 29 2 1388
0 102 50 29 39 25 3 1389
1 74 42 34 44 32 1 1390
1 23 47 31 42 33 2 1391
0 102 41 34 45 30 6 1392
1 61 49 29 50 30 4 1393
0 143 47 34 46 32 3 1394
1 139 43 32 46 35 3 1395
1 20 50 26 49 30 1 1396
0 20 44 32 47 32 3 1397
1 56 30 34 28 33 1 1398
1 143 38 31 37 26 5 1399
0 81 44 32 47 33 3 1400
1 106 48 33 47 33 2 1401
0 26 44 31 47 31 3 1402
0 84 44 33 39 39 3 1403
0 61 46 29 39 32 3 1404
0 61 42 39 40 34 3 1405
1 57 42 32 46 28 1 1406
0 96 39 22 39 22 3 1407
1 87 46 29 41 34 1 1408
1 61 45 38 47 36 3 1409
0 61 43 31 36 19 3 1410
1 113 45 31 42 42 4 1411
1 119 38 42 41 35 1 1412
1 20 47 33 48 35 1 1413
1 102 46 28 50 24 3 1414
0 122 48 30 44 30 3 1415
1 2 46 30 42 33 2 1416
1 143 44 31 43 33 1 1417
1 58 37 47 36 45 1 1418
0 82 45 35 40 35 3 1419
1 135 46 35 44 33 3 1420
0 17 38 39 39 42 3 1421
1 143 44 32 41 35 1 1422
0 105 39 36 45 36 3 1423
1 20 40 36 46 27 5 1424
0 74 43 32 47 29 3 1425
1 102 46 28 42 41 1 1426
0 143 51 26 50 24 3 1427
0 95 42 40 38 37 3 1428
1 102 43 32 31 36 1 1429
1 92 49 30 48 27 4 1430
1 61 40 25 46 28 2 1431
1 2 37 28 46 17 1 1432
0 20 45 34 49 27 3 1433
0 143 48 29 37 37 3 1434
0 20 44 33 37 38 3 1435
1 82 37 38 41 40 1 1436
0 24 48 32 48 36 3 1437
1 17 45 31 42 34 2 1438
0 78 51 27 50 28 3 1439
1 74 46 29 44 31 1 1440
0 20 49 30 45 39 3 1441
1 102 46 31 45 27 1 1442
0 124 44 32 48 27 3 1443
1 102 50 32 47 31 2 1444
1 61 46 33 45 35 1 1445
1 58 45 30 46 29 2 1446
1 94 33 35 22 32 1 1447
0 61 49 30 48 25 3 1448
0 20 39 42 39 42 6 1449
0 85 43 33 50 24 3 1450
1 89 42 42 45 27 4 1451
0 143 50 29 51 24 3 1452
0 61 45 31 49 26 3 1453
1 143 45 27 45 27 1 1454
0 133 50 25 45 27 3 1455
1 37 48 32 42 33 2 1456
0 65 48 27 46 29 3 1457
0 25 50 31 45 27 3 1458
0 125 45 31 44 29 3 1459
0 101 42 40 44 36 3 1460
1 20 38 38 39 37 1 1461
1 95 41 34 43 33 4 1462
1 61 49 29 49 29 1 1463
1 6 37 27 39 28 1 1464
0 121 38 43 47 28 3 1465
0 102 41 33 41 35 3 1466
1 61 46 37 50 32 5 1467
1 61 42 33 44 31 1 1468
0 143 45 29 40 36 3 1469
1 65 42 35 38 32 1 1470
0 46 50 30 51 25 3 1471
1 120 40 36 46 38 1 1472
0 61 38 37 51 24 5 1473
1 65 48 21 44 34 4 1474
0 102 41 35 38 37 3 1475
0 82 40 36 45 27 3 1476
0 6 42 41 48 31 3 1477
0 19 49 31 43 40 3 1478
1 56 50 28 47 27 3 1479
1 8 42 34 52 25 1 1480
1 110 39 26 46 27 2 1481
0 102 44 32 46 29 3 1482
0 63 45 38 48 31 3 1483
1 61 49 27 48 4 1 1484
1 15 44 31 41 33 2 1485
1 143 45 31 48 34 3 1486
1 102 46 27 44 32 1 1487
1 102 46 30 47 30 1 1488
1 102 49 31 49 30 2 1489
1 20 29 37 37 27 1 1490
0 71 43 40 43 40 3 1491
1 17 0 13 10 16 1 1492
0 61 46 31 40 37 6 1493
0 29 50 28 47 35 3 1494
1 19 2 13 3 16 1 1495
1 90 46 31 41 25 1 1496
1 61 43 32 46 32 1 1497
0 143 50 30 48 27 3 1498
0 48 48 28 45 30 3 1499
0 78 44 33 38 38 3 1500
0 139 45 36 46 27 3 1501
0 109 38 27 36 26 3 1502
0 49 44 38 44 37 3 1503
1 61 46 31 46 17 1 1504
0 99 45 27 45 33 3 1505
0 143 45 30 46 29 3 1506
1 102 47 21 40 27 6 1507
0 61 43 40 40 36 6 1508
1 141 43 35 38 37 1 1509
0 102 47 30 45 29 3 1510
1 61 32 36 41 35 5 1511
1 31 38 37 46 34 2 1512
1 141 50 26 50 25 2 1513
1 20 46 29 33 51 6 1514
1 13 45 31 47 27 3 1515
1 121 45 32 37 37 1 1516
1 89 43 21 43 21 1 1517
0 18 47 32 44 30 3 1518
1 6 31 35 30 34 2 1519
1 96 49 32 46 31 1 1520
1 61 50 27 45 30 1 1521
0 95 47 27 44 38 3 1522
1 31 47 28 46 36 3 1523
1 10 45 32 38 34 4 1524
1 143 44 31 50 25 1 1525
0 61 44 31 38 38 5 1526
1 143 38 28 47 32 1 1527
0 61 48 30 52 25 3 1528
1 98 46 31 47 28 2 1529
0 96 42 33 47 31 3 1530
1 20 46 30 38 31 1 1531
0 20 38 36 41 35 3 1532
0 143 43 34 48 26 6 1533
0 91 45 33 46 32 3 1534
1 102 32 36 36 33 1 1535
0 123 48 32 45 27 3 1536
0 61 51 24 49 28 3 1537
1 12 36 46 18 48 1 1538
1 102 36 25 47 27 6 1539
1 20 48 33 47 31 5 1540
1 21 45 27 46 30 2 1541
0 27 49 30 45 36 3 1542
0 143 50 30 31 34 5 1543
0 20 41 34 37 38 3 1544
1 102 46 31 45 32 2 1545
0 61 37 37 0 31 3 1546
1 143 45 31 47 31 6 1547
1 2 43 34 35 9 2 1548
0 61 99 0 98 0 3 1549
1 78 38 38 38 37 2 1550
1 121 45 31 41 33 2 1551
1 6 47 28 49 29 2 1552
0 120 42 37 43 37 3 1553
0 20 37 25 49 19 3 1554
0 102 39 35 38 36 3 1555
0 90 47 32 46 31 3 1556
1 120 44 37 36 41 1 1557
1 61 49 32 48 35 1 1558
0 102 46 31 39 34 3 1559
1 102 38 35 48 30 1 1560
0 102 46 29 44 36 3 1561
1 20 36 33 18 34 1 1562
1 82 42 40 31 31 2 1563
1 123 51 26 40 34 4 1564
0 102 46 36 43 40 3 1565
1 143 30 35 39 22 1 1566
0 20 44 30 39 18 3 1567
1 20 45 38 46 30 5 1568
0 143 46 33 56 32 3 1569
1 139 50 26 49 30 1 1570
1 52 48 34 48 33 1 1571
0 69 47 36 41 39 4 1572
0 20 43 33 37 42 3 1573
1 61 45 29 49 30 1 1574
0 102 52 25 46 27 4 1575
1 2 41 33 37 38 1 1576
1 52 21 37 50 29 4 1577
0 81 44 28 49 31 3 1578
0 143 51 27 48 28 3 1579
1 20 37 41 42 32 2 1580
0 85 47 32 47 33 3 1581
1 143 47 31 41 34 1 1582
0 143 47 30 44 28 3 1583
0 2 51 27 50 29 3 1584
0 102 41 34 41 34 3 1585
0 19 37 27 36 26 3 1586
1 124 45 32 32 35 1 1587
0 20 38 26 36 23 5 1588
0 143 46 29 44 32 3 1589
0 28 51 27 36 48 3 1590
1 34 48 34 41 20 1 1591
0 20 46 32 35 25 3 1592
1 143 39 36 39 39 4 1593
1 102 46 31 46 31 2 1594
1 61 46 31 43 41 1 1595
0 72 37 38 44 28 3 1596
0 20 48 32 46 28 3 1597
1 102 46 30 41 35 1 1598
0 20 40 27 48 22 6 1599
1 141 43 31 45 32 2 1600
1 61 41 34 52 25 1 1601
0 102 34 50 37 47 3 1602
0 61 48 34 46 32 3 1603
1 50 48 27 45 29 2 1604
0 102 41 36 37 40 3 1605
0 20 46 27 43 32 6 1606
1 17 38 26 43 31 1 1607
0 143 50 27 50 25 3 1608
0 10 45 28 48 26 3 1609
0 63 45 32 37 37 3 1610
1 20 39 35 38 36 1 1611
1 102 48 19 40 41 3 1612
0 74 47 34 52 25 3 1613
0 15 38 25 48 31 3 1614
1 20 41 37 45 30 1 1615
0 61 48 27 39 34 3 1616
0 61 48 35 47 33 3 1617
0 102 40 36 37 38 5 1618
1 102 46 32 50 27 2 1619
1 143 45 31 44 32 5 1620
1 61 46 28 45 29 2 1621
1 116 44 32 32 34 1 1622
0 47 46 27 47 33 3 1623
0 24 45 28 47 33 3 1624
0 122 40 25 37 24 4 1625
0 127 45 26 45 26 3 1626
1 102 40 34 38 36 1 1627
0 102 42 35 40 38 5 1628
1 43 45 35 48 19 2 1629
1 143 47 27 46 27 1 1630
0 44 45 30 44 30 3 1631
0 20 46 37 49 28 3 1632
0 136 46 35 45 28 3 1633
0 1 39 38 41 39 3 1634
1 20 43 32 44 33 2 1635
1 142 44 31 40 34 1 1636
0 90 47 27 48 28 3 1637
0 50 46 31 48 33 3 1638
0 15 44 36 46 37 3 1639
1 20 48 29 38 26 2 1640
1 143 44 31 39 37 1 1641
0 13 38 43 41 40 3 1642
1 102 49 30 43 19 2 1643
1 61 47 34 46 37 1 1644
1 20 37 44 37 39 5 1645
0 86 47 36 47 32 4 1646
1 63 49 32 39 36 1 1647
0 61 31 50 35 49 3 1648
1 102 46 28 47 32 6 1649
1 102 48 29 45 29 1 1650
1 102 42 42 35 52 1 1651
0 100 40 34 42 33 3 1652
0 20 37 37 41 34 3 1653
1 20 32 33 32 35 6 1654
1 125 45 32 49 29 1 1655
1 20 50 31 47 28 1 1656
0 61 43 39 38 38 5 1657
0 102 42 41 47 29 3 1658
0 20 46 29 48 28 3 1659
1 74 41 36 40 35 2 1660
0 66 38 46 37 40 3 1661
0 30 50 32 47 30 3 1662
0 143 51 26 48 16 3 1663
0 143 46 29 46 29 3 1664
0 102 45 31 42 35 3 1665
1 43 42 40 44 37 1 1666
0 8 46 29 43 32 3 1667
0 72 47 28 43 37 3 1668
1 20 46 28 44 36 1 1669
1 2 48 27 44 31 1 1670
0 61 36 40 46 35 3 1671
0 34 52 24 52 26 3 1672
0 102 41 34 44 31 5 1673
1 20 44 30 48 29 3 1674
1 48 46 27 44 32 4 1675
0 20 46 29 49 29 3 1676
1 72 48 34 48 26 1 1677
0 5 46 30 48 33 3 1678
1 61 41 34 42 33 1 1679
0 61 38 37 39 35 3 1680
1 102 47 27 38 38 1 1681
0 61 45 29 51 25 3 1682
1 116 46 21 45 27 1 1683
0 61 42 35 50 31 3 1684
1 143 45 27 42 32 1 1685
1 61 37 39 41 37 2 1686
1 99 42 40 31 37 1 1687
0 102 43 33 44 32 6 1688
0 102 46 32 45 27 3 1689
1 61 38 39 44 31 1 1690
0 116 52 26 46 35 3 1691
1 61 40 25 45 31 2 1692
0 67 44 38 44 35 3 1693
0 126 50 31 57 9 3 1694
0 114 40 37 42 40 3 1695
1 61 48 29 45 35 1 1696
1 87 46 30 45 35 3 1697
1 115 46 27 47 28 1 1698
0 69 45 32 15 27 3 1699
0 20 45 32 52 26 6 1700
1 85 44 31 44 31 3 1701
0 50 42 32 43 29 3 1702
0 61 42 33 38 38 3 1703
1 20 50 26 44 35 1 1704
0 0 44 33 45 36 3 1705
1 61 42 41 46 37 1 1706
1 41 50 30 44 31 2 1707
0 20 43 32 45 28 3 1708
1 96 46 30 46 27 2 1709
0 97 42 33 45 32 3 1710
1 118 45 35 43 12 1 1711
1 20 44 31 44 31 2 1712
0 142 39 36 48 31 3 1713
1 20 43 32 46 31 1 1714
1 20 42 34 51 23 1 1715
0 20 43 31 43 33 3 1716
0 101 46 27 47 29 3 1717
0 102 46 29 48 35 3 1718
0 6 49 32 48 29 3 1719
1 117 48 34 37 38 1 1720
0 8 41 40 39 38 3 1721
0 102 39 37 49 33 3 1722
0 61 39 40 36 40 3 1723
1 20 1 14 33 33 1 1724
1 103 40 35 41 37 1 1725
1 61 47 35 50 25 1 1726
0 143 37 41 43 41 3 1727
0 61 46 29 50 28 5 1728
1 93 47 30 46 30 2 1729
0 20 47 30 39 36 3 1730
0 62 46 30 37 37 3 1731
0 102 48 30 47 36 3 1732
1 102 49 32 45 28 1 1733
0 61 41 34 44 32 3 1734
0 20 50 27 48 27 3 1735
1 97 50 30 46 29 1 1736
0 108 50 31 38 44 3 1737
0 61 40 35 38 37 3 1738
1 1 45 29 47 27 1 1739
0 20 50 31 38 31 3 1740
0 89 49 32 38 43 3 1741
1 104 45 28 45 31 2 1742
1 20 48 31 48 29 3 1743
1 119 38 37 44 31 1 1744
1 143 41 35 39 37 1 1745
1 20 45 30 47 29 1 1746
0 20 41 42 39 41 3 1747
1 96 38 36 45 28 1 1748
0 68 44 18 44 12 3 1749
1 2 48 30 40 38 1 1750
0 48 49 29 50 25 4 1751
1 143 45 33 44 30 1 1752
1 17 44 26 43 20 1 1753
1 143 41 34 42 33 1 1754
1 61 41 36 42 33 1 1755
1 61 47 22 46 30 6 1756
0 20 47 32 47 33 3 1757
1 143 46 31 40 35 1 1758
1 143 40 33 48 35 5 1759
0 61 45 33 47 34 3 1760
1 138 46 29 47 29 1 1761
0 143 44 32 43 40 3 1762
0 67 47 31 48 27 3 1763
1 24 40 27 37 26 1 1764
0 61 29 31 22 32 3 1765
1 10 41 34 39 36 2 1766
1 88 39 21 34 23 1 1767
1 143 48 31 50 31 1 1768
0 50 39 45 47 34 3 1769
1 20 47 30 37 38 1 1770
1 80 47 32 43 37 1 1771
1 52 44 29 49 31 1 1772
0 64 41 33 31 31 3 1773
0 122 47 27 44 31 3 1774
1 102 39 37 49 29 5 1775
0 143 46 35 40 35 5 1776
1 20 50 28 47 20 5 1777
0 82 38 37 43 31 3 1778
1 109 46 32 48 33 1 1779
1 20 43 39 36 43 3 1780
1 122 47 31 44 30 1 1781
0 37 43 34 45 36 3 1782
0 102 37 41 44 37 4 1783
1 52 38 37 45 26 1 1784
0 61 43 34 20 36 3 1785
0 98 51 27 50 30 3 1786
1 61 43 40 37 48 4 1787
1 102 39 36 47 28 1 1788
0 48 71 43 71 43 3 1789
1 102 21 35 24 32 2 1790
1 61 50 31 50 31 1 1791
0 143 39 37 45 29 3 1792
0 61 39 37 41 39 3 1793
0 20 49 32 42 34 3 1794
1 61 47 32 47 34 1 1795
1 107 46 27 48 31 1 1796
0 20 40 38 40 36 5 1797
0 20 46 30 40 34 3 1798
0 102 43 40 30 49 3 1799
1 143 44 32 41 33 4 1800
1 20 50 30 50 25 1 1801
0 102 41 37 39 39 3 1802
0 91 49 30 50 30 3 1803
0 20 42 32 46 30 3 1804
0 20 42 35 46 32 3 1805
1 102 46 26 41 42 1 1806
0 68 48 29 44 31 3 1807
1 68 43 34 37 36 1 1808
0 61 39 38 51 27 3 1809
0 76 39 34 43 31 3 1810
0 8 46 29 43 31 3 1811
1 131 48 35 46 29 1 1812
0 61 48 33 43 30 3 1813
1 113 45 30 46 30 1 1814
1 61 43 34 40 26 3 1815
1 102 44 31 44 31 5 1816
1 20 42 35 45 30 1 1817
1 102 38 39 39 37 5 1818
1 20 46 29 50 30 1 1819
1 61 42 40 42 40 1 1820
1 33 50 24 46 35 2 1821
0 20 31 31 23 32 3 1822
1 102 47 33 50 30 1 1823
0 14 46 37 47 35 3 1824
1 20 44 30 48 29 1 1825
1 20 49 32 48 30 3 1826
1 20 44 31 51 29 1 1827
0 20 47 35 47 30 3 1828
1 102 50 26 44 34 2 1829
0 103 38 37 45 30 3 1830
1 143 43 40 42 41 6 1831
0 135 45 30 43 35 3 1832
0 61 44 38 47 31 3 1833
1 20 38 46 36 46 1 1834
1 18 46 32 37 37 1 1835
0 143 45 29 41 34 3 1836
1 143 40 35 44 38 6 1837
1 59 50 30 49 32 1 1838
0 20 40 44 35 44 3 1839
1 113 43 32 49 32 3 1840
0 61 47 30 45 31 3 1841
0 89 45 17 36 39 3 1842
1 102 47 32 44 31 2 1843
1 61 43 40 47 30 2 1844
0 93 42 33 45 30 3 1845
0 143 38 37 39 32 3 1846
1 143 44 30 44 30 1 1847
1 4 38 45 24 32 1 1848
1 47 40 35 43 33 1 1849
1 143 45 32 47 30 6 1850
0 124 45 33 42 34 3 1851
0 102 37 38 48 23 3 1852
0 102 39 38 41 38 3 1853
0 60 50 31 46 30 3 1854
0 113 52 25 47 29 3 1855
0 20 49 28 40 36 3 1856
1 63 40 36 44 35 4 1857
0 102 48 31 47 29 6 1858
0 34 49 30 39 36 3 1859
0 143 45 28 42 33 3 1860
1 61 39 36 46 26 3 1861
1 15 48 31 41 35 1 1862
1 52 42 40 38 38 1 1863
0 95 49 30 48 34 3 1864
0 143 42 40 44 39 3 1865
1 17 48 31 47 33 1 1866
1 102 45 32 43 39 2 1867
1 102 45 36 52 25 1 1868
0 61 39 38 39 36 6 1869
1 80 40 35 34 35 3 1870
1 143 48 34 43 32 6 1871
0 13 49 33 51 27 3 1872
0 47 44 36 37 41 3 1873
0 102 47 31 37 48 3 1874
0 143 44 20 38 19 3 1875
0 83 48 33 47 34 3 1876
1 14 46 35 48 31 1 1877
1 140 45 31 43 32 1 1878
1 87 42 34 46 32 1 1879
1 48 35 41 30 46 1 1880
0 102 45 30 41 43 3 1881
0 20 46 32 49 30 3 1882
1 102 47 29 50 29 1 1883
0 102 49 32 48 33 3 1884
1 20 43 33 45 32 2 1885
1 20 45 29 26 31 1 1886
0 20 43 29 34 23 3 1887
1 20 39 34 40 38 1 1888
0 20 45 32 44 32 3 1889
1 102 42 35 47 29 5 1890
1 54 43 33 47 32 1 1891
0 101 47 32 44 37 3 1892
1 20 40 25 49 27 5 1893
0 58 43 40 37 36 3 1894
0 61 48 26 51 26 3 1895
0 143 39 34 39 36 3 1896
0 138 45 36 49 25 3 1897
1 74 48 27 43 33 1 1898
0 143 49 31 52 25 5 1899
1 4 47 32 48 28 1 1900
0 20 47 34 44 39 3 1901
0 20 46 31 46 28 5 1902
1 102 0 13 7 26 1 1903
1 102 46 28 41 35 1 1904
1 115 42 34 44 33 1 1905
1 51 50 27 38 37 1 1906
0 76 49 28 45 36 4 1907
0 23 50 24 48 27 3 1908
1 82 47 33 49 28 1 1909
0 61 42 40 46 35 5 1910
0 116 50 29 48 32 3 1911
0 143 50 31 46 36 3 1912
1 102 43 34 44 33 1 1913
1 20 37 38 37 37 1 1914
0 90 47 31 47 35 3 1915
0 78 47 28 47 32 3 1916
1 19 39 36 42 33 1 1917
1 124 51 26 49 30 1 1918
1 61 46 30 22 34 1 1919
0 20 46 36 47 34 5 1920
0 61 39 38 48 34 5 1921
1 143 49 32 50 31 4 1922
0 143 49 28 46 22 3 1923
1 32 45 31 48 28 2 1924
0 20 45 32 49 13 5 1925
0 61 44 32 41 33 3 1926
0 82 41 42 36 44 3 1927
1 130 50 28 50 27 1 1928
0 90 50 30 39 36 3 1929
1 102 42 39 38 39 2 1930
1 143 45 36 41 33 5 1931
0 123 44 39 50 29 3 1932
0 1 48 34 48 29 3 1933
0 20 50 25 47 33 3 1934
1 125 39 35 35 42 1 1935
0 109 38 39 48 30 3 1936
1 20 42 33 36 40 1 1937
0 102 45 32 38 39 5 1938
0 30 48 34 48 31 3 1939
0 102 40 41 38 43 3 1940
1 20 47 31 44 35 5 1941
1 76 41 42 37 37 2 1942
0 143 41 25 39 36 3 1943
1 20 38 37 40 38 1 1944
0 143 44 39 40 25 3 1945
0 7 42 35 41 35 3 1946
1 102 45 26 39 37 1 1947
1 76 48 34 43 35 3 1948
0 102 33 24 41 41 3 1949
1 20 41 37 40 38 6 1950
1 102 51 28 50 25 1 1951
0 24 43 32 38 38 3 1952
0 47 40 35 46 32 3 1953
0 100 46 29 44 28 3 1954
1 66 41 40 48 28 1 1955
1 27 44 37 48 35 1 1956
1 143 40 36 45 38 1 1957
0 93 43 32 44 31 3 1958
1 32 49 28 45 31 2 1959
1 120 43 34 44 32 1 1960
1 102 49 31 49 26 1 1961
0 102 45 29 46 29 3 1962
0 102 47 27 47 31 5 1963
1 98 41 34 36 33 2 1964
0 16 40 37 30 35 3 1965
0 20 35 33 44 20 3 1966
0 20 45 31 46 29 3 1967
0 61 38 39 39 37 4 1968
0 34 42 39 41 36 3 1969
1 20 21 34 28 33 1 1970
1 143 45 31 39 39 1 1971
1 102 21 37 26 34 1 1972
0 2 44 36 41 39 3 1973
0 61 47 26 39 40 3 1974
0 43 46 31 41 35 4 1975
0 24 40 36 42 35 3 1976
1 48 41 40 37 39 1 1977
0 143 43 32 49 25 3 1978
0 96 43 32 48 32 3 1979
0 114 51 24 44 31 3 1980
1 102 41 35 47 29 1 1981
0 102 43 32 43 32 3 1982
1 85 40 36 39 35 4 1983
0 143 37 42 35 45 3 1984
1 45 37 25 42 41 2 1985
0 15 46 32 27 33 3 1986
1 32 43 21 38 27 4 1987
0 61 48 35 44 31 5 1988
1 43 47 27 45 32 1 1989
1 143 44 31 44 31 2 1990
0 45 45 31 44 35 3 1991
1 143 43 34 49 31 1 1992
0 45 42 33 41 33 3 1993
0 19 46 35 45 30 3 1994
1 143 46 31 42 33 2 1995
1 106 50 26 48 32 2 1996
1 117 43 34 41 40 1 1997
0 112 47 33 49 30 3 1998
0 143 43 33 39 36 3 1999
