1 136 60 74 99 97 3 0
0 37 74 46 47 60 5 1
0 77 86 69 53 61 5 2
1 84 87 45 58 29 2 3
1 0 66 72 31 99 1 4
0 20 51 45 88 87 5 5
0 78 59 28 0 41 5 6
1 78 81 80 40 42 3 7
0 34 14 7 99 37 6 8
1 56 19 69 10 45 2 9
1 40 60 37 20 49 3 10
0 87 52 58 34 41 5 11
0 48 41 30 7 54 4 12
0 58 9 62 27 51 6 13
1 98 53 78 19 60 1 14
1 47 28 36 42 51 3 15
1 30 73 62 12 87 2 16
0 140 79 46 23 76 6 17
1 57 81 55 74 59 2 18
1 97 50 95 53 60 3 19
1 140 16 18 74 21 2 20
1 142 40 31 98 87 3 21
1 139 73 28 98 43 2 22
1 101 74 46 65 73 1 23
1 86 23 57 83 33 3 24
0 67 39 96 67 60 4 25
1 44 63 33 51 34 1 26
1 96 64 45 60 23 3 27
1 18 61 54 66 99 2 28
1 106 27 78 17 38 3 29
1 70 93 31 29 48 2 30
1 48 78 23 21 39 3 31
1 54 98 74 52 19 3 32
1 102 25 11 80 58 3 33
0 105 58 71 34 24 5 34
1 97 30 33 39 50 3 35
1 59 16 34 0 66 2 36
1 14 22 51 32 89 2 37
1 25 57 49 21 63 3 38
1 66 69 71 99 83 1 39
1 59 44 77 66 66 3 40
1 14 49 32 57 48 1 41
1 105 58 70 38 26 3 42
1 57 50 59 99 49 2 43
1 38 41 38 62 11 3 44
0 74 54 56 35 44 5 45
0 21 38 36 60 21 5 46
1 100 87 0 61 67 3 47
1 49 40 47 43 42 2 48
1 12 79 77 30 13 1 49
1 91 36 54 42 67 1 50
0 97 32 15 10 65 4 51
1 29 37 35 49 2 3 52
1 79 63 52 42 52 2 53
1 86 0 99 60 34 2 54
1 58 62 47 0 99 2 55
1 68 76 33 88 57 2 56
1 94 24 80 67 83 3 57
0 49 38 99 23 47 5 58
1 113 52 65 40 59 1 59
1 25 91 47 33 67 3 60
1 55 17 16 67 46 2 61
0 67 77 22 32 40 5 62
1 75 49 43 48 47 3 63
1 46 30 57 28 21 1 64
1 61 46 99 32 74 2 65
1 99 20 69 20 0 2 66
1 94 6 61 33 91 2 67
0 110 39 33 20 39 6 68
1 62 41 54 64 59 3 69
1 44 14 84 33 34 2 70
1 53 4 38 38 66 3 71
0 97 50 73 58 50 4 72
1 78 45 40 43 22 3 73
1 82 25 71 44 51 1 74
0 90 66 11 45 72 6 75
1 11 60 0 24 51 1 76
0 12 25 13 91 54 4 77
0 92 44 41 10 43 5 78
0 45 71 79 87 71 5 79
1 50 22 69 59 6 2 80
0 85 70 51 45 30 6 81
1 20 70 42 44 93 2 82
1 97 59 54 88 93 1 83
1 105 65 0 53 47 1 84
1 75 74 0 36 57 3 85
1 55 15 72 57 26 3 86
1 83 71 50 70 52 3 87
1 58 21 48 55 72 2 88
1 68 61 26 30 47 2 89
1 34 71 62 57 58 1 90
0 143 38 0 55 49 5 91
1 53 26 39 55 37 2 92
1 143 26 30 0 56 1 93
1 0 37 43 32 93 1 94
1 108 83 28 78 62 3 95
1 100 76 27 39 72 1 96
1 0 88 64 49 56 2 97
0 35 41 78 82 99 4 98
0 69 34 37 25 48 5 99
1 86 49 77 44 41 1 100
1 51 9 11 21 83 2 101
1 104 84 17 1 33 3 102
1 78 62 76 57 94 3 103
1 64 27 8 28 56 3 104
1 40 73 85 0 72 2 105
1 0 60 81 52 18 3 106
0 51 43 45 45 47 5 107
1 80 20 44 88 40 2 108
1 56 77 0 80 34 1 109
1 78 52 74 43 33 1 110
1 119 0 51 16 31 1 111
1 143 49 55 5 32 1 112
0 79 59 65 50 63 5 113
1 88 4 51 69 65 3 114
1 59 30 22 47 78 2 115
1 2 34 22 70 36 2 116
1 55 45 61 40 0 1 117
1 92 61 45 23 59 1 118
1 86 38 45 27 46 1 119
1 16 60 26 56 15 2 120
1 51 47 8 53 41 3 121
1 9 17 65 72 47 3 122
0 87 56 58 82 12 5 123
1 96 40 44 42 41 2 124
0 28 55 92 49 50 4 125
1 47 47 62 41 39 3 126
1 87 27 56 71 84 3 127
1 69 84 76 25 20 2 128
0 61 76 48 35 89 6 129
1 82 0 58 63 56 2 130
1 88 48 17 41 26 2 131
0 38 18 61 52 39 5 132
1 49 49 77 0 59 2 133
1 52 3 1 27 55 1 134
1 86 27 75 86 60 1 135
1 51 78 69 72 34 3 136
1 0 99 10 49 99 2 137
1 84 74 12 6 37 1 138
1 111 41 30 55 77 3 139
0 20 20 30 77 56 5 140
1 143 73 49 82 55 2 141
1 47 67 33 43 83 2 142
1 68 30 38 76 36 1 143
0 58 37 55 40 10 6 144
0 40 27 81 70 65 4 145
1 54 30 37 24 99 1 146
1 0 64 18 47 25 3 147
1 30 21 94 47 31 2 148
1 92 50 68 4 58 3 149
1 100 8 61 92 50 2 150
1 102 67 32 51 11 2 151
1 56 57 68 51 68 1 152
1 32 47 50 96 45 1 153
1 54 51 27 55 41 3 154
1 8 49 42 9 48 1 155
1 126 63 65 16 62 3 156
0 77 63 61 16 49 5 157
0 45 49 28 83 29 5 158
0 40 52 23 39 29 5 159
1 123 70 49 40 74 1 160
1 87 62 49 8 47 1 161
1 53 66 75 34 62 3 162
1 134 33 92 29 51 1 163
1 72 50 29 35 33 3 164
1 84 58 99 84 37 3 165
0 84 75 51 48 51 5 166
1 103 29 42 62 58 2 167
1 81 41 74 99 60 3 168
0 65 69 37 31 51 5 169
1 0 21 41 16 24 1 170
0 56 9 40 37 51 5 171
0 114 54 51 52 56 6 172
0 35 47 58 16 72 4 173
1 111 34 44 28 67 1 174
0 34 44 29 51 5 4 175
1 120 26 51 45 31 3 176
1 40 73 37 57 30 1 177
0 49 62 73 46 14 5 178
1 143 29 11 99 40 3 179
1 19 33 59 55 29 1 180
0 138 37 20 74 83 5 181
1 43 15 76 0 19 3 182
1 107 49 43 59 46 3 183
1 25 82 83 55 51 3 184
1 143 43 44 59 87 2 185
0 129 44 58 16 42 4 186
1 42 25 92 30 37 1 187
0 85 82 62 99 48 4 188
1 81 57 86 63 47 3 189
1 38 56 85 40 63 2 190
1 81 72 30 99 18 2 191
1 59 73 57 71 38 2 192
0 69 50 89 67 70 4 193
1 48 74 56 85 99 3 194
1 61 40 28 46 40 1 195
1 85 46 41 77 27 1 196
1 88 40 68 85 42 3 197
1 88 54 30 56 57 3 198
1 87 45 52 21 41 2 199
1 92 72 39 53 56 3 200
1 79 64 5 49 56 2 201
1 36 92 54 89 30 1 202
1 39 56 8 55 52 1 203
1 109 68 40 23 93 1 204
1 43 24 23 78 37 1 205
1 45 53 45 33 69 3 206
1 110 75 69 60 6 1 207
1 132 58 65 78 86 2 208
0 87 61 35 51 29 5 209
1 46 28 46 76 99 2 210
1 79 16 82 42 33 2 211
1 80 19 56 48 52 2 212
0 86 52 50 57 60 6 213
1 35 14 48 14 52 3 214
1 106 65 24 28 58 1 215
1 58 42 65 25 40 1 216
0 43 24 29 67 51 4 217
1 40 44 9 32 99 1 218
1 69 68 48 59 67 3 219
0 32 49 89 30 36 6 220
0 61 57 63 82 62 4 221
0 70 81 68 13 99 5 222
1 136 46 59 83 46 2 223
1 98 78 25 35 73 1 224
0 89 73 47 43 0 6 225
1 31 51 71 63 47 1 226
1 62 55 52 85 54 3 227
1 19 18 88 21 69 1 228
1 62 46 47 81 45 1 229
1 71 12 55 63 56 2 230
0 122 51 57 91 11 6 231
1 56 86 73 67 71 3 232
1 84 91 59 56 54 1 233
1 79 21 69 47 96 1 234
1 69 61 56 34 75 3 235
0 141 50 42 41 3 5 236
1 66 56 76 74 40 3 237
1 62 78 46 37 85 3 238
1 109 50 35 0 65 1 239
1 40 1 90 66 22 2 240
1 28 72 28 82 65 1 241
0 91 60 55 72 39 6 242
1 75 69 64 20 37 2 243
0 81 40 94 40 46 6 244
1 100 58 46 31 58 2 245
1 109 62 31 93 14 2 246
1 15 74 56 36 23 2 247
1 143 53 63 58 61 2 248
0 91 68 41 43 6 5 249
1 44 57 76 65 41 1 250
1 27 0 79 35 39 2 251
0 77 15 41 99 63 6 252
1 85 10 99 14 98 3 253
0 0 85 90 29 61 4 254
1 92 30 14 17 64 3 255
1 69 36 74 63 31 3 256
1 29 63 37 52 89 1 257
1 90 28 54 26 90 2 258
1 52 55 58 54 1 3 259
1 20 39 58 47 26 1 260
1 23 40 38 63 42 1 261
1 94 35 44 41 30 2 262
0 95 30 37 48 18 4 263
1 60 32 40 49 30 2 264
1 64 83 49 79 59 3 265
1 100 31 53 53 35 3 266
1 42 13 87 26 84 1 267
1 55 28 66 34 64 2 268
1 60 62 26 71 62 1 269
1 39 99 64 99 90 2 270
1 65 40 40 4 33 3 271
1 81 88 31 72 19 3 272
1 51 39 59 61 74 1 273
0 100 56 60 90 37 6 274
1 100 5 60 38 50 1 275
1 109 54 72 87 60 1 276
1 114 42 50 37 76 2 277
1 87 37 54 76 49 3 278
1 38 53 0 69 39 1 279
1 55 72 16 99 38 3 280
0 53 76 68 99 45 4 281
1 68 13 42 32 39 3 282
1 9 92 15 0 20 2 283
1 50 21 77 47 51 1 284
1 94 57 74 22 36 2 285
1 96 0 16 63 38 3 286
0 106 70 20 60 80 5 287
1 77 26 72 66 64 3 288
1 98 0 72 95 61 2 289
1 79 67 58 66 50 1 290
1 44 25 25 16 23 3 291
0 135 69 34 40 53 6 292
0 48 52 69 49 58 5 293
0 104 43 57 42 49 5 294
0 60 37 54 64 54 4 295
1 90 32 20 60 67 3 296
0 74 84 73 99 45 5 297
1 36 31 36 62 0 2 298
1 119 44 44 23 47 2 299
1 72 47 58 35 28 2 300
1 92 52 55 76 24 1 301
1 41 81 13 17 70 2 302
1 81 53 48 51 48 1 303
1 121 40 46 95 51 3 304
1 143 47 84 9 54 2 305
0 15 71 20 57 43 6 306
1 30 10 37 94 43 2 307
1 105 49 72 4 40 2 308
1 106 46 48 39 79 1 309
1 83 51 66 65 55 3 310
1 128 48 57 34 54 3 311
0 129 34 22 75 46 4 312
1 75 49 52 71 29 1 313
1 36 52 10 16 97 1 314
1 99 50 81 24 42 2 315
1 94 72 63 0 26 3 316
1 89 41 99 73 64 2 317
1 32 49 56 78 72 3 318
1 109 27 85 15 37 3 319
1 88 46 25 29 11 1 320
1 91 82 47 40 13 2 321
1 105 99 5 23 33 2 322
0 52 56 90 75 63 4 323
1 46 22 30 89 48 2 324
1 56 45 71 17 85 2 325
0 78 45 61 55 41 4 326
0 63 28 66 37 26 6 327
0 78 83 49 35 60 6 328
1 142 14 60 55 79 3 329
1 108 45 8 70 29 1 330
1 38 79 27 85 58 2 331
1 83 58 9 6 55 2 332
1 92 52 29 50 48 3 333
1 38 75 7 65 60 3 334
1 108 25 53 99 67 1 335
0 76 63 52 99 75 5 336
1 69 56 40 80 15 2 337
1 14 86 99 62 53 3 338
1 96 34 54 51 66 2 339
1 16 37 71 33 25 2 340
0 143 51 36 8 68 6 341
1 97 43 22 49 29 2 342
1 38 47 24 56 65 3 343
0 42 16 89 26 34 5 344
1 80 65 44 62 40 3 345
1 37 86 99 92 54 1 346
1 138 59 38 62 48 3 347
1 37 28 70 4 65 2 348
1 13 0 4 99 45 3 349
1 75 85 73 15 72 2 350
1 79 41 51 82 28 3 351
1 86 50 5 30 55 1 352
1 119 75 65 30 95 3 353
0 80 25 45 72 50 6 354
1 104 78 60 29 53 3 355
1 74 96 9 47 35 2 356
1 84 0 78 50 4 3 357
1 59 65 10 50 24 3 358
0 52 51 55 38 57 5 359
1 101 43 86 87 39 3 360
1 49 8 47 41 69 3 361
0 18 43 74 32 31 5 362
1 20 99 31 17 30 3 363
1 44 43 71 43 27 2 364
1 20 51 51 88 52 1 365
1 68 24 42 39 41 1 366
1 37 63 46 45 7 2 367
1 90 62 29 75 16 3 368
1 71 43 17 55 93 2 369
1 74 38 61 53 51 2 370
1 57 86 61 37 47 2 371
1 45 35 34 22 69 2 372
1 62 64 33 48 32 1 373
1 98 44 32 9 57 3 374
0 46 50 38 74 64 6 375
1 88 35 62 93 29 2 376
0 78 9 85 40 70 5 377
0 10 95 41 64 54 6 378
1 63 92 9 57 73 1 379
1 71 47 46 19 51 3 380
1 90 52 43 38 43 3 381
0 117 0 51 42 86 5 382
1 74 87 0 61 57 3 383
1 122 9 46 52 38 1 384
1 116 42 99 76 74 1 385
1 92 23 39 64 67 2 386
1 119 38 28 71 30 1 387
0 103 80 61 41 51 6 388
1 93 50 99 25 25 3 389
1 37 35 0 34 34 2 390
1 75 60 19 73 95 3 391
0 65 89 55 99 78 4 392
1 16 50 76 51 49 3 393
1 118 32 50 58 42 2 394
1 71 69 61 30 22 3 395
1 44 50 46 29 35 2 396
1 17 60 49 19 51 2 397
1 120 32 83 42 55 2 398
1 76 85 54 21 17 3 399
1 17 7 51 26 48 3 400
1 47 31 38 68 73 2 401
1 85 25 66 67 57 3 402
1 50 68 61 0 66 3 403
0 3 67 46 80 48 6 404
1 40 46 76 51 47 2 405
1 99 55 50 84 89 1 406
1 94 43 87 80 68 1 407
0 28 54 31 46 56 6 408
1 76 38 82 8 68 3 409
1 5 60 28 72 52 3 410
1 81 25 34 55 65 3 411
1 143 56 74 11 17 2 412
1 59 20 87 40 85 1 413
1 126 51 63 49 63 1 414
1 89 47 63 93 68 2 415
1 84 53 25 24 58 2 416
1 23 31 82 98 8 1 417
1 131 45 50 47 77 3 418
1 14 61 26 64 89 1 419
0 72 59 60 30 88 4 420
1 133 68 52 38 34 2 421
1 134 85 48 11 0 1 422
1 33 47 85 34 63 1 423
0 119 53 46 17 20 6 424
0 87 45 53 49 67 4 425
0 44 42 97 30 43 5 426
1 51 61 76 38 39 3 427
1 62 63 32 41 0 2 428
1 22 47 72 57 23 3 429
1 22 54 9 77 52 1 430
1 14 26 32 31 13 3 431
1 41 33 32 78 53 1 432
1 36 42 28 42 72 2 433
1 81 99 59 27 70 2 434
1 111 77 23 46 78 2 435
1 11 38 14 27 25 1 436
1 117 44 28 24 54 2 437
1 72 84 63 14 34 3 438
1 111 34 93 23 64 2 439
1 41 37 77 47 70 2 440
1 89 69 28 44 61 2 441
1 41 91 31 42 25 3 442
0 0 95 45 39 45 4 443
0 123 26 67 39 35 4 444
0 92 75 37 31 21 4 445
1 112 36 4 85 16 2 446
1 100 55 57 35 59 3 447
1 12 65 89 72 0 1 448
1 37 45 62 47 38 1 449
1 93 79 44 68 0 1 450
0 38 42 38 58 75 5 451
1 90 34 12 64 4 3 452
1 96 45 21 57 50 1 453
1 71 48 60 73 62 2 454
1 108 49 90 64 36 1 455
0 33 55 17 26 56 5 456
1 50 27 49 52 45 1 457
0 58 71 59 44 99 6 458
0 79 78 36 16 30 6 459
1 62 38 83 47 62 1 460
1 70 39 51 93 31 1 461
1 100 24 39 50 58 1 462
1 125 49 29 66 41 1 463
1 81 47 1 63 65 3 464
1 105 95 20 63 60 3 465
1 57 60 62 20 56 3 466
1 39 34 6 38 45 3 467
1 92 50 11 72 47 2 468
1 90 74 86 99 48 3 469
1 83 23 77 20 5 2 470
1 102 37 69 60 9 1 471
0 0 23 50 19 34 6 472
1 19 54 52 38 85 1 473
1 126 64 5 22 60 2 474
1 49 38 72 63 83 3 475
1 57 84 36 87 53 3 476
1 41 9 42 44 71 1 477
1 68 39 77 44 36 3 478
1 93 38 66 35 44 3 479
1 77 41 50 70 60 3 480
1 89 34 71 67 75 2 481
0 46 46 66 35 44 6 482
1 141 99 81 73 25 3 483
1 90 41 24 37 53 3 484
0 52 36 70 54 56 5 485
1 76 33 16 58 37 1 486
1 0 40 23 67 63 1 487
1 90 33 68 58 40 2 488
0 56 72 38 58 76 4 489
0 141 92 73 12 33 6 490
1 52 91 33 60 53 3 491
1 38 60 60 19 81 1 492
1 0 35 74 20 59 1 493
1 25 48 0 29 11 3 494
0 58 40 33 70 28 5 495
1 95 91 53 29 19 2 496
1 46 68 54 73 69 1 497
1 77 62 96 85 42 2 498
0 108 65 78 67 26 5 499
1 14 64 98 31 45 1 500
1 35 79 0 0 59 1 501
1 69 38 42 63 40 1 502
1 33 27 72 37 15 2 503
1 76 63 83 55 34 2 504
1 89 68 49 49 57 1 505
1 69 56 24 21 29 1 506
1 95 56 76 45 21 1 507
1 113 50 82 65 99 3 508
1 64 73 72 36 46 2 509
1 19 11 53 70 66 3 510
1 84 72 35 43 68 3 511
1 88 45 83 18 37 1 512
1 62 70 50 18 63 3 513
1 111 68 65 3 28 3 514
1 89 49 63 18 48 3 515
1 22 1 57 71 56 3 516
1 71 11 75 49 99 3 517
0 106 0 69 15 31 5 518
1 63 48 60 24 21 1 519
1 94 50 54 0 46 2 520
1 40 27 73 23 23 2 521
0 60 61 28 81 86 5 522
1 40 44 31 8 58 1 523
1 98 99 28 83 84 1 524
0 79 65 72 99 62 5 525
1 70 28 58 76 56 2 526
1 44 52 47 57 8 2 527
1 92 65 61 50 5 2 528
1 71 77 28 0 11 2 529
1 83 59 72 49 12 3 530
0 43 70 54 66 61 6 531
0 65 46 96 60 47 4 532
1 88 56 0 66 96 3 533
1 44 86 44 57 77 2 534
1 46 81 20 28 35 1 535
1 96 41 12 45 30 2 536
1 98 41 52 40 61 2 537
1 65 58 0 52 60 3 538
1 65 67 68 83 53 1 539
1 3 0 10 49 46 1 540
1 82 34 32 64 66 1 541
1 63 49 60 63 21 2 542
1 46 19 37 70 64 2 543
1 32 63 52 38 15 3 544
1 66 67 0 40 99 3 545
1 96 56 32 33 48 2 546
1 130 62 28 79 43 2 547
1 133 36 25 54 75 2 548
1 109 54 25 37 0 2 549
1 39 46 60 42 49 3 550
1 58 69 28 71 99 1 551
1 89 37 37 80 22 2 552
1 38 21 18 24 70 3 553
1 112 33 55 69 53 1 554
1 38 13 75 62 64 2 555
1 32 56 66 58 31 1 556
0 108 12 73 77 89 6 557
1 60 25 70 33 51 3 558
0 61 27 58 15 65 4 559
1 37 7 49 61 64 1 560
1 101 0 25 53 88 3 561
0 100 98 37 57 23 4 562
1 57 32 34 40 50 3 563
1 73 64 53 41 37 3 564
1 61 39 62 72 82 1 565
1 43 62 15 59 77 2 566
1 67 77 22 28 47 3 567
1 109 40 39 25 55 1 568
1 117 68 67 45 36 3 569
1 96 49 46 72 45 1 570
1 42 73 52 24 22 2 571
1 75 99 40 42 88 3 572
1 70 14 11 81 67 2 573
0 102 49 32 45 53 5 574
1 42 64 19 42 45 1 575
0 47 0 61 31 83 6 576
1 60 36 52 76 36 2 577
1 109 86 75 91 82 2 578
0 127 90 55 39 0 5 579
1 24 39 40 46 25 3 580
1 15 47 45 30 31 3 581
1 38 40 29 81 56 1 582
1 37 43 20 75 85 2 583
0 117 21 48 40 64 4 584
1 36 33 40 54 67 3 585
0 60 67 71 45 19 6 586
0 30 65 38 7 65 5 587
1 77 15 79 71 53 3 588
1 26 15 42 7 60 3 589
1 21 54 43 68 27 3 590
1 82 15 70 47 62 3 591
1 24 62 58 59 58 3 592
1 65 81 46 32 49 2 593
1 38 38 46 41 55 3 594
1 142 64 77 37 35 2 595
1 58 71 0 24 53 2 596
1 64 99 61 33 11 3 597
1 60 17 62 54 58 3 598
1 143 27 45 20 48 3 599
1 129 64 47 56 20 2 600
0 58 52 52 12 58 5 601
1 82 41 50 13 13 1 602
1 77 33 50 71 46 2 603
1 0 46 38 44 72 2 604
0 15 56 89 34 62 4 605
0 107 55 33 32 69 4 606
1 93 30 21 18 92 2 607
1 70 99 64 61 58 2 608
1 108 26 99 47 32 3 609
1 83 77 25 64 32 2 610
1 54 38 69 22 55 2 611
0 60 29 20 20 9 5 612
1 104 44 54 79 19 1 613
1 38 56 4 36 27 1 614
0 84 39 99 73 29 4 615
1 58 41 99 12 55 2 616
1 0 50 98 40 78 3 617
1 70 39 44 35 34 2 618
1 24 88 40 57 28 3 619
1 112 43 48 4 60 3 620
1 137 28 39 22 53 3 621
1 74 68 64 30 56 2 622
1 60 23 47 99 99 2 623
1 77 93 49 49 1 3 624
1 37 30 53 50 36 2 625
1 51 46 15 35 40 1 626
0 27 42 29 81 44 4 627
1 65 61 64 7 41 1 628
1 39 46 37 54 25 3 629
0 52 35 77 59 59 4 630
1 62 40 64 69 50 1 631
1 113 82 8 61 49 1 632
1 86 78 27 9 78 3 633
1 36 33 55 33 10 1 634
0 73 30 65 37 33 5 635
1 64 76 73 23 99 1 636
1 60 21 72 41 99 1 637
1 103 45 89 71 19 2 638
1 104 37 48 53 28 1 639
0 24 59 15 0 29 6 640
1 84 43 82 55 31 3 641
1 56 14 77 15 27 3 642
0 66 50 12 27 57 5 643
1 113 59 49 11 35 1 644
1 91 77 72 53 80 3 645
0 143 35 31 88 56 4 646
0 76 60 34 24 31 5 647
0 117 14 62 36 41 6 648
1 99 71 59 3 89 2 649
1 119 52 50 95 74 2 650
1 71 43 45 79 76 1 651
1 14 62 72 12 50 2 652
0 8 53 0 33 35 4 653
1 46 86 63 40 27 3 654
1 63 24 74 99 76 1 655
1 84 46 40 94 36 2 656
1 128 22 43 7 54 3 657
1 27 92 60 63 57 2 658
1 33 53 96 50 25 3 659
1 5 32 6 71 70 1 660
1 40 65 36 49 59 2 661
1 56 60 8 53 49 1 662
0 0 5 4 60 53 6 663
1 82 17 78 75 31 3 664
1 114 44 6 9 68 1 665
1 68 72 48 57 99 3 666
1 122 39 59 62 69 2 667
0 75 38 50 38 92 4 668
1 117 45 61 46 80 2 669
1 110 64 72 67 79 3 670
1 91 54 36 11 49 2 671
1 45 52 79 54 40 1 672
1 41 14 83 6 27 1 673
1 0 42 41 40 48 3 674
1 42 27 95 42 73 1 675
1 42 90 88 56 23 3 676
1 75 51 56 26 12 1 677
1 78 50 50 76 13 2 678
1 108 31 40 29 52 2 679
1 3 36 37 82 54 2 680
1 97 50 24 73 29 1 681
1 53 55 74 45 88 2 682
1 51 67 50 89 55 2 683
1 4 77 48 36 81 2 684
1 60 65 31 29 95 3 685
1 44 35 7 91 60 3 686
1 81 74 17 36 48 3 687
1 16 83 50 42 56 3 688
1 45 51 99 65 92 1 689
1 59 31 58 16 0 2 690
1 98 66 71 51 99 3 691
1 69 36 0 49 71 3 692
1 72 78 99 46 81 2 693
1 15 76 52 44 46 2 694
1 66 42 55 46 21 2 695
0 87 35 76 49 53 4 696
1 0 19 73 32 37 3 697
1 62 84 59 83 43 1 698
0 80 20 79 53 51 6 699
1 84 86 45 92 29 3 700
0 87 99 38 56 72 6 701
1 67 12 24 65 72 3 702
0 100 79 52 55 12 4 703
1 83 65 35 66 5 1 704
1 99 58 99 85 88 3 705
1 101 66 20 42 96 2 706
1 20 39 15 86 36 1 707
0 128 40 37 82 73 5 708
1 0 61 65 55 34 1 709
0 73 40 55 45 34 6 710
1 78 70 57 36 58 2 711
1 111 90 80 63 25 2 712
1 23 45 15 30 46 3 713
1 55 42 17 56 75 2 714
0 52 68 99 48 66 4 715
1 79 74 7 24 54 2 716
1 104 53 8 29 30 1 717
1 86 31 33 77 83 1 718
1 57 61 3 55 80 1 719
1 91 53 40 34 46 1 720
0 16 90 64 47 35 6 721
0 69 70 75 27 26 5 722
1 143 78 68 47 73 1 723
1 26 88 49 70 66 3 724
0 67 46 81 76 6 5 725
0 11 26 28 22 57 4 726
1 55 80 86 49 92 2 727
1 73 39 52 74 10 3 728
1 64 57 59 41 62 1 729
1 83 35 99 61 42 2 730
0 51 76 53 99 39 6 731
1 27 49 54 0 42 1 732
1 59 41 34 16 69 3 733
1 51 24 31 38 53 3 734
1 96 26 38 16 0 2 735
0 78 88 63 37 52 6 736
1 30 47 39 29 60 3 737
1 143 92 48 72 72 2 738
1 49 66 14 30 56 2 739
1 57 94 66 40 38 2 740
1 79 24 65 16 66 1 741
1 66 60 25 56 99 3 742
1 56 58 88 69 61 1 743
1 36 18 51 38 50 3 744
0 79 33 62 96 25 4 745
1 55 49 79 20 23 1 746
1 0 39 67 77 59 2 747
1 50 68 55 2 19 1 748
1 126 58 16 70 77 3 749
1 56 66 0 74 79 3 750
1 32 57 42 47 39 2 751
1 24 97 42 53 25 2 752
0 35 60 63 72 78 6 753
1 64 39 69 34 72 1 754
1 85 79 67 24 28 2 755
1 98 98 17 51 57 3 756
1 17 62 48 0 91 3 757
1 41 18 61 64 68 1 758
1 58 50 32 17 77 2 759
1 68 45 0 46 29 3 760
1 66 45 39 73 61 1 761
0 113 17 34 49 40 6 762
1 69 20 32 9 28 3 763
1 97 45 88 35 53 2 764
1 28 99 46 71 60 2 765
1 51 17 54 36 46 1 766
1 95 52 59 54 13 2 767
1 122 79 22 63 33 2 768
0 45 50 94 76 65 6 769
1 31 99 72 0 60 2 770
1 54 60 60 27 96 3 771
1 79 74 84 32 27 1 772
1 112 85 16 99 44 1 773
1 97 64 26 28 0 2 774
1 31 13 51 84 49 1 775
1 84 69 67 40 13 1 776
1 57 52 28 59 43 3 777
1 94 30 27 94 51 2 778
1 92 23 41 67 89 2 779
1 46 30 49 12 49 3 780
1 70 68 85 64 69 1 781
0 74 41 0 28 55 5 782
0 13 56 40 24 38 6 783
0 98 72 2 46 73 4 784
0 63 53 13 38 96 6 785
1 44 14 54 70 80 3 786
1 53 56 64 66 36 2 787
1 134 33 68 49 35 2 788
1 49 35 39 25 67 3 789
1 47 35 62 47 14 2 790
1 38 45 36 69 31 3 791
1 37 25 60 62 8 1 792
1 94 72 8 33 86 2 793
1 108 51 63 99 63 1 794
0 28 84 28 75 66 6 795
1 104 89 13 48 99 2 796
1 107 54 24 53 27 2 797
0 19 64 52 31 60 6 798
1 54 94 49 89 30 2 799
1 94 96 57 78 7 2 800
1 97 51 69 72 0 2 801
1 56 33 54 1 23 3 802
1 108 54 23 44 77 3 803
1 6 45 44 55 63 3 804
1 141 64 35 81 29 1 805
1 88 89 77 70 0 3 806
0 68 35 83 71 57 6 807
1 101 34 66 52 8 3 808
1 84 68 80 63 75 2 809
0 10 41 46 42 48 6 810
0 51 68 25 53 52 5 811
1 77 26 85 44 14 2 812
1 101 50 48 48 60 2 813
1 70 31 15 58 12 1 814
1 112 26 29 25 16 2 815
1 44 43 0 0 32 3 816
1 104 17 48 86 17 3 817
1 56 31 72 62 65 3 818
1 143 91 48 45 14 2 819
1 10 49 18 66 30 3 820
1 51 11 99 69 32 2 821
1 77 83 27 98 24 2 822
1 66 9 0 75 52 1 823
1 10 9 79 46 86 2 824
1 95 48 51 36 52 1 825
1 70 71 46 71 73 1 826
1 79 17 46 2 20 2 827
0 98 62 50 42 32 4 828
0 54 74 62 16 55 4 829
1 77 91 6 30 74 2 830
1 32 99 21 51 64 2 831
1 104 68 38 73 31 1 832
1 53 61 88 44 28 1 833
1 116 18 96 25 66 1 834
1 105 70 56 51 9 2 835
1 44 68 67 24 59 3 836
1 81 94 40 37 27 1 837
1 36 59 32 77 34 1 838
1 127 60 56 21 58 1 839
1 74 66 37 14 57 2 840
1 77 56 75 27 0 1 841
1 89 60 38 54 24 3 842
1 0 8 51 85 40 1 843
1 101 35 49 70 53 3 844
0 52 28 48 80 11 6 845
1 103 57 26 50 45 2 846
1 38 37 19 0 54 1 847
1 110 91 22 99 88 3 848
1 123 30 36 2 55 3 849
1 58 54 29 67 59 3 850
1 31 49 57 99 52 3 851
1 38 42 49 47 4 1 852
1 60 33 43 99 29 2 853
1 124 79 67 50 66 1 854
1 56 36 31 57 45 3 855
0 63 86 32 68 37 5 856
0 15 14 38 66 66 6 857
0 63 65 52 43 71 6 858
1 115 75 42 64 0 1 859
1 79 59 54 44 83 1 860
0 69 47 44 76 43 4 861
1 42 47 93 42 65 2 862
1 62 43 36 20 47 3 863
1 98 89 61 30 69 1 864
1 88 85 99 80 40 1 865
1 66 79 37 46 66 3 866
1 111 56 0 58 42 3 867
1 37 51 78 22 90 3 868
1 107 73 30 44 40 3 869
1 72 48 42 46 45 3 870
1 82 9 62 92 77 3 871
1 38 76 99 44 68 1 872
1 143 76 89 23 56 2 873
1 86 64 70 54 17 1 874
1 110 59 21 69 64 3 875
1 91 43 91 64 30 1 876
1 16 31 0 43 53 1 877
1 29 36 89 53 88 2 878
1 65 46 0 68 78 2 879
1 60 42 70 32 30 2 880
1 83 35 65 27 88 2 881
1 96 52 28 24 28 3 882
1 20 84 59 77 93 1 883
1 119 61 40 69 55 1 884
1 63 37 77 87 43 1 885
1 56 67 34 65 93 1 886
1 57 51 99 41 54 3 887
1 38 32 16 99 64 1 888
1 70 24 4 56 46 2 889
1 90 67 75 49 66 3 890
1 57 29 42 69 65 3 891
1 72 58 90 5 19 2 892
1 72 68 45 73 0 1 893
0 0 36 99 50 0 4 894
0 59 65 74 62 44 4 895
1 96 79 36 47 47 2 896
1 11 19 0 52 43 3 897
1 60 49 63 33 79 3 898
1 15 50 48 71 38 1 899
1 110 44 47 46 67 3 900
0 103 35 15 25 54 4 901
1 71 54 32 70 46 1 902
1 13 54 64 54 53 1 903
1 80 24 88 42 87 2 904
1 52 74 56 53 27 1 905
1 115 60 48 80 52 3 906
1 143 75 42 84 52 2 907
1 143 52 48 52 60 3 908
1 128 57 47 38 70 1 909
1 52 21 26 38 47 2 910
1 110 36 80 9 99 3 911
1 15 55 45 30 67 1 912
1 110 46 80 52 23 3 913
1 69 37 62 40 48 1 914
1 33 77 41 23 99 2 915
1 21 63 0 58 55 2 916
1 63 16 29 30 21 1 917
0 38 86 60 83 25 5 918
1 56 7 20 43 39 1 919
0 136 53 43 61 51 4 920
1 33 34 85 83 56 3 921
1 109 91 39 55 56 1 922
1 42 61 21 53 43 3 923
1 87 16 37 97 47 2 924
0 74 33 51 59 38 6 925
1 63 46 57 78 33 2 926
1 101 70 56 77 52 1 927
1 76 46 43 45 3 2 928
0 94 42 13 74 26 6 929
0 103 31 74 97 10 4 930
1 63 74 57 57 73 2 931
1 44 18 32 83 31 3 932
1 17 79 37 39 15 1 933
1 91 64 36 20 3 1 934
1 92 99 60 65 54 3 935
1 85 44 57 30 19 3 936
1 76 52 21 36 41 2 937
1 98 54 46 10 57 3 938
1 91 99 61 73 73 2 939
1 7 47 46 39 71 2 940
0 131 27 46 61 31 6 941
1 0 45 22 2 73 1 942
1 131 63 60 61 48 1 943
1 88 47 31 82 69 1 944
1 143 30 14 84 47 1 945
1 121 99 16 29 8 3 946
1 67 32 1 52 82 2 947
1 37 81 67 48 24 1 948
0 55 99 40 64 43 6 949
0 32 67 91 77 90 5 950
1 77 50 63 44 38 1 951
1 15 75 51 10 5 3 952
1 136 77 60 13 43 1 953
1 35 41 45 32 15 2 954
1 99 56 64 78 78 2 955
1 132 73 61 40 18 1 956
1 93 43 99 37 57 3 957
1 82 13 31 0 57 1 958
1 79 69 32 24 42 1 959
1 87 23 60 62 71 1 960
1 59 52 81 33 49 1 961
1 143 58 74 58 75 2 962
1 89 45 44 44 66 1 963
1 73 50 52 57 89 3 964
0 39 77 39 42 46 6 965
1 23 34 47 35 82 1 966
1 42 46 35 81 16 3 967
1 87 80 85 54 93 3 968
1 38 36 37 56 0 2 969
1 106 81 43 81 64 2 970
1 37 33 37 58 74 1 971
1 96 34 53 35 90 2 972
0 58 48 43 20 48 5 973
1 102 46 9 45 32 3 974
1 74 74 32 46 51 1 975
1 21 59 43 26 16 3 976
1 70 71 62 21 41 2 977
0 89 80 88 55 77 6 978
1 22 63 90 49 84 2 979
1 121 66 92 43 44 3 980
0 127 60 19 51 99 6 981
1 0 83 37 63 71 1 982
0 23 11 28 48 8 6 983
1 96 65 57 56 17 1 984
0 61 51 69 53 92 5 985
1 94 51 61 90 22 2 986
1 59 41 33 26 65 1 987
1 56 65 38 18 80 3 988
0 137 56 63 93 63 5 989
0 114 68 83 58 57 6 990
1 94 16 28 84 86 2 991
1 87 26 80 52 21 3 992
0 94 72 72 42 37 4 993
1 25 88 55 89 44 2 994
1 134 4 54 30 35 1 995
1 24 34 98 36 77 1 996
1 2 99 50 73 81 1 997
1 51 61 43 33 12 2 998
1 68 69 73 56 60 2 999
1 83 32 12 36 10 2 1000
1 102 99 75 43 50 3 1001
1 114 35 53 0 22 1 1002
0 52 66 31 65 55 6 1003
1 139 23 0 0 46 2 1004
1 113 55 66 49 56 3 1005
1 18 98 62 17 1 3 1006
1 91 47 43 86 36 1 1007
0 41 68 65 18 70 6 1008
1 143 42 35 32 71 2 1009
1 104 22 78 82 57 1 1010
1 0 70 9 68 75 2 1011
1 106 0 32 69 48 3 1012
1 17 39 50 7 93 1 1013
1 101 54 32 42 34 1 1014
1 36 54 78 45 40 3 1015
1 78 70 37 15 74 1 1016
1 23 63 48 28 85 2 1017
1 108 64 61 62 25 3 1018
0 52 9 57 86 40 6 1019
1 81 37 38 41 13 2 1020
1 113 50 74 58 30 3 1021
1 61 10 70 53 30 1 1022
1 18 36 22 53 24 2 1023
0 143 75 41 13 47 4 1024
1 1 77 70 86 36 2 1025
1 101 85 39 32 84 3 1026
0 77 61 48 19 78 6 1027
1 0 75 43 45 37 3 1028
1 91 60 90 45 45 2 1029
1 59 53 39 79 84 1 1030
1 3 18 25 67 28 1 1031
1 92 84 69 24 20 1 1032
1 0 62 19 51 56 3 1033
0 25 74 24 35 20 6 1034
1 74 33 99 34 55 2 1035
1 62 72 50 13 55 1 1036
1 88 18 24 34 56 2 1037
1 59 0 31 78 66 3 1038
1 96 49 99 48 44 1 1039
0 55 40 70 0 20 4 1040
1 122 31 22 46 31 1 1041
1 83 20 87 17 48 2 1042
1 74 56 48 50 48 1 1043
0 119 47 74 32 50 4 1044
0 67 75 35 33 46 6 1045
1 71 0 29 78 44 1 1046
1 63 64 64 93 66 1 1047
1 56 51 69 74 27 2 1048
1 96 94 46 50 27 1 1049
1 34 50 70 43 78 3 1050
1 105 41 68 47 52 2 1051
1 111 99 15 42 79 3 1052
0 63 39 92 48 70 4 1053
1 61 11 37 67 55 1 1054
1 43 99 53 25 82 3 1055
1 105 36 66 70 62 2 1056
1 77 6 42 49 35 2 1057
1 59 68 38 8 34 2 1058
1 53 46 19 42 28 1 1059
1 100 45 64 57 18 1 1060
0 70 92 10 74 52 6 1061
1 18 64 75 48 58 3 1062
1 138 35 96 91 17 2 1063
1 76 52 82 79 88 2 1064
1 14 84 64 4 83 1 1065
1 32 69 35 45 61 1 1066
1 64 14 58 21 64 2 1067
1 27 53 59 99 2 3 1068
1 83 18 62 47 69 3 1069
1 123 42 50 73 37 3 1070
1 87 71 23 12 54 2 1071
1 104 12 62 41 46 2 1072
1 109 54 29 50 44 2 1073
1 62 79 34 30 56 2 1074
1 95 47 19 53 99 2 1075
1 92 8 26 52 64 3 1076
1 47 99 63 58 81 2 1077
1 81 1 40 34 42 1 1078
1 76 67 31 31 48 1 1079
1 93 64 65 78 41 2 1080
1 112 58 54 95 42 1 1081
1 44 87 49 78 60 2 1082
1 9 57 66 48 66 3 1083
1 115 87 70 29 53 2 1084
1 46 38 38 49 56 2 1085
1 143 56 95 50 69 1 1086
0 59 51 32 67 31 5 1087
0 61 56 61 63 38 5 1088
1 23 0 28 34 33 3 1089
0 42 62 43 47 30 5 1090
1 131 43 0 31 17 1 1091
1 22 62 99 20 40 2 1092
1 44 0 79 26 69 3 1093
0 120 47 24 0 66 4 1094
0 143 39 62 40 35 5 1095
0 127 54 50 53 53 6 1096
0 14 46 93 70 36 4 1097
1 79 82 58 99 58 2 1098
1 81 23 8 76 40 2 1099
1 44 64 35 68 56 1 1100
1 49 56 13 61 37 3 1101
1 71 81 51 34 75 3 1102
1 70 80 31 43 25 2 1103
1 24 54 34 31 53 2 1104
1 34 48 37 96 29 3 1105
1 23 36 54 28 36 1 1106
1 26 29 58 72 60 2 1107
1 107 48 66 60 49 3 1108
0 0 46 73 30 95 6 1109
1 102 88 94 0 74 3 1110
1 81 80 74 36 25 1 1111
1 36 54 27 26 35 2 1112
1 84 30 76 30 84 3 1113
1 35 45 53 26 32 3 1114
1 81 38 36 40 55 3 1115
1 42 92 3 51 46 1 1116
1 59 15 65 8 63 2 1117
1 68 37 18 32 0 1 1118
1 94 53 63 20 35 1 1119
1 93 56 78 61 58 2 1120
1 77 85 38 34 50 2 1121
1 71 44 72 60 37 2 1122
1 143 36 65 29 36 3 1123
0 59 96 53 55 14 6 1124
1 80 24 33 61 38 3 1125
1 126 82 55 52 45 2 1126
0 84 62 44 21 56 5 1127
0 78 33 49 30 65 6 1128
1 78 55 68 99 51 1 1129
1 93 77 48 72 81 1 1130
1 72 99 6 31 21 3 1131
1 113 57 31 70 43 2 1132
1 143 37 77 25 63 1 1133
0 56 17 0 43 75 4 1134
1 73 15 85 61 70 3 1135
1 88 99 55 30 77 3 1136
1 0 57 41 82 51 1 1137
1 45 53 17 96 44 1 1138
0 97 34 61 48 98 4 1139
0 19 40 37 19 47 6 1140
0 103 32 50 61 64 5 1141
0 53 0 39 99 27 4 1142
0 34 55 50 33 50 4 1143
0 66 59 61 23 67 6 1144
1 64 34 76 49 41 2 1145
0 63 63 55 67 4 6 1146
0 113 48 64 85 84 6 1147
1 23 75 57 76 11 2 1148
1 36 56 28 40 85 2 1149
1 143 45 74 54 73 3 1150
1 91 19 82 29 17 3 1151
1 115 42 71 64 26 1 1152
1 14 94 67 87 46 1 1153
1 117 93 44 43 52 1 1154
1 71 0 26 57 57 3 1155
1 81 42 0 53 55 1 1156
1 39 59 56 36 47 2 1157
1 102 57 27 89 79 1 1158
0 43 32 34 65 67 6 1159
1 93 68 18 36 2 3 1160
0 102 75 77 40 58 4 1161
1 86 88 2 69 42 1 1162
1 59 66 61 29 63 2 1163
0 87 91 56 70 13 4 1164
1 56 26 49 93 7 3 1165
1 61 49 37 85 78 1 1166
1 108 42 47 63 54 1 1167
1 43 69 0 77 93 1 1168
1 85 72 49 24 84 2 1169
0 40 99 41 52 50 6 1170
0 87 36 42 80 14 5 1171
1 47 28 47 52 45 1 1172
1 82 74 70 46 56 1 1173
0 41 83 55 0 41 4 1174
0 39 75 35 33 37 6 1175
0 9 13 63 30 79 4 1176
1 34 52 42 21 54 2 1177
1 49 50 61 28 99 3 1178
1 51 70 48 52 54 1 1179
0 46 49 51 54 40 6 1180
1 71 18 43 35 51 1 1181
1 85 50 94 16 80 2 1182
1 90 50 3 61 41 2 1183
1 80 15 35 47 84 2 1184
1 57 2 57 87 43 1 1185
1 45 58 15 54 46 1 1186
1 63 45 33 37 31 2 1187
1 82 52 38 63 62 3 1188
0 135 72 50 24 56 4 1189
0 29 66 42 80 23 5 1190
1 70 55 34 85 99 3 1191
1 109 30 23 42 46 2 1192
1 55 17 63 38 58 2 1193
1 143 3 48 51 50 2 1194
1 70 56 22 50 37 2 1195
1 33 41 4 0 55 2 1196
1 55 55 69 84 67 1 1197
1 97 50 84 29 40 1 1198
1 24 59 37 60 57 1 1199
1 143 27 53 47 84 3 1200
1 63 18 9 51 82 3 1201
1 67 70 48 31 81 1 1202
1 0 37 54 26 58 3 1203
1 106 46 42 40 33 1 1204
1 68 40 45 99 30 1 1205
1 80 53 99 25 49 2 1206
1 46 56 75 31 44 2 1207
1 102 50 51 30 88 1 1208
1 57 43 43 74 79 2 1209
1 65 50 63 55 70 1 1210
1 112 34 44 49 38 1 1211
1 0 30 30 56 61 2 1212
1 83 57 27 13 70 1 1213
1 19 99 57 53 60 3 1214
1 55 68 47 29 61 1 1215
1 143 22 44 83 38 2 1216
1 121 77 50 46 74 1 1217
0 44 69 85 81 75 6 1218
1 37 67 48 24 46 3 1219
1 20 46 47 63 77 3 1220
1 22 17 0 71 33 3 1221
1 52 49 50 67 0 3 1222
1 65 19 92 63 59 2 1223
0 143 46 72 13 55 4 1224
1 143 62 31 26 11 1 1225
1 88 72 53 30 56 3 1226
1 47 81 40 28 36 1 1227
1 86 19 67 43 52 2 1228
1 67 99 46 71 99 3 1229
1 87 96 52 70 35 1 1230
1 32 26 49 57 22 1 1231
1 22 3 99 53 0 2 1232
1 72 46 16 79 39 1 1233
1 73 43 51 75 65 1 1234
1 56 89 89 13 22 1 1235
1 50 88 45 36 49 3 1236
1 64 46 23 30 43 1 1237
1 122 82 73 59 0 1 1238
0 136 78 41 34 55 5 1239
1 74 33 87 34 56 3 1240
1 29 44 77 51 35 3 1241
1 2 41 41 68 83 3 1242
1 28 70 26 79 39 2 1243
1 92 89 7 54 89 3 1244
1 100 99 38 77 68 1 1245
1 74 25 56 98 81 2 1246
1 90 38 15 45 27 2 1247
0 59 78 81 77 64 5 1248
1 53 61 7 78 23 1 1249
1 120 34 99 43 47 1 1250
1 99 16 55 25 67 1 1251
1 90 56 81 54 0 2 1252
1 45 26 67 45 34 1 1253
0 43 41 61 72 51 5 1254
0 56 51 20 39 86 6 1255
1 111 99 32 99 37 3 1256
1 48 57 62 55 48 1 1257
1 143 20 23 55 48 3 1258
1 74 99 92 66 31 3 1259
1 81 6 29 69 27 1 1260
1 50 56 0 55 58 3 1261
0 92 92 37 45 30 4 1262
1 50 32 32 1 21 2 1263
1 101 41 38 39 58 1 1264
0 24 73 0 75 61 5 1265
1 0 52 60 20 48 3 1266
1 17 72 68 50 0 1 1267
1 70 46 33 14 29 1 1268
1 54 47 66 66 55 2 1269
1 35 55 66 67 74 3 1270
1 0 14 40 70 71 3 1271
1 49 99 3 42 67 3 1272
0 55 27 80 47 55 5 1273
1 115 30 55 40 20 2 1274
0 110 63 57 52 85 5 1275
0 0 43 14 56 81 6 1276
1 41 88 59 70 70 1 1277
1 86 27 32 49 38 2 1278
1 92 0 59 48 44 2 1279
1 69 0 67 51 99 2 1280
1 98 55 23 28 26 2 1281
1 141 29 12 73 72 1 1282
1 68 74 57 18 99 1 1283
1 0 41 87 99 27 1 1284
0 72 25 87 57 41 5 1285
1 92 11 19 57 82 3 1286
1 63 59 24 94 71 2 1287
1 120 92 44 41 0 3 1288
1 56 67 77 57 47 2 1289
1 108 60 34 46 57 2 1290
1 32 0 69 25 73 2 1291
1 96 47 96 67 41 2 1292
1 130 23 0 41 74 2 1293
0 88 43 67 31 20 5 1294
1 52 32 24 46 81 3 1295
1 61 27 37 44 64 3 1296
1 100 94 36 63 45 2 1297
1 36 50 0 40 48 1 1298
1 62 32 62 37 29 3 1299
1 72 41 73 61 78 1 1300
1 41 37 46 59 91 1 1301
0 0 26 68 55 4 4 1302
1 25 21 37 38 65 3 1303
1 125 57 50 38 32 3 1304
1 66 41 80 87 23 3 1305
1 0 27 0 72 70 3 1306
1 101 69 67 83 54 3 1307
1 86 44 69 0 69 2 1308
0 100 95 15 55 45 5 1309
1 17 81 61 69 4 3 1310
1 33 37 38 0 30 3 1311
1 66 40 57 41 16 1 1312
1 69 59 40 54 99 3 1313
1 131 41 25 53 46 1 1314
1 63 70 52 65 54 2 1315
1 143 10 88 0 73 1 1316
1 33 55 96 60 72 2 1317
0 116 49 31 54 61 5 1318
1 86 89 32 74 18 1 1319
1 143 56 22 43 32 1 1320
1 0 21 74 19 67 1 1321
1 100 73 56 26 24 3 1322
1 72 82 71 24 15 1 1323
1 70 60 68 46 47 2 1324
1 23 92 47 77 45 1 1325
1 90 55 70 35 55 1 1326
1 63 43 78 61 21 1 1327
1 67 41 53 22 74 3 1328
1 78 21 36 99 99 3 1329
1 83 76 85 15 67 2 1330
1 64 51 41 15 51 1 1331
1 10 35 79 70 37 2 1332
1 121 35 27 99 67 1 1333
1 96 72 64 32 33 1 1334
1 84 62 73 47 96 3 1335
1 24 98 85 58 58 3 1336
1 63 30 39 60 99 1 1337
1 104 14 25 74 51 3 1338
1 35 26 20 94 49 2 1339
1 71 41 35 12 58 3 1340
1 119 41 59 79 71 2 1341
1 43 42 54 92 81 3 1342
1 68 3 48 29 73 3 1343
1 40 33 52 48 28 3 1344
1 127 23 0 7 55 2 1345
1 69 9 4 50 86 3 1346
0 88 29 61 29 0 5 1347
0 83 56 73 68 49 5 1348
1 100 29 15 5 33 3 1349
1 94 71 29 61 66 3 1350
1 103 60 26 47 24 3 1351
1 28 87 67 51 27 2 1352
1 53 49 73 66 50 2 1353
1 102 34 96 64 0 1 1354
0 51 41 93 49 50 4 1355
0 107 79 0 65 17 4 1356
1 68 42 73 99 10 2 1357
1 90 82 45 34 94 2 1358
1 59 40 52 38 66 1 1359
1 30 32 40 69 67 2 1360
1 124 42 59 82 52 3 1361
0 102 22 71 56 38 6 1362
1 31 50 63 56 48 3 1363
1 110 77 29 45 40 2 1364
1 77 49 67 24 57 2 1365
1 143 2 46 20 55 1 1366
1 107 58 86 64 83 2 1367
1 77 26 59 54 55 1 1368
1 103 32 53 31 72 1 1369
0 48 58 20 49 59 6 1370
1 111 61 67 45 49 2 1371
1 56 57 64 64 62 2 1372
1 119 44 93 56 32 3 1373
0 84 49 49 74 35 5 1374
0 37 55 34 53 70 6 1375
1 23 73 62 56 14 2 1376
1 34 31 38 52 82 2 1377
1 91 39 35 84 60 3 1378
0 109 29 56 32 46 4 1379
1 50 46 45 16 21 3 1380
1 88 53 30 37 62 3 1381
1 119 71 45 52 25 3 1382
1 87 61 45 38 51 2 1383
1 93 60 86 45 54 2 1384
1 102 46 70 64 66 3 1385
1 49 90 14 46 74 1 1386
1 31 80 27 13 82 2 1387
1 54 27 85 17 37 1 1388
0 77 34 39 90 97 5 1389
0 119 33 49 51 51 5 1390
1 76 54 56 75 79 2 1391
1 143 11 64 12 26 2 1392
1 128 46 37 46 65 2 1393
0 99 23 57 29 39 5 1394
1 46 88 41 18 56 3 1395
1 97 82 45 41 73 2 1396
1 30 72 59 63 65 3 1397
1 39 55 22 77 35 2 1398
1 117 57 25 24 27 2 1399
1 53 60 0 25 42 1 1400
1 126 44 46 9 48 1 1401
1 33 69 99 65 22 1 1402
1 95 28 42 53 81 1 1403
1 76 65 52 65 47 1 1404
1 116 14 31 22 33 2 1405
1 37 62 34 49 37 2 1406
1 45 53 17 23 8 3 1407
1 47 48 79 29 90 3 1408
1 67 61 54 64 96 2 1409
1 123 26 40 61 23 3 1410
1 86 48 25 59 74 2 1411
1 38 90 56 47 60 3 1412
1 0 69 57 39 58 3 1413
1 87 23 52 10 95 1 1414
1 68 42 15 41 48 3 1415
1 82 11 41 69 58 3 1416
1 77 67 40 30 36 1 1417
1 98 72 50 25 46 3 1418
0 105 68 24 56 46 5 1419
1 58 0 25 85 48 1 1420
1 77 48 60 66 64 2 1421
1 115 61 93 88 50 3 1422
1 28 21 25 55 19 3 1423
1 72 81 66 45 49 1 1424
1 32 59 56 14 55 1 1425
1 81 45 30 43 36 2 1426
1 26 81 87 44 63 3 1427
1 16 32 48 27 94 1 1428
1 94 53 6 30 44 3 1429
1 63 26 41 46 4 3 1430
1 89 44 44 30 50 1 1431
1 68 21 64 20 82 1 1432
1 52 31 0 29 95 2 1433
1 96 40 50 66 43 1 1434
1 103 37 23 53 47 1 1435
1 16 61 46 83 31 1 1436
1 67 21 64 48 50 1 1437
1 57 28 58 44 55 1 1438
0 75 62 52 45 17 6 1439
1 69 88 64 36 53 2 1440
1 108 50 56 32 78 2 1441
1 99 33 35 28 85 2 1442
1 19 18 22 5 0 3 1443
1 15 45 99 28 62 2 1444
1 93 36 41 45 55 1 1445
1 85 5 78 99 44 1 1446
1 87 59 38 71 67 1 1447
1 124 55 99 52 45 1 1448
1 73 48 53 52 44 3 1449
1 34 54 38 43 19 1 1450
1 77 61 33 54 42 1 1451
1 66 33 33 18 56 3 1452
1 20 49 70 31 82 3 1453
1 53 43 48 58 58 1 1454
1 106 38 99 42 0 1 1455
1 80 54 99 37 73 1 1456
1 87 20 41 25 70 3 1457
1 0 25 33 16 47 1 1458
0 54 83 21 61 38 4 1459
1 38 55 47 91 19 2 1460
1 88 70 76 85 41 1 1461
1 44 70 36 8 95 2 1462
1 53 85 38 74 40 2 1463
1 117 75 99 62 9 1 1464
1 1 68 58 40 90 2 1465
0 9 43 43 38 53 6 1466
1 94 61 70 49 24 1 1467
1 93 71 40 16 66 1 1468
0 83 50 71 95 25 6 1469
1 143 46 94 42 44 1 1470
1 69 7 61 32 63 3 1471
1 89 65 22 39 40 1 1472
0 105 50 26 50 22 4 1473
1 115 27 42 34 76 2 1474
0 42 49 76 85 57 5 1475
1 85 62 44 47 63 3 1476
1 26 62 99 46 32 3 1477
1 73 47 71 25 33 1 1478
1 74 54 55 2 74 2 1479
1 140 61 17 46 16 2 1480
1 59 55 85 23 43 2 1481
1 143 65 83 74 47 3 1482
1 56 23 39 43 47 1 1483
0 111 0 21 49 57 4 1484
1 57 29 76 60 54 1 1485
0 54 71 0 57 70 4 1486
1 99 32 15 37 52 2 1487
1 40 65 46 57 15 2 1488
1 56 18 88 65 38 1 1489
0 63 97 67 40 24 4 1490
1 0 61 40 99 66 1 1491
0 61 49 47 28 43 5 1492
1 114 37 12 15 49 2 1493
1 71 44 18 54 45 1 1494
1 103 60 20 18 90 2 1495
1 74 46 35 39 50 3 1496
0 120 90 42 99 35 6 1497
1 105 44 72 54 56 1 1498
1 86 99 66 59 61 2 1499
1 61 78 62 42 14 1 1500
1 39 67 41 60 40 1 1501
1 11 46 10 65 99 3 1502
0 83 82 58 17 64 5 1503
1 44 10 57 55 22 1 1504
1 71 13 99 53 35 1 1505
1 70 69 68 22 60 2 1506
0 64 87 47 40 38 5 1507
0 39 14 19 62 39 5 1508
0 9 18 55 92 87 6 1509
1 25 40 33 43 64 1 1510
1 64 53 16 36 74 3 1511
1 87 89 38 41 67 3 1512
0 24 15 19 80 29 4 1513
1 81 80 8 58 54 3 1514
1 104 85 0 60 8 3 1515
1 143 33 20 7 50 3 1516
1 26 67 47 58 26 1 1517
1 96 60 69 3 43 2 1518
1 48 70 22 49 33 3 1519
1 99 52 5 87 99 2 1520
0 90 73 30 54 91 4 1521
1 133 47 49 36 42 3 1522
1 88 42 63 62 66 3 1523
1 115 80 48 53 51 1 1524
0 25 34 76 71 22 5 1525
0 105 99 83 37 66 4 1526
0 0 12 0 19 49 6 1527
1 49 73 6 53 55 1 1528
0 80 46 62 22 56 6 1529
1 82 53 49 40 56 1 1530
0 88 54 54 28 52 5 1531
1 80 44 82 9 65 3 1532
0 60 53 69 61 53 6 1533
1 124 15 1 31 53 3 1534
1 99 33 49 54 20 2 1535
0 71 54 75 59 45 6 1536
1 97 75 52 37 43 1 1537
1 64 75 58 49 88 3 1538
1 5 29 68 73 28 2 1539
1 52 64 70 44 86 2 1540
1 52 53 34 44 51 2 1541
1 90 68 37 57 99 3 1542
0 134 47 74 94 99 5 1543
1 114 52 58 43 27 1 1544
1 75 93 50 39 72 2 1545
1 16 80 16 55 65 3 1546
1 55 61 59 99 43 1 1547
1 14 43 75 68 54 3 1548
1 66 69 72 25 66 3 1549
1 45 58 42 60 72 3 1550
1 67 99 15 58 79 3 1551
1 67 33 53 49 7 2 1552
1 143 91 6 1 20 2 1553
0 72 61 51 88 46 4 1554
1 80 68 53 15 58 2 1555
0 104 21 64 88 29 5 1556
1 51 20 67 49 49 2 1557
1 104 75 46 56 69 2 1558
1 78 44 12 0 67 1 1559
1 77 65 53 9 88 1 1560
1 143 23 43 0 29 1 1561
1 87 65 37 32 62 2 1562
1 57 20 47 21 83 2 1563
1 18 44 18 23 67 2 1564
1 86 81 41 82 52 3 1565
0 51 18 70 62 80 6 1566
1 69 56 51 44 70 2 1567
1 81 50 26 65 42 1 1568
1 53 59 92 86 36 2 1569
0 46 64 39 47 0 6 1570
1 64 64 37 40 57 3 1571
1 67 60 46 50 36 3 1572
0 105 69 53 70 50 6 1573
1 64 82 48 77 70 1 1574
0 84 66 42 59 58 6 1575
1 67 58 8 55 42 3 1576
1 36 31 7 46 72 3 1577
1 36 21 83 9 54 2 1578
0 97 52 35 76 0 6 1579
1 70 47 52 31 19 3 1580
1 18 53 52 37 30 3 1581
0 36 48 12 28 27 4 1582
1 97 80 96 83 46 1 1583
1 67 12 5 60 94 1 1584
0 134 17 55 29 54 4 1585
1 60 53 35 27 71 3 1586
1 50 40 45 19 39 1 1587
1 48 36 51 2 61 3 1588
1 54 63 57 77 45 1 1589
1 33 73 78 41 35 1 1590
1 98 43 73 80 54 2 1591
1 108 76 70 12 47 2 1592
1 62 38 19 28 72 3 1593
1 85 41 47 71 30 2 1594
1 42 83 41 99 90 1 1595
0 0 0 19 55 42 6 1596
1 29 11 71 58 50 1 1597
0 71 38 98 43 71 5 1598
1 49 29 45 44 52 2 1599
1 108 57 73 87 3 2 1600
1 44 15 14 21 52 1 1601
1 83 72 53 49 57 1 1602
0 107 14 15 45 37 6 1603
1 94 15 26 76 86 2 1604
1 80 83 69 65 19 2 1605
1 39 31 30 16 11 1 1606
1 66 69 43 41 39 1 1607
1 77 43 0 99 58 1 1608
1 85 58 61 55 60 1 1609
1 143 41 46 29 31 2 1610
1 116 69 58 46 53 1 1611
1 53 48 62 35 56 1 1612
1 27 23 59 44 70 2 1613
0 55 83 67 61 0 5 1614
1 95 35 46 22 43 1 1615
1 84 73 0 40 20 2 1616
1 19 43 72 25 38 3 1617
1 65 0 36 16 41 1 1618
1 114 55 92 23 65 3 1619
1 83 35 85 58 12 3 1620
0 50 55 77 75 48 5 1621
1 34 6 35 40 70 3 1622
0 77 83 80 61 69 4 1623
1 115 38 99 65 56 2 1624
0 91 46 44 37 57 5 1625
1 40 28 45 52 28 2 1626
1 5 48 30 62 51 3 1627
1 47 38 21 64 17 1 1628
1 85 48 32 31 56 1 1629
1 0 92 32 37 59 3 1630
0 63 99 55 13 37 4 1631
1 103 17 34 93 56 2 1632
1 14 35 59 95 28 3 1633
1 73 44 25 19 15 2 1634
1 0 30 45 49 19 3 1635
1 88 86 34 52 67 1 1636
1 139 90 52 33 67 1 1637
1 91 24 37 1 48 1 1638
0 52 54 59 61 78 5 1639
1 87 52 87 49 42 3 1640
1 64 37 24 75 48 3 1641
0 135 78 89 23 92 4 1642
1 19 2 59 31 53 2 1643
1 105 47 59 52 73 3 1644
1 24 45 64 80 53 2 1645
1 71 52 58 37 26 1 1646
1 54 59 33 68 80 1 1647
1 51 47 40 48 47 3 1648
1 92 66 53 19 57 2 1649
0 60 27 60 49 84 6 1650
0 81 37 85 75 38 5 1651
1 65 56 58 83 59 2 1652
0 132 39 52 73 35 5 1653
1 92 94 67 45 40 1 1654
1 20 49 99 54 69 3 1655
1 115 57 40 61 81 1 1656
1 61 68 62 46 24 3 1657
1 109 73 55 40 13 3 1658
1 117 11 28 93 36 2 1659
1 70 21 33 69 57 3 1660
0 143 31 50 47 27 5 1661
0 84 46 19 72 34 5 1662
1 64 30 22 23 62 1 1663
1 45 59 57 71 18 3 1664
0 83 29 70 65 66 5 1665
0 78 0 15 69 35 5 1666
1 110 19 71 60 64 1 1667
1 77 25 41 65 28 1 1668
0 117 77 84 69 16 4 1669
0 80 69 36 27 16 6 1670
1 34 58 53 87 50 2 1671
1 66 64 28 77 73 1 1672
1 34 56 44 55 77 2 1673
1 44 24 74 0 51 2 1674
1 73 46 60 28 62 1 1675
1 54 35 28 33 56 3 1676
1 143 82 84 0 76 2 1677
1 48 68 13 68 32 1 1678
1 31 70 99 57 65 3 1679
1 133 6 48 12 38 2 1680
1 62 98 54 57 38 3 1681
1 70 65 46 42 50 3 1682
1 29 4 17 54 34 3 1683
0 59 36 35 43 4 6 1684
1 67 31 32 77 66 2 1685
1 11 29 27 73 40 1 1686
1 98 49 34 42 3 1 1687
0 75 57 43 65 67 5 1688
1 98 83 28 45 43 1 1689
1 91 19 34 28 53 1 1690
1 70 35 0 33 0 3 1691
0 56 33 54 47 31 5 1692
1 86 4 32 0 28 3 1693
1 70 16 52 6 29 1 1694
0 36 98 18 38 69 5 1695
1 113 16 65 37 35 2 1696
0 110 49 43 89 57 6 1697
1 118 80 65 67 26 1 1698
1 70 60 81 10 27 3 1699
1 143 55 48 49 62 2 1700
0 101 72 31 86 80 4 1701
0 48 62 61 99 81 4 1702
0 41 21 0 67 29 6 1703
1 72 43 7 57 38 3 1704
1 35 58 36 37 52 2 1705
0 74 55 77 30 50 6 1706
1 34 51 72 46 64 2 1707
1 143 73 33 54 40 3 1708
0 61 57 50 49 81 4 1709
0 51 50 40 78 97 4 1710
1 49 86 55 53 60 1 1711
1 80 26 48 44 45 3 1712
1 58 46 55 38 83 2 1713
1 109 40 57 49 57 2 1714
1 64 60 8 22 39 2 1715
0 13 48 25 37 50 4 1716
0 96 63 52 47 47 6 1717
1 90 94 27 45 14 1 1718
1 143 20 76 9 29 1 1719
1 73 14 91 48 99 2 1720
1 83 7 8 57 73 1 1721
1 41 21 34 29 79 3 1722
0 123 57 8 39 67 4 1723
0 71 49 30 54 87 4 1724
1 64 36 28 19 78 3 1725
1 103 67 55 81 86 3 1726
0 18 37 36 61 62 5 1727
0 42 0 13 0 32 6 1728
1 47 62 74 50 51 2 1729
1 143 60 53 81 52 3 1730
0 73 40 55 38 47 4 1731
1 39 78 44 48 17 1 1732
0 63 87 65 33 40 4 1733
1 60 37 44 81 35 3 1734
0 41 21 36 99 83 6 1735
1 98 75 34 38 81 2 1736
1 71 41 82 17 77 2 1737
0 86 33 48 62 38 6 1738
1 101 31 59 17 37 2 1739
1 74 37 14 79 69 3 1740
1 49 62 24 94 31 2 1741
1 136 76 51 1 22 3 1742
1 60 41 41 2 99 2 1743
1 78 51 16 63 30 1 1744
1 49 50 88 90 12 2 1745
1 74 59 73 50 47 2 1746
1 106 79 79 29 37 3 1747
1 54 52 64 67 60 3 1748
0 79 49 65 60 73 6 1749
0 130 40 36 59 40 5 1750
1 116 6 51 52 27 1 1751
1 0 34 40 68 65 2 1752
0 62 61 22 34 46 5 1753
1 139 14 61 63 4 2 1754
1 74 64 40 54 31 1 1755
0 0 0 40 59 41 4 1756
1 85 69 78 54 99 2 1757
1 109 70 12 44 32 2 1758
1 117 37 59 43 53 2 1759
1 59 52 74 67 5 1 1760
1 33 64 40 90 45 1 1761
1 35 59 37 32 40 3 1762
1 103 57 71 24 74 2 1763
1 70 35 15 80 53 1 1764
1 88 18 51 26 60 2 1765
1 66 0 9 49 51 3 1766
1 58 32 48 25 51 3 1767
1 109 40 34 56 99 1 1768
1 25 85 68 81 84 1 1769
1 69 63 48 4 36 2 1770
1 94 71 37 19 69 1 1771
1 113 54 55 48 31 2 1772
0 62 60 24 87 46 4 1773
0 0 71 19 26 34 4 1774
1 65 52 11 50 52 2 1775
1 14 34 78 54 85 1 1776
1 96 70 0 72 40 3 1777
1 66 50 51 72 52 3 1778
0 143 55 51 95 37 6 1779
1 29 99 41 49 93 1 1780
0 71 23 11 46 84 4 1781
1 66 21 32 44 59 3 1782
1 68 27 54 34 36 2 1783
1 76 48 37 19 19 3 1784
1 63 49 59 30 52 2 1785
1 37 28 69 62 41 1 1786
1 105 80 22 65 85 2 1787
1 63 31 27 73 64 2 1788
1 107 26 38 40 65 3 1789
1 72 28 51 46 57 2 1790
1 37 85 35 44 98 1 1791
1 40 50 83 84 64 3 1792
1 34 0 83 27 15 3 1793
1 143 0 50 9 61 1 1794
0 74 73 49 51 36 5 1795
1 66 70 0 28 34 2 1796
0 126 32 50 57 95 5 1797
0 28 13 37 99 61 6 1798
1 74 55 30 23 67 2 1799
1 123 61 48 23 39 3 1800
0 132 0 92 46 41 5 1801
0 77 44 0 35 68 5 1802
1 115 24 44 15 48 3 1803
1 107 45 38 8 55 2 1804
1 48 45 27 19 46 3 1805
1 48 80 10 30 34 2 1806
1 12 61 0 34 58 3 1807
1 111 13 43 42 82 3 1808
1 124 27 28 34 0 2 1809
1 81 64 78 31 99 1 1810
1 24 18 79 26 50 2 1811
0 79 55 60 33 47 5 1812
1 0 60 0 57 56 1 1813
1 122 89 71 73 58 1 1814
1 50 24 35 92 57 3 1815
1 58 42 56 44 67 3 1816
1 21 30 0 61 67 1 1817
1 98 43 78 30 36 3 1818
0 115 0 90 85 69 4 1819
1 78 70 9 58 83 2 1820
1 102 38 54 35 33 3 1821
1 31 68 27 19 74 3 1822
1 37 27 54 16 76 3 1823
0 69 93 43 42 6 6 1824
1 87 82 37 76 54 3 1825
0 41 62 57 31 93 6 1826
0 81 57 51 66 68 4 1827
0 62 79 45 66 69 5 1828
0 128 18 34 66 57 5 1829
1 42 45 32 11 94 1 1830
1 30 41 41 62 8 2 1831
1 57 62 48 44 55 3 1832
1 109 40 23 39 37 1 1833
1 54 40 4 22 59 2 1834
1 64 5 75 15 71 1 1835
1 86 20 20 46 96 3 1836
0 101 23 71 0 56 4 1837
1 71 70 78 99 0 3 1838
1 34 76 74 71 0 2 1839
1 128 45 99 48 63 1 1840
1 107 41 0 64 49 1 1841
1 102 47 55 59 41 1 1842
1 23 18 69 48 19 2 1843
0 133 79 12 70 20 5 1844
1 16 35 35 23 47 3 1845
1 73 25 47 36 8 1 1846
0 72 25 59 32 37 5 1847
1 45 17 37 0 60 2 1848
1 13 41 79 57 46 2 1849
1 17 57 50 0 75 1 1850
1 103 78 48 87 63 3 1851
1 46 41 47 39 92 2 1852
1 59 41 50 90 70 3 1853
1 78 41 44 36 71 2 1854
1 54 32 48 42 11 2 1855
1 50 63 19 66 56 1 1856
0 127 65 33 37 45 5 1857
1 45 60 50 24 20 1 1858
1 60 28 94 26 88 1 1859
1 82 81 62 79 18 3 1860
1 15 61 22 66 61 3 1861
1 67 69 33 74 29 3 1862
1 116 57 0 11 52 2 1863
1 129 32 68 73 68 3 1864
1 27 79 2 68 23 2 1865
1 62 67 81 55 61 3 1866
1 73 11 40 72 40 2 1867
1 89 12 59 27 68 2 1868
1 44 64 33 97 51 1 1869
1 143 75 16 63 10 3 1870
1 90 50 2 64 17 3 1871
1 39 35 46 73 47 1 1872
1 95 39 76 41 77 1 1873
0 106 34 5 29 62 5 1874
1 23 46 61 31 30 1 1875
1 66 43 84 73 66 3 1876
1 68 63 30 14 37 2 1877
0 55 39 48 57 19 4 1878
1 143 65 68 53 39 1 1879
1 102 12 99 18 91 1 1880
0 88 33 4 47 50 5 1881
0 68 6 64 29 58 4 1882
0 52 64 74 56 61 4 1883
1 94 37 67 37 59 3 1884
1 143 4 84 43 7 1 1885
0 84 25 99 63 66 5 1886
0 80 42 50 29 66 6 1887
1 143 17 64 30 50 3 1888
1 98 80 56 50 0 2 1889
1 63 36 71 55 67 2 1890
0 68 52 66 4 44 5 1891
1 103 66 66 64 42 2 1892
1 44 65 70 69 69 2 1893
0 34 33 88 50 69 4 1894
1 104 26 44 75 42 3 1895
1 43 41 99 67 58 2 1896
1 56 99 56 27 46 3 1897
1 41 68 42 48 66 3 1898
1 56 93 56 35 36 1 1899
1 25 59 43 54 69 1 1900
1 61 35 48 66 12 2 1901
1 41 45 79 65 31 1 1902
1 70 15 65 20 38 2 1903
1 112 62 60 63 99 1 1904
1 136 95 64 91 20 3 1905
0 31 16 76 41 48 6 1906
1 10 46 8 8 17 2 1907
1 64 84 31 35 12 2 1908
1 94 24 61 43 85 3 1909
1 105 94 30 70 50 1 1910
1 88 84 42 92 30 1 1911
1 133 59 47 66 99 3 1912
1 39 46 0 0 61 2 1913
1 45 25 31 44 19 2 1914
0 69 56 60 64 41 6 1915
0 79 32 33 38 75 4 1916
1 38 13 75 37 99 1 1917
1 44 44 7 49 60 1 1918
1 99 69 46 81 56 2 1919
1 94 53 52 46 65 3 1920
1 102 69 54 54 42 2 1921
1 92 11 12 41 78 2 1922
1 102 44 39 48 70 2 1923
0 123 61 14 54 58 6 1924
1 77 53 39 23 95 1 1925
1 23 89 50 58 71 3 1926
1 114 32 60 42 7 1 1927
0 29 43 80 26 54 4 1928
0 54 65 46 40 62 4 1929
1 61 66 0 7 51 2 1930
1 27 80 43 22 25 3 1931
1 121 63 80 28 44 2 1932
1 55 3 55 51 2 3 1933
1 36 54 62 41 49 3 1934
1 132 47 76 28 21 3 1935
1 79 66 55 89 86 1 1936
1 90 52 55 48 44 2 1937
1 85 69 41 12 12 1 1938
1 82 41 53 28 36 1 1939
1 70 53 61 99 26 1 1940
1 53 37 83 53 81 3 1941
0 69 65 82 30 62 5 1942
1 32 52 45 38 59 3 1943
0 84 55 72 98 27 6 1944
1 98 72 37 54 29 2 1945
1 76 47 18 65 97 3 1946
0 11 25 85 19 10 6 1947
1 45 99 40 6 44 3 1948
1 43 66 54 9 50 3 1949
0 20 43 82 44 8 6 1950
1 101 9 69 54 25 3 1951
0 104 87 31 47 44 5 1952
1 138 74 0 22 31 3 1953
0 28 25 70 68 27 6 1954
0 68 12 76 62 35 4 1955
1 41 25 71 71 58 3 1956
1 63 56 38 13 86 2 1957
1 120 80 19 62 68 2 1958
0 58 38 74 27 67 4 1959
1 67 11 6 22 70 3 1960
1 69 45 59 0 89 2 1961
1 73 35 69 68 29 3 1962
1 96 42 15 52 28 3 1963
1 16 34 47 57 55 3 1964
1 75 77 78 66 79 2 1965
0 20 38 53 60 55 5 1966
1 18 64 21 80 67 3 1967
1 118 52 53 90 58 1 1968
1 38 18 89 68 0 1 1969
1 143 40 95 98 42 2 1970
1 65 54 14 12 28 3 1971
1 80 83 91 91 39 3 1972
0 23 14 76 70 10 6 1973
1 98 40 64 24 7 3 1974
1 70 81 90 61 36 2 1975
1 62 64 43 31 47 2 1976
0 115 62 87 51 60 6 1977
1 53 83 8 41 59 1 1978
1 14 45 52 99 74 2 1979
1 38 99 5 64 99 1 1980
1 73 15 65 70 45 1 1981
0 111 73 53 73 72 6 1982
0 91 33 20 38 79 5 1983
1 110 63 63 84 45 2 1984
1 88 87 40 68 80 1 1985
0 80 25 36 53 57 4 1986
0 99 52 38 99 77 4 1987
0 97 67 38 5 45 6 1988
0 72 50 77 13 61 6 1989
0 50 81 54 99 53 4 1990
1 116 39 73 83 26 2 1991
1 48 58 31 40 34 2 1992
0 25 49 54 30 48 4 1993
1 20 26 28 42 35 3 1994
1 80 24 69 38 96 1 1995
1 68 61 52 39 29 3 1996
1 44 68 50 47 44 2 1997
1 63 26 62 99 75 2 1998
1 7 51 63 49 82 2 1999
