0 71 0 52 54 65 3 0
1 72 55 20 32 58 1 1
1 61 21 42 63 78 4 2
1 102 79 47 55 3 6 3
1 65 44 66 18 63 2 4
0 88 97 36 57 71 6 5
0 42 99 22 31 29 6 6
1 95 28 25 50 44 5 7
0 64 39 53 35 34 6 8
1 69 68 46 40 55 6 9
0 96 51 54 36 82 3 10
1 72 14 33 49 9 1 11
0 57 49 44 35 48 3 12
0 120 62 39 51 42 6 13
0 79 58 84 95 17 6 14
0 86 39 84 76 45 4 15
1 44 46 99 73 37 4 16
0 77 43 27 99 52 5 17
0 45 13 72 64 52 4 18
1 67 90 0 47 33 3 19
0 82 58 57 46 78 6 20
0 49 68 50 65 44 4 21
1 102 84 53 26 53 1 22
1 105 22 45 0 99 6 23
1 79 65 48 53 78 5 24
0 67 53 99 52 54 5 25
1 99 71 68 91 9 5 26
1 86 76 33 58 54 5 27
1 95 50 51 71 90 5 28
0 116 10 54 34 50 6 29
0 128 58 83 41 53 6 30
1 45 37 52 69 18 6 31
0 44 37 63 75 21 5 32
1 70 0 68 34 91 1 33
1 67 61 66 40 18 6 34
0 72 0 40 25 92 4 35
1 94 52 53 35 12 3 36
1 122 44 80 55 78 6 37
0 38 5 14 45 81 6 38
0 117 49 97 47 84 5 39
1 87 29 69 43 58 6 40
0 23 60 58 61 23 4 41
0 70 17 52 44 32 3 42
0 96 66 74 45 95 4 43
1 112 86 59 14 48 5 44
1 62 59 55 83 51 5 45
1 49 78 34 59 53 4 46
1 8 63 68 19 23 6 47
0 116 89 47 57 73 6 48
0 55 52 23 19 93 4 49
1 44 60 46 76 37 1 50
1 126 69 7 60 63 3 51
0 98 76 73 73 67 6 52
1 56 45 54 81 39 3 53
1 102 43 72 36 75 3 54
0 85 72 76 22 63 5 55
1 71 87 36 77 51 5 56
0 92 72 24 42 32 4 57
0 106 44 25 97 71 4 58
0 95 99 53 57 23 5 59
0 44 56 84 34 22 3 60
0 67 22 38 56 78 3 61
1 60 32 79 45 42 1 62
1 42 38 70 18 36 2 63
1 101 64 29 68 43 1 64
0 3 44 65 59 68 5 65
1 12 34 99 49 75 1 66
0 109 54 51 40 81 4 67
1 36 98 50 89 40 5 68
0 0 55 62 80 67 5 69
1 80 7 68 55 63 4 70
1 96 58 72 68 42 4 71
1 47 63 68 77 7 1 72
0 64 41 39 28 14 5 73
1 55 0 63 61 0 3 74
1 85 34 55 33 51 2 75
1 87 49 59 13 0 1 76
1 72 40 99 15 54 6 77
0 95 38 53 0 0 6 78
0 127 68 16 77 20 4 79
0 90 29 46 22 60 6 80
0 51 69 72 61 99 3 81
0 107 56 25 0 50 6 82
1 70 95 0 29 48 5 83
0 66 43 56 63 0 6 84
0 91 40 68 52 92 3 85
1 24 38 70 91 25 6 86
1 119 50 63 54 42 6 87
1 100 28 74 68 52 1 88
1 80 64 31 63 26 2 89
0 83 1 47 52 63 3 90
1 77 83 95 13 56 1 91
0 107 52 51 64 38 5 92
1 68 26 85 48 66 6 93
0 42 55 67 61 52 6 94
1 79 45 62 18 58 2 95
0 142 2 61 61 0 3 96
0 66 45 73 41 53 6 97
0 87 5 0 36 63 3 98
1 105 52 2 44 0 2 99
