3 
1 22
4 46 50 64 70 89
6 9 11 70 71 74 87
2 22 75 95
6 9 24 37 40 54 70 87 88
6 
5 11 27 46 64 89
6 9 22 75
6 3 5 8 22 40 70 75 87
3 22 54 75
1 3 7
3 22 75
6 87
6 26 31 37 45 50 53 68 70 71 72 74 75 87 88
4 46 50 53 70 71 75 88
4 50 53 70 75
5 27 45 46 50 53 56 64 68 89
4 46 70 75
3 
6 22 24 37 40 54 70 75
4 
1 1 4 8 9 10 12 20 88
6 
5 5 20 54 70 75
5 70 75 88
5 14 45 53 70 71 74 88
5 7 17 46 70 88
5 45 53 70
6 75
6 37 40 54 70 71 75 87 88
6 14 36 45 46 50 53 56 68 75 89
5 45 46 50 53 56 68 70 72 74 75 89
1 
6 36 40 54 70 71 74 75 88 95
4 
3 31 34 75
6 5 14 20 30
6 46 83 89
5 
6 5 9 20 30 34 70
4 
3 75 89
4 54 70
5 54 70 71 75 88 95
5 14 17 26 28 31 32 53 88
4 2 7 15 17 18 27 31 32 38 70
6 63 74
6 54 70 87 88
4 54 70 75 95
1 2 14 15 16 17 31 32
3 
6 70 88
3 14 15 16 17 26 28 31 32 45 75
3 5 10 20 24 30 34 43 44 48 49
5 70 71 75 88 95
5 17 31 32
4 
4 64 70 89
5 70 71 88
3 62 75 95
3 64 89
1 60
2 47 75 95
1 2 7 17 58 61
5 
1 
4 70 75
5 14 17 31 32
5 
4 2 3 5 9 14 15 16 18 20 24 25 26 27 28 30 32 34 40 43 44 46 48 49 52 55 58 59 67
4 3 14 15 26 30 34 44 55 59 75 88
1 14 32
5 
3 3 14 26 32 34 47 75 88 89 99
2 4 8 9 10 12 14 15 16 18 20 24 25 29 30 31 32 34 36 42 44 49 53 55 60 63 67 71 74
1 
6 95
6 
4 
6 
3 
6 95
5 38 95
6 89
3 
6 
6 3 5 9 13 14 30 48
1 5 14 15 22 25 26 27 30 34 44 45 48 52 55 59 71 74
2 2 7 17 31 32 38 42 58 61 74 84
3 
1 
5 
6 
6 
2 4 34 44 49 55 60 63 77 82 83
3 99
6 
3 99
2 74 96 98
