0 28 69 59 45 49 3 0
1 21 80 63 54 67 1 1
1 26 44 77 99 41 4 2
1 29 77 55 41 51 6 3
1 28 85 97 59 28 2 4
0 60 27 42 38 38 6 5
0 82 10 57 0 59 6 6
1 92 46 44 20 31 5 7
0 138 19 6 72 56 6 8
1 46 38 66 42 56 6 9
0 112 44 52 69 64 3 10
1 52 25 58 88 37 1 11
0 53 36 79 76 50 3 12
0 87 26 62 77 6 6 13
0 24 47 56 33 26 6 14
0 75 37 52 64 30 4 15
1 143 70 74 99 78 4 16
0 0 83 27 83 11 5 17
0 22 83 6 42 22 4 18
1 44 3 52 90 80 3 19
0 135 69 43 32 55 6 20
0 65 24 13 89 48 4 21
1 81 34 65 0 54 1 22
1 77 32 57 65 81 6 23
1 94 36 47 37 5 5 24
0 63 0 17 11 0 5 25
1 0 50 89 64 22 5 26
1 91 51 0 61 70 5 27
1 85 59 57 9 31 5 28
0 25 90 0 57 49 6 29
0 116 36 66 2 69 6 30
1 52 52 89 60 39 6 31
0 89 50 69 76 66 5 32
1 45 27 43 32 19 1 33
1 39 68 78 53 7 6 34
0 85 73 45 91 70 4 35
1 86 18 46 3 80 3 36
1 63 41 15 28 77 6 37
0 103 0 71 15 51 6 38
0 59 74 79 38 65 5 39
1 51 0 44 44 35 6 40
0 55 70 29 75 27 4 41
0 24 82 20 90 59 3 42
0 118 64 39 69 66 4 43
1 47 65 50 78 90 5 44
1 66 13 40 48 82 5 45
1 32 67 28 56 46 4 46
1 130 34 2 69 49 6 47
0 0 49 62 81 56 6 48
0 105 54 75 40 66 4 49
1 34 29 83 64 68 1 50
1 120 75 74 49 63 3 51
0 66 93 99 65 99 6 52
1 29 78 66 90 76 3 53
1 51 52 99 23 25 3 54
0 67 51 39 33 42 5 55
1 65 60 20 96 60 5 56
0 94 45 37 37 56 4 57
0 64 45 87 59 34 4 58
0 38 63 53 34 33 5 59
0 81 27 64 30 50 3 60
0 132 41 24 42 35 3 61
1 103 57 59 67 78 1 62
1 76 83 55 31 70 2 63
1 53 60 46 33 46 1 64
0 68 70 99 65 36 5 65
1 67 18 31 56 10 1 66
0 112 64 14 63 51 4 67
1 8 99 38 25 69 5 68
0 84 72 41 41 76 5 69
1 0 83 85 28 32 4 70
1 17 64 0 31 38 4 71
1 58 38 36 38 69 1 72
0 44 27 44 62 49 5 73
1 19 0 58 60 60 3 74
1 87 72 99 11 34 2 75
1 110 71 63 61 42 1 76
1 60 69 30 85 41 6 77
0 88 51 66 48 52 6 78
0 44 68 45 44 23 4 79
0 143 78 70 38 85 6 80
0 95 6 98 61 52 3 81
0 87 34 59 64 73 6 82
1 34 26 66 52 67 5 83
0 86 31 45 46 48 6 84
0 108 16 67 84 37 3 85
1 55 66 84 9 59 6 86
1 88 52 46 58 71 6 87
1 64 40 29 25 69 1 88
1 54 41 95 45 29 2 89
0 77 89 84 46 19 3 90
1 59 0 56 99 89 1 91
0 80 62 68 90 35 5 92
1 5 35 16 93 18 6 93
0 119 78 99 94 30 6 94
1 53 85 62 65 55 2 95
0 94 65 26 26 21 3 96
0 121 43 79 33 61 6 97
0 70 85 64 59 47 3 98
1 52 59 35 27 34 2 99
1 39 61 63 73 66 1 100
0 73 71 58 13 75 6 101
0 74 45 54 25 17 6 102
0 55 41 51 47 62 6 103
1 28 54 24 17 39 5 104
1 107 50 25 98 41 1 105
1 91 76 28 41 90 5 106
1 90 42 39 14 45 3 107
0 54 53 11 38 40 4 108
0 111 66 62 36 51 5 109
0 85 55 77 27 0 5 110
1 11 93 27 42 24 2 111
1 61 34 48 58 33 6 112
0 101 90 11 55 54 6 113
1 39 33 41 51 57 6 114
1 76 59 33 55 59 5 115
0 55 53 72 38 59 3 116
0 86 50 83 70 34 3 117
0 106 18 71 46 93 4 118
0 43 54 79 32 90 4 119
1 135 32 37 81 8 3 120
1 57 39 46 46 0 3 121
1 104 69 48 50 39 3 122
0 3 36 48 99 10 5 123
0 10 48 56 75 64 6 124
0 96 43 97 79 89 3 125
1 87 44 58 81 0 1 126
1 51 38 88 52 65 1 127
1 56 59 31 53 67 2 128
0 91 22 53 7 37 5 129
0 67 66 76 36 73 6 130
0 81 66 42 27 50 4 131
0 16 46 79 48 22 5 132
1 112 51 58 82 77 3 133
0 16 13 61 60 21 6 134
1 23 28 48 20 27 1 135
0 66 0 67 17 14 5 136
0 7 72 83 28 33 3 137
0 70 8 65 58 79 6 138
0 55 36 52 39 60 3 139
0 72 27 54 99 48 4 140
1 96 0 56 99 66 2 141
0 129 44 0 28 41 6 142
0 67 51 43 38 66 4 143
0 0 60 53 54 11 3 144
1 116 83 17 17 83 4 145
1 0 35 91 60 25 5 146
1 40 21 67 41 26 6 147
1 33 51 35 67 62 3 148
0 97 43 26 30 43 4 149
1 10 14 56 29 34 1 150
0 3 40 56 23 99 3 151
1 69 27 60 55 93 6 152
1 74 81 69 40 83 4 153
1 10 49 53 76 20 3 154
1 87 25 17 76 55 1 155
0 38 87 47 32 18 5 156
1 66 93 38 16 9 1 157
1 18 82 31 45 82 2 158
1 53 47 32 61 29 6 159
1 87 12 74 57 55 3 160
0 36 53 21 40 95 4 161
1 44 28 66 54 71 2 162
0 117 27 35 66 78 5 163
0 88 36 0 47 46 5 164
0 59 75 83 55 66 6 165
0 66 86 20 35 12 5 166
0 34 28 88 72 47 6 167
1 143 96 72 46 70 1 168
1 20 50 26 75 94 2 169
1 119 68 50 38 99 5 170
1 88 59 60 50 0 2 171
1 28 42 46 35 38 1 172
0 48 29 56 61 39 4 173
0 39 58 55 77 97 3 174
0 68 35 33 49 38 6 175
0 81 59 23 49 51 5 176
0 128 53 36 78 48 3 177
0 51 37 33 7 17 3 178
1 94 24 60 37 41 3 179
1 94 51 43 56 25 4 180
0 109 19 72 78 33 3 181
1 86 81 57 23 44 1 182
0 73 60 43 68 43 4 183
0 119 17 56 56 47 4 184
1 59 27 56 91 67 3 185
0 77 69 41 71 23 5 186
0 23 59 71 97 44 4 187
0 4 63 15 29 87 3 188
1 31 72 44 65 76 5 189
0 71 71 90 65 66 4 190
1 65 52 88 50 53 4 191
0 90 32 88 51 48 3 192
0 81 85 0 84 82 5 193
0 47 79 52 50 2 6 194
1 33 70 14 57 79 5 195
1 27 42 35 77 73 5 196
1 137 45 52 99 3 5 197
1 77 34 31 95 27 1 198
1 75 48 43 73 43 3 199
0 105 67 99 7 40 5 200
1 80 61 71 73 81 1 201
1 82 25 40 39 60 5 202
0 108 53 36 25 65 3 203
1 54 26 35 0 43 5 204
0 73 46 34 93 34 4 205
0 35 69 61 49 44 5 206
1 118 58 69 50 15 4 207
1 38 65 27 85 83 2 208
0 109 77 27 31 83 4 209
1 9 58 51 53 95 1 210
0 134 20 72 49 94 5 211
1 99 52 65 8 30 6 212
0 37 41 70 57 10 4 213
1 89 64 14 31 63 4 214
1 0 64 0 48 82 2 215
1 106 67 81 66 18 3 216
1 81 28 58 48 64 6 217
0 56 19 40 9 0 3 218
0 64 49 65 20 54 5 219
0 101 34 38 88 8 4 220
1 7 35 51 53 95 3 221
1 73 56 37 41 50 5 222
1 70 20 48 17 56 2 223
1 106 83 67 77 36 5 224
0 95 88 99 94 72 3 225
1 99 82 48 48 23 2 226
0 119 33 67 29 81 5 227
1 80 33 54 27 89 2 228
0 63 58 73 59 40 6 229
1 81 5 71 40 44 6 230
1 119 15 49 53 0 4 231
0 37 73 48 76 46 3 232
0 37 4 64 90 0 5 233
0 62 57 34 34 76 5 234
0 52 76 64 22 57 4 235
0 40 64 43 22 0 6 236
0 68 57 38 56 50 6 237
1 37 25 31 34 52 4 238
0 93 64 57 99 50 5 239
1 85 21 75 0 30 2 240
1 3 68 20 34 24 2 241
0 49 82 10 38 99 6 242
1 16 15 39 20 23 1 243
1 112 53 14 52 74 3 244
0 83 69 69 41 26 6 245
0 88 48 62 52 33 4 246
1 78 34 20 37 14 5 247
0 47 1 15 6 52 3 248
0 93 47 38 69 62 5 249
0 32 88 42 42 37 4 250
1 113 0 69 27 71 2 251
0 57 25 27 24 41 5 252
1 46 39 33 40 19 5 253
1 92 49 79 74 31 6 254
1 94 17 56 62 38 2 255
1 111 96 56 70 24 4 256
1 79 54 30 70 60 1 257
0 66 16 4 26 34 6 258
0 94 71 71 38 60 5 259
0 20 76 55 67 41 3 260
0 86 56 54 38 53 3 261
1 84 25 73 48 17 6 262
0 62 34 17 56 6 3 263
1 37 49 0 20 87 5 264
1 78 45 40 51 68 4 265
1 97 38 27 77 0 5 266
1 88 53 76 38 76 1 267
0 74 58 92 61 24 6 268
1 0 63 38 22 49 3 269
1 97 52 34 22 51 5 270
1 48 86 5 25 64 3 271
1 3 87 36 61 56 1 272
1 24 31 3 62 37 4 273
0 50 77 54 30 70 3 274
1 34 65 70 68 54 6 275
0 123 46 58 34 71 6 276
1 74 67 19 74 37 6 277
1 109 79 37 61 37 6 278
0 17 25 99 67 52 6 279
0 68 49 29 30 64 5 280
0 38 47 16 50 53 6 281
1 138 75 33 25 81 4 282
1 76 42 41 37 50 5 283
0 25 60 55 26 45 6 284
0 45 39 74 22 71 5 285
0 57 82 33 47 28 6 286
0 23 25 59 24 35 6 287
1 27 67 60 48 36 2 288
0 70 45 36 8 8 3 289
1 143 30 35 63 24 3 290
1 54 79 2 49 69 6 291
1 143 9 53 43 80 2 292
1 54 60 24 60 88 3 293
1 75 45 46 53 25 2 294
1 84 67 59 68 40 5 295
0 104 74 74 61 70 5 296
0 143 73 0 14 84 6 297
0 113 62 88 37 44 5 298
0 94 67 15 39 46 6 299
0 85 12 95 67 47 4 300
0 127 46 20 26 74 3 301
1 127 27 38 66 70 6 302
1 95 43 61 86 38 5 303
1 143 68 28 37 19 2 304
0 83 66 66 17 90 4 305
1 87 50 3 28 82 3 306
0 7 27 26 21 3 3 307
1 83 55 90 47 38 4 308
0 66 97 38 58 22 4 309
1 78 99 11 20 59 6 310
1 26 80 16 33 99 3 311
0 25 0 14 58 56 6 312
1 115 61 22 0 44 2 313
1 75 58 67 61 46 3 314
1 60 22 31 29 15 6 315
0 143 50 35 65 44 5 316
0 73 65 51 34 0 3 317
1 77 85 46 76 0 3 318
1 134 87 73 69 14 2 319
1 91 99 51 68 70 2 320
0 70 13 65 54 58 4 321
1 66 34 55 76 74 5 322
0 76 99 36 96 56 5 323
1 57 0 21 51 55 5 324
0 80 42 96 61 75 4 325
0 90 42 12 47 80 6 326
1 18 55 57 53 33 3 327
1 19 26 61 19 37 2 328
0 58 49 32 8 2 4 329
1 142 43 37 29 76 1 330
0 107 14 16 67 18 4 331
1 36 30 54 40 11 3 332
1 67 37 53 36 62 1 333
0 109 31 73 72 66 3 334
0 0 45 61 44 53 3 335
0 115 64 41 55 91 3 336
1 58 29 49 81 70 6 337
1 38 42 47 41 54 3 338
1 20 30 96 52 49 1 339
0 143 66 27 51 31 3 340
0 141 42 13 99 0 6 341
0 42 59 32 50 64 6 342
1 82 61 54 18 68 4 343
0 73 51 45 70 29 4 344
0 58 66 77 50 49 5 345
1 66 0 32 97 86 5 346
1 119 38 59 60 72 2 347
1 103 52 26 80 74 6 348
1 44 41 40 53 11 3 349
1 80 16 78 94 74 5 350
0 57 31 52 77 64 4 351
0 92 48 16 0 42 3 352
0 88 45 77 41 37 3 353
1 86 56 9 76 52 3 354
1 59 22 20 69 52 5 355
1 34 99 19 33 58 2 356
1 0 81 24 50 50 2 357
0 54 23 44 36 64 3 358
0 80 72 34 59 47 6 359
0 81 10 57 40 38 3 360
1 89 46 92 26 65 3 361
0 19 49 53 20 63 3 362
1 70 56 93 53 55 6 363
1 97 82 60 76 81 1 364
0 143 62 32 70 34 3 365
0 138 87 14 66 48 3 366
1 67 68 67 39 37 1 367
1 25 45 0 11 45 1 368
0 97 36 41 52 62 3 369
1 87 24 9 67 31 6 370
0 104 75 41 6 26 5 371
0 5 65 57 96 30 6 372
1 136 24 79 62 82 3 373
1 134 19 56 60 39 3 374
0 44 53 36 13 84 4 375
0 120 68 48 35 60 4 376
1 15 71 27 96 81 4 377
0 67 21 29 40 51 5 378
1 37 50 60 84 60 5 379
0 28 63 28 19 36 6 380
0 30 10 45 64 34 5 381
0 79 85 63 80 35 5 382
0 43 39 27 78 13 3 383
0 58 46 95 30 96 3 384
0 103 99 72 40 51 6 385
0 116 67 32 66 82 3 386
0 53 24 69 52 41 6 387
1 105 47 51 45 22 1 388
1 129 42 30 48 62 1 389
0 103 31 22 11 14 3 390
1 37 36 10 31 43 6 391
0 118 81 30 89 84 6 392
1 143 66 47 50 3 1 393
1 63 75 72 24 92 1 394
1 43 48 23 60 55 3 395
0 10 40 17 35 72 5 396
0 91 32 41 71 47 6 397
0 132 52 56 41 46 5 398
1 130 99 15 83 74 6 399
0 65 61 41 0 26 5 400
1 137 52 8 67 22 1 401
1 81 73 45 65 65 1 402
1 143 70 38 43 51 2 403
0 42 82 52 55 23 5 404
1 74 38 27 40 84 5 405
1 108 49 55 52 91 5 406
1 12 54 20 90 87 1 407
0 38 71 39 45 27 6 408
0 93 77 48 47 24 5 409
0 18 32 61 5 82 4 410
1 131 82 39 52 70 4 411
1 46 88 41 60 23 1 412
1 71 0 39 99 43 3 413
0 44 44 66 34 38 3 414
0 0 78 41 0 4 5 415
1 76 55 30 73 68 4 416
1 72 46 16 58 43 3 417
1 78 86 99 38 66 3 418
1 53 62 69 62 60 6 419
0 75 34 64 75 18 3 420
0 97 56 87 72 36 5 421
1 39 57 22 17 11 3 422
0 51 12 28 42 23 6 423
1 79 73 57 52 38 4 424
1 112 36 30 26 34 3 425
1 57 99 73 95 75 1 426
0 60 39 33 92 37 4 427
0 69 77 23 39 40 6 428
1 69 41 63 85 38 2 429
1 55 46 4 82 40 3 430
1 48 57 44 75 57 4 431
1 59 37 12 75 60 4 432
1 23 76 50 58 53 5 433
0 29 58 66 31 43 3 434
0 125 89 78 57 50 5 435
0 71 54 73 0 58 4 436
0 87 73 70 94 93 4 437
1 45 63 54 18 33 6 438
0 56 80 76 58 10 3 439
1 89 61 60 86 67 6 440
0 71 57 47 37 19 4 441
1 124 29 20 77 34 1 442
0 15 40 21 49 29 3 443
0 69 19 67 39 60 4 444
1 78 15 83 39 7 1 445
1 57 65 27 34 60 4 446
1 108 40 60 21 53 2 447
0 73 66 85 30 59 6 448
0 86 92 28 0 16 6 449
1 22 52 96 71 46 6 450
1 137 54 34 93 75 5 451
0 0 42 42 44 18 6 452
0 110 46 27 36 61 5 453
1 92 68 88 8 33 2 454
0 62 50 45 73 56 6 455
1 45 78 47 75 53 1 456
1 63 78 89 28 71 5 457
1 0 78 83 53 46 1 458
1 128 87 78 99 33 4 459
0 66 41 77 63 51 4 460
1 38 56 80 58 59 6 461
0 19 4 74 78 16 3 462
1 94 83 20 40 18 5 463
1 50 91 23 41 62 5 464
1 63 34 16 35 37 5 465
1 62 13 1 32 85 5 466
1 71 24 10 27 58 5 467
1 77 39 44 18 43 4 468
1 143 39 90 83 93 2 469
1 11 15 71 62 73 5 470
0 143 38 70 69 67 4 471
1 83 47 68 99 36 6 472
0 92 25 53 99 0 6 473
0 75 49 99 42 21 5 474
1 58 73 21 43 67 4 475
1 20 18 18 20 59 6 476
0 59 26 87 43 69 3 477
0 0 26 70 59 85 3 478
1 103 87 0 0 21 3 479
1 42 51 35 20 41 3 480
1 13 56 76 78 39 6 481
1 34 70 40 89 58 3 482
1 86 74 7 18 73 4 483
0 86 76 61 70 35 6 484
1 90 30 12 38 92 2 485
1 17 15 40 37 40 2 486
0 79 49 58 13 67 4 487
1 80 28 44 25 48 3 488
0 54 9 62 16 53 5 489
1 61 64 73 84 73 3 490
1 114 89 43 74 37 6 491
1 75 40 28 33 36 6 492
1 87 68 56 44 60 4 493
1 99 51 33 14 39 4 494
0 90 45 50 26 50 6 495
1 81 87 46 40 67 6 496
1 93 3 57 0 68 1 497
0 7 97 8 71 77 4 498
0 63 62 42 63 82 4 499
0 83 90 35 10 52 3 500
0 125 50 73 17 62 5 501
0 0 26 30 17 99 6 502
0 72 74 29 64 44 6 503
0 81 84 48 48 61 3 504
0 101 26 55 84 41 6 505
0 88 99 32 45 67 4 506
1 36 17 32 47 50 3 507
0 60 62 18 82 22 3 508
1 13 53 49 41 50 6 509
0 66 22 56 76 99 5 510
1 63 60 51 83 56 2 511
1 78 0 53 88 0 6 512
0 71 28 49 47 24 4 513
0 68 48 79 92 57 6 514
0 29 66 67 37 54 6 515
1 94 36 65 52 74 6 516
1 62 64 54 20 80 4 517
0 66 53 52 34 46 6 518
0 11 51 36 72 46 4 519
1 62 49 73 99 71 5 520
0 47 30 67 31 35 4 521
1 61 74 0 44 67 4 522
1 65 81 70 88 67 4 523
0 103 39 65 47 90 5 524
1 57 48 26 72 70 1 525
0 42 34 36 35 87 5 526
1 67 78 33 25 4 1 527
1 61 62 35 74 42 3 528
0 38 38 53 52 52 4 529
1 116 14 85 27 81 3 530
0 76 26 30 33 93 6 531
0 80 49 50 74 27 4 532
1 94 7 32 56 26 2 533
1 83 91 17 35 68 5 534
0 19 35 49 38 86 4 535
1 68 94 45 7 38 3 536
1 37 40 40 57 77 4 537
1 26 24 55 45 34 3 538
1 92 33 66 74 23 2 539
1 93 71 27 61 69 3 540
1 143 63 99 99 48 2 541
1 0 52 47 93 58 2 542
0 64 76 99 45 47 6 543
0 56 44 58 71 76 3 544
1 73 75 33 71 54 5 545
0 21 88 45 0 91 4 546
1 74 50 47 66 11 5 547
1 0 88 99 54 46 4 548
1 119 13 56 63 55 1 549
0 121 39 55 62 59 4 550
1 20 40 27 48 48 2 551
0 20 6 46 7 90 3 552
0 143 10 38 29 19 3 553
0 72 83 43 33 33 4 554
1 83 62 45 26 80 4 555
1 72 43 10 2 57 1 556
0 108 50 61 75 38 5 557
0 76 40 37 73 0 3 558
0 0 37 88 79 55 5 559
1 87 71 75 37 48 3 560
1 120 92 29 74 52 1 561
0 98 30 46 86 45 5 562
1 81 48 72 79 46 2 563
0 79 55 33 93 82 5 564
0 101 60 71 41 59 3 565
1 45 38 35 36 26 1 566
0 44 91 48 74 35 3 567
1 103 52 21 89 34 3 568
0 32 69 25 58 44 5 569
0 50 59 45 14 90 5 570
0 64 42 78 38 13 3 571
0 3 55 49 38 34 6 572
1 23 56 30 59 34 6 573
0 0 33 77 77 65 3 574
1 69 89 47 49 66 3 575
0 95 57 76 12 28 5 576
0 47 85 14 30 71 5 577
0 73 48 45 78 15 5 578
1 101 68 46 64 61 1 579
1 66 40 40 31 36 5 580
1 48 67 0 45 65 5 581
1 54 36 35 51 40 3 582
0 71 99 28 35 59 5 583
0 70 62 4 62 54 3 584
0 41 37 93 46 30 4 585
0 47 25 72 66 64 4 586
1 42 17 28 82 99 3 587
0 72 57 56 48 47 5 588
1 93 25 56 37 62 5 589
1 90 53 22 79 5 4 590
0 97 40 56 48 68 6 591
0 136 38 40 63 15 5 592
0 37 65 48 34 67 5 593
0 78 10 41 34 61 5 594
1 62 33 20 42 68 6 595
0 107 30 45 53 23 4 596
0 86 80 86 44 72 4 597
0 53 71 49 96 12 6 598
1 124 52 6 12 16 3 599
1 105 75 69 21 92 2 600
0 101 60 3 43 47 6 601
1 48 32 46 47 66 4 602
0 77 19 29 67 61 4 603
1 13 28 50 9 47 3 604
0 65 67 44 50 53 3 605
0 89 78 56 39 38 6 606
0 54 64 51 54 57 6 607
0 68 41 61 1 33 6 608
1 88 41 34 61 59 3 609
1 79 65 42 42 84 4 610
1 70 90 76 54 51 5 611
1 27 40 86 66 17 1 612
0 10 77 67 43 43 6 613
0 80 41 60 62 28 3 614
0 95 62 52 51 21 3 615
0 30 5 57 63 86 5 616
1 143 99 68 24 50 5 617
1 33 32 83 65 70 4 618
0 79 21 22 36 72 4 619
0 38 38 49 93 84 5 620
0 143 60 79 65 32 3 621
0 78 0 69 56 49 5 622
1 119 47 19 40 82 6 623
1 97 62 51 58 55 3 624
0 143 99 10 36 64 6 625
1 69 57 61 84 36 4 626
1 93 0 50 64 45 3 627
1 91 9 39 37 75 4 628
0 6 99 75 86 76 4 629
0 68 63 58 34 92 5 630
0 56 37 28 37 55 4 631
1 79 20 63 38 58 3 632
0 57 47 47 51 47 3 633
1 85 47 18 27 15 2 634
1 48 40 85 61 44 6 635
0 60 34 9 33 45 6 636
0 64 36 50 40 27 3 637
0 53 20 41 79 39 5 638
1 78 62 81 81 87 6 639
0 83 52 64 45 58 6 640
1 36 11 42 59 66 3 641
1 77 63 51 99 41 6 642
0 110 65 61 39 24 6 643
1 143 63 66 41 48 4 644
0 16 24 99 54 31 6 645
1 143 64 0 90 60 2 646
0 56 55 66 89 83 3 647
1 43 68 64 0 74 4 648
0 10 45 73 31 44 3 649
0 99 42 49 3 25 4 650
1 90 62 44 51 66 4 651
1 62 74 29 0 48 2 652
0 71 2 34 81 65 3 653
1 76 25 2 57 30 1 654
1 85 39 36 1 71 4 655
0 76 0 63 97 67 6 656
0 67 46 21 90 69 4 657
1 14 56 66 66 29 2 658
0 18 95 70 53 39 5 659
0 47 8 55 36 41 3 660
0 63 99 24 18 7 4 661
1 12 58 30 66 47 5 662
0 80 29 65 88 68 4 663
1 60 11 74 41 71 2 664
0 91 92 42 42 64 4 665
0 35 62 87 98 44 4 666
1 34 40 44 59 20 4 667
0 104 88 27 48 2 3 668
1 50 62 36 67 38 1 669
0 132 13 20 25 34 6 670
0 98 35 67 62 10 4 671
0 71 72 57 53 25 3 672
1 25 92 21 16 71 4 673
1 53 42 69 31 86 6 674
1 61 50 9 62 56 2 675
0 34 54 54 0 70 5 676
1 122 78 33 19 14 5 677
1 99 33 50 25 59 5 678
0 123 99 10 39 53 6 679
1 124 40 10 39 40 2 680
1 0 34 48 77 64 3 681
1 121 34 61 51 23 2 682
1 100 66 65 38 65 5 683
1 68 79 7 57 32 2 684
0 39 0 43 54 50 5 685
1 102 57 96 57 62 2 686
1 94 61 40 24 0 3 687
1 109 60 65 80 20 3 688
1 62 80 87 44 63 3 689
1 89 56 58 48 92 1 690
0 71 28 41 45 87 4 691
1 59 60 36 45 91 2 692
0 107 92 65 53 54 3 693
0 57 77 68 12 99 6 694
0 35 99 52 80 51 4 695
1 119 46 63 49 76 4 696
0 90 3 66 61 76 3 697
0 46 37 73 88 54 4 698
0 74 34 27 63 30 3 699
1 86 61 46 72 50 4 700
1 24 48 76 41 74 6 701
0 33 51 43 42 18 4 702
0 81 72 39 13 55 4 703
1 143 48 61 46 31 2 704
1 85 51 63 85 42 2 705
1 55 63 66 44 47 3 706
0 51 43 78 99 47 4 707
1 64 45 74 99 17 6 708
0 62 6 17 59 28 5 709
1 75 75 45 63 17 5 710
1 10 85 13 66 41 1 711
1 72 58 61 64 92 2 712
1 60 44 58 66 65 1 713
1 134 13 62 35 10 5 714
0 31 7 80 56 79 5 715
1 65 90 57 59 6 3 716
0 143 37 78 61 51 3 717
1 0 95 90 69 52 2 718
0 77 61 82 56 88 3 719
0 126 50 21 79 64 6 720
0 46 31 80 47 0 4 721
1 78 72 23 97 70 1 722
0 60 34 51 40 87 6 723
0 143 0 79 74 21 5 724
0 107 55 40 32 51 3 725
0 87 59 64 67 78 6 726
1 93 4 18 49 95 5 727
0 109 58 46 95 45 5 728
0 52 60 24 33 43 4 729
0 133 30 78 63 18 6 730
1 111 39 46 32 99 6 731
1 58 48 65 32 95 4 732
1 39 40 2 67 35 4 733
0 67 5 66 40 52 4 734
0 78 22 27 36 24 3 735
1 59 39 86 45 44 1 736
1 126 92 69 29 58 2 737
1 34 35 84 45 79 6 738
1 70 60 67 51 44 2 739
0 50 71 60 64 31 3 740
0 84 53 19 24 43 6 741
1 99 83 64 37 61 2 742
0 77 33 30 39 54 4 743
1 107 78 99 59 34 5 744
1 103 65 74 67 52 2 745
0 75 89 8 45 42 5 746
0 143 48 32 8 51 5 747
0 143 5 69 30 63 6 748
0 28 44 41 91 71 4 749
0 46 36 9 4 79 5 750
1 66 59 60 75 78 1 751
0 17 40 70 41 53 6 752
0 36 64 44 54 65 6 753
1 72 16 61 48 41 4 754
1 56 61 45 31 83 3 755
1 69 12 60 61 35 1 756
1 80 58 50 88 28 1 757
1 95 27 55 60 69 3 758
1 30 64 46 18 49 2 759
1 13 62 87 71 36 1 760
1 86 21 21 64 63 4 761
1 75 88 3 54 72 5 762
0 64 67 36 79 64 3 763
0 93 40 35 32 62 3 764
0 57 12 85 64 92 5 765
1 93 34 76 62 31 3 766
0 75 16 65 29 44 5 767
0 74 62 45 87 17 6 768
0 71 60 78 76 8 6 769
1 87 46 49 63 70 5 770
0 71 84 35 66 60 4 771
1 80 9 29 67 88 3 772
0 109 53 3 34 28 4 773
0 74 42 54 39 71 3 774
1 62 31 43 49 8 3 775
1 36 40 78 67 42 3 776
1 121 28 64 53 56 3 777
1 62 3 37 77 77 1 778
0 88 51 4 14 92 4 779
1 124 42 44 60 72 4 780
1 52 71 49 29 55 5 781
0 104 53 34 38 20 3 782
0 105 52 18 13 62 5 783
1 76 45 78 62 59 1 784
0 65 54 28 16 64 5 785
1 139 18 46 33 39 2 786
0 17 65 38 52 95 3 787
1 86 19 78 70 50 6 788
1 15 54 26 99 50 1 789
1 86 25 52 15 34 2 790
0 45 87 54 37 55 5 791
1 11 58 52 13 78 3 792
0 18 0 56 99 53 3 793
1 85 48 54 43 76 3 794
0 143 16 0 40 43 3 795
1 12 38 23 89 57 4 796
0 92 47 29 82 55 3 797
1 25 45 89 31 55 2 798
0 39 52 23 57 75 4 799
0 113 50 39 54 52 4 800
0 41 33 77 87 33 5 801
1 63 60 33 31 10 2 802
0 74 67 5 66 72 5 803
1 33 3 56 36 91 3 804
1 58 16 23 73 87 2 805
0 89 21 54 91 60 3 806
1 143 41 13 55 36 1 807
0 18 33 61 27 99 5 808
0 44 41 33 32 57 3 809
0 98 25 0 35 33 3 810
0 81 28 31 41 79 3 811
0 143 30 82 47 77 4 812
1 105 78 51 25 58 3 813
0 69 68 59 47 20 6 814
1 116 80 64 55 30 3 815
1 114 53 63 96 51 6 816
0 84 52 45 82 38 4 817
0 81 0 72 72 28 4 818
1 112 64 37 71 57 5 819
1 54 56 98 69 61 5 820
1 80 37 25 37 55 3 821
0 118 60 60 78 44 6 822
0 45 54 42 21 56 3 823
1 135 10 22 41 40 6 824
1 109 45 81 91 47 3 825
0 0 50 31 55 61 6 826
0 70 52 62 45 49 6 827
1 70 64 34 53 66 5 828
1 83 49 23 91 33 5 829
1 95 14 53 32 43 2 830
1 62 61 99 42 0 6 831
1 49 51 16 72 60 5 832
1 60 66 71 34 4 5 833
1 103 74 71 58 71 3 834
1 75 49 50 17 25 1 835
0 72 38 67 71 85 6 836
1 128 75 36 55 23 3 837
0 119 2 99 37 36 6 838
0 40 99 53 89 27 6 839
1 64 22 98 42 48 6 840
0 29 64 75 25 99 6 841
1 71 14 46 29 30 1 842
0 141 73 43 32 27 5 843
0 44 31 72 16 78 5 844
0 56 49 65 86 76 5 845
1 66 23 60 4 83 1 846
1 81 7 28 47 60 3 847
1 143 56 43 6 31 5 848
0 36 10 75 66 82 4 849
0 72 89 67 34 45 5 850
0 41 57 29 83 88 3 851
0 96 39 99 61 59 5 852
1 95 99 33 56 92 5 853
1 34 42 50 63 23 2 854
0 0 16 73 53 66 4 855
1 23 33 9 83 46 3 856
1 39 68 44 12 39 4 857
1 82 66 21 51 72 5 858
1 14 45 36 78 48 1 859
0 32 70 54 74 72 6 860
0 50 72 58 56 85 3 861
0 95 71 38 43 27 4 862
0 125 63 39 7 81 6 863
1 35 55 73 14 63 2 864
0 124 80 44 5 99 5 865
1 105 33 20 48 56 1 866
1 113 81 46 99 54 4 867
1 70 37 49 24 57 2 868
0 31 52 66 63 60 3 869
1 80 99 61 46 63 4 870
1 61 47 66 43 79 5 871
1 132 86 69 19 39 3 872
0 19 50 33 59 71 5 873
1 76 35 76 31 81 4 874
0 45 21 72 37 88 5 875
0 124 75 33 39 52 6 876
0 137 43 85 58 64 4 877
1 128 54 74 68 36 4 878
1 115 59 45 31 82 2 879
0 67 69 34 94 57 3 880
0 0 51 56 63 99 4 881
1 65 47 71 44 43 1 882
0 52 19 17 64 51 4 883
0 40 38 4 55 22 3 884
1 118 71 46 36 99 6 885
0 115 42 58 58 21 3 886
0 74 61 11 22 31 3 887
0 80 0 4 70 53 5 888
1 74 60 71 62 34 1 889
0 39 64 75 59 43 4 890
1 87 3 44 17 77 2 891
1 75 58 40 66 87 3 892
1 107 93 64 48 80 2 893
0 49 67 54 55 71 4 894
1 53 27 84 23 64 1 895
0 98 51 51 29 69 6 896
0 21 28 47 98 33 5 897
1 68 62 38 37 46 4 898
0 55 22 32 68 25 3 899
0 42 73 36 3 71 3 900
0 63 95 71 28 13 4 901
0 67 0 54 47 41 4 902
1 94 33 99 36 56 1 903
0 10 14 46 89 56 5 904
0 109 23 57 41 50 3 905
1 69 64 49 40 60 2 906
0 43 14 69 71 69 3 907
1 123 25 13 90 33 3 908
0 22 61 55 16 37 3 909
1 17 47 20 61 57 2 910
0 94 74 59 40 0 4 911
0 71 96 58 47 24 3 912
0 136 26 9 50 52 3 913
0 61 63 23 76 72 3 914
0 41 50 63 30 18 5 915
1 31 47 55 34 99 5 916
1 77 60 64 66 79 2 917
0 120 45 48 56 18 5 918
0 91 72 11 1 85 5 919
1 86 61 82 28 70 3 920
1 71 99 74 32 75 6 921
1 52 43 17 59 16 6 922
1 37 71 99 53 64 1 923
1 18 73 67 84 52 2 924
1 14 99 69 22 40 3 925
0 78 43 35 29 62 3 926
0 36 39 69 67 62 3 927
1 66 30 28 73 29 3 928
1 75 0 68 66 55 3 929
1 40 0 51 73 8 4 930
1 117 36 92 50 70 3 931
1 94 9 61 0 40 3 932
1 42 90 57 75 0 4 933
0 57 42 26 48 44 5 934
0 115 38 58 20 81 5 935
0 0 72 26 75 78 5 936
0 49 83 17 79 53 4 937
0 88 52 81 28 9 6 938
0 47 68 38 3 58 4 939
0 143 14 45 99 35 3 940
1 91 58 13 51 29 2 941
1 70 82 58 52 51 6 942
1 24 45 57 43 83 2 943
1 56 37 59 31 21 4 944
1 64 71 58 95 24 1 945
1 64 62 33 47 95 2 946
1 79 76 96 63 29 4 947
0 63 0 74 58 14 4 948
1 70 52 42 90 86 1 949
0 24 68 79 32 43 6 950
0 71 69 27 99 56 3 951
0 47 73 0 26 41 5 952
1 43 12 41 58 63 5 953
1 49 0 43 66 17 5 954
1 96 29 91 23 37 3 955
0 31 37 11 62 51 4 956
1 87 16 54 31 67 1 957
1 0 66 41 74 71 5 958
0 74 68 60 74 34 3 959
0 4 0 33 50 41 5 960
1 0 41 71 63 99 5 961
1 131 99 58 20 43 2 962
1 2 83 67 99 58 1 963
0 11 80 37 50 87 5 964
0 43 62 29 19 26 4 965
0 96 65 73 37 45 4 966
0 80 62 78 65 51 5 967
1 88 48 55 20 51 2 968
0 52 43 49 52 15 4 969
0 71 23 24 47 14 5 970
1 47 48 53 61 99 4 971
1 72 32 13 84 56 2 972
1 37 78 45 63 29 2 973
1 74 49 55 88 33 1 974
1 58 63 46 52 41 2 975
0 64 17 20 41 58 4 976
0 108 59 23 55 82 4 977
0 91 67 44 44 36 4 978
1 47 73 69 48 11 3 979
0 0 74 28 67 24 3 980
1 107 50 53 0 71 1 981
0 26 53 65 66 0 4 982
0 78 48 37 29 57 6 983
0 79 48 75 68 74 5 984
0 36 47 15 37 64 3 985
0 39 0 27 56 33 5 986
1 79 56 42 67 70 5 987
0 70 45 48 57 75 3 988
1 41 41 55 39 33 4 989
1 85 37 77 79 99 2 990
1 112 99 82 34 40 1 991
1 67 56 66 99 8 6 992
1 77 49 15 25 69 5 993
1 67 44 22 17 66 5 994
0 38 19 56 19 46 6 995
1 12 3 43 23 61 4 996
0 82 33 90 94 87 5 997
0 71 0 12 83 64 5 998
0 83 70 81 43 86 4 999
1 26 68 9 58 52 2 1000
1 93 41 69 83 68 3 1001
1 83 55 62 89 51 3 1002
1 42 62 68 23 54 4 1003
0 110 57 91 99 39 5 1004
0 90 31 81 38 44 5 1005
0 79 72 70 47 54 3 1006
1 76 65 24 22 56 4 1007
0 79 43 51 42 82 5 1008
1 27 42 25 39 33 6 1009
1 45 10 29 83 39 5 1010
1 0 67 76 70 0 5 1011
1 143 40 73 61 85 6 1012
0 52 81 38 38 68 5 1013
0 20 37 17 41 56 5 1014
0 20 21 84 75 81 6 1015
1 35 53 40 35 55 5 1016
0 51 52 49 55 21 6 1017
1 56 68 99 0 50 2 1018
1 108 10 50 38 66 6 1019
0 80 74 28 76 31 3 1020
0 0 67 56 71 49 3 1021
0 109 55 29 59 47 3 1022
1 93 57 30 71 77 5 1023
1 51 56 33 68 45 6 1024
1 52 44 47 83 60 5 1025
0 100 54 51 54 47 6 1026
1 76 72 38 17 42 1 1027
1 51 31 99 78 58 5 1028
1 79 44 65 64 61 2 1029
1 90 70 62 67 64 1 1030
1 88 88 33 73 18 3 1031
1 100 46 26 23 70 2 1032
1 71 48 73 91 36 1 1033
1 46 32 26 1 45 3 1034
0 74 64 63 48 60 4 1035
0 68 90 70 4 48 6 1036
0 0 26 57 99 41 5 1037
1 0 23 99 26 85 2 1038
1 50 28 43 15 44 4 1039
0 21 76 14 35 33 4 1040
0 97 13 64 30 39 6 1041
0 90 16 39 30 30 4 1042
1 31 84 87 78 46 4 1043
0 58 13 64 75 37 5 1044
1 56 54 32 67 78 2 1045
0 50 62 98 42 59 5 1046
0 84 29 32 36 47 4 1047
1 99 31 73 58 44 2 1048
1 60 95 55 29 53 4 1049
1 112 13 89 62 78 5 1050
1 38 72 88 74 43 2 1051
1 72 57 31 47 56 5 1052
0 35 35 53 30 48 5 1053
0 93 46 33 57 40 3 1054
1 96 54 77 44 36 1 1055
1 34 73 58 99 51 4 1056
0 103 98 61 77 15 6 1057
1 83 26 85 84 88 5 1058
1 78 51 71 47 86 3 1059
0 118 30 32 62 14 3 1060
0 58 60 52 23 61 3 1061
0 39 46 62 43 27 6 1062
0 55 54 35 15 55 6 1063
1 82 99 27 56 90 2 1064
1 135 17 63 67 37 4 1065
0 94 45 29 36 90 4 1066
1 102 87 99 42 82 4 1067
1 63 32 49 44 33 3 1068
1 79 18 39 9 24 2 1069
1 0 61 87 32 65 2 1070
0 94 0 13 35 54 3 1071
0 32 79 49 58 70 4 1072
1 132 54 56 36 0 3 1073
1 121 27 56 74 80 3 1074
0 125 47 27 45 47 6 1075
0 66 32 65 30 53 6 1076
1 79 39 31 47 43 4 1077
1 70 19 57 60 30 3 1078
0 79 59 56 69 43 4 1079
1 41 73 74 41 93 5 1080
1 85 83 97 9 59 5 1081
1 94 70 42 10 76 5 1082
0 72 59 41 35 37 5 1083
0 0 64 29 27 30 5 1084
0 55 24 17 71 6 4 1085
0 42 54 88 89 40 4 1086
1 118 41 46 20 15 6 1087
0 87 28 22 63 14 3 1088
0 99 66 43 33 60 6 1089
0 41 99 99 66 57 6 1090
0 73 41 42 61 30 5 1091
1 63 35 54 32 31 3 1092
1 56 36 35 63 61 1 1093
1 140 55 21 46 61 4 1094
1 69 50 71 63 44 3 1095
1 70 33 30 95 64 6 1096
1 49 53 97 53 95 3 1097
1 68 8 74 51 22 2 1098
0 69 84 41 60 99 6 1099
0 81 47 66 36 64 6 1100
0 80 78 58 62 23 6 1101
0 34 71 67 58 30 3 1102
1 83 39 65 91 83 3 1103
1 57 40 76 20 35 6 1104
1 40 46 35 56 31 6 1105
1 60 49 78 30 40 5 1106
1 14 26 99 55 74 3 1107
1 76 24 19 32 28 6 1108
1 74 59 58 62 38 5 1109
0 56 41 30 41 68 4 1110
0 103 0 25 61 42 4 1111
0 69 99 91 15 29 3 1112
1 101 0 99 36 63 5 1113
0 143 29 89 55 22 5 1114
1 90 31 57 57 66 1 1115
1 40 41 71 24 94 3 1116
1 97 48 7 48 35 5 1117
1 2 50 85 48 99 2 1118
1 123 0 88 97 65 2 1119
1 91 74 34 82 56 4 1120
1 89 88 37 39 61 6 1121
0 63 78 49 36 67 3 1122
1 64 36 61 99 64 6 1123
1 62 51 50 11 18 5 1124
0 127 69 41 39 69 4 1125
0 134 9 54 59 64 5 1126
1 88 12 63 57 48 2 1127
1 31 20 17 61 82 1 1128
1 86 68 59 0 60 1 1129
1 113 99 62 47 49 1 1130
1 88 53 99 58 34 2 1131
0 96 41 72 64 34 4 1132
1 42 66 20 22 0 2 1133
1 121 99 79 48 55 4 1134
1 56 0 56 73 54 5 1135
1 48 54 50 52 36 2 1136
0 90 79 25 12 43 4 1137
0 110 75 21 55 29 4 1138
0 57 69 23 51 29 3 1139
1 105 54 35 50 65 5 1140
0 98 39 83 86 33 6 1141
0 106 52 67 16 20 5 1142
1 39 64 65 0 35 5 1143
0 69 50 10 16 14 3 1144
1 5 68 36 93 24 2 1145
0 56 76 34 54 65 4 1146
1 53 25 24 59 30 5 1147
1 115 71 40 32 35 1 1148
0 120 79 44 54 41 4 1149
1 31 55 25 45 40 5 1150
0 93 58 38 17 87 4 1151
1 118 37 61 52 86 6 1152
0 60 10 38 30 64 5 1153
1 26 30 80 34 48 1 1154
1 82 18 82 21 60 4 1155
0 72 36 59 32 36 6 1156
0 112 74 48 20 42 4 1157
0 86 72 51 59 74 3 1158
1 68 46 39 33 68 1 1159
1 0 68 41 61 25 5 1160
0 132 11 48 80 0 3 1161
0 56 7 0 78 74 3 1162
1 129 33 43 17 70 3 1163
0 70 79 45 82 95 6 1164
1 65 75 27 3 77 6 1165
1 110 51 57 64 31 2 1166
1 56 64 47 52 48 3 1167
1 121 47 84 22 97 4 1168
1 34 52 92 62 84 4 1169
1 78 56 74 59 60 5 1170
0 103 78 20 39 53 4 1171
0 74 97 49 24 9 4 1172
0 43 30 21 60 39 4 1173
0 23 30 60 38 39 4 1174
1 82 47 86 65 74 4 1175
1 36 18 67 65 0 5 1176
0 10 48 60 59 37 3 1177
0 143 48 32 11 62 3 1178
0 10 86 28 72 49 6 1179
1 27 31 68 43 49 4 1180
0 96 17 24 37 19 4 1181
1 94 53 81 48 79 4 1182
1 29 65 84 50 55 5 1183
0 84 49 33 54 52 6 1184
0 74 67 50 58 41 5 1185
0 36 43 60 69 24 5 1186
0 47 37 11 82 93 4 1187
0 61 41 35 63 50 6 1188
0 100 43 31 36 46 3 1189
1 23 68 78 69 40 2 1190
0 81 40 11 71 76 5 1191
0 18 46 58 66 11 6 1192
0 54 31 74 36 20 6 1193
0 32 86 85 41 45 6 1194
0 4 82 61 23 99 6 1195
0 69 47 66 67 16 4 1196
1 29 60 45 63 99 6 1197
1 60 82 45 79 52 2 1198
1 86 59 24 97 74 4 1199
1 48 9 51 38 74 4 1200
0 123 57 79 55 44 3 1201
0 40 56 71 66 31 5 1202
0 43 55 28 52 65 3 1203
1 61 4 44 8 75 1 1204
0 56 30 41 30 49 3 1205
0 69 56 55 67 65 3 1206
1 25 43 36 50 96 2 1207
0 88 42 41 23 39 5 1208
1 58 70 38 7 71 5 1209
0 82 74 97 28 32 6 1210
1 107 33 49 31 76 4 1211
0 45 68 48 36 33 3 1212
1 59 51 83 87 54 5 1213
1 75 60 36 99 99 4 1214
0 81 53 61 54 55 5 1215
1 116 39 58 72 68 4 1216
1 53 52 31 99 5 5 1217
0 95 72 23 61 60 5 1218
0 143 34 52 21 53 6 1219
1 100 99 59 62 29 3 1220
0 66 47 35 64 65 5 1221
1 81 19 52 16 2 6 1222
1 62 73 45 72 54 6 1223
1 77 44 89 73 13 4 1224
0 54 38 45 87 27 5 1225
0 30 69 67 19 33 3 1226
0 0 5 74 52 2 6 1227
0 102 53 89 16 0 5 1228
1 49 75 54 18 62 3 1229
1 65 43 70 29 99 2 1230
0 53 40 99 43 57 4 1231
1 112 65 44 31 11 1 1232
1 28 51 58 99 27 4 1233
1 31 73 32 28 62 5 1234
1 66 39 12 67 99 2 1235
0 77 59 51 70 27 4 1236
1 45 66 42 34 71 5 1237
0 44 95 62 65 53 6 1238
1 66 92 0 69 87 1 1239
1 120 26 99 60 91 6 1240
0 9 23 24 65 67 6 1241
0 130 68 51 7 58 3 1242
1 21 31 60 79 64 5 1243
1 77 32 24 26 38 1 1244
1 104 82 29 36 5 5 1245
1 92 70 40 98 0 5 1246
0 44 69 94 56 39 4 1247
0 72 2 60 81 99 3 1248
0 115 60 69 48 33 3 1249
0 68 79 0 63 61 5 1250
0 61 58 62 39 55 4 1251
0 84 55 62 14 81 4 1252
0 117 68 62 39 89 3 1253
1 74 66 16 12 78 6 1254
1 84 5 99 99 63 3 1255
0 80 38 73 76 71 5 1256
0 35 64 49 52 88 3 1257
1 67 75 98 32 68 1 1258
0 67 92 67 99 41 6 1259
1 62 55 65 44 98 4 1260
1 104 52 55 22 25 4 1261
0 123 61 26 92 59 4 1262
0 0 47 63 11 61 3 1263
1 85 34 46 49 34 4 1264
1 78 83 24 21 63 3 1265
0 44 77 99 48 23 4 1266
0 63 49 15 30 65 4 1267
0 104 61 89 65 65 5 1268
0 129 72 48 71 54 6 1269
1 96 43 64 40 73 2 1270
0 72 57 61 56 82 5 1271
0 105 70 39 43 62 6 1272
0 77 78 35 50 68 6 1273
0 87 43 48 51 42 6 1274
1 61 28 41 46 0 3 1275
1 69 70 58 89 80 2 1276
0 58 24 82 59 63 6 1277
0 68 64 49 80 99 6 1278
1 143 45 59 49 70 5 1279
0 69 33 54 46 27 4 1280
0 119 12 87 44 91 6 1281
0 32 43 0 99 22 5 1282
1 81 40 76 71 48 2 1283
1 45 2 40 69 77 1 1284
0 55 94 16 34 41 4 1285
1 98 60 35 41 85 5 1286
0 77 49 85 51 26 4 1287
1 13 0 65 55 20 3 1288
1 90 70 32 52 65 4 1289
1 49 81 79 39 36 1 1290
1 113 58 72 88 66 2 1291
1 114 24 0 92 22 2 1292
0 81 56 99 71 2 5 1293
1 68 54 31 78 32 5 1294
1 75 20 36 22 61 6 1295
0 67 99 40 33 70 4 1296
1 36 57 70 16 86 4 1297
1 111 33 50 0 73 3 1298
0 32 50 31 64 53 5 1299
0 18 69 25 42 53 5 1300
0 1 79 41 48 39 3 1301
1 82 67 66 73 22 4 1302
1 40 76 68 50 79 1 1303
1 92 51 64 78 30 2 1304
0 51 15 64 21 40 6 1305
1 78 54 16 47 57 1 1306
1 102 78 42 29 59 5 1307
0 33 13 35 64 82 6 1308
1 73 17 58 58 45 2 1309
0 64 32 62 41 67 6 1310
0 78 13 21 85 81 6 1311
0 94 77 37 62 51 4 1312
0 68 43 26 91 35 6 1313
0 143 14 99 66 60 5 1314
0 110 33 37 38 62 5 1315
0 80 58 50 65 68 3 1316
0 90 27 56 61 0 3 1317
1 61 68 51 43 56 3 1318
1 82 36 23 78 0 1 1319
1 22 45 64 46 59 5 1320
1 83 9 72 37 59 3 1321
0 80 64 7 79 56 5 1322
0 52 62 46 6 52 5 1323
0 58 69 69 17 45 4 1324
0 79 28 19 80 43 5 1325
1 115 57 45 41 56 5 1326
1 58 23 44 48 42 6 1327
1 96 48 52 60 52 5 1328
0 57 99 54 72 92 6 1329
1 115 76 59 63 30 6 1330
0 35 49 90 45 42 4 1331
0 100 62 81 50 21 4 1332
0 30 49 37 11 31 5 1333
1 75 16 39 77 33 2 1334
0 37 56 29 43 70 4 1335
0 41 33 37 89 47 5 1336
1 111 58 23 51 43 6 1337
0 41 62 99 67 41 4 1338
0 62 56 28 51 50 6 1339
0 93 80 53 76 55 6 1340
0 15 32 71 94 32 5 1341
0 88 51 88 59 54 5 1342
1 64 19 20 71 37 3 1343
0 66 46 58 60 90 3 1344
0 50 25 37 64 35 4 1345
0 44 87 77 60 79 6 1346
1 87 28 74 32 59 1 1347
0 31 43 31 32 55 6 1348
1 122 99 45 61 41 5 1349
0 60 43 48 25 41 4 1350
0 63 37 21 26 37 4 1351
1 94 93 30 47 43 2 1352
1 49 61 60 47 38 3 1353
1 1 33 81 19 81 3 1354
1 118 44 64 46 60 3 1355
0 106 60 70 24 69 3 1356
0 32 50 27 80 51 6 1357
0 74 42 45 66 83 4 1358
0 107 21 61 41 41 5 1359
1 90 42 41 65 87 6 1360
1 74 44 27 57 71 1 1361
0 58 55 61 50 67 3 1362
0 57 77 45 79 4 3 1363
0 17 51 67 40 22 4 1364
0 85 53 8 47 47 6 1365
0 69 7 30 99 46 4 1366
1 73 51 35 26 3 2 1367
0 143 25 54 55 91 4 1368
0 70 22 72 80 64 3 1369
0 25 43 11 44 10 4 1370
1 97 47 34 30 34 5 1371
0 0 10 34 56 70 5 1372
0 73 46 61 20 63 6 1373
0 100 56 79 27 42 5 1374
1 101 50 25 58 74 3 1375
1 74 46 70 43 41 4 1376
1 136 25 61 40 59 3 1377
0 72 43 40 37 72 4 1378
1 118 26 75 86 25 5 1379
1 26 14 18 7 27 2 1380
0 38 89 69 57 18 3 1381
0 17 20 99 62 46 5 1382
0 62 22 58 71 57 4 1383
1 46 0 99 0 49 4 1384
0 74 79 88 23 50 6 1385
1 64 78 61 48 41 5 1386
0 113 31 64 59 39 3 1387
0 43 54 85 84 80 6 1388
1 32 64 39 40 70 5 1389
1 52 12 31 53 75 5 1390
0 63 69 39 52 47 4 1391
0 89 38 36 85 47 5 1392
1 12 62 72 53 42 3 1393
0 0 31 29 40 52 5 1394
0 45 11 23 43 24 4 1395
0 118 51 96 47 29 3 1396
0 74 28 36 7 23 6 1397
0 83 73 79 25 39 3 1398
1 75 38 50 62 73 3 1399
0 52 49 53 69 0 4 1400
0 52 63 30 86 0 3 1401
1 116 34 55 8 95 4 1402
0 100 42 49 42 45 4 1403
1 69 69 68 56 58 6 1404
0 51 26 18 0 65 6 1405
0 143 21 29 0 75 3 1406
0 94 45 44 0 40 5 1407
1 53 30 50 0 53 4 1408
1 119 61 34 83 83 4 1409
0 74 32 73 4 36 6 1410
1 74 51 99 71 30 4 1411
1 90 69 88 35 34 4 1412
0 50 45 17 33 44 6 1413
0 24 65 56 23 99 4 1414
1 73 65 11 0 47 1 1415
0 44 12 51 89 71 6 1416
1 37 22 29 48 46 1 1417
1 62 34 48 73 64 1 1418
0 94 19 63 10 24 6 1419
1 50 83 0 61 44 5 1420
0 67 72 49 55 3 5 1421
0 86 63 56 53 46 5 1422
1 122 58 65 50 19 2 1423
0 112 99 71 54 70 6 1424
1 84 55 23 84 58 6 1425
1 109 36 31 44 12 6 1426
0 108 55 76 26 30 6 1427
1 92 71 9 67 38 1 1428
1 11 99 54 73 37 1 1429
1 5 78 38 13 23 3 1430
0 84 48 39 79 67 3 1431
1 47 49 49 43 82 6 1432
0 97 44 65 65 50 4 1433
1 47 47 79 68 41 6 1434
0 81 43 35 81 45 4 1435
1 135 52 30 58 60 3 1436
1 97 72 34 46 48 6 1437
1 76 28 41 27 29 6 1438
1 48 34 34 33 91 6 1439
0 140 28 98 34 31 6 1440
0 126 46 99 28 47 3 1441
0 0 0 39 39 50 3 1442
1 118 50 50 41 19 1 1443
1 52 40 80 74 0 3 1444
0 87 63 57 83 53 6 1445
1 48 63 65 60 46 1 1446
1 68 68 99 65 67 3 1447
0 55 24 28 44 42 4 1448
1 101 27 91 33 50 6 1449
0 80 38 0 87 41 3 1450
1 78 38 52 41 47 5 1451
0 116 54 63 51 38 6 1452
0 82 34 51 1 27 4 1453
0 30 40 69 72 63 3 1454
1 112 32 23 99 51 1 1455
0 79 49 45 31 67 5 1456
0 65 32 30 7 41 6 1457
0 114 20 87 45 39 3 1458
1 125 81 25 36 93 2 1459
1 8 69 27 41 70 6 1460
1 91 48 90 30 63 2 1461
0 85 43 66 72 44 6 1462
1 99 33 6 80 64 4 1463
1 7 99 44 60 87 3 1464
1 53 59 85 40 38 3 1465
0 35 69 73 74 5 3 1466
1 107 99 44 25 84 6 1467
1 44 43 43 16 43 2 1468
1 92 98 46 39 36 2 1469
0 69 58 99 76 56 5 1470
1 105 57 80 0 75 6 1471
1 119 62 84 55 62 3 1472
1 83 40 41 70 46 6 1473
1 101 53 19 53 80 4 1474
1 95 57 87 24 4 3 1475
0 80 27 70 32 48 5 1476
0 72 53 61 79 0 5 1477
0 97 99 41 69 14 3 1478
1 41 57 62 46 61 6 1479
1 92 32 52 31 34 2 1480
1 63 77 45 76 62 5 1481
1 57 27 72 54 99 4 1482
0 79 81 65 88 82 4 1483
1 98 78 57 62 0 1 1484
0 63 33 22 56 0 4 1485
0 68 41 54 91 23 6 1486
0 93 50 39 61 25 4 1487
0 103 78 46 43 68 3 1488
1 73 28 63 38 29 5 1489
1 38 28 61 52 82 1 1490
0 31 14 34 63 67 5 1491
0 38 27 57 69 32 6 1492
0 99 61 21 49 36 5 1493
1 59 49 52 64 54 1 1494
1 94 66 47 99 27 3 1495
1 45 37 99 27 70 6 1496
1 135 28 44 0 47 3 1497
0 65 81 45 57 57 4 1498
1 132 76 49 13 52 5 1499
1 127 87 45 24 91 4 1500
1 78 37 67 86 35 6 1501
1 32 97 43 20 65 5 1502
1 118 62 61 25 72 2 1503
0 65 41 42 79 22 3 1504
1 103 47 21 99 44 3 1505
1 38 13 55 19 57 1 1506
1 53 14 87 32 84 5 1507
0 137 42 72 6 98 4 1508
0 70 47 65 57 22 4 1509
1 69 35 28 88 23 6 1510
0 5 48 28 51 23 5 1511
0 80 55 63 52 60 4 1512
1 33 56 24 54 60 2 1513
0 97 61 26 5 11 6 1514
1 82 65 70 60 75 4 1515
1 2 89 51 48 10 6 1516
0 57 96 43 1 68 3 1517
0 117 0 96 17 51 5 1518
0 82 25 47 54 70 4 1519
0 82 49 52 39 76 6 1520
1 42 31 55 97 53 5 1521
1 58 19 77 56 52 4 1522
1 73 59 33 79 25 4 1523
1 124 61 70 99 48 1 1524
0 131 39 99 50 50 4 1525
1 62 28 59 59 43 2 1526
0 130 30 85 42 77 3 1527
0 43 11 42 33 56 3 1528
0 65 14 40 87 24 5 1529
0 99 84 70 44 65 6 1530
1 78 33 62 87 40 6 1531
1 90 31 67 61 20 6 1532
1 59 45 18 56 59 5 1533
1 72 72 48 72 70 1 1534
1 121 72 17 36 69 4 1535
0 43 63 21 86 52 3 1536
1 83 78 10 0 77 2 1537
0 31 47 45 36 9 6 1538
0 59 37 33 55 60 5 1539
1 119 79 62 0 52 6 1540
0 88 35 66 34 39 6 1541
1 110 74 72 37 62 5 1542
0 45 80 27 26 65 5 1543
1 95 63 83 25 53 6 1544
0 99 12 22 39 27 6 1545
0 90 66 64 42 43 6 1546
1 130 48 85 16 96 6 1547
0 101 48 87 61 52 3 1548
0 24 51 54 23 67 6 1549
1 68 56 3 51 14 2 1550
1 47 50 37 18 76 6 1551
0 75 57 26 7 22 4 1552
1 62 39 9 0 49 5 1553
1 73 57 99 26 41 6 1554
0 43 29 0 47 51 6 1555
1 106 26 66 68 38 5 1556
1 91 72 76 12 45 6 1557
0 47 11 76 54 21 6 1558
1 101 70 72 37 32 2 1559
1 132 14 59 13 54 2 1560
1 101 67 52 69 40 4 1561
0 0 80 38 44 39 3 1562
1 34 53 99 16 0 3 1563
1 40 53 49 41 47 4 1564
0 0 64 27 49 67 5 1565
0 33 56 72 83 94 5 1566
1 37 7 99 63 34 3 1567
0 141 18 59 64 73 5 1568
0 132 56 12 10 34 3 1569
0 110 57 41 74 68 6 1570
0 71 61 53 70 45 6 1571
0 97 40 99 55 31 4 1572
0 0 21 52 71 52 4 1573
0 1 37 63 75 48 3 1574
0 90 82 59 29 81 3 1575
0 17 59 61 54 12 3 1576
1 2 82 50 0 74 4 1577
0 95 60 78 33 64 5 1578
0 45 77 72 21 78 3 1579
1 0 66 29 81 69 5 1580
0 61 54 55 46 22 4 1581
1 58 38 35 56 99 2 1582
1 96 95 56 33 22 5 1583
1 51 91 18 79 49 5 1584
0 58 68 81 42 67 5 1585
0 72 47 57 37 41 3 1586
0 108 58 38 68 15 5 1587
0 82 40 3 44 71 6 1588
0 28 45 79 54 20 3 1589
0 116 29 76 50 80 5 1590
1 71 43 8 22 40 5 1591
1 27 69 90 45 53 4 1592
1 72 20 22 62 50 1 1593
0 74 0 59 90 65 5 1594
0 143 39 23 50 50 3 1595
1 129 21 24 17 52 6 1596
1 48 29 87 23 26 1 1597
1 78 56 43 21 67 6 1598
0 69 33 97 64 99 5 1599
0 102 57 4 99 59 5 1600
1 86 46 33 50 75 2 1601
1 75 36 35 38 52 5 1602
0 67 53 44 17 28 4 1603
0 45 37 52 68 38 4 1604
1 143 61 45 61 50 3 1605
0 94 47 75 92 59 6 1606
1 101 60 56 37 70 4 1607
1 63 65 69 11 67 1 1608
1 27 48 21 0 56 1 1609
1 101 69 6 46 16 6 1610
1 78 13 41 47 6 2 1611
0 3 23 43 86 64 4 1612
0 135 48 51 28 27 6 1613
1 56 60 73 58 67 3 1614
0 135 66 28 58 52 6 1615
0 117 40 46 60 68 6 1616
1 48 33 26 58 59 1 1617
1 68 61 80 31 31 1 1618
0 70 57 20 37 56 3 1619
1 56 76 57 58 26 4 1620
0 123 59 61 51 18 3 1621
1 84 64 13 40 49 5 1622
0 143 31 30 24 77 4 1623
0 103 0 24 74 39 5 1624
1 64 14 73 48 51 6 1625
1 112 0 60 51 88 3 1626
1 88 28 54 99 56 5 1627
0 111 74 72 33 36 3 1628
0 86 57 71 80 81 5 1629
1 29 99 52 85 2 5 1630
0 52 28 47 61 40 5 1631
0 19 44 73 53 49 4 1632
0 110 16 93 59 42 5 1633
0 50 71 35 29 65 3 1634
1 87 78 54 51 66 6 1635
1 67 25 99 27 42 6 1636
1 89 20 99 40 74 2 1637
0 87 62 96 84 69 3 1638
1 108 78 36 37 48 3 1639
1 28 41 43 37 47 6 1640
1 56 34 0 63 52 3 1641
1 93 68 22 44 76 4 1642
1 85 46 32 49 67 3 1643
0 96 25 55 37 99 6 1644
0 104 70 59 34 45 6 1645
1 4 42 27 91 13 3 1646
0 59 21 75 76 34 3 1647
0 77 28 33 14 72 4 1648
0 139 44 44 50 78 6 1649
1 62 52 76 8 69 4 1650
1 62 62 34 65 8 5 1651
0 46 52 53 44 31 3 1652
1 75 99 96 57 46 2 1653
0 113 76 73 85 56 6 1654
1 103 60 68 29 43 4 1655
0 45 17 66 27 70 6 1656
0 78 29 15 49 67 6 1657
0 76 62 35 41 79 5 1658
0 132 28 70 90 56 5 1659
1 93 45 32 30 18 2 1660
1 88 62 24 68 51 6 1661
1 116 71 54 83 19 4 1662
0 51 51 39 53 63 6 1663
1 97 56 20 29 55 5 1664
1 81 54 56 70 72 2 1665
1 116 44 14 99 98 1 1666
1 3 44 48 26 0 5 1667
1 56 21 51 93 0 4 1668
1 89 99 15 53 46 3 1669
0 36 86 99 2 90 5 1670
1 84 31 99 23 74 3 1671
0 83 67 25 69 68 5 1672
1 38 44 17 49 64 6 1673
1 26 94 60 75 71 6 1674
1 79 68 33 37 55 6 1675
0 130 53 67 44 31 6 1676
0 71 61 36 77 81 3 1677
0 47 50 69 69 99 5 1678
0 68 61 54 39 54 5 1679
0 66 62 41 78 86 6 1680
0 109 68 73 47 45 5 1681
0 0 13 14 43 81 3 1682
1 81 45 25 42 64 2 1683
1 43 40 97 28 57 5 1684
1 38 29 55 99 97 6 1685
0 50 0 21 63 46 3 1686
0 138 53 14 39 29 5 1687
0 86 31 51 27 92 6 1688
0 114 36 64 67 65 4 1689
1 60 15 41 47 85 6 1690
0 44 40 73 53 52 6 1691
1 75 46 34 59 50 6 1692
0 116 45 73 44 65 3 1693
0 0 58 64 72 43 6 1694
1 49 99 27 49 99 5 1695
0 5 59 39 65 61 6 1696
1 90 0 46 34 47 4 1697
0 72 10 31 28 70 4 1698
1 76 79 53 46 11 4 1699
1 74 43 72 48 37 5 1700
0 76 47 58 45 76 3 1701
1 90 71 99 31 44 6 1702
1 111 25 99 83 68 6 1703
0 78 25 64 5 40 4 1704
1 100 42 37 55 42 1 1705
1 54 4 65 58 36 6 1706
1 76 53 53 57 53 2 1707
1 53 21 50 93 15 1 1708
1 51 31 5 23 82 1 1709
1 59 67 48 87 53 1 1710
0 113 56 0 59 61 5 1711
1 77 66 41 60 63 6 1712
1 126 36 38 65 54 3 1713
0 122 28 99 50 42 5 1714
0 100 80 39 0 24 6 1715
0 72 70 28 53 42 5 1716
0 42 75 32 18 48 4 1717
0 106 53 57 27 0 6 1718
0 65 68 95 85 10 5 1719
0 100 72 30 31 14 6 1720
1 93 49 97 76 37 1 1721
1 102 91 19 81 46 2 1722
0 80 71 57 51 63 3 1723
0 126 54 0 26 35 6 1724
0 72 55 72 72 52 4 1725
1 37 94 0 50 88 6 1726
0 48 91 21 55 47 3 1727
1 70 99 17 52 32 5 1728
0 24 3 45 12 46 3 1729
1 59 84 63 16 48 6 1730
1 143 82 29 69 37 2 1731
0 80 74 41 50 50 4 1732
0 68 64 45 40 58 6 1733
1 39 71 46 44 54 6 1734
1 55 32 19 64 37 2 1735
1 62 35 15 61 57 4 1736
0 75 34 20 2 81 5 1737
1 25 0 63 56 79 6 1738
0 111 11 42 99 49 5 1739
1 143 62 77 16 42 5 1740
1 55 55 55 0 68 5 1741
0 23 11 60 69 76 4 1742
0 69 31 72 51 43 3 1743
0 24 57 24 24 16 5 1744
0 59 56 39 56 86 5 1745
0 77 70 74 33 34 4 1746
0 92 28 75 13 71 4 1747
1 60 77 22 36 41 3 1748
1 107 38 52 65 30 2 1749
1 93 79 72 67 37 4 1750
0 84 39 72 50 30 3 1751
0 77 48 24 26 42 6 1752
1 64 77 68 63 66 3 1753
1 48 49 55 55 94 4 1754
1 59 42 40 57 63 5 1755
0 49 33 29 42 52 5 1756
1 108 70 30 32 48 3 1757
1 98 25 36 57 99 5 1758
0 79 99 74 86 39 5 1759
0 56 89 43 61 81 6 1760
0 71 80 38 78 15 3 1761
1 69 31 20 24 64 1 1762
1 65 51 64 21 63 2 1763
1 63 49 34 0 59 3 1764
0 98 93 43 56 42 5 1765
1 106 34 29 91 38 1 1766
1 54 48 71 43 92 4 1767
1 87 7 54 29 54 4 1768
1 41 84 12 57 39 5 1769
1 116 22 44 49 39 2 1770
1 122 18 44 66 45 4 1771
1 85 99 44 94 32 1 1772
0 69 58 69 67 55 4 1773
1 76 54 68 0 16 3 1774
1 79 64 69 68 62 6 1775
1 103 41 41 99 3 1 1776
1 63 35 22 19 49 1 1777
1 98 47 73 22 25 5 1778
0 42 16 36 99 24 3 1779
0 78 28 56 85 54 6 1780
1 37 17 44 49 37 2 1781
0 86 63 48 38 58 4 1782
0 60 41 82 22 85 5 1783
1 105 46 44 20 65 5 1784
1 125 71 20 64 67 2 1785
1 81 99 67 69 51 6 1786
1 43 73 58 53 40 5 1787
0 101 74 56 40 25 3 1788
0 73 46 40 75 14 4 1789
0 105 61 60 49 23 3 1790
1 77 52 39 24 17 5 1791
0 71 51 82 79 38 3 1792
1 88 57 72 33 57 3 1793
0 55 46 67 35 33 3 1794
1 28 33 53 66 55 6 1795
0 140 7 35 61 50 4 1796
0 100 57 21 67 39 4 1797
1 47 43 89 84 97 3 1798
0 46 52 51 26 39 3 1799
0 136 17 31 74 92 4 1800
1 48 27 99 30 96 2 1801
1 105 35 49 60 6 5 1802
1 86 94 1 10 74 2 1803
0 109 27 24 62 20 6 1804
0 24 44 87 44 27 4 1805
0 143 24 35 55 40 4 1806
0 75 49 46 69 20 4 1807
0 122 54 32 50 24 5 1808
0 39 62 51 62 66 5 1809
0 47 27 56 62 54 5 1810
1 85 26 56 21 36 2 1811
1 87 41 56 73 18 4 1812
0 25 23 66 52 90 4 1813
0 35 65 44 14 35 6 1814
1 31 41 69 30 47 3 1815
0 44 59 13 5 76 6 1816
1 134 79 46 68 68 3 1817
0 88 94 10 99 50 3 1818
0 99 32 54 54 38 5 1819
1 57 74 40 79 47 2 1820
1 63 35 66 53 15 5 1821
1 79 35 39 45 48 3 1822
0 70 92 33 98 39 6 1823
0 22 87 23 62 63 6 1824
1 125 54 16 58 30 5 1825
0 95 85 51 0 77 4 1826
0 74 69 24 18 43 5 1827
0 42 24 29 75 50 3 1828
0 95 53 41 54 93 6 1829
0 54 85 27 86 44 5 1830
1 143 54 53 44 60 6 1831
0 47 78 89 10 54 6 1832
0 88 75 49 90 36 3 1833
1 94 12 94 46 54 6 1834
1 54 89 6 99 37 5 1835
0 79 2 22 39 65 6 1836
0 134 85 69 51 21 6 1837
1 70 99 99 66 34 4 1838
0 37 49 69 40 72 3 1839
0 58 11 45 46 86 3 1840
1 44 46 95 43 41 2 1841
0 114 43 57 7 57 6 1842
1 74 22 85 14 66 3 1843
1 68 57 69 54 9 1 1844
1 130 8 29 49 73 4 1845
0 51 78 62 4 43 3 1846
0 97 71 71 65 55 4 1847
1 80 30 6 58 7 1 1848
0 29 40 24 70 36 6 1849
0 124 62 36 19 58 6 1850
0 68 48 29 61 45 4 1851
1 133 79 25 70 42 5 1852
1 78 62 99 0 0 6 1853
0 100 28 52 45 63 3 1854
0 87 50 99 76 0 6 1855
1 59 83 51 96 99 3 1856
0 30 56 44 0 92 3 1857
1 50 92 43 64 55 2 1858
1 76 75 61 47 99 2 1859
0 64 47 45 85 75 4 1860
0 128 56 0 0 71 5 1861
1 88 79 37 59 46 4 1862
0 94 63 85 6 16 4 1863
1 92 73 19 26 47 1 1864
0 143 96 72 27 78 3 1865
1 82 38 40 41 92 1 1866
0 112 57 50 97 67 6 1867
0 37 35 85 55 67 6 1868
0 110 89 43 43 56 3 1869
0 111 54 64 36 69 5 1870
1 44 57 52 14 99 4 1871
0 123 52 52 84 62 6 1872
1 112 45 21 58 43 1 1873
1 7 22 58 45 25 3 1874
0 88 65 69 52 38 5 1875
0 45 50 65 64 72 5 1876
1 64 91 58 89 10 6 1877
0 108 31 71 20 61 3 1878
1 92 50 34 66 48 4 1879
1 61 36 27 60 52 6 1880
0 84 43 99 15 30 5 1881
0 74 47 64 41 48 5 1882
1 42 48 47 94 78 2 1883
0 85 61 49 36 72 3 1884
0 54 27 74 26 65 4 1885
1 95 43 69 70 38 3 1886
0 19 66 54 0 55 5 1887
1 54 86 63 77 23 1 1888
0 75 45 35 38 37 3 1889
0 64 33 42 48 36 6 1890
1 47 42 61 57 64 3 1891
1 51 74 25 92 52 1 1892
1 103 46 84 99 49 1 1893
1 31 46 85 72 62 6 1894
1 71 23 75 41 24 2 1895
0 143 24 65 60 47 6 1896
1 78 96 35 16 40 1 1897
0 64 50 27 46 43 4 1898
1 94 71 30 11 34 6 1899
0 125 47 44 73 35 5 1900
0 76 9 24 99 66 4 1901
0 78 51 46 87 47 4 1902
1 77 64 55 99 45 2 1903
1 98 38 48 80 26 2 1904
0 64 89 78 67 55 4 1905
0 38 35 61 15 67 4 1906
0 0 43 50 78 71 5 1907
1 65 19 57 74 60 3 1908
0 115 13 37 0 32 4 1909
0 71 42 72 74 3 3 1910
1 41 70 27 52 46 6 1911
1 52 67 40 73 56 6 1912
1 73 10 86 29 53 3 1913
0 0 81 15 49 30 6 1914
1 48 71 47 39 28 3 1915
1 61 54 40 32 53 3 1916
1 55 78 29 47 28 4 1917
0 120 51 53 99 14 5 1918
0 54 69 67 79 26 5 1919
0 46 53 44 37 3 3 1920
1 33 36 53 33 37 1 1921
0 117 61 33 99 37 3 1922
1 53 14 75 66 19 1 1923
0 46 11 10 59 22 4 1924
1 76 0 67 93 30 6 1925
1 109 37 19 19 4 2 1926
1 83 63 57 55 39 2 1927
0 102 56 40 20 38 4 1928
0 66 69 30 56 85 5 1929
1 80 0 40 82 77 1 1930
0 29 48 29 90 19 4 1931
0 103 39 68 61 42 5 1932
1 94 2 52 40 81 6 1933
0 110 91 67 65 21 6 1934
1 50 73 74 17 66 2 1935
0 95 16 54 54 40 3 1936
1 72 73 60 85 30 2 1937
1 81 65 77 21 46 5 1938
0 78 45 37 84 64 6 1939
1 36 32 43 46 21 2 1940
0 71 78 76 36 56 3 1941
1 124 42 30 75 48 3 1942
1 19 72 32 99 46 3 1943
1 62 57 40 42 50 4 1944
0 43 49 52 52 47 4 1945
1 143 37 44 73 49 3 1946
1 26 33 33 21 38 3 1947
0 142 28 8 27 83 6 1948
1 101 37 60 88 84 1 1949
0 60 38 83 54 92 5 1950
1 88 36 77 78 47 6 1951
0 53 38 78 38 65 4 1952
1 86 36 52 51 41 6 1953
0 111 45 72 35 43 4 1954
1 45 66 35 53 42 1 1955
0 116 11 43 52 56 5 1956
0 88 31 41 57 56 4 1957
1 34 38 0 29 37 5 1958
0 121 56 29 48 0 6 1959
1 50 25 19 49 28 1 1960
0 57 30 60 67 11 6 1961
1 69 32 63 4 26 5 1962
1 94 8 40 26 54 6 1963
1 50 33 43 88 78 1 1964
1 66 79 23 25 99 2 1965
0 109 71 30 26 58 6 1966
1 118 22 34 38 80 1 1967
1 11 82 60 45 52 5 1968
0 41 31 26 9 13 3 1969
0 102 41 65 43 80 4 1970
0 87 70 10 30 61 5 1971
0 112 39 29 0 58 4 1972
1 39 17 8 65 77 5 1973
1 71 58 68 23 77 2 1974
0 143 55 72 68 19 3 1975
0 102 61 52 19 28 3 1976
0 143 67 90 53 47 3 1977
0 47 94 69 49 41 4 1978
1 2 40 0 37 7 2 1979
1 26 77 60 24 18 3 1980
0 87 97 50 47 85 3 1981
1 121 30 70 59 52 4 1982
1 71 24 55 74 62 5 1983
0 143 37 47 35 42 3 1984
1 24 80 46 10 7 1 1985
1 59 67 52 37 0 3 1986
1 13 42 28 25 45 6 1987
1 69 37 39 43 9 3 1988
1 78 96 60 39 74 4 1989
1 89 51 36 20 79 6 1990
0 41 83 61 84 0 3 1991
0 107 44 99 52 72 6 1992
0 121 5 87 31 44 4 1993
0 5 13 33 71 57 3 1994
0 109 81 18 40 56 6 1995
0 11 57 60 78 0 4 1996
1 126 56 36 53 9 2 1997
1 39 50 70 63 46 3 1998
1 43 58 31 68 23 4 1999
