0 3 
1 1 
1 4 
1 6 
1 2 
0 6 9 24 37 40 54 70 87 88
0 6 
1 5 
0 6 9 22 75
1 6 5 8
0 3 22 54 75
1 1 
0 3 22 75
0 6 87
0 6 26 31 37 45 50 53 68 70 71 72 74 75 87 88
0 4 46 50 53 70 71 75 88
1 4 
0 5 27 45 46 50 53 56 64 68 89
0 4 46 70 75
1 3 
0 6 22 24 37 40 54 70 75
0 4 
1 1 8 10 12 20
1 6 
1 5 5 20
0 5 70 75 88
1 5 14
1 5 17
1 5 
0 6 75
0 6 37 40 54 70 71 75 87 88
1 6 14
0 5 45 46 50 53 56 68 70 72 74 75 89
1 1 
1 6 
0 4 
1 3 
1 6 5 14 20 30
0 6 46 83 89
0 5 
1 6 5 20 30
0 4 
0 3 75 89
0 4 54 70
1 5 
1 5 14 17 32
1 4 15 17 18 32 38
1 6 
0 6 54 70 87 88
0 4 54 70 75 95
1 1 14 15 17 32
1 3 
0 6 70 88
1 3 14 15 17 32
1 3 5 10 20 30 43 48 49
0 5 70 71 75 88 95
1 5 17 32
0 4 
0 4 64 70 89
0 5 70 71 88
0 3 62 75 95
0 3 64 89
1 1 60
1 2 
1 1 17 58 61
0 5 
1 1 
0 4 70 75
1 5 14 17 32
0 5 
1 4 5 14 15 18 20 25 30 32 43 48 49 52 55 58 59 67
1 4 14 15 30 55 59
1 1 14 32
0 5 
1 3 14 32
1 2 8 10 12 14 15 18 20 25 29 30 32 42 49 55 60 67
1 1 
1 6 
0 6 
0 4 
0 6 
0 3 
0 6 95
1 5 38
0 6 89
0 3 
1 6 
1 6 5 13 14 30 48
1 1 5 14 15 25 30 48 52 55 59
1 2 17 32 38 42 58 61 84
0 3 
1 1 
0 5 
1 6 
0 6 
1 2 49 55 60 82
0 3 99
0 6 
0 3 99
1 2 96 98
