0 119 43 81 81 83 3 0
1 87 61 24 35 41 1 1
1 64 35 45 63 23 4 2
1 61 73 62 95 60 6 3
1 45 44 21 83 48 2 4
0 82 49 41 68 14 6 5
0 52 5 9 55 66 6 6
1 123 10 48 71 40 5 7
0 133 87 25 72 52 6 8
1 131 25 62 53 45 6 9
0 0 11 82 15 57 3 10
1 114 52 81 62 47 1 11
0 65 68 61 99 86 3 12
0 75 40 29 55 70 6 13
0 82 99 49 35 39 6 14
0 44 59 63 34 49 4 15
1 54 56 0 95 64 4 16
0 73 58 54 57 79 5 17
0 115 32 10 52 82 4 18
1 88 65 14 53 63 3 19
0 50 73 67 61 76 6 20
0 66 0 39 62 90 4 21
1 99 31 0 55 53 1 22
1 87 41 20 60 56 6 23
1 50 68 4 38 52 5 24
0 58 24 40 29 60 5 25
1 99 43 56 50 3 5 26
1 123 61 49 66 65 5 27
1 123 30 59 58 75 5 28
0 77 0 99 42 65 6 29
0 98 17 39 31 49 6 30
1 120 30 79 31 78 6 31
0 89 15 24 19 51 5 32
1 0 69 79 54 13 1 33
1 36 95 60 80 52 6 34
0 31 48 44 15 65 4 35
1 90 33 2 30 41 3 36
1 126 58 60 24 70 6 37
0 81 29 36 44 63 6 38
0 15 78 52 29 45 5 39
1 99 17 80 19 38 6 40
0 129 57 60 31 52 4 41
0 88 73 83 48 87 3 42
0 57 7 55 39 73 4 43
1 83 43 55 67 51 5 44
1 86 33 90 94 54 5 45
1 80 83 89 48 28 4 46
1 105 34 64 30 52 6 47
0 31 52 58 20 62 6 48
0 43 86 30 75 27 4 49
1 103 41 48 72 55 1 50
1 11 6 47 0 53 3 51
0 52 33 67 34 66 6 52
1 49 40 83 70 58 3 53
1 47 54 22 74 30 3 54
0 42 64 52 17 74 5 55
1 97 72 24 33 84 5 56
0 0 13 46 34 9 4 57
0 76 60 21 56 19 4 58
0 73 60 30 48 75 5 59
0 114 66 31 37 25 3 60
0 122 31 51 99 31 3 61
1 113 72 57 64 38 1 62
1 61 29 43 94 45 2 63
1 31 63 49 99 31 1 64
0 44 99 0 38 51 5 65
1 45 83 32 26 99 1 66
0 89 26 84 17 0 4 67
1 79 0 59 54 44 5 68
0 68 28 51 25 72 5 69
1 38 82 28 30 53 4 70
1 54 44 16 71 39 4 71
1 92 41 99 72 34 1 72
0 105 67 18 47 16 5 73
1 109 26 86 79 34 3 74
1 34 43 26 62 13 2 75
1 65 55 0 18 51 1 76
1 83 36 47 74 37 6 77
0 113 67 83 49 15 6 78
0 110 68 17 28 81 4 79
0 68 31 28 59 44 6 80
0 143 40 80 20 48 3 81
0 64 96 19 72 23 6 82
1 77 38 88 76 24 5 83
0 21 99 42 37 50 6 84
0 43 0 50 69 45 3 85
1 41 57 49 60 68 6 86
1 103 56 0 8 17 6 87
1 73 78 50 63 41 1 88
1 55 13 39 81 62 2 89
0 90 89 21 51 50 3 90
1 118 0 51 35 65 1 91
0 50 35 63 36 48 5 92
1 80 39 42 48 91 6 93
0 109 59 49 43 62 6 94
1 59 28 0 62 8 2 95
0 94 80 25 22 67 3 96
0 0 34 64 40 44 6 97
0 62 98 66 34 28 3 98
1 80 56 59 49 99 2 99
1 55 37 63 49 22 1 100
0 55 59 19 85 33 6 101
0 55 99 47 52 66 6 102
0 65 63 30 29 82 6 103
1 0 33 92 49 58 5 104
1 14 37 51 69 26 1 105
1 91 45 43 0 19 5 106
1 77 84 59 44 62 3 107
0 110 54 68 44 70 4 108
0 59 60 53 43 2 5 109
0 108 62 81 73 51 5 110
1 98 27 47 62 27 2 111
1 34 71 21 19 11 6 112
0 87 52 50 41 71 6 113
1 39 45 99 40 78 6 114
1 31 35 78 35 40 5 115
0 0 20 42 53 54 3 116
0 53 7 28 42 74 3 117
0 52 49 37 55 73 4 118
0 62 59 68 54 32 4 119
1 37 6 38 34 22 3 120
1 112 49 66 89 66 3 121
1 102 14 25 50 41 3 122
0 108 36 50 24 76 5 123
0 115 42 31 35 31 6 124
0 111 37 22 53 78 3 125
1 81 74 60 64 23 1 126
1 51 37 33 45 68 1 127
1 117 66 80 48 60 2 128
0 74 0 28 79 57 5 129
0 56 23 85 17 76 6 130
0 109 61 33 74 18 4 131
0 73 30 1 39 28 5 132
1 103 38 38 0 68 3 133
0 63 0 78 33 14 6 134
1 70 64 35 72 0 1 135
0 19 61 48 60 87 5 136
0 102 22 87 99 83 3 137
0 7 52 28 90 64 6 138
0 143 47 83 40 50 3 139
0 93 47 16 44 57 4 140
1 102 58 78 73 65 2 141
0 93 68 89 10 59 6 142
0 69 53 82 50 56 4 143
0 89 43 45 75 26 3 144
1 143 60 24 31 13 4 145
1 47 0 9 64 59 5 146
1 9 70 48 51 44 6 147
1 94 42 80 81 45 3 148
0 82 45 91 39 69 4 149
1 103 84 42 33 61 1 150
0 124 60 18 76 59 3 151
1 69 86 47 20 71 6 152
1 94 53 41 55 72 4 153
1 28 42 83 11 59 3 154
1 54 69 71 9 61 1 155
0 63 39 15 49 57 5 156
1 107 47 31 58 47 1 157
1 98 76 18 72 43 2 158
1 139 64 23 52 71 6 159
1 32 51 74 69 24 3 160
0 0 59 25 28 27 4 161
1 127 51 25 63 47 2 162
0 116 51 15 36 16 5 163
0 73 84 99 48 46 5 164
0 82 59 49 5 58 6 165
0 70 0 0 54 0 5 166
0 22 47 61 63 2 6 167
1 73 42 58 18 19 1 168
1 50 46 66 18 48 2 169
1 3 6 24 21 70 5 170
1 88 60 62 48 0 2 171
1 111 72 29 50 0 1 172
0 68 19 57 42 40 4 173
0 73 69 39 70 96 3 174
0 66 22 32 17 66 6 175
0 111 29 61 67 92 5 176
0 13 31 57 34 63 3 177
0 48 99 32 27 56 3 178
1 61 59 52 63 28 3 179
1 122 0 74 0 75 4 180
0 137 38 25 21 0 3 181
1 41 54 38 57 59 1 182
0 28 61 37 0 52 4 183
0 110 28 67 63 6 4 184
1 45 48 58 84 71 3 185
0 114 39 63 19 76 5 186
0 70 4 99 86 20 4 187
0 117 32 54 88 53 3 188
1 60 49 29 48 49 5 189
0 121 77 40 55 99 4 190
1 64 54 25 45 44 4 191
0 104 52 45 43 14 3 192
0 76 48 18 47 36 5 193
0 41 43 33 77 22 6 194
1 95 51 60 57 51 5 195
1 65 15 20 0 49 5 196
1 109 6 44 61 90 5 197
1 97 68 37 64 18 1 198
1 0 64 39 51 35 3 199
0 97 53 22 66 11 5 200
1 84 25 17 44 0 1 201
1 109 27 75 37 46 5 202
0 33 7 33 49 63 3 203
1 94 47 38 0 72 5 204
0 97 88 26 63 96 4 205
0 82 88 97 30 44 5 206
1 84 43 88 75 64 4 207
1 118 56 63 39 19 2 208
0 65 62 54 34 43 4 209
1 102 92 51 77 85 1 210
0 73 96 60 32 39 5 211
1 57 58 23 25 47 6 212
0 79 69 12 65 34 4 213
1 61 49 19 25 93 4 214
1 131 32 78 70 61 2 215
1 110 49 60 81 17 3 216
1 41 8 71 64 61 6 217
0 79 26 16 54 55 3 218
0 83 46 32 42 25 5 219
0 16 16 53 78 79 4 220
1 42 42 61 56 46 3 221
1 79 36 72 39 62 5 222
1 119 99 52 42 44 2 223
1 62 45 54 77 55 5 224
0 113 88 99 70 17 3 225
1 30 32 44 90 38 2 226
0 32 35 48 37 60 5 227
1 123 52 99 61 80 2 228
0 61 70 54 59 57 6 229
1 51 37 24 12 16 6 230
1 43 84 37 70 88 4 231
0 112 0 84 86 62 3 232
0 95 60 1 29 69 5 233
0 0 33 90 29 71 5 234
0 80 20 52 74 0 4 235
0 87 21 16 82 77 6 236
0 100 24 76 41 0 6 237
1 85 48 54 63 49 4 238
0 41 62 31 79 43 5 239
1 58 55 59 44 91 2 240
1 127 71 16 34 5 2 241
0 64 54 46 75 38 6 242
1 94 39 8 68 76 1 243
1 105 13 42 35 99 3 244
0 40 14 39 27 57 6 245
0 123 15 63 35 57 4 246
1 54 58 60 65 74 5 247
0 107 13 80 82 99 3 248
0 129 31 64 62 27 5 249
0 80 52 58 66 91 4 250
1 87 99 26 39 55 2 251
0 74 66 64 85 49 5 252
1 129 78 49 96 99 5 253
1 87 0 72 73 76 6 254
1 102 32 90 69 55 2 255
1 44 16 48 42 67 4 256
1 66 32 52 37 60 1 257
0 124 47 60 37 36 6 258
0 57 56 24 11 39 5 259
0 39 32 0 1 0 3 260
0 49 66 74 84 63 3 261
1 98 99 61 49 42 6 262
0 97 41 19 60 55 3 263
1 52 41 51 99 57 5 264
1 124 49 76 99 7 4 265
1 42 55 84 63 47 5 266
1 42 56 37 31 63 1 267
0 109 23 48 50 31 6 268
1 79 38 28 33 0 3 269
1 98 52 34 30 77 5 270
1 104 31 59 19 0 3 271
1 17 72 99 78 36 1 272
1 41 72 62 37 31 4 273
0 68 50 24 99 55 3 274
1 112 43 46 13 82 6 275
0 16 55 85 43 53 6 276
1 69 30 81 99 60 6 277
1 130 28 6 51 60 6 278
0 69 62 34 37 80 6 279
0 73 14 38 62 35 5 280
0 111 30 46 51 0 6 281
1 42 34 1 9 60 4 282
1 92 69 55 31 84 5 283
0 72 40 82 95 42 6 284
0 135 78 36 71 49 5 285
0 143 53 25 56 77 6 286
0 129 40 76 21 70 6 287
1 109 67 22 70 41 2 288
0 67 86 50 65 73 3 289
1 87 67 99 38 39 3 290
1 117 72 31 70 27 6 291
1 89 60 72 47 54 2 292
1 110 42 54 77 36 3 293
1 93 55 48 48 0 2 294
1 38 32 95 12 23 5 295
0 48 84 38 46 51 5 296
0 43 18 22 55 0 6 297
0 110 34 1 57 44 5 298
0 86 50 36 64 73 6 299
0 7 28 36 90 33 4 300
0 48 54 26 63 59 3 301
1 127 73 0 79 46 6 302
1 47 44 66 28 71 5 303
1 18 42 59 51 5 2 304
0 143 75 71 91 44 4 305
1 105 50 75 57 21 3 306
0 140 34 30 33 76 3 307
1 67 10 44 48 99 4 308
0 59 99 19 1 38 4 309
1 46 54 34 30 99 6 310
1 24 66 46 99 85 3 311
0 63 98 28 65 54 6 312
1 28 6 67 37 70 2 313
1 130 46 37 20 53 3 314
1 36 60 0 75 92 6 315
0 64 48 61 77 38 5 316
0 130 85 34 78 29 3 317
1 60 34 21 62 53 3 318
1 55 20 34 66 47 2 319
1 46 37 74 45 50 2 320
0 0 0 23 35 86 4 321
1 31 52 54 44 41 5 322
0 23 93 56 56 23 5 323
1 44 0 88 25 73 5 324
0 75 23 38 35 40 4 325
0 66 44 74 47 53 6 326
1 71 46 83 82 68 3 327
1 64 75 7 49 55 2 328
0 52 56 62 30 25 4 329
1 87 35 84 50 56 1 330
0 122 34 6 53 65 4 331
1 56 89 39 83 99 3 332
1 27 47 33 0 17 1 333
0 48 27 55 37 51 3 334
0 91 37 44 53 81 3 335
0 73 71 45 62 78 3 336
1 63 36 81 38 88 6 337
1 143 69 65 75 77 3 338
1 40 87 53 46 51 1 339
0 93 82 54 56 41 3 340
0 96 61 16 27 29 6 341
0 40 22 99 82 64 6 342
1 57 78 79 63 24 4 343
0 0 22 37 64 99 4 344
0 30 36 30 94 44 5 345
1 32 35 25 41 43 5 346
1 108 73 64 61 30 2 347
1 69 73 43 81 34 6 348
1 5 51 64 45 55 3 349
1 55 43 55 57 60 5 350
0 143 85 20 64 36 4 351
0 37 84 33 45 29 3 352
0 48 47 81 69 55 3 353
1 65 40 37 36 99 3 354
1 56 62 71 50 77 5 355
1 36 99 83 52 83 2 356
1 71 67 70 87 82 2 357
0 93 96 22 60 64 3 358
0 52 20 64 17 49 6 359
0 62 32 58 28 85 3 360
1 39 71 38 28 50 3 361
0 117 43 20 42 39 3 362
1 63 31 58 52 58 6 363
1 114 32 11 16 72 1 364
0 100 37 59 53 69 3 365
0 50 61 64 80 70 3 366
1 79 36 62 28 26 1 367
1 108 35 0 47 54 1 368
0 112 80 54 14 74 3 369
1 91 41 19 86 98 6 370
0 5 62 26 56 53 5 371
0 37 72 36 73 72 6 372
1 53 50 77 51 26 3 373
1 115 83 0 35 40 3 374
0 42 51 54 40 52 4 375
0 80 98 66 49 86 4 376
1 44 99 41 88 29 4 377
0 104 70 51 23 31 5 378
1 12 72 76 60 58 5 379
0 36 35 64 40 25 6 380
0 37 33 59 89 99 5 381
0 99 16 60 46 56 5 382
0 15 20 76 50 60 3 383
0 138 99 42 81 74 3 384
0 74 52 16 65 2 6 385
0 24 55 45 56 26 3 386
0 143 67 25 70 63 6 387
1 71 63 81 36 45 1 388
1 96 30 50 26 63 1 389
0 55 35 63 74 21 3 390
1 48 90 48 80 0 6 391
0 69 32 35 49 10 6 392
1 117 52 83 25 71 1 393
1 115 44 66 25 43 1 394
1 46 94 24 69 53 3 395
0 112 51 34 57 67 5 396
0 48 99 50 2 34 6 397
0 100 51 71 0 42 5 398
1 94 57 52 71 33 6 399
0 126 30 42 38 99 5 400
1 17 47 33 92 1 1 401
1 20 22 0 50 53 1 402
1 53 84 53 96 0 2 403
0 52 36 40 75 35 5 404
1 75 10 57 1 8 5 405
1 58 11 39 23 28 5 406
1 57 43 85 81 27 1 407
0 61 48 60 28 19 6 408
0 73 50 39 41 52 5 409
0 118 22 66 30 62 4 410
1 13 71 58 24 18 4 411
1 127 48 65 70 70 1 412
1 60 28 74 56 57 3 413
0 33 60 76 20 77 3 414
0 37 75 57 43 52 5 415
1 76 98 36 40 34 4 416
1 80 93 10 23 34 3 417
1 94 14 44 67 0 3 418
1 96 53 16 85 71 6 419
0 143 76 74 99 44 3 420
0 60 69 74 63 59 5 421
1 66 46 60 28 35 3 422
0 111 61 49 47 63 6 423
1 2 54 51 61 52 4 424
1 107 25 79 62 26 3 425
1 105 71 68 66 60 1 426
0 51 30 23 42 17 4 427
0 112 61 86 2 76 6 428
1 83 32 99 69 75 2 429
1 85 61 64 35 11 3 430
1 31 50 75 22 54 4 431
1 12 51 71 21 53 4 432
1 85 30 30 58 99 5 433
0 21 50 59 52 28 3 434
0 143 32 65 44 29 5 435
0 43 44 35 70 56 4 436
0 110 50 15 44 65 4 437
1 86 18 0 26 58 6 438
0 105 42 53 37 99 3 439
1 133 72 35 56 41 6 440
0 69 44 28 48 44 4 441
1 105 56 20 16 54 1 442
0 73 47 56 60 46 3 443
0 60 73 74 95 5 4 444
1 44 80 99 41 71 1 445
1 109 91 22 33 54 4 446
1 54 0 54 66 29 2 447
0 122 60 39 6 29 6 448
0 67 59 92 44 75 6 449
1 93 37 75 45 71 6 450
1 78 41 46 60 99 5 451
0 39 24 46 42 32 6 452
0 48 93 29 23 73 5 453
1 17 62 67 63 43 2 454
0 86 50 35 9 42 6 455
1 49 47 61 39 42 1 456
1 127 37 8 36 95 5 457
1 97 55 44 56 45 1 458
1 90 96 99 73 31 4 459
0 64 40 26 39 22 4 460
1 51 86 29 25 48 6 461
0 94 54 52 57 2 3 462
1 51 25 52 45 17 5 463
1 32 86 54 45 44 5 464
1 42 63 91 86 18 5 465
1 14 71 56 56 62 5 466
1 68 49 49 0 37 5 467
1 76 92 98 73 48 4 468
1 71 13 39 71 42 2 469
1 98 57 41 31 57 5 470
0 41 26 36 81 48 4 471
1 130 25 67 66 25 6 472
0 95 28 37 77 48 6 473
0 54 17 76 43 66 5 474
1 61 90 0 67 46 4 475
1 23 27 62 74 39 6 476
0 39 26 66 19 60 3 477
0 42 71 45 52 89 3 478
1 67 36 29 66 41 3 479
1 24 53 73 56 12 3 480
1 17 37 43 50 60 6 481
1 7 33 60 92 91 3 482
1 78 74 71 42 56 4 483
0 42 59 35 0 54 6 484
1 79 65 51 45 41 2 485
1 131 28 49 66 16 2 486
0 39 30 54 46 82 4 487
1 143 70 38 85 76 3 488
0 87 73 42 19 35 5 489
1 95 34 66 74 40 3 490
1 52 34 83 36 46 6 491
1 102 39 38 71 61 6 492
1 60 74 54 68 37 4 493
1 120 44 47 35 22 4 494
0 75 73 14 78 68 6 495
1 55 71 34 64 0 6 496
1 105 39 43 38 47 1 497
0 65 46 29 44 99 4 498
0 31 28 46 11 45 4 499
0 31 27 26 74 34 3 500
0 32 76 69 58 13 5 501
0 55 99 56 77 62 6 502
0 64 53 5 55 48 6 503
0 7 81 48 43 98 3 504
0 0 40 61 48 25 6 505
0 44 59 19 50 48 4 506
1 85 47 46 17 18 3 507
0 136 75 77 35 60 3 508
1 130 21 18 42 48 6 509
0 2 72 39 74 51 5 510
1 74 59 60 59 67 2 511
1 41 64 85 59 51 6 512
0 143 66 76 23 43 4 513
0 83 71 21 87 65 6 514
0 62 0 49 99 62 6 515
1 15 66 74 29 42 6 516
1 10 0 85 61 61 4 517
0 23 60 33 12 67 6 518
0 100 58 24 38 37 4 519
1 70 23 75 35 22 5 520
0 64 46 61 56 59 4 521
1 34 55 68 71 13 4 522
1 79 15 49 74 41 4 523
0 84 92 66 3 97 5 524
1 72 49 56 46 66 1 525
0 52 43 44 99 58 5 526
1 143 30 80 57 23 1 527
1 77 68 66 73 99 3 528
0 116 47 13 71 5 4 529
1 52 55 64 41 70 3 530
0 95 59 60 11 37 6 531
0 8 44 63 3 99 4 532
1 79 57 49 32 66 2 533
1 143 48 35 25 30 5 534
0 88 42 79 26 49 4 535
1 49 39 40 74 37 3 536
1 70 61 34 70 72 4 537
1 93 12 35 31 41 3 538
1 141 22 94 71 15 2 539
1 34 31 40 57 82 3 540
1 79 83 48 50 70 2 541
1 104 13 61 49 56 2 542
0 119 4 18 71 42 6 543
0 120 30 34 99 57 3 544
1 37 50 52 65 89 5 545
0 70 97 63 64 76 4 546
1 84 38 49 48 83 5 547
1 109 63 64 37 61 4 548
1 83 52 66 36 69 1 549
0 19 57 69 47 27 4 550
1 101 62 46 24 50 2 551
0 56 53 39 63 29 3 552
0 123 54 56 90 87 3 553
0 40 84 0 37 32 4 554
1 86 43 64 32 99 4 555
1 71 61 69 17 46 1 556
0 65 23 39 52 37 5 557
0 50 37 44 89 41 3 558
0 2 55 43 67 23 5 559
1 56 12 59 36 49 3 560
1 96 23 37 81 32 1 561
0 117 38 22 47 21 5 562
1 96 73 52 59 47 2 563
0 98 89 61 73 72 5 564
0 70 39 66 22 26 3 565
1 56 79 37 48 45 1 566
0 92 48 99 99 54 3 567
1 71 86 6 98 62 3 568
0 55 63 61 99 57 5 569
0 96 48 77 70 51 5 570
0 106 82 58 63 52 3 571
0 90 99 0 13 56 6 572
1 94 33 66 0 36 6 573
0 111 99 12 47 23 3 574
1 120 58 8 99 66 3 575
0 59 39 62 43 88 5 576
0 36 31 42 52 31 5 577
0 59 39 60 56 29 5 578
1 40 27 17 39 32 1 579
1 15 54 79 49 66 5 580
1 119 32 64 76 55 5 581
1 108 30 57 99 27 3 582
0 86 72 18 62 50 5 583
0 8 24 99 36 76 3 584
0 41 13 42 38 52 4 585
0 61 74 20 62 19 4 586
1 87 42 17 40 36 3 587
0 56 72 4 93 81 5 588
1 51 63 44 28 17 5 589
1 0 55 90 23 91 4 590
0 107 82 41 71 28 6 591
0 18 29 67 71 57 5 592
0 17 17 48 35 52 5 593
0 103 51 11 57 46 5 594
1 84 58 40 80 13 6 595
0 66 71 52 81 59 4 596
0 89 31 52 61 56 4 597
0 53 39 26 35 41 6 598
1 28 27 63 77 62 3 599
1 76 68 69 62 77 2 600
0 67 15 46 89 19 6 601
1 134 40 41 51 89 4 602
0 78 48 67 76 75 4 603
1 93 71 57 43 36 3 604
0 84 99 71 85 12 3 605
0 123 58 62 55 8 6 606
0 78 48 37 32 6 6 607
0 102 30 59 55 37 6 608
1 8 77 56 40 62 3 609
1 100 28 62 32 36 4 610
1 0 55 61 78 79 5 611
1 65 50 37 50 71 1 612
0 35 59 11 35 72 6 613
0 130 99 68 28 44 3 614
0 124 35 20 37 82 3 615
0 18 33 60 32 8 5 616
1 42 17 93 61 53 5 617
1 93 86 19 33 45 4 618
0 125 59 28 65 33 4 619
0 44 78 69 73 35 5 620
0 53 48 76 62 99 3 621
0 79 77 70 30 19 5 622
1 74 44 14 50 50 6 623
1 133 18 79 29 0 3 624
0 10 90 6 58 68 6 625
1 40 62 89 66 74 4 626
1 65 42 73 50 50 3 627
1 49 45 17 43 36 4 628
0 0 41 57 39 13 4 629
0 34 39 49 0 44 5 630
0 137 53 43 83 46 4 631
1 103 68 81 20 53 3 632
0 121 63 67 11 41 3 633
1 80 74 99 33 17 2 634
1 87 37 27 0 50 6 635
0 8 30 40 22 39 6 636
0 49 47 67 55 12 3 637
0 47 99 65 68 44 5 638
1 8 34 41 32 58 6 639
0 0 33 60 55 62 6 640
1 48 14 81 84 14 3 641
1 37 29 62 87 91 6 642
0 54 41 75 7 31 6 643
1 86 64 70 91 66 4 644
0 109 67 52 72 11 6 645
1 102 53 95 57 88 2 646
0 87 52 65 50 14 3 647
1 72 35 47 66 72 4 648
0 60 92 22 41 46 3 649
0 114 96 42 79 22 4 650
1 91 91 37 37 64 4 651
1 57 66 66 44 13 2 652
0 57 93 3 39 43 3 653
1 92 24 26 99 89 1 654
1 143 88 74 23 44 4 655
0 55 43 44 34 31 6 656
0 77 26 12 51 84 4 657
1 58 79 88 76 35 2 658
0 107 42 61 44 15 5 659
0 53 38 8 89 67 3 660
0 61 15 22 68 42 4 661
1 77 14 71 65 18 5 662
0 48 99 44 18 39 4 663
1 130 28 76 47 49 2 664
0 40 62 53 23 52 4 665
0 46 35 20 0 32 4 666
1 45 85 61 23 18 4 667
0 132 73 73 90 0 3 668
1 58 80 56 21 61 1 669
0 33 22 26 38 52 6 670
0 60 35 75 35 57 4 671
0 70 99 38 32 15 3 672
1 132 9 46 81 19 4 673
1 73 24 30 55 57 6 674
1 50 81 71 89 60 2 675
0 139 14 89 49 20 5 676
1 82 59 46 60 36 5 677
1 36 40 60 50 42 5 678
0 91 39 29 65 92 6 679
1 64 47 64 35 53 2 680
1 96 40 92 65 38 3 681
1 91 75 89 49 75 2 682
1 115 89 56 33 72 5 683
1 57 14 75 64 57 2 684
0 78 53 98 17 26 5 685
1 105 66 63 97 76 2 686
1 119 57 68 55 46 3 687
1 52 11 32 76 46 3 688
1 49 67 54 27 57 3 689
1 47 0 35 41 34 1 690
0 11 74 68 50 18 4 691
1 21 63 73 47 50 2 692
0 66 28 27 43 34 3 693
0 81 48 33 64 8 6 694
0 42 38 18 54 40 4 695
1 70 47 44 69 48 4 696
0 46 31 0 57 56 3 697
0 95 68 99 38 24 4 698
0 39 32 64 44 22 3 699
1 0 71 13 23 25 4 700
1 13 99 51 0 71 6 701
0 8 34 76 30 86 4 702
0 105 7 69 13 52 4 703
1 53 54 77 29 37 2 704
1 82 1 63 33 59 2 705
1 44 20 84 38 28 3 706
0 84 14 46 86 62 4 707
1 14 59 21 48 61 6 708
0 101 49 55 94 24 5 709
1 64 61 70 94 70 5 710
1 32 28 58 45 63 1 711
1 49 52 57 39 77 2 712
1 75 0 53 61 45 1 713
1 70 0 23 48 89 5 714
0 35 28 9 73 8 5 715
1 51 96 54 32 20 3 716
0 143 89 0 42 7 3 717
1 106 43 99 34 76 2 718
0 92 2 47 59 50 3 719
0 45 45 43 60 69 6 720
0 90 49 99 68 69 4 721
1 12 37 76 51 65 1 722
0 81 72 64 47 31 6 723
0 83 49 74 53 41 5 724
0 90 51 11 73 22 3 725
0 46 71 20 61 28 6 726
1 0 58 91 86 47 5 727
0 77 20 66 45 53 5 728
0 41 81 50 62 58 4 729
0 72 68 80 45 81 6 730
1 121 46 0 28 72 6 731
1 93 99 25 14 3 4 732
1 59 0 12 37 40 4 733
0 82 70 29 47 67 4 734
0 67 58 39 71 43 3 735
1 0 53 77 54 10 1 736
1 103 26 44 57 49 2 737
1 77 99 69 31 34 6 738
1 108 54 76 46 87 2 739
0 110 57 72 0 29 3 740
0 143 91 19 59 16 6 741
1 116 47 76 66 88 2 742
0 77 25 32 26 31 4 743
1 100 64 60 61 34 5 744
1 64 50 68 58 72 2 745
0 54 64 44 44 47 5 746
0 87 32 26 59 50 5 747
0 47 9 15 68 74 6 748
0 90 90 44 44 66 4 749
0 82 59 67 44 65 5 750
1 36 65 64 14 73 1 751
0 91 31 91 27 2 6 752
0 143 65 33 50 99 6 753
1 63 32 22 15 70 4 754
1 77 70 58 46 60 3 755
1 100 51 43 31 79 1 756
1 110 67 67 72 45 1 757
1 53 82 31 52 26 3 758
1 75 44 31 29 47 2 759
1 109 49 0 79 57 1 760
1 8 45 56 42 34 4 761
1 96 36 47 67 65 5 762
0 0 68 49 58 53 3 763
0 86 54 51 34 10 3 764
0 65 49 22 78 41 5 765
1 89 57 54 65 49 3 766
0 76 22 82 18 46 5 767
0 66 48 99 59 46 6 768
0 67 45 69 55 42 6 769
1 65 23 47 52 38 5 770
0 0 84 69 93 66 4 771
1 87 44 72 72 67 3 772
0 51 28 69 26 52 4 773
0 22 4 39 53 84 3 774
1 30 47 72 57 53 3 775
1 83 86 96 51 99 3 776
1 90 34 28 4 6 3 777
1 38 56 27 67 27 1 778
0 114 79 20 3 51 4 779
1 73 16 53 88 25 4 780
1 91 58 52 55 50 5 781
0 61 18 52 91 72 3 782
0 69 59 19 72 60 5 783
1 143 78 30 64 62 1 784
0 107 36 48 57 51 5 785
1 76 8 4 59 9 2 786
0 58 70 42 13 49 3 787
1 60 69 75 59 87 6 788
1 62 35 69 66 60 1 789
1 79 36 39 51 42 2 790
0 83 61 86 86 50 5 791
1 133 56 32 56 80 3 792
0 134 65 57 56 20 3 793
1 112 73 24 32 95 3 794
0 92 62 60 45 20 3 795
1 21 9 55 57 84 4 796
0 26 35 66 42 99 3 797
1 41 30 29 46 41 2 798
0 108 36 5 40 57 4 799
0 21 34 99 10 62 4 800
0 82 4 36 83 35 5 801
1 39 41 11 99 81 2 802
0 80 46 55 44 23 5 803
1 75 62 49 48 44 3 804
1 76 51 59 26 54 2 805
0 58 73 54 84 51 3 806
1 105 0 59 25 34 1 807
0 53 36 84 42 50 5 808
0 60 87 83 64 16 3 809
0 93 36 75 19 88 3 810
0 106 53 71 8 13 3 811
0 60 57 56 50 49 4 812
1 38 4 75 37 16 3 813
0 57 39 99 75 42 6 814
1 69 37 49 29 66 3 815
1 115 75 28 50 78 6 816
0 101 51 52 0 47 4 817
0 57 0 29 78 59 4 818
1 71 56 57 61 69 5 819
1 65 45 39 28 39 5 820
1 67 28 0 54 45 3 821
0 131 57 62 28 51 6 822
0 27 56 94 0 52 3 823
1 143 64 47 57 44 6 824
1 64 83 20 17 24 3 825
0 71 55 43 55 23 6 826
0 61 82 34 67 11 6 827
1 93 60 99 61 32 5 828
1 103 67 70 29 16 5 829
1 101 8 64 50 51 2 830
1 48 63 7 35 67 6 831
1 79 59 59 39 57 5 832
1 19 63 28 35 54 5 833
1 64 17 71 64 24 3 834
1 78 0 47 81 29 1 835
0 143 30 43 51 51 6 836
1 69 77 53 63 49 3 837
0 54 36 5 99 67 6 838
0 85 32 61 99 99 6 839
1 64 76 65 22 38 6 840
0 47 26 36 35 34 6 841
1 87 63 62 35 46 1 842
0 57 72 56 33 14 5 843
0 20 56 61 34 15 5 844
0 105 66 70 33 43 5 845
1 55 72 8 42 89 1 846
1 28 38 23 43 58 3 847
1 57 36 67 10 37 5 848
0 90 54 70 62 0 4 849
0 85 74 22 57 27 5 850
0 52 59 43 77 23 3 851
0 93 16 32 42 85 5 852
1 5 69 30 36 62 5 853
1 143 69 77 6 29 2 854
0 65 99 72 60 73 4 855
1 66 69 56 58 56 3 856
1 83 68 37 50 9 4 857
1 16 73 6 31 46 5 858
1 42 99 74 58 30 1 859
0 114 60 34 5 70 6 860
0 100 34 69 27 87 3 861
0 40 74 92 20 56 4 862
0 93 93 61 97 99 6 863
1 89 33 41 12 45 2 864
0 92 56 62 43 92 5 865
1 50 73 38 43 19 1 866
1 114 91 50 39 42 4 867
1 111 53 47 65 65 2 868
0 92 84 63 79 88 3 869
1 60 88 52 61 55 4 870
1 69 35 32 47 9 5 871
1 71 40 61 57 62 3 872
0 56 46 70 34 44 5 873
1 0 99 61 91 19 4 874
0 98 65 36 89 45 5 875
0 36 16 47 34 68 6 876
0 96 81 70 55 58 4 877
1 99 35 90 17 68 4 878
1 77 62 51 40 51 2 879
0 133 69 58 17 39 3 880
0 43 75 20 81 88 4 881
1 89 62 76 65 65 1 882
0 83 99 10 45 88 4 883
0 74 68 0 53 27 3 884
1 70 27 52 55 67 6 885
0 98 69 59 85 80 3 886
0 37 60 31 64 72 3 887
0 19 33 50 62 76 5 888
1 0 43 26 29 54 1 889
0 74 20 37 31 72 4 890
1 64 83 39 81 56 2 891
1 114 18 40 63 57 3 892
1 143 73 3 61 75 2 893
0 110 62 34 5 46 4 894
1 131 69 5 48 14 1 895
0 55 73 88 43 17 6 896
0 85 13 68 47 15 5 897
1 86 37 39 52 55 4 898
0 117 4 16 62 67 3 899
0 33 38 31 51 18 3 900
0 67 92 22 59 22 4 901
0 53 51 62 56 55 4 902
1 60 52 30 39 92 1 903
0 87 41 46 38 24 5 904
0 107 45 13 86 15 3 905
1 112 62 26 46 45 2 906
0 70 0 24 57 36 3 907
1 103 28 47 73 39 3 908
0 41 55 74 82 29 3 909
1 99 87 9 46 52 2 910
0 115 31 68 54 64 4 911
0 62 46 59 52 2 3 912
0 76 46 33 38 6 3 913
0 75 63 15 96 49 3 914
0 143 43 51 56 25 5 915
1 107 47 99 37 15 5 916
1 81 47 67 99 77 2 917
0 66 40 68 71 39 5 918
0 117 68 41 54 33 5 919
1 103 36 23 99 68 3 920
1 103 73 38 41 82 6 921
1 78 0 69 23 45 6 922
1 83 38 55 74 18 1 923
1 36 53 53 79 79 2 924
1 42 49 69 78 17 3 925
0 128 46 43 93 27 3 926
0 100 58 75 45 48 3 927
1 48 50 41 87 29 3 928
1 47 12 28 27 56 3 929
1 57 29 18 69 25 4 930
1 59 38 16 43 54 3 931
1 47 14 57 59 24 3 932
1 34 78 44 89 23 4 933
0 62 44 76 7 21 5 934
0 49 52 51 52 40 5 935
0 117 24 47 62 42 5 936
0 2 85 61 58 66 4 937
0 54 99 83 25 65 6 938
0 95 54 63 27 36 4 939
0 97 73 41 40 21 3 940
1 0 83 35 31 43 2 941
1 59 86 92 7 95 6 942
1 27 45 34 34 34 2 943
1 143 29 81 38 98 4 944
1 128 32 18 31 49 1 945
1 32 63 33 8 50 2 946
1 50 59 70 53 14 4 947
0 98 70 71 44 57 4 948
1 143 76 40 27 69 1 949
0 26 57 46 46 58 6 950
0 117 23 15 58 34 3 951
0 116 25 48 39 28 5 952
1 82 40 29 0 0 5 953
1 52 50 52 45 54 5 954
1 79 81 30 50 72 3 955
0 103 40 21 39 77 4 956
1 57 74 36 26 47 1 957
1 67 29 65 65 18 5 958
0 93 47 36 30 60 3 959
0 29 47 59 58 5 5 960
1 133 49 46 45 40 5 961
1 86 46 39 75 56 2 962
1 12 50 43 81 72 1 963
0 53 54 17 38 43 5 964
0 49 97 49 64 45 4 965
0 54 38 88 43 52 4 966
0 78 58 34 2 0 5 967
1 86 31 6 70 0 2 968
0 43 47 8 76 61 4 969
0 57 43 58 92 21 5 970
1 55 76 14 47 47 4 971
1 86 51 58 56 26 2 972
1 58 66 72 28 20 2 973
1 63 71 57 2 84 1 974
1 72 99 49 62 41 2 975
0 69 59 26 83 48 4 976
0 20 29 57 57 63 4 977
0 100 58 58 42 2 4 978
1 56 38 34 80 0 3 979
0 49 85 73 68 79 3 980
1 84 59 66 59 49 1 981
0 140 31 61 50 31 4 982
0 107 50 9 26 48 6 983
0 74 28 37 49 23 5 984
0 56 20 62 99 61 3 985
0 90 13 31 49 50 5 986
1 121 22 84 30 22 5 987
0 83 99 62 61 32 3 988
1 37 50 53 15 13 4 989
1 32 45 74 38 61 2 990
1 73 92 22 12 59 1 991
1 27 53 76 43 99 6 992
1 59 62 92 48 13 5 993
1 34 60 71 61 56 5 994
0 24 36 53 94 22 6 995
1 34 37 0 64 68 4 996
0 64 20 37 25 99 5 997
0 21 57 51 33 56 5 998
0 33 75 69 27 96 4 999
