0 3 121 141
1 1 
1 4 
1 6 
1 2 
0 6 7 27 44 50 62 68 75 77 88 111 120 126 179 195 198
0 6 19 22 23 24 36 44 54 56 68 70 71 75 76 86 88 93 95 107 112 120 122 127 146 147 153 158 170 182 189 191 195 196 201
1 5 5
0 6 44 195
1 6 
0 3 
1 1 
0 3 121 141 185
0 6 27 28 44 50 68 70 86 88 91 93 107 120 122 127 150 153 157 182 189 191 195
0 6 44 47 62 68 88 91 107 120 150 179 195
0 4 88 107
1 4 
0 5 27 28 44 68 91 107 195
0 4 19 50 88 91 107 122 145 150 153 157 162
1 3 6 18
0 6 107 195 217
0 4 50 62 66 70 88 89 99 107 111 120 122 127 150 153 157 179 182 185 191 198 210 214 221
1 1 6
1 6 6
1 5 6
0 5 70 150
1 5 
1 5 5 13 17
1 5 13 17
0 6 107
0 6 150 212
1 6 
0 5 196
1 1 
1 6 
0 4 51 70 88 107 120 182 199
1 3 6
1 6 
0 6 70 86 91 107 120 122 127 150 153 157 182 189 191 195 212 223
0 5 120 169 199 221
1 6 
0 4 62 91 150 223 238
0 3 141
0 4 107 150
1 5 5 6 8 13 14 17
1 5 
1 4 
1 6 14
0 6 68 107 147 152 221
0 4 
1 1 5 13 18 21
1 3 35
0 6 
1 3 
1 3 6
0 5 68 88 99 107 155 169 221 222 224 238 240 247
1 5 6
0 4 70 120 199
0 4 
0 5 68 70 88 91 99 107 127 150 153 182 189 195 221 223 224 238 240 247 256 257
0 3 223
0 3 62 88 111 121 122 126 157 198 216 223
1 1 5 14 21 41 61
1 2 
1 1 
0 5 68 70 88 107 120 189 191 199 221 222 238 251 256 257
1 1 21
0 4 172 241
1 5 5 6 13 14 17 48 55 59 65
0 5 70 91 150 256 257 267
1 4 6 13 21 25 35 38 57 59 65 69
1 4 6
1 1 
0 5 
1 3 
1 2 5 6
1 1 6
1 6 5
0 6 88 107 111 121 126 128 141 148 171 195 202 208 215 216 222 223 238 254 257 262
0 4 88 91 99 107 121 122 141 145 150 153 191 214 223 238 244 251 257
0 6 86 88 111 120 122 127 157 182 189 191 195 198 212 221 238 251 267
0 3 91 150 223
0 6 
1 5 
0 6 120 147 199 217 221 256 257 267
0 3 88 105 179 182 199 221 257
1 6 6 13 38 80
1 6 
1 1 5 6 13 14 15 18 21 35 55 59 61 65 78 79 80 85
1 2 21
0 3 107 221 223 257
1 1 13 14 17 18 38 41 59 69 79 81
0 5 195 257
1 6 6 13
0 6 107 150 195 223 224 238 257 262
1 2 6
0 3 107 121 122 127 128 133 141 150 155 169 215 223 240 251 257 292
0 6 147 199 221
0 3 100 105 107 111 120 121 126 141 148 150 160 168 169 179 221 255 257 292 293
1 2 21 55 59 79
1 1 98
0 6 
0 6 107 141 147 150 195 207 217 221 222 224 238 247 254 256 257 262 292
0 6 107 120 127 150 152 153 182 189 191 195 197 212 217 221 222 224 238 240 244 247 251 254 256 257 262 267 270 275 283 303
1 5 
1 1 85 98
1 5 
1 3 6 13 14 15 17 18 20 21 29 35 38 43 48 55 59 65 78 79 90 94 96 98 102 103
0 4 257
0 5 111 120 126 171 179 195 221 224 238 256 257 269 273 294 304
0 5 121 141 148 195 207 215 224 238 292
1 2 5 21 61 78 80 98 109
1 6 6
0 6 150 152 153 195 221 223 224 238 247 256 257 267
1 6 
1 5 
0 3 120 182 199 221 267
0 3 120 122 127 150 182 251 257 267 319
0 4 127 153 182 221 238 256 257 267
0 4 126 179 221 238 257 273 292 293
1 3 5 6 13 14 21 35 38 39 57 65 80 84 98 103 109 116 117
1 3 0 12 61 78 79 96 98 110
1 3 6 13 18 21 38 61 79 80 96 117
0 5 150 223 257 270 314
0 6 
0 3 150 157 162 223 251 257 314
1 1 5 61 78 98 109 119
1 1 6 13 21 38 59 80 96 103 117 118
1 2 78 96
0 5 146 150 153 157 158 179 182 185 189 191 195 198 221 223 224 226 238 247 251 256 257 264 267 270 288 293 318 319 322 328
0 6 
0 4 
0 5 
1 3 96
0 6 201 212 230 269 322 339
1 1 
0 5 221 224 240 247 256 257 339
0 3 141 327 338
0 6 147 182 185 199 217 221 226 247 256 264 267 319 322 339 350
0 3 223
0 4 150 191 223 238 251 256 257 314
1 2 0 12 42 78 79 96 98 102 110 137
0 6 150 152 155 169 180 195 202 207 215 222 223 238 247 254 256 257 262 292 303 314 320 324 327 330 337 338 350 355
0 4 221 223 238 257 292 339
0 3 179 198 221 223 293 319 339 347
1 4 18 79
1 5 6 129
1 6 6 48 84 97 102 138
1 3 78 98 110
0 4 256
1 1 13 14 18 21 25 30 38 41 43 59 69 79 81 94 96 98 102 103 113 117 123 125 129 140 142
0 3 293 338
1 6 48 103 113 142
1 4 6 13 18 21 38 59 79 103 113 118 129
1 3 
1 1 55 96 142
0 5 157 182 189 191 195 238 251 256 257 267 319 322 339 346 350 361
1 1 13 18 21 38 61 80 125 129 156
1 2 6 129
1 6 
1 3 98
0 4 199 361
1 2 18 125
0 5 
0 5 195 202 207 221 222 223 224 228 238 247 255 256 257 266 292 303 306 313 320 322 327 330 339 343 347 350 355 356
0 6 169 195 217 221 223 224 238 247 256 257 262 267 303 314 339 350 361 363
0 5 201
0 6 179 199 217 221 224 247 256 257 304 322 339 348 349 350 363
1 1 98
1 2 39 55 96 98 142 165
1 5 6
1 2 78 109
1 1 67
0 4 191 221 238 256 257 339 361
0 3 185 210 240 339 357
0 6 212 230 251 267 270 361
0 5 195 197 210 224 238 257 308 338 357
0 3 339
0 3 182 199 221 251 257 267 292 313 320 339 349 361
1 3 5 14 21 85 98 109 119 129 144 167
1 4 142
0 3 241
1 1 6 13 21 35 38 59 80 85 103 116 117 118 129 138 156 178
0 4 199 221 256 257 267 313 333 339 349 361
0 4 191 198 201 208 216 223 238 241 257 269 293 294 338 347
1 3 12 21 129 138 174
0 5 257 389
0 4 191 198 201 207 208 216 221 223 226 238 255 256 257 269 273 288 292 293 294 306 319 327 339 343 347 357 361 377
0 3 223 293 338
1 5 6 13 38 59 65 80 103 129 156
0 4 215 223 238 244 327 338 357
1 4 6 13 21 38 65 79 80 103 129 140 156 173 184 187
0 3 223 257 294
0 5 223 339
0 6 199 224 226 238 319 348 377
1 5 5 6 8 13 14 17 20 38 59 78 80 92 94 102 103 109 110 113 129 142 156 164 165 176
1 5 6 32
1 5 103 176
1 1 5 21 61 80 129 144 184 187
1 3 35 39 57 65 84 85 97 116 138 161 167 178 183 194
0 5 
1 1 6 134 166 184 187
1 5 78 142 164
0 3 257 267 318 319 339 361
1 5 
0 4 207 215 238 240 308 327 338 357 412 413
0 5 207 208 215 221 222 223 224 228 238 247 255 256 257 266 273 290 292 303 306 320 324 327 330 339 343 347 350 355 356 361 367 373 388 389 393 394 406 407 412 413
1 4 102 110 142 164 187 205 206
1 2 78 184 187 206
0 4 221 238 256 257 273 313 339 347 361 389 394 416
1 1 21 174 176
0 5 221 222 223 224 238 247 256 257 266 273 292 303 313 320 322 327 330 339 347 350 355 356 361 367 388 389 394 406 413 416
1 6 30 38 80 103 134 175
0 4 
1 4 21 79
1 2 78 96 110 142 190 205 206
1 3 61 78 184 187
1 6 20 84 102 103 138 165 167
0 3 221 223 241 251 257 267 288 318 319 339 361 395 417
0 5 416
0 4 221 231 256 257 267 319 339 361 424
1 3 21 39 48 55 59 65 80 84 85 90 97 98 102 103 109 113 116 118 119 129 136 138 143 144 164 165 167 173 178 183 187 206 209 211 218 220
1 5 55 65 78 102 103 142 164 206 211
1 2 38 41 59 60 61 78 79 81 90 94 96 113 123 125 129 139 140 142 143 144 164 165 184 187 188 190 192 193 206 211 218
1 5 55 59 94 102 103 109 110 113 129 136 164 165 167 176 194 206 211
0 3 228 255 292 293 306 327 330 338 347 412 425 426 429
1 2 129 138 187 194
0 5 256 257 267 339 350 361 416 424
1 2 164 206 225
0 6 238 247 254 339 350 363 379 413 426
1 6 134 175
1 4 220
0 3 257 327 338 357 412 426
0 5 238 240 247 251 257 270 283 303 314 338 350 355 364 389 406 412 416 417 426
0 5 
0 4 238 241 256 257 269 288 293 294 319 339 347 361 377 403 412 416 418 426
0 6 238 241 243 247 251 254 256 257 264 267 270 278 288 291 293 308 314 318 319 327 328 332 339 348 350 354 355 357 361 363 364 377 389 395 399 412 416 417 419 426 433 440 442 446 447
0 6 238 241 257 262 269 294 347 350 363 406 416 440 447
1 4 41 55 59 65 78 79 80 94 102 103 109 110 113 118 119 129 140 142 143 156 164 165 173 176 184 187 190 194 205 206 209 211 229 233 235 236 237
0 5 350 424
1 2 55 59 96 103 136 174 205 233
1 2 67 181 184 218 235 236 237
0 6 293 322 339 348 350 363 399 416 426 447
1 1 236
1 3 79 103 190
0 6 251 267 361 416
0 4 
1 5 55 59 102 103 113 129 136 138 142 164 165 167 206 211 229 233 236
0 3 327 338 357 412 426
0 5 293 347 412 426 458
0 4 256 257 339 357 412 426 458
1 2 65 79 80 96 103 117 125 129 140 156 175 178 218 233 236 245
0 5 293 327 339 347 350 357 426
1 5 
1 6 78 102 103 142 229 236
1 2 98 164 187 206 225
1 4 59 65 69 84 102 103 109 113 118 129 136 138 140 142 149 156 164 165 167 173 183 187 206 209 211 220 227 235 236 250
1 1 59 65 69 78 79 84 85 90 92 94 96 98 102 103 108 109 113 117 118 119 123 125 129 136 140 142 143 156 164 165 167 173 176 178 183 184 186 187 192 203 206 209 211 218 220 227 232 233 235 236 237 250
0 6 262 416 458 470
0 5 267 322 339 346 350 361 389 406 416 442 458 464 466 467 470
0 3 
0 3 327 357 413 454
1 6 78 94 102 103 142 165 237 258
0 3 314 318 319 412 426 442 458 469 479 485
1 5 129 138 236
1 4 
1 5 164 206 211
1 1 69 80 84 103 113 116 117 118 129 138 156 165 175 178 183 203 218 220 227 236 245 259
0 6 291 363 399 416 440 458 469 485 493 494
1 3 109 134 184 187 235 237
1 5 103 123 129 175 233 236
1 3 
1 1 
1 4 109 119 187 206 209 211
0 3 293 319 339 361 426 447 458 469 479 485 497
1 6 103
0 6 313 320 322 339 349 350 355 363 379 413 424 454 456 464 466 481
1 6 
1 6 236
0 6 283 303 308 313 322 339 346 350 354 355 356 361 363 389 406 416 426 450 456 458 461 464 470 483 485 497
0 5 319 339 346 350 361 406 416 458 464 469 479 485 493 497
0 6 291 294 363 416 418 440 458 469 485 486 494 497
1 4 
1 5 103 233 279
0 6 291 292 293 319 322 327 339 347 348 350 357 361 363 377 399 407 413 416 426 447 456 458 464 469 476 479 485 490 492 493 497
0 5 426
0 6 338 412 426 440 458 470 497
0 6 
1 2 129 187 218 235 236
0 3 327 339 356 426
1 3 206
1 6 236 268 281 284
1 2 96 98 102 110 119 142 143 164 178 187 206 211 225 284
1 3 98 119 129 144 151 184 187 188 225 235 236 242 249 252 274 284
1 2 109 184 187 192 235 237 281
1 5 
0 5 320 322 339 349 350 361 379 413 416 424 454 458 464 466 470 483 485
0 6 346 416 496
0 5 416 417 446 458 469 470 479 485 497
0 6 319 339 350 355 361 363 389 412 416 426 440 458 469 470 485 492 493 497 511
0 4 319 339 361 377 424 447
0 3 319 339 458 469 485 511
1 6 
1 5 103 142 164 165 206 211 233 279
1 2 109 167
0 4 338 412 426 490
1 3 164 187 206 225
0 3 314 389 458 497
1 4 176 205 236 279
0 4 333 339 361 389 416 417 422 442 456 458 485 497
1 6 
1 3 
0 6 339 350 363 426 458 466 511
1 2 164 178 183 209 211 276 279
1 3 123 125 140 142 165 233 236 263 307
1 6 
0 5 322 339 347 350 416 426 447 454 456 458 464 466 469 485 490 493 497 511 523 525
0 3 
1 3 129 203 218 236 263
1 2 117 129 138 144 156 187 194 203 218 220 235 236 263 274 280 284 299 300 301
1 2 142 164 178 206 211 276 296
0 4 339 361
1 5 129 134 138 156 164 167 211 242 259 276 279 284 296 316
0 5 339 343 349 350 379 413 424 447 454 456 463 464 466 493 522 525
1 5 142 206
0 4 361 416 497 538
0 6 339 350 363 426 458 464 481 485 497 511 525 541 542
1 3 137 142 164 187 190 205 206 211 225 232 236 248 252 261 284 289
1 2 129 236
0 4 339 349 361 367 389 411 416 422 424 430 447 454 456 458 483 485 490 493 507 511 523 525 530 533 538 541 549
1 1 142 164 206 211 225
0 4 389 412 416 417 426 442 446 458 485 497 511 525 533 538 541 542 551
1 3 236
1 1 183 309
0 3 339 361 485 538
0 3 389 412 426 458 469 485 497 511 525 530 533 538 541 542 551
0 3 339 357 426 458 511 525 530 541 542
1 6 142
1 3 137 142 151 176 184 188 190 205 225 232 233 248 286 305
1 1 134 136 138 143 144 156 164 165 167 173 174 177 178 183 187 193 203 206 209 211 218 220 227 229 235 236 242 250 252 259 274 276 279 280 284 289 296 299 300 301 309 312 316 321 323 326 329 334 336
0 3 347 412 413 426 447 456 458 485 490 497 511 525 542
0 6 406 416 461 485 494 497 534 538 551
0 6 350 357 363 379 413 424 454 466 469 476 481 511 523 525 541
1 4 164 187 206 323
0 4 361 395 424 536 540
0 5 346 350 361 377 416 424 447 464 466 469 479 485 493 511 523 536
1 5 156 259 279 280 297 345
1 2 144 164 184 187 206 209 211 225 235 237 249 252 284 316 340
1 6 167 194 236 242 284
1 3 167 178 183 276 296 323 329
1 5 138 142 156 164 165 167 206 211 227 229 233 236 237 239 242 252 259 276 279 280 284 296 299 312 316 323 326 342 345
0 4 
0 3 485 566
0 3 413 454 458 485 490 511 525 541 563
1 3 236 279
1 5 142 164 206 211 233 236 276 279 299
1 2 164 206 211 279 289
1 2 174 176 187 190 205 232 236 248 250 252 261 284 336 342
0 3 412 413 426 458 485 497 511 525 530 541 542 563 566
0 6 
0 3 
1 3 156 161 165 173 175 178 183 187 203 206 209 211 218 220 227 235 236 245 259 274 279 280 284 296 299 300 309 321 325 329 334 344 345
0 3 458 485 497 538
1 6 165 167 229 236 237 242 268 276 279 281 284 299 312 326 342
1 1 233 236
0 3 412 426 458 485 497 511 525 530 541 542 563 566
0 3 511 525 530
1 1 206 211 329
1 1 
0 3 389 393 394 412 422 426 458 485 497 511 525 533 538 541 542 549 551 556 563
1 6 
0 5 424 464 466
0 6 424 466 511 541
1 3 206
1 3 
0 4 416 424 485 511 525 533 541 560
0 4 412 413 426 429 483 511 525 528 530 541 542 548 549
1 4 187 194 235 236 284 300 345
0 5 389 394 406 412 416 422 426 447 458 467 470 483 485 490 493 494 497 507 511 523 525 533 534 538 541 542 548 549 551 556 560 563 566 581
1 5 229 276 296 323 342
0 6 406 416 424 456 463 464 466 485 560 566 589
0 5 416 424 451 464 466 469 482 485 493 511 523 525 528 530 536 537 540 541 545 547 566
0 5 416 458 485 497 511 525 538 542 563 566
0 3 566
0 3 412 426
0 6 
0 3 447
0 6 412 426 458 542 563 581
1 1 206 211
1 1 186 206 209 211 233 236 259 279 299 307 309 329 331 335 369 378
0 3 418 426 447 454 456 458 469 479 485 490 497 511 525 536 538 541 542 560 561 563 566 599 600 604
1 6 
0 6 406 416 458 463 485 496 497 538 566 589
1 1 206 369
1 1 206 209 211 369 378
1 3 218 236 344
0 5 412 416 426 458 470 485 497 511 525 533 538 541 542 547 563 600
0 6 399 406 411 413 416 422 424 431 432 447 450 454 456 458 461 463 464 466 467 470 476 481 483 485 490 493 507 511 516 523 525 530 533 538 541 549 556 560 563 566 573 589 604
0 5 406 412 416 422 426 458 467 470 483 485 490 493 494 497 507 511 525 530 533 534 538 541 542 548 549 551 556 560 563 566 581 589 604 610
1 6 236 242 268 284 397
0 5 416 451 458 470 485 497 533 534 538 541 547 551 602
1 1 
1 1 
1 2 235
0 5 406 416 424 447 458 464 466 469 479 485 493 523 536 538 561 563 566 599
1 5 
1 5 206 211 233 237 259 279 280 341 378 380 392 397 398 404
1 1 206 284
0 6 411 416 422 447 456 458 461 463 464 466 470 481 485 493 497 507 511 525 533 538 541 542 548 551 560 563 566 589 604 610
0 5 416 458 464 470 485 497 511 525 533 538 541 542 551 560 563 566
0 4 
1 4 329 397 408
1 1 205 206 225 232 233 235 236 248 249 250 263 286 299 305 331 335 340 358 365 369 376 378 384 387 396 398
1 3 205 206 211 229 261 276 284 296 323 340 342 353 358 376 397
0 3 511 525 530 549 600 609
0 5 416 424 454 456 464 466 483 485 511 525 530 541 549 560 599 600 609
1 4 209 211 219 227 233 235 236 237 242 245 258 259 268 279 280 281 284 296 297 298 299 309 316 325 329 331 341 345 375 378 380 381 382 392 396 397 398 400 404 408 409 415
1 3 218 233 236 298 309 331
1 3 235 281 390
1 6 236
0 3 426 490 563
0 5 426 454 466 511 542 563 599 600
1 3 309 329 369 378 397 398 408
0 6 426 458 470 485 497 511 525 533 541 542 547 548 549 563 581 600 604
1 4 220 227 239 276 296 300 323 329 342 344 345 371 372 375 380 381 397 404 415
1 3 225
1 1 225 229 232 233 235 236 242 248 249 250 252 263 274 279 284 285 286 289 299 305 312 316 326 331 335 336 340 358 365 369 376 378 384 387 390 396 398 420 421 423
0 4 538
0 6 450 511 525 542 548 549 600
1 2 225 376
1 3 329
1 4 397
1 4 397
1 5 236
0 3 447 454 456 560 566 609
0 5 458 494 497 534 538 542 563 604
0 4 447 469 479 485 493 511 523 525 536 538 541 566 599 609 612
0 4 446 458 485 497 511 525 533 538 541 542 548 551 563 612 618
1 6 
0 3 458 485 497 511 525 533 538 541 542 549 551 563
1 6 236 237 268 281 286 299
0 4 458 485 497 538 563 566
1 1 236 259 263 309 331
0 3 447 458 485 497 511 525 541 542 563 566 599 604
0 4 447 454 480 490 493 511 522 523 542 563 582 599 600 627 641 644
1 1 
1 4 236 298 331 437
1 2 236 237 242 274 284 300 316 323 329 340 345 378 386 390 397 404 408 434 436 443 444
0 6 458 470 485 494 497 507 534 538 542 551 563 604 610
0 6 450 511 525 530 542 549 600
1 6 279 397 428 449
1 5 381 400
0 6 461 464 481 485 566 579
0 5 454 456 458 464 466 470 483 485 511 517 525 530 533 538 541 547 549 560 563 566 580 590 599 600 604 609 611 612 618 626 627 644 648 651
1 2 261 276 296 316 323 329 342 353 390 397 415 421 434 444 453
0 6 458 461 467 470 485 494 497 533 538 551 563 566 635 651
1 1 276 279 284 309 316 323 329 340 380 390 397 408 415 434 453
1 5 
1 1 249 250 258 259 263 268 274 279 280 281 284 286 296 298 299 301 307 309 312 316 326 329 331 335 336 340 353 358 362 365 369 378 382 387 390 392 396 397 398 400 404 408 409 423 435 437 439 441 443 448 453 455
1 4 
0 4 497 538
1 6 279 341 397 408 452 455
0 3 485 486 497 511 525 542 563 566 604
1 5 323 380 392 397 408
1 5 259 276 279 280 284 296 316 323 326 345 371 380 381 397 404 408 409 415 452 453
1 5 
1 5 259 276 296 312 316 323 342 345 371 372 380 381 397 404 408 415 421 453
1 5 259 378 397 398 455
1 4 
1 2 263 268 274 280 281 284 298 299 301 316 335 342 345 381 390 404 436
1 5 258 259 279 286 296 298 299 378 396 397 398 400 408 409 423 448 453 455
0 4 479 485 493 511 523 536 541 566 599 612 648 651
1 6 
0 6 479 485 492 493 497 511 523 534 536 538 541 542 551 561 563 566 581 612 648 651
0 5 511 525
1 4 
1 6 284 342 397
0 3 
0 3 485 511 525 528 530 533 540 541 549 566 599 600 609 612
1 3 263 274 280 284 298 345 390 404 436 471 473
1 3 444
1 6 276 326 342 397 408 452
1 3 381
1 4 279 296 329 376 378 397 398 415 453
0 6 485 511 525 530 533 541 549 560 566 609 635 639 651 669
1 2 263 268 274 279 280 281 284 296 298 299 301 309 316 326 329 331 334 335 340 341 345 352 353 358 362 365 369 375 378 380 381 382 390 392 396 397 398 400 404 408 409 415 423 436 437 439 441 443 448 452 453 455 462 471 473 478 484
1 2 281 462
0 4 511 525 530 533 540 541 566 600 609 612
1 3 
0 5 494 497 507 511 525 533 538 542 548 551 560 563 566 589 604 610 669
1 3 284 305 316 329 340 353 378 390 397 398 420 444
1 6 
1 6 284 299 473
1 4 268 280 284 299 316 323 329 345 378 381 397 398 404 408 436 444 471 473
1 4 268 281 341 378 398 435 448 455 489
0 6 511 581 599 600 644 675
1 6 297 392
1 1 274 279 280 281 284 286 298 299 307 309 316 325 326 331 335 340 341 358 362 365 369 378 382 390 392 396 398 400 408 409 423 435 437 439 441 443 448 455 460 462 473 489
0 4 511 525 530 533 538 540 541 542 551 563 566 600 612 648 651
0 4 690
0 3 536 566 579 688 690
0 5 511 517 522 523 525 530 560 580 599 600 609 627 641 652 662 675 677 678 680 684 690 692
0 6 511 599
0 6 511 538 542 563 566 677 690 696
0 3 530 540 560 566 599 609 684 689 690 692
0 6 609 678 690
0 4 511 525 538 541 560 566 609 690 696
1 3 329 378 397 398 408 448 489
0 3 542 551 563 604 664 687
1 6 
0 5 599
1 2 299 301 312 316 326 329 331 335 336 340 342 345 353 358 365 366 369 372 375 376 378 381 382 390 396 397 398 408 409 414 415 421 423 428 436 437 439 443 444 449 453 462 471 473 474 478 484 487 489 495 498 501 502 503 506
1 6 
0 4 538 542 548 551 563 604 610 632 655 664 687
0 6 563 581 600 644 675 710
0 6 523 525 533 536 537 538 541 542 547 551 561 563 566 599 600 612 644 648 651 674 675 677 686 688 690 696 710 711 713
1 6 397
1 4 453 501
0 6 525 530 560 566 599 609 612 639 648 669 678 680 689 690 696 701 711 712
0 4 538 560 563 566 604 713
1 5 
0 4 525 541 542 563 599 711 713
1 4 323 444 501
1 4 316 329 342 345 378 381 397 404 436 444 471 473 501 515
0 5 525 528 530 533 541 542 547 548 549 551 555 556 560 581 600 626 627 644 646 669 678 680 682 683 684 687 689 705 710 712
1 1 316 323 326 329 331 335 336 340 342 353 358 365 366 369 375 376 378 381 382 390 396 397 398 408 409 414 415 423 428 436 437 439 443 449 453 462 474 478 484 487 489 498 501 506 515 518 521 524
0 5 533 536 538 541 551 561 563 566 599 609 644 648 651 675 677 688 690 696 710 711 713
1 1 
1 3 376 381 478 524
0 4 
1 3 329 335 336 358 365 366 376 381 397 398 414 415 449 453 478 484 487 498 501 504 518 524
0 6 533 534 538 541 542 548 549 551 556 560 563 566 573 581 589 604 610 667 669 677 680 683 687 689 690 705 712 713 716
0 4 609 669 689 711 712
1 2 329 331 335 369 375 378 396 397 398 400 408 409 423 437 439 453 455 478 484 487 489 498 515 524 526 531
1 5 341 378 398 400 435 448 473 531
0 4 538 542 548 551 560 563 566 669 680 689 690 705 713
1 3 344 345 381 390 404 436 471 473 500 515 526
1 4 381 515
1 3 325 329 331 334 335 341 362 369 378 382 390 392 396 397 398 400 404 408 409 427 435 436 437 439 441 448 453 455 460 473 489 498 503 506 513 515 519 526 531 535
1 2 
1 3 344 381 478 487 498 504
1 2 326 329 331 335 336 342 353 358 365 369 372 375 376 378 381 390 396 397 398 400 408 409 415 423 436 437 439 443 453 471 473 478 484 487 498 506 515 521 524 526 531
1 2 326 331 335 336 340 358 365 369 376 378 382 387 390 396 398 408 409 421 423 428 435 437 439 443 444 448 449 462 473 489 498 503 508 513 515 521 524 531 535
0 6 561 563 587 618 623 651 674 677 696 713
0 3 551 561 563 686 713
1 5 381
0 4 599 600 626 644 684 711
1 5 381 396 400 423 453 515 524
1 4 376 378 398 408 423 428 437 489 513 524 531 535
1 1 329 369 376 378 397 398 414 415 423 428 439 449 453 478 484 524 531
0 4 560 566 599 609 627 680 684 689 690 692 711 716
1 2 331 335 341 369 378 398 400 408 409 437 439 448 455 473 489 498 508 513 515 524 526 531 535 544
0 3 563 566 690 713 737
0 3 563 600 686 713 737 742
0 4 566 579 690 700
1 4 524
1 1 369 378 397 398 524 531
0 5 563 566 677 690 713 737
0 3 561 563 566 599 688 690 713
0 5 690
1 3 375 378 380 390 397 398 408 409 415 434 453 484 489 501 504 506 518 519 524 531 535 550
1 1 390 404 473 515 526 543 544 558
0 5 
1 2 353 358 365 369 378 382 387 390 396 397 398 404 408 409 420 421 423 435 437 439 441 443 444 448 453 455 462 473 489 498 503 508 513 514 515 519 521 526 531 535 543 544 552 553 557 558
0 5 581 600 644 710 742 745
0 3 566 604 669 680 689 690 705 711 713 716 737
1 1 352 358 365 378 380 381 382 383 390 392 397 398 404 408 409 434 436 441 443 452 453 455 462 471 473 478 484 487 489 498 500 503 504 506 515 518 519 526 531 535 550 552 554 557 558 565
0 3 600 675 684 686 687 713 737 742 745 755 757
1 3 
0 5 599 600 644 675 684 686 710 711 713 745 755
0 5 581 600 627 644 675 677 684 687 696 710 713 737 742 744 745 755 757 762
0 3 600 684 687 713 745 755 757 766
0 6 579 581 587 600 604 618 627 635 651 669 677 680 683 684 687 689 690 696 705 712 713 732 733 737 745 754 755 756 759 766
1 6 397 531
0 3 
1 3 
0 5 711 712 745 755
0 5 677 690 696 713 758 759 770
0 5 599 604 677 678 690 696 711 713 737 744 745 755 758 766 770
1 1 452 500 554 572
1 5 453 501
1 5 378 387 398 423 473 495 514 524 531 564 570 572
1 3 444
0 5 696 713 737 766 770 772
0 3 
0 4 651 690 759
0 4 
1 3 543 572
0 5 599 600 644 648 675 686 710 745 762 766 772 781
1 5 380 392 397 398 408 489 531
1 4 453
0 6 
0 5 599 609 611 675 678 684 690 711 745 770 775 789
0 5 690
0 5 677 696 713 737 758 759 766 770 781 790
1 6 
0 4 599 644 675 766 772 789
0 4 651 690 696 713 737 755 759 766 789 790 798
0 6 639 651 690 759 770 790 798
1 3 390 404 415 421 436 443 444 453 471 478 495 501 502 504 510 515 518 521 526 546 550 558 569 578 588 592 596
1 2 390 396 414 415 421 423 428 444 449 453 478 487 495 498 501 514 515 524 546 553 564 567 569 570 571 572 588
0 6 604 628 675 677 678 688 690 696 713 737 744 757 758 759 762 766 770 778 780 781 790 798
1 4 400
0 4 644 648 675 711 713 742 745 755 757 766 772 789 804
1 3 390 397 398 408 423 435 443 448 453 462 489 508 513 519 531 565 572 578 601
0 3 641 675 684 757 772 789
0 6 662 677 687 713 737 744 755 757 766 772 781 790 804
0 6 677 690 716 732 737 758 759 770 781 790 804
0 6 677 687 696 713 737 744 755 757 758 759 766 770 781 789 790 804
1 3 414 415 434 436 453 478 484 487 501 504 505 506 518 526 532 550 592
1 4 398 408 448 489 513 531
1 5 453 592
1 1 436 437 453 471 473 478 487 498 515 518
0 6 639 648 669 674 677 678 680 689 690 696 700 705 711 712 713 733 745 754 755 759 761 770 789 790 796 798 804 805
0 3 632 664 682 687 705 737 739 742 757 766 772 807
0 3 737 755 756 759 790 792 794 804
0 5 690 716 758 761 770
1 5 
1 4 437 453 543 572
0 4 
0 5 644 675 678 684 710 713 745 766 772 775 781 789 804
0 3 745 772 789
0 5 627 632 641 644 652 662 667 669 675 677 678 680 683 684 687 689 690 704 705 706 710 711 712 713 716 737 739 742 744 745 751 755 757 758 759 766 770 772 775 781 789 790 804 805 807 813 815 819 820 825
1 6 543
1 3 
0 6 626 684 690 711 722 775 788 796
1 4 453 524 546 625
1 3 444 453 501 524 550 570 572 622
1 4 601
0 4 690 711 761
0 5 689 690 759 770 790 804 820 825
0 4 737 757 766
1 3 513 614 622
0 3 664 687 705 713 737 755 757 759 766 772 790 804 805 807 830 842
1 2 
1 6 455 484 572
0 6 690
0 3 652 690 711 713 716 745 755 758 766 772 775 789 790 804 834 837
0 5 675 678 684 713 745 755 766 772 775 781 789 804 819 837
1 6 484 518 598 613
0 6 711
1 3 444 501 605 622
1 6 
0 6 669 677 678 680 689 690 705 711 713 716 737 744 755 759 761 766 770 781 790 804 805 815 820 825 830 832 837 840 842
1 4 444 453 495 514 515 524 526 546 564 569 570 588 596 603 620 622
0 6 662 677 713 744 757 766 770 772 781 789 804 824 837
1 2 524
0 3 652 687 690 713 716 737 745 755 757 758 766 789 790 804 830 834 837 842
1 4 453 471 473 498 515 518 526 588 603 613
0 3 680 689 690 705 711 713 737 755 759 766 789 790 798 804 830 837 842 856
0 4 
1 4 453 455 471 473 484 498 515 526 543 572 585 597 598
1 2 501 622 637 647
0 3 680 690 711 713 737 755 759 766 790 798 804 825 830 837 842 856
1 1 
1 4 513
0 6 677 690 737 759 761 770 781 790 804 820
0 4 688 690 696 711 712 713 733 737 745 754 755 756 758 759 766 778 790 794 798 804 815 825 837 847 856
1 2 
0 5 677 713 737 744 755 766 770 781 790 804 820 830 832 837 856 857 867
0 3 675 688 690 711 713 737 745 755 756 758 759 766 772 778 789 790 798 804 815 825 835 837 847 856 866 872
0 4 688 690 696 713 733 737 758 759 766 778 790 798 804 825 837 847 856 866 868 870 872
1 5 501 606 622 645
0 4 669 680 689 690 705 711 713 755 759 761 766 789 790 804 805 815 825 837 842 856 864 866 870 872
1 2 508 513 614 633
0 4 669 680 689 690 705 711 712 713 745 755 759 761 766 789 790 804 805 815 837 842 856 864 870 872
0 4 690 700 732 759 777 825 864
1 4 531 622
0 3 687 742 757 766 772 830
1 1 484 489 518 524 531 532 535 565 572 613 622 643 663 665
0 6 674 690 700 708 733 758 759 770 790 798 804 820 825 833 847 853 856 866 879
0 4 755 856 879
0 3 689 690 705 711 713 716 737 755 758 759 790 804 825 837 842 856 866 872 879
1 4 
1 6 515 543 613 670
1 2 495 501 514 515 526 567 569 570 588 592 596 601 603 605 620 622 638 660
0 5 687 737 744 757 766 781 830 867
1 5 501 503 515 526 531 543 557 570 572 577 578 594 601 606 607 608 613 622 643 645 656 659
1 5 501 505 518 524 578 592 601 613 620 622 638 643
0 6 683 688 690 696 712 713 714 737 742 745 755 756 758 759 762 766 770 772 781 788 789 790 792 794 798 804 815 816 819 820 832 837 856 866 867 868 870 872 879 882 885
1 2 501 518 524 531 535 550 565 572 613 622 643 649 653 663 665
1 3 
1 2 524 614
1 5 524 531 572 622 679
1 2 501 504 524 546 550 567 569 570 571 572 592 605 620 622 625 638
0 5 687 689 690 704 705 711 712 713 716 737 744 745 751 755 757 758 759 766 770 772 775 781 789 790 804 805 807 815 819 820 825 830 832 834 837 842 848 856 859 864 866 867 870 872 879 882
1 2 515 544 553 567 569 588
1 3 508 513 524 531 567 570 571 572 606 608 614 622 633 647 668 676 685
1 3 500 515 526 558 601 657 660 661 679
1 3 504 518 524 531 532 535 550 565 572 613 622 630 643 649 663 665 672 685
1 1 499 500 501 503 504 505 506 515 518 526 531 535 550 552 554 557 558 559 565 572 577 578 585 592 593 597 598 601 607 613 616 622 625 629 630 636 637 643 647 649 653 656 657 660 661 663 665 666 670 672 679 685
0 4 692 711 716 722 736 758 761 775 813 859 866 870
1 2 501 504 550 691
0 3 758 759 778 790 798 804 825 866
0 6 696 713 737 758 766 770 778 781 790 804 837 856 857 866 870 871
0 4 696 713 758 759 766 778 790 798 804 825 837 856 866 870 879 898
1 4 503 506 515 518 526 543 570 572 577 578 583 594 597 601 608 613 657 661 679 694 695
0 3 711 713 755 758 759 766 778 789 790 798 804 825 837 847 856 866 872 879 889 891
0 4 704 705 712 713 716 737 739 742 745 755 757 758 759 766 772 789 790 804 805 807 825 830 834 837 842 856 866 867 870 872 879 882
0 3 711 713 716 755 758 759 766 790 798 804 825 837 856 866 872 879
1 4 554 613 666 670
1 6 518
0 4 
0 4 
1 2 622 685 698
1 2 524 531 535 565 572 613 614 622 633 643 649 663 665 672 685 698
1 3 622
0 4 713 737 745 755 757 758 759 766 772 778 789 790 798 804 815 835 837 856 867 868 870 872 879 882 891 892 898 906
1 6 670
0 5 710 713 737 744 755 757 758 762 766 770 772 780 781 789 790 804 819 820 830 832 834 835 837 856 867 868 870 872 879 908
1 5 514 515 524 526 564 569 570 588 620 622 709
1 1 515 518 521 526 532 546 550 565 569 576 578 592 603 613 622 625 629 637 640 643 649 653 657 660 663 665 672 685 691 697 699
1 2 518 524 531 532 572 576 613 622 657 665 679 685 698
1 1 515 519 521 526 531 535 543 544 552 553 557 558 565 567 569 570 571 572 577 578 583 594 597 601 603 606 608 613 620 622 633 637 638 643 645 647 649 653 657 659 660 661 663 665 672 679 685 694 695 697 698 699 707 709
1 5 679
0 5 758 778 871
1 3 531 550 565 607 616 622 637 643 647 672 685 691 698 699
0 3 
1 2 
0 3 737 755 758 759 766 790 804 837 856 868 872 879 892 906 908
0 6 745 755 766 770 772 781 789 790 796 804 815 819 820 832 837 856 870 872 879 885 898
0 4 742 745 755 766 772 789 837 856 868 870 872 882
1 1 625 691
0 6 737 738 744 745 755 757 766 770 772 781 789 790 804 805 807 819 820 830 832 834 837 842 856 859 866 867 870 872 879 882 885
0 5 737 744 745 755 757 766 770 772 781 789 790 804 819 820 830 832 837 856 867 870 872 879 882 908
0 3 
0 6 
1 5 
0 5 737 755 759 766 770 781 790 798 804 820 830 832 837 856 867 870 872 879 898
0 4 745 755 766 772 775 789 804 837 856 870 872 879 882
0 6 739 742 745 755 772 788 789 872 882
1 6 
1 4 572 607 666
1 4 572 613 657 661 670
0 4 737 745 755 759 766 772 789 790 798 804 815 830 837 856 867 868 870 872 879 882 892 898 906 929
0 3 737 757 766 790 804 837 856 872 908
1 1 691
1 2 552 553 557 565 567 570 572 578 583 594 597 601 606 607 608 614 615 622 631 633 643 647 649 653 656 657 659 660 661 672 676 679 685 694 698 707 709 719 723 724 728 734 735
1 6 723
1 2 614 622 698 730
0 3 745 755 757 759 766 772 777 789 790 804 805 807 815 825 830 834 837 842 854 856 864 872 879 882
0 6 
1 2 553 564 567 570 603 614 622 668 679 698 721 730
0 4 759 825 943
1 5 570 578 601 606 608 622 643 645 659 676 685 709 723 724
1 2 564 567 569 570 571 572 576 578 588 592 603 613 620 621 622 637 638 647 657 660 665 679 685 698 707 720 721 723 724 729 730 734 740
0 5 755 761 766 770 781 790 804 820 830 832 837 842 856 870 872 879 943
0 5 755 758 759 762 766 770 778 781 790 798 804 819 820 825 837 856 866 867 868 870 871 872 879 892 898 906 908 929 945
0 6 754 755 758 759 762 766 770 772 778 781 786 789 790 796 798 804 815 819 820 821 825 831 832 833 837 846 847 853 856 858 866 870 871 872 879 882 885 889 891 898 903 924 929 930 931 941 943 946
0 4 755 766 772 789 790 804 805 815 830 837 842 856 867 868 870 872 879 882 898
0 5 755 772 781 789 804 819 830 832 856 870 872 879 954
1 1 622 685
0 6 758 759 770 777 781 790 804 820 825 857 866 867 871 879 954 957
0 6 756 762 792 824 830 867 868 892 921 949 961
1 4 572 613 657 748
1 3 567 569 570 571 572 576 578 597 603 606 608 613 615 622 633 637 638 643 647 649 653 657 659 660 663 665 671 672 679 685 697 698 699 707 709 719 720 721 723 724 728 729 730 734 740 746 747 748 749 750
1 1 572 615 657 660 679 753
1 1 567 570 571 601 603 605 606 608 614 622 631 633 645 647 668 676 685 698 707 709 723 724 735 740
1 3 577 578 594 601 607 608 616 622 637 647 657 660 661 670 672 679 685 691 693 694 695 697 698 699 707 709 715 719 747 748 752
1 2 572 577 585 594 597 598 601 607 608 613 615 622 630 633 643 649 653 656 657 660 661 663 665 666 670 672 679 685 693 695 697 698 699 707 719 728 734 740 743 747 748 752
1 1 
1 4 613 616 629 643 656 663 665 691 746
1 5 570 588 601 679 709 747 748 753
0 3 775
0 3 766 790 804 805 807 815 825 830 837 842 856 866 872 879 923 932 957
0 5 766 770 778 781 790 798 804 820 835 837 856 867 870 872 879 892 898 908 943 954 962
1 3 571 572 578 583 588 594 596 597 601 603 606 608 614 620 622 631 633 637 638 643 645 647 649 653 657 659 660 661 663 665 668 676 679 685 694 695 697 698 699 707 709 719 720 721 723 724 728 729 734 735 740 746 747 748 749 764 765
0 5 820 943 957
0 6 770 772 775 781 789 790 804 819 830 832 837 856 867 868 870 872 879 882 885 898 908 932 954
0 6 770 772 775 781 789 790 804 819 820 830 832 837 856 867 870 872 879 885 898 908 932 943 954 972 975
1 5 577 578 583 592 594 598 601 607 608 613 616 622 630 643 645 656 659 670 679 685 694 709 720 723 724 728 746 747 748 752 765 768 769
0 4 
1 3 583 588 596 603 605 606 614 620 621 622 633 637 638 645 660 668 679 685 698 707 709 720 721 723 724 729 730 734 740 748 749 750 768 769
0 4 879 943 957
0 3 789 798 815 825 837 847 856 866 872 889 903 929 931 941 943 957 975
1 3 592 620 622 625 637 638 685 691 729 763 768 769
1 3 
1 3 666 740 752
1 1 601 657 660 661 693 694 695 697 707 715 747 748 765
0 4 790 804 805 807 815 825 830 837 842 856 864 867 872 879 882 898 906 945 949 975 981
1 4 601 709
1 5 588 594 601 606 607 608 620 622 638 643 645 656 659 676 679 685 694 709 720 723 724 728 746 747 748 750 752 765 768 769
0 3 789 790 798 804 815 835 837 856 868 872 879 882 891 908 917 924 928 929 943 955 962 963 975 981
0 5 789 790 804 819 832 837 856 868 870 872 879 892 898 908 943 954 962 975 981
1 1 
0 5 790 804 819 820 837 856 867 868 870 872 879 892 898 908 957 961 975
1 2 748
0 3 789 790 804 805 807 815 825 830 837 842 856 864 872 879 929 943 946 957 975 981
1 6 625 679 730
1 1 592 596 597 603 605 608 613 620 621 622 637 638 645 647 649 660 663 665 679 685 697 698 707 709 720 721 723 724 729 730 734 740 748 749 750 768 769 774 782 783 787
1 2 594 597 598 601 606 607 608 613 615 622 630 633 637 643 647 649 653 656 657 659 660 661 663 665 670 672 679 685 693 694 695 697 698 699 707 709 719 720 723 724 728 734 735 740 746 747 748 749 752 764 765 768 769 779 782 783 785 787
0 5 804 819 830 832 837 856 870 872 879 882 908 917 954 975 981
1 3 615 679 753
0 3 830 972 981
1 3 615 657 679
0 3 804 805 807 830 834 837 842 856 866 872 879 923 932 972 975 981
1 4 613 625 720 748
0 3 872
1 2 597 598 601 613 649 653 657 660 661 670 679 693 695 697 699 707 728 734 747 748 765 774 782
0 4 804 825 856 867 870 879 892 898 906 931 945 949
0 4 
0 5 804 820 825 835 837 856 866 867 870 891 892 898 906 908 928 930 954 957 962 975
1 2 
0 5 804 820 832 837 856 866 867 870 872 879 932 954 972 975
1 3 603 606 607 608 613 615 620 622 630 633 637 638 643 645 647 649 653 656 657 659 660 661 663 665 670 672 679 685 693 694 695 697 698 699 707 709 719 720 723 724 728 729 734 735 740 746 747 748 749 750 752 764 765 768 769 779 782 783 785 787 791 795 799 801 803
1 2 613 622 633 643 663 665 685 698 723 740 749 764 779 787 795
0 3 837 856 872
1 1 614 622 633 685 698 723 740 764 779 787 795
0 5 820 830 832 837 856 870 872 879 943 954 957 981
0 3 830 834 837 856 859 872 879 882 923 925 932 972 975 981
0 3 
0 3 815 825 830 834 837 842 856 864 872 879 923 957 972 973 975 981
0 4 830 837 856 870 872 879 975 981
1 3 622 691
0 6 819 820 830 832 834 835 837 856 866 870 872 879 882 885 891 898 908 923 928 932 943 954 957 958 962 972 975 981 994
1 3 622 643 657 660 663 665 679 685 707 720 734 740 748 749 764 774 779 782 787 811
1 6 679
0 4 830 837 842 856 864 867 870 872 879 957 975
0 4 825 835 837 847 856 866 870 872 879 891 898 908 910 924 928 929 930 931 943 946 955 957 962 963 971 975 981 991
1 5 622 638 679 685 709 720 723 724 747 748 750 768 769 783 785 791 814
1 5 622 630 643 656 659 670 679 685 709 720 723 724 728 746 747 748 752 765 767 769 785 801 803 808 814
1 3 748
0 6 824 830 842 867 961 981
0 3 837 856 872 879 941 943 946 957 975 990
1 6 645 753 822
1 3 622 630 643 653 657 660 661 663 666 670 672 685 693 695 697 698 699 740 743 747 748 752 764 774 779 787 799 801 811 818
0 6 837 856 866 867 870 872 879 932 943 954 972 975
0 6 
1 5 
1 5 
1 2 633 643 647 649 653 659 668 676 685 698 709 723 724 728 734 740 746 749 750 753 764 768 769 779 787 791 793 795 808 809 811 812 814 817 822
1 6 748
1 5 643 659 679 685 709 720 723 724 728 746 748 750 768 769 783 791 803 808 814
1 5 670 748
1 3 637 647 685 698 709 723 740 795 809 811 814
1 1 660 707 709 765 782 801 814 818
0 6 867 892 906 961
1 3 637 638 643 645 647 649 653 657 659 660 661 663 665 672 679 685 694 695 697 698 699 707 709 719 720 721 723 724 728 729 734 735 740 746 747 748 749 764 765 768 769 774 779 782 783 785 787 791 795 801 803 806 808 809 811 812 814 817 818 823 826
0 6 847 853 856 866 870 872 879 882 885 891 898 908 917 920 921 924 928 929 930 931 933 943 954 955 957 962 963 971 975 981 991 994
0 6 856 868 870 872 879 882 885 891 892 898 908 917 921 924 954 961 962 975 981
1 6 643
0 6 866 941 943 957
1 1 633 643 647 649 653 663 665 672 685 698 723 740 746 749 764 779 787 795 811 817 822
0 5 856 857 859 864 866 870 871 872 879 882 923 925 932 943 947 954 957 958 972 973 975 981 989 990 994
0 5 856 866 870 871 932 941 943 947 954 957 958 989 994
0 5 856 864 867 870 872 879 882 957 958 961 972 975 981
1 1 748
1 3 657 660 661 670 697 748 774 818 838
1 5 685
0 4 856 857 859 866 867 870 872 879 882 908 923 925 932 947 972 975 981
0 5 
0 3 856 866 872 923 932 943 972 975
0 5 856 866 867 868 870 872 879 892 898 903 906 929 931 945 949 954 955 957 961 971 991
1 5 670 748 838
1 2 740
0 4 856 872 882 981
1 3 649 653 657 659 660 661 663 665 670 671 672 679 685 694 695 697 698 699 707 709 719 720 721 723 724 728 729 734 735 740 746 747 748 749 750 764 765 768 769 774 779 782 783 785 787 791 795 799 801 803 806 808 809 811 812 814 817 818 823 826 838 839 843 844 845 849 851 852 855
1 4 659 694 752 843 849
1 5 748
1 1 685 691 723 809 843 849
0 6 864 867 868 872 879 885 892 898 921 949 961 975 981 991
0 3 
0 4 864 870 872 879 882 941 943 957 981 990
0 6 
1 2 663 665 666 685 740 779 787 811 817 843 845 860 862
0 5 867 870 872 879 954 961
1 1 660 661 663 670 672 679 685 691 693 694 695 697 698 699 723 747 748 752 764 774 795 801 803 814 818 826 838 841 843 844 849 851 852
1 4 659 676 679 685 698 707 709 723 724 728 734 747 749 752 753 765 768 769 779 785 799 801 803 817 822 826 836 845 849 852 860 865
1 2 661 679 707 709 719 721 734 747 749 753 768 782 783 785 839 852 860
0 3 872 882
1 4 661 663 665 679 685 691 694 695 698 707 709 720 721 723 724 728 729 734 746 747 748 749 750 765 768 769 783 785 791 799 801 803 808 812 814 817 818 826 838 839 843 844 845 849 852 862 865
1 5 694 715 747 748 752 843 844
1 3 660 661 663 665 672 679 685 697 698 699 707 709 719 720 721 723 724 728 729 730 734 735 740 746 747 748 749 750 764 765 768 769 774 779 782 783 785 787 791 795 797 803 806 808 809 811 812 814 817 818 823 826 838 839 843 845 849 851 852 855 860 862 865 869
0 5 879 943 954 957 975 981
1 4 
0 5 975
0 6 879 885 889 929 941 943 954 957
0 4 879 882 981
1 4 
1 2 670 671 672 679 685 695 697 698 699 707 709 719 720 723 724 728 729 734 740 746 747 748 749 750 752 764 765 768 769 773 779 782 783 785 787 791 795 799 803 808 809 811 812 814 817 818 823 826 838 839 843 845 849 852 860 862 865 873 876 877
0 3 882 972 981
0 4 882 924
1 1 679 685 698 707 721 723 724 729 730 734 740 748 749 768 779 782 791 809 814 838 839 843 845 849 855 862 869 877 880 881
0 4 892 898 903 906 929 955 957 975 981
0 3 
1 6 679 720 723 748 768 769 814 838 839 860 876
0 3 917
0 3 975 981
0 5 924 941 943 954 957 994
1 1 697 748 774 876
0 4 898 929 943 957 991
1 2 697 707 748 782 801 814 818 838 839
1 3 707 719 734 747 753 765 783 785 799 801 836 839 852 860 883
1 2 
0 4 898 949 975 981 991
1 1 
0 6 922 923 925 932 943 947 954 958 972 973 975 981 990 994
0 5 898 906 932 954 957 958 961 972 975 981
1 4 695 707 720 728 734 747 748 749 765 768 769 779 783 785 799 801 814 818 838 839 852 860 883 890 894 897
0 3 906 908 910 945 949 955 962 968 975 981 991
0 3 941 943
0 4 
0 4 975 981
1 1 748 774 852 883
0 5 954 957 961 975
0 3 
1 2 707 719 734 747 779 799 801 836 852 883 897 899
0 3 929 943 957 975
1 3 709 719 724 735 747 765 768 769 782 783 785 791 801 814 818 838 839 849 899
0 3 923 925 928 932 943 972 975 981
1 2 818 899
0 4 
0 3 923 932 943 972 975 981
0 3 943
0 3 975 981
0 5 961
1 5 
1 2 782 791 838 839 886
0 5 923 932 943 954 957 958 962 972 975 981 994
0 5 961 972 975 981
1 3 838
1 6 753 838 839 860
1 6 896
1 1 764 795 809 811 814 843 849 851 896 909 912 918
1 2 748 782 818 838 839 881 888
1 3 809 843 849 896 909
0 3 962 972
0 3 972 975 981
1 3 782 801 814 818 838 909
1 3 734 747 748 774 782 787 818 838 852 876 883 890 907
1 4 748 801 818 838
1 3 748 774 799 818 838 852
1 3 764 768 769 795 803 809 814 826 843 844 849 851 896 897 909 912 918
1 4 838
0 5 943 946 954 957 958 972 975 981 989
0 5 943 954 975
0 5 961 975
0 4 
0 6 954 981 990 992 994
0 4 957 972 975 981
0 3 957 972 975 981
1 2 748 774 823 841 844 862 876 888 900
1 6 
1 2 743 746 748 765 767 769 773 774 782 783 787 808 814 818 823 826 838 841 843 844 851 862 873 876 888 890 896 900 907 909 912 913 918 934 935
1 4 
1 1 747 779 799 852 899
1 2 748 787 818 823 934
1 4 843 844 849 896
0 4 981
1 1 753 779 799 852 860 894 899
0 6 954 975
0 3 975
0 5 961 975
1 5 
1 5 750 752 765 768 769 783 791 801 803 808 814 826 838 839 843 844 852 865 873 876 888 896 897 904 918 934 935 938 950
1 3 782 818 838 852 883 899
0 4 957
1 1 752 764 767 773 774 785 787 801 808 811 814 817 818 823 838 841 843 844 845 852 862 873 876 883 888 890 897 904 907 918 934 939 940 956
1 5 814 843 844 845 896 897 918 934
0 3 975
0 5 975 994
1 5 753 785 822 836 839 845 852 860 865 897 904 915 919 936 952
1 2 765 782 783 801 814 818 838 839 899 918 926
1 1 782 818 838
0 5 975
0 4 975 981
0 4 
0 5 972 989
1 2 899
0 4 975 981
0 5 972 975 981 994
1 4 818 838 852
1 2 769 793 795 803 809 811 814 826 843 845 849 851 880 896 897 909 912 918 919 926 927 934 939 940 967 970
1 2 811 843 896
1 1 
1 2 769 774 779 782 783 785 787 791 795 801 803 809 811 812 814 817 818 823 826 838 839 843 845 849 851 860 873 875 883 887 894 896 897 899 902 904 907 909 912 914 918 919 927 934 935 936 939 940 950 951 952 959 960 964 965 969 970
0 4 981
0 4 
0 4 981
1 3 
0 3 
1 1 779 782 783 787 791 793 795 808 809 811 812 814 818 822 838 839 843 845 849 855 860 862 873 877 880 883 887 894 896 897 899 902 909 912 914 918 919 927 934 938 939 940 948 965 969 970 976 978
0 4 
0 6 991
0 5 
0 3 
0 5 
1 5 
0 3 
1 4 843 844 934 967
1 2 823 843 862 896 938
1 1 818 838 852 860 890 894 899 983
1 6 938
1 5 
1 5 814 838 843 844 888 896 918 938 960 970
0 6 
1 4 
0 5 
0 5 
0 4 
