0 3 47 55 87 93
1 5 
1 1 
1 1 
1 1 
0 3 22 47 52 55 72 85 87 93 99
0 3 47 55 87 93
0 3 8 19 22 47 49 52 55 63 66 72 74 83 85 87 93 98 99
1 2 7
1 1 
1 1 
1 6 
0 3 22 33 47 55 72 74 85 87 93 98 99
0 3 47 55
1 2 
0 3 
0 5 19 25 55 66 74
1 1 
0 3 19 22 47 55 63 72 74 83 85 87 93 98 99
1 3 7 16 18
0 3 47 49 55 74
1 2 
1 1 5 7 12 18
1 1 
1 2 
1 1 16
1 4 
1 6 
0 3 
0 3 33 47 55 72 87 93 98 99
1 2 
0 3 47 49 52 55 63 66 72 74 83 85 87 93 98 99
0 3 47 55 61 63 72 74 83 85 87 93 98 99
1 1 12 29
1 1 
0 3 41 43 49 55 63 72 83 85 87 90 93 98 99
0 3 47 49 55 66 74 93
0 3 47 49 52 55 63 66 72 74 83 85 87 93 98 99
0 3 
0 3 
0 6 
1 2 35
1 1 
1 2 35
1 6 
1 1 
0 4 47 55 63 72 74 83 85 87 93 98 99
1 2 0 5 6 7 12 13 18 20 29 31 32 36 37 46
1 1 
1 1 7 20 31 35 36 37
0 3 52 55 72 74 87 93 98 99
0 3 52 55 72 83 85 87 93 98 99
1 1 5 7 31 37 50 51
1 5 
0 6 55 56 92
1 1 0 5 6 7 12 13 16 18 20 29 31 32 35 36 37 46 50 51 54
1 5 54
1 3 
1 1 
1 1 
0 3 63 66 72 74 83 85 87 93 98 99
1 1 32
0 3 66 70 74
1 2 7 18 31 32 35 37 46 60
0 3 72 74 87 93 98 99
0 3 72 74 93 98 99
1 2 7 16 31 36 37 60 62
0 3 72 74 76 87 90 91 93 98 99
1 1 
1 5 
1 1 62
0 3 
1 1 5 7 12 18 29 31 32 35 37 46 50 51 60 64 65 67
0 3 74
1 1 7 12 16 18 20 31 32 36 37 46 50 60 62 64 65 67 73
1 5 
1 1 67
0 3 87 93
0 3 
1 1 
0 5 83 85 87 93 98 99
0 6 87 91 92 93
1 1 
1 1 7 18 31 32 35 37 46 51 60 80
0 3 
1 1 5 7 12 18 31 32 35 37 46 51 60 80
1 1 
1 1 0 5 6 7 12 18 29 31 32 35 37 46 50 51 60 64 67 77 80 81
0 4 93 98 99
1 1 
1 1 35 67
1 2 67 81
1 6 54 81
1 1 0 5 6 7 12 18 29 31 32 35 36 37 46 50 51 60 64 65 67 77 80 81 88
0 3 98 99
0 5 98 99
0 3 98 99
1 2 
1 1 7 12 18 29 31 32 35 37 46 50 51 60 64 65 67 80 88 94 95 96
1 1 5 7 12 18 29 31 32 35 37 46 50 51 60 64 65 67 80 88 94 95 96
