0 56 6 36 6 35 3 0
1 48 6 34 6 36 5 1
1 106 5 41 6 41 1 2
1 128 6 35 6 39 1 3
1 85 5 44 6 40 1 4
0 74 5 32 5 34 3 5
0 58 6 35 5 32 3 6
0 117 6 38 5 41 3 7
1 81 6 37 5 44 2 8
1 136 6 35 5 59 1 9
1 40 6 39 6 40 1 10
1 85 5 45 5 49 6 11
0 74 6 38 6 35 3 12
0 58 5 32 5 30 3 13
1 55 6 45 6 45 2 14
0 10 5 31 6 35 3 15
0 42 6 41 6 43 5 16
1 139 5 40 6 38 1 17
0 109 5 43 6 39 3 18
1 96 6 40 6 40 3 19
0 42 6 36 6 40 3 20
1 139 6 43 6 35 2 21
1 128 6 35 6 39 1 22
1 87 5 46 6 47 1 23
1 112 6 42 6 38 2 24
1 85 6 41 6 42 1 25
1 47 6 42 6 42 4 26
1 69 6 39 5 40 6 27
0 106 5 44 5 42 3 28
0 62 6 37 6 35 3 29
1 90 5 42 6 30 2 30
0 83 6 34 6 43 3 31
0 95 6 42 6 39 3 32
1 99 6 39 6 35 1 33
1 122 5 48 6 34 1 34
0 138 6 44 3 33 3 35
0 46 6 37 6 42 3 36
0 106 6 36 5 44 3 37
0 64 5 49 6 43 3 38
0 47 5 42 5 42 3 39
0 10 6 48 5 48 6 40
1 80 6 41 6 33 2 41
1 116 5 42 6 35 1 42
1 88 6 40 5 35 2 43
1 112 5 49 6 45 6 44
1 10 5 45 5 44 1 45
0 101 6 38 6 35 4 46
1 75 5 31 5 32 2 47
1 138 6 35 5 64 1 48
1 86 6 37 5 41 1 49
0 64 6 38 5 40 3 50
0 138 6 33 6 37 3 51
1 122 6 32 6 42 1 52
1 128 6 33 5 32 5 53
0 42 6 34 6 34 6 54
1 101 6 35 6 37 1 55
1 85 3 19 4 34 5 56
1 112 6 44 6 43 3 57
1 71 6 43 6 42 1 58
1 133 6 44 6 42 1 59
0 126 6 38 5 43 3 60
1 44 6 40 6 38 1 61
0 32 6 40 5 49 3 62
1 141 6 38 6 41 2 63
0 65 4 34 5 39 3 64
0 120 5 40 5 41 3 65
1 68 6 39 6 43 2 66
0 69 6 42 6 35 3 67
1 128 6 47 5 42 1 68
1 101 5 40 6 47 5 69
1 46 6 39 5 48 1 70
0 21 5 43 5 45 3 71
1 122 6 33 6 38 1 72
0 42 6 38 6 46 3 73
1 69 6 38 6 41 1 74
1 32 6 42 6 40 5 75
1 58 6 39 6 33 1 76
0 55 6 32 6 34 3 77
0 85 5 44 5 45 3 78
1 9 6 43 6 41 1 79
0 96 6 38 6 37 5 80
0 53 5 41 6 34 6 81
1 66 6 49 6 44 1 82
1 138 6 33 6 32 1 83
0 26 5 33 6 37 3 84
1 134 6 33 6 31 1 85
1 97 5 50 6 44 1 86
1 108 6 37 6 35 1 87
0 107 6 44 6 41 4 88
1 76 5 45 5 41 1 89
1 117 6 41 6 38 1 90
1 74 6 40 6 36 2 91
1 74 6 37 6 38 6 92
1 106 6 37 6 37 1 93
0 74 6 43 6 34 3 94
0 112 6 36 6 39 5 95
0 102 6 38 5 56 3 96
1 136 6 45 5 46 2 97
1 119 6 37 6 39 1 98
1 122 6 32 6 37 1 99
