0 56 6 36 6 35 3 0
1 48 6 34 6 36 5 1
1 106 5 41 6 41 1 2
1 128 6 35 6 39 1 3
1 85 5 44 6 40 1 4
0 74 5 32 5 34 3 5
0 58 6 35 5 32 3 6
0 117 6 38 5 41 3 7
1 81 6 37 5 44 2 8
1 136 6 35 5 59 1 9
1 40 6 39 6 40 1 10
1 85 5 45 5 49 6 11
0 74 6 38 6 35 3 12
0 58 5 32 5 30 3 13
1 55 6 45 6 45 2 14
0 10 5 31 6 35 3 15
0 42 6 41 6 43 5 16
1 139 5 40 6 38 1 17
0 109 5 43 6 39 3 18
1 96 6 40 6 40 3 19
0 42 6 36 6 40 3 20
1 139 6 43 6 35 2 21
1 128 6 35 6 39 1 22
1 87 5 46 6 47 1 23
1 112 6 42 6 38 2 24
1 85 6 41 6 42 1 25
1 47 6 42 6 42 4 26
1 69 6 39 5 40 6 27
0 106 5 44 5 42 3 28
0 62 6 37 6 35 3 29
1 90 5 42 6 30 2 30
0 83 6 34 6 43 3 31
0 95 6 42 6 39 3 32
1 99 6 39 6 35 1 33
1 122 5 48 6 34 1 34
0 138 6 44 3 33 3 35
0 46 6 37 6 42 3 36
0 106 6 36 5 44 3 37
0 64 5 49 6 43 3 38
0 47 5 42 5 42 3 39
0 10 6 48 5 48 6 40
1 80 6 41 6 33 2 41
1 116 5 42 6 35 1 42
1 88 6 40 5 35 2 43
1 112 5 49 6 45 6 44
1 10 5 45 5 44 1 45
0 101 6 38 6 35 4 46
1 75 5 31 5 32 2 47
1 138 6 35 5 64 1 48
1 86 6 37 5 41 1 49
0 64 6 38 5 40 3 50
0 138 6 33 6 37 3 51
1 122 6 32 6 42 1 52
1 128 6 33 5 32 5 53
0 42 6 34 6 34 6 54
1 101 6 35 6 37 1 55
1 85 3 19 4 34 5 56
1 112 6 44 6 43 3 57
1 71 6 43 6 42 1 58
1 133 6 44 6 42 1 59
0 126 6 38 5 43 3 60
1 44 6 40 6 38 1 61
0 32 6 40 5 49 3 62
1 141 6 38 6 41 2 63
0 65 4 34 5 39 3 64
0 120 5 40 5 41 3 65
1 68 6 39 6 43 2 66
0 69 6 42 6 35 3 67
1 128 6 47 5 42 1 68
1 101 5 40 6 47 5 69
1 46 6 39 5 48 1 70
0 21 5 43 5 45 3 71
1 122 6 33 6 38 1 72
0 42 6 38 6 46 3 73
1 69 6 38 6 41 1 74
1 32 6 42 6 40 5 75
1 58 6 39 6 33 1 76
0 55 6 32 6 34 3 77
0 85 5 44 5 45 3 78
1 9 6 43 6 41 1 79
0 96 6 38 6 37 5 80
0 53 5 41 6 34 6 81
1 66 6 49 6 44 1 82
1 138 6 33 6 32 1 83
0 26 5 33 6 37 3 84
1 134 6 33 6 31 1 85
1 97 5 50 6 44 1 86
1 108 6 37 6 35 1 87
0 107 6 44 6 41 4 88
1 76 5 45 5 41 1 89
1 117 6 41 6 38 1 90
1 74 6 40 6 36 2 91
1 74 6 37 6 38 6 92
1 106 6 37 6 37 1 93
0 74 6 43 6 34 3 94
0 112 6 36 6 39 5 95
0 102 6 38 5 56 3 96
1 136 6 45 5 46 2 97
1 119 6 37 6 39 1 98
1 122 6 32 6 37 1 99
0 15 6 40 5 44 3 100
1 138 6 49 6 47 4 101
1 103 6 25 5 26 2 102
0 87 5 40 6 38 3 103
1 138 6 24 5 32 1 104
0 126 6 36 6 40 3 105
1 58 6 34 6 34 3 106
1 138 5 43 5 42 2 107
0 64 6 38 6 34 6 108
0 17 6 38 6 41 3 109
1 26 6 39 6 36 1 110
1 101 5 43 5 44 3 111
1 85 6 43 6 35 1 112
1 64 6 34 5 43 3 113
1 80 6 40 6 38 2 114
1 16 6 41 6 40 1 115
1 106 6 35 5 24 3 116
1 74 5 50 5 49 1 117
1 45 6 41 6 39 2 118
1 48 6 35 6 39 2 119
1 12 6 38 6 36 4 120
0 70 6 43 6 36 3 121
0 44 5 43 6 47 3 122
1 138 6 39 5 29 1 123
1 32 6 36 6 32 1 124
1 112 6 42 5 42 1 125
1 32 6 38 6 40 5 126
1 141 6 35 6 42 1 127
1 53 5 40 5 44 1 128
0 39 6 46 5 44 4 129
1 96 5 44 6 39 1 130
0 42 5 38 5 33 3 131
0 37 6 40 6 37 3 132
0 138 5 43 5 43 3 133
0 112 6 41 5 48 3 134
1 48 6 37 6 38 3 135
1 101 6 36 6 38 2 136
1 69 5 45 6 39 1 137
1 37 6 37 6 41 5 138
0 53 6 39 5 44 3 139
0 3 6 40 5 40 3 140
1 128 5 40 5 42 1 141
0 87 6 40 6 42 3 142
1 96 6 38 6 36 1 143
1 122 6 44 5 42 1 144
1 61 6 32 6 36 2 145
1 122 6 43 6 35 6 146
1 58 6 41 6 42 5 147
0 112 5 26 5 25 3 148
1 138 6 41 6 39 1 149
1 131 6 40 6 38 1 150
0 143 6 40 6 38 3 151
0 128 6 34 6 40 3 152
1 136 6 37 6 35 1 153
1 122 6 47 5 54 1 154
0 104 6 34 6 33 3 155
0 48 5 32 5 34 3 156
1 59 5 44 5 45 2 157
0 106 6 42 5 42 3 158
0 122 6 44 6 45 3 159
1 32 5 46 6 45 5 160
1 53 6 32 6 34 3 161
1 43 6 40 6 39 4 162
1 58 6 37 5 39 1 163
1 58 6 39 6 36 1 164
1 100 5 41 6 39 1 165
0 21 6 34 5 44 3 166
1 96 6 38 5 46 1 167
0 96 6 40 6 43 3 168
1 85 6 37 6 36 2 169
1 122 6 34 6 39 4 170
0 64 6 39 5 50 3 171
1 101 6 37 5 51 1 172
1 58 6 36 6 39 1 173
0 16 6 48 5 41 6 174
1 96 5 48 5 50 1 175
1 28 6 38 6 34 1 176
0 74 5 45 5 43 3 177
1 129 6 48 6 45 4 178
0 58 6 35 6 33 3 179
1 80 6 36 6 41 1 180
1 81 6 37 6 39 2 181
0 75 6 37 6 42 3 182
1 117 6 36 6 38 1 183
0 85 6 45 6 43 3 184
0 80 5 44 5 45 3 185
0 47 6 31 6 31 3 186
0 122 6 43 5 26 3 187
1 10 6 31 6 31 1 188
1 92 6 39 6 34 1 189
0 48 5 43 5 45 3 190
1 48 6 42 6 36 1 191
0 16 5 33 5 31 4 192
1 138 6 39 6 39 2 193
1 90 6 34 6 33 1 194
0 141 6 38 6 34 4 195
0 58 6 48 6 40 3 196
0 96 6 44 5 51 3 197
1 53 6 39 6 42 1 198
1 115 6 43 6 47 3 199
0 54 6 42 4 53 3 200
0 39 6 38 6 32 3 201
1 74 6 42 6 40 1 202
1 16 5 41 6 36 6 203
0 69 5 47 6 45 3 204
1 37 6 42 6 35 1 205
0 128 6 38 5 39 3 206
0 138 6 41 6 39 3 207
0 35 5 44 6 41 3 208
0 90 6 36 5 43 3 209
0 79 6 38 6 34 3 210
1 29 6 40 6 42 3 211
0 64 5 45 5 42 3 212
1 106 6 36 6 35 3 213
0 26 6 38 5 26 3 214
1 126 6 39 5 44 2 215
1 113 5 40 6 40 1 216
0 122 6 42 5 43 3 217
1 96 6 37 5 47 3 218
0 138 5 42 6 39 3 219
0 112 6 38 6 36 3 220
1 58 6 37 6 43 1 221
0 67 6 37 6 39 3 222
0 74 6 40 6 38 3 223
1 21 6 36 6 39 2 224
1 21 5 47 5 48 3 225
0 42 6 39 6 24 3 226
1 138 6 41 6 38 1 227
1 122 5 48 5 48 2 228
0 10 6 33 6 27 3 229
1 66 6 43 5 44 1 230
1 136 6 42 5 43 1 231
1 133 5 41 5 42 1 232
0 53 6 43 6 40 4 233
1 122 6 40 6 36 2 234
1 80 5 45 6 40 1 235
0 87 6 45 6 36 3 236
0 37 6 37 6 38 4 237
1 114 6 47 5 40 1 238
0 106 6 41 6 47 4 239
0 48 6 39 5 58 3 240
1 58 6 33 6 38 1 241
1 122 6 26 6 26 5 242
1 93 5 42 5 44 1 243
0 133 5 41 6 45 3 244
0 133 6 37 4 40 3 245
0 32 5 40 5 40 3 246
1 106 6 46 6 44 6 247
0 86 6 33 5 49 3 248
0 128 6 43 6 30 3 249
1 133 5 44 6 44 2 250
1 80 6 38 6 27 1 251
1 112 6 39 6 36 2 252
0 53 6 28 5 19 3 253
1 77 6 38 5 45 1 254
0 132 6 44 6 41 3 255
1 69 6 39 5 42 1 256
1 57 6 40 5 40 1 257
0 69 6 36 5 60 3 258
0 91 6 27 6 26 3 259
0 122 5 49 5 40 3 260
0 102 6 49 6 46 3 261
1 65 6 35 6 37 1 262
1 138 6 39 6 38 2 263
0 98 5 46 6 39 3 264
1 132 6 38 6 41 2 265
0 32 6 41 6 39 3 266
0 64 6 43 6 38 3 267
0 122 6 46 5 56 3 268
1 101 6 37 6 36 5 269
0 37 6 38 6 38 3 270
0 39 6 37 6 37 3 271
1 112 6 43 6 42 1 272
0 124 6 35 6 28 3 273
1 74 6 44 5 43 1 274
0 78 6 38 6 36 3 275
0 137 5 44 5 44 3 276
1 113 6 35 6 31 4 277
0 26 5 33 6 20 6 278
1 100 6 34 6 33 3 279
0 21 6 38 6 37 3 280
0 32 6 40 6 40 3 281
0 141 5 46 6 45 3 282
1 42 6 37 6 34 1 283
1 74 6 39 5 44 1 284
1 80 5 37 6 36 1 285
0 77 6 41 6 38 3 286
0 85 6 36 6 35 3 287
1 17 6 36 5 43 1 288
1 58 6 42 6 33 1 289
0 143 6 36 6 34 3 290
1 36 6 35 6 24 2 291
1 90 5 47 5 59 2 292
0 101 6 43 6 43 3 293
0 58 5 38 6 38 3 294
0 107 6 34 6 36 3 295
0 105 5 49 6 38 3 296
0 138 5 40 5 42 4 297
1 53 6 36 6 40 1 298
0 113 6 37 6 39 3 299
1 10 5 39 5 42 1 300
1 128 6 43 6 37 3 301
1 26 6 38 5 42 1 302
0 87 6 39 6 34 3 303
1 69 6 40 6 46 1 304
0 92 5 41 6 46 3 305
0 85 6 37 6 34 3 306
1 101 6 41 5 50 2 307
0 64 6 35 6 39 5 308
0 11 6 40 6 46 3 309
1 42 5 43 5 44 1 310
0 122 5 47 5 51 3 311
0 76 6 34 6 42 3 312
1 131 5 40 5 43 1 313
0 84 6 33 6 38 3 314
1 140 5 51 6 42 3 315
0 64 6 34 6 36 5 316
0 117 6 35 5 46 3 317
1 31 6 43 6 34 3 318
0 64 6 39 6 37 3 319
1 50 6 37 6 35 1 320
1 64 6 36 6 31 6 321
1 117 6 46 6 37 1 322
1 138 6 36 6 35 1 323
0 59 5 44 6 31 3 324
0 124 6 39 5 28 3 325
1 117 6 37 6 41 1 326
0 48 6 40 6 34 3 327
1 13 6 36 4 40 1 328
1 21 6 38 6 42 6 329
1 138 6 33 6 40 1 330
1 39 5 26 5 27 1 331
1 58 6 36 6 36 1 332
1 109 6 35 6 35 2 333
0 128 6 38 6 38 3 334
0 121 5 45 6 45 3 335
0 131 6 35 5 44 3 336
1 81 6 43 6 36 2 337
1 47 6 35 6 35 1 338
0 115 6 43 6 40 3 339
0 21 6 35 5 44 6 340
1 128 5 44 6 44 1 341
1 75 6 33 6 33 1 342
0 26 6 35 5 9 3 343
0 101 6 39 6 37 3 344
0 64 6 38 6 40 3 345
0 74 6 40 6 31 3 346
1 127 5 31 6 33 3 347
1 133 5 46 5 48 1 348
1 65 6 41 6 34 1 349
1 126 5 49 5 61 3 350
0 64 6 38 6 41 3 351
0 32 6 42 5 40 3 352
0 84 6 38 5 63 3 353
0 10 5 43 5 43 3 354
1 80 6 37 6 41 1 355
0 95 6 39 6 39 3 356
1 142 6 45 5 46 2 357
1 112 5 45 5 55 3 358
1 85 6 48 5 54 1 359
0 133 5 48 5 51 3 360
1 54 6 33 6 40 2 361
1 30 6 43 6 35 1 362
1 53 5 38 5 52 1 363
0 78 6 35 6 36 3 364
0 101 6 40 6 46 3 365
0 54 6 42 5 42 3 366
0 69 6 31 6 34 3 367
0 108 6 43 6 42 3 368
0 48 6 40 4 43 3 369
1 82 6 39 5 44 2 370
1 117 5 46 5 41 1 371
0 64 6 38 6 39 5 372
1 91 5 41 6 37 1 373
1 120 5 42 6 37 1 374
0 130 6 38 6 39 3 375
0 83 6 40 6 29 3 376
1 106 6 33 5 33 1 377
1 122 6 34 6 34 1 378
0 70 6 42 6 32 3 379
1 87 5 44 6 33 2 380
1 86 6 27 6 38 1 381
1 100 6 39 6 36 1 382
0 132 5 33 6 37 3 383
1 112 5 34 5 35 1 384
0 117 6 34 6 33 3 385
0 96 6 39 6 39 4 386
0 104 5 45 6 39 3 387
1 7 5 41 5 47 3 388
0 122 6 38 5 42 3 389
1 65 5 43 6 35 1 390
1 26 6 38 6 23 1 391
1 142 6 44 6 46 4 392
1 0 6 37 6 37 1 393
1 89 6 35 5 45 1 394
0 106 6 34 5 33 3 395
0 104 6 41 6 35 3 396
1 69 6 40 6 38 1 397
1 101 6 45 5 42 2 398
1 48 6 36 6 37 1 399
0 53 6 37 5 49 3 400
0 21 6 40 5 40 3 401
1 42 6 37 6 42 2 402
1 143 6 40 5 43 1 403
1 51 6 36 5 40 2 404
1 62 6 41 6 38 1 405
0 10 6 33 6 26 3 406
0 8 6 38 6 39 3 407
1 64 6 37 6 35 6 408
0 73 6 43 5 43 3 409
0 18 5 41 5 41 3 410
1 21 6 42 6 37 1 411
0 106 6 37 6 40 3 412
1 136 5 42 5 41 1 413
0 88 6 38 5 43 3 414
1 133 6 37 6 31 1 415
0 137 6 34 6 35 3 416
0 42 6 37 5 32 3 417
1 128 6 36 6 38 5 418
1 97 6 40 6 37 2 419
1 103 6 38 5 44 1 420
1 75 6 41 5 40 2 421
1 54 6 49 6 46 4 422
1 117 6 42 6 39 1 423
1 133 6 38 5 43 1 424
0 80 6 42 6 45 3 425
1 101 6 39 6 43 1 426
0 25 5 43 5 44 3 427
0 134 6 34 6 44 3 428
0 133 6 39 6 35 3 429
1 43 6 38 6 40 1 430
0 41 5 47 5 49 3 431
0 5 6 33 5 44 3 432
1 53 5 40 5 43 1 433
1 117 5 43 6 39 6 434
1 32 6 35 6 29 1 435
0 101 6 34 5 41 3 436
1 7 5 45 5 48 1 437
1 90 6 41 6 39 1 438
1 101 5 43 5 38 2 439
0 133 6 32 6 40 6 440
0 112 5 44 6 45 3 441
1 69 5 44 5 40 1 442
1 42 6 39 6 44 1 443
0 85 6 35 6 33 5 444
0 69 6 43 6 40 3 445
0 61 6 46 6 44 3 446
0 132 5 48 5 46 3 447
1 100 6 33 5 28 1 448
0 52 6 46 6 36 3 449
1 100 5 43 5 42 1 450
1 61 6 37 6 45 1 451
0 91 6 41 5 46 3 452
0 77 6 35 6 35 3 453
1 109 6 36 6 34 1 454
1 48 6 42 6 39 1 455
1 25 6 42 5 43 2 456
0 138 6 35 5 44 3 457
0 101 5 43 5 45 3 458
1 32 6 38 6 39 1 459
0 85 5 45 6 46 3 460
1 42 6 42 6 41 1 461
0 48 5 43 6 44 3 462
1 26 6 38 6 39 1 463
0 128 6 40 5 45 4 464
1 69 6 39 5 44 1 465
0 99 6 43 6 37 3 466
1 90 6 37 6 39 3 467
1 137 6 39 6 39 1 468
0 85 6 35 6 39 3 469
0 33 6 37 6 39 3 470
0 64 6 38 6 29 3 471
0 53 6 34 5 42 3 472
0 128 6 40 5 41 3 473
1 34 6 35 6 33 1 474
1 101 6 37 6 37 1 475
0 48 4 44 4 35 3 476
1 106 6 42 6 41 1 477
1 22 6 42 6 40 1 478
1 69 6 46 6 40 1 479
0 74 5 44 6 30 3 480
1 90 6 40 6 40 1 481
0 71 6 39 6 39 3 482
1 128 6 35 5 33 2 483
1 53 6 37 5 38 1 484
0 138 6 37 6 34 3 485
0 132 6 26 6 28 3 486
1 37 6 38 6 41 6 487
1 137 6 33 5 40 2 488
1 143 6 38 6 31 2 489
0 42 6 40 6 36 5 490
0 97 6 43 5 46 3 491
0 69 6 43 6 39 6 492
1 58 6 35 6 39 1 493
0 37 6 38 6 35 3 494
0 106 6 33 6 43 5 495
0 90 6 34 6 38 3 496
1 37 6 40 6 34 1 497
0 85 6 36 6 33 3 498
1 122 5 32 6 35 1 499
0 141 5 32 6 39 3 500
1 40 6 38 6 37 2 501
0 117 6 33 6 40 3 502
0 128 6 38 5 42 3 503
0 85 6 34 5 52 3 504
0 129 6 41 5 47 3 505
1 122 6 33 6 38 1 506
0 103 3 19 5 32 3 507
1 138 4 34 4 30 1 508
1 64 6 37 6 36 1 509
0 52 6 35 6 37 3 510
1 124 3 20 3 32 1 511
0 85 6 42 6 36 3 512
1 90 6 35 6 40 2 513
1 58 6 38 5 43 1 514
1 32 6 37 5 44 5 515
1 69 6 39 6 39 3 516
0 58 6 39 6 35 3 517
0 96 6 39 6 37 5 518
1 53 6 42 5 42 6 519
0 22 6 36 5 46 3 520
0 61 6 42 6 39 3 521
1 71 5 45 5 55 2 522
1 50 6 40 6 40 2 523
0 71 6 39 6 24 3 524
0 143 6 38 6 35 3 525
1 80 6 40 6 35 5 526
0 142 6 41 6 36 3 527
0 122 6 39 5 42 3 528
1 120 5 33 5 36 2 529
0 106 6 42 6 39 3 530
0 36 6 31 5 43 3 531
0 53 6 38 5 25 3 532
1 117 6 35 6 41 1 533
0 18 6 48 6 46 3 534
0 74 6 35 6 35 3 535
0 138 5 43 5 44 3 536
0 115 6 39 6 42 3 537
0 58 6 37 6 35 3 538
0 80 5 42 5 29 3 539
1 36 6 38 5 28 1 540
1 132 6 41 6 38 1 541
1 128 6 39 6 39 5 542
1 122 6 44 5 44 1 543
0 133 6 33 6 36 4 544
0 83 6 35 5 44 3 545
0 64 6 38 6 37 3 546
1 117 6 39 6 42 1 547
0 52 6 40 6 37 3 548
0 96 5 45 6 36 3 549
1 122 5 49 5 42 1 550
1 26 6 36 6 41 2 551
1 16 6 36 6 41 1 552
0 95 6 34 5 33 4 553
1 117 5 43 5 46 1 554
0 42 5 46 6 43 3 555
0 14 6 42 6 37 3 556
0 69 5 46 6 45 3 557
1 74 5 40 6 35 3 558
0 64 6 30 5 44 3 559
0 96 6 37 5 48 6 560
0 112 5 41 5 41 3 561
0 128 5 41 5 44 3 562
0 81 6 33 5 43 3 563
0 128 6 41 6 41 3 564
1 19 6 41 6 38 1 565
1 69 5 42 5 40 6 566
0 71 6 42 6 41 3 567
0 51 5 32 5 30 3 568
1 80 6 34 5 40 1 569
0 75 6 40 6 38 3 570
1 110 6 33 6 37 2 571
1 58 6 38 5 18 3 572
0 128 6 31 5 45 6 573
1 74 6 41 6 47 6 574
0 82 5 46 5 55 3 575
0 128 5 49 6 37 3 576
1 64 6 46 6 46 1 577
1 83 6 27 5 34 1 578
1 125 5 42 6 41 1 579
1 92 6 41 6 31 1 580
0 121 6 42 6 42 3 581
1 122 6 37 6 39 2 582
1 85 5 45 6 35 1 583
1 64 6 38 6 39 1 584
1 34 6 37 6 44 1 585
1 90 6 40 4 38 4 586
1 56 6 40 6 36 1 587
1 48 6 38 5 38 1 588
1 80 6 42 6 45 1 589
0 96 6 45 6 44 3 590
0 90 6 41 5 41 3 591
0 139 6 38 6 39 3 592
0 37 6 36 6 41 3 593
0 69 6 37 6 38 3 594
0 72 6 40 6 38 3 595
0 69 6 40 6 35 6 596
0 90 6 34 6 38 3 597
0 117 6 36 6 36 3 598
0 58 5 44 5 45 3 599
0 96 6 35 6 41 3 600
1 117 6 42 6 34 1 601
0 115 6 44 6 46 3 602
0 122 6 33 6 29 3 603
1 143 6 38 6 34 2 604
1 60 5 35 6 27 1 605
1 112 6 35 6 37 1 606
1 130 6 34 6 35 2 607
0 96 6 32 6 34 3 608
1 106 6 41 6 34 1 609
1 72 5 41 6 33 1 610
0 68 6 37 6 37 3 611
1 42 6 41 6 35 2 612
1 128 6 38 5 51 1 613
1 91 6 39 6 38 2 614
1 98 6 43 6 42 1 615
1 120 6 39 6 34 1 616
0 43 5 52 5 52 3 617
0 112 6 34 6 41 3 618
0 133 6 47 5 48 3 619
0 58 5 49 6 37 3 620
0 42 6 35 6 39 3 621
1 100 3 19 5 38 2 622
0 21 6 37 6 35 3 623
0 96 6 39 6 39 3 624
1 138 5 44 5 41 1 625
1 128 6 36 6 34 1 626
0 140 6 39 6 37 3 627
0 122 6 45 6 40 3 628
0 32 6 35 6 37 6 629
0 112 6 33 5 33 3 630
0 117 5 44 6 34 3 631
1 80 6 28 5 40 6 632
1 58 6 35 6 33 1 633
1 93 6 46 6 44 4 634
0 142 6 41 6 42 3 635
1 143 5 44 6 44 1 636
0 53 6 40 6 34 3 637
1 90 6 39 6 36 1 638
1 101 6 40 6 39 1 639
1 24 6 34 6 44 1 640
0 50 5 42 6 36 3 641
1 32 6 37 6 42 1 642
0 53 6 38 6 39 3 643
1 104 5 44 5 43 2 644
0 112 6 38 5 33 3 645
1 103 6 37 4 58 1 646
0 48 6 35 6 32 6 647
1 133 6 39 6 24 1 648
0 90 6 39 6 42 3 649
0 85 5 48 6 34 3 650
1 133 5 45 5 44 1 651
1 85 6 37 5 42 1 652
1 50 5 30 5 31 1 653
0 42 6 34 6 38 3 654
0 33 6 30 6 35 3 655
1 69 6 38 6 40 1 656
0 32 6 38 6 38 6 657
0 39 6 44 6 43 3 658
1 138 5 43 6 38 4 659
0 47 6 34 6 37 3 660
0 90 6 41 6 42 3 661
0 142 5 43 5 42 3 662
0 77 6 38 6 38 3 663
0 101 6 33 5 30 5 664
1 91 6 40 6 43 1 665
1 42 6 38 6 38 1 666
0 30 6 36 6 38 3 667
0 90 6 37 6 39 3 668
1 90 6 43 6 40 1 669
0 117 6 34 6 35 3 670
1 64 6 41 6 20 1 671
0 64 6 25 6 22 3 672
0 133 6 35 6 37 3 673
1 69 6 41 6 40 2 674
1 112 6 42 6 43 1 675
0 122 6 39 6 36 3 676
0 74 5 49 6 47 3 677
1 128 6 41 6 39 1 678
1 14 6 34 6 35 1 679
1 143 6 40 5 44 3 680
0 27 6 43 6 39 3 681
0 67 5 43 5 46 3 682
0 96 6 43 6 43 3 683
1 116 5 44 6 41 2 684
1 74 6 42 5 40 1 685
0 45 5 43 5 45 3 686
1 100 5 46 6 48 4 687
1 133 6 45 5 47 1 688
1 34 6 36 5 40 1 689
0 17 6 36 6 39 3 690
0 48 5 43 5 45 3 691
0 138 6 37 6 36 5 692
0 46 6 35 6 37 3 693
1 133 6 37 6 39 1 694
1 64 6 39 6 35 2 695
1 120 6 43 6 34 1 696
0 90 5 48 5 50 3 697
1 74 6 39 6 34 1 698
1 85 6 35 5 43 5 699
0 50 6 48 6 43 3 700
0 133 6 34 6 35 3 701
1 143 5 44 6 29 2 702
1 57 5 47 4 39 1 703
0 112 5 43 6 39 3 704
1 99 6 38 6 42 3 705
1 58 6 41 6 42 1 706
1 105 6 45 6 44 2 707
0 74 6 42 5 44 5 708
0 89 6 35 5 31 3 709
0 92 6 37 6 41 3 710
0 122 6 31 6 39 3 711
1 48 5 48 5 48 1 712
1 129 6 41 6 41 1 713
1 85 6 35 5 45 4 714
1 37 5 50 5 49 6 715
1 138 6 47 6 43 3 716
0 117 6 37 6 38 3 717
1 58 6 35 6 34 1 718
1 79 5 33 5 31 1 719
1 53 6 39 5 47 4 720
0 42 6 39 6 37 3 721
0 53 6 40 5 32 5 722
1 85 5 44 5 43 1 723
0 16 5 43 6 42 3 724
1 75 6 34 6 38 1 725
0 113 6 28 5 27 3 726
1 64 6 38 5 41 3 727
0 80 6 47 6 34 3 728
1 44 6 28 5 43 1 729
1 141 6 41 6 45 1 730
0 32 5 43 5 43 3 731
1 58 6 40 6 38 1 732
1 36 6 38 6 38 1 733
0 80 3 20 6 44 3 734
1 138 6 38 6 42 1 735
0 87 6 34 6 35 3 736
1 58 5 43 5 54 6 737
1 88 6 44 5 45 1 738
0 85 4 44 5 39 3 739
0 74 5 41 6 42 3 740
0 122 6 35 5 44 3 741
0 101 6 35 6 35 3 742
0 46 6 42 6 39 3 743
0 117 6 34 6 37 5 744
0 5 6 43 5 44 3 745
1 71 6 35 6 38 3 746
0 65 6 43 6 37 3 747
1 96 6 44 6 35 2 748
0 96 6 38 6 37 3 749
1 53 6 40 6 36 5 750
1 121 5 41 5 44 2 751
0 80 5 48 6 45 5 752
0 102 4 43 4 43 3 753
0 133 5 45 5 43 3 754
1 103 5 42 5 45 1 755
1 120 6 38 5 41 1 756
0 32 6 30 5 38 3 757
1 141 6 44 6 25 2 758
0 118 6 39 5 40 3 759
1 32 6 38 6 38 2 760
1 58 6 34 6 40 1 761
0 128 6 45 5 49 3 762
1 128 6 38 6 39 1 763
0 37 5 40 5 38 3 764
0 85 6 37 6 38 5 765
0 122 6 34 6 37 3 766
1 122 6 42 5 44 1 767
0 69 6 38 5 43 5 768
1 43 6 34 6 33 1 769
1 64 6 43 6 47 1 770
1 139 3 19 5 28 1 771
0 137 6 28 5 33 3 772
0 102 6 47 6 44 3 773
1 19 6 37 6 36 1 774
1 90 6 41 6 38 4 775
1 48 6 34 6 37 1 776
0 16 6 34 6 37 3 777
0 128 6 38 6 38 3 778
0 96 6 34 6 38 5 779
1 106 6 40 6 44 1 780
1 42 6 38 6 44 1 781
1 80 6 29 6 41 1 782
1 21 6 39 6 41 1 783
0 37 6 38 5 41 6 784
1 101 6 40 5 41 6 785
1 111 6 36 5 41 1 786
0 74 6 25 6 34 4 787
0 84 5 45 6 39 3 788
0 44 6 40 6 37 3 789
1 105 5 46 6 47 1 790
0 116 6 47 5 44 3 791
1 90 6 33 6 32 5 792
0 134 6 43 6 45 4 793
0 107 6 36 5 54 3 794
0 101 6 35 6 38 3 795
0 53 6 38 6 30 3 796
1 101 6 35 6 35 1 797
1 58 6 36 6 36 6 798
1 111 6 39 6 34 1 799
0 131 6 33 6 31 3 800
0 90 6 41 6 44 3 801
0 74 5 43 6 38 3 802
0 130 6 38 5 49 3 803
1 53 5 46 5 45 1 804
0 141 6 35 6 39 3 805
0 64 5 43 5 43 3 806
0 37 6 35 6 39 3 807
0 98 6 38 6 36 3 808
1 118 6 34 6 36 1 809
1 89 6 42 6 38 1 810
1 62 6 46 6 47 1 811
1 92 6 46 6 46 1 812
0 90 6 45 5 43 3 813
1 103 6 34 6 30 3 814
0 128 6 38 6 38 3 815
0 61 6 37 6 38 3 816
0 106 6 44 6 41 3 817
0 69 5 53 5 53 5 818
1 32 6 41 6 39 3 819
1 78 6 34 6 39 1 820
1 10 4 43 6 24 5 821
1 84 6 34 6 42 2 822
0 64 5 45 5 40 3 823
1 128 6 36 5 47 2 824
1 110 6 38 5 42 1 825
1 136 6 34 6 39 1 826
1 53 6 40 6 38 1 827
0 58 6 33 6 36 5 828
0 122 5 29 6 37 3 829
0 137 5 34 5 29 3 830
0 79 6 39 6 32 3 831
0 66 6 46 6 39 3 832
1 128 6 40 6 32 1 833
0 85 6 33 6 37 3 834
1 112 5 25 5 44 1 835
1 132 6 34 6 31 2 836
0 78 6 36 6 32 3 837
0 90 6 33 6 34 3 838
0 112 6 41 6 45 3 839
0 37 5 48 5 48 3 840
1 57 6 38 5 44 1 841
1 110 6 34 6 39 1 842
0 133 6 42 5 48 5 843
0 58 6 38 6 23 5 844
0 39 6 42 6 46 3 845
0 32 6 35 6 37 3 846
0 85 6 38 5 33 3 847
0 138 6 39 5 40 4 848
0 96 5 49 6 45 6 849
1 58 6 32 6 34 1 850
1 48 6 39 6 41 5 851
0 37 6 46 5 46 3 852
1 136 5 44 6 48 3 853
0 101 6 45 5 46 3 854
0 128 5 43 6 47 6 855
1 85 5 33 5 30 1 856
1 85 5 45 6 33 6 857
1 77 6 42 6 48 1 858
1 36 6 43 6 40 1 859
1 69 5 44 5 41 1 860
1 13 6 27 6 29 1 861
1 40 6 40 5 38 1 862
1 109 6 36 6 35 1 863
0 106 6 36 5 51 3 864
0 111 6 42 6 41 3 865
0 26 5 43 6 41 3 866
0 99 6 38 6 43 3 867
0 122 6 41 6 38 3 868
1 138 6 38 6 34 1 869
0 64 6 43 6 42 3 870
1 100 6 40 5 41 4 871
0 64 6 38 5 53 3 872
0 73 5 42 6 40 3 873
1 140 6 42 6 37 1 874
0 101 5 32 6 35 3 875
0 100 4 44 4 38 3 876
0 117 6 39 6 32 5 877
0 111 6 38 6 37 4 878
1 48 6 37 6 39 1 879
1 142 5 41 5 42 2 880
0 1 5 33 5 32 3 881
0 122 6 39 6 38 3 882
1 75 6 34 4 37 3 883
1 80 6 34 6 43 1 884
1 21 6 40 5 38 2 885
0 80 5 42 5 44 3 886
0 116 6 35 5 29 3 887
0 117 6 42 6 35 3 888
1 70 6 36 6 37 4 889
0 106 6 38 6 39 3 890
1 5 6 35 6 38 2 891
0 122 6 27 6 19 3 892
1 45 5 49 5 44 1 893
0 71 5 48 3 41 3 894
1 123 6 45 6 48 1 895
0 133 5 49 5 56 6 896
1 122 6 39 6 35 5 897
0 74 6 36 6 34 3 898
0 122 5 44 6 39 6 899
1 122 6 39 6 39 1 900
0 63 6 34 5 43 3 901
0 122 3 20 5 24 5 902
0 37 6 43 6 24 5 903
1 53 5 29 6 32 1 904
1 59 5 40 5 42 1 905
1 39 6 33 6 27 2 906
0 101 6 37 6 37 3 907
0 122 6 40 6 31 3 908
1 48 5 49 6 45 1 909
0 107 6 37 6 34 3 910
1 53 6 37 6 35 2 911
0 123 5 43 5 43 3 912
0 138 6 39 6 41 3 913
1 21 6 42 6 40 3 914
0 21 6 39 4 40 3 915
0 131 6 31 6 39 3 916
1 138 5 36 6 34 1 917
1 131 6 34 6 42 1 918
1 64 5 45 5 46 2 919
0 90 6 38 6 37 3 920
1 128 6 37 6 27 1 921
0 138 6 39 5 41 5 922
0 64 6 30 6 37 3 923
1 37 6 42 6 38 3 924
1 128 5 44 5 43 1 925
0 133 5 44 6 45 3 926
0 136 6 42 5 46 3 927
0 85 6 43 6 34 4 928
1 68 5 52 5 49 2 929
1 58 6 33 5 29 1 930
1 139 6 43 6 49 1 931
1 48 3 19 6 27 1 932
1 32 6 38 5 42 3 933
0 133 6 39 4 40 3 934
0 21 6 38 6 31 5 935
1 138 6 38 6 27 1 936
1 45 6 37 6 42 1 937
1 122 6 34 5 44 2 938
1 106 6 42 5 52 3 939
1 131 6 38 6 35 4 940
0 131 6 37 6 37 3 941
1 36 6 41 6 35 1 942
1 80 6 37 6 34 2 943
1 99 6 39 6 42 2 944
1 63 5 48 5 48 1 945
1 71 6 38 6 34 4 946
1 64 6 37 6 38 1 947
0 96 6 34 6 34 4 948
1 112 6 38 6 37 4 949
1 42 5 48 6 34 1 950
0 134 6 44 5 44 3 951
1 26 6 36 6 36 1 952
1 105 6 44 6 46 2 953
0 48 6 37 6 38 5 954
0 62 6 36 6 40 3 955
0 106 6 37 6 34 6 956
0 68 5 41 5 41 3 957
1 10 6 36 6 36 1 958
0 37 6 40 6 40 6 959
0 64 6 35 6 34 3 960
1 119 5 33 6 36 1 961
0 101 5 41 5 43 3 962
0 95 6 46 5 40 3 963
0 53 6 36 6 35 3 964
1 51 5 46 5 44 2 965
0 44 5 43 5 42 3 966
0 128 5 45 6 37 6 967
1 58 6 35 6 33 1 968
0 116 6 43 6 35 3 969
1 101 6 46 6 44 1 970
0 69 6 29 5 40 3 971
1 80 6 37 6 39 1 972
1 64 6 36 5 42 1 973
1 48 6 42 6 42 2 974
1 121 6 34 5 31 2 975
1 133 5 42 6 44 1 976
1 82 5 51 6 46 1 977
0 117 6 37 5 45 5 978
1 69 6 36 6 37 5 979
0 112 5 44 5 43 3 980
0 137 6 33 6 36 3 981
0 101 6 35 6 38 3 982
1 90 6 25 6 28 2 983
1 133 6 38 5 41 1 984
1 29 6 35 6 34 2 985
1 96 6 37 6 36 5 986
1 112 6 35 6 36 5 987
1 53 6 39 6 33 1 988
0 60 6 42 6 42 3 989
1 127 6 39 6 40 1 990
1 53 6 41 6 44 1 991
1 138 5 43 5 41 1 992
0 72 6 45 5 50 3 993
1 133 5 46 5 49 1 994
0 113 6 40 5 50 3 995
1 67 6 37 6 42 1 996
1 118 5 45 5 31 1 997
0 42 5 41 5 51 3 998
0 37 6 35 6 34 3 999
